0.00004558 
0.00004552 
0.00004571 
0.00004590 
0.00004587 
0.00004580 
0.00004579 
0.00004585 
0.00004560 
0.00004553 
0.00004561 
0.00004548 
0.00004538 
0.00004556 
0.00004550 
0.00004574 
0.00004601 
0.00004613 
0.00004609 
0.00004585 
0.00004609 
0.00004625 
0.00004625 
0.00004616 
0.00004622 
0.00004626 
0.00004610 
0.00004626 
0.00004617 
0.00004595 
0.00004600 
0.00004610 
0.00004596 
0.00004611 
0.00004639 
0.00004645 
0.00004633 
0.00004636 
0.00004640 
0.00004626 
0.00004616 
0.00004652 
0.00004650 
0.00004654 
0.00004645 
0.00004635 
0.00004629 
0.00004635 
0.00004631 
0.00004618 
0.00004617 
0.00004614 
0.00004618 
0.00004622 
0.00004620 
0.00004611 
0.00004609 
0.00004595 
0.00004595 
0.00004587 
0.00004574 
0.00004585 
0.00004593 
0.00004595 
0.00004595 
0.00004580 
0.00004570 
0.00004561 
0.00004573 
0.00004585 
0.00004560 
0.00004539 
0.00004534 
0.00004541 
0.00004518 
0.00004515 
0.00004503 
0.00004507 
0.00004512 
0.00004521 
0.00004531 
0.00004532 
0.00004530 
0.00004532 
0.00004538 
0.00004557 
0.00004579 
0.00004574 
0.00004571 
0.00004573 
0.00004580 
0.00004581 
0.00004579 
0.00004570 
0.00004565 
0.00004552 
0.00004553 
0.00004550 
0.00004552 
0.00004560 
0.00004571 
0.00004570 
0.00004560 
0.00004557 
0.00004557 
0.00004568 
0.00004592 
0.00004600 
0.00004598 
0.00004619 
0.00004595 
0.00004616 
0.00004640 
0.00004614 
0.00004591 
0.00004597 
0.00004591 
0.00004621 
0.00004653 
0.00004671 
0.00004664 
0.00004670 
0.00004646 
0.00004634 
0.00004619 
0.00004604 
0.00004586 
0.00004576 
0.00004579 
0.00004600 
0.00004589 
0.00004614 
0.00004538 
0.00004535 
0.00004550 
0.00004564 
0.00004490 
0.00004503 
0.00004531 
0.00004509 
0.00004551 
0.00004559 
0.00004608 
0.00004642 
0.00004621 
0.00004617 
0.00004664 
0.00004669 
0.00004670 
0.00004688 
0.00004707 
0.00004720 
0.00004707 
0.00004720 
0.00004704 
0.00004702 
0.00004667 
0.00004670 
0.00004684 
0.00004688 
0.00004693 
0.00004667 
0.00004636 
0.00004646 
0.00004698 
0.00004706 
0.00004700 
0.00004706 
0.00004702 
0.00004687 
0.00004583 
0.00004570 
0.00004579 
0.00004569 
0.00004569 
0.00004547 
0.00004529 
0.00004531 
0.00004538 
0.00004526 
0.00004523 
0.00004468 
0.00004459 
0.00004466 
0.00004467 
0.00004466 
0.00004463 
0.00004465 
0.00004462 
0.00004458 
0.00004448 
0.00004435 
0.00004419 
0.00004415 
0.00004424 
0.00004426 
0.00004439 
0.00004432 
0.00004436 
0.00004449 
0.00004442 
0.00004431 
0.00004436 
0.00004445 
0.00004445 
0.00004454 
0.00004455 
0.00004462 
0.00004473 
0.00004448 
0.00004446 
0.00004444 
0.00004445 
0.00004431 
0.00004436 
0.00004431 
0.00004429 
0.00004430 
0.00004427 
0.00004439 
0.00004424 
0.00004436 
0.00004441 
0.00004444 
0.00004445 
0.00004437 
0.00004429 
0.00004431 
0.00004428 
0.00004405 
0.00004421 
0.00004448 
0.00004450 
0.00004488 
0.00004484 
0.00004519 
0.00004493 
0.00004458 
0.00004473 
0.00004508 
0.00004485 
0.00004476 
0.00004423 
0.00004396 
0.00004388 
0.00004415 
0.00004443 
0.00004406 
0.00004397 
0.00004387 
0.00004368 
0.00004369 
0.00004361 
0.00004353 
0.00004358 
0.00004360 
0.00004368 
0.00004375 
0.00004371 
0.00004370 
0.00004370 
0.00004340 
0.00004344 
0.00004345 
0.00004338 
0.00004340 
0.00004339 
0.00004354 
0.00004369 
0.00004352 
0.00004342 
0.00004344 
0.00004350 
0.00004361 
0.00004356 
0.00004361 
0.00004360 
0.00004362 
0.00004388 
0.00004391 
0.00004369 
0.00004389 
0.00004391 
0.00004388 
0.00004385 
0.00004388 
0.00004395 
0.00004410 
0.00004401 
0.00004399 
0.00004433 
0.00004435 
0.00004382 
0.00004369 
0.00004377 
0.00004378 
0.00004379 
0.00004385 
0.00004386 
0.00004387 
0.00004387 
0.00004400 
0.00004400 
0.00004390 
0.00004415 
0.00004417 
0.00004420 
0.00004459 
0.00004454 
0.00004463 
0.00004466 
0.00004544 
0.00004562 
0.00004564 
0.00004539 
0.00004522 
0.00004511 
0.00004510 
0.00004490 
0.00004460 
0.00004412 
0.00004427 
0.00004426 
0.00004395 
0.00004413 
0.00004431 
0.00004370 
0.00004282 
0.00004294 
0.00004290 
0.00004301 
0.00004314 
0.00004312 
0.00004309 
0.00004329 
0.00004330 
0.00004354 
0.00004367 
0.00004384 
0.00004409 
0.00004423 
0.00004400 
0.00004403 
0.00004409 
0.00004403 
0.00004405 
0.00004407 
0.00004406 
0.00004400 
0.00004427 
0.00004432 
0.00004431 
0.00004419 
0.00004418 
0.00004406 
0.00004374 
0.00004392 
0.00004396 
0.00004389 
0.00004386 
0.00004394 
0.00004388 
0.00004386 
0.00004383 
0.00004386 
0.00004396 
0.00004405 
0.00004410 
0.00004399 
0.00004395 
0.00004415 
0.00004424 
0.00004440 
0.00004448 
0.00004430 
0.00004431 
0.00004430 
0.00004426 
0.00004424 
0.00004424 
0.00004419 
0.00004430 
0.00004424 
0.00004400 
0.00004478 
0.00004479 
0.00004475 
0.00004489 
0.00004484 
0.00004497 
0.00004473 
0.00004458 
0.00004456 
0.00004442 
0.00004447 
0.00004406 
0.00004391 
0.00004356 
0.00004385 
0.00004361 
0.00004351 
0.00004339 
0.00004362 
0.00004349 
0.00004356 
0.00004370 
0.00004388 
0.00004389 
0.00004413 
0.00004425 
0.00004429 
0.00004429 
0.00004434 
0.00004435 
0.00004444 
0.00004439 
0.00004420 
0.00004451 
0.00004460 
0.00004465 
0.00004460 
0.00004525 
0.00004560 
0.00004551 
0.00004560 
0.00004563 
0.00004568 
0.00004558 
0.00004569 
0.00004564 
0.00004568 
0.00004549 
0.00004549 
0.00004535 
0.00004544 
0.00004552 
0.00004555 
0.00004558 
0.00004549 
0.00004558 
0.00004550 
0.00004553 
0.00004530 
0.00004545 
0.00004590 
0.00004588 
0.00004585 
0.00004549 
0.00004521 
0.00004511 
0.00004525 
0.00004529 
0.00004510 
0.00004520 
0.00004529 
0.00004512 
0.00004537 
0.00004545 
0.00004581 
0.00004582 
0.00004580 
0.00004621 
0.00004600 
0.00004599 
0.00004599 
0.00004565 
0.00004570 
0.00004569 
0.00004582 
0.00004589 
0.00004594 
0.00004580 
0.00004576 
0.00004580 
0.00004568 
0.00004575 
0.00004571 
0.00004562 
0.00004561 
0.00004562 
0.00004558 
0.00004552 
0.00004571 
0.00004590 
0.00004587 
0.00004580 
0.00004579 
0.00004585 
0.00004560 
0.00004553 
0.00004561 
0.00004548 
0.00004538 
0.00004556 
0.00004550 
0.00004574 
0.00004601 
0.00004613 
0.00004609 
0.00004585 
0.00004609 
0.00004625 
0.00004625 
0.00004616 
0.00004622 
0.00004626 
0.00004610 
0.00004626 
0.00004617 
0.00004595 
0.00004600 
0.00004610 
0.00004596 
0.00004611 
0.00004639 
0.00004645 
0.00004633 
0.00004636 
0.00004640 
0.00004626 
0.00004616 
0.00004652 
0.00004650 
0.00004654 
0.00004645 
0.00004635 
0.00004629 
0.00004635 
0.00004631 
0.00004618 
0.00004617 
0.00004614 
0.00004618 
0.00004622 
0.00004620 
0.00004611 
0.00004609 
0.00004595 
0.00004595 
0.00004587 
0.00004574 
0.00004585 
0.00004593 
0.00004595 
0.00004595 
0.00004580 
0.00004570 
0.00004561 
0.00004573 
0.00004585 
0.00004560 
0.00004539 
0.00004534 
0.00004541 
0.00004518 
0.00004515 
0.00004503 
0.00004507 
0.00004512 
0.00004521 
0.00004531 
0.00004532 
0.00004530 
0.00004532 
0.00004538 
0.00004557 
0.00004579 
0.00004574 
0.00004571 
0.00004573 
0.00004580 
0.00004581 
0.00004579 
0.00004570 
0.00004565 
0.00004552 
0.00004553 
0.00004550 
0.00004552 
0.00004560 
0.00004571 
0.00004570 
0.00004560 
0.00004557 
0.00004557 
0.00004568 
0.00004592 
0.00004600 
0.00004598 
0.00004619 
0.00004595 
0.00004616 
0.00004640 
0.00004614 
0.00004591 
0.00004597 
0.00004591 
0.00004621 
0.00004653 
0.00004671 
0.00004664 
0.00004670 
0.00004646 
0.00004634 
0.00004619 
0.00004604 
0.00004586 
0.00004576 
0.00004579 
0.00004600 
0.00004589 
0.00004614 
0.00004538 
0.00004535 
0.00004550 
0.00004564 
0.00004490 
0.00004503 
0.00004531 
0.00004509 
0.00004551 
0.00004559 
0.00004608 
0.00004642 
0.00004621 
0.00004617 
0.00004664 
0.00004669 
0.00004670 
0.00004688 
0.00004707 
0.00004720 
0.00004707 
0.00004720 
0.00004704 
0.00004702 
0.00004667 
0.00004670 
0.00004684 
0.00004688 
0.00004693 
0.00004667 
0.00004636 
0.00004646 
0.00004698 
0.00004706 
0.00004700 
0.00004706 
0.00004702 
0.00004687 
0.00004583 
0.00004570 
0.00004579 
0.00004569 
0.00004569 
0.00004547 
0.00004529 
0.00004531 
0.00004538 
0.00004526 
0.00004523 
0.00004468 
0.00004459 
0.00004466 
0.00004467 
0.00004466 
0.00004463 
0.00004465 
0.00004462 
0.00004458 
0.00004448 
0.00004435 
0.00004419 
0.00004415 
0.00004424 
0.00004426 
0.00004439 
0.00004432 
0.00004436 
0.00004449 
0.00004442 
0.00004431 
0.00004436 
0.00004445 
0.00004445 
0.00004454 
0.00004455 
0.00004462 
0.00004473 
0.00004448 
0.00004446 
0.00004444 
0.00004445 
0.00004431 
0.00004436 
0.00004431 
0.00004429 
0.00004430 
0.00004427 
0.00004439 
0.00004424 
0.00004436 
0.00004441 
0.00004444 
0.00004445 
0.00004437 
0.00004429 
0.00004431 
0.00004428 
0.00004405 
0.00004421 
0.00004448 
0.00004450 
0.00004488 
0.00004484 
0.00004519 
0.00004493 
0.00004458 
0.00004473 
0.00004508 
0.00004485 
0.00004476 
0.00004423 
0.00004396 
0.00004388 
0.00004415 
0.00004443 
0.00004406 
0.00004397 
0.00004387 
0.00004368 
0.00004369 
0.00004361 
0.00004353 
0.00004358 
0.00004360 
0.00004368 
0.00004375 
0.00004371 
0.00004370 
0.00004370 
0.00004340 
0.00004344 
0.00004345 
0.00004338 
0.00004340 
0.00004339 
0.00004354 
0.00004369 
0.00004352 
0.00004342 
0.00004344 
0.00004350 
0.00004361 
0.00004356 
0.00004361 
0.00004360 
0.00004362 
0.00004388 
0.00004391 
0.00004369 
0.00004389 
0.00004391 
0.00004388 
0.00004385 
0.00004388 
0.00004395 
0.00004410 
0.00004401 
0.00004399 
0.00004433 
0.00004435 
0.00004382 
0.00004369 
0.00004377 
0.00004378 
0.00004379 
0.00004385 
0.00004386 
0.00004387 
0.00004387 
0.00004400 
0.00004400 
0.00004390 
0.00004415 
0.00004417 
0.00004420 
0.00004459 
0.00004454 
0.00004463 
0.00004466 
0.00004544 
0.00004562 
0.00004564 
0.00004539 
0.00004522 
0.00004511 
0.00004510 
0.00004490 
0.00004460 
0.00004412 
0.00004427 
0.00004426 
0.00004395 
0.00004413 
0.00004431 
0.00004370 
0.00004282 
0.00004294 
0.00004290 
0.00004301 
0.00004314 
0.00004312 
0.00004309 
0.00004329 
0.00004330 
0.00004354 
0.00004367 
0.00004384 
0.00004409 
0.00004423 
0.00004400 
0.00004403 
0.00004409 
0.00004403 
0.00004405 
0.00004407 
0.00004406 
0.00004400 
0.00004427 
0.00004432 
0.00004431 
0.00004419 
0.00004418 
0.00004406 
0.00004374 
0.00004392 
0.00004396 
0.00004389 
0.00004386 
0.00004394 
0.00004388 
0.00004386 
0.00004383 
0.00004386 
0.00004396 
0.00004405 
0.00004410 
0.00004399 
0.00004395 
0.00004415 
0.00004424 
0.00004440 
0.00004448 
0.00004430 
0.00004431 
0.00004430 
0.00004426 
0.00004424 
0.00004424 
0.00004419 
0.00004430 
0.00004424 
0.00004400 
0.00004478 
0.00004479 
0.00004475 
0.00004489 
0.00004484 
0.00004497 
0.00004473 
0.00004458 
0.00004456 
0.00004442 
0.00004447 
0.00004406 
0.00004391 
0.00004356 
0.00004385 
0.00004361 
0.00004351 
0.00004339 
0.00004362 
0.00004349 
0.00004356 
0.00004370 
0.00004388 
0.00004389 
0.00004413 
0.00004425 
0.00004429 
0.00004429 
0.00004434 
0.00004435 
0.00004444 
0.00004439 
0.00004420 
0.00004451 
0.00004460 
0.00004465 
0.00004460 
0.00004525 
0.00004560 
0.00004551 
0.00004560 
0.00004563 
0.00004568 
0.00004558 
0.00004569 
0.00004564 
0.00004568 
0.00004549 
0.00004549 
0.00004535 
0.00004544 
0.00004552 
0.00004555 
0.00004558 
0.00004549 
0.00004558 
0.00004550 
0.00004553 
0.00004530 
0.00004545 
0.00004590 
0.00004588 
0.00004585 
0.00004549 
0.00004521 
0.00004511 
0.00004525 
0.00004529 
0.00004510 
0.00004520 
0.00004529 
0.00004512 
0.00004537 
0.00004545 
0.00004581 
0.00004582 
0.00004580 
0.00004621 
0.00004600 
0.00004599 
0.00004599 
0.00004565 
0.00004570 
0.00004569 
0.00004582 
0.00004589 
0.00004594 
0.00004580 
0.00004576 
0.00004580 
0.00004568 
0.00004575 
0.00004571 
0.00004562 
0.00004561 
0.00004562 
0.00004558 
0.00004552 
0.00004571 
0.00004590 
0.00004587 
0.00004580 
0.00004579 
0.00004585 
0.00004560 
0.00004553 
0.00004561 
0.00004548 
0.00004538 
0.00004556 
0.00004550 
0.00004574 
0.00004601 
0.00004613 
0.00004609 
0.00004585 
0.00004609 
0.00004625 
0.00004625 
0.00004616 
0.00004622 
0.00004626 
0.00004610 
0.00004626 
0.00004617 
0.00004595 
0.00004600 
0.00004610 
0.00004596 
0.00004611 
0.00004639 
0.00004645 
0.00004633 
0.00004636 
0.00004640 
0.00004626 
0.00004616 
0.00004652 
0.00004650 
0.00004654 
0.00004645 
0.00004635 
0.00004629 
0.00004635 
0.00004631 
0.00004618 
0.00004617 
0.00004614 
0.00004618 
0.00004622 
0.00004620 
0.00004611 
0.00004609 
0.00004595 
0.00004595 
0.00004587 
0.00004574 
0.00004585 
0.00004593 
0.00004595 
0.00004595 
0.00004580 
0.00004570 
0.00004561 
0.00004573 
0.00004585 
0.00004560 
0.00004539 
0.00004534 
0.00004541 
0.00004518 
0.00004515 
0.00004503 
0.00004507 
0.00004512 
0.00004521 
0.00004531 
0.00004532 
0.00004530 
0.00004532 
0.00004538 
0.00004557 
0.00004579 
0.00004574 
0.00004571 
0.00004573 
0.00004580 
0.00004581 
0.00004579 
0.00004570 
0.00004565 
0.00004552 
0.00004553 
0.00004550 
0.00004552 
0.00004560 
0.00004571 
0.00004570 
0.00004560 
0.00004557 
0.00004557 
0.00004568 
0.00004592 
0.00004600 
0.00004598 
0.00004619 
0.00004595 
0.00004616 
0.00004640 
0.00004614 
0.00004591 
0.00004597 
0.00004591 
0.00004621 
0.00004653 
0.00004671 
0.00004664 
0.00004670 
0.00004646 
0.00004634 
0.00004619 
0.00004604 
0.00004586 
0.00004576 
0.00004579 
0.00004600 
0.00004589 
0.00004614 
0.00004538 
0.00004535 
0.00004550 
0.00004564 
0.00004490 
0.00004503 
0.00004531 
0.00004509 
0.00004551 
0.00004559 
0.00004608 
0.00004642 
0.00004621 
0.00004617 
0.00004664 
0.00004669 
0.00004670 
0.00004688 
0.00004707 
0.00004720 
0.00004707 
0.00004720 
0.00004704 
0.00004702 
0.00004667 
0.00004670 
0.00004684 
0.00004688 
0.00004693 
0.00004667 
0.00004636 
0.00004646 
0.00004698 
0.00004706 
0.00004700 
0.00004706 
0.00004702 
0.00004687 
0.00004583 
0.00004570 
0.00004579 
0.00004569 
0.00004569 
0.00004547 
0.00004529 
0.00004531 
0.00004538 
0.00004526 
0.00004523 
0.00004468 
0.00004459 
0.00004466 
0.00004467 
0.00004466 
0.00004463 
0.00004465 
0.00004462 
0.00004458 
0.00004448 
0.00004435 
0.00004419 
0.00004415 
0.00004424 
0.00004426 
0.00004439 
0.00004432 
0.00004436 
0.00004449 
0.00004442 
0.00004431 
0.00004436 
0.00004445 
0.00004445 
0.00004454 
0.00004455 
0.00004462 
0.00004473 
0.00004448 
0.00004446 
0.00004444 
0.00004445 
0.00004431 
0.00004436 
0.00004431 
0.00004429 
0.00004430 
0.00004427 
0.00004439 
0.00004424 
0.00004436 
0.00004441 
0.00004444 
0.00004445 
0.00004437 
0.00004429 
0.00004431 
0.00004428 
0.00004405 
0.00004421 
0.00004448 
0.00004450 
0.00004488 
0.00004484 
0.00004519 
0.00004493 
0.00004458 
0.00004473 
0.00004508 
0.00004485 
0.00004476 
0.00004423 
0.00004396 
0.00004388 
0.00004415 
0.00004443 
0.00004406 
0.00004397 
0.00004387 
0.00004368 
0.00004369 
0.00004361 
0.00004353 
0.00004358 
0.00004360 
0.00004368 
0.00004375 
0.00004371 
0.00004370 
0.00004370 
0.00004340 
0.00004344 
0.00004345 
0.00004338 
0.00004340 
0.00004339 
0.00004354 
0.00004369 
0.00004352 
0.00004342 
0.00004344 
0.00004350 
0.00004361 
0.00004356 
0.00004361 
0.00004360 
0.00004362 
0.00004388 
0.00004391 
0.00004369 
0.00004389 
0.00004391 
0.00004388 
0.00004385 
0.00004388 
0.00004395 
0.00004410 
0.00004401 
0.00004399 
0.00004433 
0.00004435 
0.00004382 
0.00004369 
0.00004377 
0.00004378 
0.00004379 
0.00004385 
0.00004386 
0.00004387 
0.00004387 
0.00004400 
0.00004400 
0.00004390 
0.00004415 
0.00004417 
0.00004420 
0.00004459 
0.00004454 
0.00004463 
0.00004466 
0.00004544 
0.00004562 
0.00004564 
0.00004539 
0.00004522 
0.00004511 
0.00004510 
0.00004490 
0.00004460 
0.00004412 
0.00004427 
0.00004426 
0.00004395 
0.00004413 
0.00004431 
0.00004370 
0.00004282 
0.00004294 
0.00004290 
0.00004301 
0.00004314 
0.00004312 
0.00004309 
0.00004329 
0.00004330 
0.00004354 
0.00004367 
0.00004384 
0.00004409 
0.00004423 
0.00004400 
0.00004403 
0.00004409 
0.00004403 
0.00004405 
0.00004407 
0.00004406 
0.00004400 
0.00004427 
0.00004432 
0.00004431 
0.00004419 
0.00004418 
0.00004406 
0.00004374 
0.00004392 
0.00004396 
0.00004389 
0.00004386 
0.00004394 
0.00004388 
0.00004386 
0.00004383 
0.00004386 
0.00004396 
0.00004405 
0.00004410 
0.00004399 
0.00004395 
0.00004415 
0.00004424 
0.00004440 
0.00004448 
0.00004430 
0.00004431 
0.00004430 
0.00004426 
0.00004424 
0.00004424 
0.00004419 
0.00004430 
0.00004424 
0.00004400 
0.00004478 
0.00004479 
0.00004475 
0.00004489 
0.00004484 
0.00004497 
0.00004473 
0.00004458 
0.00004456 
0.00004442 
0.00004447 
0.00004406 
0.00004391 
0.00004356 
0.00004385 
0.00004361 
0.00004351 
0.00004339 
0.00004362 
0.00004349 
0.00004356 
0.00004370 
0.00004388 
0.00004389 
0.00004413 
0.00004425 
0.00004429 
0.00004429 
0.00004434 
0.00004435 
0.00004444 
0.00004439 
0.00004420 
0.00004451 
0.00004460 
0.00004465 
0.00004460 
0.00004525 
0.00004560 
0.00004551 
0.00004560 
0.00004563 
0.00004568 
0.00004558 
0.00004569 
0.00004564 
0.00004568 
0.00004549 
0.00004549 
0.00004535 
0.00004544 
0.00004552 
0.00004555 
0.00004558 
0.00004549 
0.00004558 
0.00004550 
0.00004553 
0.00004530 
0.00004545 
0.00004590 
0.00004588 
0.00004585 
0.00004549 
0.00004521 
0.00004511 
0.00004525 
0.00004529 
0.00004510 
0.00004520 
0.00004529 
0.00004512 
0.00004537 
0.00004545 
0.00004581 
0.00004582 
0.00004580 
0.00004621 
0.00004600 
0.00004599 
0.00004599 
0.00004565 
0.00004570 
0.00004569 
0.00004582 
0.00004589 
0.00004594 
0.00004580 
0.00004576 
0.00004580 
0.00004568 
0.00004575 
0.00004571 
0.00004562 
0.00004561 
0.00004562 
