10733.00000000 
6526.00000000 
10705.00000000 
4404.00000000 
4975.00000000 
7757.00000000 
8324.00000000 
7158.00000000 
8174.00000000 
4995.00000000 
6686.00000000 
5894.00000000 
7150.00000000 
7786.00000000 
12450.00000000 
5888.00000000 
22082.00000000 
11263.00000000 
6643.00000000 
14370.00000000 
17218.00000000 
7884.00000000 
9835.00000000 
7463.00000000 
6699.00000000 
6295.00000000 
2713.00000000 
1137.00000000 
7869.00000000 
6885.00000000 
8627.00000000 
6152.00000000 
8177.00000000 
20132.00000000 
8332.00000000 
5942.00000000 
7215.00000000 
4871.00000000 
8044.00000000 
8897.00000000 
5570.00000000 
5048.00000000 
7958.00000000 
9287.00000000 
6169.00000000 
7838.00000000 
5050.00000000 
4744.00000000 
6167.00000000 
6567.00000000 
8903.00000000 
9995.00000000 
7246.00000000 
4131.00000000 
8240.00000000 
7921.00000000 
7901.00000000 
5480.00000000 
10185.00000000 
13656.00000000 
6532.00000000 
8882.00000000 
4645.00000000 
3829.00000000 
8981.00000000 
8725.00000000 
7800.00000000 
6043.00000000 
7272.00000000 
5058.00000000 
7971.00000000 
6466.00000000 
9590.00000000 
8210.00000000 
5390.00000000 
8172.00000000 
6826.00000000 
8083.00000000 
10741.00000000 
5707.00000000 
7835.00000000 
5926.00000000 
7357.00000000 
8310.00000000 
5999.00000000 
6491.00000000 
5675.00000000 
6799.00000000 
5533.00000000 
3422.00000000 
6474.00000000 
6513.00000000 
5429.00000000 
6752.00000000 
5009.00000000 
5591.00000000 
6705.00000000 
6796.00000000 
6969.00000000 
2734.00000000 
4908.00000000 
5287.00000000 
174.00000000 
1476.00000000 
442.00000000 
503.00000000 
77.00000000 
198.00000000 
611.00000000 
3745.00000000 
1006.00000000 
879.00000000 
1104.00000000 
3549.00000000 
2433.00000000 
433.00000000 
790.00000000 
680.00000000 
1954.00000000 
835.00000000 
3487.00000000 
1787.00000000 
630.00000000 
8.00000000 
1417.00000000 
1010.00000000 
88.00000000 
282.00000000 
111.00000000 
1649.00000000 
273.00000000 
762.00000000 
637.00000000 
333.00000000 
335.00000000 
260.00000000 
154.00000000 
2424.00000000 
760.00000000 
93.00000000 
275.00000000 
824.00000000 
392.00000000 
2952.00000000 
3227.00000000 
1817.00000000 
656.00000000 
1079.00000000 
153.00000000 
453.00000000 
125.00000000 
1298.00000000 
193.00000000 
2354.00000000 
2365.00000000 
78.00000000 
2250.00000000 
244.00000000 
436.00000000 
1160.00000000 
217.00000000 
552.00000000 
99.00000000 
379.00000000 
5040.00000000 
1090.00000000 
4328.00000000 
276.00000000 
58.00000000 
154.00000000 
948.00000000 
374.00000000 
270.00000000 
84.00000000 
945.00000000 
3565.00000000 
1064.00000000 
2385.00000000 
347.00000000 
2708.00000000 
43.00000000 
166.00000000 
1504.00000000 
930.00000000 
24.00000000 
0.00000000 
207.00000000 
853.00000000 
807.00000000 
483.00000000 
8.00000000 
409.00000000 
963.00000000 
565.00000000 
1038.00000000 
395.00000000 
1201.00000000 
727.00000000 
434.00000000 
461.00000000 
357.00000000 
0.00000000 
163.00000000 
58.00000000 
758.00000000 
1650.00000000 
1397.00000000 
397.00000000 
68.00000000 
349.00000000 
203.00000000 
2386.00000000 
89.00000000 
881.00000000 
776.00000000 
2685.00000000 
2336.00000000 
594.00000000 
297.00000000 
8916.00000000 
852.00000000 
1144.00000000 
487.00000000 
1006.00000000 
3460.00000000 
332.00000000 
397.00000000 
1130.00000000 
6914.00000000 
54.00000000 
1549.00000000 
932.00000000 
1312.00000000 
511.00000000 
1869.00000000 
2070.00000000 
1970.00000000 
413.00000000 
1947.00000000 
4110.00000000 
1064.00000000 
578.00000000 
2064.00000000 
308.00000000 
1801.00000000 
85.00000000 
658.00000000 
883.00000000 
863.00000000 
1466.00000000 
345.00000000 
1321.00000000 
2264.00000000 
526.00000000 
7876.00000000 
3441.00000000 
395.00000000 
1099.00000000 
1559.00000000 
279.00000000 
218.00000000 
331.00000000 
1283.00000000 
1231.00000000 
1860.00000000 
0.00000000 
1079.00000000 
289.00000000 
321.00000000 
1269.00000000 
72.00000000 
752.00000000 
1456.00000000 
110.00000000 
905.00000000 
2880.00000000 
5409.00000000 
16339.00000000 
459.00000000 
1990.00000000 
273.00000000 
158.00000000 
2817.00000000 
3449.00000000 
40016.00000000 
679.00000000 
80.00000000 
1379.00000000 
661.00000000 
4046.00000000 
905.00000000 
16.00000000 
345.00000000 
1785.00000000 
40.00000000 
3414.00000000 
2479.00000000 
719.00000000 
614.00000000 
282.00000000 
443.00000000 
1063.00000000 
865.00000000 
1817.00000000 
3015.00000000 
1736.00000000 
0.00000000 
555.00000000 
703.00000000 
1135.00000000 
607.00000000 
1516.00000000 
4546.00000000 
651.00000000 
2132.00000000 
2382.00000000 
1048.00000000 
133.00000000 
2977.00000000 
455.00000000 
3037.00000000 
675.00000000 
2850.00000000 
853.00000000 
921.00000000 
852.00000000 
1523.00000000 
640.00000000 
22.00000000 
2025.00000000 
4944.00000000 
356.00000000 
515.00000000 
30.00000000 
1743.00000000 
2069.00000000 
0.00000000 
39.00000000 
114.00000000 
319.00000000 
680.00000000 
343.00000000 
49.00000000 
256.00000000 
1984.00000000 
29.00000000 
208.00000000 
113.00000000 
571.00000000 
0.00000000 
1269.00000000 
682.00000000 
4400.00000000 
114.00000000 
1665.00000000 
34.00000000 
16.00000000 
1066.00000000 
678.00000000 
5089.00000000 
520.00000000 
546.00000000 
3084.00000000 
2965.00000000 
898.00000000 
63.00000000 
287.00000000 
332.00000000 
701.00000000 
295.00000000 
134.00000000 
237.00000000 
130.00000000 
115.00000000 
150.00000000 
207.00000000 
1018.00000000 
0.00000000 
0.00000000 
259.00000000 
24.00000000 
0.00000000 
195.00000000 
143.00000000 
284.00000000 
243.00000000 
663.00000000 
128.00000000 
304.00000000 
978.00000000 
212.00000000 
721.00000000 
367.00000000 
1075.00000000 
1506.00000000 
1900.00000000 
0.00000000 
1867.00000000 
1481.00000000 
357.00000000 
221.00000000 
327.00000000 
500.00000000 
3338.00000000 
252.00000000 
100.00000000 
210.00000000 
0.00000000 
89.00000000 
202.00000000 
3.00000000 
128.00000000 
641.00000000 
1571.00000000 
193.00000000 
494.00000000 
0.00000000 
352.00000000 
593.00000000 
192.00000000 
59.00000000 
221.00000000 
6858.00000000 
2896.00000000 
1008.00000000 
566.00000000 
3810.00000000 
11022.00000000 
142.00000000 
881.00000000 
179.00000000 
832.00000000 
0.00000000 
263.00000000 
60.00000000 
79.00000000 
390.00000000 
0.00000000 
128.00000000 
393.00000000 
0.00000000 
2642.00000000 
8062.00000000 
554.00000000 
1077.00000000 
2446.00000000 
76.00000000 
30.00000000 
111.00000000 
911.00000000 
993.00000000 
5113.00000000 
1378.00000000 
323.00000000 
174.00000000 
4504.00000000 
1185.00000000 
3959.00000000 
1365.00000000 
657.00000000 
90.00000000 
4500.00000000 
389.00000000 
3290.00000000 
808.00000000 
76.00000000 
209.00000000 
5038.00000000 
573.00000000 
136.00000000 
120.00000000 
512.00000000 
1284.00000000 
2108.00000000 
550.00000000 
747.00000000 
753.00000000 
450.00000000 
181.00000000 
1665.00000000 
10733.00000000 
6526.00000000 
10705.00000000 
4404.00000000 
4975.00000000 
7757.00000000 
8324.00000000 
7158.00000000 
8174.00000000 
4995.00000000 
6686.00000000 
5894.00000000 
7150.00000000 
7786.00000000 
12450.00000000 
5888.00000000 
22082.00000000 
11263.00000000 
6643.00000000 
14370.00000000 
17218.00000000 
7884.00000000 
9835.00000000 
7463.00000000 
6699.00000000 
6295.00000000 
2713.00000000 
1137.00000000 
7869.00000000 
6885.00000000 
8627.00000000 
6152.00000000 
8177.00000000 
20132.00000000 
8332.00000000 
5942.00000000 
7215.00000000 
4871.00000000 
8044.00000000 
8897.00000000 
5570.00000000 
5048.00000000 
7958.00000000 
9287.00000000 
6169.00000000 
7838.00000000 
5050.00000000 
4744.00000000 
6167.00000000 
6567.00000000 
8903.00000000 
9995.00000000 
7246.00000000 
4131.00000000 
8240.00000000 
7921.00000000 
7901.00000000 
5480.00000000 
10185.00000000 
13656.00000000 
6532.00000000 
8882.00000000 
4645.00000000 
3829.00000000 
8981.00000000 
8725.00000000 
7800.00000000 
6043.00000000 
7272.00000000 
5058.00000000 
7971.00000000 
6466.00000000 
9590.00000000 
8210.00000000 
5390.00000000 
8172.00000000 
6826.00000000 
8083.00000000 
10741.00000000 
5707.00000000 
7835.00000000 
5926.00000000 
7357.00000000 
8310.00000000 
5999.00000000 
6491.00000000 
5675.00000000 
6799.00000000 
5533.00000000 
3422.00000000 
6474.00000000 
6513.00000000 
5429.00000000 
6752.00000000 
5009.00000000 
5591.00000000 
6705.00000000 
6796.00000000 
6969.00000000 
2734.00000000 
4908.00000000 
5287.00000000 
174.00000000 
1476.00000000 
442.00000000 
503.00000000 
77.00000000 
198.00000000 
611.00000000 
3745.00000000 
1006.00000000 
879.00000000 
1104.00000000 
3549.00000000 
2433.00000000 
433.00000000 
790.00000000 
680.00000000 
1954.00000000 
835.00000000 
3487.00000000 
1787.00000000 
630.00000000 
8.00000000 
1417.00000000 
1010.00000000 
88.00000000 
282.00000000 
111.00000000 
1649.00000000 
273.00000000 
762.00000000 
637.00000000 
333.00000000 
335.00000000 
260.00000000 
154.00000000 
2424.00000000 
760.00000000 
93.00000000 
275.00000000 
824.00000000 
392.00000000 
2952.00000000 
3227.00000000 
1817.00000000 
656.00000000 
1079.00000000 
153.00000000 
453.00000000 
125.00000000 
1298.00000000 
193.00000000 
2354.00000000 
2365.00000000 
78.00000000 
2250.00000000 
244.00000000 
436.00000000 
1160.00000000 
217.00000000 
552.00000000 
99.00000000 
379.00000000 
5040.00000000 
1090.00000000 
4328.00000000 
276.00000000 
58.00000000 
154.00000000 
948.00000000 
374.00000000 
270.00000000 
84.00000000 
945.00000000 
3565.00000000 
1064.00000000 
2385.00000000 
347.00000000 
2708.00000000 
43.00000000 
166.00000000 
1504.00000000 
930.00000000 
24.00000000 
0.00000000 
207.00000000 
853.00000000 
807.00000000 
483.00000000 
8.00000000 
409.00000000 
963.00000000 
565.00000000 
1038.00000000 
395.00000000 
1201.00000000 
727.00000000 
434.00000000 
461.00000000 
357.00000000 
0.00000000 
163.00000000 
58.00000000 
758.00000000 
1650.00000000 
1397.00000000 
397.00000000 
68.00000000 
349.00000000 
203.00000000 
2386.00000000 
89.00000000 
881.00000000 
776.00000000 
2685.00000000 
2336.00000000 
594.00000000 
297.00000000 
8916.00000000 
852.00000000 
1144.00000000 
487.00000000 
1006.00000000 
3460.00000000 
332.00000000 
397.00000000 
1130.00000000 
6914.00000000 
54.00000000 
1549.00000000 
932.00000000 
1312.00000000 
511.00000000 
1869.00000000 
2070.00000000 
1970.00000000 
413.00000000 
1947.00000000 
4110.00000000 
1064.00000000 
578.00000000 
2064.00000000 
308.00000000 
1801.00000000 
85.00000000 
658.00000000 
883.00000000 
863.00000000 
1466.00000000 
345.00000000 
1321.00000000 
2264.00000000 
526.00000000 
7876.00000000 
3441.00000000 
395.00000000 
1099.00000000 
1559.00000000 
279.00000000 
218.00000000 
331.00000000 
1283.00000000 
1231.00000000 
1860.00000000 
0.00000000 
1079.00000000 
289.00000000 
321.00000000 
1269.00000000 
72.00000000 
752.00000000 
1456.00000000 
110.00000000 
905.00000000 
2880.00000000 
5409.00000000 
16339.00000000 
459.00000000 
1990.00000000 
273.00000000 
158.00000000 
2817.00000000 
3449.00000000 
40016.00000000 
679.00000000 
80.00000000 
1379.00000000 
661.00000000 
4046.00000000 
905.00000000 
16.00000000 
345.00000000 
1785.00000000 
40.00000000 
3414.00000000 
2479.00000000 
719.00000000 
614.00000000 
282.00000000 
443.00000000 
1063.00000000 
865.00000000 
1817.00000000 
3015.00000000 
1736.00000000 
0.00000000 
555.00000000 
703.00000000 
1135.00000000 
607.00000000 
1516.00000000 
4546.00000000 
651.00000000 
2132.00000000 
2382.00000000 
1048.00000000 
133.00000000 
2977.00000000 
455.00000000 
3037.00000000 
675.00000000 
2850.00000000 
853.00000000 
921.00000000 
852.00000000 
1523.00000000 
640.00000000 
22.00000000 
2025.00000000 
4944.00000000 
356.00000000 
515.00000000 
30.00000000 
1743.00000000 
2069.00000000 
0.00000000 
39.00000000 
114.00000000 
319.00000000 
680.00000000 
343.00000000 
49.00000000 
256.00000000 
1984.00000000 
29.00000000 
208.00000000 
113.00000000 
571.00000000 
0.00000000 
1269.00000000 
682.00000000 
4400.00000000 
114.00000000 
1665.00000000 
34.00000000 
16.00000000 
1066.00000000 
678.00000000 
5089.00000000 
520.00000000 
546.00000000 
3084.00000000 
2965.00000000 
898.00000000 
63.00000000 
287.00000000 
332.00000000 
701.00000000 
295.00000000 
134.00000000 
237.00000000 
130.00000000 
115.00000000 
150.00000000 
207.00000000 
1018.00000000 
0.00000000 
0.00000000 
259.00000000 
24.00000000 
0.00000000 
195.00000000 
143.00000000 
284.00000000 
243.00000000 
663.00000000 
128.00000000 
304.00000000 
978.00000000 
212.00000000 
721.00000000 
367.00000000 
1075.00000000 
1506.00000000 
1900.00000000 
0.00000000 
1867.00000000 
1481.00000000 
357.00000000 
221.00000000 
327.00000000 
500.00000000 
3338.00000000 
252.00000000 
100.00000000 
210.00000000 
0.00000000 
89.00000000 
202.00000000 
3.00000000 
128.00000000 
641.00000000 
1571.00000000 
193.00000000 
494.00000000 
0.00000000 
352.00000000 
593.00000000 
192.00000000 
59.00000000 
221.00000000 
6858.00000000 
2896.00000000 
1008.00000000 
566.00000000 
3810.00000000 
11022.00000000 
142.00000000 
881.00000000 
179.00000000 
832.00000000 
0.00000000 
263.00000000 
60.00000000 
79.00000000 
390.00000000 
0.00000000 
128.00000000 
393.00000000 
0.00000000 
2642.00000000 
8062.00000000 
554.00000000 
1077.00000000 
2446.00000000 
76.00000000 
30.00000000 
111.00000000 
911.00000000 
993.00000000 
5113.00000000 
1378.00000000 
323.00000000 
174.00000000 
4504.00000000 
1185.00000000 
3959.00000000 
1365.00000000 
657.00000000 
90.00000000 
4500.00000000 
389.00000000 
3290.00000000 
808.00000000 
76.00000000 
209.00000000 
5038.00000000 
573.00000000 
136.00000000 
120.00000000 
512.00000000 
1284.00000000 
2108.00000000 
550.00000000 
747.00000000 
753.00000000 
450.00000000 
181.00000000 
1665.00000000 
10733.00000000 
6526.00000000 
10705.00000000 
4404.00000000 
4975.00000000 
7757.00000000 
8324.00000000 
7158.00000000 
8174.00000000 
4995.00000000 
6686.00000000 
5894.00000000 
7150.00000000 
7786.00000000 
12450.00000000 
5888.00000000 
22082.00000000 
11263.00000000 
6643.00000000 
14370.00000000 
17218.00000000 
7884.00000000 
9835.00000000 
7463.00000000 
6699.00000000 
6295.00000000 
2713.00000000 
1137.00000000 
7869.00000000 
6885.00000000 
8627.00000000 
6152.00000000 
8177.00000000 
20132.00000000 
8332.00000000 
5942.00000000 
7215.00000000 
4871.00000000 
8044.00000000 
8897.00000000 
5570.00000000 
5048.00000000 
7958.00000000 
9287.00000000 
6169.00000000 
7838.00000000 
5050.00000000 
4744.00000000 
6167.00000000 
6567.00000000 
8903.00000000 
9995.00000000 
7246.00000000 
4131.00000000 
8240.00000000 
7921.00000000 
7901.00000000 
5480.00000000 
10185.00000000 
13656.00000000 
6532.00000000 
8882.00000000 
4645.00000000 
3829.00000000 
8981.00000000 
8725.00000000 
7800.00000000 
6043.00000000 
7272.00000000 
5058.00000000 
7971.00000000 
6466.00000000 
9590.00000000 
8210.00000000 
5390.00000000 
8172.00000000 
6826.00000000 
8083.00000000 
10741.00000000 
5707.00000000 
7835.00000000 
5926.00000000 
7357.00000000 
8310.00000000 
5999.00000000 
6491.00000000 
5675.00000000 
6799.00000000 
5533.00000000 
3422.00000000 
6474.00000000 
6513.00000000 
5429.00000000 
6752.00000000 
5009.00000000 
5591.00000000 
6705.00000000 
6796.00000000 
6969.00000000 
2734.00000000 
4908.00000000 
5287.00000000 
174.00000000 
1476.00000000 
442.00000000 
503.00000000 
77.00000000 
198.00000000 
611.00000000 
3745.00000000 
1006.00000000 
879.00000000 
1104.00000000 
3549.00000000 
2433.00000000 
433.00000000 
790.00000000 
680.00000000 
1954.00000000 
835.00000000 
3487.00000000 
1787.00000000 
630.00000000 
8.00000000 
1417.00000000 
1010.00000000 
88.00000000 
282.00000000 
111.00000000 
1649.00000000 
273.00000000 
762.00000000 
637.00000000 
333.00000000 
335.00000000 
260.00000000 
154.00000000 
2424.00000000 
760.00000000 
93.00000000 
275.00000000 
824.00000000 
392.00000000 
2952.00000000 
3227.00000000 
1817.00000000 
656.00000000 
1079.00000000 
153.00000000 
453.00000000 
125.00000000 
1298.00000000 
193.00000000 
2354.00000000 
2365.00000000 
78.00000000 
2250.00000000 
244.00000000 
436.00000000 
1160.00000000 
217.00000000 
552.00000000 
99.00000000 
379.00000000 
5040.00000000 
1090.00000000 
4328.00000000 
276.00000000 
58.00000000 
154.00000000 
948.00000000 
374.00000000 
270.00000000 
84.00000000 
945.00000000 
3565.00000000 
1064.00000000 
2385.00000000 
347.00000000 
2708.00000000 
43.00000000 
166.00000000 
1504.00000000 
930.00000000 
24.00000000 
0.00000000 
207.00000000 
853.00000000 
807.00000000 
483.00000000 
8.00000000 
409.00000000 
963.00000000 
565.00000000 
1038.00000000 
395.00000000 
1201.00000000 
727.00000000 
434.00000000 
461.00000000 
357.00000000 
0.00000000 
163.00000000 
58.00000000 
758.00000000 
1650.00000000 
1397.00000000 
397.00000000 
68.00000000 
349.00000000 
203.00000000 
2386.00000000 
89.00000000 
881.00000000 
776.00000000 
2685.00000000 
2336.00000000 
594.00000000 
297.00000000 
8916.00000000 
852.00000000 
1144.00000000 
487.00000000 
1006.00000000 
3460.00000000 
332.00000000 
397.00000000 
1130.00000000 
6914.00000000 
54.00000000 
1549.00000000 
932.00000000 
1312.00000000 
511.00000000 
1869.00000000 
2070.00000000 
1970.00000000 
413.00000000 
1947.00000000 
4110.00000000 
1064.00000000 
578.00000000 
2064.00000000 
308.00000000 
1801.00000000 
85.00000000 
658.00000000 
883.00000000 
863.00000000 
1466.00000000 
345.00000000 
1321.00000000 
2264.00000000 
526.00000000 
7876.00000000 
3441.00000000 
395.00000000 
1099.00000000 
1559.00000000 
279.00000000 
218.00000000 
331.00000000 
1283.00000000 
1231.00000000 
1860.00000000 
0.00000000 
1079.00000000 
289.00000000 
321.00000000 
1269.00000000 
72.00000000 
752.00000000 
1456.00000000 
110.00000000 
905.00000000 
2880.00000000 
5409.00000000 
16339.00000000 
459.00000000 
1990.00000000 
273.00000000 
158.00000000 
2817.00000000 
3449.00000000 
40016.00000000 
679.00000000 
80.00000000 
1379.00000000 
661.00000000 
4046.00000000 
905.00000000 
16.00000000 
345.00000000 
1785.00000000 
40.00000000 
3414.00000000 
2479.00000000 
719.00000000 
614.00000000 
282.00000000 
443.00000000 
1063.00000000 
865.00000000 
1817.00000000 
3015.00000000 
1736.00000000 
0.00000000 
555.00000000 
703.00000000 
1135.00000000 
607.00000000 
1516.00000000 
4546.00000000 
651.00000000 
2132.00000000 
2382.00000000 
1048.00000000 
133.00000000 
2977.00000000 
455.00000000 
3037.00000000 
675.00000000 
2850.00000000 
853.00000000 
921.00000000 
852.00000000 
1523.00000000 
640.00000000 
22.00000000 
2025.00000000 
4944.00000000 
356.00000000 
515.00000000 
30.00000000 
1743.00000000 
2069.00000000 
0.00000000 
39.00000000 
114.00000000 
319.00000000 
680.00000000 
343.00000000 
49.00000000 
256.00000000 
1984.00000000 
29.00000000 
208.00000000 
113.00000000 
571.00000000 
0.00000000 
1269.00000000 
682.00000000 
4400.00000000 
114.00000000 
1665.00000000 
34.00000000 
16.00000000 
1066.00000000 
678.00000000 
5089.00000000 
520.00000000 
546.00000000 
3084.00000000 
2965.00000000 
898.00000000 
63.00000000 
287.00000000 
332.00000000 
701.00000000 
295.00000000 
134.00000000 
237.00000000 
130.00000000 
115.00000000 
150.00000000 
207.00000000 
1018.00000000 
0.00000000 
0.00000000 
259.00000000 
24.00000000 
0.00000000 
195.00000000 
143.00000000 
284.00000000 
243.00000000 
663.00000000 
128.00000000 
304.00000000 
978.00000000 
212.00000000 
721.00000000 
367.00000000 
1075.00000000 
1506.00000000 
1900.00000000 
0.00000000 
1867.00000000 
1481.00000000 
357.00000000 
221.00000000 
327.00000000 
500.00000000 
3338.00000000 
252.00000000 
100.00000000 
210.00000000 
0.00000000 
89.00000000 
202.00000000 
3.00000000 
128.00000000 
641.00000000 
1571.00000000 
193.00000000 
494.00000000 
0.00000000 
352.00000000 
593.00000000 
192.00000000 
59.00000000 
221.00000000 
6858.00000000 
2896.00000000 
1008.00000000 
566.00000000 
3810.00000000 
11022.00000000 
142.00000000 
881.00000000 
179.00000000 
832.00000000 
0.00000000 
263.00000000 
60.00000000 
79.00000000 
390.00000000 
0.00000000 
128.00000000 
393.00000000 
0.00000000 
2642.00000000 
8062.00000000 
554.00000000 
1077.00000000 
2446.00000000 
76.00000000 
30.00000000 
111.00000000 
911.00000000 
993.00000000 
5113.00000000 
1378.00000000 
323.00000000 
174.00000000 
4504.00000000 
1185.00000000 
3959.00000000 
1365.00000000 
657.00000000 
90.00000000 
4500.00000000 
389.00000000 
3290.00000000 
808.00000000 
76.00000000 
209.00000000 
5038.00000000 
573.00000000 
136.00000000 
120.00000000 
512.00000000 
1284.00000000 
2108.00000000 
550.00000000 
747.00000000 
753.00000000 
450.00000000 
181.00000000 
1665.00000000 
