0.00013874 
0.00013867 
0.00013917 
0.00013870 
0.00013765 
0.00013759 
0.00013706 
0.00013749 
0.00013700 
0.00013680 
0.00013627 
0.00013654 
0.00013617 
0.00013654 
0.00013567 
0.00013682 
0.00013641 
0.00013964 
0.00013950 
0.00013950 
0.00013652 
0.00013415 
0.00013379 
0.00013400 
0.00013329 
0.00013307 
0.00013351 
0.00013332 
0.00013331 
0.00013332 
0.00013312 
0.00013199 
0.00013302 
0.00013245 
0.00013251 
0.00013302 
0.00013276 
0.00013303 
0.00013276 
0.00013281 
0.00013310 
0.00013255 
0.00013257 
0.00013371 
0.00013389 
0.00013370 
0.00013359 
0.00013379 
0.00013383 
0.00013392 
0.00013391 
0.00013446 
0.00013427 
0.00013362 
0.00013391 
0.00013399 
0.00013403 
0.00013399 
0.00013417 
0.00013400 
0.00013334 
0.00013334 
0.00013346 
0.00013355 
0.00013363 
0.00013364 
0.00013391 
0.00013336 
0.00013325 
0.00013350 
0.00013318 
0.00013299 
0.00013245 
0.00013255 
0.00013281 
0.00013293 
0.00013199 
0.00013206 
0.00013252 
0.00013208 
0.00013252 
0.00013284 
0.00013283 
0.00013310 
0.00013300 
0.00013308 
0.00013333 
0.00013306 
0.00013309 
0.00013350 
0.00013297 
0.00013259 
0.00013263 
0.00013270 
0.00013303 
0.00013283 
0.00013246 
0.00013200 
0.00013159 
0.00013175 
0.00013189 
0.00013221 
0.00013255 
0.00013222 
0.00013255 
0.00013259 
0.00013302 
0.00013309 
0.00013452 
0.00013436 
0.00013430 
0.00013400 
0.00013314 
0.00013408 
0.00013211 
0.00013211 
0.00013210 
0.00013207 
0.00013230 
0.00013295 
0.00013404 
0.00013279 
0.00013161 
0.00013254 
0.00013177 
0.00013194 
0.00013205 
0.00013205 
0.00013205 
0.00013205 
0.00013217 
0.00013211 
0.00013161 
0.00013209 
0.00013159 
0.00013209 
0.00013209 
0.00013159 
0.00013166 
0.00013149 
0.00013212 
0.00013219 
0.00013172 
0.00013133 
0.00013120 
0.00012947 
0.00013004 
0.00012847 
0.00012822 
0.00012944 
0.00012883 
0.00012952 
0.00012878 
0.00012886 
0.00012938 
0.00012930 
0.00012874 
0.00012925 
0.00012921 
0.00012853 
0.00012875 
0.00012938 
0.00012801 
0.00012811 
0.00012880 
0.00012879 
0.00012872 
0.00012816 
0.00012805 
0.00012804 
0.00012833 
0.00012842 
0.00012829 
0.00012836 
0.00012782 
0.00012783 
0.00012648 
0.00012590 
0.00012468 
0.00012511 
0.00012556 
0.00012500 
0.00012548 
0.00012584 
0.00012369 
0.00012396 
0.00012396 
0.00012421 
0.00012219 
0.00012301 
0.00012385 
0.00012310 
0.00012309 
0.00012308 
0.00012308 
0.00012347 
0.00012294 
0.00012288 
0.00012227 
0.00012239 
0.00012310 
0.00012316 
0.00012316 
0.00012316 
0.00012538 
0.00012425 
0.00012559 
0.00012298 
0.00012486 
0.00012475 
0.00012479 
0.00012519 
0.00012403 
0.00012349 
0.00012338 
0.00012290 
0.00012324 
0.00012337 
0.00012474 
0.00012303 
0.00012445 
0.00012438 
0.00012493 
0.00012601 
0.00012527 
0.00012587 
0.00012453 
0.00012526 
0.00013100 
0.00012489 
0.00012604 
0.00012604 
0.00012500 
0.00012704 
0.00012721 
0.00012634 
0.00012723 
0.00012503 
0.00012442 
0.00012399 
0.00012298 
0.00012252 
0.00012373 
0.00012336 
0.00012259 
0.00012207 
0.00012203 
0.00012203 
0.00012106 
0.00012099 
0.00011982 
0.00012026 
0.00012008 
0.00011979 
0.00011875 
0.00012062 
0.00012038 
0.00012100 
0.00012051 
0.00012103 
0.00012049 
0.00012109 
0.00012030 
0.00012138 
0.00012169 
0.00012193 
0.00012193 
0.00012247 
0.00012247 
0.00012247 
0.00012180 
0.00012180 
0.00012227 
0.00012188 
0.00012141 
0.00012250 
0.00012141 
0.00012156 
0.00012367 
0.00012470 
0.00012401 
0.00012475 
0.00012484 
0.00012425 
0.00012482 
0.00012585 
0.00012634 
0.00012634 
0.00012553 
0.00012613 
0.00012532 
0.00012524 
0.00012620 
0.00012542 
0.00012637 
0.00012621 
0.00012639 
0.00012665 
0.00012640 
0.00012732 
0.00012732 
0.00012701 
0.00012741 
0.00012801 
0.00012738 
0.00012839 
0.00012842 
0.00012842 
0.00012852 
0.00012903 
0.00012902 
0.00013038 
0.00012931 
0.00012985 
0.00012995 
0.00012863 
0.00012870 
0.00012928 
0.00012926 
0.00012862 
0.00012865 
0.00012753 
0.00012736 
0.00012752 
0.00012707 
0.00012622 
0.00012759 
0.00012686 
0.00012824 
0.00012943 
0.00012800 
0.00012695 
0.00012702 
0.00012739 
0.00012688 
0.00012732 
0.00012739 
0.00012739 
0.00012791 
0.00012726 
0.00012745 
0.00012791 
0.00012798 
0.00012714 
0.00012713 
0.00012751 
0.00012748 
0.00012711 
0.00012772 
0.00012797 
0.00012797 
0.00012706 
0.00012660 
0.00012802 
0.00012800 
0.00012930 
0.00012930 
0.00012900 
0.00012800 
0.00012872 
0.00012852 
0.00012841 
0.00012889 
0.00012883 
0.00013022 
0.00013100 
0.00013100 
0.00013132 
0.00013059 
0.00013135 
0.00013173 
0.00013173 
0.00013135 
0.00013173 
0.00013135 
0.00013135 
0.00013135 
0.00013040 
0.00013040 
0.00013040 
0.00013034 
0.00013034 
0.00013034 
0.00013030 
0.00013041 
0.00013041 
0.00013076 
0.00013100 
0.00013085 
0.00013086 
0.00013263 
0.00013150 
0.00013210 
0.00013263 
0.00013271 
0.00013394 
0.00013348 
0.00013348 
0.00013325 
0.00013415 
0.00013464 
0.00013475 
0.00013416 
0.00013407 
0.00013527 
0.00013537 
0.00013516 
0.00013484 
0.00013484 
0.00013509 
0.00013572 
0.00013574 
0.00013520 
0.00013610 
0.00013513 
0.00013575 
0.00013536 
0.00013536 
0.00013526 
0.00013461 
0.00013456 
0.00013508 
0.00013266 
0.00013506 
0.00013523 
0.00013630 
0.00013568 
0.00013546 
0.00013188 
0.00013221 
0.00013103 
0.00013204 
0.00013059 
0.00013059 
0.00013049 
0.00013165 
0.00013054 
0.00013120 
0.00013120 
0.00013141 
0.00013141 
0.00013141 
0.00013229 
0.00013308 
0.00013398 
0.00013323 
0.00013215 
0.00013166 
0.00013166 
0.00013147 
0.00013146 
0.00013147 
0.00013196 
0.00013134 
0.00013183 
0.00013238 
0.00013345 
0.00013277 
0.00013200 
0.00013215 
0.00013186 
0.00013196 
0.00013325 
0.00013203 
0.00013121 
0.00013156 
0.00013148 
0.00013137 
0.00013110 
0.00013088 
0.00013088 
0.00013043 
0.00013041 
0.00013098 
0.00013098 
0.00013076 
0.00013038 
0.00013078 
0.00013040 
0.00013038 
0.00013874 
0.00013867 
0.00013917 
0.00013870 
0.00013765 
0.00013759 
0.00013706 
0.00013749 
0.00013700 
0.00013680 
0.00013627 
0.00013654 
0.00013617 
0.00013654 
0.00013567 
0.00013682 
0.00013641 
0.00013964 
0.00013950 
0.00013950 
0.00013652 
0.00013415 
0.00013379 
0.00013400 
0.00013329 
0.00013307 
0.00013351 
0.00013332 
0.00013331 
0.00013332 
0.00013312 
0.00013199 
0.00013302 
0.00013245 
0.00013251 
0.00013302 
0.00013276 
0.00013303 
0.00013276 
0.00013281 
0.00013310 
0.00013255 
0.00013257 
0.00013371 
0.00013389 
0.00013370 
0.00013359 
0.00013379 
0.00013383 
0.00013392 
0.00013391 
0.00013446 
0.00013427 
0.00013362 
0.00013391 
0.00013399 
0.00013403 
0.00013399 
0.00013417 
0.00013400 
0.00013334 
0.00013334 
0.00013346 
0.00013355 
0.00013363 
0.00013364 
0.00013391 
0.00013336 
0.00013325 
0.00013350 
0.00013318 
0.00013299 
0.00013245 
0.00013255 
0.00013281 
0.00013293 
0.00013199 
0.00013206 
0.00013252 
0.00013208 
0.00013252 
0.00013284 
0.00013283 
0.00013310 
0.00013300 
0.00013308 
0.00013333 
0.00013306 
0.00013309 
0.00013350 
0.00013297 
0.00013259 
0.00013263 
0.00013270 
0.00013303 
0.00013283 
0.00013246 
0.00013200 
0.00013159 
0.00013175 
0.00013189 
0.00013221 
0.00013255 
0.00013222 
0.00013255 
0.00013259 
0.00013302 
0.00013309 
0.00013452 
0.00013436 
0.00013430 
0.00013400 
0.00013314 
0.00013408 
0.00013211 
0.00013211 
0.00013210 
0.00013207 
0.00013230 
0.00013295 
0.00013404 
0.00013279 
0.00013161 
0.00013254 
0.00013177 
0.00013194 
0.00013205 
0.00013205 
0.00013205 
0.00013205 
0.00013217 
0.00013211 
0.00013161 
0.00013209 
0.00013159 
0.00013209 
0.00013209 
0.00013159 
0.00013166 
0.00013149 
0.00013212 
0.00013219 
0.00013172 
0.00013133 
0.00013120 
0.00012947 
0.00013004 
0.00012847 
0.00012822 
0.00012944 
0.00012883 
0.00012952 
0.00012878 
0.00012886 
0.00012938 
0.00012930 
0.00012874 
0.00012925 
0.00012921 
0.00012853 
0.00012875 
0.00012938 
0.00012801 
0.00012811 
0.00012880 
0.00012879 
0.00012872 
0.00012816 
0.00012805 
0.00012804 
0.00012833 
0.00012842 
0.00012829 
0.00012836 
0.00012782 
0.00012783 
0.00012648 
0.00012590 
0.00012468 
0.00012511 
0.00012556 
0.00012500 
0.00012548 
0.00012584 
0.00012369 
0.00012396 
0.00012396 
0.00012421 
0.00012219 
0.00012301 
0.00012385 
0.00012310 
0.00012309 
0.00012308 
0.00012308 
0.00012347 
0.00012294 
0.00012288 
0.00012227 
0.00012239 
0.00012310 
0.00012316 
0.00012316 
0.00012316 
0.00012538 
0.00012425 
0.00012559 
0.00012298 
0.00012486 
0.00012475 
0.00012479 
0.00012519 
0.00012403 
0.00012349 
0.00012338 
0.00012290 
0.00012324 
0.00012337 
0.00012474 
0.00012303 
0.00012445 
0.00012438 
0.00012493 
0.00012601 
0.00012527 
0.00012587 
0.00012453 
0.00012526 
0.00013100 
0.00012489 
0.00012604 
0.00012604 
0.00012500 
0.00012704 
0.00012721 
0.00012634 
0.00012723 
0.00012503 
0.00012442 
0.00012399 
0.00012298 
0.00012252 
0.00012373 
0.00012336 
0.00012259 
0.00012207 
0.00012203 
0.00012203 
0.00012106 
0.00012099 
0.00011982 
0.00012026 
0.00012008 
0.00011979 
0.00011875 
0.00012062 
0.00012038 
0.00012100 
0.00012051 
0.00012103 
0.00012049 
0.00012109 
0.00012030 
0.00012138 
0.00012169 
0.00012193 
0.00012193 
0.00012247 
0.00012247 
0.00012247 
0.00012180 
0.00012180 
0.00012227 
0.00012188 
0.00012141 
0.00012250 
0.00012141 
0.00012156 
0.00012367 
0.00012470 
0.00012401 
0.00012475 
0.00012484 
0.00012425 
0.00012482 
0.00012585 
0.00012634 
0.00012634 
0.00012553 
0.00012613 
0.00012532 
0.00012524 
0.00012620 
0.00012542 
0.00012637 
0.00012621 
0.00012639 
0.00012665 
0.00012640 
0.00012732 
0.00012732 
0.00012701 
0.00012741 
0.00012801 
0.00012738 
0.00012839 
0.00012842 
0.00012842 
0.00012852 
0.00012903 
0.00012902 
0.00013038 
0.00012931 
0.00012985 
0.00012995 
0.00012863 
0.00012870 
0.00012928 
0.00012926 
0.00012862 
0.00012865 
0.00012753 
0.00012736 
0.00012752 
0.00012707 
0.00012622 
0.00012759 
0.00012686 
0.00012824 
0.00012943 
0.00012800 
0.00012695 
0.00012702 
0.00012739 
0.00012688 
0.00012732 
0.00012739 
0.00012739 
0.00012791 
0.00012726 
0.00012745 
0.00012791 
0.00012798 
0.00012714 
0.00012713 
0.00012751 
0.00012748 
0.00012711 
0.00012772 
0.00012797 
0.00012797 
0.00012706 
0.00012660 
0.00012802 
0.00012800 
0.00012930 
0.00012930 
0.00012900 
0.00012800 
0.00012872 
0.00012852 
0.00012841 
0.00012889 
0.00012883 
0.00013022 
0.00013100 
0.00013100 
0.00013132 
0.00013059 
0.00013135 
0.00013173 
0.00013173 
0.00013135 
0.00013173 
0.00013135 
0.00013135 
0.00013135 
0.00013040 
0.00013040 
0.00013040 
0.00013034 
0.00013034 
0.00013034 
0.00013030 
0.00013041 
0.00013041 
0.00013076 
0.00013100 
0.00013085 
0.00013086 
0.00013263 
0.00013150 
0.00013210 
0.00013263 
0.00013271 
0.00013394 
0.00013348 
0.00013348 
0.00013325 
0.00013415 
0.00013464 
0.00013475 
0.00013416 
0.00013407 
0.00013527 
0.00013537 
0.00013516 
0.00013484 
0.00013484 
0.00013509 
0.00013572 
0.00013574 
0.00013520 
0.00013610 
0.00013513 
0.00013575 
0.00013536 
0.00013536 
0.00013526 
0.00013461 
0.00013456 
0.00013508 
0.00013266 
0.00013506 
0.00013523 
0.00013630 
0.00013568 
0.00013546 
0.00013188 
0.00013221 
0.00013103 
0.00013204 
0.00013059 
0.00013059 
0.00013049 
0.00013165 
0.00013054 
0.00013120 
0.00013120 
0.00013141 
0.00013141 
0.00013141 
0.00013229 
0.00013308 
0.00013398 
0.00013323 
0.00013215 
0.00013166 
0.00013166 
0.00013147 
0.00013146 
0.00013147 
0.00013196 
0.00013134 
0.00013183 
0.00013238 
0.00013345 
0.00013277 
0.00013200 
0.00013215 
0.00013186 
0.00013196 
0.00013325 
0.00013203 
0.00013121 
0.00013156 
0.00013148 
0.00013137 
0.00013110 
0.00013088 
0.00013088 
0.00013043 
0.00013041 
0.00013098 
0.00013098 
0.00013076 
0.00013038 
0.00013078 
0.00013040 
0.00013038 
0.00013874 
0.00013867 
0.00013917 
0.00013870 
0.00013765 
0.00013759 
0.00013706 
0.00013749 
0.00013700 
0.00013680 
0.00013627 
0.00013654 
0.00013617 
0.00013654 
0.00013567 
0.00013682 
0.00013641 
0.00013964 
0.00013950 
0.00013950 
0.00013652 
0.00013415 
0.00013379 
0.00013400 
0.00013329 
0.00013307 
0.00013351 
0.00013332 
0.00013331 
0.00013332 
0.00013312 
0.00013199 
0.00013302 
0.00013245 
0.00013251 
0.00013302 
0.00013276 
0.00013303 
0.00013276 
0.00013281 
0.00013310 
0.00013255 
0.00013257 
0.00013371 
0.00013389 
0.00013370 
0.00013359 
0.00013379 
0.00013383 
0.00013392 
0.00013391 
0.00013446 
0.00013427 
0.00013362 
0.00013391 
0.00013399 
0.00013403 
0.00013399 
0.00013417 
0.00013400 
0.00013334 
0.00013334 
0.00013346 
0.00013355 
0.00013363 
0.00013364 
0.00013391 
0.00013336 
0.00013325 
0.00013350 
0.00013318 
0.00013299 
0.00013245 
0.00013255 
0.00013281 
0.00013293 
0.00013199 
0.00013206 
0.00013252 
0.00013208 
0.00013252 
0.00013284 
0.00013283 
0.00013310 
0.00013300 
0.00013308 
0.00013333 
0.00013306 
0.00013309 
0.00013350 
0.00013297 
0.00013259 
0.00013263 
0.00013270 
0.00013303 
0.00013283 
0.00013246 
0.00013200 
0.00013159 
0.00013175 
0.00013189 
0.00013221 
0.00013255 
0.00013222 
0.00013255 
0.00013259 
0.00013302 
0.00013309 
0.00013452 
0.00013436 
0.00013430 
0.00013400 
0.00013314 
0.00013408 
0.00013211 
0.00013211 
0.00013210 
0.00013207 
0.00013230 
0.00013295 
0.00013404 
0.00013279 
0.00013161 
0.00013254 
0.00013177 
0.00013194 
0.00013205 
0.00013205 
0.00013205 
0.00013205 
0.00013217 
0.00013211 
0.00013161 
0.00013209 
0.00013159 
0.00013209 
0.00013209 
0.00013159 
0.00013166 
0.00013149 
0.00013212 
0.00013219 
0.00013172 
0.00013133 
0.00013120 
0.00012947 
0.00013004 
0.00012847 
0.00012822 
0.00012944 
0.00012883 
0.00012952 
0.00012878 
0.00012886 
0.00012938 
0.00012930 
0.00012874 
0.00012925 
0.00012921 
0.00012853 
0.00012875 
0.00012938 
0.00012801 
0.00012811 
0.00012880 
0.00012879 
0.00012872 
0.00012816 
0.00012805 
0.00012804 
0.00012833 
0.00012842 
0.00012829 
0.00012836 
0.00012782 
0.00012783 
0.00012648 
0.00012590 
0.00012468 
0.00012511 
0.00012556 
0.00012500 
0.00012548 
0.00012584 
0.00012369 
0.00012396 
0.00012396 
0.00012421 
0.00012219 
0.00012301 
0.00012385 
0.00012310 
0.00012309 
0.00012308 
0.00012308 
0.00012347 
0.00012294 
0.00012288 
0.00012227 
0.00012239 
0.00012310 
0.00012316 
0.00012316 
0.00012316 
0.00012538 
0.00012425 
0.00012559 
0.00012298 
0.00012486 
0.00012475 
0.00012479 
0.00012519 
0.00012403 
0.00012349 
0.00012338 
0.00012290 
0.00012324 
0.00012337 
0.00012474 
0.00012303 
0.00012445 
0.00012438 
0.00012493 
0.00012601 
0.00012527 
0.00012587 
0.00012453 
0.00012526 
0.00013100 
0.00012489 
0.00012604 
0.00012604 
0.00012500 
0.00012704 
0.00012721 
0.00012634 
0.00012723 
0.00012503 
0.00012442 
0.00012399 
0.00012298 
0.00012252 
0.00012373 
0.00012336 
0.00012259 
0.00012207 
0.00012203 
0.00012203 
0.00012106 
0.00012099 
0.00011982 
0.00012026 
0.00012008 
0.00011979 
0.00011875 
0.00012062 
0.00012038 
0.00012100 
0.00012051 
0.00012103 
0.00012049 
0.00012109 
0.00012030 
0.00012138 
0.00012169 
0.00012193 
0.00012193 
0.00012247 
0.00012247 
0.00012247 
0.00012180 
0.00012180 
0.00012227 
0.00012188 
0.00012141 
0.00012250 
0.00012141 
0.00012156 
0.00012367 
0.00012470 
0.00012401 
0.00012475 
0.00012484 
0.00012425 
0.00012482 
0.00012585 
0.00012634 
0.00012634 
0.00012553 
0.00012613 
0.00012532 
0.00012524 
0.00012620 
0.00012542 
0.00012637 
0.00012621 
0.00012639 
0.00012665 
0.00012640 
0.00012732 
0.00012732 
0.00012701 
0.00012741 
0.00012801 
0.00012738 
0.00012839 
0.00012842 
0.00012842 
0.00012852 
0.00012903 
0.00012902 
0.00013038 
0.00012931 
0.00012985 
0.00012995 
0.00012863 
0.00012870 
0.00012928 
0.00012926 
0.00012862 
0.00012865 
0.00012753 
0.00012736 
0.00012752 
0.00012707 
0.00012622 
0.00012759 
0.00012686 
0.00012824 
0.00012943 
0.00012800 
0.00012695 
0.00012702 
0.00012739 
0.00012688 
0.00012732 
0.00012739 
0.00012739 
0.00012791 
0.00012726 
0.00012745 
0.00012791 
0.00012798 
0.00012714 
0.00012713 
0.00012751 
0.00012748 
0.00012711 
0.00012772 
0.00012797 
0.00012797 
0.00012706 
0.00012660 
0.00012802 
0.00012800 
0.00012930 
0.00012930 
0.00012900 
0.00012800 
0.00012872 
0.00012852 
0.00012841 
0.00012889 
0.00012883 
0.00013022 
0.00013100 
0.00013100 
0.00013132 
0.00013059 
0.00013135 
0.00013173 
0.00013173 
0.00013135 
0.00013173 
0.00013135 
0.00013135 
0.00013135 
0.00013040 
0.00013040 
0.00013040 
0.00013034 
0.00013034 
0.00013034 
0.00013030 
0.00013041 
0.00013041 
0.00013076 
0.00013100 
0.00013085 
0.00013086 
0.00013263 
0.00013150 
0.00013210 
0.00013263 
0.00013271 
0.00013394 
0.00013348 
0.00013348 
0.00013325 
0.00013415 
0.00013464 
0.00013475 
0.00013416 
0.00013407 
0.00013527 
0.00013537 
0.00013516 
0.00013484 
0.00013484 
0.00013509 
0.00013572 
0.00013574 
0.00013520 
0.00013610 
0.00013513 
0.00013575 
0.00013536 
0.00013536 
0.00013526 
0.00013461 
0.00013456 
0.00013508 
0.00013266 
0.00013506 
0.00013523 
0.00013630 
0.00013568 
0.00013546 
0.00013188 
0.00013221 
0.00013103 
0.00013204 
0.00013059 
0.00013059 
0.00013049 
0.00013165 
0.00013054 
0.00013120 
0.00013120 
0.00013141 
0.00013141 
0.00013141 
0.00013229 
0.00013308 
0.00013398 
0.00013323 
0.00013215 
0.00013166 
0.00013166 
0.00013147 
0.00013146 
0.00013147 
0.00013196 
0.00013134 
0.00013183 
0.00013238 
0.00013345 
0.00013277 
0.00013200 
0.00013215 
0.00013186 
0.00013196 
0.00013325 
0.00013203 
0.00013121 
0.00013156 
0.00013148 
0.00013137 
0.00013110 
0.00013088 
0.00013088 
0.00013043 
0.00013041 
0.00013098 
0.00013098 
0.00013076 
0.00013038 
0.00013078 
0.00013040 
0.00013038 
