0.00013879 
0.00013913 
0.00013875 
0.00013870 
0.00013711 
0.00013744 
0.00013713 
0.00013719 
0.00013695 
0.00013594 
0.00013627 
0.00013615 
0.00013654 
0.00013595 
0.00013654 
0.00013664 
0.00013950 
0.00013959 
0.00013980 
0.00013652 
0.00013415 
0.00013409 
0.00013321 
0.00013354 
0.00013351 
0.00013314 
0.00013332 
0.00013331 
0.00013332 
0.00013349 
0.00013197 
0.00013301 
0.00013234 
0.00013277 
0.00013276 
0.00013288 
0.00013276 
0.00013277 
0.00013278 
0.00013279 
0.00013251 
0.00013258 
0.00013372 
0.00013371 
0.00013371 
0.00013373 
0.00013380 
0.00013405 
0.00013392 
0.00013417 
0.00013406 
0.00013469 
0.00013363 
0.00013361 
0.00013382 
0.00013389 
0.00013399 
0.00013408 
0.00013423 
0.00013335 
0.00013335 
0.00013345 
0.00013356 
0.00013333 
0.00013343 
0.00013364 
0.00013336 
0.00013336 
0.00013325 
0.00013350 
0.00013276 
0.00013256 
0.00013261 
0.00013246 
0.00013300 
0.00013208 
0.00013207 
0.00013238 
0.00013229 
0.00013254 
0.00013283 
0.00013284 
0.00013283 
0.00013347 
0.00013306 
0.00013348 
0.00013306 
0.00013306 
0.00013309 
0.00013298 
0.00013289 
0.00013270 
0.00013255 
0.00013257 
0.00013250 
0.00013310 
0.00013184 
0.00013159 
0.00013196 
0.00013201 
0.00013209 
0.00013251 
0.00013224 
0.00013255 
0.00013255 
0.00013274 
0.00013274 
0.00013429 
0.00013370 
0.00013430 
0.00013399 
0.00013399 
0.00013399 
0.00013212 
0.00013212 
0.00013210 
0.00013161 
0.00013264 
0.00013253 
0.00013449 
0.00013280 
0.00013161 
0.00013255 
0.00013254 
0.00013260 
0.00013205 
0.00013205 
0.00013161 
0.00013161 
0.00013171 
0.00013210 
0.00013209 
0.00013209 
0.00013209 
0.00013209 
0.00013209 
0.00013210 
0.00013161 
0.00013214 
0.00013212 
0.00013219 
0.00013172 
0.00013140 
0.00013135 
0.00013089 
0.00012901 
0.00012894 
0.00012916 
0.00012960 
0.00012956 
0.00012937 
0.00012928 
0.00012882 
0.00012937 
0.00012936 
0.00012875 
0.00012919 
0.00012881 
0.00012814 
0.00012871 
0.00012829 
0.00012846 
0.00012801 
0.00012813 
0.00012876 
0.00012868 
0.00012853 
0.00012817 
0.00012805 
0.00012864 
0.00012860 
0.00012866 
0.00012782 
0.00012795 
0.00012783 
0.00012859 
0.00012589 
0.00012470 
0.00012511 
0.00012556 
0.00012500 
0.00012575 
0.00012549 
0.00012432 
0.00012369 
0.00012396 
0.00012333 
0.00012313 
0.00012296 
0.00012380 
0.00012385 
0.00012362 
0.00012309 
0.00012308 
0.00012400 
0.00012308 
0.00012300 
0.00012210 
0.00012251 
0.00012299 
0.00012316 
0.00012316 
0.00012317 
0.00012316 
0.00012436 
0.00012466 
0.00012423 
0.00012303 
0.00012486 
0.00012479 
0.00012632 
0.00012544 
0.00012362 
0.00012342 
0.00012284 
0.00012271 
0.00012378 
0.00012402 
0.00012499 
0.00012410 
0.00012480 
0.00012493 
0.00012649 
0.00012535 
0.00012458 
0.00012571 
0.00012519 
0.00012593 
0.00012485 
0.00012708 
0.00012617 
0.00012500 
0.00012602 
0.00012722 
0.00012632 
0.00012719 
0.00012541 
0.00012599 
0.00012396 
0.00012377 
0.00012297 
0.00012307 
0.00012352 
0.00012265 
0.00012206 
0.00012272 
0.00012203 
0.00012113 
0.00012098 
0.00012002 
0.00011920 
0.00011912 
0.00011917 
0.00012027 
0.00012001 
0.00012037 
0.00012059 
0.00012046 
0.00012094 
0.00012058 
0.00012109 
0.00012076 
0.00012168 
0.00012027 
0.00012193 
0.00012193 
0.00012193 
0.00012247 
0.00012247 
0.00012224 
0.00012180 
0.00012227 
0.00012184 
0.00012146 
0.00012230 
0.00012141 
0.00012143 
0.00012247 
0.00012400 
0.00012409 
0.00012402 
0.00012420 
0.00012491 
0.00012360 
0.00012510 
0.00012581 
0.00012634 
0.00012622 
0.00012628 
0.00012580 
0.00012532 
0.00012524 
0.00012598 
0.00012618 
0.00012637 
0.00012643 
0.00012628 
0.00012706 
0.00012736 
0.00012732 
0.00012705 
0.00012722 
0.00012800 
0.00012722 
0.00012834 
0.00012852 
0.00012842 
0.00012852 
0.00012902 
0.00012894 
0.00012954 
0.00012991 
0.00012985 
0.00012929 
0.00012928 
0.00012874 
0.00012927 
0.00012926 
0.00012805 
0.00012865 
0.00012713 
0.00012743 
0.00012753 
0.00012750 
0.00012757 
0.00012769 
0.00012829 
0.00012820 
0.00012883 
0.00012841 
0.00012695 
0.00012701 
0.00012688 
0.00012739 
0.00012719 
0.00012713 
0.00012739 
0.00012739 
0.00012791 
0.00012777 
0.00012791 
0.00012791 
0.00012798 
0.00012792 
0.00012684 
0.00012751 
0.00012761 
0.00012709 
0.00012731 
0.00012797 
0.00012730 
0.00012771 
0.00012800 
0.00012802 
0.00012930 
0.00012930 
0.00012930 
0.00012800 
0.00012801 
0.00012846 
0.00012848 
0.00012986 
0.00012877 
0.00012923 
0.00013060 
0.00013100 
0.00013123 
0.00013132 
0.00013135 
0.00013173 
0.00013135 
0.00013173 
0.00013135 
0.00013173 
0.00013135 
0.00013149 
0.00013097 
0.00013040 
0.00013040 
0.00013040 
0.00013034 
0.00013034 
0.00013033 
0.00013033 
0.00013079 
0.00013074 
0.00013026 
0.00013100 
0.00013085 
0.00013150 
0.00013185 
0.00013145 
0.00013257 
0.00013271 
0.00013349 
0.00013407 
0.00013348 
0.00013349 
0.00013376 
0.00013409 
0.00013375 
0.00013416 
0.00013416 
0.00013485 
0.00013484 
0.00013540 
0.00013517 
0.00013484 
0.00013536 
0.00013488 
0.00013572 
0.00013574 
0.00013533 
0.00013514 
0.00013514 
0.00013507 
0.00013536 
0.00013483 
0.00013476 
0.00013527 
0.00013456 
0.00013508 
0.00013436 
0.00013574 
0.00013634 
0.00013611 
0.00013500 
0.00013195 
0.00013196 
0.00013236 
0.00013212 
0.00013182 
0.00013059 
0.00013164 
0.00013049 
0.00013221 
0.00013120 
0.00013120 
0.00013141 
0.00013149 
0.00013141 
0.00013138 
0.00013358 
0.00013404 
0.00013500 
0.00013215 
0.00013215 
0.00013166 
0.00013165 
0.00013146 
0.00013135 
0.00013225 
0.00013146 
0.00013155 
0.00013145 
0.00013344 
0.00013323 
0.00013270 
0.00013266 
0.00013167 
0.00013188 
0.00013308 
0.00013227 
0.00013154 
0.00013100 
0.00013153 
0.00013143 
0.00013103 
0.00013100 
0.00013088 
0.00013088 
0.00013068 
0.00013064 
0.00013039 
0.00013038 
0.00013048 
0.00013096 
0.00013051 
0.00013040 
0.00013097 
0.00013879 
0.00013913 
0.00013875 
0.00013870 
0.00013711 
0.00013744 
0.00013713 
0.00013719 
0.00013695 
0.00013594 
0.00013627 
0.00013615 
0.00013654 
0.00013595 
0.00013654 
0.00013664 
0.00013950 
0.00013959 
0.00013980 
0.00013652 
0.00013415 
0.00013409 
0.00013321 
0.00013354 
0.00013351 
0.00013314 
0.00013332 
0.00013331 
0.00013332 
0.00013349 
0.00013197 
0.00013301 
0.00013234 
0.00013277 
0.00013276 
0.00013288 
0.00013276 
0.00013277 
0.00013278 
0.00013279 
0.00013251 
0.00013258 
0.00013372 
0.00013371 
0.00013371 
0.00013373 
0.00013380 
0.00013405 
0.00013392 
0.00013417 
0.00013406 
0.00013469 
0.00013363 
0.00013361 
0.00013382 
0.00013389 
0.00013399 
0.00013408 
0.00013423 
0.00013335 
0.00013335 
0.00013345 
0.00013356 
0.00013333 
0.00013343 
0.00013364 
0.00013336 
0.00013336 
0.00013325 
0.00013350 
0.00013276 
0.00013256 
0.00013261 
0.00013246 
0.00013300 
0.00013208 
0.00013207 
0.00013238 
0.00013229 
0.00013254 
0.00013283 
0.00013284 
0.00013283 
0.00013347 
0.00013306 
0.00013348 
0.00013306 
0.00013306 
0.00013309 
0.00013298 
0.00013289 
0.00013270 
0.00013255 
0.00013257 
0.00013250 
0.00013310 
0.00013184 
0.00013159 
0.00013196 
0.00013201 
0.00013209 
0.00013251 
0.00013224 
0.00013255 
0.00013255 
0.00013274 
0.00013274 
0.00013429 
0.00013370 
0.00013430 
0.00013399 
0.00013399 
0.00013399 
0.00013212 
0.00013212 
0.00013210 
0.00013161 
0.00013264 
0.00013253 
0.00013449 
0.00013280 
0.00013161 
0.00013255 
0.00013254 
0.00013260 
0.00013205 
0.00013205 
0.00013161 
0.00013161 
0.00013171 
0.00013210 
0.00013209 
0.00013209 
0.00013209 
0.00013209 
0.00013209 
0.00013210 
0.00013161 
0.00013214 
0.00013212 
0.00013219 
0.00013172 
0.00013140 
0.00013135 
0.00013089 
0.00012901 
0.00012894 
0.00012916 
0.00012960 
0.00012956 
0.00012937 
0.00012928 
0.00012882 
0.00012937 
0.00012936 
0.00012875 
0.00012919 
0.00012881 
0.00012814 
0.00012871 
0.00012829 
0.00012846 
0.00012801 
0.00012813 
0.00012876 
0.00012868 
0.00012853 
0.00012817 
0.00012805 
0.00012864 
0.00012860 
0.00012866 
0.00012782 
0.00012795 
0.00012783 
0.00012859 
0.00012589 
0.00012470 
0.00012511 
0.00012556 
0.00012500 
0.00012575 
0.00012549 
0.00012432 
0.00012369 
0.00012396 
0.00012333 
0.00012313 
0.00012296 
0.00012380 
0.00012385 
0.00012362 
0.00012309 
0.00012308 
0.00012400 
0.00012308 
0.00012300 
0.00012210 
0.00012251 
0.00012299 
0.00012316 
0.00012316 
0.00012317 
0.00012316 
0.00012436 
0.00012466 
0.00012423 
0.00012303 
0.00012486 
0.00012479 
0.00012632 
0.00012544 
0.00012362 
0.00012342 
0.00012284 
0.00012271 
0.00012378 
0.00012402 
0.00012499 
0.00012410 
0.00012480 
0.00012493 
0.00012649 
0.00012535 
0.00012458 
0.00012571 
0.00012519 
0.00012593 
0.00012485 
0.00012708 
0.00012617 
0.00012500 
0.00012602 
0.00012722 
0.00012632 
0.00012719 
0.00012541 
0.00012599 
0.00012396 
0.00012377 
0.00012297 
0.00012307 
0.00012352 
0.00012265 
0.00012206 
0.00012272 
0.00012203 
0.00012113 
0.00012098 
0.00012002 
0.00011920 
0.00011912 
0.00011917 
0.00012027 
0.00012001 
0.00012037 
0.00012059 
0.00012046 
0.00012094 
0.00012058 
0.00012109 
0.00012076 
0.00012168 
0.00012027 
0.00012193 
0.00012193 
0.00012193 
0.00012247 
0.00012247 
0.00012224 
0.00012180 
0.00012227 
0.00012184 
0.00012146 
0.00012230 
0.00012141 
0.00012143 
0.00012247 
0.00012400 
0.00012409 
0.00012402 
0.00012420 
0.00012491 
0.00012360 
0.00012510 
0.00012581 
0.00012634 
0.00012622 
0.00012628 
0.00012580 
0.00012532 
0.00012524 
0.00012598 
0.00012618 
0.00012637 
0.00012643 
0.00012628 
0.00012706 
0.00012736 
0.00012732 
0.00012705 
0.00012722 
0.00012800 
0.00012722 
0.00012834 
0.00012852 
0.00012842 
0.00012852 
0.00012902 
0.00012894 
0.00012954 
0.00012991 
0.00012985 
0.00012929 
0.00012928 
0.00012874 
0.00012927 
0.00012926 
0.00012805 
0.00012865 
0.00012713 
0.00012743 
0.00012753 
0.00012750 
0.00012757 
0.00012769 
0.00012829 
0.00012820 
0.00012883 
0.00012841 
0.00012695 
0.00012701 
0.00012688 
0.00012739 
0.00012719 
0.00012713 
0.00012739 
0.00012739 
0.00012791 
0.00012777 
0.00012791 
0.00012791 
0.00012798 
0.00012792 
0.00012684 
0.00012751 
0.00012761 
0.00012709 
0.00012731 
0.00012797 
0.00012730 
0.00012771 
0.00012800 
0.00012802 
0.00012930 
0.00012930 
0.00012930 
0.00012800 
0.00012801 
0.00012846 
0.00012848 
0.00012986 
0.00012877 
0.00012923 
0.00013060 
0.00013100 
0.00013123 
0.00013132 
0.00013135 
0.00013173 
0.00013135 
0.00013173 
0.00013135 
0.00013173 
0.00013135 
0.00013149 
0.00013097 
0.00013040 
0.00013040 
0.00013040 
0.00013034 
0.00013034 
0.00013033 
0.00013033 
0.00013079 
0.00013074 
0.00013026 
0.00013100 
0.00013085 
0.00013150 
0.00013185 
0.00013145 
0.00013257 
0.00013271 
0.00013349 
0.00013407 
0.00013348 
0.00013349 
0.00013376 
0.00013409 
0.00013375 
0.00013416 
0.00013416 
0.00013485 
0.00013484 
0.00013540 
0.00013517 
0.00013484 
0.00013536 
0.00013488 
0.00013572 
0.00013574 
0.00013533 
0.00013514 
0.00013514 
0.00013507 
0.00013536 
0.00013483 
0.00013476 
0.00013527 
0.00013456 
0.00013508 
0.00013436 
0.00013574 
0.00013634 
0.00013611 
0.00013500 
0.00013195 
0.00013196 
0.00013236 
0.00013212 
0.00013182 
0.00013059 
0.00013164 
0.00013049 
0.00013221 
0.00013120 
0.00013120 
0.00013141 
0.00013149 
0.00013141 
0.00013138 
0.00013358 
0.00013404 
0.00013500 
0.00013215 
0.00013215 
0.00013166 
0.00013165 
0.00013146 
0.00013135 
0.00013225 
0.00013146 
0.00013155 
0.00013145 
0.00013344 
0.00013323 
0.00013270 
0.00013266 
0.00013167 
0.00013188 
0.00013308 
0.00013227 
0.00013154 
0.00013100 
0.00013153 
0.00013143 
0.00013103 
0.00013100 
0.00013088 
0.00013088 
0.00013068 
0.00013064 
0.00013039 
0.00013038 
0.00013048 
0.00013096 
0.00013051 
0.00013040 
0.00013097 
0.00013879 
0.00013913 
0.00013875 
0.00013870 
0.00013711 
0.00013744 
0.00013713 
0.00013719 
0.00013695 
0.00013594 
0.00013627 
0.00013615 
0.00013654 
0.00013595 
0.00013654 
0.00013664 
0.00013950 
0.00013959 
0.00013980 
0.00013652 
0.00013415 
0.00013409 
0.00013321 
0.00013354 
0.00013351 
0.00013314 
0.00013332 
0.00013331 
0.00013332 
0.00013349 
0.00013197 
0.00013301 
0.00013234 
0.00013277 
0.00013276 
0.00013288 
0.00013276 
0.00013277 
0.00013278 
0.00013279 
0.00013251 
0.00013258 
0.00013372 
0.00013371 
0.00013371 
0.00013373 
0.00013380 
0.00013405 
0.00013392 
0.00013417 
0.00013406 
0.00013469 
0.00013363 
0.00013361 
0.00013382 
0.00013389 
0.00013399 
0.00013408 
0.00013423 
0.00013335 
0.00013335 
0.00013345 
0.00013356 
0.00013333 
0.00013343 
0.00013364 
0.00013336 
0.00013336 
0.00013325 
0.00013350 
0.00013276 
0.00013256 
0.00013261 
0.00013246 
0.00013300 
0.00013208 
0.00013207 
0.00013238 
0.00013229 
0.00013254 
0.00013283 
0.00013284 
0.00013283 
0.00013347 
0.00013306 
0.00013348 
0.00013306 
0.00013306 
0.00013309 
0.00013298 
0.00013289 
0.00013270 
0.00013255 
0.00013257 
0.00013250 
0.00013310 
0.00013184 
0.00013159 
0.00013196 
0.00013201 
0.00013209 
0.00013251 
0.00013224 
0.00013255 
0.00013255 
0.00013274 
0.00013274 
0.00013429 
0.00013370 
0.00013430 
0.00013399 
0.00013399 
0.00013399 
0.00013212 
0.00013212 
0.00013210 
0.00013161 
0.00013264 
0.00013253 
0.00013449 
0.00013280 
0.00013161 
0.00013255 
0.00013254 
0.00013260 
0.00013205 
0.00013205 
0.00013161 
0.00013161 
0.00013171 
0.00013210 
0.00013209 
0.00013209 
0.00013209 
0.00013209 
0.00013209 
0.00013210 
0.00013161 
0.00013214 
0.00013212 
0.00013219 
0.00013172 
0.00013140 
0.00013135 
0.00013089 
0.00012901 
0.00012894 
0.00012916 
0.00012960 
0.00012956 
0.00012937 
0.00012928 
0.00012882 
0.00012937 
0.00012936 
0.00012875 
0.00012919 
0.00012881 
0.00012814 
0.00012871 
0.00012829 
0.00012846 
0.00012801 
0.00012813 
0.00012876 
0.00012868 
0.00012853 
0.00012817 
0.00012805 
0.00012864 
0.00012860 
0.00012866 
0.00012782 
0.00012795 
0.00012783 
0.00012859 
0.00012589 
0.00012470 
0.00012511 
0.00012556 
0.00012500 
0.00012575 
0.00012549 
0.00012432 
0.00012369 
0.00012396 
0.00012333 
0.00012313 
0.00012296 
0.00012380 
0.00012385 
0.00012362 
0.00012309 
0.00012308 
0.00012400 
0.00012308 
0.00012300 
0.00012210 
0.00012251 
0.00012299 
0.00012316 
0.00012316 
0.00012317 
0.00012316 
0.00012436 
0.00012466 
0.00012423 
0.00012303 
0.00012486 
0.00012479 
0.00012632 
0.00012544 
0.00012362 
0.00012342 
0.00012284 
0.00012271 
0.00012378 
0.00012402 
0.00012499 
0.00012410 
0.00012480 
0.00012493 
0.00012649 
0.00012535 
0.00012458 
0.00012571 
0.00012519 
0.00012593 
0.00012485 
0.00012708 
0.00012617 
0.00012500 
0.00012602 
0.00012722 
0.00012632 
0.00012719 
0.00012541 
0.00012599 
0.00012396 
0.00012377 
0.00012297 
0.00012307 
0.00012352 
0.00012265 
0.00012206 
0.00012272 
0.00012203 
0.00012113 
0.00012098 
0.00012002 
0.00011920 
0.00011912 
0.00011917 
0.00012027 
0.00012001 
0.00012037 
0.00012059 
0.00012046 
0.00012094 
0.00012058 
0.00012109 
0.00012076 
0.00012168 
0.00012027 
0.00012193 
0.00012193 
0.00012193 
0.00012247 
0.00012247 
0.00012224 
0.00012180 
0.00012227 
0.00012184 
0.00012146 
0.00012230 
0.00012141 
0.00012143 
0.00012247 
0.00012400 
0.00012409 
0.00012402 
0.00012420 
0.00012491 
0.00012360 
0.00012510 
0.00012581 
0.00012634 
0.00012622 
0.00012628 
0.00012580 
0.00012532 
0.00012524 
0.00012598 
0.00012618 
0.00012637 
0.00012643 
0.00012628 
0.00012706 
0.00012736 
0.00012732 
0.00012705 
0.00012722 
0.00012800 
0.00012722 
0.00012834 
0.00012852 
0.00012842 
0.00012852 
0.00012902 
0.00012894 
0.00012954 
0.00012991 
0.00012985 
0.00012929 
0.00012928 
0.00012874 
0.00012927 
0.00012926 
0.00012805 
0.00012865 
0.00012713 
0.00012743 
0.00012753 
0.00012750 
0.00012757 
0.00012769 
0.00012829 
0.00012820 
0.00012883 
0.00012841 
0.00012695 
0.00012701 
0.00012688 
0.00012739 
0.00012719 
0.00012713 
0.00012739 
0.00012739 
0.00012791 
0.00012777 
0.00012791 
0.00012791 
0.00012798 
0.00012792 
0.00012684 
0.00012751 
0.00012761 
0.00012709 
0.00012731 
0.00012797 
0.00012730 
0.00012771 
0.00012800 
0.00012802 
0.00012930 
0.00012930 
0.00012930 
0.00012800 
0.00012801 
0.00012846 
0.00012848 
0.00012986 
0.00012877 
0.00012923 
0.00013060 
0.00013100 
0.00013123 
0.00013132 
0.00013135 
0.00013173 
0.00013135 
0.00013173 
0.00013135 
0.00013173 
0.00013135 
0.00013149 
0.00013097 
0.00013040 
0.00013040 
0.00013040 
0.00013034 
0.00013034 
0.00013033 
0.00013033 
0.00013079 
0.00013074 
0.00013026 
0.00013100 
0.00013085 
0.00013150 
0.00013185 
0.00013145 
0.00013257 
0.00013271 
0.00013349 
0.00013407 
0.00013348 
0.00013349 
0.00013376 
0.00013409 
0.00013375 
0.00013416 
0.00013416 
0.00013485 
0.00013484 
0.00013540 
0.00013517 
0.00013484 
0.00013536 
0.00013488 
0.00013572 
0.00013574 
0.00013533 
0.00013514 
0.00013514 
0.00013507 
0.00013536 
0.00013483 
0.00013476 
0.00013527 
0.00013456 
0.00013508 
0.00013436 
0.00013574 
0.00013634 
0.00013611 
0.00013500 
0.00013195 
0.00013196 
0.00013236 
0.00013212 
0.00013182 
0.00013059 
0.00013164 
0.00013049 
0.00013221 
0.00013120 
0.00013120 
0.00013141 
0.00013149 
0.00013141 
0.00013138 
0.00013358 
0.00013404 
0.00013500 
0.00013215 
0.00013215 
0.00013166 
0.00013165 
0.00013146 
0.00013135 
0.00013225 
0.00013146 
0.00013155 
0.00013145 
0.00013344 
0.00013323 
0.00013270 
0.00013266 
0.00013167 
0.00013188 
0.00013308 
0.00013227 
0.00013154 
0.00013100 
0.00013153 
0.00013143 
0.00013103 
0.00013100 
0.00013088 
0.00013088 
0.00013068 
0.00013064 
0.00013039 
0.00013038 
0.00013048 
0.00013096 
0.00013051 
0.00013040 
0.00013097 
