0.00006700 
0.00006842 
0.00006802 
0.00006842 
0.00006763 
0.00006750 
0.00006759 
0.00006846 
0.00006819 
0.00006877 
0.00006821 
0.00006773 
0.00006715 
0.00006719 
0.00006727 
0.00006810 
0.00006860 
0.00006845 
0.00006900 
0.00006945 
0.00006953 
0.00006960 
0.00006924 
0.00006919 
0.00006900 
0.00006919 
0.00006872 
0.00006845 
0.00006875 
0.00006914 
0.00006924 
0.00006877 
0.00006878 
0.00006787 
0.00006791 
0.00006720 
0.00006714 
0.00006759 
0.00006711 
0.00006759 
0.00006687 
0.00006677 
0.00006631 
0.00006634 
0.00006624 
0.00006624 
0.00006547 
0.00006670 
0.00006651 
0.00006652 
0.00006700 
0.00006542 
0.00006510 
0.00006481 
0.00006536 
0.00006484 
0.00006460 
0.00006440 
0.00006440 
0.00006440 
0.00006458 
0.00006440 
0.00006440 
0.00006395 
0.00006450 
0.00006415 
0.00006421 
0.00006376 
0.00006374 
0.00006427 
0.00006436 
0.00006429 
0.00006429 
0.00006439 
0.00006448 
0.00006370 
0.00006363 
0.00006267 
0.00006253 
0.00006243 
0.00006267 
0.00006267 
0.00006267 
0.00006210 
0.00006298 
0.00006292 
0.00006263 
0.00006261 
0.00006301 
0.00006365 
0.00006323 
0.00006343 
0.00006345 
0.00006345 
0.00006356 
0.00006364 
0.00006341 
0.00006341 
0.00006400 
0.00006360 
0.00006427 
0.00006469 
0.00006481 
0.00006464 
0.00006480 
0.00006464 
0.00006452 
0.00006425 
0.00006396 
0.00006397 
0.00006403 
0.00006410 
0.00006384 
0.00006371 
0.00006341 
0.00006287 
0.00006395 
0.00006402 
0.00006400 
0.00006434 
0.00006420 
0.00006413 
0.00006413 
0.00006325 
0.00006399 
0.00006392 
0.00006245 
0.00006163 
0.00006182 
0.00006182 
0.00006239 
0.00006239 
0.00006239 
0.00006180 
0.00006180 
0.00006179 
0.00006194 
0.00006190 
0.00006190 
0.00006150 
0.00006142 
0.00006146 
0.00006158 
0.00006199 
0.00006173 
0.00006180 
0.00006164 
0.00006185 
0.00006248 
0.00006308 
0.00006280 
0.00006335 
0.00006292 
0.00006291 
0.00006313 
0.00006203 
0.00006197 
0.00006079 
0.00006200 
0.00006199 
0.00006261 
0.00006261 
0.00006036 
0.00006036 
0.00006112 
0.00006112 
0.00006190 
0.00006200 
0.00006168 
0.00005953 
0.00005950 
0.00005934 
0.00005934 
0.00005917 
0.00005905 
0.00005906 
0.00005900 
0.00005872 
0.00005870 
0.00005873 
0.00005861 
0.00005850 
0.00005850 
0.00005844 
0.00005833 
0.00005833 
0.00005848 
0.00005815 
0.00005757 
0.00005756 
0.00005787 
0.00005787 
0.00005731 
0.00005731 
0.00005690 
0.00005706 
0.00005690 
0.00005680 
0.00005655 
0.00005654 
0.00005653 
0.00005689 
0.00005678 
0.00005678 
0.00005649 
0.00005677 
0.00005677 
0.00005729 
0.00005667 
0.00005707 
0.00005709 
0.00005677 
0.00005677 
0.00005626 
0.00005661 
0.00005613 
0.00005680 
0.00005710 
0.00005699 
0.00005709 
0.00005699 
0.00005798 
0.00005821 
0.00005884 
0.00005895 
0.00005801 
0.00005920 
0.00005940 
0.00005885 
0.00005885 
0.00005884 
0.00005895 
0.00005898 
0.00005881 
0.00005990 
0.00005986 
0.00005985 
0.00005920 
0.00005861 
0.00005860 
0.00005860 
0.00005848 
0.00005810 
0.00005846 
0.00005841 
0.00005812 
0.00005793 
0.00005789 
0.00005651 
0.00005625 
0.00005625 
0.00005614 
0.00005615 
0.00005615 
0.00005605 
0.00005566 
0.00005518 
0.00005514 
0.00005572 
0.00005574 
0.00005576 
0.00005533 
0.00005505 
0.00005565 
0.00005542 
0.00005577 
0.00005510 
0.00005548 
0.00005560 
0.00005569 
0.00005569 
0.00005500 
0.00005544 
0.00005556 
0.00005501 
0.00005505 
0.00005566 
0.00005567 
0.00005510 
0.00005560 
0.00005514 
0.00005540 
0.00005540 
0.00005590 
0.00005590 
0.00005513 
0.00005510 
0.00005516 
0.00005505 
0.00005505 
0.00005545 
0.00005514 
0.00005514 
0.00005559 
0.00005505 
0.00005507 
0.00005504 
0.00005501 
0.00005546 
0.00005546 
0.00005501 
0.00005560 
0.00005600 
0.00005600 
0.00005601 
0.00005602 
0.00005600 
0.00005616 
0.00005680 
0.00005683 
0.00005703 
0.00005806 
0.00005806 
0.00005760 
0.00005672 
0.00005668 
0.00005668 
0.00005643 
0.00005589 
0.00005564 
0.00005519 
0.00005519 
0.00005519 
0.00005519 
0.00005519 
0.00005518 
0.00005525 
0.00005550 
0.00005500 
0.00005500 
0.00005500 
0.00005502 
0.00005501 
0.00005501 
0.00005546 
0.00005503 
0.00005507 
0.00005507 
0.00005557 
0.00005512 
0.00005506 
0.00005601 
0.00005617 
0.00005600 
0.00005588 
0.00005581 
0.00005567 
0.00005567 
0.00005566 
0.00005557 
0.00005558 
0.00005525 
0.00005500 
0.00005508 
0.00005507 
0.00005542 
0.00005542 
0.00005503 
0.00005508 
0.00005519 
0.00005503 
0.00005520 
0.00005554 
0.00005554 
0.00005609 
0.00005561 
0.00005613 
0.00005642 
0.00005705 
0.00005705 
0.00005756 
0.00005705 
0.00005765 
0.00005765 
0.00005755 
0.00005752 
0.00005698 
0.00005697 
0.00005697 
0.00005697 
0.00005724 
0.00005746 
0.00005717 
0.00005700 
0.00005730 
0.00005791 
0.00005803 
0.00005720 
0.00005720 
0.00005814 
0.00005800 
0.00005718 
0.00005719 
0.00005843 
0.00005877 
0.00005882 
0.00005877 
0.00005928 
0.00005928 
0.00005884 
0.00005916 
0.00005930 
0.00005930 
0.00005965 
0.00005985 
0.00006059 
0.00006059 
0.00006043 
0.00005993 
0.00006001 
0.00005977 
0.00006000 
0.00006021 
0.00006021 
0.00006001 
0.00006001 
0.00005900 
0.00005931 
0.00005917 
0.00005879 
0.00005980 
0.00005980 
0.00005981 
0.00006061 
0.00006061 
0.00006048 
0.00006048 
0.00006027 
0.00005988 
0.00006029 
0.00006002 
0.00005976 
0.00005977 
0.00005917 
0.00005838 
0.00005827 
0.00005903 
0.00005903 
0.00005871 
0.00005891 
0.00005903 
0.00005805 
0.00005858 
0.00005870 
0.00005870 
0.00005876 
0.00005930 
0.00005907 
0.00005900 
0.00005901 
0.00005901 
0.00005900 
0.00005909 
0.00005918 
0.00006012 
0.00006166 
0.00006072 
0.00006072 
0.00006236 
0.00006179 
0.00006196 
0.00006234 
0.00006237 
0.00006237 
0.00006233 
0.00006233 
0.00006262 
0.00006274 
0.00006208 
0.00006156 
0.00006147 
0.00006199 
0.00006142 
0.00006142 
0.00006130 
0.00006125 
0.00006100 
0.00006100 
0.00006076 
0.00006000 
0.00006700 
0.00006842 
0.00006802 
0.00006842 
0.00006763 
0.00006750 
0.00006759 
0.00006846 
0.00006819 
0.00006877 
0.00006821 
0.00006773 
0.00006715 
0.00006719 
0.00006727 
0.00006810 
0.00006860 
0.00006845 
0.00006900 
0.00006945 
0.00006953 
0.00006960 
0.00006924 
0.00006919 
0.00006900 
0.00006919 
0.00006872 
0.00006845 
0.00006875 
0.00006914 
0.00006924 
0.00006877 
0.00006878 
0.00006787 
0.00006791 
0.00006720 
0.00006714 
0.00006759 
0.00006711 
0.00006759 
0.00006687 
0.00006677 
0.00006631 
0.00006634 
0.00006624 
0.00006624 
0.00006547 
0.00006670 
0.00006651 
0.00006652 
0.00006700 
0.00006542 
0.00006510 
0.00006481 
0.00006536 
0.00006484 
0.00006460 
0.00006440 
0.00006440 
0.00006440 
0.00006458 
0.00006440 
0.00006440 
0.00006395 
0.00006450 
0.00006415 
0.00006421 
0.00006376 
0.00006374 
0.00006427 
0.00006436 
0.00006429 
0.00006429 
0.00006439 
0.00006448 
0.00006370 
0.00006363 
0.00006267 
0.00006253 
0.00006243 
0.00006267 
0.00006267 
0.00006267 
0.00006210 
0.00006298 
0.00006292 
0.00006263 
0.00006261 
0.00006301 
0.00006365 
0.00006323 
0.00006343 
0.00006345 
0.00006345 
0.00006356 
0.00006364 
0.00006341 
0.00006341 
0.00006400 
0.00006360 
0.00006427 
0.00006469 
0.00006481 
0.00006464 
0.00006480 
0.00006464 
0.00006452 
0.00006425 
0.00006396 
0.00006397 
0.00006403 
0.00006410 
0.00006384 
0.00006371 
0.00006341 
0.00006287 
0.00006395 
0.00006402 
0.00006400 
0.00006434 
0.00006420 
0.00006413 
0.00006413 
0.00006325 
0.00006399 
0.00006392 
0.00006245 
0.00006163 
0.00006182 
0.00006182 
0.00006239 
0.00006239 
0.00006239 
0.00006180 
0.00006180 
0.00006179 
0.00006194 
0.00006190 
0.00006190 
0.00006150 
0.00006142 
0.00006146 
0.00006158 
0.00006199 
0.00006173 
0.00006180 
0.00006164 
0.00006185 
0.00006248 
0.00006308 
0.00006280 
0.00006335 
0.00006292 
0.00006291 
0.00006313 
0.00006203 
0.00006197 
0.00006079 
0.00006200 
0.00006199 
0.00006261 
0.00006261 
0.00006036 
0.00006036 
0.00006112 
0.00006112 
0.00006190 
0.00006200 
0.00006168 
0.00005953 
0.00005950 
0.00005934 
0.00005934 
0.00005917 
0.00005905 
0.00005906 
0.00005900 
0.00005872 
0.00005870 
0.00005873 
0.00005861 
0.00005850 
0.00005850 
0.00005844 
0.00005833 
0.00005833 
0.00005848 
0.00005815 
0.00005757 
0.00005756 
0.00005787 
0.00005787 
0.00005731 
0.00005731 
0.00005690 
0.00005706 
0.00005690 
0.00005680 
0.00005655 
0.00005654 
0.00005653 
0.00005689 
0.00005678 
0.00005678 
0.00005649 
0.00005677 
0.00005677 
0.00005729 
0.00005667 
0.00005707 
0.00005709 
0.00005677 
0.00005677 
0.00005626 
0.00005661 
0.00005613 
0.00005680 
0.00005710 
0.00005699 
0.00005709 
0.00005699 
0.00005798 
0.00005821 
0.00005884 
0.00005895 
0.00005801 
0.00005920 
0.00005940 
0.00005885 
0.00005885 
0.00005884 
0.00005895 
0.00005898 
0.00005881 
0.00005990 
0.00005986 
0.00005985 
0.00005920 
0.00005861 
0.00005860 
0.00005860 
0.00005848 
0.00005810 
0.00005846 
0.00005841 
0.00005812 
0.00005793 
0.00005789 
0.00005651 
0.00005625 
0.00005625 
0.00005614 
0.00005615 
0.00005615 
0.00005605 
0.00005566 
0.00005518 
0.00005514 
0.00005572 
0.00005574 
0.00005576 
0.00005533 
0.00005505 
0.00005565 
0.00005542 
0.00005577 
0.00005510 
0.00005548 
0.00005560 
0.00005569 
0.00005569 
0.00005500 
0.00005544 
0.00005556 
0.00005501 
0.00005505 
0.00005566 
0.00005567 
0.00005510 
0.00005560 
0.00005514 
0.00005540 
0.00005540 
0.00005590 
0.00005590 
0.00005513 
0.00005510 
0.00005516 
0.00005505 
0.00005505 
0.00005545 
0.00005514 
0.00005514 
0.00005559 
0.00005505 
0.00005507 
0.00005504 
0.00005501 
0.00005546 
0.00005546 
0.00005501 
0.00005560 
0.00005600 
0.00005600 
0.00005601 
0.00005602 
0.00005600 
0.00005616 
0.00005680 
0.00005683 
0.00005703 
0.00005806 
0.00005806 
0.00005760 
0.00005672 
0.00005668 
0.00005668 
0.00005643 
0.00005589 
0.00005564 
0.00005519 
0.00005519 
0.00005519 
0.00005519 
0.00005519 
0.00005518 
0.00005525 
0.00005550 
0.00005500 
0.00005500 
0.00005500 
0.00005502 
0.00005501 
0.00005501 
0.00005546 
0.00005503 
0.00005507 
0.00005507 
0.00005557 
0.00005512 
0.00005506 
0.00005601 
0.00005617 
0.00005600 
0.00005588 
0.00005581 
0.00005567 
0.00005567 
0.00005566 
0.00005557 
0.00005558 
0.00005525 
0.00005500 
0.00005508 
0.00005507 
0.00005542 
0.00005542 
0.00005503 
0.00005508 
0.00005519 
0.00005503 
0.00005520 
0.00005554 
0.00005554 
0.00005609 
0.00005561 
0.00005613 
0.00005642 
0.00005705 
0.00005705 
0.00005756 
0.00005705 
0.00005765 
0.00005765 
0.00005755 
0.00005752 
0.00005698 
0.00005697 
0.00005697 
0.00005697 
0.00005724 
0.00005746 
0.00005717 
0.00005700 
0.00005730 
0.00005791 
0.00005803 
0.00005720 
0.00005720 
0.00005814 
0.00005800 
0.00005718 
0.00005719 
0.00005843 
0.00005877 
0.00005882 
0.00005877 
0.00005928 
0.00005928 
0.00005884 
0.00005916 
0.00005930 
0.00005930 
0.00005965 
0.00005985 
0.00006059 
0.00006059 
0.00006043 
0.00005993 
0.00006001 
0.00005977 
0.00006000 
0.00006021 
0.00006021 
0.00006001 
0.00006001 
0.00005900 
0.00005931 
0.00005917 
0.00005879 
0.00005980 
0.00005980 
0.00005981 
0.00006061 
0.00006061 
0.00006048 
0.00006048 
0.00006027 
0.00005988 
0.00006029 
0.00006002 
0.00005976 
0.00005977 
0.00005917 
0.00005838 
0.00005827 
0.00005903 
0.00005903 
0.00005871 
0.00005891 
0.00005903 
0.00005805 
0.00005858 
0.00005870 
0.00005870 
0.00005876 
0.00005930 
0.00005907 
0.00005900 
0.00005901 
0.00005901 
0.00005900 
0.00005909 
0.00005918 
0.00006012 
0.00006166 
0.00006072 
0.00006072 
0.00006236 
0.00006179 
0.00006196 
0.00006234 
0.00006237 
0.00006237 
0.00006233 
0.00006233 
0.00006262 
0.00006274 
0.00006208 
0.00006156 
0.00006147 
0.00006199 
0.00006142 
0.00006142 
0.00006130 
0.00006125 
0.00006100 
0.00006100 
0.00006076 
0.00006000 
0.00006700 
0.00006842 
0.00006802 
0.00006842 
0.00006763 
0.00006750 
0.00006759 
0.00006846 
0.00006819 
0.00006877 
0.00006821 
0.00006773 
0.00006715 
0.00006719 
0.00006727 
0.00006810 
0.00006860 
0.00006845 
0.00006900 
0.00006945 
0.00006953 
0.00006960 
0.00006924 
0.00006919 
0.00006900 
0.00006919 
0.00006872 
0.00006845 
0.00006875 
0.00006914 
0.00006924 
0.00006877 
0.00006878 
0.00006787 
0.00006791 
0.00006720 
0.00006714 
0.00006759 
0.00006711 
0.00006759 
0.00006687 
0.00006677 
0.00006631 
0.00006634 
0.00006624 
0.00006624 
0.00006547 
0.00006670 
0.00006651 
0.00006652 
0.00006700 
0.00006542 
0.00006510 
0.00006481 
0.00006536 
0.00006484 
0.00006460 
0.00006440 
0.00006440 
0.00006440 
0.00006458 
0.00006440 
0.00006440 
0.00006395 
0.00006450 
0.00006415 
0.00006421 
0.00006376 
0.00006374 
0.00006427 
0.00006436 
0.00006429 
0.00006429 
0.00006439 
0.00006448 
0.00006370 
0.00006363 
0.00006267 
0.00006253 
0.00006243 
0.00006267 
0.00006267 
0.00006267 
0.00006210 
0.00006298 
0.00006292 
0.00006263 
0.00006261 
0.00006301 
0.00006365 
0.00006323 
0.00006343 
0.00006345 
0.00006345 
0.00006356 
0.00006364 
0.00006341 
0.00006341 
0.00006400 
0.00006360 
0.00006427 
0.00006469 
0.00006481 
0.00006464 
0.00006480 
0.00006464 
0.00006452 
0.00006425 
0.00006396 
0.00006397 
0.00006403 
0.00006410 
0.00006384 
0.00006371 
0.00006341 
0.00006287 
0.00006395 
0.00006402 
0.00006400 
0.00006434 
0.00006420 
0.00006413 
0.00006413 
0.00006325 
0.00006399 
0.00006392 
0.00006245 
0.00006163 
0.00006182 
0.00006182 
0.00006239 
0.00006239 
0.00006239 
0.00006180 
0.00006180 
0.00006179 
0.00006194 
0.00006190 
0.00006190 
0.00006150 
0.00006142 
0.00006146 
0.00006158 
0.00006199 
0.00006173 
0.00006180 
0.00006164 
0.00006185 
0.00006248 
0.00006308 
0.00006280 
0.00006335 
0.00006292 
0.00006291 
0.00006313 
0.00006203 
0.00006197 
0.00006079 
0.00006200 
0.00006199 
0.00006261 
0.00006261 
0.00006036 
0.00006036 
0.00006112 
0.00006112 
0.00006190 
0.00006200 
0.00006168 
0.00005953 
0.00005950 
0.00005934 
0.00005934 
0.00005917 
0.00005905 
0.00005906 
0.00005900 
0.00005872 
0.00005870 
0.00005873 
0.00005861 
0.00005850 
0.00005850 
0.00005844 
0.00005833 
0.00005833 
0.00005848 
0.00005815 
0.00005757 
0.00005756 
0.00005787 
0.00005787 
0.00005731 
0.00005731 
0.00005690 
0.00005706 
0.00005690 
0.00005680 
0.00005655 
0.00005654 
0.00005653 
0.00005689 
0.00005678 
0.00005678 
0.00005649 
0.00005677 
0.00005677 
0.00005729 
0.00005667 
0.00005707 
0.00005709 
0.00005677 
0.00005677 
0.00005626 
0.00005661 
0.00005613 
0.00005680 
0.00005710 
0.00005699 
0.00005709 
0.00005699 
0.00005798 
0.00005821 
0.00005884 
0.00005895 
0.00005801 
0.00005920 
0.00005940 
0.00005885 
0.00005885 
0.00005884 
0.00005895 
0.00005898 
0.00005881 
0.00005990 
0.00005986 
0.00005985 
0.00005920 
0.00005861 
0.00005860 
0.00005860 
0.00005848 
0.00005810 
0.00005846 
0.00005841 
0.00005812 
0.00005793 
0.00005789 
0.00005651 
0.00005625 
0.00005625 
0.00005614 
0.00005615 
0.00005615 
0.00005605 
0.00005566 
0.00005518 
0.00005514 
0.00005572 
0.00005574 
0.00005576 
0.00005533 
0.00005505 
0.00005565 
0.00005542 
0.00005577 
0.00005510 
0.00005548 
0.00005560 
0.00005569 
0.00005569 
0.00005500 
0.00005544 
0.00005556 
0.00005501 
0.00005505 
0.00005566 
0.00005567 
0.00005510 
0.00005560 
0.00005514 
0.00005540 
0.00005540 
0.00005590 
0.00005590 
0.00005513 
0.00005510 
0.00005516 
0.00005505 
0.00005505 
0.00005545 
0.00005514 
0.00005514 
0.00005559 
0.00005505 
0.00005507 
0.00005504 
0.00005501 
0.00005546 
0.00005546 
0.00005501 
0.00005560 
0.00005600 
0.00005600 
0.00005601 
0.00005602 
0.00005600 
0.00005616 
0.00005680 
0.00005683 
0.00005703 
0.00005806 
0.00005806 
0.00005760 
0.00005672 
0.00005668 
0.00005668 
0.00005643 
0.00005589 
0.00005564 
0.00005519 
0.00005519 
0.00005519 
0.00005519 
0.00005519 
0.00005518 
0.00005525 
0.00005550 
0.00005500 
0.00005500 
0.00005500 
0.00005502 
0.00005501 
0.00005501 
0.00005546 
0.00005503 
0.00005507 
0.00005507 
0.00005557 
0.00005512 
0.00005506 
0.00005601 
0.00005617 
0.00005600 
0.00005588 
0.00005581 
0.00005567 
0.00005567 
0.00005566 
0.00005557 
0.00005558 
0.00005525 
0.00005500 
0.00005508 
0.00005507 
0.00005542 
0.00005542 
0.00005503 
0.00005508 
0.00005519 
0.00005503 
0.00005520 
0.00005554 
0.00005554 
0.00005609 
0.00005561 
0.00005613 
0.00005642 
0.00005705 
0.00005705 
0.00005756 
0.00005705 
0.00005765 
0.00005765 
0.00005755 
0.00005752 
0.00005698 
0.00005697 
0.00005697 
0.00005697 
0.00005724 
0.00005746 
0.00005717 
0.00005700 
0.00005730 
0.00005791 
0.00005803 
0.00005720 
0.00005720 
0.00005814 
0.00005800 
0.00005718 
0.00005719 
0.00005843 
0.00005877 
0.00005882 
0.00005877 
0.00005928 
0.00005928 
0.00005884 
0.00005916 
0.00005930 
0.00005930 
0.00005965 
0.00005985 
0.00006059 
0.00006059 
0.00006043 
0.00005993 
0.00006001 
0.00005977 
0.00006000 
0.00006021 
0.00006021 
0.00006001 
0.00006001 
0.00005900 
0.00005931 
0.00005917 
0.00005879 
0.00005980 
0.00005980 
0.00005981 
0.00006061 
0.00006061 
0.00006048 
0.00006048 
0.00006027 
0.00005988 
0.00006029 
0.00006002 
0.00005976 
0.00005977 
0.00005917 
0.00005838 
0.00005827 
0.00005903 
0.00005903 
0.00005871 
0.00005891 
0.00005903 
0.00005805 
0.00005858 
0.00005870 
0.00005870 
0.00005876 
0.00005930 
0.00005907 
0.00005900 
0.00005901 
0.00005901 
0.00005900 
0.00005909 
0.00005918 
0.00006012 
0.00006166 
0.00006072 
0.00006072 
0.00006236 
0.00006179 
0.00006196 
0.00006234 
0.00006237 
0.00006237 
0.00006233 
0.00006233 
0.00006262 
0.00006274 
0.00006208 
0.00006156 
0.00006147 
0.00006199 
0.00006142 
0.00006142 
0.00006130 
0.00006125 
0.00006100 
0.00006100 
0.00006076 
0.00006000 
