1654.00000000 
4506.00000000 
1888.00000000 
2895.00000000 
5209.00000000 
1298.00000000 
862.00000000 
7279.00000000 
3469.00000000 
20238.00000000 
12880.00000000 
3535.00000000 
53.00000000 
4824.00000000 
22651.00000000 
1176.00000000 
2044.00000000 
17131.00000000 
4010.00000000 
12180.00000000 
4746.00000000 
5761.00000000 
2770.00000000 
1155.00000000 
1740.00000000 
6102.00000000 
1560.00000000 
4005.00000000 
5391.00000000 
2657.00000000 
2182.00000000 
15416.00000000 
1105.00000000 
1487.00000000 
12581.00000000 
584.00000000 
1217.00000000 
1216.00000000 
3197.00000000 
2876.00000000 
1724.00000000 
977.00000000 
382.00000000 
1125.00000000 
490.00000000 
1826.00000000 
6002.00000000 
3341.00000000 
2521.00000000 
11449.00000000 
12377.00000000 
1114.00000000 
956.00000000 
1045.00000000 
107.00000000 
3975.00000000 
25226.00000000 
0.00000000 
1569.00000000 
4419.00000000 
10775.00000000 
0.00000000 
1088.00000000 
1274.00000000 
1714.00000000 
128.00000000 
155.00000000 
245.00000000 
2919.00000000 
35.00000000 
563.00000000 
0.00000000 
2360.00000000 
2689.00000000 
318.00000000 
1514.00000000 
17236.00000000 
830.00000000 
2732.00000000 
502.00000000 
0.00000000 
0.00000000 
507.00000000 
15314.00000000 
4177.00000000 
3863.00000000 
36.00000000 
2038.00000000 
2393.00000000 
2742.00000000 
85132.00000000 
4644.00000000 
512.00000000 
5482.00000000 
12292.00000000 
1378.00000000 
3031.00000000 
4016.00000000 
2184.00000000 
2135.00000000 
9107.00000000 
2962.00000000 
1303.00000000 
1586.00000000 
4775.00000000 
8476.00000000 
5828.00000000 
2787.00000000 
661.00000000 
3659.00000000 
853.00000000 
1713.00000000 
862.00000000 
2139.00000000 
561.00000000 
5113.00000000 
3306.00000000 
11462.00000000 
2498.00000000 
2611.00000000 
6927.00000000 
4164.00000000 
8690.00000000 
2021.00000000 
1734.00000000 
6870.00000000 
1846.00000000 
2531.00000000 
0.00000000 
475.00000000 
1406.00000000 
265.00000000 
1853.00000000 
634.00000000 
347.00000000 
1153.00000000 
1394.00000000 
0.00000000 
298.00000000 
3175.00000000 
247.00000000 
1945.00000000 
1741.00000000 
6249.00000000 
3898.00000000 
1816.00000000 
3160.00000000 
69.00000000 
7604.00000000 
1044.00000000 
4843.00000000 
18365.00000000 
11349.00000000 
7386.00000000 
2431.00000000 
4886.00000000 
236.00000000 
2045.00000000 
950.00000000 
7979.00000000 
0.00000000 
7321.00000000 
0.00000000 
2981.00000000 
1978.00000000 
1930.00000000 
19837.00000000 
3617.00000000 
42083.00000000 
518.00000000 
3545.00000000 
1028.00000000 
2838.00000000 
14.00000000 
317.00000000 
1608.00000000 
2297.00000000 
1499.00000000 
797.00000000 
2353.00000000 
13521.00000000 
0.00000000 
2100.00000000 
352.00000000 
0.00000000 
66.00000000 
1644.00000000 
6531.00000000 
20.00000000 
947.00000000 
502.00000000 
474.00000000 
0.00000000 
1752.00000000 
4544.00000000 
112.00000000 
3953.00000000 
1681.00000000 
519.00000000 
305.00000000 
208.00000000 
989.00000000 
1476.00000000 
1727.00000000 
1782.00000000 
0.00000000 
44.00000000 
4.00000000 
31.00000000 
1044.00000000 
645.00000000 
0.00000000 
2690.00000000 
855.00000000 
2330.00000000 
1877.00000000 
4027.00000000 
2177.00000000 
942.00000000 
5343.00000000 
5777.00000000 
11545.00000000 
113.00000000 
59.00000000 
3834.00000000 
29381.00000000 
289.00000000 
483.00000000 
6612.00000000 
7900.00000000 
370.00000000 
820.00000000 
2694.00000000 
4142.00000000 
2668.00000000 
1458.00000000 
176.00000000 
1440.00000000 
1175.00000000 
3174.00000000 
2661.00000000 
1501.00000000 
5847.00000000 
503.00000000 
635.00000000 
5585.00000000 
10363.00000000 
13503.00000000 
2594.00000000 
0.00000000 
2110.00000000 
835.00000000 
684.00000000 
5609.00000000 
6011.00000000 
1846.00000000 
166.00000000 
3127.00000000 
4565.00000000 
83.00000000 
1401.00000000 
995.00000000 
4399.00000000 
3993.00000000 
1049.00000000 
8683.00000000 
41.00000000 
114.00000000 
2058.00000000 
0.00000000 
7465.00000000 
2385.00000000 
1685.00000000 
38.00000000 
12809.00000000 
1987.00000000 
365.00000000 
758.00000000 
197.00000000 
80.00000000 
7718.00000000 
0.00000000 
2216.00000000 
0.00000000 
7747.00000000 
50.00000000 
200.00000000 
600.00000000 
0.00000000 
690.00000000 
90.00000000 
831.00000000 
2914.00000000 
1.00000000 
17.00000000 
670.00000000 
141.00000000 
2128.00000000 
0.00000000 
243.00000000 
7838.00000000 
46.00000000 
0.00000000 
1158.00000000 
2860.00000000 
116.00000000 
1750.00000000 
1847.00000000 
1753.00000000 
507.00000000 
4181.00000000 
0.00000000 
5847.00000000 
6292.00000000 
833.00000000 
572.00000000 
110.00000000 
3571.00000000 
20707.00000000 
1750.00000000 
0.00000000 
0.00000000 
0.00000000 
30.00000000 
317.00000000 
1240.00000000 
22756.00000000 
23019.00000000 
8647.00000000 
6898.00000000 
7937.00000000 
786.00000000 
4365.00000000 
1263.00000000 
1857.00000000 
2475.00000000 
1675.00000000 
5385.00000000 
2841.00000000 
365.00000000 
6842.00000000 
5917.00000000 
177.00000000 
1208.00000000 
8256.00000000 
160.00000000 
1349.00000000 
819.00000000 
5513.00000000 
3200.00000000 
164.00000000 
3253.00000000 
4979.00000000 
10518.00000000 
345.00000000 
81.00000000 
8045.00000000 
8527.00000000 
1114.00000000 
799.00000000 
248.00000000 
2292.00000000 
1196.00000000 
8523.00000000 
4856.00000000 
2644.00000000 
15268.00000000 
2058.00000000 
0.00000000 
41.00000000 
173.00000000 
299.00000000 
0.00000000 
403.00000000 
71.00000000 
314.00000000 
26.00000000 
0.00000000 
0.00000000 
44.00000000 
58.00000000 
1663.00000000 
1352.00000000 
6598.00000000 
549.00000000 
35.00000000 
1365.00000000 
0.00000000 
3122.00000000 
6183.00000000 
4868.00000000 
128.00000000 
244.00000000 
31353.00000000 
5.00000000 
6850.00000000 
1694.00000000 
0.00000000 
1051.00000000 
1195.00000000 
822.00000000 
1839.00000000 
659.00000000 
562.00000000 
3130.00000000 
242.00000000 
2353.00000000 
6963.00000000 
4000.00000000 
7359.00000000 
2752.00000000 
491.00000000 
0.00000000 
7276.00000000 
0.00000000 
5856.00000000 
19.00000000 
1219.00000000 
2246.00000000 
960.00000000 
1011.00000000 
1499.00000000 
8040.00000000 
0.00000000 
931.00000000 
287.00000000 
1428.00000000 
7703.00000000 
3048.00000000 
1553.00000000 
379.00000000 
319.00000000 
4549.00000000 
658.00000000 
7197.00000000 
6733.00000000 
50.00000000 
3574.00000000 
57.00000000 
1893.00000000 
13221.00000000 
3799.00000000 
512.00000000 
1989.00000000 
10743.00000000 
2097.00000000 
350.00000000 
888.00000000 
961.00000000 
508.00000000 
2270.00000000 
14336.00000000 
789.00000000 
4101.00000000 
11759.00000000 
163.00000000 
0.00000000 
19339.00000000 
1281.00000000 
1313.00000000 
304.00000000 
1492.00000000 
0.00000000 
2492.00000000 
2978.00000000 
2224.00000000 
3850.00000000 
334.00000000 
139.00000000 
255.00000000 
1064.00000000 
2337.00000000 
13776.00000000 
6676.00000000 
2933.00000000 
1817.00000000 
217.00000000 
6232.00000000 
1978.00000000 
4372.00000000 
1654.00000000 
4506.00000000 
1888.00000000 
2895.00000000 
5209.00000000 
1298.00000000 
862.00000000 
7279.00000000 
3469.00000000 
20238.00000000 
12880.00000000 
3535.00000000 
53.00000000 
4824.00000000 
22651.00000000 
1176.00000000 
2044.00000000 
17131.00000000 
4010.00000000 
12180.00000000 
4746.00000000 
5761.00000000 
2770.00000000 
1155.00000000 
1740.00000000 
6102.00000000 
1560.00000000 
4005.00000000 
5391.00000000 
2657.00000000 
2182.00000000 
15416.00000000 
1105.00000000 
1487.00000000 
12581.00000000 
584.00000000 
1217.00000000 
1216.00000000 
3197.00000000 
2876.00000000 
1724.00000000 
977.00000000 
382.00000000 
1125.00000000 
490.00000000 
1826.00000000 
6002.00000000 
3341.00000000 
2521.00000000 
11449.00000000 
12377.00000000 
1114.00000000 
956.00000000 
1045.00000000 
107.00000000 
3975.00000000 
25226.00000000 
0.00000000 
1569.00000000 
4419.00000000 
10775.00000000 
0.00000000 
1088.00000000 
1274.00000000 
1714.00000000 
128.00000000 
155.00000000 
245.00000000 
2919.00000000 
35.00000000 
563.00000000 
0.00000000 
2360.00000000 
2689.00000000 
318.00000000 
1514.00000000 
17236.00000000 
830.00000000 
2732.00000000 
502.00000000 
0.00000000 
0.00000000 
507.00000000 
15314.00000000 
4177.00000000 
3863.00000000 
36.00000000 
2038.00000000 
2393.00000000 
2742.00000000 
85132.00000000 
4644.00000000 
512.00000000 
5482.00000000 
12292.00000000 
1378.00000000 
3031.00000000 
4016.00000000 
2184.00000000 
2135.00000000 
9107.00000000 
2962.00000000 
1303.00000000 
1586.00000000 
4775.00000000 
8476.00000000 
5828.00000000 
2787.00000000 
661.00000000 
3659.00000000 
853.00000000 
1713.00000000 
862.00000000 
2139.00000000 
561.00000000 
5113.00000000 
3306.00000000 
11462.00000000 
2498.00000000 
2611.00000000 
6927.00000000 
4164.00000000 
8690.00000000 
2021.00000000 
1734.00000000 
6870.00000000 
1846.00000000 
2531.00000000 
0.00000000 
475.00000000 
1406.00000000 
265.00000000 
1853.00000000 
634.00000000 
347.00000000 
1153.00000000 
1394.00000000 
0.00000000 
298.00000000 
3175.00000000 
247.00000000 
1945.00000000 
1741.00000000 
6249.00000000 
3898.00000000 
1816.00000000 
3160.00000000 
69.00000000 
7604.00000000 
1044.00000000 
4843.00000000 
18365.00000000 
11349.00000000 
7386.00000000 
2431.00000000 
4886.00000000 
236.00000000 
2045.00000000 
950.00000000 
7979.00000000 
0.00000000 
7321.00000000 
0.00000000 
2981.00000000 
1978.00000000 
1930.00000000 
19837.00000000 
3617.00000000 
42083.00000000 
518.00000000 
3545.00000000 
1028.00000000 
2838.00000000 
14.00000000 
317.00000000 
1608.00000000 
2297.00000000 
1499.00000000 
797.00000000 
2353.00000000 
13521.00000000 
0.00000000 
2100.00000000 
352.00000000 
0.00000000 
66.00000000 
1644.00000000 
6531.00000000 
20.00000000 
947.00000000 
502.00000000 
474.00000000 
0.00000000 
1752.00000000 
4544.00000000 
112.00000000 
3953.00000000 
1681.00000000 
519.00000000 
305.00000000 
208.00000000 
989.00000000 
1476.00000000 
1727.00000000 
1782.00000000 
0.00000000 
44.00000000 
4.00000000 
31.00000000 
1044.00000000 
645.00000000 
0.00000000 
2690.00000000 
855.00000000 
2330.00000000 
1877.00000000 
4027.00000000 
2177.00000000 
942.00000000 
5343.00000000 
5777.00000000 
11545.00000000 
113.00000000 
59.00000000 
3834.00000000 
29381.00000000 
289.00000000 
483.00000000 
6612.00000000 
7900.00000000 
370.00000000 
820.00000000 
2694.00000000 
4142.00000000 
2668.00000000 
1458.00000000 
176.00000000 
1440.00000000 
1175.00000000 
3174.00000000 
2661.00000000 
1501.00000000 
5847.00000000 
503.00000000 
635.00000000 
5585.00000000 
10363.00000000 
13503.00000000 
2594.00000000 
0.00000000 
2110.00000000 
835.00000000 
684.00000000 
5609.00000000 
6011.00000000 
1846.00000000 
166.00000000 
3127.00000000 
4565.00000000 
83.00000000 
1401.00000000 
995.00000000 
4399.00000000 
3993.00000000 
1049.00000000 
8683.00000000 
41.00000000 
114.00000000 
2058.00000000 
0.00000000 
7465.00000000 
2385.00000000 
1685.00000000 
38.00000000 
12809.00000000 
1987.00000000 
365.00000000 
758.00000000 
197.00000000 
80.00000000 
7718.00000000 
0.00000000 
2216.00000000 
0.00000000 
7747.00000000 
50.00000000 
200.00000000 
600.00000000 
0.00000000 
690.00000000 
90.00000000 
831.00000000 
2914.00000000 
1.00000000 
17.00000000 
670.00000000 
141.00000000 
2128.00000000 
0.00000000 
243.00000000 
7838.00000000 
46.00000000 
0.00000000 
1158.00000000 
2860.00000000 
116.00000000 
1750.00000000 
1847.00000000 
1753.00000000 
507.00000000 
4181.00000000 
0.00000000 
5847.00000000 
6292.00000000 
833.00000000 
572.00000000 
110.00000000 
3571.00000000 
20707.00000000 
1750.00000000 
0.00000000 
0.00000000 
0.00000000 
30.00000000 
317.00000000 
1240.00000000 
22756.00000000 
23019.00000000 
8647.00000000 
6898.00000000 
7937.00000000 
786.00000000 
4365.00000000 
1263.00000000 
1857.00000000 
2475.00000000 
1675.00000000 
5385.00000000 
2841.00000000 
365.00000000 
6842.00000000 
5917.00000000 
177.00000000 
1208.00000000 
8256.00000000 
160.00000000 
1349.00000000 
819.00000000 
5513.00000000 
3200.00000000 
164.00000000 
3253.00000000 
4979.00000000 
10518.00000000 
345.00000000 
81.00000000 
8045.00000000 
8527.00000000 
1114.00000000 
799.00000000 
248.00000000 
2292.00000000 
1196.00000000 
8523.00000000 
4856.00000000 
2644.00000000 
15268.00000000 
2058.00000000 
0.00000000 
41.00000000 
173.00000000 
299.00000000 
0.00000000 
403.00000000 
71.00000000 
314.00000000 
26.00000000 
0.00000000 
0.00000000 
44.00000000 
58.00000000 
1663.00000000 
1352.00000000 
6598.00000000 
549.00000000 
35.00000000 
1365.00000000 
0.00000000 
3122.00000000 
6183.00000000 
4868.00000000 
128.00000000 
244.00000000 
31353.00000000 
5.00000000 
6850.00000000 
1694.00000000 
0.00000000 
1051.00000000 
1195.00000000 
822.00000000 
1839.00000000 
659.00000000 
562.00000000 
3130.00000000 
242.00000000 
2353.00000000 
6963.00000000 
4000.00000000 
7359.00000000 
2752.00000000 
491.00000000 
0.00000000 
7276.00000000 
0.00000000 
5856.00000000 
19.00000000 
1219.00000000 
2246.00000000 
960.00000000 
1011.00000000 
1499.00000000 
8040.00000000 
0.00000000 
931.00000000 
287.00000000 
1428.00000000 
7703.00000000 
3048.00000000 
1553.00000000 
379.00000000 
319.00000000 
4549.00000000 
658.00000000 
7197.00000000 
6733.00000000 
50.00000000 
3574.00000000 
57.00000000 
1893.00000000 
13221.00000000 
3799.00000000 
512.00000000 
1989.00000000 
10743.00000000 
2097.00000000 
350.00000000 
888.00000000 
961.00000000 
508.00000000 
2270.00000000 
14336.00000000 
789.00000000 
4101.00000000 
11759.00000000 
163.00000000 
0.00000000 
19339.00000000 
1281.00000000 
1313.00000000 
304.00000000 
1492.00000000 
0.00000000 
2492.00000000 
2978.00000000 
2224.00000000 
3850.00000000 
334.00000000 
139.00000000 
255.00000000 
1064.00000000 
2337.00000000 
13776.00000000 
6676.00000000 
2933.00000000 
1817.00000000 
217.00000000 
6232.00000000 
1978.00000000 
4372.00000000 
1654.00000000 
4506.00000000 
1888.00000000 
2895.00000000 
5209.00000000 
1298.00000000 
862.00000000 
7279.00000000 
3469.00000000 
20238.00000000 
12880.00000000 
3535.00000000 
53.00000000 
4824.00000000 
22651.00000000 
1176.00000000 
2044.00000000 
17131.00000000 
4010.00000000 
12180.00000000 
4746.00000000 
5761.00000000 
2770.00000000 
1155.00000000 
1740.00000000 
6102.00000000 
1560.00000000 
4005.00000000 
5391.00000000 
2657.00000000 
2182.00000000 
15416.00000000 
1105.00000000 
1487.00000000 
12581.00000000 
584.00000000 
1217.00000000 
1216.00000000 
3197.00000000 
2876.00000000 
1724.00000000 
977.00000000 
382.00000000 
1125.00000000 
490.00000000 
1826.00000000 
6002.00000000 
3341.00000000 
2521.00000000 
11449.00000000 
12377.00000000 
1114.00000000 
956.00000000 
1045.00000000 
107.00000000 
3975.00000000 
25226.00000000 
0.00000000 
1569.00000000 
4419.00000000 
10775.00000000 
0.00000000 
1088.00000000 
1274.00000000 
1714.00000000 
128.00000000 
155.00000000 
245.00000000 
2919.00000000 
35.00000000 
563.00000000 
0.00000000 
2360.00000000 
2689.00000000 
318.00000000 
1514.00000000 
17236.00000000 
830.00000000 
2732.00000000 
502.00000000 
0.00000000 
0.00000000 
507.00000000 
15314.00000000 
4177.00000000 
3863.00000000 
36.00000000 
2038.00000000 
2393.00000000 
2742.00000000 
85132.00000000 
4644.00000000 
512.00000000 
5482.00000000 
12292.00000000 
1378.00000000 
3031.00000000 
4016.00000000 
2184.00000000 
2135.00000000 
9107.00000000 
2962.00000000 
1303.00000000 
1586.00000000 
4775.00000000 
8476.00000000 
5828.00000000 
2787.00000000 
661.00000000 
3659.00000000 
853.00000000 
1713.00000000 
862.00000000 
2139.00000000 
561.00000000 
5113.00000000 
3306.00000000 
11462.00000000 
2498.00000000 
2611.00000000 
6927.00000000 
4164.00000000 
8690.00000000 
2021.00000000 
1734.00000000 
6870.00000000 
1846.00000000 
2531.00000000 
0.00000000 
475.00000000 
1406.00000000 
265.00000000 
1853.00000000 
634.00000000 
347.00000000 
1153.00000000 
1394.00000000 
0.00000000 
298.00000000 
3175.00000000 
247.00000000 
1945.00000000 
1741.00000000 
6249.00000000 
3898.00000000 
1816.00000000 
3160.00000000 
69.00000000 
7604.00000000 
1044.00000000 
4843.00000000 
18365.00000000 
11349.00000000 
7386.00000000 
2431.00000000 
4886.00000000 
236.00000000 
2045.00000000 
950.00000000 
7979.00000000 
0.00000000 
7321.00000000 
0.00000000 
2981.00000000 
1978.00000000 
1930.00000000 
19837.00000000 
3617.00000000 
42083.00000000 
518.00000000 
3545.00000000 
1028.00000000 
2838.00000000 
14.00000000 
317.00000000 
1608.00000000 
2297.00000000 
1499.00000000 
797.00000000 
2353.00000000 
13521.00000000 
0.00000000 
2100.00000000 
352.00000000 
0.00000000 
66.00000000 
1644.00000000 
6531.00000000 
20.00000000 
947.00000000 
502.00000000 
474.00000000 
0.00000000 
1752.00000000 
4544.00000000 
112.00000000 
3953.00000000 
1681.00000000 
519.00000000 
305.00000000 
208.00000000 
989.00000000 
1476.00000000 
1727.00000000 
1782.00000000 
0.00000000 
44.00000000 
4.00000000 
31.00000000 
1044.00000000 
645.00000000 
0.00000000 
2690.00000000 
855.00000000 
2330.00000000 
1877.00000000 
4027.00000000 
2177.00000000 
942.00000000 
5343.00000000 
5777.00000000 
11545.00000000 
113.00000000 
59.00000000 
3834.00000000 
29381.00000000 
289.00000000 
483.00000000 
6612.00000000 
7900.00000000 
370.00000000 
820.00000000 
2694.00000000 
4142.00000000 
2668.00000000 
1458.00000000 
176.00000000 
1440.00000000 
1175.00000000 
3174.00000000 
2661.00000000 
1501.00000000 
5847.00000000 
503.00000000 
635.00000000 
5585.00000000 
10363.00000000 
13503.00000000 
2594.00000000 
0.00000000 
2110.00000000 
835.00000000 
684.00000000 
5609.00000000 
6011.00000000 
1846.00000000 
166.00000000 
3127.00000000 
4565.00000000 
83.00000000 
1401.00000000 
995.00000000 
4399.00000000 
3993.00000000 
1049.00000000 
8683.00000000 
41.00000000 
114.00000000 
2058.00000000 
0.00000000 
7465.00000000 
2385.00000000 
1685.00000000 
38.00000000 
12809.00000000 
1987.00000000 
365.00000000 
758.00000000 
197.00000000 
80.00000000 
7718.00000000 
0.00000000 
2216.00000000 
0.00000000 
7747.00000000 
50.00000000 
200.00000000 
600.00000000 
0.00000000 
690.00000000 
90.00000000 
831.00000000 
2914.00000000 
1.00000000 
17.00000000 
670.00000000 
141.00000000 
2128.00000000 
0.00000000 
243.00000000 
7838.00000000 
46.00000000 
0.00000000 
1158.00000000 
2860.00000000 
116.00000000 
1750.00000000 
1847.00000000 
1753.00000000 
507.00000000 
4181.00000000 
0.00000000 
5847.00000000 
6292.00000000 
833.00000000 
572.00000000 
110.00000000 
3571.00000000 
20707.00000000 
1750.00000000 
0.00000000 
0.00000000 
0.00000000 
30.00000000 
317.00000000 
1240.00000000 
22756.00000000 
23019.00000000 
8647.00000000 
6898.00000000 
7937.00000000 
786.00000000 
4365.00000000 
1263.00000000 
1857.00000000 
2475.00000000 
1675.00000000 
5385.00000000 
2841.00000000 
365.00000000 
6842.00000000 
5917.00000000 
177.00000000 
1208.00000000 
8256.00000000 
160.00000000 
1349.00000000 
819.00000000 
5513.00000000 
3200.00000000 
164.00000000 
3253.00000000 
4979.00000000 
10518.00000000 
345.00000000 
81.00000000 
8045.00000000 
8527.00000000 
1114.00000000 
799.00000000 
248.00000000 
2292.00000000 
1196.00000000 
8523.00000000 
4856.00000000 
2644.00000000 
15268.00000000 
2058.00000000 
0.00000000 
41.00000000 
173.00000000 
299.00000000 
0.00000000 
403.00000000 
71.00000000 
314.00000000 
26.00000000 
0.00000000 
0.00000000 
44.00000000 
58.00000000 
1663.00000000 
1352.00000000 
6598.00000000 
549.00000000 
35.00000000 
1365.00000000 
0.00000000 
3122.00000000 
6183.00000000 
4868.00000000 
128.00000000 
244.00000000 
31353.00000000 
5.00000000 
6850.00000000 
1694.00000000 
0.00000000 
1051.00000000 
1195.00000000 
822.00000000 
1839.00000000 
659.00000000 
562.00000000 
3130.00000000 
242.00000000 
2353.00000000 
6963.00000000 
4000.00000000 
7359.00000000 
2752.00000000 
491.00000000 
0.00000000 
7276.00000000 
0.00000000 
5856.00000000 
19.00000000 
1219.00000000 
2246.00000000 
960.00000000 
1011.00000000 
1499.00000000 
8040.00000000 
0.00000000 
931.00000000 
287.00000000 
1428.00000000 
7703.00000000 
3048.00000000 
1553.00000000 
379.00000000 
319.00000000 
4549.00000000 
658.00000000 
7197.00000000 
6733.00000000 
50.00000000 
3574.00000000 
57.00000000 
1893.00000000 
13221.00000000 
3799.00000000 
512.00000000 
1989.00000000 
10743.00000000 
2097.00000000 
350.00000000 
888.00000000 
961.00000000 
508.00000000 
2270.00000000 
14336.00000000 
789.00000000 
4101.00000000 
11759.00000000 
163.00000000 
0.00000000 
19339.00000000 
1281.00000000 
1313.00000000 
304.00000000 
1492.00000000 
0.00000000 
2492.00000000 
2978.00000000 
2224.00000000 
3850.00000000 
334.00000000 
139.00000000 
255.00000000 
1064.00000000 
2337.00000000 
13776.00000000 
6676.00000000 
2933.00000000 
1817.00000000 
217.00000000 
6232.00000000 
1978.00000000 
4372.00000000 
