23865.00000000 
12532.00000000 
928.00000000 
15256.00000000 
7163.00000000 
3233.00000000 
7804.00000000 
6792.00000000 
2588.00000000 
10541.00000000 
7138.00000000 
3733.00000000 
8931.00000000 
42319.00000000 
6524.00000000 
3923.00000000 
18277.00000000 
35058.00000000 
9138.00000000 
5724.00000000 
22155.00000000 
41108.00000000 
24055.00000000 
5400.00000000 
28693.00000000 
8728.00000000 
19859.00000000 
7575.00000000 
7782.00000000 
11691.00000000 
27742.00000000 
3646.00000000 
21602.00000000 
10315.00000000 
24450.00000000 
12641.00000000 
3796.00000000 
1409.00000000 
2049.00000000 
1240.00000000 
5310.00000000 
1378.00000000 
2475.00000000 
7529.00000000 
5206.00000000 
5169.00000000 
578.00000000 
1600.00000000 
8748.00000000 
25523.00000000 
1899.00000000 
2578.00000000 
530.00000000 
2850.00000000 
2210.00000000 
2790.00000000 
1542.00000000 
809.00000000 
1247.00000000 
12654.00000000 
337.00000000 
815.00000000 
8231.00000000 
868.00000000 
3672.00000000 
769.00000000 
171.00000000 
1551.00000000 
2068.00000000 
1661.00000000 
10160.00000000 
4879.00000000 
2944.00000000 
4098.00000000 
4713.00000000 
4681.00000000 
16630.00000000 
8856.00000000 
9951.00000000 
25613.00000000 
6408.00000000 
1632.00000000 
16431.00000000 
9428.00000000 
1345.00000000 
3371.00000000 
18119.00000000 
10996.00000000 
21244.00000000 
1592.00000000 
12155.00000000 
6988.00000000 
1486.00000000 
1144.00000000 
14359.00000000 
7435.00000000 
4423.00000000 
7549.00000000 
1300.00000000 
18436.00000000 
5733.00000000 
5119.00000000 
4457.00000000 
3655.00000000 
12945.00000000 
3534.00000000 
18144.00000000 
2621.00000000 
12736.00000000 
7493.00000000 
17761.00000000 
4885.00000000 
8591.00000000 
22689.00000000 
4281.00000000 
9556.00000000 
5802.00000000 
2841.00000000 
6920.00000000 
44663.00000000 
28391.00000000 
11317.00000000 
7667.00000000 
46310.00000000 
62841.00000000 
3200.00000000 
12285.00000000 
6967.00000000 
648.00000000 
5959.00000000 
2924.00000000 
3451.00000000 
1598.00000000 
5647.00000000 
803.00000000 
894.00000000 
5649.00000000 
16163.00000000 
36134.00000000 
14026.00000000 
24901.00000000 
23677.00000000 
23174.00000000 
13201.00000000 
172.00000000 
435.00000000 
13783.00000000 
6891.00000000 
29889.00000000 
9429.00000000 
2598.00000000 
4493.00000000 
4872.00000000 
8500.00000000 
12062.00000000 
4416.00000000 
2797.00000000 
9248.00000000 
8243.00000000 
458.00000000 
3477.00000000 
5690.00000000 
7641.00000000 
21160.00000000 
4303.00000000 
8510.00000000 
5288.00000000 
9485.00000000 
4646.00000000 
15683.00000000 
11770.00000000 
2850.00000000 
9401.00000000 
19565.00000000 
5179.00000000 
17765.00000000 
7416.00000000 
4532.00000000 
9564.00000000 
23072.00000000 
5177.00000000 
7311.00000000 
1018.00000000 
559.00000000 
1117.00000000 
6719.00000000 
2154.00000000 
7102.00000000 
4035.00000000 
5338.00000000 
3905.00000000 
2402.00000000 
1067.00000000 
1349.00000000 
7281.00000000 
2503.00000000 
4267.00000000 
5462.00000000 
6958.00000000 
877.00000000 
1123.00000000 
4438.00000000 
2064.00000000 
1190.00000000 
223.00000000 
4349.00000000 
16546.00000000 
9973.00000000 
3167.00000000 
760.00000000 
3641.00000000 
483.00000000 
1976.00000000 
15260.00000000 
4935.00000000 
19482.00000000 
15152.00000000 
6193.00000000 
5308.00000000 
3325.00000000 
2261.00000000 
2229.00000000 
5986.00000000 
764.00000000 
3179.00000000 
11214.00000000 
3361.00000000 
3857.00000000 
17651.00000000 
30511.00000000 
7534.00000000 
18513.00000000 
16504.00000000 
16709.00000000 
14519.00000000 
20247.00000000 
68487.00000000 
5262.00000000 
7118.00000000 
29691.00000000 
8672.00000000 
3337.00000000 
1207.00000000 
1320.00000000 
4935.00000000 
2988.00000000 
1329.00000000 
1291.00000000 
7939.00000000 
8101.00000000 
996.00000000 
6482.00000000 
1491.00000000 
560.00000000 
2717.00000000 
273.00000000 
2517.00000000 
5384.00000000 
3431.00000000 
161.00000000 
10278.00000000 
6211.00000000 
13996.00000000 
1439.00000000 
5034.00000000 
2278.00000000 
1256.00000000 
2749.00000000 
12111.00000000 
5205.00000000 
14927.00000000 
5066.00000000 
1673.00000000 
6327.00000000 
7975.00000000 
1564.00000000 
1119.00000000 
705.00000000 
3768.00000000 
132.00000000 
3563.00000000 
15599.00000000 
3000.00000000 
8442.00000000 
1775.00000000 
1334.00000000 
1902.00000000 
9511.00000000 
2466.00000000 
1225.00000000 
6925.00000000 
347.00000000 
2997.00000000 
9557.00000000 
761.00000000 
3714.00000000 
7255.00000000 
1623.00000000 
734.00000000 
3545.00000000 
7769.00000000 
3818.00000000 
9089.00000000 
916.00000000 
1630.00000000 
24920.00000000 
5175.00000000 
72617.00000000 
157162.00000000 
13530.00000000 
15347.00000000 
10266.00000000 
6686.00000000 
2779.00000000 
1770.00000000 
8043.00000000 
2092.00000000 
9040.00000000 
3376.00000000 
9337.00000000 
1954.00000000 
5122.00000000 
9257.00000000 
4325.00000000 
3525.00000000 
3283.00000000 
40863.00000000 
21530.00000000 
18418.00000000 
13502.00000000 
11969.00000000 
122.00000000 
3541.00000000 
5315.00000000 
6085.00000000 
30134.00000000 
118506.00000000 
3033.00000000 
84.00000000 
1341.00000000 
2338.00000000 
30025.00000000 
3669.00000000 
12615.00000000 
4039.00000000 
36845.00000000 
2634.00000000 
739.00000000 
18767.00000000 
409.00000000 
185.00000000 
4527.00000000 
10536.00000000 
3969.00000000 
2932.00000000 
19465.00000000 
0.00000000 
2353.00000000 
5331.00000000 
2122.00000000 
6472.00000000 
25938.00000000 
4546.00000000 
1592.00000000 
3228.00000000 
8988.00000000 
19383.00000000 
1632.00000000 
33275.00000000 
11370.00000000 
796.00000000 
24147.00000000 
227.00000000 
2034.00000000 
4238.00000000 
10678.00000000 
12157.00000000 
6668.00000000 
2506.00000000 
27733.00000000 
33801.00000000 
2279.00000000 
7371.00000000 
179.00000000 
53730.00000000 
24144.00000000 
4271.00000000 
32486.00000000 
4681.00000000 
30326.00000000 
8785.00000000 
3003.00000000 
0.00000000 
1497.00000000 
21029.00000000 
3223.00000000 
166.00000000 
14323.00000000 
7856.00000000 
738.00000000 
764.00000000 
5348.00000000 
595.00000000 
2050.00000000 
2368.00000000 
2905.00000000 
24582.00000000 
1249.00000000 
3001.00000000 
4024.00000000 
223.00000000 
620.00000000 
865.00000000 
603.00000000 
851.00000000 
1972.00000000 
0.00000000 
7454.00000000 
4747.00000000 
2072.00000000 
791.00000000 
1083.00000000 
581.00000000 
15801.00000000 
216.00000000 
1310.00000000 
2780.00000000 
967.00000000 
1827.00000000 
770.00000000 
9608.00000000 
977.00000000 
1335.00000000 
2113.00000000 
100.00000000 
1271.00000000 
13128.00000000 
4223.00000000 
8599.00000000 
89.00000000 
7491.00000000 
1230.00000000 
8219.00000000 
171.00000000 
12995.00000000 
9243.00000000 
2012.00000000 
8534.00000000 
11560.00000000 
4304.00000000 
8366.00000000 
258.00000000 
24735.00000000 
10752.00000000 
1975.00000000 
18915.00000000 
10938.00000000 
14284.00000000 
10021.00000000 
4086.00000000 
1838.00000000 
60.00000000 
1763.00000000 
442.00000000 
1642.00000000 
1532.00000000 
2173.00000000 
3822.00000000 
7278.00000000 
1331.00000000 
1377.00000000 
871.00000000 
4165.00000000 
14072.00000000 
1744.00000000 
2548.00000000 
19410.00000000 
147.00000000 
2984.00000000 
1166.00000000 
58.00000000 
23865.00000000 
12532.00000000 
928.00000000 
15256.00000000 
7163.00000000 
3233.00000000 
7804.00000000 
6792.00000000 
2588.00000000 
10541.00000000 
7138.00000000 
3733.00000000 
8931.00000000 
42319.00000000 
6524.00000000 
3923.00000000 
18277.00000000 
35058.00000000 
9138.00000000 
5724.00000000 
22155.00000000 
41108.00000000 
24055.00000000 
5400.00000000 
28693.00000000 
8728.00000000 
19859.00000000 
7575.00000000 
7782.00000000 
11691.00000000 
27742.00000000 
3646.00000000 
21602.00000000 
10315.00000000 
24450.00000000 
12641.00000000 
3796.00000000 
1409.00000000 
2049.00000000 
1240.00000000 
5310.00000000 
1378.00000000 
2475.00000000 
7529.00000000 
5206.00000000 
5169.00000000 
578.00000000 
1600.00000000 
8748.00000000 
25523.00000000 
1899.00000000 
2578.00000000 
530.00000000 
2850.00000000 
2210.00000000 
2790.00000000 
1542.00000000 
809.00000000 
1247.00000000 
12654.00000000 
337.00000000 
815.00000000 
8231.00000000 
868.00000000 
3672.00000000 
769.00000000 
171.00000000 
1551.00000000 
2068.00000000 
1661.00000000 
10160.00000000 
4879.00000000 
2944.00000000 
4098.00000000 
4713.00000000 
4681.00000000 
16630.00000000 
8856.00000000 
9951.00000000 
25613.00000000 
6408.00000000 
1632.00000000 
16431.00000000 
9428.00000000 
1345.00000000 
3371.00000000 
18119.00000000 
10996.00000000 
21244.00000000 
1592.00000000 
12155.00000000 
6988.00000000 
1486.00000000 
1144.00000000 
14359.00000000 
7435.00000000 
4423.00000000 
7549.00000000 
1300.00000000 
18436.00000000 
5733.00000000 
5119.00000000 
4457.00000000 
3655.00000000 
12945.00000000 
3534.00000000 
18144.00000000 
2621.00000000 
12736.00000000 
7493.00000000 
17761.00000000 
4885.00000000 
8591.00000000 
22689.00000000 
4281.00000000 
9556.00000000 
5802.00000000 
2841.00000000 
6920.00000000 
44663.00000000 
28391.00000000 
11317.00000000 
7667.00000000 
46310.00000000 
62841.00000000 
3200.00000000 
12285.00000000 
6967.00000000 
648.00000000 
5959.00000000 
2924.00000000 
3451.00000000 
1598.00000000 
5647.00000000 
803.00000000 
894.00000000 
5649.00000000 
16163.00000000 
36134.00000000 
14026.00000000 
24901.00000000 
23677.00000000 
23174.00000000 
13201.00000000 
172.00000000 
435.00000000 
13783.00000000 
6891.00000000 
29889.00000000 
9429.00000000 
2598.00000000 
4493.00000000 
4872.00000000 
8500.00000000 
12062.00000000 
4416.00000000 
2797.00000000 
9248.00000000 
8243.00000000 
458.00000000 
3477.00000000 
5690.00000000 
7641.00000000 
21160.00000000 
4303.00000000 
8510.00000000 
5288.00000000 
9485.00000000 
4646.00000000 
15683.00000000 
11770.00000000 
2850.00000000 
9401.00000000 
19565.00000000 
5179.00000000 
17765.00000000 
7416.00000000 
4532.00000000 
9564.00000000 
23072.00000000 
5177.00000000 
7311.00000000 
1018.00000000 
559.00000000 
1117.00000000 
6719.00000000 
2154.00000000 
7102.00000000 
4035.00000000 
5338.00000000 
3905.00000000 
2402.00000000 
1067.00000000 
1349.00000000 
7281.00000000 
2503.00000000 
4267.00000000 
5462.00000000 
6958.00000000 
877.00000000 
1123.00000000 
4438.00000000 
2064.00000000 
1190.00000000 
223.00000000 
4349.00000000 
16546.00000000 
9973.00000000 
3167.00000000 
760.00000000 
3641.00000000 
483.00000000 
1976.00000000 
15260.00000000 
4935.00000000 
19482.00000000 
15152.00000000 
6193.00000000 
5308.00000000 
3325.00000000 
2261.00000000 
2229.00000000 
5986.00000000 
764.00000000 
3179.00000000 
11214.00000000 
3361.00000000 
3857.00000000 
17651.00000000 
30511.00000000 
7534.00000000 
18513.00000000 
16504.00000000 
16709.00000000 
14519.00000000 
20247.00000000 
68487.00000000 
5262.00000000 
7118.00000000 
29691.00000000 
8672.00000000 
3337.00000000 
1207.00000000 
1320.00000000 
4935.00000000 
2988.00000000 
1329.00000000 
1291.00000000 
7939.00000000 
8101.00000000 
996.00000000 
6482.00000000 
1491.00000000 
560.00000000 
2717.00000000 
273.00000000 
2517.00000000 
5384.00000000 
3431.00000000 
161.00000000 
10278.00000000 
6211.00000000 
13996.00000000 
1439.00000000 
5034.00000000 
2278.00000000 
1256.00000000 
2749.00000000 
12111.00000000 
5205.00000000 
14927.00000000 
5066.00000000 
1673.00000000 
6327.00000000 
7975.00000000 
1564.00000000 
1119.00000000 
705.00000000 
3768.00000000 
132.00000000 
3563.00000000 
15599.00000000 
3000.00000000 
8442.00000000 
1775.00000000 
1334.00000000 
1902.00000000 
9511.00000000 
2466.00000000 
1225.00000000 
6925.00000000 
347.00000000 
2997.00000000 
9557.00000000 
761.00000000 
3714.00000000 
7255.00000000 
1623.00000000 
734.00000000 
3545.00000000 
7769.00000000 
3818.00000000 
9089.00000000 
916.00000000 
1630.00000000 
24920.00000000 
5175.00000000 
72617.00000000 
157162.00000000 
13530.00000000 
15347.00000000 
10266.00000000 
6686.00000000 
2779.00000000 
1770.00000000 
8043.00000000 
2092.00000000 
9040.00000000 
3376.00000000 
9337.00000000 
1954.00000000 
5122.00000000 
9257.00000000 
4325.00000000 
3525.00000000 
3283.00000000 
40863.00000000 
21530.00000000 
18418.00000000 
13502.00000000 
11969.00000000 
122.00000000 
3541.00000000 
5315.00000000 
6085.00000000 
30134.00000000 
118506.00000000 
3033.00000000 
84.00000000 
1341.00000000 
2338.00000000 
30025.00000000 
3669.00000000 
12615.00000000 
4039.00000000 
36845.00000000 
2634.00000000 
739.00000000 
18767.00000000 
409.00000000 
185.00000000 
4527.00000000 
10536.00000000 
3969.00000000 
2932.00000000 
19465.00000000 
0.00000000 
2353.00000000 
5331.00000000 
2122.00000000 
6472.00000000 
25938.00000000 
4546.00000000 
1592.00000000 
3228.00000000 
8988.00000000 
19383.00000000 
1632.00000000 
33275.00000000 
11370.00000000 
796.00000000 
24147.00000000 
227.00000000 
2034.00000000 
4238.00000000 
10678.00000000 
12157.00000000 
6668.00000000 
2506.00000000 
27733.00000000 
33801.00000000 
2279.00000000 
7371.00000000 
179.00000000 
53730.00000000 
24144.00000000 
4271.00000000 
32486.00000000 
4681.00000000 
30326.00000000 
8785.00000000 
3003.00000000 
0.00000000 
1497.00000000 
21029.00000000 
3223.00000000 
166.00000000 
14323.00000000 
7856.00000000 
738.00000000 
764.00000000 
5348.00000000 
595.00000000 
2050.00000000 
2368.00000000 
2905.00000000 
24582.00000000 
1249.00000000 
3001.00000000 
4024.00000000 
223.00000000 
620.00000000 
865.00000000 
603.00000000 
851.00000000 
1972.00000000 
0.00000000 
7454.00000000 
4747.00000000 
2072.00000000 
791.00000000 
1083.00000000 
581.00000000 
15801.00000000 
216.00000000 
1310.00000000 
2780.00000000 
967.00000000 
1827.00000000 
770.00000000 
9608.00000000 
977.00000000 
1335.00000000 
2113.00000000 
100.00000000 
1271.00000000 
13128.00000000 
4223.00000000 
8599.00000000 
89.00000000 
7491.00000000 
1230.00000000 
8219.00000000 
171.00000000 
12995.00000000 
9243.00000000 
2012.00000000 
8534.00000000 
11560.00000000 
4304.00000000 
8366.00000000 
258.00000000 
24735.00000000 
10752.00000000 
1975.00000000 
18915.00000000 
10938.00000000 
14284.00000000 
10021.00000000 
4086.00000000 
1838.00000000 
60.00000000 
1763.00000000 
442.00000000 
1642.00000000 
1532.00000000 
2173.00000000 
3822.00000000 
7278.00000000 
1331.00000000 
1377.00000000 
871.00000000 
4165.00000000 
14072.00000000 
1744.00000000 
2548.00000000 
19410.00000000 
147.00000000 
2984.00000000 
58.00000000 
23865.00000000 
12532.00000000 
928.00000000 
15256.00000000 
7163.00000000 
3233.00000000 
7804.00000000 
6792.00000000 
2588.00000000 
10541.00000000 
7138.00000000 
3733.00000000 
8931.00000000 
42319.00000000 
6524.00000000 
3923.00000000 
18277.00000000 
35058.00000000 
9138.00000000 
5724.00000000 
22155.00000000 
41108.00000000 
24055.00000000 
5400.00000000 
28693.00000000 
8728.00000000 
19859.00000000 
7575.00000000 
7782.00000000 
11691.00000000 
27742.00000000 
3646.00000000 
21602.00000000 
10315.00000000 
24450.00000000 
12641.00000000 
3796.00000000 
1409.00000000 
2049.00000000 
1240.00000000 
5310.00000000 
1378.00000000 
2475.00000000 
7529.00000000 
5206.00000000 
5169.00000000 
578.00000000 
1600.00000000 
8748.00000000 
25523.00000000 
1899.00000000 
2578.00000000 
530.00000000 
2850.00000000 
2210.00000000 
2790.00000000 
1542.00000000 
809.00000000 
1247.00000000 
12654.00000000 
337.00000000 
815.00000000 
8231.00000000 
868.00000000 
3672.00000000 
769.00000000 
171.00000000 
1551.00000000 
2068.00000000 
1661.00000000 
10160.00000000 
4879.00000000 
2944.00000000 
4098.00000000 
4713.00000000 
4681.00000000 
16630.00000000 
8856.00000000 
9951.00000000 
25613.00000000 
6408.00000000 
1632.00000000 
16431.00000000 
9428.00000000 
1345.00000000 
3371.00000000 
18119.00000000 
10996.00000000 
21244.00000000 
1592.00000000 
12155.00000000 
6988.00000000 
1486.00000000 
1144.00000000 
14359.00000000 
7435.00000000 
4423.00000000 
7549.00000000 
1300.00000000 
18436.00000000 
5733.00000000 
5119.00000000 
4457.00000000 
3655.00000000 
12945.00000000 
3534.00000000 
18144.00000000 
2621.00000000 
12736.00000000 
7493.00000000 
17761.00000000 
4885.00000000 
8591.00000000 
22689.00000000 
4281.00000000 
9556.00000000 
5802.00000000 
2841.00000000 
6920.00000000 
44663.00000000 
28391.00000000 
11317.00000000 
7667.00000000 
46310.00000000 
62841.00000000 
3200.00000000 
12285.00000000 
6967.00000000 
648.00000000 
5959.00000000 
2924.00000000 
3451.00000000 
1598.00000000 
5647.00000000 
803.00000000 
894.00000000 
5649.00000000 
16163.00000000 
36134.00000000 
14026.00000000 
24901.00000000 
23677.00000000 
23174.00000000 
13201.00000000 
172.00000000 
435.00000000 
13783.00000000 
6891.00000000 
29889.00000000 
9429.00000000 
2598.00000000 
4493.00000000 
4872.00000000 
8500.00000000 
12062.00000000 
4416.00000000 
2797.00000000 
9248.00000000 
8243.00000000 
458.00000000 
3477.00000000 
5690.00000000 
7641.00000000 
21160.00000000 
4303.00000000 
8510.00000000 
5288.00000000 
9485.00000000 
4646.00000000 
15683.00000000 
11770.00000000 
2850.00000000 
9401.00000000 
19565.00000000 
5179.00000000 
17765.00000000 
7416.00000000 
4532.00000000 
9564.00000000 
23072.00000000 
5177.00000000 
7311.00000000 
1018.00000000 
559.00000000 
1117.00000000 
6719.00000000 
2154.00000000 
7102.00000000 
4035.00000000 
5338.00000000 
3905.00000000 
2402.00000000 
1067.00000000 
1349.00000000 
7281.00000000 
2503.00000000 
4267.00000000 
5462.00000000 
6958.00000000 
877.00000000 
1123.00000000 
4438.00000000 
2064.00000000 
1190.00000000 
223.00000000 
4349.00000000 
16546.00000000 
9973.00000000 
3167.00000000 
760.00000000 
3641.00000000 
483.00000000 
1976.00000000 
15260.00000000 
4935.00000000 
19482.00000000 
15152.00000000 
6193.00000000 
5308.00000000 
3325.00000000 
2261.00000000 
2229.00000000 
5986.00000000 
764.00000000 
3179.00000000 
11214.00000000 
3361.00000000 
3857.00000000 
17651.00000000 
30511.00000000 
7534.00000000 
18513.00000000 
16504.00000000 
16709.00000000 
14519.00000000 
20247.00000000 
68487.00000000 
5262.00000000 
7118.00000000 
29691.00000000 
8672.00000000 
3337.00000000 
1207.00000000 
1320.00000000 
4935.00000000 
2988.00000000 
1329.00000000 
1291.00000000 
7939.00000000 
8101.00000000 
996.00000000 
6482.00000000 
1491.00000000 
560.00000000 
2717.00000000 
273.00000000 
2517.00000000 
5384.00000000 
3431.00000000 
161.00000000 
10278.00000000 
6211.00000000 
13996.00000000 
1439.00000000 
5034.00000000 
2278.00000000 
1256.00000000 
2749.00000000 
12111.00000000 
5205.00000000 
14927.00000000 
5066.00000000 
1673.00000000 
6327.00000000 
7975.00000000 
1564.00000000 
1119.00000000 
705.00000000 
3768.00000000 
132.00000000 
3563.00000000 
15599.00000000 
3000.00000000 
8442.00000000 
1775.00000000 
1334.00000000 
1902.00000000 
9511.00000000 
2466.00000000 
1225.00000000 
6925.00000000 
347.00000000 
2997.00000000 
9557.00000000 
761.00000000 
3714.00000000 
7255.00000000 
1623.00000000 
734.00000000 
3545.00000000 
7769.00000000 
3818.00000000 
9089.00000000 
916.00000000 
1630.00000000 
24920.00000000 
5175.00000000 
72617.00000000 
157162.00000000 
13530.00000000 
15347.00000000 
10266.00000000 
6686.00000000 
2779.00000000 
1770.00000000 
8043.00000000 
2092.00000000 
9040.00000000 
3376.00000000 
9337.00000000 
1954.00000000 
5122.00000000 
9257.00000000 
4325.00000000 
3525.00000000 
3283.00000000 
40863.00000000 
21530.00000000 
18418.00000000 
13502.00000000 
11969.00000000 
122.00000000 
3541.00000000 
5315.00000000 
6085.00000000 
30134.00000000 
118506.00000000 
3033.00000000 
84.00000000 
1341.00000000 
2338.00000000 
30025.00000000 
3669.00000000 
12615.00000000 
4039.00000000 
36845.00000000 
2634.00000000 
739.00000000 
18767.00000000 
409.00000000 
185.00000000 
4527.00000000 
10536.00000000 
3969.00000000 
2932.00000000 
19465.00000000 
0.00000000 
2353.00000000 
5331.00000000 
2122.00000000 
6472.00000000 
25938.00000000 
4546.00000000 
1592.00000000 
3228.00000000 
8988.00000000 
19383.00000000 
1632.00000000 
33275.00000000 
11370.00000000 
796.00000000 
24147.00000000 
227.00000000 
2034.00000000 
4238.00000000 
10678.00000000 
12157.00000000 
6668.00000000 
2506.00000000 
27733.00000000 
33801.00000000 
2279.00000000 
7371.00000000 
179.00000000 
53730.00000000 
24144.00000000 
4271.00000000 
32486.00000000 
4681.00000000 
30326.00000000 
8785.00000000 
3003.00000000 
0.00000000 
1497.00000000 
21029.00000000 
3223.00000000 
166.00000000 
14323.00000000 
7856.00000000 
738.00000000 
764.00000000 
5348.00000000 
595.00000000 
2050.00000000 
2368.00000000 
2905.00000000 
24582.00000000 
1249.00000000 
3001.00000000 
4024.00000000 
223.00000000 
620.00000000 
865.00000000 
603.00000000 
851.00000000 
1972.00000000 
0.00000000 
7454.00000000 
4747.00000000 
2072.00000000 
791.00000000 
1083.00000000 
581.00000000 
15801.00000000 
216.00000000 
1310.00000000 
2780.00000000 
967.00000000 
1827.00000000 
770.00000000 
9608.00000000 
977.00000000 
1335.00000000 
2113.00000000 
100.00000000 
1271.00000000 
13128.00000000 
4223.00000000 
8599.00000000 
89.00000000 
7491.00000000 
1230.00000000 
8219.00000000 
171.00000000 
12995.00000000 
9243.00000000 
2012.00000000 
8534.00000000 
11560.00000000 
4304.00000000 
8366.00000000 
258.00000000 
24735.00000000 
10752.00000000 
1975.00000000 
18915.00000000 
10938.00000000 
14284.00000000 
10021.00000000 
4086.00000000 
1838.00000000 
60.00000000 
1763.00000000 
442.00000000 
1642.00000000 
1532.00000000 
2173.00000000 
3822.00000000 
7278.00000000 
1331.00000000 
1377.00000000 
871.00000000 
4165.00000000 
14072.00000000 
1744.00000000 
2548.00000000 
19410.00000000 
147.00000000 
2984.00000000 
