0.00007875 
0.00007858 
0.00007830 
0.00007801 
0.00007820 
0.00007819 
0.00007830 
0.00007854 
0.00007849 
0.00007819 
0.00007800 
0.00007799 
0.00007717 
0.00007793 
0.00007850 
0.00007734 
0.00007800 
0.00007747 
0.00007900 
0.00007882 
0.00007896 
0.00007871 
0.00007880 
0.00007810 
0.00007739 
0.00007688 
0.00007757 
0.00007728 
0.00007705 
0.00007682 
0.00007679 
0.00007615 
0.00007614 
0.00007661 
0.00007709 
0.00007660 
0.00007599 
0.00007540 
0.00007575 
0.00007466 
0.00007557 
0.00007541 
0.00007523 
0.00007496 
0.00007546 
0.00007452 
0.00007465 
0.00007464 
0.00007454 
0.00007357 
0.00007397 
0.00007403 
0.00007422 
0.00007433 
0.00007465 
0.00007466 
0.00007461 
0.00007501 
0.00007450 
0.00007442 
0.00007444 
0.00007440 
0.00007495 
0.00007408 
0.00007441 
0.00007495 
0.00007450 
0.00007406 
0.00007476 
0.00007493 
0.00007490 
0.00007550 
0.00007480 
0.00007350 
0.00007304 
0.00007304 
0.00007284 
0.00007270 
0.00007290 
0.00007284 
0.00007330 
0.00007340 
0.00007352 
0.00007330 
0.00007335 
0.00007331 
0.00007373 
0.00007412 
0.00007502 
0.00007538 
0.00007410 
0.00007504 
0.00007403 
0.00007368 
0.00007374 
0.00007325 
0.00007375 
0.00007403 
0.00007377 
0.00007330 
0.00007389 
0.00007525 
0.00007557 
0.00007497 
0.00007600 
0.00007596 
0.00007581 
0.00007660 
0.00007636 
0.00007650 
0.00007645 
0.00007633 
0.00007666 
0.00007616 
0.00007602 
0.00007571 
0.00007571 
0.00007616 
0.00007649 
0.00007640 
0.00007666 
0.00007508 
0.00007465 
0.00007547 
0.00007436 
0.00007303 
0.00007348 
0.00007301 
0.00007344 
0.00007315 
0.00007362 
0.00007362 
0.00007360 
0.00007322 
0.00007353 
0.00007321 
0.00007288 
0.00007318 
0.00007376 
0.00007227 
0.00007156 
0.00007239 
0.00007300 
0.00007404 
0.00007340 
0.00007311 
0.00007370 
0.00007346 
0.00007346 
0.00007349 
0.00007347 
0.00007375 
0.00007282 
0.00007285 
0.00007290 
0.00007339 
0.00007344 
0.00007339 
0.00007337 
0.00007300 
0.00007250 
0.00007250 
0.00007179 
0.00007190 
0.00007200 
0.00007316 
0.00007331 
0.00007275 
0.00007332 
0.00007295 
0.00007282 
0.00007259 
0.00007205 
0.00007223 
0.00007264 
0.00007200 
0.00007235 
0.00007184 
0.00007188 
0.00007187 
0.00007110 
0.00007122 
0.00007119 
0.00007065 
0.00007065 
0.00007065 
0.00007040 
0.00007044 
0.00007033 
0.00007096 
0.00007167 
0.00007097 
0.00007147 
0.00007116 
0.00007080 
0.00007044 
0.00007062 
0.00007123 
0.00007095 
0.00006983 
0.00006983 
0.00006934 
0.00006938 
0.00006949 
0.00006953 
0.00007001 
0.00007032 
0.00007053 
0.00007125 
0.00007174 
0.00007103 
0.00007070 
0.00007055 
0.00007113 
0.00007100 
0.00007045 
0.00007050 
0.00007098 
0.00007036 
0.00007020 
0.00007036 
0.00007057 
0.00007111 
0.00007113 
0.00007116 
0.00007100 
0.00007194 
0.00007146 
0.00007200 
0.00007054 
0.00006938 
0.00006911 
0.00006965 
0.00007041 
0.00007063 
0.00007148 
0.00007200 
0.00007088 
0.00007004 
0.00007046 
0.00006964 
0.00006887 
0.00006900 
0.00006823 
0.00006816 
0.00006850 
0.00006877 
0.00006809 
0.00006836 
0.00006837 
0.00006823 
0.00006824 
0.00006717 
0.00006717 
0.00006714 
0.00006718 
0.00006718 
0.00006800 
0.00006746 
0.00006745 
0.00006825 
0.00006741 
0.00006751 
0.00006700 
0.00006796 
0.00006752 
0.00006636 
0.00006626 
0.00006670 
0.00006660 
0.00006664 
0.00006634 
0.00006660 
0.00006635 
0.00006635 
0.00006635 
0.00006655 
0.00006642 
0.00006640 
0.00006651 
0.00006642 
0.00006625 
0.00006659 
0.00006664 
0.00006666 
0.00006630 
0.00006616 
0.00006669 
0.00006723 
0.00006702 
0.00006649 
0.00006718 
0.00006670 
0.00006748 
0.00006665 
0.00006664 
0.00006663 
0.00006621 
0.00006585 
0.00006614 
0.00006560 
0.00006591 
0.00006590 
0.00006607 
0.00006668 
0.00006669 
0.00006616 
0.00006583 
0.00006590 
0.00006729 
0.00006847 
0.00006885 
0.00006883 
0.00006875 
0.00006974 
0.00006910 
0.00006864 
0.00006846 
0.00006749 
0.00006745 
0.00006735 
0.00006720 
0.00006731 
0.00006716 
0.00006702 
0.00006767 
0.00006767 
0.00006700 
0.00006649 
0.00006719 
0.00006680 
0.00006666 
0.00006658 
0.00006638 
0.00006686 
0.00006662 
0.00006688 
0.00006779 
0.00006818 
0.00006824 
0.00006789 
0.00006775 
0.00006866 
0.00006800 
0.00006804 
0.00006811 
0.00006903 
0.00006900 
0.00006884 
0.00006884 
0.00006889 
0.00006889 
0.00006910 
0.00006889 
0.00006859 
0.00006832 
0.00006815 
0.00006815 
0.00006835 
0.00006839 
0.00006853 
0.00006853 
0.00006889 
0.00006891 
0.00006914 
0.00006889 
0.00006957 
0.00006968 
0.00006969 
0.00006985 
0.00007014 
0.00006997 
0.00007060 
0.00007031 
0.00007056 
0.00007006 
0.00007025 
0.00007028 
0.00006979 
0.00007000 
0.00006993 
0.00007001 
0.00007001 
0.00007043 
0.00007037 
0.00007130 
0.00007132 
0.00007174 
0.00007157 
0.00007150 
0.00007173 
0.00007177 
0.00007230 
0.00007230 
0.00007204 
0.00007230 
0.00007248 
0.00007271 
0.00007222 
0.00007211 
0.00007221 
0.00007243 
0.00007275 
0.00007288 
0.00007216 
0.00007289 
0.00007289 
0.00007197 
0.00007198 
0.00007196 
0.00007218 
0.00007224 
0.00007224 
0.00007210 
0.00007210 
0.00007210 
0.00007210 
0.00007210 
0.00007224 
0.00007202 
0.00007201 
0.00007228 
0.00007232 
0.00007196 
0.00007234 
0.00007251 
0.00007238 
0.00007225 
0.00007212 
0.00007212 
0.00007175 
0.00007199 
0.00007194 
0.00007244 
0.00007244 
0.00007254 
0.00007196 
0.00007198 
0.00007227 
0.00007308 
0.00007211 
0.00007200 
0.00007200 
0.00007270 
0.00007283 
0.00007286 
0.00007311 
0.00007389 
0.00007253 
0.00007316 
0.00007248 
0.00007250 
0.00007251 
0.00007232 
0.00007230 
0.00007268 
0.00007349 
0.00007380 
0.00007400 
0.00007538 
0.00007533 
0.00007581 
0.00007581 
0.00007620 
0.00007580 
0.00007580 
0.00007600 
0.00007559 
0.00007560 
0.00007517 
0.00007514 
0.00007584 
0.00007448 
0.00007600 
0.00007598 
0.00007525 
0.00007521 
0.00007495 
0.00007413 
0.00007413 
0.00007875 
0.00007875 
0.00007858 
0.00007830 
0.00007801 
0.00007820 
0.00007819 
0.00007830 
0.00007854 
0.00007849 
0.00007819 
0.00007800 
0.00007799 
0.00007717 
0.00007793 
0.00007850 
0.00007734 
0.00007800 
0.00007747 
0.00007900 
0.00007882 
0.00007896 
0.00007871 
0.00007880 
0.00007810 
0.00007739 
0.00007688 
0.00007757 
0.00007728 
0.00007705 
0.00007682 
0.00007679 
0.00007615 
0.00007614 
0.00007661 
0.00007709 
0.00007660 
0.00007599 
0.00007540 
0.00007575 
0.00007466 
0.00007557 
0.00007541 
0.00007523 
0.00007496 
0.00007546 
0.00007452 
0.00007465 
0.00007464 
0.00007454 
0.00007357 
0.00007397 
0.00007403 
0.00007422 
0.00007433 
0.00007465 
0.00007466 
0.00007461 
0.00007501 
0.00007450 
0.00007442 
0.00007444 
0.00007440 
0.00007495 
0.00007408 
0.00007441 
0.00007495 
0.00007450 
0.00007406 
0.00007476 
0.00007493 
0.00007490 
0.00007550 
0.00007480 
0.00007350 
0.00007304 
0.00007304 
0.00007284 
0.00007270 
0.00007290 
0.00007284 
0.00007330 
0.00007340 
0.00007352 
0.00007330 
0.00007335 
0.00007331 
0.00007373 
0.00007412 
0.00007502 
0.00007538 
0.00007410 
0.00007504 
0.00007403 
0.00007368 
0.00007374 
0.00007325 
0.00007375 
0.00007403 
0.00007377 
0.00007330 
0.00007389 
0.00007525 
0.00007557 
0.00007497 
0.00007600 
0.00007596 
0.00007581 
0.00007660 
0.00007636 
0.00007650 
0.00007645 
0.00007633 
0.00007666 
0.00007616 
0.00007602 
0.00007571 
0.00007571 
0.00007616 
0.00007649 
0.00007640 
0.00007666 
0.00007508 
0.00007465 
0.00007547 
0.00007436 
0.00007303 
0.00007348 
0.00007301 
0.00007344 
0.00007315 
0.00007362 
0.00007362 
0.00007360 
0.00007322 
0.00007353 
0.00007321 
0.00007288 
0.00007318 
0.00007376 
0.00007227 
0.00007156 
0.00007239 
0.00007300 
0.00007404 
0.00007340 
0.00007311 
0.00007370 
0.00007346 
0.00007346 
0.00007349 
0.00007347 
0.00007375 
0.00007282 
0.00007285 
0.00007290 
0.00007339 
0.00007344 
0.00007339 
0.00007337 
0.00007300 
0.00007250 
0.00007250 
0.00007179 
0.00007190 
0.00007200 
0.00007316 
0.00007331 
0.00007275 
0.00007332 
0.00007295 
0.00007282 
0.00007259 
0.00007205 
0.00007223 
0.00007264 
0.00007200 
0.00007235 
0.00007184 
0.00007188 
0.00007187 
0.00007110 
0.00007122 
0.00007119 
0.00007065 
0.00007065 
0.00007065 
0.00007040 
0.00007044 
0.00007033 
0.00007096 
0.00007167 
0.00007097 
0.00007147 
0.00007116 
0.00007080 
0.00007044 
0.00007062 
0.00007123 
0.00007095 
0.00006983 
0.00006983 
0.00006934 
0.00006938 
0.00006949 
0.00006953 
0.00007001 
0.00007032 
0.00007053 
0.00007125 
0.00007174 
0.00007103 
0.00007070 
0.00007055 
0.00007113 
0.00007100 
0.00007045 
0.00007050 
0.00007098 
0.00007036 
0.00007020 
0.00007036 
0.00007057 
0.00007111 
0.00007113 
0.00007116 
0.00007100 
0.00007194 
0.00007146 
0.00007200 
0.00007054 
0.00006938 
0.00006911 
0.00006965 
0.00007041 
0.00007063 
0.00007148 
0.00007200 
0.00007088 
0.00007004 
0.00007046 
0.00006964 
0.00006887 
0.00006900 
0.00006823 
0.00006816 
0.00006850 
0.00006877 
0.00006809 
0.00006836 
0.00006837 
0.00006823 
0.00006824 
0.00006717 
0.00006717 
0.00006714 
0.00006718 
0.00006718 
0.00006800 
0.00006746 
0.00006745 
0.00006825 
0.00006741 
0.00006751 
0.00006700 
0.00006796 
0.00006752 
0.00006636 
0.00006626 
0.00006670 
0.00006660 
0.00006664 
0.00006634 
0.00006660 
0.00006635 
0.00006635 
0.00006635 
0.00006655 
0.00006642 
0.00006640 
0.00006651 
0.00006642 
0.00006625 
0.00006659 
0.00006664 
0.00006666 
0.00006630 
0.00006616 
0.00006669 
0.00006723 
0.00006702 
0.00006649 
0.00006718 
0.00006670 
0.00006748 
0.00006665 
0.00006664 
0.00006663 
0.00006621 
0.00006585 
0.00006614 
0.00006560 
0.00006591 
0.00006590 
0.00006607 
0.00006668 
0.00006669 
0.00006616 
0.00006583 
0.00006590 
0.00006729 
0.00006847 
0.00006885 
0.00006883 
0.00006875 
0.00006974 
0.00006910 
0.00006864 
0.00006846 
0.00006749 
0.00006745 
0.00006735 
0.00006720 
0.00006731 
0.00006716 
0.00006702 
0.00006767 
0.00006767 
0.00006700 
0.00006649 
0.00006719 
0.00006680 
0.00006666 
0.00006658 
0.00006638 
0.00006686 
0.00006662 
0.00006688 
0.00006779 
0.00006818 
0.00006824 
0.00006789 
0.00006775 
0.00006866 
0.00006800 
0.00006804 
0.00006811 
0.00006903 
0.00006900 
0.00006884 
0.00006884 
0.00006889 
0.00006889 
0.00006910 
0.00006889 
0.00006859 
0.00006832 
0.00006815 
0.00006815 
0.00006835 
0.00006839 
0.00006853 
0.00006853 
0.00006889 
0.00006891 
0.00006914 
0.00006889 
0.00006957 
0.00006968 
0.00006969 
0.00006985 
0.00007014 
0.00006997 
0.00007060 
0.00007031 
0.00007056 
0.00007006 
0.00007025 
0.00007028 
0.00006979 
0.00007000 
0.00006993 
0.00007001 
0.00007001 
0.00007043 
0.00007037 
0.00007130 
0.00007132 
0.00007174 
0.00007157 
0.00007150 
0.00007173 
0.00007177 
0.00007230 
0.00007230 
0.00007204 
0.00007230 
0.00007248 
0.00007271 
0.00007222 
0.00007211 
0.00007221 
0.00007243 
0.00007275 
0.00007288 
0.00007216 
0.00007289 
0.00007289 
0.00007197 
0.00007198 
0.00007196 
0.00007218 
0.00007224 
0.00007224 
0.00007210 
0.00007210 
0.00007210 
0.00007210 
0.00007210 
0.00007224 
0.00007202 
0.00007201 
0.00007228 
0.00007232 
0.00007196 
0.00007234 
0.00007251 
0.00007238 
0.00007225 
0.00007212 
0.00007212 
0.00007175 
0.00007199 
0.00007194 
0.00007244 
0.00007244 
0.00007254 
0.00007196 
0.00007198 
0.00007227 
0.00007308 
0.00007211 
0.00007200 
0.00007200 
0.00007270 
0.00007283 
0.00007286 
0.00007311 
0.00007389 
0.00007253 
0.00007316 
0.00007248 
0.00007250 
0.00007251 
0.00007232 
0.00007230 
0.00007268 
0.00007349 
0.00007380 
0.00007400 
0.00007538 
0.00007533 
0.00007581 
0.00007581 
0.00007620 
0.00007580 
0.00007580 
0.00007600 
0.00007559 
0.00007560 
0.00007517 
0.00007514 
0.00007584 
0.00007448 
0.00007600 
0.00007598 
0.00007525 
0.00007521 
0.00007495 
0.00007413 
0.00007875 
0.00007875 
0.00007858 
0.00007830 
0.00007801 
0.00007820 
0.00007819 
0.00007830 
0.00007854 
0.00007849 
0.00007819 
0.00007800 
0.00007799 
0.00007717 
0.00007793 
0.00007850 
0.00007734 
0.00007800 
0.00007747 
0.00007900 
0.00007882 
0.00007896 
0.00007871 
0.00007880 
0.00007810 
0.00007739 
0.00007688 
0.00007757 
0.00007728 
0.00007705 
0.00007682 
0.00007679 
0.00007615 
0.00007614 
0.00007661 
0.00007709 
0.00007660 
0.00007599 
0.00007540 
0.00007575 
0.00007466 
0.00007557 
0.00007541 
0.00007523 
0.00007496 
0.00007546 
0.00007452 
0.00007465 
0.00007464 
0.00007454 
0.00007357 
0.00007397 
0.00007403 
0.00007422 
0.00007433 
0.00007465 
0.00007466 
0.00007461 
0.00007501 
0.00007450 
0.00007442 
0.00007444 
0.00007440 
0.00007495 
0.00007408 
0.00007441 
0.00007495 
0.00007450 
0.00007406 
0.00007476 
0.00007493 
0.00007490 
0.00007550 
0.00007480 
0.00007350 
0.00007304 
0.00007304 
0.00007284 
0.00007270 
0.00007290 
0.00007284 
0.00007330 
0.00007340 
0.00007352 
0.00007330 
0.00007335 
0.00007331 
0.00007373 
0.00007412 
0.00007502 
0.00007538 
0.00007410 
0.00007504 
0.00007403 
0.00007368 
0.00007374 
0.00007325 
0.00007375 
0.00007403 
0.00007377 
0.00007330 
0.00007389 
0.00007525 
0.00007557 
0.00007497 
0.00007600 
0.00007596 
0.00007581 
0.00007660 
0.00007636 
0.00007650 
0.00007645 
0.00007633 
0.00007666 
0.00007616 
0.00007602 
0.00007571 
0.00007571 
0.00007616 
0.00007649 
0.00007640 
0.00007666 
0.00007508 
0.00007465 
0.00007547 
0.00007436 
0.00007303 
0.00007348 
0.00007301 
0.00007344 
0.00007315 
0.00007362 
0.00007362 
0.00007360 
0.00007322 
0.00007353 
0.00007321 
0.00007288 
0.00007318 
0.00007376 
0.00007227 
0.00007156 
0.00007239 
0.00007300 
0.00007404 
0.00007340 
0.00007311 
0.00007370 
0.00007346 
0.00007346 
0.00007349 
0.00007347 
0.00007375 
0.00007282 
0.00007285 
0.00007290 
0.00007339 
0.00007344 
0.00007339 
0.00007337 
0.00007300 
0.00007250 
0.00007250 
0.00007179 
0.00007190 
0.00007200 
0.00007316 
0.00007331 
0.00007275 
0.00007332 
0.00007295 
0.00007282 
0.00007259 
0.00007205 
0.00007223 
0.00007264 
0.00007200 
0.00007235 
0.00007184 
0.00007188 
0.00007187 
0.00007110 
0.00007122 
0.00007119 
0.00007065 
0.00007065 
0.00007065 
0.00007040 
0.00007044 
0.00007033 
0.00007096 
0.00007167 
0.00007097 
0.00007147 
0.00007116 
0.00007080 
0.00007044 
0.00007062 
0.00007123 
0.00007095 
0.00006983 
0.00006983 
0.00006934 
0.00006938 
0.00006949 
0.00006953 
0.00007001 
0.00007032 
0.00007053 
0.00007125 
0.00007174 
0.00007103 
0.00007070 
0.00007055 
0.00007113 
0.00007100 
0.00007045 
0.00007050 
0.00007098 
0.00007036 
0.00007020 
0.00007036 
0.00007057 
0.00007111 
0.00007113 
0.00007116 
0.00007100 
0.00007194 
0.00007146 
0.00007200 
0.00007054 
0.00006938 
0.00006911 
0.00006965 
0.00007041 
0.00007063 
0.00007148 
0.00007200 
0.00007088 
0.00007004 
0.00007046 
0.00006964 
0.00006887 
0.00006900 
0.00006823 
0.00006816 
0.00006850 
0.00006877 
0.00006809 
0.00006836 
0.00006837 
0.00006823 
0.00006824 
0.00006717 
0.00006717 
0.00006714 
0.00006718 
0.00006718 
0.00006800 
0.00006746 
0.00006745 
0.00006825 
0.00006741 
0.00006751 
0.00006700 
0.00006796 
0.00006752 
0.00006636 
0.00006626 
0.00006670 
0.00006660 
0.00006664 
0.00006634 
0.00006660 
0.00006635 
0.00006635 
0.00006635 
0.00006655 
0.00006642 
0.00006640 
0.00006651 
0.00006642 
0.00006625 
0.00006659 
0.00006664 
0.00006666 
0.00006630 
0.00006616 
0.00006669 
0.00006723 
0.00006702 
0.00006649 
0.00006718 
0.00006670 
0.00006748 
0.00006665 
0.00006664 
0.00006663 
0.00006621 
0.00006585 
0.00006614 
0.00006560 
0.00006591 
0.00006590 
0.00006607 
0.00006668 
0.00006669 
0.00006616 
0.00006583 
0.00006590 
0.00006729 
0.00006847 
0.00006885 
0.00006883 
0.00006875 
0.00006974 
0.00006910 
0.00006864 
0.00006846 
0.00006749 
0.00006745 
0.00006735 
0.00006720 
0.00006731 
0.00006716 
0.00006702 
0.00006767 
0.00006767 
0.00006700 
0.00006649 
0.00006719 
0.00006680 
0.00006666 
0.00006658 
0.00006638 
0.00006686 
0.00006662 
0.00006688 
0.00006779 
0.00006818 
0.00006824 
0.00006789 
0.00006775 
0.00006866 
0.00006800 
0.00006804 
0.00006811 
0.00006903 
0.00006900 
0.00006884 
0.00006884 
0.00006889 
0.00006889 
0.00006910 
0.00006889 
0.00006859 
0.00006832 
0.00006815 
0.00006815 
0.00006835 
0.00006839 
0.00006853 
0.00006853 
0.00006889 
0.00006891 
0.00006914 
0.00006889 
0.00006957 
0.00006968 
0.00006969 
0.00006985 
0.00007014 
0.00006997 
0.00007060 
0.00007031 
0.00007056 
0.00007006 
0.00007025 
0.00007028 
0.00006979 
0.00007000 
0.00006993 
0.00007001 
0.00007001 
0.00007043 
0.00007037 
0.00007130 
0.00007132 
0.00007174 
0.00007157 
0.00007150 
0.00007173 
0.00007177 
0.00007230 
0.00007230 
0.00007204 
0.00007230 
0.00007248 
0.00007271 
0.00007222 
0.00007211 
0.00007221 
0.00007243 
0.00007275 
0.00007288 
0.00007216 
0.00007289 
0.00007289 
0.00007197 
0.00007198 
0.00007196 
0.00007218 
0.00007224 
0.00007224 
0.00007210 
0.00007210 
0.00007210 
0.00007210 
0.00007210 
0.00007224 
0.00007202 
0.00007201 
0.00007228 
0.00007232 
0.00007196 
0.00007234 
0.00007251 
0.00007238 
0.00007225 
0.00007212 
0.00007212 
0.00007175 
0.00007199 
0.00007194 
0.00007244 
0.00007244 
0.00007254 
0.00007196 
0.00007198 
0.00007227 
0.00007308 
0.00007211 
0.00007200 
0.00007200 
0.00007270 
0.00007283 
0.00007286 
0.00007311 
0.00007389 
0.00007253 
0.00007316 
0.00007248 
0.00007250 
0.00007251 
0.00007232 
0.00007230 
0.00007268 
0.00007349 
0.00007380 
0.00007400 
0.00007538 
0.00007533 
0.00007581 
0.00007581 
0.00007620 
0.00007580 
0.00007580 
0.00007600 
0.00007559 
0.00007560 
0.00007517 
0.00007514 
0.00007584 
0.00007448 
0.00007600 
0.00007598 
0.00007525 
0.00007521 
0.00007495 
0.00007413 
