695.53000000 
972.90000000 
171.60000000 
424.49000000 
642.18000000 
320.12000000 
1451.29000000 
2318.74000000 
897.14000000 
740.16000000 
1720.68000000 
3885.71000000 
121.51000000 
129.79000000 
398.51000000 
148.10000000 
4129.32000000 
1449.91000000 
2557.63000000 
1745.68000000 
830.35000000 
107.59000000 
27.69000000 
49.49000000 
472.29000000 
2336.61000000 
850.93000000 
1006.52000000 
1074.72000000 
253.83000000 
276.49000000 
356.27000000 
69.81000000 
481.13000000 
1271.42000000 
312.15000000 
462.07000000 
2255.19000000 
863.58000000 
52.45000000 
1083.08000000 
489.30000000 
395.25000000 
1173.06000000 
44.26000000 
358.05000000 
1015.56000000 
5.19000000 
279.98000000 
706.55000000 
265.55000000 
122.09000000 
220.07000000 
1559.22000000 
243.53000000 
336.37000000 
12.73000000 
136.43000000 
31.58000000 
795.16000000 
437.36000000 
936.33000000 
123.23000000 
1013.32000000 
361.73000000 
604.51000000 
17.48000000 
26.85000000 
0.00000000 
1663.20000000 
486.25000000 
173.71000000 
995.78000000 
268.64000000 
341.70000000 
1965.12000000 
440.39000000 
140.79000000 
85.33000000 
147.43000000 
1074.21000000 
230.54000000 
1582.90000000 
1655.65000000 
17.94000000 
277.20000000 
239.58000000 
313.49000000 
314.95000000 
633.55000000 
571.83000000 
1004.62000000 
388.24000000 
632.14000000 
237.36000000 
895.01000000 
144.13000000 
710.50000000 
60.16000000 
742.18000000 
995.41000000 
20.00000000 
1.01000000 
874.91000000 
256.34000000 
386.50000000 
1106.38000000 
86.00000000 
602.50000000 
175.37000000 
1858.11000000 
1063.32000000 
409.50000000 
969.21000000 
751.09000000 
76.36000000 
118.62000000 
544.04000000 
1262.60000000 
798.29000000 
813.58000000 
919.38000000 
470.83000000 
348.92000000 
2221.94000000 
460.81000000 
27.00000000 
788.01000000 
83.15000000 
1044.12000000 
1095.80000000 
140.88000000 
1314.60000000 
1037.72000000 
1832.50000000 
213.81000000 
255.43000000 
213.44000000 
535.89000000 
2156.38000000 
870.95000000 
527.54000000 
807.76000000 
1263.28000000 
1547.56000000 
1239.58000000 
47.57000000 
34.55000000 
300.66000000 
1873.22000000 
855.65000000 
2196.63000000 
698.22000000 
547.71000000 
3286.12000000 
1021.47000000 
712.87000000 
278.87000000 
213.33000000 
233.01000000 
620.75000000 
992.23000000 
162.20000000 
555.62000000 
7505.12000000 
3057.87000000 
373.27000000 
963.01000000 
4163.69000000 
394.20000000 
584.46000000 
2772.78000000 
1052.57000000 
940.95000000 
110.49000000 
357.23000000 
2656.85000000 
984.81000000 
765.17000000 
48.54000000 
1797.59000000 
15.00000000 
0.00000000 
857.52000000 
105.35000000 
70.29000000 
21.67000000 
18.83000000 
159.65000000 
17.40000000 
251.03000000 
103.57000000 
113.86000000 
21.74000000 
36.85000000 
393.26000000 
99.98000000 
5.67000000 
266.30000000 
29.08000000 
6.99000000 
1771.65000000 
14.06000000 
120.00000000 
553.37000000 
245.76000000 
133.00000000 
259.78000000 
423.50000000 
187.69000000 
1630.09000000 
108.68000000 
346.00000000 
307.10000000 
176.82000000 
143.41000000 
405.37000000 
40.49000000 
14.13000000 
252.24000000 
121.31000000 
1673.87000000 
104.68000000 
15.50000000 
39.59000000 
338.55000000 
113.96000000 
0.00000000 
86.82000000 
188.55000000 
18.00000000 
698.45000000 
154.42000000 
1248.31000000 
986.68000000 
683.34000000 
601.47000000 
64.89000000 
374.81000000 
159.26000000 
342.32000000 
55.43000000 
210.76000000 
32.06000000 
163.31000000 
319.96000000 
170.05000000 
344.79000000 
632.75000000 
32.26000000 
599.70000000 
136.70000000 
72.34000000 
152.42000000 
14.00000000 
100.54000000 
84.93000000 
1137.84000000 
964.74000000 
60.99000000 
210.86000000 
199.53000000 
759.55000000 
92.58000000 
33.97000000 
3015.75000000 
802.28000000 
2257.18000000 
3296.34000000 
170.78000000 
328.27000000 
143.27000000 
222.49000000 
101.11000000 
103.59000000 
9.99000000 
147.43000000 
2503.05000000 
1629.78000000 
365.59000000 
205.80000000 
364.46000000 
382.32000000 
102.43000000 
162.47000000 
134.31000000 
1314.39000000 
3262.73000000 
1741.44000000 
1603.14000000 
51.45000000 
31.15000000 
7.00000000 
72.52000000 
115.66000000 
832.43000000 
401.53000000 
79.34000000 
423.08000000 
286.79000000 
218.80000000 
101.00000000 
92.09000000 
105.68000000 
13.78000000 
0.00000000 
0.00000000 
95.16000000 
19.82000000 
55.35000000 
447.20000000 
215.94000000 
150.96000000 
45.39000000 
106.76000000 
47.93000000 
776.69000000 
32.85000000 
385.19000000 
173.65000000 
427.86000000 
858.06000000 
100.41000000 
211.44000000 
740.57000000 
39.06000000 
254.05000000 
559.30000000 
1455.17000000 
527.28000000 
29.52000000 
2346.93000000 
2199.49000000 
174.42000000 
32.77000000 
4206.99000000 
1493.78000000 
108.08000000 
1752.66000000 
46.16000000 
1386.56000000 
101.74000000 
774.21000000 
583.75000000 
558.07000000 
108.05000000 
117.45000000 
83.00000000 
381.13000000 
2980.83000000 
248.01000000 
39.22000000 
1860.98000000 
990.50000000 
146.75000000 
839.25000000 
368.32000000 
342.03000000 
162.14000000 
773.88000000 
126.69000000 
737.20000000 
411.48000000 
719.35000000 
368.36000000 
213.78000000 
124.73000000 
3909.66000000 
121.51000000 
2002.44000000 
932.18000000 
165.95000000 
7.87000000 
0.00000000 
315.60000000 
307.50000000 
1869.13000000 
368.13000000 
789.39000000 
1710.47000000 
129.51000000 
307.54000000 
248.68000000 
431.10000000 
28.45000000 
41.21000000 
5.70000000 
333.99000000 
266.32000000 
1441.13000000 
1542.77000000 
2980.08000000 
1112.86000000 
379.34000000 
0.00000000 
866.83000000 
1269.01000000 
898.34000000 
872.51000000 
897.15000000 
405.16000000 
739.05000000 
860.61000000 
1570.66000000 
1367.80000000 
62.47000000 
5351.80000000 
415.36000000 
0.00000000 
19.72000000 
32.20000000 
75.95000000 
23.41000000 
276.49000000 
620.23000000 
265.81000000 
545.38000000 
883.71000000 
921.01000000 
46.00000000 
22.09000000 
17.04000000 
522.80000000 
320.96000000 
637.15000000 
772.11000000 
176.58000000 
767.23000000 
378.50000000 
151.94000000 
410.14000000 
204.53000000 
7.80000000 
1145.84000000 
21.69000000 
355.00000000 
1713.06000000 
1110.68000000 
307.05000000 
244.44000000 
104.52000000 
0.00000000 
123.31000000 
4.79000000 
0.01000000 
8.04000000 
57.58000000 
135.94000000 
100.23000000 
1023.58000000 
178.48000000 
326.71000000 
1356.06000000 
795.97000000 
546.53000000 
224.86000000 
116.47000000 
135.36000000 
2265.59000000 
0.00000000 
11.65000000 
270.83000000 
429.06000000 
62.13000000 
1579.36000000 
98.00000000 
819.92000000 
405.32000000 
550.54000000 
303.16000000 
1350.47000000 
467.97000000 
249.83000000 
147.92000000 
552.48000000 
155.12000000 
1393.44000000 
452.52000000 
1407.68000000 
695.53000000 
972.90000000 
171.60000000 
424.49000000 
642.18000000 
320.12000000 
1451.29000000 
2318.74000000 
897.14000000 
740.16000000 
1720.68000000 
3885.71000000 
121.51000000 
129.79000000 
398.51000000 
148.10000000 
4129.32000000 
1449.91000000 
2557.63000000 
1745.68000000 
830.35000000 
107.59000000 
27.69000000 
49.49000000 
472.29000000 
2336.61000000 
850.93000000 
1006.52000000 
1074.72000000 
253.83000000 
276.49000000 
356.27000000 
69.81000000 
481.13000000 
1271.42000000 
312.15000000 
462.07000000 
2255.19000000 
863.58000000 
52.45000000 
1083.08000000 
489.30000000 
395.25000000 
1173.06000000 
44.26000000 
358.05000000 
1015.56000000 
5.19000000 
279.98000000 
706.55000000 
265.55000000 
122.09000000 
220.07000000 
1559.22000000 
243.53000000 
336.37000000 
12.73000000 
136.43000000 
31.58000000 
795.16000000 
437.36000000 
936.33000000 
123.23000000 
1013.32000000 
361.73000000 
604.51000000 
17.48000000 
26.85000000 
0.00000000 
1663.20000000 
486.25000000 
173.71000000 
995.78000000 
268.64000000 
341.70000000 
1965.12000000 
440.39000000 
140.79000000 
85.33000000 
147.43000000 
1074.21000000 
230.54000000 
1582.90000000 
1655.65000000 
17.94000000 
277.20000000 
239.58000000 
313.49000000 
314.95000000 
633.55000000 
571.83000000 
1004.62000000 
388.24000000 
632.14000000 
237.36000000 
895.01000000 
144.13000000 
710.50000000 
60.16000000 
742.18000000 
995.41000000 
20.00000000 
1.01000000 
874.91000000 
256.34000000 
386.50000000 
1106.38000000 
86.00000000 
602.50000000 
175.37000000 
1858.11000000 
1063.32000000 
409.50000000 
969.21000000 
751.09000000 
76.36000000 
118.62000000 
544.04000000 
1262.60000000 
798.29000000 
813.58000000 
919.38000000 
470.83000000 
348.92000000 
2221.94000000 
460.81000000 
27.00000000 
788.01000000 
83.15000000 
1044.12000000 
1095.80000000 
140.88000000 
1314.60000000 
1037.72000000 
1832.50000000 
213.81000000 
255.43000000 
213.44000000 
535.89000000 
2156.38000000 
870.95000000 
527.54000000 
807.76000000 
1263.28000000 
1547.56000000 
1239.58000000 
47.57000000 
34.55000000 
300.66000000 
1873.22000000 
855.65000000 
2196.63000000 
698.22000000 
547.71000000 
3286.12000000 
1021.47000000 
712.87000000 
278.87000000 
213.33000000 
233.01000000 
620.75000000 
992.23000000 
162.20000000 
555.62000000 
7505.12000000 
3057.87000000 
373.27000000 
963.01000000 
4163.69000000 
394.20000000 
584.46000000 
2772.78000000 
1052.57000000 
940.95000000 
110.49000000 
357.23000000 
2656.85000000 
984.81000000 
765.17000000 
48.54000000 
1797.59000000 
15.00000000 
0.00000000 
857.52000000 
105.35000000 
70.29000000 
21.67000000 
18.83000000 
159.65000000 
17.40000000 
251.03000000 
103.57000000 
113.86000000 
21.74000000 
36.85000000 
393.26000000 
99.98000000 
5.67000000 
266.30000000 
29.08000000 
6.99000000 
1771.65000000 
14.06000000 
120.00000000 
553.37000000 
245.76000000 
133.00000000 
259.78000000 
423.50000000 
187.69000000 
1630.09000000 
108.68000000 
346.00000000 
307.10000000 
176.82000000 
143.41000000 
405.37000000 
40.49000000 
14.13000000 
252.24000000 
121.31000000 
1673.87000000 
104.68000000 
15.50000000 
39.59000000 
338.55000000 
113.96000000 
0.00000000 
86.82000000 
188.55000000 
18.00000000 
698.45000000 
154.42000000 
1248.31000000 
986.68000000 
683.34000000 
601.47000000 
64.89000000 
374.81000000 
159.26000000 
342.32000000 
55.43000000 
210.76000000 
32.06000000 
163.31000000 
319.96000000 
170.05000000 
344.79000000 
632.75000000 
32.26000000 
599.70000000 
136.70000000 
72.34000000 
152.42000000 
14.00000000 
100.54000000 
84.93000000 
1137.84000000 
964.74000000 
60.99000000 
210.86000000 
199.53000000 
759.55000000 
92.58000000 
33.97000000 
3015.75000000 
802.28000000 
2257.18000000 
3296.34000000 
170.78000000 
328.27000000 
143.27000000 
222.49000000 
101.11000000 
103.59000000 
9.99000000 
147.43000000 
2503.05000000 
1629.78000000 
365.59000000 
205.80000000 
364.46000000 
382.32000000 
102.43000000 
162.47000000 
134.31000000 
1314.39000000 
3262.73000000 
1741.44000000 
1603.14000000 
51.45000000 
31.15000000 
7.00000000 
72.52000000 
115.66000000 
832.43000000 
401.53000000 
79.34000000 
423.08000000 
286.79000000 
218.80000000 
101.00000000 
92.09000000 
105.68000000 
13.78000000 
0.00000000 
0.00000000 
95.16000000 
19.82000000 
55.35000000 
447.20000000 
215.94000000 
150.96000000 
45.39000000 
106.76000000 
47.93000000 
776.69000000 
32.85000000 
385.19000000 
173.65000000 
427.86000000 
858.06000000 
100.41000000 
211.44000000 
740.57000000 
39.06000000 
254.05000000 
559.30000000 
1455.17000000 
527.28000000 
29.52000000 
2346.93000000 
2199.49000000 
174.42000000 
32.77000000 
4206.99000000 
1493.78000000 
108.08000000 
1752.66000000 
46.16000000 
1386.56000000 
101.74000000 
774.21000000 
583.75000000 
558.07000000 
108.05000000 
117.45000000 
83.00000000 
381.13000000 
2980.83000000 
248.01000000 
39.22000000 
1860.98000000 
990.50000000 
146.75000000 
839.25000000 
368.32000000 
342.03000000 
162.14000000 
773.88000000 
126.69000000 
737.20000000 
411.48000000 
719.35000000 
368.36000000 
213.78000000 
124.73000000 
3909.66000000 
121.51000000 
2002.44000000 
932.18000000 
165.95000000 
7.87000000 
0.00000000 
315.60000000 
307.50000000 
1869.13000000 
368.13000000 
789.39000000 
1710.47000000 
129.51000000 
307.54000000 
248.68000000 
431.10000000 
28.45000000 
41.21000000 
5.70000000 
333.99000000 
266.32000000 
1441.13000000 
1542.77000000 
2980.08000000 
1112.86000000 
379.34000000 
0.00000000 
866.83000000 
1269.01000000 
898.34000000 
872.51000000 
897.15000000 
405.16000000 
739.05000000 
860.61000000 
1570.66000000 
1367.80000000 
62.47000000 
5351.80000000 
415.36000000 
0.00000000 
19.72000000 
32.20000000 
75.95000000 
23.41000000 
276.49000000 
620.23000000 
265.81000000 
545.38000000 
883.71000000 
921.01000000 
46.00000000 
22.09000000 
17.04000000 
522.80000000 
320.96000000 
637.15000000 
772.11000000 
176.58000000 
767.23000000 
378.50000000 
151.94000000 
410.14000000 
204.53000000 
7.80000000 
1145.84000000 
21.69000000 
355.00000000 
1713.06000000 
1110.68000000 
307.05000000 
244.44000000 
104.52000000 
0.00000000 
123.31000000 
4.79000000 
0.01000000 
8.04000000 
57.58000000 
135.94000000 
100.23000000 
1023.58000000 
178.48000000 
326.71000000 
1356.06000000 
795.97000000 
546.53000000 
224.86000000 
116.47000000 
135.36000000 
2265.59000000 
0.00000000 
11.65000000 
270.83000000 
429.06000000 
62.13000000 
1579.36000000 
98.00000000 
819.92000000 
405.32000000 
550.54000000 
303.16000000 
1350.47000000 
467.97000000 
249.83000000 
147.92000000 
552.48000000 
155.12000000 
1393.44000000 
452.52000000 
1407.68000000 
0.00000000 
695.53000000 
972.90000000 
171.60000000 
424.49000000 
642.18000000 
320.12000000 
1451.29000000 
2318.74000000 
897.14000000 
740.16000000 
1720.68000000 
3885.71000000 
121.51000000 
129.79000000 
398.51000000 
148.10000000 
4129.32000000 
1449.91000000 
2557.63000000 
1745.68000000 
830.35000000 
107.59000000 
27.69000000 
49.49000000 
472.29000000 
2336.61000000 
850.93000000 
1006.52000000 
1074.72000000 
253.83000000 
276.49000000 
356.27000000 
69.81000000 
481.13000000 
1271.42000000 
312.15000000 
462.07000000 
2255.19000000 
863.58000000 
52.45000000 
1083.08000000 
489.30000000 
395.25000000 
1173.06000000 
44.26000000 
358.05000000 
1015.56000000 
5.19000000 
279.98000000 
706.55000000 
265.55000000 
122.09000000 
220.07000000 
1559.22000000 
243.53000000 
336.37000000 
12.73000000 
136.43000000 
31.58000000 
795.16000000 
437.36000000 
936.33000000 
123.23000000 
1013.32000000 
361.73000000 
604.51000000 
17.48000000 
26.85000000 
0.00000000 
1663.20000000 
486.25000000 
173.71000000 
995.78000000 
268.64000000 
341.70000000 
1965.12000000 
440.39000000 
140.79000000 
85.33000000 
147.43000000 
1074.21000000 
230.54000000 
1582.90000000 
1655.65000000 
17.94000000 
277.20000000 
239.58000000 
313.49000000 
314.95000000 
633.55000000 
571.83000000 
1004.62000000 
388.24000000 
632.14000000 
237.36000000 
895.01000000 
144.13000000 
710.50000000 
60.16000000 
742.18000000 
995.41000000 
20.00000000 
1.01000000 
874.91000000 
256.34000000 
386.50000000 
1106.38000000 
86.00000000 
602.50000000 
175.37000000 
1858.11000000 
1063.32000000 
409.50000000 
969.21000000 
751.09000000 
76.36000000 
118.62000000 
544.04000000 
1262.60000000 
798.29000000 
813.58000000 
919.38000000 
470.83000000 
348.92000000 
2221.94000000 
460.81000000 
27.00000000 
788.01000000 
83.15000000 
1044.12000000 
1095.80000000 
140.88000000 
1314.60000000 
1037.72000000 
1832.50000000 
213.81000000 
255.43000000 
213.44000000 
535.89000000 
2156.38000000 
870.95000000 
527.54000000 
807.76000000 
1263.28000000 
1547.56000000 
1239.58000000 
47.57000000 
34.55000000 
300.66000000 
1873.22000000 
855.65000000 
2196.63000000 
698.22000000 
547.71000000 
3286.12000000 
1021.47000000 
712.87000000 
278.87000000 
213.33000000 
233.01000000 
620.75000000 
992.23000000 
162.20000000 
555.62000000 
7505.12000000 
3057.87000000 
373.27000000 
963.01000000 
4163.69000000 
394.20000000 
584.46000000 
2772.78000000 
1052.57000000 
940.95000000 
110.49000000 
357.23000000 
2656.85000000 
984.81000000 
765.17000000 
48.54000000 
1797.59000000 
15.00000000 
0.00000000 
857.52000000 
105.35000000 
70.29000000 
21.67000000 
18.83000000 
159.65000000 
17.40000000 
251.03000000 
103.57000000 
113.86000000 
21.74000000 
36.85000000 
393.26000000 
99.98000000 
5.67000000 
266.30000000 
29.08000000 
6.99000000 
1771.65000000 
14.06000000 
120.00000000 
553.37000000 
245.76000000 
133.00000000 
259.78000000 
423.50000000 
187.69000000 
1630.09000000 
108.68000000 
346.00000000 
307.10000000 
176.82000000 
143.41000000 
405.37000000 
40.49000000 
14.13000000 
252.24000000 
121.31000000 
1673.87000000 
104.68000000 
15.50000000 
39.59000000 
338.55000000 
113.96000000 
0.00000000 
86.82000000 
188.55000000 
18.00000000 
698.45000000 
154.42000000 
1248.31000000 
986.68000000 
683.34000000 
601.47000000 
64.89000000 
374.81000000 
159.26000000 
342.32000000 
55.43000000 
210.76000000 
32.06000000 
163.31000000 
319.96000000 
170.05000000 
344.79000000 
632.75000000 
32.26000000 
599.70000000 
136.70000000 
72.34000000 
152.42000000 
14.00000000 
100.54000000 
84.93000000 
1137.84000000 
964.74000000 
60.99000000 
210.86000000 
199.53000000 
759.55000000 
92.58000000 
33.97000000 
3015.75000000 
802.28000000 
2257.18000000 
3296.34000000 
170.78000000 
328.27000000 
143.27000000 
222.49000000 
101.11000000 
103.59000000 
9.99000000 
147.43000000 
2503.05000000 
1629.78000000 
365.59000000 
205.80000000 
364.46000000 
382.32000000 
102.43000000 
162.47000000 
134.31000000 
1314.39000000 
3262.73000000 
1741.44000000 
1603.14000000 
51.45000000 
31.15000000 
7.00000000 
72.52000000 
115.66000000 
832.43000000 
401.53000000 
79.34000000 
423.08000000 
286.79000000 
218.80000000 
101.00000000 
92.09000000 
105.68000000 
13.78000000 
0.00000000 
0.00000000 
95.16000000 
19.82000000 
55.35000000 
447.20000000 
215.94000000 
150.96000000 
45.39000000 
106.76000000 
47.93000000 
776.69000000 
32.85000000 
385.19000000 
173.65000000 
427.86000000 
858.06000000 
100.41000000 
211.44000000 
740.57000000 
39.06000000 
254.05000000 
559.30000000 
1455.17000000 
527.28000000 
29.52000000 
2346.93000000 
2199.49000000 
174.42000000 
32.77000000 
4206.99000000 
1493.78000000 
108.08000000 
1752.66000000 
46.16000000 
1386.56000000 
101.74000000 
774.21000000 
583.75000000 
558.07000000 
108.05000000 
117.45000000 
83.00000000 
381.13000000 
2980.83000000 
248.01000000 
39.22000000 
1860.98000000 
990.50000000 
146.75000000 
839.25000000 
368.32000000 
342.03000000 
162.14000000 
773.88000000 
126.69000000 
737.20000000 
411.48000000 
719.35000000 
368.36000000 
213.78000000 
124.73000000 
3909.66000000 
121.51000000 
2002.44000000 
932.18000000 
165.95000000 
7.87000000 
0.00000000 
315.60000000 
307.50000000 
1869.13000000 
368.13000000 
789.39000000 
1710.47000000 
129.51000000 
307.54000000 
248.68000000 
431.10000000 
28.45000000 
41.21000000 
5.70000000 
333.99000000 
266.32000000 
1441.13000000 
1542.77000000 
2980.08000000 
1112.86000000 
379.34000000 
0.00000000 
866.83000000 
1269.01000000 
898.34000000 
872.51000000 
897.15000000 
405.16000000 
739.05000000 
860.61000000 
1570.66000000 
1367.80000000 
62.47000000 
5351.80000000 
415.36000000 
0.00000000 
19.72000000 
32.20000000 
75.95000000 
23.41000000 
276.49000000 
620.23000000 
265.81000000 
545.38000000 
883.71000000 
921.01000000 
46.00000000 
22.09000000 
17.04000000 
522.80000000 
320.96000000 
637.15000000 
772.11000000 
176.58000000 
767.23000000 
378.50000000 
151.94000000 
410.14000000 
204.53000000 
7.80000000 
1145.84000000 
21.69000000 
355.00000000 
1713.06000000 
1110.68000000 
307.05000000 
244.44000000 
104.52000000 
0.00000000 
123.31000000 
4.79000000 
0.01000000 
8.04000000 
57.58000000 
135.94000000 
100.23000000 
1023.58000000 
178.48000000 
326.71000000 
1356.06000000 
795.97000000 
546.53000000 
224.86000000 
116.47000000 
135.36000000 
2265.59000000 
0.00000000 
11.65000000 
270.83000000 
429.06000000 
62.13000000 
1579.36000000 
98.00000000 
819.92000000 
405.32000000 
550.54000000 
303.16000000 
1350.47000000 
467.97000000 
249.83000000 
147.92000000 
552.48000000 
155.12000000 
1393.44000000 
452.52000000 
1407.68000000 
