0.00048300 
0.00048100 
0.00048040 
0.00047780 
0.00047780 
0.00047780 
0.00047450 
0.00047430 
0.00047740 
0.00047900 
0.00048110 
0.00048470 
0.00048600 
0.00048500 
0.00048650 
0.00048650 
0.00049210 
0.00049130 
0.00048930 
0.00049050 
0.00049050 
0.00049030 
0.00048910 
0.00048900 
0.00049050 
0.00048770 
0.00048580 
0.00048550 
0.00048540 
0.00048540 
0.00048610 
0.00048360 
0.00048090 
0.00048270 
0.00048340 
0.00047940 
0.00047780 
0.00048260 
0.00047530 
0.00047540 
0.00047820 
0.00048000 
0.00048250 
0.00047780 
0.00047810 
0.00047620 
0.00047810 
0.00047810 
0.00048140 
0.00048270 
0.00048050 
0.00048270 
0.00048240 
0.00048370 
0.00048110 
0.00047670 
0.00047960 
0.00047480 
0.00047740 
0.00047460 
0.00047450 
0.00047500 
0.00047910 
0.00047460 
0.00047400 
0.00047430 
0.00047430 
0.00047400 
0.00047400 
0.00047220 
0.00047400 
0.00047170 
0.00047370 
0.00047520 
0.00047250 
0.00046330 
0.00046380 
0.00046670 
0.00046580 
0.00047000 
0.00047280 
0.00047280 
0.00046980 
0.00046900 
0.00047130 
0.00047170 
0.00047330 
0.00047560 
0.00047640 
0.00047550 
0.00047570 
0.00047200 
0.00047430 
0.00047430 
0.00047470 
0.00046910 
0.00046950 
0.00047400 
0.00047250 
0.00047430 
0.00047550 
0.00047690 
0.00047700 
0.00047700 
0.00047880 
0.00047480 
0.00047950 
0.00047830 
0.00048000 
0.00047960 
0.00047900 
0.00047800 
0.00047610 
0.00047430 
0.00047510 
0.00047500 
0.00047490 
0.00047740 
0.00047490 
0.00047740 
0.00047480 
0.00047500 
0.00047400 
0.00047400 
0.00046950 
0.00047160 
0.00046960 
0.00047040 
0.00046600 
0.00047000 
0.00046290 
0.00046230 
0.00046200 
0.00046490 
0.00046180 
0.00046090 
0.00046010 
0.00046050 
0.00046190 
0.00046330 
0.00046310 
0.00045980 
0.00046110 
0.00046040 
0.00045870 
0.00045670 
0.00045690 
0.00045850 
0.00045400 
0.00045500 
0.00045390 
0.00045150 
0.00045000 
0.00045400 
0.00045390 
0.00045290 
0.00045330 
0.00045200 
0.00045500 
0.00045110 
0.00045100 
0.00044960 
0.00044740 
0.00044710 
0.00045780 
0.00044780 
0.00044580 
0.00044600 
0.00044500 
0.00044450 
0.00044230 
0.00044240 
0.00044080 
0.00043890 
0.00043970 
0.00043880 
0.00043990 
0.00043510 
0.00043910 
0.00043660 
0.00043850 
0.00043860 
0.00043790 
0.00043790 
0.00043780 
0.00043510 
0.00043410 
0.00043410 
0.00043440 
0.00043860 
0.00043550 
0.00043460 
0.00043420 
0.00043420 
0.00043540 
0.00043510 
0.00043510 
0.00043510 
0.00043420 
0.00043410 
0.00043420 
0.00043510 
0.00043420 
0.00043410 
0.00043310 
0.00043390 
0.00043490 
0.00043220 
0.00043220 
0.00043390 
0.00043360 
0.00043060 
0.00043060 
0.00043110 
0.00043100 
0.00043140 
0.00043230 
0.00043230 
0.00043110 
0.00043570 
0.00043420 
0.00043600 
0.00043040 
0.00043130 
0.00043300 
0.00043030 
0.00043040 
0.00042710 
0.00042720 
0.00043040 
0.00042700 
0.00042930 
0.00043390 
0.00043050 
0.00042670 
0.00042700 
0.00042400 
0.00042790 
0.00042800 
0.00042350 
0.00042490 
0.00042500 
0.00042120 
0.00042120 
0.00041970 
0.00041940 
0.00041350 
0.00041470 
0.00041250 
0.00041210 
0.00041440 
0.00041400 
0.00041470 
0.00041480 
0.00041480 
0.00041350 
0.00041350 
0.00041480 
0.00041620 
0.00041360 
0.00041530 
0.00041640 
0.00041650 
0.00041670 
0.00041820 
0.00042030 
0.00041820 
0.00042320 
0.00042740 
0.00043000 
0.00043020 
0.00042840 
0.00042710 
0.00042850 
0.00042530 
0.00042570 
0.00042680 
0.00043090 
0.00042910 
0.00043020 
0.00042900 
0.00042980 
0.00043260 
0.00042760 
0.00042770 
0.00043140 
0.00043490 
0.00043070 
0.00042890 
0.00042440 
0.00042450 
0.00042470 
0.00042420 
0.00042190 
0.00042890 
0.00042460 
0.00042070 
0.00042400 
0.00042330 
0.00042600 
0.00042830 
0.00042830 
0.00042850 
0.00043000 
0.00043400 
0.00043210 
0.00043210 
0.00043440 
0.00043450 
0.00043450 
0.00043500 
0.00043300 
0.00043310 
0.00043270 
0.00043210 
0.00043270 
0.00042830 
0.00042830 
0.00042820 
0.00042530 
0.00042530 
0.00042650 
0.00042580 
0.00042390 
0.00042350 
0.00042350 
0.00042290 
0.00042370 
0.00042530 
0.00042530 
0.00042630 
0.00042670 
0.00042740 
0.00042770 
0.00042950 
0.00042960 
0.00043320 
0.00043030 
0.00042990 
0.00043220 
0.00042910 
0.00042910 
0.00042910 
0.00042910 
0.00042970 
0.00043040 
0.00042930 
0.00043080 
0.00043190 
0.00043160 
0.00042870 
0.00043220 
0.00042960 
0.00043220 
0.00043290 
0.00043270 
0.00043290 
0.00043780 
0.00043790 
0.00044290 
0.00044020 
0.00043600 
0.00043470 
0.00043480 
0.00043390 
0.00043390 
0.00044060 
0.00043870 
0.00044010 
0.00044710 
0.00044200 
0.00044190 
0.00044020 
0.00043920 
0.00044190 
0.00043930 
0.00044310 
0.00044220 
0.00044290 
0.00044240 
0.00043800 
0.00044300 
0.00044300 
0.00044210 
0.00043910 
0.00043870 
0.00043880 
0.00044310 
0.00044370 
0.00044420 
0.00043880 
0.00044200 
0.00043980 
0.00044040 
0.00043890 
0.00043890 
0.00043910 
0.00043900 
0.00043890 
0.00044100 
0.00043860 
0.00043690 
0.00043910 
0.00044170 
0.00044030 
0.00044220 
0.00044590 
0.00044430 
0.00044720 
0.00044680 
0.00044720 
0.00044760 
0.00044780 
0.00044890 
0.00044680 
0.00044830 
0.00044720 
0.00044930 
0.00045060 
0.00045250 
0.00045250 
0.00045320 
0.00045040 
0.00044840 
0.00045020 
0.00045180 
0.00045090 
0.00045130 
0.00045380 
0.00045330 
0.00045290 
0.00045280 
0.00044860 
0.00045260 
0.00045340 
0.00045340 
0.00045610 
0.00045710 
0.00045400 
0.00045780 
0.00045860 
0.00045860 
0.00045500 
0.00045950 
0.00045950 
0.00045950 
0.00045590 
0.00045510 
0.00045530 
0.00045530 
0.00045590 
0.00045880 
0.00046110 
0.00046240 
0.00046370 
0.00046510 
0.00046560 
0.00046580 
0.00047230 
0.00046880 
0.00047240 
0.00046900 
0.00046900 
0.00046870 
0.00046940 
0.00046850 
0.00046710 
0.00046710 
0.00046740 
0.00046480 
0.00046330 
0.00046340 
0.00046440 
0.00046660 
0.00046090 
0.00046530 
0.00046700 
0.00046840 
0.00046930 
0.00048300 
0.00048100 
0.00048040 
0.00047780 
0.00047780 
0.00047780 
0.00047450 
0.00047430 
0.00047740 
0.00047900 
0.00048110 
0.00048470 
0.00048600 
0.00048500 
0.00048650 
0.00048650 
0.00049210 
0.00049130 
0.00048930 
0.00049050 
0.00049050 
0.00049030 
0.00048910 
0.00048900 
0.00049050 
0.00048770 
0.00048580 
0.00048550 
0.00048540 
0.00048540 
0.00048610 
0.00048360 
0.00048090 
0.00048270 
0.00048340 
0.00047940 
0.00047780 
0.00048260 
0.00047530 
0.00047540 
0.00047820 
0.00048000 
0.00048250 
0.00047780 
0.00047810 
0.00047620 
0.00047810 
0.00047810 
0.00048140 
0.00048270 
0.00048050 
0.00048270 
0.00048240 
0.00048370 
0.00048110 
0.00047670 
0.00047960 
0.00047480 
0.00047740 
0.00047460 
0.00047450 
0.00047500 
0.00047910 
0.00047460 
0.00047400 
0.00047430 
0.00047430 
0.00047400 
0.00047400 
0.00047220 
0.00047400 
0.00047170 
0.00047370 
0.00047520 
0.00047250 
0.00046330 
0.00046380 
0.00046670 
0.00046580 
0.00047000 
0.00047280 
0.00047280 
0.00046980 
0.00046900 
0.00047130 
0.00047170 
0.00047330 
0.00047560 
0.00047640 
0.00047550 
0.00047570 
0.00047200 
0.00047430 
0.00047430 
0.00047470 
0.00046910 
0.00046950 
0.00047400 
0.00047250 
0.00047430 
0.00047550 
0.00047690 
0.00047700 
0.00047700 
0.00047880 
0.00047480 
0.00047950 
0.00047830 
0.00048000 
0.00047960 
0.00047900 
0.00047800 
0.00047610 
0.00047430 
0.00047510 
0.00047500 
0.00047490 
0.00047740 
0.00047490 
0.00047740 
0.00047480 
0.00047500 
0.00047400 
0.00047400 
0.00046950 
0.00047160 
0.00046960 
0.00047040 
0.00046600 
0.00047000 
0.00046290 
0.00046230 
0.00046200 
0.00046490 
0.00046180 
0.00046090 
0.00046010 
0.00046050 
0.00046190 
0.00046330 
0.00046310 
0.00045980 
0.00046110 
0.00046040 
0.00045870 
0.00045670 
0.00045690 
0.00045850 
0.00045400 
0.00045500 
0.00045390 
0.00045150 
0.00045000 
0.00045400 
0.00045390 
0.00045290 
0.00045330 
0.00045200 
0.00045500 
0.00045110 
0.00045100 
0.00044960 
0.00044740 
0.00044710 
0.00045780 
0.00044780 
0.00044580 
0.00044600 
0.00044500 
0.00044450 
0.00044230 
0.00044240 
0.00044080 
0.00043890 
0.00043970 
0.00043880 
0.00043990 
0.00043510 
0.00043910 
0.00043660 
0.00043850 
0.00043860 
0.00043790 
0.00043790 
0.00043780 
0.00043510 
0.00043410 
0.00043410 
0.00043440 
0.00043860 
0.00043550 
0.00043460 
0.00043420 
0.00043420 
0.00043540 
0.00043510 
0.00043510 
0.00043510 
0.00043420 
0.00043410 
0.00043420 
0.00043510 
0.00043420 
0.00043410 
0.00043310 
0.00043390 
0.00043490 
0.00043220 
0.00043220 
0.00043390 
0.00043360 
0.00043060 
0.00043060 
0.00043110 
0.00043100 
0.00043140 
0.00043230 
0.00043230 
0.00043110 
0.00043570 
0.00043420 
0.00043600 
0.00043040 
0.00043130 
0.00043300 
0.00043030 
0.00043040 
0.00042710 
0.00042720 
0.00043040 
0.00042700 
0.00042930 
0.00043390 
0.00043050 
0.00042670 
0.00042700 
0.00042400 
0.00042790 
0.00042800 
0.00042350 
0.00042490 
0.00042500 
0.00042120 
0.00042120 
0.00041970 
0.00041940 
0.00041350 
0.00041470 
0.00041250 
0.00041210 
0.00041440 
0.00041400 
0.00041470 
0.00041480 
0.00041480 
0.00041350 
0.00041350 
0.00041480 
0.00041620 
0.00041360 
0.00041530 
0.00041640 
0.00041650 
0.00041670 
0.00041820 
0.00042030 
0.00041820 
0.00042320 
0.00042740 
0.00043000 
0.00043020 
0.00042840 
0.00042710 
0.00042850 
0.00042530 
0.00042570 
0.00042680 
0.00043090 
0.00042910 
0.00043020 
0.00042900 
0.00042980 
0.00043260 
0.00042760 
0.00042770 
0.00043140 
0.00043490 
0.00043070 
0.00042890 
0.00042440 
0.00042450 
0.00042470 
0.00042420 
0.00042190 
0.00042890 
0.00042460 
0.00042070 
0.00042400 
0.00042330 
0.00042600 
0.00042830 
0.00042830 
0.00042850 
0.00043000 
0.00043400 
0.00043210 
0.00043210 
0.00043440 
0.00043450 
0.00043450 
0.00043500 
0.00043300 
0.00043310 
0.00043270 
0.00043210 
0.00043270 
0.00042830 
0.00042830 
0.00042820 
0.00042530 
0.00042530 
0.00042650 
0.00042580 
0.00042390 
0.00042350 
0.00042350 
0.00042290 
0.00042370 
0.00042530 
0.00042530 
0.00042630 
0.00042670 
0.00042740 
0.00042770 
0.00042950 
0.00042960 
0.00043320 
0.00043030 
0.00042990 
0.00043220 
0.00042910 
0.00042910 
0.00042910 
0.00042910 
0.00042970 
0.00043040 
0.00042930 
0.00043080 
0.00043190 
0.00043160 
0.00042870 
0.00043220 
0.00042960 
0.00043220 
0.00043290 
0.00043270 
0.00043290 
0.00043780 
0.00043790 
0.00044290 
0.00044020 
0.00043600 
0.00043470 
0.00043480 
0.00043390 
0.00043390 
0.00044060 
0.00043870 
0.00044010 
0.00044710 
0.00044200 
0.00044190 
0.00044020 
0.00043920 
0.00044190 
0.00043930 
0.00044310 
0.00044220 
0.00044290 
0.00044240 
0.00043800 
0.00044300 
0.00044300 
0.00044210 
0.00043910 
0.00043870 
0.00043880 
0.00044310 
0.00044370 
0.00044420 
0.00043880 
0.00044200 
0.00043980 
0.00044040 
0.00043890 
0.00043890 
0.00043910 
0.00043900 
0.00043890 
0.00044100 
0.00043860 
0.00043690 
0.00043910 
0.00044170 
0.00044030 
0.00044220 
0.00044590 
0.00044430 
0.00044720 
0.00044680 
0.00044720 
0.00044760 
0.00044780 
0.00044890 
0.00044680 
0.00044830 
0.00044720 
0.00044930 
0.00045060 
0.00045250 
0.00045250 
0.00045320 
0.00045040 
0.00044840 
0.00045020 
0.00045180 
0.00045090 
0.00045130 
0.00045380 
0.00045330 
0.00045290 
0.00045280 
0.00044860 
0.00045260 
0.00045340 
0.00045340 
0.00045610 
0.00045710 
0.00045400 
0.00045780 
0.00045860 
0.00045860 
0.00045500 
0.00045950 
0.00045950 
0.00045950 
0.00045590 
0.00045510 
0.00045530 
0.00045530 
0.00045590 
0.00045880 
0.00046110 
0.00046240 
0.00046370 
0.00046510 
0.00046560 
0.00046580 
0.00047230 
0.00046880 
0.00047240 
0.00046900 
0.00046900 
0.00046870 
0.00046940 
0.00046850 
0.00046710 
0.00046710 
0.00046740 
0.00046480 
0.00046330 
0.00046340 
0.00046440 
0.00046660 
0.00046090 
0.00046530 
0.00046700 
0.00046840 
0.00046930 
0.00048470 
0.00048300 
0.00048100 
0.00048040 
0.00047780 
0.00047780 
0.00047780 
0.00047450 
0.00047430 
0.00047740 
0.00047900 
0.00048110 
0.00048470 
0.00048600 
0.00048500 
0.00048650 
0.00048650 
0.00049210 
0.00049130 
0.00048930 
0.00049050 
0.00049050 
0.00049030 
0.00048910 
0.00048900 
0.00049050 
0.00048770 
0.00048580 
0.00048550 
0.00048540 
0.00048540 
0.00048610 
0.00048360 
0.00048090 
0.00048270 
0.00048340 
0.00047940 
0.00047780 
0.00048260 
0.00047530 
0.00047540 
0.00047820 
0.00048000 
0.00048250 
0.00047780 
0.00047810 
0.00047620 
0.00047810 
0.00047810 
0.00048140 
0.00048270 
0.00048050 
0.00048270 
0.00048240 
0.00048370 
0.00048110 
0.00047670 
0.00047960 
0.00047480 
0.00047740 
0.00047460 
0.00047450 
0.00047500 
0.00047910 
0.00047460 
0.00047400 
0.00047430 
0.00047430 
0.00047400 
0.00047400 
0.00047220 
0.00047400 
0.00047170 
0.00047370 
0.00047520 
0.00047250 
0.00046330 
0.00046380 
0.00046670 
0.00046580 
0.00047000 
0.00047280 
0.00047280 
0.00046980 
0.00046900 
0.00047130 
0.00047170 
0.00047330 
0.00047560 
0.00047640 
0.00047550 
0.00047570 
0.00047200 
0.00047430 
0.00047430 
0.00047470 
0.00046910 
0.00046950 
0.00047400 
0.00047250 
0.00047430 
0.00047550 
0.00047690 
0.00047700 
0.00047700 
0.00047880 
0.00047480 
0.00047950 
0.00047830 
0.00048000 
0.00047960 
0.00047900 
0.00047800 
0.00047610 
0.00047430 
0.00047510 
0.00047500 
0.00047490 
0.00047740 
0.00047490 
0.00047740 
0.00047480 
0.00047500 
0.00047400 
0.00047400 
0.00046950 
0.00047160 
0.00046960 
0.00047040 
0.00046600 
0.00047000 
0.00046290 
0.00046230 
0.00046200 
0.00046490 
0.00046180 
0.00046090 
0.00046010 
0.00046050 
0.00046190 
0.00046330 
0.00046310 
0.00045980 
0.00046110 
0.00046040 
0.00045870 
0.00045670 
0.00045690 
0.00045850 
0.00045400 
0.00045500 
0.00045390 
0.00045150 
0.00045000 
0.00045400 
0.00045390 
0.00045290 
0.00045330 
0.00045200 
0.00045500 
0.00045110 
0.00045100 
0.00044960 
0.00044740 
0.00044710 
0.00045780 
0.00044780 
0.00044580 
0.00044600 
0.00044500 
0.00044450 
0.00044230 
0.00044240 
0.00044080 
0.00043890 
0.00043970 
0.00043880 
0.00043990 
0.00043510 
0.00043910 
0.00043660 
0.00043850 
0.00043860 
0.00043790 
0.00043790 
0.00043780 
0.00043510 
0.00043410 
0.00043410 
0.00043440 
0.00043860 
0.00043550 
0.00043460 
0.00043420 
0.00043420 
0.00043540 
0.00043510 
0.00043510 
0.00043510 
0.00043420 
0.00043410 
0.00043420 
0.00043510 
0.00043420 
0.00043410 
0.00043310 
0.00043390 
0.00043490 
0.00043220 
0.00043220 
0.00043390 
0.00043360 
0.00043060 
0.00043060 
0.00043110 
0.00043100 
0.00043140 
0.00043230 
0.00043230 
0.00043110 
0.00043570 
0.00043420 
0.00043600 
0.00043040 
0.00043130 
0.00043300 
0.00043030 
0.00043040 
0.00042710 
0.00042720 
0.00043040 
0.00042700 
0.00042930 
0.00043390 
0.00043050 
0.00042670 
0.00042700 
0.00042400 
0.00042790 
0.00042800 
0.00042350 
0.00042490 
0.00042500 
0.00042120 
0.00042120 
0.00041970 
0.00041940 
0.00041350 
0.00041470 
0.00041250 
0.00041210 
0.00041440 
0.00041400 
0.00041470 
0.00041480 
0.00041480 
0.00041350 
0.00041350 
0.00041480 
0.00041620 
0.00041360 
0.00041530 
0.00041640 
0.00041650 
0.00041670 
0.00041820 
0.00042030 
0.00041820 
0.00042320 
0.00042740 
0.00043000 
0.00043020 
0.00042840 
0.00042710 
0.00042850 
0.00042530 
0.00042570 
0.00042680 
0.00043090 
0.00042910 
0.00043020 
0.00042900 
0.00042980 
0.00043260 
0.00042760 
0.00042770 
0.00043140 
0.00043490 
0.00043070 
0.00042890 
0.00042440 
0.00042450 
0.00042470 
0.00042420 
0.00042190 
0.00042890 
0.00042460 
0.00042070 
0.00042400 
0.00042330 
0.00042600 
0.00042830 
0.00042830 
0.00042850 
0.00043000 
0.00043400 
0.00043210 
0.00043210 
0.00043440 
0.00043450 
0.00043450 
0.00043500 
0.00043300 
0.00043310 
0.00043270 
0.00043210 
0.00043270 
0.00042830 
0.00042830 
0.00042820 
0.00042530 
0.00042530 
0.00042650 
0.00042580 
0.00042390 
0.00042350 
0.00042350 
0.00042290 
0.00042370 
0.00042530 
0.00042530 
0.00042630 
0.00042670 
0.00042740 
0.00042770 
0.00042950 
0.00042960 
0.00043320 
0.00043030 
0.00042990 
0.00043220 
0.00042910 
0.00042910 
0.00042910 
0.00042910 
0.00042970 
0.00043040 
0.00042930 
0.00043080 
0.00043190 
0.00043160 
0.00042870 
0.00043220 
0.00042960 
0.00043220 
0.00043290 
0.00043270 
0.00043290 
0.00043780 
0.00043790 
0.00044290 
0.00044020 
0.00043600 
0.00043470 
0.00043480 
0.00043390 
0.00043390 
0.00044060 
0.00043870 
0.00044010 
0.00044710 
0.00044200 
0.00044190 
0.00044020 
0.00043920 
0.00044190 
0.00043930 
0.00044310 
0.00044220 
0.00044290 
0.00044240 
0.00043800 
0.00044300 
0.00044300 
0.00044210 
0.00043910 
0.00043870 
0.00043880 
0.00044310 
0.00044370 
0.00044420 
0.00043880 
0.00044200 
0.00043980 
0.00044040 
0.00043890 
0.00043890 
0.00043910 
0.00043900 
0.00043890 
0.00044100 
0.00043860 
0.00043690 
0.00043910 
0.00044170 
0.00044030 
0.00044220 
0.00044590 
0.00044430 
0.00044720 
0.00044680 
0.00044720 
0.00044760 
0.00044780 
0.00044890 
0.00044680 
0.00044830 
0.00044720 
0.00044930 
0.00045060 
0.00045250 
0.00045250 
0.00045320 
0.00045040 
0.00044840 
0.00045020 
0.00045180 
0.00045090 
0.00045130 
0.00045380 
0.00045330 
0.00045290 
0.00045280 
0.00044860 
0.00045260 
0.00045340 
0.00045340 
0.00045610 
0.00045710 
0.00045400 
0.00045780 
0.00045860 
0.00045860 
0.00045500 
0.00045950 
0.00045950 
0.00045950 
0.00045590 
0.00045510 
0.00045530 
0.00045530 
0.00045590 
0.00045880 
0.00046110 
0.00046240 
0.00046370 
0.00046510 
0.00046560 
0.00046580 
0.00047230 
0.00046880 
0.00047240 
0.00046900 
0.00046900 
0.00046870 
0.00046940 
0.00046850 
0.00046710 
0.00046710 
0.00046740 
0.00046480 
0.00046330 
0.00046340 
0.00046440 
0.00046660 
0.00046090 
0.00046530 
0.00046700 
0.00046840 
0.00046930 
