0.00019690 
0.00019698 
0.00019510 
0.00019515 
0.00019661 
0.00019738 
0.00019752 
0.00019761 
0.00019699 
0.00019616 
0.00019633 
0.00019638 
0.00019640 
0.00019654 
0.00019766 
0.00019764 
0.00019565 
0.00019709 
0.00019727 
0.00019601 
0.00019367 
0.00019352 
0.00019500 
0.00019636 
0.00019500 
0.00019475 
0.00019459 
0.00019440 
0.00019352 
0.00019343 
0.00019428 
0.00019308 
0.00019300 
0.00019229 
0.00019224 
0.00019312 
0.00019188 
0.00019233 
0.00019404 
0.00019319 
0.00019028 
0.00019264 
0.00019465 
0.00019446 
0.00019432 
0.00019452 
0.00019349 
0.00019444 
0.00019396 
0.00019200 
0.00019200 
0.00019215 
0.00019133 
0.00019120 
0.00019098 
0.00019114 
0.00019079 
0.00019072 
0.00018897 
0.00018880 
0.00018845 
0.00018834 
0.00018824 
0.00018850 
0.00018895 
0.00019141 
0.00019000 
0.00018988 
0.00018916 
0.00019100 
0.00019100 
0.00018779 
0.00018582 
0.00019017 
0.00019033 
0.00018917 
0.00018695 
0.00018544 
0.00018550 
0.00018698 
0.00018895 
0.00018975 
0.00018920 
0.00018920 
0.00018750 
0.00018784 
0.00018784 
0.00018862 
0.00019004 
0.00018760 
0.00018762 
0.00018863 
0.00019033 
0.00019024 
0.00018987 
0.00018799 
0.00018859 
0.00018896 
0.00018989 
0.00018783 
0.00018979 
0.00019105 
0.00019161 
0.00019239 
0.00019130 
0.00019411 
0.00019278 
0.00019285 
0.00019429 
0.00019577 
0.00019578 
0.00019242 
0.00019438 
0.00019172 
0.00019191 
0.00019039 
0.00019459 
0.00019634 
0.00019611 
0.00019610 
0.00019633 
0.00019400 
0.00019247 
0.00019200 
0.00019200 
0.00019171 
0.00019023 
0.00018999 
0.00019000 
0.00019023 
0.00019011 
0.00018919 
0.00018948 
0.00019023 
0.00019024 
0.00019136 
0.00019150 
0.00019100 
0.00019001 
0.00019055 
0.00019018 
0.00018925 
0.00018953 
0.00018940 
0.00019049 
0.00019048 
0.00019200 
0.00019047 
0.00019091 
0.00019135 
0.00019125 
0.00019124 
0.00019201 
0.00019201 
0.00019277 
0.00019151 
0.00019143 
0.00019091 
0.00019017 
0.00019068 
0.00018883 
0.00018832 
0.00018845 
0.00019093 
0.00019000 
0.00019105 
0.00018960 
0.00018950 
0.00018950 
0.00018950 
0.00018901 
0.00018900 
0.00018900 
0.00018900 
0.00018900 
0.00018813 
0.00018792 
0.00018806 
0.00018816 
0.00018898 
0.00018900 
0.00018897 
0.00018897 
0.00018764 
0.00018900 
0.00018710 
0.00018585 
0.00018712 
0.00018784 
0.00018700 
0.00018700 
0.00018675 
0.00018686 
0.00018513 
0.00018510 
0.00018519 
0.00018402 
0.00018207 
0.00018289 
0.00018637 
0.00018257 
0.00018106 
0.00018107 
0.00018106 
0.00018103 
0.00018103 
0.00018105 
0.00018104 
0.00018176 
0.00018205 
0.00018210 
0.00018246 
0.00018212 
0.00018286 
0.00018332 
0.00018543 
0.00018455 
0.00018413 
0.00018405 
0.00018900 
0.00018959 
0.00018566 
0.00018901 
0.00019181 
0.00019181 
0.00019182 
0.00018478 
0.00018250 
0.00018253 
0.00017887 
0.00017730 
0.00017636 
0.00017535 
0.00017517 
0.00017533 
0.00017550 
0.00017650 
0.00017650 
0.00017635 
0.00017514 
0.00017567 
0.00017567 
0.00017567 
0.00017567 
0.00017566 
0.00017490 
0.00017450 
0.00017425 
0.00017449 
0.00017096 
0.00017265 
0.00017095 
0.00017203 
0.00017072 
0.00017098 
0.00017094 
0.00017095 
0.00016917 
0.00017015 
0.00017150 
0.00017150 
0.00017200 
0.00017200 
0.00017292 
0.00017292 
0.00017200 
0.00017229 
0.00017150 
0.00017307 
0.00017208 
0.00017423 
0.00017059 
0.00017059 
0.00017369 
0.00017375 
0.00017371 
0.00017373 
0.00017377 
0.00017553 
0.00017369 
0.00017369 
0.00017542 
0.00017414 
0.00017404 
0.00017404 
0.00017450 
0.00017568 
0.00017444 
0.00017419 
0.00017241 
0.00017241 
0.00017342 
0.00017453 
0.00017324 
0.00017455 
0.00017328 
0.00017490 
0.00017296 
0.00017291 
0.00017307 
0.00017441 
0.00017400 
0.00017236 
0.00017492 
0.00017566 
0.00017561 
0.00017647 
0.00017676 
0.00017631 
0.00017729 
0.00017969 
0.00018296 
0.00018318 
0.00017990 
0.00017990 
0.00017738 
0.00017359 
0.00017485 
0.00017651 
0.00017651 
0.00017633 
0.00017651 
0.00017652 
0.00017652 
0.00017651 
0.00017654 
0.00017599 
0.00017654 
0.00017501 
0.00017503 
0.00017503 
0.00017504 
0.00017503 
0.00017632 
0.00017641 
0.00017641 
0.00017641 
0.00017642 
0.00017749 
0.00017645 
0.00017641 
0.00017656 
0.00017641 
0.00017503 
0.00017503 
0.00017502 
0.00017666 
0.00017690 
0.00017690 
0.00017797 
0.00017692 
0.00017711 
0.00017707 
0.00017707 
0.00017793 
0.00017695 
0.00017695 
0.00017690 
0.00017695 
0.00017691 
0.00017695 
0.00017695 
0.00017902 
0.00017902 
0.00018007 
0.00017683 
0.00017531 
0.00017530 
0.00017783 
0.00017755 
0.00017747 
0.00017890 
0.00017890 
0.00017904 
0.00017889 
0.00017900 
0.00017826 
0.00017850 
0.00017820 
0.00017813 
0.00017906 
0.00017750 
0.00018016 
0.00018288 
0.00018288 
0.00018330 
0.00018453 
0.00018467 
0.00018614 
0.00018471 
0.00018401 
0.00018536 
0.00018649 
0.00018695 
0.00018679 
0.00018679 
0.00018695 
0.00018678 
0.00018640 
0.00018582 
0.00018575 
0.00018575 
0.00018451 
0.00018451 
0.00018555 
0.00018518 
0.00018518 
0.00018516 
0.00018658 
0.00018629 
0.00018833 
0.00018801 
0.00018847 
0.00019087 
0.00018978 
0.00018981 
0.00018982 
0.00019087 
0.00019250 
0.00019141 
0.00019313 
0.00019313 
0.00019420 
0.00019430 
0.00019430 
0.00019430 
0.00019411 
0.00019430 
0.00019410 
0.00019247 
0.00019242 
0.00019418 
0.00019151 
0.00019053 
0.00019091 
0.00018914 
0.00018917 
0.00019061 
0.00019061 
0.00019068 
0.00019077 
0.00019068 
0.00019051 
0.00018897 
0.00018859 
0.00018777 
0.00018949 
0.00018863 
0.00018761 
0.00018850 
0.00018946 
0.00018945 
0.00018888 
0.00018780 
0.00018779 
0.00018779 
0.00019204 
0.00019344 
0.00019405 
0.00019338 
0.00019300 
0.00019374 
0.00019443 
0.00019539 
0.00019548 
0.00019550 
0.00019588 
0.00019588 
0.00019423 
0.00019457 
0.00019376 
0.00019487 
0.00019538 
0.00019344 
0.00019403 
0.00019404 
0.00019404 
0.00019404 
0.00019481 
0.00019474 
0.00019690 
0.00019698 
0.00019510 
0.00019515 
0.00019661 
0.00019738 
0.00019752 
0.00019761 
0.00019699 
0.00019616 
0.00019633 
0.00019638 
0.00019640 
0.00019654 
0.00019766 
0.00019764 
0.00019565 
0.00019709 
0.00019727 
0.00019601 
0.00019367 
0.00019352 
0.00019500 
0.00019636 
0.00019500 
0.00019475 
0.00019459 
0.00019440 
0.00019352 
0.00019343 
0.00019428 
0.00019308 
0.00019300 
0.00019229 
0.00019224 
0.00019312 
0.00019188 
0.00019233 
0.00019404 
0.00019319 
0.00019028 
0.00019264 
0.00019465 
0.00019446 
0.00019432 
0.00019452 
0.00019349 
0.00019444 
0.00019396 
0.00019200 
0.00019200 
0.00019215 
0.00019133 
0.00019120 
0.00019098 
0.00019114 
0.00019079 
0.00019072 
0.00018897 
0.00018880 
0.00018845 
0.00018834 
0.00018824 
0.00018850 
0.00018895 
0.00019141 
0.00019000 
0.00018988 
0.00018916 
0.00019100 
0.00019100 
0.00018779 
0.00018582 
0.00019017 
0.00019033 
0.00018917 
0.00018695 
0.00018544 
0.00018550 
0.00018698 
0.00018895 
0.00018975 
0.00018920 
0.00018920 
0.00018750 
0.00018784 
0.00018784 
0.00018862 
0.00019004 
0.00018760 
0.00018762 
0.00018863 
0.00019033 
0.00019024 
0.00018987 
0.00018799 
0.00018859 
0.00018896 
0.00018989 
0.00018783 
0.00018979 
0.00019105 
0.00019161 
0.00019239 
0.00019130 
0.00019411 
0.00019278 
0.00019285 
0.00019429 
0.00019577 
0.00019578 
0.00019242 
0.00019438 
0.00019172 
0.00019191 
0.00019039 
0.00019459 
0.00019634 
0.00019611 
0.00019610 
0.00019633 
0.00019400 
0.00019247 
0.00019200 
0.00019200 
0.00019171 
0.00019023 
0.00018999 
0.00019000 
0.00019023 
0.00019011 
0.00018919 
0.00018948 
0.00019023 
0.00019024 
0.00019136 
0.00019150 
0.00019100 
0.00019001 
0.00019055 
0.00019018 
0.00018925 
0.00018953 
0.00018940 
0.00019049 
0.00019048 
0.00019200 
0.00019047 
0.00019091 
0.00019135 
0.00019125 
0.00019124 
0.00019201 
0.00019201 
0.00019277 
0.00019151 
0.00019143 
0.00019091 
0.00019017 
0.00019068 
0.00018883 
0.00018832 
0.00018845 
0.00019093 
0.00019000 
0.00019105 
0.00018960 
0.00018950 
0.00018950 
0.00018950 
0.00018901 
0.00018900 
0.00018900 
0.00018900 
0.00018900 
0.00018813 
0.00018792 
0.00018806 
0.00018816 
0.00018898 
0.00018900 
0.00018897 
0.00018897 
0.00018764 
0.00018900 
0.00018710 
0.00018585 
0.00018712 
0.00018784 
0.00018700 
0.00018700 
0.00018675 
0.00018686 
0.00018513 
0.00018510 
0.00018519 
0.00018402 
0.00018207 
0.00018289 
0.00018637 
0.00018257 
0.00018106 
0.00018107 
0.00018106 
0.00018103 
0.00018103 
0.00018105 
0.00018104 
0.00018176 
0.00018205 
0.00018210 
0.00018246 
0.00018212 
0.00018286 
0.00018332 
0.00018543 
0.00018455 
0.00018413 
0.00018405 
0.00018900 
0.00018959 
0.00018566 
0.00018901 
0.00019181 
0.00019181 
0.00019182 
0.00018478 
0.00018250 
0.00018253 
0.00017887 
0.00017730 
0.00017636 
0.00017535 
0.00017517 
0.00017533 
0.00017550 
0.00017650 
0.00017650 
0.00017635 
0.00017514 
0.00017567 
0.00017567 
0.00017567 
0.00017567 
0.00017566 
0.00017490 
0.00017450 
0.00017425 
0.00017449 
0.00017096 
0.00017265 
0.00017095 
0.00017203 
0.00017072 
0.00017098 
0.00017094 
0.00017095 
0.00016917 
0.00017015 
0.00017150 
0.00017150 
0.00017200 
0.00017200 
0.00017292 
0.00017292 
0.00017200 
0.00017229 
0.00017150 
0.00017307 
0.00017208 
0.00017423 
0.00017059 
0.00017059 
0.00017369 
0.00017375 
0.00017371 
0.00017373 
0.00017377 
0.00017553 
0.00017369 
0.00017369 
0.00017542 
0.00017414 
0.00017404 
0.00017404 
0.00017450 
0.00017568 
0.00017444 
0.00017419 
0.00017241 
0.00017241 
0.00017342 
0.00017453 
0.00017324 
0.00017455 
0.00017328 
0.00017490 
0.00017296 
0.00017291 
0.00017307 
0.00017441 
0.00017400 
0.00017236 
0.00017492 
0.00017566 
0.00017561 
0.00017647 
0.00017676 
0.00017631 
0.00017729 
0.00017969 
0.00018296 
0.00018318 
0.00017990 
0.00017990 
0.00017738 
0.00017359 
0.00017485 
0.00017651 
0.00017651 
0.00017633 
0.00017651 
0.00017652 
0.00017652 
0.00017651 
0.00017654 
0.00017599 
0.00017654 
0.00017501 
0.00017503 
0.00017503 
0.00017504 
0.00017503 
0.00017632 
0.00017641 
0.00017641 
0.00017641 
0.00017642 
0.00017749 
0.00017645 
0.00017641 
0.00017656 
0.00017641 
0.00017503 
0.00017503 
0.00017502 
0.00017666 
0.00017690 
0.00017690 
0.00017797 
0.00017692 
0.00017711 
0.00017707 
0.00017707 
0.00017793 
0.00017695 
0.00017695 
0.00017690 
0.00017695 
0.00017691 
0.00017695 
0.00017695 
0.00017902 
0.00017902 
0.00018007 
0.00017683 
0.00017531 
0.00017530 
0.00017783 
0.00017755 
0.00017747 
0.00017890 
0.00017890 
0.00017904 
0.00017889 
0.00017900 
0.00017826 
0.00017850 
0.00017820 
0.00017813 
0.00017906 
0.00017750 
0.00018016 
0.00018288 
0.00018288 
0.00018330 
0.00018453 
0.00018467 
0.00018614 
0.00018471 
0.00018401 
0.00018536 
0.00018649 
0.00018695 
0.00018679 
0.00018679 
0.00018695 
0.00018678 
0.00018640 
0.00018582 
0.00018575 
0.00018575 
0.00018451 
0.00018451 
0.00018555 
0.00018518 
0.00018518 
0.00018516 
0.00018658 
0.00018629 
0.00018833 
0.00018801 
0.00018847 
0.00019087 
0.00018978 
0.00018981 
0.00018982 
0.00019087 
0.00019250 
0.00019141 
0.00019313 
0.00019313 
0.00019420 
0.00019430 
0.00019430 
0.00019430 
0.00019411 
0.00019430 
0.00019410 
0.00019247 
0.00019242 
0.00019418 
0.00019151 
0.00019053 
0.00019091 
0.00018914 
0.00018917 
0.00019061 
0.00019061 
0.00019068 
0.00019077 
0.00019068 
0.00019051 
0.00018897 
0.00018859 
0.00018777 
0.00018949 
0.00018863 
0.00018761 
0.00018850 
0.00018946 
0.00018945 
0.00018888 
0.00018780 
0.00018779 
0.00018779 
0.00019204 
0.00019344 
0.00019405 
0.00019338 
0.00019300 
0.00019374 
0.00019443 
0.00019539 
0.00019548 
0.00019550 
0.00019588 
0.00019588 
0.00019423 
0.00019457 
0.00019376 
0.00019487 
0.00019538 
0.00019344 
0.00019403 
0.00019404 
0.00019404 
0.00019404 
0.00019481 
0.00019474 
0.00019690 
0.00019698 
0.00019510 
0.00019515 
0.00019661 
0.00019738 
0.00019752 
0.00019761 
0.00019699 
0.00019616 
0.00019633 
0.00019638 
0.00019640 
0.00019654 
0.00019766 
0.00019764 
0.00019565 
0.00019709 
0.00019727 
0.00019601 
0.00019367 
0.00019352 
0.00019500 
0.00019636 
0.00019500 
0.00019475 
0.00019459 
0.00019440 
0.00019352 
0.00019343 
0.00019428 
0.00019308 
0.00019300 
0.00019229 
0.00019224 
0.00019312 
0.00019188 
0.00019233 
0.00019404 
0.00019319 
0.00019028 
0.00019264 
0.00019465 
0.00019446 
0.00019432 
0.00019452 
0.00019349 
0.00019444 
0.00019396 
0.00019200 
0.00019200 
0.00019215 
0.00019133 
0.00019120 
0.00019098 
0.00019114 
0.00019079 
0.00019072 
0.00018897 
0.00018880 
0.00018845 
0.00018834 
0.00018824 
0.00018850 
0.00018895 
0.00019141 
0.00019000 
0.00018988 
0.00018916 
0.00019100 
0.00019100 
0.00018779 
0.00018582 
0.00019017 
0.00019033 
0.00018917 
0.00018695 
0.00018544 
0.00018550 
0.00018698 
0.00018895 
0.00018975 
0.00018920 
0.00018920 
0.00018750 
0.00018784 
0.00018784 
0.00018862 
0.00019004 
0.00018760 
0.00018762 
0.00018863 
0.00019033 
0.00019024 
0.00018987 
0.00018799 
0.00018859 
0.00018896 
0.00018989 
0.00018783 
0.00018979 
0.00019105 
0.00019161 
0.00019239 
0.00019130 
0.00019411 
0.00019278 
0.00019285 
0.00019429 
0.00019577 
0.00019578 
0.00019242 
0.00019438 
0.00019172 
0.00019191 
0.00019039 
0.00019459 
0.00019634 
0.00019611 
0.00019610 
0.00019633 
0.00019400 
0.00019247 
0.00019200 
0.00019200 
0.00019171 
0.00019023 
0.00018999 
0.00019000 
0.00019023 
0.00019011 
0.00018919 
0.00018948 
0.00019023 
0.00019024 
0.00019136 
0.00019150 
0.00019100 
0.00019001 
0.00019055 
0.00019018 
0.00018925 
0.00018953 
0.00018940 
0.00019049 
0.00019048 
0.00019200 
0.00019047 
0.00019091 
0.00019135 
0.00019125 
0.00019124 
0.00019201 
0.00019201 
0.00019277 
0.00019151 
0.00019143 
0.00019091 
0.00019017 
0.00019068 
0.00018883 
0.00018832 
0.00018845 
0.00019093 
0.00019000 
0.00019105 
0.00018960 
0.00018950 
0.00018950 
0.00018950 
0.00018901 
0.00018900 
0.00018900 
0.00018900 
0.00018900 
0.00018813 
0.00018792 
0.00018806 
0.00018816 
0.00018898 
0.00018900 
0.00018897 
0.00018897 
0.00018764 
0.00018900 
0.00018710 
0.00018585 
0.00018712 
0.00018784 
0.00018700 
0.00018700 
0.00018675 
0.00018686 
0.00018513 
0.00018510 
0.00018519 
0.00018402 
0.00018207 
0.00018289 
0.00018637 
0.00018257 
0.00018106 
0.00018107 
0.00018106 
0.00018103 
0.00018103 
0.00018105 
0.00018104 
0.00018176 
0.00018205 
0.00018210 
0.00018246 
0.00018212 
0.00018286 
0.00018332 
0.00018543 
0.00018455 
0.00018413 
0.00018405 
0.00018900 
0.00018959 
0.00018566 
0.00018901 
0.00019181 
0.00019181 
0.00019182 
0.00018478 
0.00018250 
0.00018253 
0.00017887 
0.00017730 
0.00017636 
0.00017535 
0.00017517 
0.00017533 
0.00017550 
0.00017650 
0.00017650 
0.00017635 
0.00017514 
0.00017567 
0.00017567 
0.00017567 
0.00017567 
0.00017566 
0.00017490 
0.00017450 
0.00017425 
0.00017449 
0.00017096 
0.00017265 
0.00017095 
0.00017203 
0.00017072 
0.00017098 
0.00017094 
0.00017095 
0.00016917 
0.00017015 
0.00017150 
0.00017150 
0.00017200 
0.00017200 
0.00017292 
0.00017292 
0.00017200 
0.00017229 
0.00017150 
0.00017307 
0.00017208 
0.00017423 
0.00017059 
0.00017059 
0.00017369 
0.00017375 
0.00017371 
0.00017373 
0.00017377 
0.00017553 
0.00017369 
0.00017369 
0.00017542 
0.00017414 
0.00017404 
0.00017404 
0.00017450 
0.00017568 
0.00017444 
0.00017419 
0.00017241 
0.00017241 
0.00017342 
0.00017453 
0.00017324 
0.00017455 
0.00017328 
0.00017490 
0.00017296 
0.00017291 
0.00017307 
0.00017441 
0.00017400 
0.00017236 
0.00017492 
0.00017566 
0.00017561 
0.00017647 
0.00017676 
0.00017631 
0.00017729 
0.00017969 
0.00018296 
0.00018318 
0.00017990 
0.00017990 
0.00017738 
0.00017359 
0.00017485 
0.00017651 
0.00017651 
0.00017633 
0.00017651 
0.00017652 
0.00017652 
0.00017651 
0.00017654 
0.00017599 
0.00017654 
0.00017501 
0.00017503 
0.00017503 
0.00017504 
0.00017503 
0.00017632 
0.00017641 
0.00017641 
0.00017641 
0.00017642 
0.00017749 
0.00017645 
0.00017641 
0.00017656 
0.00017641 
0.00017503 
0.00017503 
0.00017502 
0.00017666 
0.00017690 
0.00017690 
0.00017797 
0.00017692 
0.00017711 
0.00017707 
0.00017707 
0.00017793 
0.00017695 
0.00017695 
0.00017690 
0.00017695 
0.00017691 
0.00017695 
0.00017695 
0.00017902 
0.00017902 
0.00018007 
0.00017683 
0.00017531 
0.00017530 
0.00017783 
0.00017755 
0.00017747 
0.00017890 
0.00017890 
0.00017904 
0.00017889 
0.00017900 
0.00017826 
0.00017850 
0.00017820 
0.00017813 
0.00017906 
0.00017750 
0.00018016 
0.00018288 
0.00018288 
0.00018330 
0.00018453 
0.00018467 
0.00018614 
0.00018471 
0.00018401 
0.00018536 
0.00018649 
0.00018695 
0.00018679 
0.00018679 
0.00018695 
0.00018678 
0.00018640 
0.00018582 
0.00018575 
0.00018575 
0.00018451 
0.00018451 
0.00018555 
0.00018518 
0.00018518 
0.00018516 
0.00018658 
0.00018629 
0.00018833 
0.00018801 
0.00018847 
0.00019087 
0.00018978 
0.00018981 
0.00018982 
0.00019087 
0.00019250 
0.00019141 
0.00019313 
0.00019313 
0.00019420 
0.00019430 
0.00019430 
0.00019430 
0.00019411 
0.00019430 
0.00019410 
0.00019247 
0.00019242 
0.00019418 
0.00019151 
0.00019053 
0.00019091 
0.00018914 
0.00018917 
0.00019061 
0.00019061 
0.00019068 
0.00019077 
0.00019068 
0.00019051 
0.00018897 
0.00018859 
0.00018777 
0.00018949 
0.00018863 
0.00018761 
0.00018850 
0.00018946 
0.00018945 
0.00018888 
0.00018780 
0.00018779 
0.00018779 
0.00019204 
0.00019344 
0.00019405 
0.00019338 
0.00019300 
0.00019374 
0.00019443 
0.00019539 
0.00019548 
0.00019550 
0.00019588 
0.00019588 
0.00019423 
0.00019457 
0.00019376 
0.00019487 
0.00019538 
0.00019344 
0.00019403 
0.00019404 
0.00019404 
0.00019404 
0.00019481 
0.00019474 
