0.00000000 
1879.00000000 
2747.00000000 
1270.00000000 
716.00000000 
2754.00000000 
548.00000000 
1327.00000000 
8232.00000000 
1269.00000000 
50.00000000 
156.00000000 
354.00000000 
1266.00000000 
3550.00000000 
578.00000000 
803.00000000 
5437.00000000 
1751.00000000 
5950.00000000 
7568.00000000 
1380.00000000 
2683.00000000 
1078.00000000 
2632.00000000 
1969.00000000 
1230.00000000 
1350.00000000 
181.00000000 
10547.00000000 
960.00000000 
1818.00000000 
1518.00000000 
1036.00000000 
474.00000000 
1544.00000000 
748.00000000 
1206.00000000 
407.00000000 
2213.00000000 
1420.00000000 
2551.00000000 
1258.00000000 
559.00000000 
217.00000000 
1259.00000000 
155.00000000 
51.00000000 
154.00000000 
1139.00000000 
245.00000000 
1803.00000000 
1303.00000000 
282.00000000 
526.00000000 
584.00000000 
917.00000000 
777.00000000 
838.00000000 
817.00000000 
371.00000000 
452.00000000 
1567.00000000 
200.00000000 
1442.00000000 
3171.00000000 
90.00000000 
568.00000000 
239.00000000 
1064.00000000 
2644.00000000 
4345.00000000 
3361.00000000 
3057.00000000 
523.00000000 
843.00000000 
3467.00000000 
910.00000000 
828.00000000 
786.00000000 
1630.00000000 
0.00000000 
1675.00000000 
30.00000000 
140.00000000 
1855.00000000 
1788.00000000 
389.00000000 
4766.00000000 
2646.00000000 
29.00000000 
1316.00000000 
478.00000000 
1764.00000000 
502.00000000 
1444.00000000 
1561.00000000 
986.00000000 
126.00000000 
2215.00000000 
2414.00000000 
2317.00000000 
400.00000000 
1751.00000000 
2304.00000000 
1755.00000000 
2201.00000000 
997.00000000 
5018.00000000 
2942.00000000 
2393.00000000 
4542.00000000 
191.00000000 
1732.00000000 
778.00000000 
1818.00000000 
4423.00000000 
1724.00000000 
3745.00000000 
2118.00000000 
4213.00000000 
1211.00000000 
5289.00000000 
269.00000000 
222.00000000 
854.00000000 
1025.00000000 
1436.00000000 
1015.00000000 
126.00000000 
267.00000000 
3756.00000000 
2040.00000000 
923.00000000 
1645.00000000 
2377.00000000 
116.00000000 
1032.00000000 
620.00000000 
3308.00000000 
559.00000000 
120.00000000 
1029.00000000 
60.00000000 
284.00000000 
1214.00000000 
442.00000000 
184.00000000 
177.00000000 
3355.00000000 
160.00000000 
531.00000000 
3920.00000000 
341.00000000 
1434.00000000 
1955.00000000 
1286.00000000 
1721.00000000 
2464.00000000 
757.00000000 
829.00000000 
317.00000000 
3210.00000000 
2979.00000000 
3320.00000000 
4778.00000000 
4655.00000000 
3518.00000000 
454.00000000 
1249.00000000 
398.00000000 
464.00000000 
451.00000000 
0.00000000 
676.00000000 
4092.00000000 
843.00000000 
676.00000000 
969.00000000 
370.00000000 
661.00000000 
344.00000000 
806.00000000 
163.00000000 
124.00000000 
1054.00000000 
1258.00000000 
487.00000000 
1974.00000000 
1069.00000000 
100.00000000 
526.00000000 
139.00000000 
563.00000000 
33.00000000 
533.00000000 
2300.00000000 
817.00000000 
3987.00000000 
444.00000000 
462.00000000 
0.00000000 
2280.00000000 
42.00000000 
55.00000000 
573.00000000 
743.00000000 
145.00000000 
1044.00000000 
326.00000000 
1844.00000000 
1788.00000000 
4120.00000000 
54.00000000 
1680.00000000 
1643.00000000 
911.00000000 
2104.00000000 
2527.00000000 
1006.00000000 
4061.00000000 
5938.00000000 
1558.00000000 
4872.00000000 
3031.00000000 
2546.00000000 
4966.00000000 
4159.00000000 
306.00000000 
134.00000000 
1585.00000000 
7145.00000000 
562.00000000 
784.00000000 
803.00000000 
202.00000000 
305.00000000 
88.00000000 
1015.00000000 
373.00000000 
2811.00000000 
570.00000000 
538.00000000 
45.00000000 
1986.00000000 
177.00000000 
199.00000000 
1737.00000000 
2336.00000000 
2696.00000000 
1118.00000000 
0.00000000 
222.00000000 
1204.00000000 
219.00000000 
660.00000000 
41.00000000 
7415.00000000 
6479.00000000 
9148.00000000 
128.00000000 
0.00000000 
1127.00000000 
1299.00000000 
2.00000000 
1198.00000000 
1051.00000000 
14.00000000 
70.00000000 
462.00000000 
262.00000000 
2799.00000000 
629.00000000 
9376.00000000 
50.00000000 
171.00000000 
277.00000000 
78.00000000 
73.00000000 
0.00000000 
374.00000000 
5991.00000000 
563.00000000 
0.00000000 
0.00000000 
1000.00000000 
929.00000000 
20377.00000000 
0.00000000 
77.00000000 
94.00000000 
1002.00000000 
1070.00000000 
341.00000000 
50.00000000 
73.00000000 
648.00000000 
341.00000000 
165.00000000 
249.00000000 
510.00000000 
60.00000000 
476.00000000 
1199.00000000 
716.00000000 
12.00000000 
430.00000000 
838.00000000 
126.00000000 
3091.00000000 
672.00000000 
2544.00000000 
252.00000000 
435.00000000 
477.00000000 
2592.00000000 
4266.00000000 
355.00000000 
1291.00000000 
332.00000000 
1849.00000000 
6616.00000000 
705.00000000 
158.00000000 
77.00000000 
118.00000000 
2934.00000000 
290.00000000 
7384.00000000 
5621.00000000 
573.00000000 
294.00000000 
21.00000000 
699.00000000 
343.00000000 
2089.00000000 
2789.00000000 
306.00000000 
377.00000000 
781.00000000 
599.00000000 
717.00000000 
931.00000000 
520.00000000 
858.00000000 
871.00000000 
6251.00000000 
871.00000000 
27.00000000 
234.00000000 
580.00000000 
435.00000000 
81.00000000 
1053.00000000 
68.00000000 
2000.00000000 
199.00000000 
2038.00000000 
749.00000000 
0.00000000 
5782.00000000 
1254.00000000 
30.00000000 
27.00000000 
304.00000000 
4859.00000000 
4637.00000000 
7.00000000 
5058.00000000 
262.00000000 
2244.00000000 
5758.00000000 
427.00000000 
366.00000000 
514.00000000 
71.00000000 
136.00000000 
108.00000000 
1209.00000000 
607.00000000 
69.00000000 
1054.00000000 
484.00000000 
16311.00000000 
289.00000000 
1246.00000000 
633.00000000 
762.00000000 
48.00000000 
50.00000000 
1171.00000000 
161.00000000 
492.00000000 
2522.00000000 
17.00000000 
215.00000000 
1340.00000000 
1534.00000000 
954.00000000 
1510.00000000 
0.00000000 
0.00000000 
100.00000000 
660.00000000 
53.00000000 
531.00000000 
596.00000000 
553.00000000 
1907.00000000 
1956.00000000 
576.00000000 
579.00000000 
955.00000000 
3466.00000000 
41.00000000 
500.00000000 
7.00000000 
248.00000000 
370.00000000 
280.00000000 
108.00000000 
2802.00000000 
64.00000000 
59.00000000 
8.00000000 
0.00000000 
206.00000000 
40.00000000 
561.00000000 
131.00000000 
483.00000000 
374.00000000 
466.00000000 
272.00000000 
1592.00000000 
0.00000000 
192.00000000 
438.00000000 
105.00000000 
326.00000000 
112.00000000 
25.00000000 
1813.00000000 
1472.00000000 
385.00000000 
600.00000000 
0.00000000 
3828.00000000 
1274.00000000 
378.00000000 
1036.00000000 
2590.00000000 
1749.00000000 
2799.00000000 
91.00000000 
129.00000000 
3718.00000000 
51.00000000 
61.00000000 
193.00000000 
4284.00000000 
307.00000000 
1827.00000000 
69.00000000 
177.00000000 
138.00000000 
3126.00000000 
548.00000000 
22.00000000 
981.00000000 
3038.00000000 
582.00000000 
148.00000000 
1181.00000000 
0.00000000 
1646.00000000 
569.00000000 
1395.00000000 
1005.00000000 
2840.00000000 
0.00000000 
1879.00000000 
2747.00000000 
1270.00000000 
716.00000000 
2754.00000000 
548.00000000 
1327.00000000 
8232.00000000 
1269.00000000 
50.00000000 
156.00000000 
354.00000000 
1266.00000000 
3550.00000000 
578.00000000 
803.00000000 
5437.00000000 
1751.00000000 
5950.00000000 
7568.00000000 
1380.00000000 
2683.00000000 
1078.00000000 
2632.00000000 
1969.00000000 
1230.00000000 
1350.00000000 
181.00000000 
10547.00000000 
960.00000000 
1818.00000000 
1518.00000000 
1036.00000000 
474.00000000 
1544.00000000 
748.00000000 
1206.00000000 
407.00000000 
2213.00000000 
1420.00000000 
2551.00000000 
1258.00000000 
559.00000000 
217.00000000 
1259.00000000 
155.00000000 
51.00000000 
154.00000000 
1139.00000000 
245.00000000 
1803.00000000 
1303.00000000 
282.00000000 
526.00000000 
584.00000000 
917.00000000 
777.00000000 
838.00000000 
817.00000000 
371.00000000 
452.00000000 
1567.00000000 
200.00000000 
1442.00000000 
3171.00000000 
90.00000000 
568.00000000 
239.00000000 
1064.00000000 
2644.00000000 
4345.00000000 
3361.00000000 
3057.00000000 
523.00000000 
843.00000000 
3467.00000000 
910.00000000 
828.00000000 
786.00000000 
1630.00000000 
0.00000000 
1675.00000000 
30.00000000 
140.00000000 
1855.00000000 
1788.00000000 
389.00000000 
4766.00000000 
2646.00000000 
29.00000000 
1316.00000000 
478.00000000 
1764.00000000 
502.00000000 
1444.00000000 
1561.00000000 
986.00000000 
126.00000000 
2215.00000000 
2414.00000000 
2317.00000000 
400.00000000 
1751.00000000 
2304.00000000 
1755.00000000 
2201.00000000 
997.00000000 
5018.00000000 
2942.00000000 
2393.00000000 
4542.00000000 
191.00000000 
1732.00000000 
778.00000000 
1818.00000000 
4423.00000000 
1724.00000000 
3745.00000000 
2118.00000000 
4213.00000000 
1211.00000000 
5289.00000000 
269.00000000 
222.00000000 
854.00000000 
1025.00000000 
1436.00000000 
1015.00000000 
126.00000000 
267.00000000 
3756.00000000 
2040.00000000 
923.00000000 
1645.00000000 
2377.00000000 
116.00000000 
1032.00000000 
620.00000000 
3308.00000000 
559.00000000 
120.00000000 
1029.00000000 
60.00000000 
284.00000000 
1214.00000000 
442.00000000 
184.00000000 
177.00000000 
3355.00000000 
160.00000000 
531.00000000 
3920.00000000 
341.00000000 
1434.00000000 
1955.00000000 
1286.00000000 
1721.00000000 
2464.00000000 
757.00000000 
829.00000000 
317.00000000 
3210.00000000 
2979.00000000 
3320.00000000 
4778.00000000 
4655.00000000 
3518.00000000 
454.00000000 
1249.00000000 
398.00000000 
464.00000000 
451.00000000 
0.00000000 
676.00000000 
4092.00000000 
843.00000000 
676.00000000 
969.00000000 
370.00000000 
661.00000000 
344.00000000 
806.00000000 
163.00000000 
124.00000000 
1054.00000000 
1258.00000000 
487.00000000 
1974.00000000 
1069.00000000 
100.00000000 
526.00000000 
139.00000000 
563.00000000 
33.00000000 
533.00000000 
2300.00000000 
817.00000000 
3987.00000000 
444.00000000 
462.00000000 
0.00000000 
2280.00000000 
42.00000000 
55.00000000 
573.00000000 
743.00000000 
145.00000000 
1044.00000000 
326.00000000 
1844.00000000 
1788.00000000 
4120.00000000 
54.00000000 
1680.00000000 
1643.00000000 
911.00000000 
2104.00000000 
2527.00000000 
1006.00000000 
4061.00000000 
5938.00000000 
1558.00000000 
4872.00000000 
3031.00000000 
2546.00000000 
4966.00000000 
4159.00000000 
306.00000000 
134.00000000 
1585.00000000 
7145.00000000 
562.00000000 
784.00000000 
803.00000000 
202.00000000 
305.00000000 
88.00000000 
1015.00000000 
373.00000000 
2811.00000000 
570.00000000 
538.00000000 
45.00000000 
1986.00000000 
177.00000000 
199.00000000 
1737.00000000 
2336.00000000 
2696.00000000 
1118.00000000 
0.00000000 
222.00000000 
1204.00000000 
219.00000000 
660.00000000 
41.00000000 
7415.00000000 
6479.00000000 
9148.00000000 
128.00000000 
0.00000000 
1127.00000000 
1299.00000000 
2.00000000 
1198.00000000 
1051.00000000 
14.00000000 
70.00000000 
462.00000000 
262.00000000 
2799.00000000 
629.00000000 
9376.00000000 
50.00000000 
171.00000000 
277.00000000 
78.00000000 
73.00000000 
0.00000000 
374.00000000 
5991.00000000 
563.00000000 
0.00000000 
0.00000000 
1000.00000000 
929.00000000 
20377.00000000 
0.00000000 
77.00000000 
94.00000000 
1002.00000000 
1070.00000000 
341.00000000 
50.00000000 
73.00000000 
648.00000000 
341.00000000 
165.00000000 
249.00000000 
510.00000000 
60.00000000 
476.00000000 
1199.00000000 
716.00000000 
12.00000000 
430.00000000 
838.00000000 
126.00000000 
3091.00000000 
672.00000000 
2544.00000000 
252.00000000 
435.00000000 
477.00000000 
2592.00000000 
4266.00000000 
355.00000000 
1291.00000000 
332.00000000 
1849.00000000 
6616.00000000 
705.00000000 
158.00000000 
77.00000000 
118.00000000 
2934.00000000 
290.00000000 
7384.00000000 
5621.00000000 
573.00000000 
294.00000000 
21.00000000 
699.00000000 
343.00000000 
2089.00000000 
2789.00000000 
306.00000000 
377.00000000 
781.00000000 
599.00000000 
717.00000000 
931.00000000 
520.00000000 
858.00000000 
871.00000000 
6251.00000000 
871.00000000 
27.00000000 
234.00000000 
580.00000000 
435.00000000 
81.00000000 
1053.00000000 
68.00000000 
2000.00000000 
199.00000000 
2038.00000000 
749.00000000 
0.00000000 
5782.00000000 
1254.00000000 
30.00000000 
27.00000000 
304.00000000 
4859.00000000 
4637.00000000 
7.00000000 
5058.00000000 
262.00000000 
2244.00000000 
5758.00000000 
427.00000000 
366.00000000 
514.00000000 
71.00000000 
136.00000000 
108.00000000 
1209.00000000 
607.00000000 
69.00000000 
1054.00000000 
484.00000000 
16311.00000000 
289.00000000 
1246.00000000 
633.00000000 
762.00000000 
48.00000000 
50.00000000 
1171.00000000 
161.00000000 
492.00000000 
2522.00000000 
17.00000000 
215.00000000 
1340.00000000 
1534.00000000 
954.00000000 
1510.00000000 
0.00000000 
0.00000000 
100.00000000 
660.00000000 
53.00000000 
531.00000000 
596.00000000 
553.00000000 
1907.00000000 
1956.00000000 
576.00000000 
579.00000000 
955.00000000 
3466.00000000 
41.00000000 
500.00000000 
7.00000000 
248.00000000 
370.00000000 
280.00000000 
108.00000000 
2802.00000000 
64.00000000 
59.00000000 
8.00000000 
0.00000000 
206.00000000 
40.00000000 
561.00000000 
131.00000000 
483.00000000 
374.00000000 
466.00000000 
272.00000000 
1592.00000000 
0.00000000 
192.00000000 
438.00000000 
105.00000000 
326.00000000 
112.00000000 
25.00000000 
1813.00000000 
1472.00000000 
385.00000000 
600.00000000 
0.00000000 
3828.00000000 
1274.00000000 
378.00000000 
1036.00000000 
2590.00000000 
1749.00000000 
2799.00000000 
91.00000000 
129.00000000 
3718.00000000 
51.00000000 
61.00000000 
193.00000000 
4284.00000000 
307.00000000 
1827.00000000 
69.00000000 
177.00000000 
138.00000000 
3126.00000000 
548.00000000 
22.00000000 
981.00000000 
3038.00000000 
582.00000000 
148.00000000 
1181.00000000 
0.00000000 
1646.00000000 
569.00000000 
1395.00000000 
1005.00000000 
2840.00000000 
0.00000000 
1879.00000000 
2747.00000000 
1270.00000000 
716.00000000 
2754.00000000 
548.00000000 
1327.00000000 
8232.00000000 
1269.00000000 
50.00000000 
156.00000000 
354.00000000 
1266.00000000 
3550.00000000 
578.00000000 
803.00000000 
5437.00000000 
1751.00000000 
5950.00000000 
7568.00000000 
1380.00000000 
2683.00000000 
1078.00000000 
2632.00000000 
1969.00000000 
1230.00000000 
1350.00000000 
181.00000000 
10547.00000000 
960.00000000 
1818.00000000 
1518.00000000 
1036.00000000 
474.00000000 
1544.00000000 
748.00000000 
1206.00000000 
407.00000000 
2213.00000000 
1420.00000000 
2551.00000000 
1258.00000000 
559.00000000 
217.00000000 
1259.00000000 
155.00000000 
51.00000000 
154.00000000 
1139.00000000 
245.00000000 
1803.00000000 
1303.00000000 
282.00000000 
526.00000000 
584.00000000 
917.00000000 
777.00000000 
838.00000000 
817.00000000 
371.00000000 
452.00000000 
1567.00000000 
200.00000000 
1442.00000000 
3171.00000000 
90.00000000 
568.00000000 
239.00000000 
1064.00000000 
2644.00000000 
4345.00000000 
3361.00000000 
3057.00000000 
523.00000000 
843.00000000 
3467.00000000 
910.00000000 
828.00000000 
786.00000000 
1630.00000000 
0.00000000 
1675.00000000 
30.00000000 
140.00000000 
1855.00000000 
1788.00000000 
389.00000000 
4766.00000000 
2646.00000000 
29.00000000 
1316.00000000 
478.00000000 
1764.00000000 
502.00000000 
1444.00000000 
1561.00000000 
986.00000000 
126.00000000 
2215.00000000 
2414.00000000 
2317.00000000 
400.00000000 
1751.00000000 
2304.00000000 
1755.00000000 
2201.00000000 
997.00000000 
5018.00000000 
2942.00000000 
2393.00000000 
4542.00000000 
191.00000000 
1732.00000000 
778.00000000 
1818.00000000 
4423.00000000 
1724.00000000 
3745.00000000 
2118.00000000 
4213.00000000 
1211.00000000 
5289.00000000 
269.00000000 
222.00000000 
854.00000000 
1025.00000000 
1436.00000000 
1015.00000000 
126.00000000 
267.00000000 
3756.00000000 
2040.00000000 
923.00000000 
1645.00000000 
2377.00000000 
116.00000000 
1032.00000000 
620.00000000 
3308.00000000 
559.00000000 
120.00000000 
1029.00000000 
60.00000000 
284.00000000 
1214.00000000 
442.00000000 
184.00000000 
177.00000000 
3355.00000000 
160.00000000 
531.00000000 
3920.00000000 
341.00000000 
1434.00000000 
1955.00000000 
1286.00000000 
1721.00000000 
2464.00000000 
757.00000000 
829.00000000 
317.00000000 
3210.00000000 
2979.00000000 
3320.00000000 
4778.00000000 
4655.00000000 
3518.00000000 
454.00000000 
1249.00000000 
398.00000000 
464.00000000 
451.00000000 
0.00000000 
676.00000000 
4092.00000000 
843.00000000 
676.00000000 
969.00000000 
370.00000000 
661.00000000 
344.00000000 
806.00000000 
163.00000000 
124.00000000 
1054.00000000 
1258.00000000 
487.00000000 
1974.00000000 
1069.00000000 
100.00000000 
526.00000000 
139.00000000 
563.00000000 
33.00000000 
533.00000000 
2300.00000000 
817.00000000 
3987.00000000 
444.00000000 
462.00000000 
0.00000000 
2280.00000000 
42.00000000 
55.00000000 
573.00000000 
743.00000000 
145.00000000 
1044.00000000 
326.00000000 
1844.00000000 
1788.00000000 
4120.00000000 
54.00000000 
1680.00000000 
1643.00000000 
911.00000000 
2104.00000000 
2527.00000000 
1006.00000000 
4061.00000000 
5938.00000000 
1558.00000000 
4872.00000000 
3031.00000000 
2546.00000000 
4966.00000000 
4159.00000000 
306.00000000 
134.00000000 
1585.00000000 
7145.00000000 
562.00000000 
784.00000000 
803.00000000 
202.00000000 
305.00000000 
88.00000000 
1015.00000000 
373.00000000 
2811.00000000 
570.00000000 
538.00000000 
45.00000000 
1986.00000000 
177.00000000 
199.00000000 
1737.00000000 
2336.00000000 
2696.00000000 
1118.00000000 
0.00000000 
222.00000000 
1204.00000000 
219.00000000 
660.00000000 
41.00000000 
7415.00000000 
6479.00000000 
9148.00000000 
128.00000000 
0.00000000 
1127.00000000 
1299.00000000 
2.00000000 
1198.00000000 
1051.00000000 
14.00000000 
70.00000000 
462.00000000 
262.00000000 
2799.00000000 
629.00000000 
9376.00000000 
50.00000000 
171.00000000 
277.00000000 
78.00000000 
73.00000000 
0.00000000 
374.00000000 
5991.00000000 
563.00000000 
0.00000000 
0.00000000 
1000.00000000 
929.00000000 
20377.00000000 
0.00000000 
77.00000000 
94.00000000 
1002.00000000 
1070.00000000 
341.00000000 
50.00000000 
73.00000000 
648.00000000 
341.00000000 
165.00000000 
249.00000000 
510.00000000 
60.00000000 
476.00000000 
1199.00000000 
716.00000000 
12.00000000 
430.00000000 
838.00000000 
126.00000000 
3091.00000000 
672.00000000 
2544.00000000 
252.00000000 
435.00000000 
477.00000000 
2592.00000000 
4266.00000000 
355.00000000 
1291.00000000 
332.00000000 
1849.00000000 
6616.00000000 
705.00000000 
158.00000000 
77.00000000 
118.00000000 
2934.00000000 
290.00000000 
7384.00000000 
5621.00000000 
573.00000000 
294.00000000 
21.00000000 
699.00000000 
343.00000000 
2089.00000000 
2789.00000000 
306.00000000 
377.00000000 
781.00000000 
599.00000000 
717.00000000 
931.00000000 
520.00000000 
858.00000000 
871.00000000 
6251.00000000 
871.00000000 
27.00000000 
234.00000000 
580.00000000 
435.00000000 
81.00000000 
1053.00000000 
68.00000000 
2000.00000000 
199.00000000 
2038.00000000 
749.00000000 
0.00000000 
5782.00000000 
1254.00000000 
30.00000000 
27.00000000 
304.00000000 
4859.00000000 
4637.00000000 
7.00000000 
5058.00000000 
262.00000000 
2244.00000000 
5758.00000000 
427.00000000 
366.00000000 
514.00000000 
71.00000000 
136.00000000 
108.00000000 
1209.00000000 
607.00000000 
69.00000000 
1054.00000000 
484.00000000 
16311.00000000 
289.00000000 
1246.00000000 
633.00000000 
762.00000000 
48.00000000 
50.00000000 
1171.00000000 
161.00000000 
492.00000000 
2522.00000000 
17.00000000 
215.00000000 
1340.00000000 
1534.00000000 
954.00000000 
1510.00000000 
0.00000000 
0.00000000 
100.00000000 
660.00000000 
53.00000000 
531.00000000 
596.00000000 
553.00000000 
1907.00000000 
1956.00000000 
576.00000000 
579.00000000 
955.00000000 
3466.00000000 
41.00000000 
500.00000000 
7.00000000 
248.00000000 
370.00000000 
280.00000000 
108.00000000 
2802.00000000 
64.00000000 
59.00000000 
8.00000000 
0.00000000 
206.00000000 
40.00000000 
561.00000000 
131.00000000 
483.00000000 
374.00000000 
466.00000000 
272.00000000 
1592.00000000 
0.00000000 
192.00000000 
438.00000000 
105.00000000 
326.00000000 
112.00000000 
25.00000000 
1813.00000000 
1472.00000000 
385.00000000 
600.00000000 
0.00000000 
3828.00000000 
1274.00000000 
378.00000000 
1036.00000000 
2590.00000000 
1749.00000000 
2799.00000000 
91.00000000 
129.00000000 
3718.00000000 
51.00000000 
61.00000000 
193.00000000 
4284.00000000 
307.00000000 
1827.00000000 
69.00000000 
177.00000000 
138.00000000 
3126.00000000 
548.00000000 
22.00000000 
981.00000000 
3038.00000000 
582.00000000 
148.00000000 
1181.00000000 
0.00000000 
1646.00000000 
569.00000000 
1395.00000000 
1005.00000000 
2840.00000000 
