0.00007816 
0.00007816 
0.00007805 
0.00007849 
0.00007800 
0.00007784 
0.00007723 
0.00007581 
0.00007755 
0.00007836 
0.00007822 
0.00007760 
0.00007673 
0.00007701 
0.00007666 
0.00007767 
0.00007895 
0.00007900 
0.00007900 
0.00007880 
0.00007899 
0.00007900 
0.00007896 
0.00007933 
0.00007882 
0.00007881 
0.00007834 
0.00008040 
0.00007840 
0.00007811 
0.00007644 
0.00007616 
0.00007598 
0.00007599 
0.00007578 
0.00007580 
0.00007521 
0.00007507 
0.00007541 
0.00007341 
0.00007335 
0.00007336 
0.00007334 
0.00007245 
0.00007260 
0.00007268 
0.00007224 
0.00007198 
0.00007265 
0.00007231 
0.00007063 
0.00007084 
0.00007141 
0.00007228 
0.00007189 
0.00007281 
0.00007218 
0.00007220 
0.00007256 
0.00007240 
0.00007185 
0.00007185 
0.00007218 
0.00007219 
0.00007208 
0.00007190 
0.00007213 
0.00007222 
0.00007237 
0.00007255 
0.00007186 
0.00007169 
0.00007169 
0.00007245 
0.00007205 
0.00007206 
0.00007156 
0.00007168 
0.00007100 
0.00007156 
0.00007169 
0.00007180 
0.00007205 
0.00007249 
0.00007261 
0.00007299 
0.00007313 
0.00007397 
0.00007425 
0.00007419 
0.00007419 
0.00007402 
0.00007490 
0.00007458 
0.00007404 
0.00007373 
0.00007398 
0.00007400 
0.00007418 
0.00007406 
0.00007348 
0.00007478 
0.00007403 
0.00007525 
0.00007509 
0.00007512 
0.00007500 
0.00007492 
0.00007563 
0.00007512 
0.00007547 
0.00007553 
0.00007513 
0.00007611 
0.00007633 
0.00007517 
0.00007468 
0.00007642 
0.00007424 
0.00007279 
0.00007281 
0.00007327 
0.00007246 
0.00007290 
0.00007278 
0.00007251 
0.00007200 
0.00007185 
0.00007185 
0.00007217 
0.00007218 
0.00007208 
0.00007206 
0.00007185 
0.00007180 
0.00007192 
0.00007173 
0.00007286 
0.00007184 
0.00007147 
0.00007200 
0.00007088 
0.00007064 
0.00007154 
0.00007330 
0.00007128 
0.00007129 
0.00007120 
0.00007151 
0.00007150 
0.00006957 
0.00007105 
0.00006878 
0.00006910 
0.00006867 
0.00006841 
0.00006833 
0.00006823 
0.00006791 
0.00006818 
0.00006820 
0.00006814 
0.00006858 
0.00006860 
0.00006768 
0.00006768 
0.00006787 
0.00006828 
0.00006692 
0.00006691 
0.00006664 
0.00006675 
0.00006659 
0.00006603 
0.00006620 
0.00006591 
0.00006650 
0.00006579 
0.00006532 
0.00006587 
0.00006581 
0.00006526 
0.00006521 
0.00006507 
0.00006549 
0.00006549 
0.00006552 
0.00006538 
0.00006577 
0.00006542 
0.00006588 
0.00006656 
0.00006541 
0.00006526 
0.00006500 
0.00006503 
0.00006532 
0.00006545 
0.00006578 
0.00006594 
0.00006612 
0.00006639 
0.00006639 
0.00006649 
0.00006611 
0.00006650 
0.00006631 
0.00006657 
0.00006657 
0.00006658 
0.00006658 
0.00006725 
0.00006725 
0.00006610 
0.00006632 
0.00006641 
0.00006697 
0.00006697 
0.00006656 
0.00006698 
0.00006698 
0.00006714 
0.00006780 
0.00006780 
0.00006742 
0.00006765 
0.00006773 
0.00006799 
0.00006654 
0.00006725 
0.00006607 
0.00006607 
0.00006625 
0.00006716 
0.00006672 
0.00006741 
0.00006672 
0.00006877 
0.00006860 
0.00006847 
0.00006825 
0.00006818 
0.00006776 
0.00006721 
0.00006665 
0.00006728 
0.00006761 
0.00006736 
0.00006730 
0.00006710 
0.00006711 
0.00006706 
0.00006713 
0.00006719 
0.00006607 
0.00006597 
0.00006589 
0.00006575 
0.00006546 
0.00006567 
0.00006557 
0.00006606 
0.00006565 
0.00006550 
0.00006550 
0.00006549 
0.00006502 
0.00006619 
0.00006649 
0.00006683 
0.00006737 
0.00006805 
0.00006828 
0.00006880 
0.00006849 
0.00006901 
0.00006791 
0.00006970 
0.00007002 
0.00007042 
0.00007075 
0.00007101 
0.00007168 
0.00007172 
0.00007100 
0.00007011 
0.00007100 
0.00007100 
0.00007100 
0.00007046 
0.00007049 
0.00006902 
0.00006887 
0.00006806 
0.00006811 
0.00006778 
0.00006752 
0.00006754 
0.00006778 
0.00006756 
0.00006756 
0.00006751 
0.00006775 
0.00006748 
0.00006589 
0.00006522 
0.00006649 
0.00006633 
0.00006462 
0.00006429 
0.00006543 
0.00006544 
0.00006544 
0.00006550 
0.00006546 
0.00006543 
0.00006529 
0.00006378 
0.00006458 
0.00006349 
0.00006294 
0.00006192 
0.00006164 
0.00006170 
0.00006171 
0.00006210 
0.00006164 
0.00006225 
0.00006200 
0.00006200 
0.00006201 
0.00006241 
0.00006303 
0.00006380 
0.00006410 
0.00006451 
0.00006500 
0.00006557 
0.00006515 
0.00006591 
0.00006622 
0.00006619 
0.00006661 
0.00006669 
0.00006673 
0.00006673 
0.00006666 
0.00006666 
0.00006666 
0.00006665 
0.00006656 
0.00006657 
0.00006657 
0.00006657 
0.00006660 
0.00006628 
0.00006619 
0.00006548 
0.00006548 
0.00006576 
0.00006576 
0.00006574 
0.00006594 
0.00006635 
0.00006662 
0.00006697 
0.00006704 
0.00006858 
0.00006832 
0.00006936 
0.00006978 
0.00006897 
0.00006963 
0.00006963 
0.00006991 
0.00007014 
0.00006959 
0.00006964 
0.00007043 
0.00007031 
0.00007065 
0.00007031 
0.00007033 
0.00007032 
0.00007058 
0.00007091 
0.00007096 
0.00007103 
0.00007134 
0.00007166 
0.00007150 
0.00007193 
0.00007200 
0.00007200 
0.00007200 
0.00007200 
0.00007224 
0.00007235 
0.00007249 
0.00007212 
0.00007279 
0.00007311 
0.00007300 
0.00007357 
0.00007375 
0.00007375 
0.00007356 
0.00007431 
0.00007397 
0.00007379 
0.00007431 
0.00007402 
0.00007402 
0.00007403 
0.00007403 
0.00007372 
0.00007365 
0.00007365 
0.00007380 
0.00007380 
0.00007462 
0.00007363 
0.00007412 
0.00007445 
0.00007445 
0.00007502 
0.00007502 
0.00007501 
0.00007502 
0.00007502 
0.00007502 
0.00007502 
0.00007502 
0.00007482 
0.00007482 
0.00007482 
0.00007515 
0.00007525 
0.00007520 
0.00007520 
0.00007482 
0.00007612 
0.00007549 
0.00007433 
0.00007428 
0.00007434 
0.00007440 
0.00007431 
0.00007362 
0.00007363 
0.00007361 
0.00007361 
0.00007368 
0.00007367 
0.00007365 
0.00007372 
0.00007422 
0.00007422 
0.00007458 
0.00007420 
0.00007415 
0.00007420 
0.00007420 
0.00007411 
0.00007420 
0.00007420 
0.00007464 
0.00007464 
0.00007464 
0.00007426 
0.00007427 
0.00007420 
0.00007405 
0.00007377 
0.00007390 
0.00007420 
0.00007355 
0.00007426 
0.00007356 
0.00007389 
0.00007816 
0.00007816 
0.00007805 
0.00007849 
0.00007800 
0.00007784 
0.00007723 
0.00007581 
0.00007755 
0.00007836 
0.00007822 
0.00007760 
0.00007673 
0.00007701 
0.00007666 
0.00007767 
0.00007895 
0.00007900 
0.00007900 
0.00007880 
0.00007899 
0.00007900 
0.00007896 
0.00007933 
0.00007882 
0.00007881 
0.00007834 
0.00008040 
0.00007840 
0.00007811 
0.00007644 
0.00007616 
0.00007598 
0.00007599 
0.00007578 
0.00007580 
0.00007521 
0.00007507 
0.00007541 
0.00007341 
0.00007335 
0.00007336 
0.00007334 
0.00007245 
0.00007260 
0.00007268 
0.00007224 
0.00007198 
0.00007265 
0.00007231 
0.00007063 
0.00007084 
0.00007141 
0.00007228 
0.00007189 
0.00007281 
0.00007218 
0.00007220 
0.00007256 
0.00007240 
0.00007185 
0.00007185 
0.00007218 
0.00007219 
0.00007208 
0.00007190 
0.00007213 
0.00007222 
0.00007237 
0.00007255 
0.00007186 
0.00007169 
0.00007169 
0.00007245 
0.00007205 
0.00007206 
0.00007156 
0.00007168 
0.00007100 
0.00007156 
0.00007169 
0.00007180 
0.00007205 
0.00007249 
0.00007261 
0.00007299 
0.00007313 
0.00007397 
0.00007425 
0.00007419 
0.00007419 
0.00007402 
0.00007490 
0.00007458 
0.00007404 
0.00007373 
0.00007398 
0.00007400 
0.00007418 
0.00007406 
0.00007348 
0.00007478 
0.00007403 
0.00007525 
0.00007509 
0.00007512 
0.00007500 
0.00007492 
0.00007563 
0.00007512 
0.00007547 
0.00007553 
0.00007513 
0.00007611 
0.00007633 
0.00007517 
0.00007468 
0.00007642 
0.00007424 
0.00007279 
0.00007281 
0.00007327 
0.00007246 
0.00007290 
0.00007278 
0.00007251 
0.00007200 
0.00007185 
0.00007185 
0.00007217 
0.00007218 
0.00007208 
0.00007206 
0.00007185 
0.00007180 
0.00007192 
0.00007173 
0.00007286 
0.00007184 
0.00007147 
0.00007200 
0.00007088 
0.00007064 
0.00007154 
0.00007330 
0.00007128 
0.00007129 
0.00007120 
0.00007151 
0.00007150 
0.00006957 
0.00007105 
0.00006878 
0.00006910 
0.00006867 
0.00006841 
0.00006833 
0.00006823 
0.00006791 
0.00006818 
0.00006820 
0.00006814 
0.00006858 
0.00006860 
0.00006768 
0.00006768 
0.00006787 
0.00006828 
0.00006692 
0.00006691 
0.00006664 
0.00006675 
0.00006659 
0.00006603 
0.00006620 
0.00006591 
0.00006650 
0.00006579 
0.00006532 
0.00006587 
0.00006581 
0.00006526 
0.00006521 
0.00006507 
0.00006549 
0.00006549 
0.00006552 
0.00006538 
0.00006577 
0.00006542 
0.00006588 
0.00006656 
0.00006541 
0.00006526 
0.00006500 
0.00006503 
0.00006532 
0.00006545 
0.00006578 
0.00006594 
0.00006612 
0.00006639 
0.00006639 
0.00006649 
0.00006611 
0.00006650 
0.00006631 
0.00006657 
0.00006657 
0.00006658 
0.00006658 
0.00006725 
0.00006725 
0.00006610 
0.00006632 
0.00006641 
0.00006697 
0.00006697 
0.00006656 
0.00006698 
0.00006698 
0.00006714 
0.00006780 
0.00006780 
0.00006742 
0.00006765 
0.00006773 
0.00006799 
0.00006654 
0.00006725 
0.00006607 
0.00006607 
0.00006625 
0.00006716 
0.00006672 
0.00006741 
0.00006672 
0.00006877 
0.00006860 
0.00006847 
0.00006825 
0.00006818 
0.00006776 
0.00006721 
0.00006665 
0.00006728 
0.00006761 
0.00006736 
0.00006730 
0.00006710 
0.00006711 
0.00006706 
0.00006713 
0.00006719 
0.00006607 
0.00006597 
0.00006589 
0.00006575 
0.00006546 
0.00006567 
0.00006557 
0.00006606 
0.00006565 
0.00006550 
0.00006550 
0.00006549 
0.00006502 
0.00006619 
0.00006649 
0.00006683 
0.00006737 
0.00006805 
0.00006828 
0.00006880 
0.00006849 
0.00006901 
0.00006791 
0.00006970 
0.00007002 
0.00007042 
0.00007075 
0.00007101 
0.00007168 
0.00007172 
0.00007100 
0.00007011 
0.00007100 
0.00007100 
0.00007100 
0.00007046 
0.00007049 
0.00006902 
0.00006887 
0.00006806 
0.00006811 
0.00006778 
0.00006752 
0.00006754 
0.00006778 
0.00006756 
0.00006756 
0.00006751 
0.00006775 
0.00006748 
0.00006589 
0.00006522 
0.00006649 
0.00006633 
0.00006462 
0.00006429 
0.00006543 
0.00006544 
0.00006544 
0.00006550 
0.00006546 
0.00006543 
0.00006529 
0.00006378 
0.00006458 
0.00006349 
0.00006294 
0.00006192 
0.00006164 
0.00006170 
0.00006171 
0.00006210 
0.00006164 
0.00006225 
0.00006200 
0.00006200 
0.00006201 
0.00006241 
0.00006303 
0.00006380 
0.00006410 
0.00006451 
0.00006500 
0.00006557 
0.00006515 
0.00006591 
0.00006622 
0.00006619 
0.00006661 
0.00006669 
0.00006673 
0.00006673 
0.00006666 
0.00006666 
0.00006666 
0.00006665 
0.00006656 
0.00006657 
0.00006657 
0.00006657 
0.00006660 
0.00006628 
0.00006619 
0.00006548 
0.00006548 
0.00006576 
0.00006576 
0.00006574 
0.00006594 
0.00006635 
0.00006662 
0.00006697 
0.00006704 
0.00006858 
0.00006832 
0.00006936 
0.00006978 
0.00006897 
0.00006963 
0.00006963 
0.00006991 
0.00007014 
0.00006959 
0.00006964 
0.00007043 
0.00007031 
0.00007065 
0.00007031 
0.00007033 
0.00007032 
0.00007058 
0.00007091 
0.00007096 
0.00007103 
0.00007134 
0.00007166 
0.00007150 
0.00007193 
0.00007200 
0.00007200 
0.00007200 
0.00007200 
0.00007224 
0.00007235 
0.00007249 
0.00007212 
0.00007279 
0.00007311 
0.00007300 
0.00007357 
0.00007375 
0.00007375 
0.00007356 
0.00007431 
0.00007397 
0.00007379 
0.00007431 
0.00007402 
0.00007402 
0.00007403 
0.00007403 
0.00007372 
0.00007365 
0.00007365 
0.00007380 
0.00007380 
0.00007462 
0.00007363 
0.00007412 
0.00007445 
0.00007445 
0.00007502 
0.00007502 
0.00007501 
0.00007502 
0.00007502 
0.00007502 
0.00007502 
0.00007502 
0.00007482 
0.00007482 
0.00007482 
0.00007515 
0.00007525 
0.00007520 
0.00007520 
0.00007482 
0.00007612 
0.00007549 
0.00007433 
0.00007428 
0.00007434 
0.00007440 
0.00007431 
0.00007362 
0.00007363 
0.00007361 
0.00007361 
0.00007368 
0.00007367 
0.00007365 
0.00007372 
0.00007422 
0.00007422 
0.00007458 
0.00007420 
0.00007415 
0.00007420 
0.00007420 
0.00007411 
0.00007420 
0.00007420 
0.00007464 
0.00007464 
0.00007464 
0.00007426 
0.00007427 
0.00007420 
0.00007405 
0.00007377 
0.00007390 
0.00007420 
0.00007355 
0.00007426 
0.00007356 
0.00007389 
0.00007816 
0.00007816 
0.00007805 
0.00007849 
0.00007800 
0.00007784 
0.00007723 
0.00007581 
0.00007755 
0.00007836 
0.00007822 
0.00007760 
0.00007673 
0.00007701 
0.00007666 
0.00007767 
0.00007895 
0.00007900 
0.00007900 
0.00007880 
0.00007899 
0.00007900 
0.00007896 
0.00007933 
0.00007882 
0.00007881 
0.00007834 
0.00008040 
0.00007840 
0.00007811 
0.00007644 
0.00007616 
0.00007598 
0.00007599 
0.00007578 
0.00007580 
0.00007521 
0.00007507 
0.00007541 
0.00007341 
0.00007335 
0.00007336 
0.00007334 
0.00007245 
0.00007260 
0.00007268 
0.00007224 
0.00007198 
0.00007265 
0.00007231 
0.00007063 
0.00007084 
0.00007141 
0.00007228 
0.00007189 
0.00007281 
0.00007218 
0.00007220 
0.00007256 
0.00007240 
0.00007185 
0.00007185 
0.00007218 
0.00007219 
0.00007208 
0.00007190 
0.00007213 
0.00007222 
0.00007237 
0.00007255 
0.00007186 
0.00007169 
0.00007169 
0.00007245 
0.00007205 
0.00007206 
0.00007156 
0.00007168 
0.00007100 
0.00007156 
0.00007169 
0.00007180 
0.00007205 
0.00007249 
0.00007261 
0.00007299 
0.00007313 
0.00007397 
0.00007425 
0.00007419 
0.00007419 
0.00007402 
0.00007490 
0.00007458 
0.00007404 
0.00007373 
0.00007398 
0.00007400 
0.00007418 
0.00007406 
0.00007348 
0.00007478 
0.00007403 
0.00007525 
0.00007509 
0.00007512 
0.00007500 
0.00007492 
0.00007563 
0.00007512 
0.00007547 
0.00007553 
0.00007513 
0.00007611 
0.00007633 
0.00007517 
0.00007468 
0.00007642 
0.00007424 
0.00007279 
0.00007281 
0.00007327 
0.00007246 
0.00007290 
0.00007278 
0.00007251 
0.00007200 
0.00007185 
0.00007185 
0.00007217 
0.00007218 
0.00007208 
0.00007206 
0.00007185 
0.00007180 
0.00007192 
0.00007173 
0.00007286 
0.00007184 
0.00007147 
0.00007200 
0.00007088 
0.00007064 
0.00007154 
0.00007330 
0.00007128 
0.00007129 
0.00007120 
0.00007151 
0.00007150 
0.00006957 
0.00007105 
0.00006878 
0.00006910 
0.00006867 
0.00006841 
0.00006833 
0.00006823 
0.00006791 
0.00006818 
0.00006820 
0.00006814 
0.00006858 
0.00006860 
0.00006768 
0.00006768 
0.00006787 
0.00006828 
0.00006692 
0.00006691 
0.00006664 
0.00006675 
0.00006659 
0.00006603 
0.00006620 
0.00006591 
0.00006650 
0.00006579 
0.00006532 
0.00006587 
0.00006581 
0.00006526 
0.00006521 
0.00006507 
0.00006549 
0.00006549 
0.00006552 
0.00006538 
0.00006577 
0.00006542 
0.00006588 
0.00006656 
0.00006541 
0.00006526 
0.00006500 
0.00006503 
0.00006532 
0.00006545 
0.00006578 
0.00006594 
0.00006612 
0.00006639 
0.00006639 
0.00006649 
0.00006611 
0.00006650 
0.00006631 
0.00006657 
0.00006657 
0.00006658 
0.00006658 
0.00006725 
0.00006725 
0.00006610 
0.00006632 
0.00006641 
0.00006697 
0.00006697 
0.00006656 
0.00006698 
0.00006698 
0.00006714 
0.00006780 
0.00006780 
0.00006742 
0.00006765 
0.00006773 
0.00006799 
0.00006654 
0.00006725 
0.00006607 
0.00006607 
0.00006625 
0.00006716 
0.00006672 
0.00006741 
0.00006672 
0.00006877 
0.00006860 
0.00006847 
0.00006825 
0.00006818 
0.00006776 
0.00006721 
0.00006665 
0.00006728 
0.00006761 
0.00006736 
0.00006730 
0.00006710 
0.00006711 
0.00006706 
0.00006713 
0.00006719 
0.00006607 
0.00006597 
0.00006589 
0.00006575 
0.00006546 
0.00006567 
0.00006557 
0.00006606 
0.00006565 
0.00006550 
0.00006550 
0.00006549 
0.00006502 
0.00006619 
0.00006649 
0.00006683 
0.00006737 
0.00006805 
0.00006828 
0.00006880 
0.00006849 
0.00006901 
0.00006791 
0.00006970 
0.00007002 
0.00007042 
0.00007075 
0.00007101 
0.00007168 
0.00007172 
0.00007100 
0.00007011 
0.00007100 
0.00007100 
0.00007100 
0.00007046 
0.00007049 
0.00006902 
0.00006887 
0.00006806 
0.00006811 
0.00006778 
0.00006752 
0.00006754 
0.00006778 
0.00006756 
0.00006756 
0.00006751 
0.00006775 
0.00006748 
0.00006589 
0.00006522 
0.00006649 
0.00006633 
0.00006462 
0.00006429 
0.00006543 
0.00006544 
0.00006544 
0.00006550 
0.00006546 
0.00006543 
0.00006529 
0.00006378 
0.00006458 
0.00006349 
0.00006294 
0.00006192 
0.00006164 
0.00006170 
0.00006171 
0.00006210 
0.00006164 
0.00006225 
0.00006200 
0.00006200 
0.00006201 
0.00006241 
0.00006303 
0.00006380 
0.00006410 
0.00006451 
0.00006500 
0.00006557 
0.00006515 
0.00006591 
0.00006622 
0.00006619 
0.00006661 
0.00006669 
0.00006673 
0.00006673 
0.00006666 
0.00006666 
0.00006666 
0.00006665 
0.00006656 
0.00006657 
0.00006657 
0.00006657 
0.00006660 
0.00006628 
0.00006619 
0.00006548 
0.00006548 
0.00006576 
0.00006576 
0.00006574 
0.00006594 
0.00006635 
0.00006662 
0.00006697 
0.00006704 
0.00006858 
0.00006832 
0.00006936 
0.00006978 
0.00006897 
0.00006963 
0.00006963 
0.00006991 
0.00007014 
0.00006959 
0.00006964 
0.00007043 
0.00007031 
0.00007065 
0.00007031 
0.00007033 
0.00007032 
0.00007058 
0.00007091 
0.00007096 
0.00007103 
0.00007134 
0.00007166 
0.00007150 
0.00007193 
0.00007200 
0.00007200 
0.00007200 
0.00007200 
0.00007224 
0.00007235 
0.00007249 
0.00007212 
0.00007279 
0.00007311 
0.00007300 
0.00007357 
0.00007375 
0.00007375 
0.00007356 
0.00007431 
0.00007397 
0.00007379 
0.00007431 
0.00007402 
0.00007402 
0.00007403 
0.00007403 
0.00007372 
0.00007365 
0.00007365 
0.00007380 
0.00007380 
0.00007462 
0.00007363 
0.00007412 
0.00007445 
0.00007445 
0.00007502 
0.00007502 
0.00007501 
0.00007502 
0.00007502 
0.00007502 
0.00007502 
0.00007502 
0.00007482 
0.00007482 
0.00007482 
0.00007515 
0.00007525 
0.00007520 
0.00007520 
0.00007482 
0.00007612 
0.00007549 
0.00007433 
0.00007428 
0.00007434 
0.00007440 
0.00007431 
0.00007362 
0.00007363 
0.00007361 
0.00007361 
0.00007368 
0.00007367 
0.00007365 
0.00007372 
0.00007422 
0.00007422 
0.00007458 
0.00007420 
0.00007415 
0.00007420 
0.00007420 
0.00007411 
0.00007420 
0.00007420 
0.00007464 
0.00007464 
0.00007464 
0.00007426 
0.00007427 
0.00007420 
0.00007405 
0.00007377 
0.00007390 
0.00007420 
0.00007355 
0.00007426 
0.00007356 
0.00007389 
