0.00000000 
5588.00000000 
428.00000000 
56.00000000 
2682.00000000 
2145.00000000 
7373.00000000 
5869.00000000 
5066.00000000 
1331.00000000 
1949.00000000 
5090.00000000 
7685.00000000 
1917.00000000 
16716.00000000 
12550.00000000 
4540.00000000 
8073.00000000 
5086.00000000 
19203.00000000 
3182.00000000 
14928.00000000 
3511.00000000 
9763.00000000 
3697.00000000 
3519.00000000 
10662.00000000 
23675.00000000 
19840.00000000 
36693.00000000 
2673.00000000 
5002.00000000 
5866.00000000 
4147.00000000 
6581.00000000 
4018.00000000 
2425.00000000 
8345.00000000 
27790.00000000 
1896.00000000 
1775.00000000 
13660.00000000 
3726.00000000 
3416.00000000 
1370.00000000 
4398.00000000 
2065.00000000 
536.00000000 
15866.00000000 
4348.00000000 
1120.00000000 
5618.00000000 
19729.00000000 
5763.00000000 
33829.00000000 
6069.00000000 
4552.00000000 
23976.00000000 
873.00000000 
1496.00000000 
6120.00000000 
1677.00000000 
1196.00000000 
743.00000000 
668.00000000 
1473.00000000 
412.00000000 
1718.00000000 
1717.00000000 
55.00000000 
2497.00000000 
4050.00000000 
2963.00000000 
3327.00000000 
256.00000000 
2075.00000000 
2049.00000000 
118.00000000 
232.00000000 
535.00000000 
2039.00000000 
7608.00000000 
5565.00000000 
3842.00000000 
229.00000000 
2112.00000000 
2601.00000000 
6057.00000000 
278.00000000 
725.00000000 
567.00000000 
4283.00000000 
67.00000000 
253.00000000 
6732.00000000 
558.00000000 
4457.00000000 
5617.00000000 
4438.00000000 
636.00000000 
3824.00000000 
3954.00000000 
4116.00000000 
19047.00000000 
492.00000000 
2242.00000000 
543.00000000 
990.00000000 
2709.00000000 
1442.00000000 
1067.00000000 
995.00000000 
6753.00000000 
2938.00000000 
6651.00000000 
1144.00000000 
10959.00000000 
34469.00000000 
38589.00000000 
5584.00000000 
7003.00000000 
2588.00000000 
2512.00000000 
22204.00000000 
822.00000000 
3834.00000000 
355.00000000 
363.00000000 
1953.00000000 
1055.00000000 
866.00000000 
917.00000000 
638.00000000 
351.00000000 
797.00000000 
4570.00000000 
9585.00000000 
6085.00000000 
12620.00000000 
3489.00000000 
2562.00000000 
372.00000000 
1826.00000000 
6014.00000000 
6370.00000000 
252.00000000 
6769.00000000 
2220.00000000 
21518.00000000 
9502.00000000 
4937.00000000 
11997.00000000 
3649.00000000 
1546.00000000 
7634.00000000 
1424.00000000 
1303.00000000 
8892.00000000 
855.00000000 
2504.00000000 
17615.00000000 
9436.00000000 
3712.00000000 
2242.00000000 
2288.00000000 
3751.00000000 
2931.00000000 
8138.00000000 
3528.00000000 
1337.00000000 
10457.00000000 
8011.00000000 
1211.00000000 
1053.00000000 
749.00000000 
1848.00000000 
2289.00000000 
638.00000000 
964.00000000 
1284.00000000 
79.00000000 
412.00000000 
1553.00000000 
1000.00000000 
304.00000000 
985.00000000 
639.00000000 
1807.00000000 
776.00000000 
194.00000000 
1008.00000000 
1015.00000000 
180.00000000 
49.00000000 
3369.00000000 
92.00000000 
812.00000000 
106.00000000 
302.00000000 
6015.00000000 
1081.00000000 
0.00000000 
602.00000000 
186.00000000 
122.00000000 
122.00000000 
5254.00000000 
1805.00000000 
165.00000000 
298.00000000 
4903.00000000 
93.00000000 
10784.00000000 
1185.00000000 
739.00000000 
12601.00000000 
20.00000000 
50.00000000 
480.00000000 
0.00000000 
2336.00000000 
249.00000000 
378.00000000 
358.00000000 
462.00000000 
351.00000000 
709.00000000 
6447.00000000 
1150.00000000 
1962.00000000 
490.00000000 
6332.00000000 
10134.00000000 
4824.00000000 
4470.00000000 
2878.00000000 
8335.00000000 
3059.00000000 
3481.00000000 
9691.00000000 
18219.00000000 
1737.00000000 
100.00000000 
6204.00000000 
15694.00000000 
1124.00000000 
215.00000000 
3159.00000000 
3527.00000000 
838.00000000 
1927.00000000 
3964.00000000 
6206.00000000 
6715.00000000 
3516.00000000 
9067.00000000 
1101.00000000 
1145.00000000 
929.00000000 
2862.00000000 
1320.00000000 
20085.00000000 
7529.00000000 
14348.00000000 
573.00000000 
489.00000000 
24360.00000000 
3902.00000000 
1847.00000000 
1657.00000000 
3173.00000000 
180.00000000 
3519.00000000 
2994.00000000 
554.00000000 
5997.00000000 
1172.00000000 
3063.00000000 
1376.00000000 
720.00000000 
1966.00000000 
2293.00000000 
6206.00000000 
2606.00000000 
988.00000000 
110400.00000000 
4287.00000000 
8331.00000000 
6346.00000000 
3640.00000000 
21751.00000000 
6170.00000000 
2302.00000000 
956.00000000 
1358.00000000 
23309.00000000 
2871.00000000 
598.00000000 
2404.00000000 
2274.00000000 
2537.00000000 
999.00000000 
10781.00000000 
20284.00000000 
2797.00000000 
3888.00000000 
4949.00000000 
8371.00000000 
2076.00000000 
7979.00000000 
7534.00000000 
5832.00000000 
7378.00000000 
532.00000000 
2273.00000000 
3569.00000000 
11668.00000000 
3147.00000000 
18790.00000000 
13670.00000000 
34051.00000000 
51699.00000000 
5436.00000000 
12810.00000000 
8687.00000000 
2794.00000000 
7463.00000000 
31535.00000000 
28908.00000000 
7108.00000000 
11247.00000000 
13839.00000000 
7757.00000000 
6769.00000000 
4315.00000000 
8907.00000000 
2158.00000000 
2425.00000000 
2864.00000000 
969.00000000 
4901.00000000 
3812.00000000 
1787.00000000 
66.00000000 
0.00000000 
100.00000000 
1403.00000000 
1501.00000000 
84.00000000 
176.00000000 
13229.00000000 
36.00000000 
6563.00000000 
2527.00000000 
8074.00000000 
9825.00000000 
4168.00000000 
562.00000000 
18161.00000000 
7556.00000000 
7161.00000000 
15766.00000000 
4580.00000000 
3495.00000000 
29156.00000000 
13005.00000000 
57624.00000000 
4864.00000000 
109.00000000 
689.00000000 
3645.00000000 
888.00000000 
1235.00000000 
2034.00000000 
376.00000000 
1142.00000000 
6095.00000000 
27311.00000000 
1540.00000000 
701.00000000 
215.00000000 
1501.00000000 
296.00000000 
4455.00000000 
164.00000000 
10564.00000000 
4318.00000000 
499.00000000 
5762.00000000 
3701.00000000 
3514.00000000 
9740.00000000 
490.00000000 
1188.00000000 
3200.00000000 
10756.00000000 
3461.00000000 
4567.00000000 
412.00000000 
17318.00000000 
659.00000000 
615.00000000 
1590.00000000 
732.00000000 
138.00000000 
33.00000000 
2652.00000000 
40.00000000 
2803.00000000 
78.00000000 
7122.00000000 
0.00000000 
100.00000000 
795.00000000 
560.00000000 
88.00000000 
0.00000000 
865.00000000 
31.00000000 
1319.00000000 
2211.00000000 
111.00000000 
15879.00000000 
1655.00000000 
7853.00000000 
0.00000000 
1314.00000000 
44.00000000 
4280.00000000 
3170.00000000 
562.00000000 
0.00000000 
319.00000000 
170.00000000 
703.00000000 
4026.00000000 
1213.00000000 
1893.00000000 
0.00000000 
792.00000000 
1677.00000000 
2052.00000000 
1101.00000000 
398.00000000 
609.00000000 
2445.00000000 
240.00000000 
6819.00000000 
280.00000000 
1524.00000000 
0.00000000 
1672.00000000 
1855.00000000 
661.00000000 
1200.00000000 
976.00000000 
0.00000000 
8869.00000000 
134.00000000 
1542.00000000 
336.00000000 
1037.00000000 
1178.00000000 
2109.00000000 
222.00000000 
3138.00000000 
100.00000000 
1400.00000000 
2619.00000000 
2095.00000000 
468.00000000 
3686.00000000 
1148.00000000 
3167.00000000 
3190.00000000 
7724.00000000 
2255.00000000 
2.00000000 
1683.00000000 
2842.00000000 
0.00000000 
5588.00000000 
428.00000000 
56.00000000 
2682.00000000 
2145.00000000 
7373.00000000 
5869.00000000 
5066.00000000 
1331.00000000 
1949.00000000 
5090.00000000 
7685.00000000 
1917.00000000 
16716.00000000 
12550.00000000 
4540.00000000 
8073.00000000 
5086.00000000 
19203.00000000 
3182.00000000 
14928.00000000 
3511.00000000 
9763.00000000 
3697.00000000 
3519.00000000 
10662.00000000 
23675.00000000 
19840.00000000 
36693.00000000 
2673.00000000 
5002.00000000 
5866.00000000 
4147.00000000 
6581.00000000 
4018.00000000 
2425.00000000 
8345.00000000 
27790.00000000 
1896.00000000 
1775.00000000 
13660.00000000 
3726.00000000 
3416.00000000 
1370.00000000 
4398.00000000 
2065.00000000 
536.00000000 
15866.00000000 
4348.00000000 
1120.00000000 
5618.00000000 
19729.00000000 
5763.00000000 
33829.00000000 
6069.00000000 
4552.00000000 
23976.00000000 
873.00000000 
1496.00000000 
6120.00000000 
1677.00000000 
1196.00000000 
743.00000000 
668.00000000 
1473.00000000 
412.00000000 
1718.00000000 
1717.00000000 
55.00000000 
2497.00000000 
4050.00000000 
2963.00000000 
3327.00000000 
256.00000000 
2075.00000000 
2049.00000000 
118.00000000 
232.00000000 
535.00000000 
2039.00000000 
7608.00000000 
5565.00000000 
3842.00000000 
229.00000000 
2112.00000000 
2601.00000000 
6057.00000000 
278.00000000 
725.00000000 
567.00000000 
4283.00000000 
67.00000000 
253.00000000 
6732.00000000 
558.00000000 
4457.00000000 
5617.00000000 
4438.00000000 
636.00000000 
3824.00000000 
3954.00000000 
4116.00000000 
19047.00000000 
492.00000000 
2242.00000000 
543.00000000 
990.00000000 
2709.00000000 
1442.00000000 
1067.00000000 
995.00000000 
6753.00000000 
2938.00000000 
6651.00000000 
1144.00000000 
10959.00000000 
34469.00000000 
38589.00000000 
5584.00000000 
7003.00000000 
2588.00000000 
2512.00000000 
22204.00000000 
822.00000000 
3834.00000000 
355.00000000 
363.00000000 
1953.00000000 
1055.00000000 
866.00000000 
917.00000000 
638.00000000 
351.00000000 
797.00000000 
4570.00000000 
9585.00000000 
6085.00000000 
12620.00000000 
3489.00000000 
2562.00000000 
372.00000000 
1826.00000000 
6014.00000000 
6370.00000000 
252.00000000 
6769.00000000 
2220.00000000 
21518.00000000 
9502.00000000 
4937.00000000 
11997.00000000 
3649.00000000 
1546.00000000 
7634.00000000 
1424.00000000 
1303.00000000 
8892.00000000 
855.00000000 
2504.00000000 
17615.00000000 
9436.00000000 
3712.00000000 
2242.00000000 
2288.00000000 
3751.00000000 
2931.00000000 
8138.00000000 
3528.00000000 
1337.00000000 
10457.00000000 
8011.00000000 
1211.00000000 
1053.00000000 
749.00000000 
1848.00000000 
2289.00000000 
638.00000000 
964.00000000 
1284.00000000 
79.00000000 
412.00000000 
1553.00000000 
1000.00000000 
304.00000000 
985.00000000 
639.00000000 
1807.00000000 
776.00000000 
194.00000000 
1008.00000000 
1015.00000000 
180.00000000 
49.00000000 
3369.00000000 
92.00000000 
812.00000000 
106.00000000 
302.00000000 
6015.00000000 
1081.00000000 
0.00000000 
602.00000000 
186.00000000 
122.00000000 
122.00000000 
5254.00000000 
1805.00000000 
165.00000000 
298.00000000 
4903.00000000 
93.00000000 
10784.00000000 
1185.00000000 
739.00000000 
12601.00000000 
20.00000000 
50.00000000 
480.00000000 
0.00000000 
2336.00000000 
249.00000000 
378.00000000 
358.00000000 
462.00000000 
351.00000000 
709.00000000 
6447.00000000 
1150.00000000 
1962.00000000 
490.00000000 
6332.00000000 
10134.00000000 
4824.00000000 
4470.00000000 
2878.00000000 
8335.00000000 
3059.00000000 
3481.00000000 
9691.00000000 
18219.00000000 
1737.00000000 
100.00000000 
6204.00000000 
15694.00000000 
1124.00000000 
215.00000000 
3159.00000000 
3527.00000000 
838.00000000 
1927.00000000 
3964.00000000 
6206.00000000 
6715.00000000 
3516.00000000 
9067.00000000 
1101.00000000 
1145.00000000 
929.00000000 
2862.00000000 
1320.00000000 
20085.00000000 
7529.00000000 
14348.00000000 
573.00000000 
489.00000000 
24360.00000000 
3902.00000000 
1847.00000000 
1657.00000000 
3173.00000000 
180.00000000 
3519.00000000 
2994.00000000 
554.00000000 
5997.00000000 
1172.00000000 
3063.00000000 
1376.00000000 
720.00000000 
1966.00000000 
2293.00000000 
6206.00000000 
2606.00000000 
988.00000000 
110400.00000000 
4287.00000000 
8331.00000000 
6346.00000000 
3640.00000000 
21751.00000000 
6170.00000000 
2302.00000000 
956.00000000 
1358.00000000 
23309.00000000 
2871.00000000 
598.00000000 
2404.00000000 
2274.00000000 
2537.00000000 
999.00000000 
10781.00000000 
20284.00000000 
2797.00000000 
3888.00000000 
4949.00000000 
8371.00000000 
2076.00000000 
7979.00000000 
7534.00000000 
5832.00000000 
7378.00000000 
532.00000000 
2273.00000000 
3569.00000000 
11668.00000000 
3147.00000000 
18790.00000000 
13670.00000000 
34051.00000000 
51699.00000000 
5436.00000000 
12810.00000000 
8687.00000000 
2794.00000000 
7463.00000000 
31535.00000000 
28908.00000000 
7108.00000000 
11247.00000000 
13839.00000000 
7757.00000000 
6769.00000000 
4315.00000000 
8907.00000000 
2158.00000000 
2425.00000000 
2864.00000000 
969.00000000 
4901.00000000 
3812.00000000 
1787.00000000 
66.00000000 
0.00000000 
100.00000000 
1403.00000000 
1501.00000000 
84.00000000 
176.00000000 
13229.00000000 
36.00000000 
6563.00000000 
2527.00000000 
8074.00000000 
9825.00000000 
4168.00000000 
562.00000000 
18161.00000000 
7556.00000000 
7161.00000000 
15766.00000000 
4580.00000000 
3495.00000000 
29156.00000000 
13005.00000000 
57624.00000000 
4864.00000000 
109.00000000 
689.00000000 
3645.00000000 
888.00000000 
1235.00000000 
2034.00000000 
376.00000000 
1142.00000000 
6095.00000000 
27311.00000000 
1540.00000000 
701.00000000 
215.00000000 
1501.00000000 
296.00000000 
4455.00000000 
164.00000000 
10564.00000000 
4318.00000000 
499.00000000 
5762.00000000 
3701.00000000 
3514.00000000 
9740.00000000 
490.00000000 
1188.00000000 
3200.00000000 
10756.00000000 
3461.00000000 
4567.00000000 
412.00000000 
17318.00000000 
659.00000000 
615.00000000 
1590.00000000 
732.00000000 
138.00000000 
33.00000000 
2652.00000000 
40.00000000 
2803.00000000 
78.00000000 
7122.00000000 
0.00000000 
100.00000000 
795.00000000 
560.00000000 
88.00000000 
0.00000000 
865.00000000 
31.00000000 
1319.00000000 
2211.00000000 
111.00000000 
15879.00000000 
1655.00000000 
7853.00000000 
0.00000000 
1314.00000000 
44.00000000 
4280.00000000 
3170.00000000 
562.00000000 
0.00000000 
319.00000000 
170.00000000 
703.00000000 
4026.00000000 
1213.00000000 
1893.00000000 
0.00000000 
792.00000000 
1677.00000000 
2052.00000000 
1101.00000000 
398.00000000 
609.00000000 
2445.00000000 
240.00000000 
6819.00000000 
280.00000000 
1524.00000000 
0.00000000 
1672.00000000 
1855.00000000 
661.00000000 
1200.00000000 
976.00000000 
0.00000000 
8869.00000000 
134.00000000 
1542.00000000 
336.00000000 
1037.00000000 
1178.00000000 
2109.00000000 
222.00000000 
3138.00000000 
100.00000000 
1400.00000000 
2619.00000000 
2095.00000000 
468.00000000 
3686.00000000 
1148.00000000 
3167.00000000 
3190.00000000 
7724.00000000 
2255.00000000 
2.00000000 
1683.00000000 
2842.00000000 
0.00000000 
5588.00000000 
428.00000000 
56.00000000 
2682.00000000 
2145.00000000 
7373.00000000 
5869.00000000 
5066.00000000 
1331.00000000 
1949.00000000 
5090.00000000 
7685.00000000 
1917.00000000 
16716.00000000 
12550.00000000 
4540.00000000 
8073.00000000 
5086.00000000 
19203.00000000 
3182.00000000 
14928.00000000 
3511.00000000 
9763.00000000 
3697.00000000 
3519.00000000 
10662.00000000 
23675.00000000 
19840.00000000 
36693.00000000 
2673.00000000 
5002.00000000 
5866.00000000 
4147.00000000 
6581.00000000 
4018.00000000 
2425.00000000 
8345.00000000 
27790.00000000 
1896.00000000 
1775.00000000 
13660.00000000 
3726.00000000 
3416.00000000 
1370.00000000 
4398.00000000 
2065.00000000 
536.00000000 
15866.00000000 
4348.00000000 
1120.00000000 
5618.00000000 
19729.00000000 
5763.00000000 
33829.00000000 
6069.00000000 
4552.00000000 
23976.00000000 
873.00000000 
1496.00000000 
6120.00000000 
1677.00000000 
1196.00000000 
743.00000000 
668.00000000 
1473.00000000 
412.00000000 
1718.00000000 
1717.00000000 
55.00000000 
2497.00000000 
4050.00000000 
2963.00000000 
3327.00000000 
256.00000000 
2075.00000000 
2049.00000000 
118.00000000 
232.00000000 
535.00000000 
2039.00000000 
7608.00000000 
5565.00000000 
3842.00000000 
229.00000000 
2112.00000000 
2601.00000000 
6057.00000000 
278.00000000 
725.00000000 
567.00000000 
4283.00000000 
67.00000000 
253.00000000 
6732.00000000 
558.00000000 
4457.00000000 
5617.00000000 
4438.00000000 
636.00000000 
3824.00000000 
3954.00000000 
4116.00000000 
19047.00000000 
492.00000000 
2242.00000000 
543.00000000 
990.00000000 
2709.00000000 
1442.00000000 
1067.00000000 
995.00000000 
6753.00000000 
2938.00000000 
6651.00000000 
1144.00000000 
10959.00000000 
34469.00000000 
38589.00000000 
5584.00000000 
7003.00000000 
2588.00000000 
2512.00000000 
22204.00000000 
822.00000000 
3834.00000000 
355.00000000 
363.00000000 
1953.00000000 
1055.00000000 
866.00000000 
917.00000000 
638.00000000 
351.00000000 
797.00000000 
4570.00000000 
9585.00000000 
6085.00000000 
12620.00000000 
3489.00000000 
2562.00000000 
372.00000000 
1826.00000000 
6014.00000000 
6370.00000000 
252.00000000 
6769.00000000 
2220.00000000 
21518.00000000 
9502.00000000 
4937.00000000 
11997.00000000 
3649.00000000 
1546.00000000 
7634.00000000 
1424.00000000 
1303.00000000 
8892.00000000 
855.00000000 
2504.00000000 
17615.00000000 
9436.00000000 
3712.00000000 
2242.00000000 
2288.00000000 
3751.00000000 
2931.00000000 
8138.00000000 
3528.00000000 
1337.00000000 
10457.00000000 
8011.00000000 
1211.00000000 
1053.00000000 
749.00000000 
1848.00000000 
2289.00000000 
638.00000000 
964.00000000 
1284.00000000 
79.00000000 
412.00000000 
1553.00000000 
1000.00000000 
304.00000000 
985.00000000 
639.00000000 
1807.00000000 
776.00000000 
194.00000000 
1008.00000000 
1015.00000000 
180.00000000 
49.00000000 
3369.00000000 
92.00000000 
812.00000000 
106.00000000 
302.00000000 
6015.00000000 
1081.00000000 
0.00000000 
602.00000000 
186.00000000 
122.00000000 
122.00000000 
5254.00000000 
1805.00000000 
165.00000000 
298.00000000 
4903.00000000 
93.00000000 
10784.00000000 
1185.00000000 
739.00000000 
12601.00000000 
20.00000000 
50.00000000 
480.00000000 
0.00000000 
2336.00000000 
249.00000000 
378.00000000 
358.00000000 
462.00000000 
351.00000000 
709.00000000 
6447.00000000 
1150.00000000 
1962.00000000 
490.00000000 
6332.00000000 
10134.00000000 
4824.00000000 
4470.00000000 
2878.00000000 
8335.00000000 
3059.00000000 
3481.00000000 
9691.00000000 
18219.00000000 
1737.00000000 
100.00000000 
6204.00000000 
15694.00000000 
1124.00000000 
215.00000000 
3159.00000000 
3527.00000000 
838.00000000 
1927.00000000 
3964.00000000 
6206.00000000 
6715.00000000 
3516.00000000 
9067.00000000 
1101.00000000 
1145.00000000 
929.00000000 
2862.00000000 
1320.00000000 
20085.00000000 
7529.00000000 
14348.00000000 
573.00000000 
489.00000000 
24360.00000000 
3902.00000000 
1847.00000000 
1657.00000000 
3173.00000000 
180.00000000 
3519.00000000 
2994.00000000 
554.00000000 
5997.00000000 
1172.00000000 
3063.00000000 
1376.00000000 
720.00000000 
1966.00000000 
2293.00000000 
6206.00000000 
2606.00000000 
988.00000000 
110400.00000000 
4287.00000000 
8331.00000000 
6346.00000000 
3640.00000000 
21751.00000000 
6170.00000000 
2302.00000000 
956.00000000 
1358.00000000 
23309.00000000 
2871.00000000 
598.00000000 
2404.00000000 
2274.00000000 
2537.00000000 
999.00000000 
10781.00000000 
20284.00000000 
2797.00000000 
3888.00000000 
4949.00000000 
8371.00000000 
2076.00000000 
7979.00000000 
7534.00000000 
5832.00000000 
7378.00000000 
532.00000000 
2273.00000000 
3569.00000000 
11668.00000000 
3147.00000000 
18790.00000000 
13670.00000000 
34051.00000000 
51699.00000000 
5436.00000000 
12810.00000000 
8687.00000000 
2794.00000000 
7463.00000000 
31535.00000000 
28908.00000000 
7108.00000000 
11247.00000000 
13839.00000000 
7757.00000000 
6769.00000000 
4315.00000000 
8907.00000000 
2158.00000000 
2425.00000000 
2864.00000000 
969.00000000 
4901.00000000 
3812.00000000 
1787.00000000 
66.00000000 
0.00000000 
100.00000000 
1403.00000000 
1501.00000000 
84.00000000 
176.00000000 
13229.00000000 
36.00000000 
6563.00000000 
2527.00000000 
8074.00000000 
9825.00000000 
4168.00000000 
562.00000000 
18161.00000000 
7556.00000000 
7161.00000000 
15766.00000000 
4580.00000000 
3495.00000000 
29156.00000000 
13005.00000000 
57624.00000000 
4864.00000000 
109.00000000 
689.00000000 
3645.00000000 
888.00000000 
1235.00000000 
2034.00000000 
376.00000000 
1142.00000000 
6095.00000000 
27311.00000000 
1540.00000000 
701.00000000 
215.00000000 
1501.00000000 
296.00000000 
4455.00000000 
164.00000000 
10564.00000000 
4318.00000000 
499.00000000 
5762.00000000 
3701.00000000 
3514.00000000 
9740.00000000 
490.00000000 
1188.00000000 
3200.00000000 
10756.00000000 
3461.00000000 
4567.00000000 
412.00000000 
17318.00000000 
659.00000000 
615.00000000 
1590.00000000 
732.00000000 
138.00000000 
33.00000000 
2652.00000000 
40.00000000 
2803.00000000 
78.00000000 
7122.00000000 
0.00000000 
100.00000000 
795.00000000 
560.00000000 
88.00000000 
0.00000000 
865.00000000 
31.00000000 
1319.00000000 
2211.00000000 
111.00000000 
15879.00000000 
1655.00000000 
7853.00000000 
0.00000000 
1314.00000000 
44.00000000 
4280.00000000 
3170.00000000 
562.00000000 
0.00000000 
319.00000000 
170.00000000 
703.00000000 
4026.00000000 
1213.00000000 
1893.00000000 
0.00000000 
792.00000000 
1677.00000000 
2052.00000000 
1101.00000000 
398.00000000 
609.00000000 
2445.00000000 
240.00000000 
6819.00000000 
280.00000000 
1524.00000000 
0.00000000 
1672.00000000 
1855.00000000 
661.00000000 
1200.00000000 
976.00000000 
0.00000000 
8869.00000000 
134.00000000 
1542.00000000 
336.00000000 
1037.00000000 
1178.00000000 
2109.00000000 
222.00000000 
3138.00000000 
100.00000000 
1400.00000000 
2619.00000000 
2095.00000000 
468.00000000 
3686.00000000 
1148.00000000 
3167.00000000 
3190.00000000 
7724.00000000 
2255.00000000 
2.00000000 
1683.00000000 
2842.00000000 
