0.00007816 
0.00007848 
0.00007849 
0.00007849 
0.00007784 
0.00007777 
0.00007610 
0.00007756 
0.00007845 
0.00007806 
0.00007770 
0.00007673 
0.00007764 
0.00007666 
0.00007775 
0.00007922 
0.00007899 
0.00007894 
0.00007971 
0.00007908 
0.00007890 
0.00007896 
0.00007929 
0.00007878 
0.00007881 
0.00007860 
0.00008042 
0.00007840 
0.00007791 
0.00007644 
0.00007616 
0.00007598 
0.00007600 
0.00007578 
0.00007578 
0.00007521 
0.00007557 
0.00007541 
0.00007393 
0.00007336 
0.00007395 
0.00007335 
0.00007301 
0.00007260 
0.00007266 
0.00007269 
0.00007197 
0.00007198 
0.00007218 
0.00007086 
0.00007072 
0.00007155 
0.00007228 
0.00007176 
0.00007218 
0.00007216 
0.00007226 
0.00007256 
0.00007236 
0.00007190 
0.00007199 
0.00007219 
0.00007219 
0.00007213 
0.00007208 
0.00007213 
0.00007196 
0.00007187 
0.00007255 
0.00007255 
0.00007169 
0.00007169 
0.00007182 
0.00007206 
0.00007205 
0.00007168 
0.00007168 
0.00007131 
0.00007132 
0.00007156 
0.00007125 
0.00007200 
0.00007235 
0.00007286 
0.00007284 
0.00007312 
0.00007348 
0.00007466 
0.00007419 
0.00007419 
0.00007419 
0.00007450 
0.00007458 
0.00007449 
0.00007368 
0.00007398 
0.00007400 
0.00007400 
0.00007350 
0.00007418 
0.00007443 
0.00007467 
0.00007525 
0.00007509 
0.00007510 
0.00007500 
0.00007487 
0.00007563 
0.00007527 
0.00007546 
0.00007572 
0.00007551 
0.00007600 
0.00007625 
0.00007533 
0.00007469 
0.00007642 
0.00007429 
0.00007280 
0.00007280 
0.00007326 
0.00007255 
0.00007314 
0.00007278 
0.00007249 
0.00007185 
0.00007200 
0.00007186 
0.00007208 
0.00007217 
0.00007248 
0.00007200 
0.00007185 
0.00007185 
0.00007173 
0.00007173 
0.00007284 
0.00007184 
0.00007190 
0.00007208 
0.00007088 
0.00007066 
0.00007149 
0.00007096 
0.00007128 
0.00007113 
0.00007150 
0.00007150 
0.00007151 
0.00007013 
0.00007027 
0.00006903 
0.00006912 
0.00006872 
0.00006840 
0.00006833 
0.00006812 
0.00006855 
0.00006780 
0.00006819 
0.00006822 
0.00006814 
0.00006859 
0.00006841 
0.00006774 
0.00006787 
0.00006828 
0.00006695 
0.00006691 
0.00006618 
0.00006701 
0.00006659 
0.00006658 
0.00006642 
0.00006654 
0.00006655 
0.00006579 
0.00006580 
0.00006587 
0.00006581 
0.00006528 
0.00006528 
0.00006516 
0.00006508 
0.00006549 
0.00006500 
0.00006560 
0.00006577 
0.00006563 
0.00006563 
0.00006589 
0.00006601 
0.00006527 
0.00006526 
0.00006506 
0.00006503 
0.00006532 
0.00006502 
0.00006543 
0.00006612 
0.00006642 
0.00006639 
0.00006612 
0.00006649 
0.00006611 
0.00006650 
0.00006668 
0.00006666 
0.00006668 
0.00006652 
0.00006659 
0.00006725 
0.00006632 
0.00006632 
0.00006639 
0.00006660 
0.00006697 
0.00006697 
0.00006656 
0.00006698 
0.00006699 
0.00006729 
0.00006781 
0.00006780 
0.00006765 
0.00006763 
0.00006805 
0.00006656 
0.00006728 
0.00006618 
0.00006665 
0.00006641 
0.00006665 
0.00006694 
0.00006741 
0.00006740 
0.00006876 
0.00006857 
0.00006826 
0.00006874 
0.00006818 
0.00006776 
0.00006776 
0.00006700 
0.00006710 
0.00006736 
0.00006764 
0.00006729 
0.00006706 
0.00006711 
0.00006706 
0.00006713 
0.00006722 
0.00006641 
0.00006600 
0.00006590 
0.00006589 
0.00006537 
0.00006546 
0.00006576 
0.00006562 
0.00006553 
0.00006564 
0.00006544 
0.00006550 
0.00006598 
0.00006620 
0.00006643 
0.00006597 
0.00006695 
0.00006783 
0.00006828 
0.00006849 
0.00006900 
0.00006885 
0.00006814 
0.00006904 
0.00006972 
0.00007004 
0.00007075 
0.00007101 
0.00007156 
0.00007150 
0.00007100 
0.00007071 
0.00007100 
0.00007103 
0.00007100 
0.00007080 
0.00007049 
0.00006906 
0.00006861 
0.00006826 
0.00006812 
0.00006779 
0.00006752 
0.00006752 
0.00006754 
0.00006751 
0.00006756 
0.00006751 
0.00006775 
0.00006749 
0.00006590 
0.00006575 
0.00006649 
0.00006622 
0.00006520 
0.00006450 
0.00006539 
0.00006543 
0.00006543 
0.00006566 
0.00006568 
0.00006543 
0.00006496 
0.00006366 
0.00006424 
0.00006360 
0.00006285 
0.00006191 
0.00006164 
0.00006170 
0.00006204 
0.00006210 
0.00006164 
0.00006174 
0.00006224 
0.00006216 
0.00006222 
0.00006241 
0.00006301 
0.00006363 
0.00006409 
0.00006482 
0.00006500 
0.00006503 
0.00006515 
0.00006548 
0.00006592 
0.00006620 
0.00006623 
0.00006669 
0.00006670 
0.00006673 
0.00006673 
0.00006666 
0.00006667 
0.00006665 
0.00006656 
0.00006657 
0.00006657 
0.00006660 
0.00006661 
0.00006628 
0.00006619 
0.00006560 
0.00006548 
0.00006600 
0.00006576 
0.00006577 
0.00006595 
0.00006635 
0.00006662 
0.00006697 
0.00006605 
0.00006840 
0.00006909 
0.00006931 
0.00006992 
0.00006885 
0.00006942 
0.00006963 
0.00006947 
0.00006990 
0.00006957 
0.00006961 
0.00007029 
0.00007031 
0.00007047 
0.00007032 
0.00007033 
0.00007033 
0.00007057 
0.00007077 
0.00007096 
0.00007127 
0.00007121 
0.00007160 
0.00007153 
0.00007193 
0.00007200 
0.00007200 
0.00007200 
0.00007200 
0.00007221 
0.00007235 
0.00007252 
0.00007210 
0.00007279 
0.00007281 
0.00007299 
0.00007303 
0.00007357 
0.00007375 
0.00007375 
0.00007358 
0.00007431 
0.00007402 
0.00007431 
0.00007402 
0.00007402 
0.00007402 
0.00007399 
0.00007373 
0.00007372 
0.00007365 
0.00007380 
0.00007380 
0.00007384 
0.00007423 
0.00007363 
0.00007417 
0.00007445 
0.00007502 
0.00007502 
0.00007501 
0.00007502 
0.00007482 
0.00007496 
0.00007482 
0.00007502 
0.00007502 
0.00007482 
0.00007482 
0.00007515 
0.00007533 
0.00007520 
0.00007520 
0.00007518 
0.00007527 
0.00007543 
0.00007434 
0.00007433 
0.00007434 
0.00007460 
0.00007460 
0.00007362 
0.00007362 
0.00007391 
0.00007361 
0.00007413 
0.00007375 
0.00007423 
0.00007382 
0.00007421 
0.00007422 
0.00007411 
0.00007458 
0.00007412 
0.00007412 
0.00007420 
0.00007420 
0.00007420 
0.00007420 
0.00007464 
0.00007464 
0.00007464 
0.00007427 
0.00007427 
0.00007420 
0.00007419 
0.00007377 
0.00007375 
0.00007410 
0.00007381 
0.00007389 
0.00007426 
0.00007386 
0.00007432 
0.00007816 
0.00007848 
0.00007849 
0.00007849 
0.00007784 
0.00007777 
0.00007610 
0.00007756 
0.00007845 
0.00007806 
0.00007770 
0.00007673 
0.00007764 
0.00007666 
0.00007775 
0.00007922 
0.00007899 
0.00007894 
0.00007971 
0.00007908 
0.00007890 
0.00007896 
0.00007929 
0.00007878 
0.00007881 
0.00007860 
0.00008042 
0.00007840 
0.00007791 
0.00007644 
0.00007616 
0.00007598 
0.00007600 
0.00007578 
0.00007578 
0.00007521 
0.00007557 
0.00007541 
0.00007393 
0.00007336 
0.00007395 
0.00007335 
0.00007301 
0.00007260 
0.00007266 
0.00007269 
0.00007197 
0.00007198 
0.00007218 
0.00007086 
0.00007072 
0.00007155 
0.00007228 
0.00007176 
0.00007218 
0.00007216 
0.00007226 
0.00007256 
0.00007236 
0.00007190 
0.00007199 
0.00007219 
0.00007219 
0.00007213 
0.00007208 
0.00007213 
0.00007196 
0.00007187 
0.00007255 
0.00007255 
0.00007169 
0.00007169 
0.00007182 
0.00007206 
0.00007205 
0.00007168 
0.00007168 
0.00007131 
0.00007132 
0.00007156 
0.00007125 
0.00007200 
0.00007235 
0.00007286 
0.00007284 
0.00007312 
0.00007348 
0.00007466 
0.00007419 
0.00007419 
0.00007419 
0.00007450 
0.00007458 
0.00007449 
0.00007368 
0.00007398 
0.00007400 
0.00007400 
0.00007350 
0.00007418 
0.00007443 
0.00007467 
0.00007525 
0.00007509 
0.00007510 
0.00007500 
0.00007487 
0.00007563 
0.00007527 
0.00007546 
0.00007572 
0.00007551 
0.00007600 
0.00007625 
0.00007533 
0.00007469 
0.00007642 
0.00007429 
0.00007280 
0.00007280 
0.00007326 
0.00007255 
0.00007314 
0.00007278 
0.00007249 
0.00007185 
0.00007200 
0.00007186 
0.00007208 
0.00007217 
0.00007248 
0.00007200 
0.00007185 
0.00007185 
0.00007173 
0.00007173 
0.00007284 
0.00007184 
0.00007190 
0.00007208 
0.00007088 
0.00007066 
0.00007149 
0.00007096 
0.00007128 
0.00007113 
0.00007150 
0.00007150 
0.00007151 
0.00007013 
0.00007027 
0.00006903 
0.00006912 
0.00006872 
0.00006840 
0.00006833 
0.00006812 
0.00006855 
0.00006780 
0.00006819 
0.00006822 
0.00006814 
0.00006859 
0.00006841 
0.00006774 
0.00006787 
0.00006828 
0.00006695 
0.00006691 
0.00006618 
0.00006701 
0.00006659 
0.00006658 
0.00006642 
0.00006654 
0.00006655 
0.00006579 
0.00006580 
0.00006587 
0.00006581 
0.00006528 
0.00006528 
0.00006516 
0.00006508 
0.00006549 
0.00006500 
0.00006560 
0.00006577 
0.00006563 
0.00006563 
0.00006589 
0.00006601 
0.00006527 
0.00006526 
0.00006506 
0.00006503 
0.00006532 
0.00006502 
0.00006543 
0.00006612 
0.00006642 
0.00006639 
0.00006612 
0.00006649 
0.00006611 
0.00006650 
0.00006668 
0.00006666 
0.00006668 
0.00006652 
0.00006659 
0.00006725 
0.00006632 
0.00006632 
0.00006639 
0.00006660 
0.00006697 
0.00006697 
0.00006656 
0.00006698 
0.00006699 
0.00006729 
0.00006781 
0.00006780 
0.00006765 
0.00006763 
0.00006805 
0.00006656 
0.00006728 
0.00006618 
0.00006665 
0.00006641 
0.00006665 
0.00006694 
0.00006741 
0.00006740 
0.00006876 
0.00006857 
0.00006826 
0.00006874 
0.00006818 
0.00006776 
0.00006776 
0.00006700 
0.00006710 
0.00006736 
0.00006764 
0.00006729 
0.00006706 
0.00006711 
0.00006706 
0.00006713 
0.00006722 
0.00006641 
0.00006600 
0.00006590 
0.00006589 
0.00006537 
0.00006546 
0.00006576 
0.00006562 
0.00006553 
0.00006564 
0.00006544 
0.00006550 
0.00006598 
0.00006620 
0.00006643 
0.00006597 
0.00006695 
0.00006783 
0.00006828 
0.00006849 
0.00006900 
0.00006885 
0.00006814 
0.00006904 
0.00006972 
0.00007004 
0.00007075 
0.00007101 
0.00007156 
0.00007150 
0.00007100 
0.00007071 
0.00007100 
0.00007103 
0.00007100 
0.00007080 
0.00007049 
0.00006906 
0.00006861 
0.00006826 
0.00006812 
0.00006779 
0.00006752 
0.00006752 
0.00006754 
0.00006751 
0.00006756 
0.00006751 
0.00006775 
0.00006749 
0.00006590 
0.00006575 
0.00006649 
0.00006622 
0.00006520 
0.00006450 
0.00006539 
0.00006543 
0.00006543 
0.00006566 
0.00006568 
0.00006543 
0.00006496 
0.00006366 
0.00006424 
0.00006360 
0.00006285 
0.00006191 
0.00006164 
0.00006170 
0.00006204 
0.00006210 
0.00006164 
0.00006174 
0.00006224 
0.00006216 
0.00006222 
0.00006241 
0.00006301 
0.00006363 
0.00006409 
0.00006482 
0.00006500 
0.00006503 
0.00006515 
0.00006548 
0.00006592 
0.00006620 
0.00006623 
0.00006669 
0.00006670 
0.00006673 
0.00006673 
0.00006666 
0.00006667 
0.00006665 
0.00006656 
0.00006657 
0.00006657 
0.00006660 
0.00006661 
0.00006628 
0.00006619 
0.00006560 
0.00006548 
0.00006600 
0.00006576 
0.00006577 
0.00006595 
0.00006635 
0.00006662 
0.00006697 
0.00006605 
0.00006840 
0.00006909 
0.00006931 
0.00006992 
0.00006885 
0.00006942 
0.00006963 
0.00006947 
0.00006990 
0.00006957 
0.00006961 
0.00007029 
0.00007031 
0.00007047 
0.00007032 
0.00007033 
0.00007033 
0.00007057 
0.00007077 
0.00007096 
0.00007127 
0.00007121 
0.00007160 
0.00007153 
0.00007193 
0.00007200 
0.00007200 
0.00007200 
0.00007200 
0.00007221 
0.00007235 
0.00007252 
0.00007210 
0.00007279 
0.00007281 
0.00007299 
0.00007303 
0.00007357 
0.00007375 
0.00007375 
0.00007358 
0.00007431 
0.00007402 
0.00007431 
0.00007402 
0.00007402 
0.00007402 
0.00007399 
0.00007373 
0.00007372 
0.00007365 
0.00007380 
0.00007380 
0.00007384 
0.00007423 
0.00007363 
0.00007417 
0.00007445 
0.00007502 
0.00007502 
0.00007501 
0.00007502 
0.00007482 
0.00007496 
0.00007482 
0.00007502 
0.00007502 
0.00007482 
0.00007482 
0.00007515 
0.00007533 
0.00007520 
0.00007520 
0.00007518 
0.00007527 
0.00007543 
0.00007434 
0.00007433 
0.00007434 
0.00007460 
0.00007460 
0.00007362 
0.00007362 
0.00007391 
0.00007361 
0.00007413 
0.00007375 
0.00007423 
0.00007382 
0.00007421 
0.00007422 
0.00007411 
0.00007458 
0.00007412 
0.00007412 
0.00007420 
0.00007420 
0.00007420 
0.00007420 
0.00007464 
0.00007464 
0.00007464 
0.00007427 
0.00007427 
0.00007420 
0.00007419 
0.00007377 
0.00007375 
0.00007410 
0.00007381 
0.00007389 
0.00007426 
0.00007386 
0.00007432 
0.00007816 
0.00007848 
0.00007849 
0.00007849 
0.00007784 
0.00007777 
0.00007610 
0.00007756 
0.00007845 
0.00007806 
0.00007770 
0.00007673 
0.00007764 
0.00007666 
0.00007775 
0.00007922 
0.00007899 
0.00007894 
0.00007971 
0.00007908 
0.00007890 
0.00007896 
0.00007929 
0.00007878 
0.00007881 
0.00007860 
0.00008042 
0.00007840 
0.00007791 
0.00007644 
0.00007616 
0.00007598 
0.00007600 
0.00007578 
0.00007578 
0.00007521 
0.00007557 
0.00007541 
0.00007393 
0.00007336 
0.00007395 
0.00007335 
0.00007301 
0.00007260 
0.00007266 
0.00007269 
0.00007197 
0.00007198 
0.00007218 
0.00007086 
0.00007072 
0.00007155 
0.00007228 
0.00007176 
0.00007218 
0.00007216 
0.00007226 
0.00007256 
0.00007236 
0.00007190 
0.00007199 
0.00007219 
0.00007219 
0.00007213 
0.00007208 
0.00007213 
0.00007196 
0.00007187 
0.00007255 
0.00007255 
0.00007169 
0.00007169 
0.00007182 
0.00007206 
0.00007205 
0.00007168 
0.00007168 
0.00007131 
0.00007132 
0.00007156 
0.00007125 
0.00007200 
0.00007235 
0.00007286 
0.00007284 
0.00007312 
0.00007348 
0.00007466 
0.00007419 
0.00007419 
0.00007419 
0.00007450 
0.00007458 
0.00007449 
0.00007368 
0.00007398 
0.00007400 
0.00007400 
0.00007350 
0.00007418 
0.00007443 
0.00007467 
0.00007525 
0.00007509 
0.00007510 
0.00007500 
0.00007487 
0.00007563 
0.00007527 
0.00007546 
0.00007572 
0.00007551 
0.00007600 
0.00007625 
0.00007533 
0.00007469 
0.00007642 
0.00007429 
0.00007280 
0.00007280 
0.00007326 
0.00007255 
0.00007314 
0.00007278 
0.00007249 
0.00007185 
0.00007200 
0.00007186 
0.00007208 
0.00007217 
0.00007248 
0.00007200 
0.00007185 
0.00007185 
0.00007173 
0.00007173 
0.00007284 
0.00007184 
0.00007190 
0.00007208 
0.00007088 
0.00007066 
0.00007149 
0.00007096 
0.00007128 
0.00007113 
0.00007150 
0.00007150 
0.00007151 
0.00007013 
0.00007027 
0.00006903 
0.00006912 
0.00006872 
0.00006840 
0.00006833 
0.00006812 
0.00006855 
0.00006780 
0.00006819 
0.00006822 
0.00006814 
0.00006859 
0.00006841 
0.00006774 
0.00006787 
0.00006828 
0.00006695 
0.00006691 
0.00006618 
0.00006701 
0.00006659 
0.00006658 
0.00006642 
0.00006654 
0.00006655 
0.00006579 
0.00006580 
0.00006587 
0.00006581 
0.00006528 
0.00006528 
0.00006516 
0.00006508 
0.00006549 
0.00006500 
0.00006560 
0.00006577 
0.00006563 
0.00006563 
0.00006589 
0.00006601 
0.00006527 
0.00006526 
0.00006506 
0.00006503 
0.00006532 
0.00006502 
0.00006543 
0.00006612 
0.00006642 
0.00006639 
0.00006612 
0.00006649 
0.00006611 
0.00006650 
0.00006668 
0.00006666 
0.00006668 
0.00006652 
0.00006659 
0.00006725 
0.00006632 
0.00006632 
0.00006639 
0.00006660 
0.00006697 
0.00006697 
0.00006656 
0.00006698 
0.00006699 
0.00006729 
0.00006781 
0.00006780 
0.00006765 
0.00006763 
0.00006805 
0.00006656 
0.00006728 
0.00006618 
0.00006665 
0.00006641 
0.00006665 
0.00006694 
0.00006741 
0.00006740 
0.00006876 
0.00006857 
0.00006826 
0.00006874 
0.00006818 
0.00006776 
0.00006776 
0.00006700 
0.00006710 
0.00006736 
0.00006764 
0.00006729 
0.00006706 
0.00006711 
0.00006706 
0.00006713 
0.00006722 
0.00006641 
0.00006600 
0.00006590 
0.00006589 
0.00006537 
0.00006546 
0.00006576 
0.00006562 
0.00006553 
0.00006564 
0.00006544 
0.00006550 
0.00006598 
0.00006620 
0.00006643 
0.00006597 
0.00006695 
0.00006783 
0.00006828 
0.00006849 
0.00006900 
0.00006885 
0.00006814 
0.00006904 
0.00006972 
0.00007004 
0.00007075 
0.00007101 
0.00007156 
0.00007150 
0.00007100 
0.00007071 
0.00007100 
0.00007103 
0.00007100 
0.00007080 
0.00007049 
0.00006906 
0.00006861 
0.00006826 
0.00006812 
0.00006779 
0.00006752 
0.00006752 
0.00006754 
0.00006751 
0.00006756 
0.00006751 
0.00006775 
0.00006749 
0.00006590 
0.00006575 
0.00006649 
0.00006622 
0.00006520 
0.00006450 
0.00006539 
0.00006543 
0.00006543 
0.00006566 
0.00006568 
0.00006543 
0.00006496 
0.00006366 
0.00006424 
0.00006360 
0.00006285 
0.00006191 
0.00006164 
0.00006170 
0.00006204 
0.00006210 
0.00006164 
0.00006174 
0.00006224 
0.00006216 
0.00006222 
0.00006241 
0.00006301 
0.00006363 
0.00006409 
0.00006482 
0.00006500 
0.00006503 
0.00006515 
0.00006548 
0.00006592 
0.00006620 
0.00006623 
0.00006669 
0.00006670 
0.00006673 
0.00006673 
0.00006666 
0.00006667 
0.00006665 
0.00006656 
0.00006657 
0.00006657 
0.00006660 
0.00006661 
0.00006628 
0.00006619 
0.00006560 
0.00006548 
0.00006600 
0.00006576 
0.00006577 
0.00006595 
0.00006635 
0.00006662 
0.00006697 
0.00006605 
0.00006840 
0.00006909 
0.00006931 
0.00006992 
0.00006885 
0.00006942 
0.00006963 
0.00006947 
0.00006990 
0.00006957 
0.00006961 
0.00007029 
0.00007031 
0.00007047 
0.00007032 
0.00007033 
0.00007033 
0.00007057 
0.00007077 
0.00007096 
0.00007127 
0.00007121 
0.00007160 
0.00007153 
0.00007193 
0.00007200 
0.00007200 
0.00007200 
0.00007200 
0.00007221 
0.00007235 
0.00007252 
0.00007210 
0.00007279 
0.00007281 
0.00007299 
0.00007303 
0.00007357 
0.00007375 
0.00007375 
0.00007358 
0.00007431 
0.00007402 
0.00007431 
0.00007402 
0.00007402 
0.00007402 
0.00007399 
0.00007373 
0.00007372 
0.00007365 
0.00007380 
0.00007380 
0.00007384 
0.00007423 
0.00007363 
0.00007417 
0.00007445 
0.00007502 
0.00007502 
0.00007501 
0.00007502 
0.00007482 
0.00007496 
0.00007482 
0.00007502 
0.00007502 
0.00007482 
0.00007482 
0.00007515 
0.00007533 
0.00007520 
0.00007520 
0.00007518 
0.00007527 
0.00007543 
0.00007434 
0.00007433 
0.00007434 
0.00007460 
0.00007460 
0.00007362 
0.00007362 
0.00007391 
0.00007361 
0.00007413 
0.00007375 
0.00007423 
0.00007382 
0.00007421 
0.00007422 
0.00007411 
0.00007458 
0.00007412 
0.00007412 
0.00007420 
0.00007420 
0.00007420 
0.00007420 
0.00007464 
0.00007464 
0.00007464 
0.00007427 
0.00007427 
0.00007420 
0.00007419 
0.00007377 
0.00007375 
0.00007410 
0.00007381 
0.00007389 
0.00007426 
0.00007386 
0.00007432 
