3267.00000000 
35598.00000000 
4450.00000000 
5357.00000000 
4467.00000000 
6515.00000000 
10412.00000000 
1720.00000000 
7536.00000000 
680.00000000 
11507.00000000 
2654.00000000 
1770.00000000 
11304.00000000 
14299.00000000 
5016.00000000 
1580.00000000 
10270.00000000 
3979.00000000 
5470.00000000 
3185.00000000 
1144.00000000 
8944.00000000 
1641.00000000 
6149.00000000 
4846.00000000 
37346.00000000 
10443.00000000 
1557.00000000 
3628.00000000 
3807.00000000 
4955.00000000 
4845.00000000 
6414.00000000 
10152.00000000 
10661.00000000 
1218.00000000 
1499.00000000 
931.00000000 
3465.00000000 
2012.00000000 
16638.00000000 
18261.00000000 
7794.00000000 
6167.00000000 
15892.00000000 
10421.00000000 
8608.00000000 
942.00000000 
2823.00000000 
37106.00000000 
10231.00000000 
1531.00000000 
7296.00000000 
768.00000000 
3197.00000000 
5963.00000000 
15391.00000000 
3305.00000000 
319.00000000 
773.00000000 
640.00000000 
557.00000000 
632.00000000 
3543.00000000 
1440.00000000 
0.00000000 
166.00000000 
570.00000000 
463.00000000 
0.00000000 
4659.00000000 
4460.00000000 
1761.00000000 
330.00000000 
1221.00000000 
3892.00000000 
2103.00000000 
16833.00000000 
3926.00000000 
1133.00000000 
1251.00000000 
1102.00000000 
8670.00000000 
1030.00000000 
321.00000000 
1839.00000000 
3842.00000000 
707.00000000 
1453.00000000 
2263.00000000 
2962.00000000 
104254.00000000 
2620.00000000 
11422.00000000 
15224.00000000 
9344.00000000 
681.00000000 
4552.00000000 
3649.00000000 
2285.00000000 
4419.00000000 
4762.00000000 
3350.00000000 
9453.00000000 
5940.00000000 
1127.00000000 
10640.00000000 
13353.00000000 
8119.00000000 
11655.00000000 
6458.00000000 
22768.00000000 
10421.00000000 
5646.00000000 
48801.00000000 
54133.00000000 
45986.00000000 
32675.00000000 
135545.00000000 
26703.00000000 
25306.00000000 
7041.00000000 
9141.00000000 
2194.00000000 
9874.00000000 
1935.00000000 
3331.00000000 
1713.00000000 
1814.00000000 
577.00000000 
10247.00000000 
1022.00000000 
1725.00000000 
3921.00000000 
544.00000000 
388.00000000 
1039.00000000 
5098.00000000 
8009.00000000 
19016.00000000 
1358.00000000 
4726.00000000 
13782.00000000 
3492.00000000 
10361.00000000 
20650.00000000 
17320.00000000 
7002.00000000 
3658.00000000 
1460.00000000 
32777.00000000 
1948.00000000 
4682.00000000 
7741.00000000 
6004.00000000 
6251.00000000 
541.00000000 
1073.00000000 
300.00000000 
6965.00000000 
9420.00000000 
5244.00000000 
2284.00000000 
546.00000000 
1825.00000000 
7748.00000000 
3348.00000000 
10696.00000000 
2131.00000000 
12439.00000000 
95936.00000000 
397.00000000 
3354.00000000 
2099.00000000 
225.00000000 
1706.00000000 
1222.00000000 
902.00000000 
411.00000000 
3142.00000000 
8982.00000000 
54042.00000000 
244.00000000 
260.00000000 
0.00000000 
0.00000000 
868.00000000 
0.00000000 
86.00000000 
2462.00000000 
1760.00000000 
67.00000000 
2120.00000000 
631.00000000 
91.00000000 
739.00000000 
2258.00000000 
1362.00000000 
3027.00000000 
3418.00000000 
18854.00000000 
2928.00000000 
34000.00000000 
227.00000000 
2446.00000000 
2486.00000000 
35466.00000000 
3439.00000000 
2668.00000000 
8734.00000000 
6035.00000000 
1954.00000000 
3236.00000000 
635.00000000 
8354.00000000 
1028.00000000 
1375.00000000 
277.00000000 
4713.00000000 
1981.00000000 
4670.00000000 
12242.00000000 
318.00000000 
3469.00000000 
26825.00000000 
3312.00000000 
13316.00000000 
4262.00000000 
9076.00000000 
8216.00000000 
3422.00000000 
4699.00000000 
1472.00000000 
3866.00000000 
838.00000000 
4406.00000000 
5886.00000000 
2868.00000000 
1155.00000000 
9983.00000000 
84651.00000000 
3080.00000000 
2516.00000000 
2712.00000000 
7833.00000000 
2321.00000000 
1011.00000000 
686.00000000 
4241.00000000 
0.00000000 
608.00000000 
968.00000000 
0.00000000 
0.00000000 
3406.00000000 
0.00000000 
1826.00000000 
128.00000000 
9320.00000000 
3264.00000000 
27.00000000 
2941.00000000 
6016.00000000 
5351.00000000 
7126.00000000 
451.00000000 
3074.00000000 
327.00000000 
3078.00000000 
7600.00000000 
1134.00000000 
11423.00000000 
3353.00000000 
5098.00000000 
5802.00000000 
0.00000000 
1066.00000000 
2459.00000000 
3416.00000000 
11811.00000000 
4831.00000000 
5855.00000000 
2070.00000000 
200.00000000 
19911.00000000 
9220.00000000 
350.00000000 
2508.00000000 
19574.00000000 
17659.00000000 
4901.00000000 
0.00000000 
4200.00000000 
5475.00000000 
7858.00000000 
3970.00000000 
4302.00000000 
651.00000000 
2447.00000000 
4640.00000000 
3038.00000000 
10685.00000000 
19134.00000000 
2360.00000000 
7600.00000000 
9324.00000000 
196.00000000 
199.00000000 
4201.00000000 
2388.00000000 
3072.00000000 
4157.00000000 
2732.00000000 
527.00000000 
8418.00000000 
3296.00000000 
11710.00000000 
4100.00000000 
5609.00000000 
18041.00000000 
917.00000000 
2744.00000000 
18648.00000000 
10363.00000000 
5973.00000000 
7338.00000000 
18512.00000000 
11572.00000000 
46150.00000000 
12744.00000000 
341.00000000 
5998.00000000 
4071.00000000 
4615.00000000 
2766.00000000 
9428.00000000 
4672.00000000 
68702.00000000 
8389.00000000 
3086.00000000 
4269.00000000 
25585.00000000 
9120.00000000 
758.00000000 
984.00000000 
3428.00000000 
3325.00000000 
1000.00000000 
4458.00000000 
8934.00000000 
992.00000000 
18967.00000000 
1907.00000000 
2311.00000000 
111.00000000 
11369.00000000 
8417.00000000 
1165.00000000 
26397.00000000 
6668.00000000 
13850.00000000 
3632.00000000 
48065.00000000 
8911.00000000 
26139.00000000 
27467.00000000 
11725.00000000 
7696.00000000 
5124.00000000 
7631.00000000 
12357.00000000 
615.00000000 
3058.00000000 
13513.00000000 
2945.00000000 
232.00000000 
3777.00000000 
543.00000000 
2330.00000000 
1360.00000000 
4122.00000000 
1921.00000000 
3915.00000000 
15961.00000000 
2367.00000000 
2135.00000000 
2667.00000000 
635.00000000 
1837.00000000 
37725.00000000 
8006.00000000 
4158.00000000 
22340.00000000 
10259.00000000 
9313.00000000 
864.00000000 
1139.00000000 
3758.00000000 
4071.00000000 
1035.00000000 
5895.00000000 
5583.00000000 
1.00000000 
2280.00000000 
1367.00000000 
1400.00000000 
1975.00000000 
250.00000000 
207.00000000 
635.00000000 
2517.00000000 
0.00000000 
479.00000000 
245.00000000 
219.00000000 
226.00000000 
46.00000000 
10294.00000000 
183.00000000 
637.00000000 
3672.00000000 
11983.00000000 
3415.00000000 
1654.00000000 
17054.00000000 
8253.00000000 
718.00000000 
12472.00000000 
3045.00000000 
802.00000000 
4013.00000000 
11531.00000000 
4098.00000000 
2469.00000000 
741.00000000 
888.00000000 
2979.00000000 
541.00000000 
39086.00000000 
1294.00000000 
2100.00000000 
4580.00000000 
1284.00000000 
20627.00000000 
701.00000000 
924.00000000 
0.00000000 
730.00000000 
4500.00000000 
4524.00000000 
16134.00000000 
11988.00000000 
85664.00000000 
929.00000000 
82.00000000 
4596.00000000 
683.00000000 
7326.00000000 
9720.00000000 
320.00000000 
629.00000000 
0.00000000 
291.00000000 
0.00000000 
288.00000000 
1404.00000000 
1732.00000000 
1515.00000000 
508.00000000 
11.00000000 
511.00000000 
12292.00000000 
3105.00000000 
1875.00000000 
867.00000000 
1222.00000000 
332.00000000 
4147.00000000 
447.00000000 
3267.00000000 
35598.00000000 
4450.00000000 
5357.00000000 
4467.00000000 
6515.00000000 
10412.00000000 
1720.00000000 
7536.00000000 
680.00000000 
11507.00000000 
2654.00000000 
1770.00000000 
11304.00000000 
14299.00000000 
5016.00000000 
1580.00000000 
10270.00000000 
3979.00000000 
5470.00000000 
3185.00000000 
1144.00000000 
8944.00000000 
1641.00000000 
6149.00000000 
4846.00000000 
37346.00000000 
10443.00000000 
1557.00000000 
3628.00000000 
3807.00000000 
4955.00000000 
4845.00000000 
6414.00000000 
10152.00000000 
10661.00000000 
1218.00000000 
1499.00000000 
931.00000000 
3465.00000000 
2012.00000000 
16638.00000000 
18261.00000000 
7794.00000000 
6167.00000000 
15892.00000000 
10421.00000000 
8608.00000000 
942.00000000 
2823.00000000 
37106.00000000 
10231.00000000 
1531.00000000 
7296.00000000 
768.00000000 
3197.00000000 
5963.00000000 
15391.00000000 
3305.00000000 
319.00000000 
773.00000000 
640.00000000 
557.00000000 
632.00000000 
3543.00000000 
1440.00000000 
0.00000000 
166.00000000 
570.00000000 
463.00000000 
0.00000000 
4659.00000000 
4460.00000000 
1761.00000000 
330.00000000 
1221.00000000 
3892.00000000 
2103.00000000 
16833.00000000 
3926.00000000 
1133.00000000 
1251.00000000 
1102.00000000 
8670.00000000 
1030.00000000 
321.00000000 
1839.00000000 
3842.00000000 
707.00000000 
1453.00000000 
2263.00000000 
2962.00000000 
104254.00000000 
2620.00000000 
11422.00000000 
15224.00000000 
9344.00000000 
681.00000000 
4552.00000000 
3649.00000000 
2285.00000000 
4419.00000000 
4762.00000000 
3350.00000000 
9453.00000000 
5940.00000000 
1127.00000000 
10640.00000000 
13353.00000000 
8119.00000000 
11655.00000000 
6458.00000000 
22768.00000000 
10421.00000000 
5646.00000000 
48801.00000000 
54133.00000000 
45986.00000000 
32675.00000000 
135545.00000000 
26703.00000000 
25306.00000000 
7041.00000000 
9141.00000000 
2194.00000000 
9874.00000000 
1935.00000000 
3331.00000000 
1713.00000000 
1814.00000000 
577.00000000 
10247.00000000 
1022.00000000 
1725.00000000 
3921.00000000 
544.00000000 
388.00000000 
1039.00000000 
5098.00000000 
8009.00000000 
19016.00000000 
1358.00000000 
4726.00000000 
13782.00000000 
3492.00000000 
10361.00000000 
20650.00000000 
17320.00000000 
7002.00000000 
3658.00000000 
1460.00000000 
32777.00000000 
1948.00000000 
4682.00000000 
7741.00000000 
6004.00000000 
6251.00000000 
541.00000000 
1073.00000000 
300.00000000 
6965.00000000 
9420.00000000 
5244.00000000 
2284.00000000 
546.00000000 
1825.00000000 
7748.00000000 
3348.00000000 
10696.00000000 
2131.00000000 
12439.00000000 
95936.00000000 
397.00000000 
3354.00000000 
2099.00000000 
225.00000000 
1706.00000000 
1222.00000000 
902.00000000 
411.00000000 
3142.00000000 
8982.00000000 
54042.00000000 
244.00000000 
260.00000000 
0.00000000 
0.00000000 
868.00000000 
0.00000000 
86.00000000 
2462.00000000 
1760.00000000 
67.00000000 
2120.00000000 
631.00000000 
91.00000000 
739.00000000 
2258.00000000 
1362.00000000 
3027.00000000 
3418.00000000 
18854.00000000 
2928.00000000 
34000.00000000 
227.00000000 
2446.00000000 
2486.00000000 
35466.00000000 
3439.00000000 
2668.00000000 
8734.00000000 
6035.00000000 
1954.00000000 
3236.00000000 
635.00000000 
8354.00000000 
1028.00000000 
1375.00000000 
277.00000000 
4713.00000000 
1981.00000000 
4670.00000000 
12242.00000000 
318.00000000 
3469.00000000 
26825.00000000 
3312.00000000 
13316.00000000 
4262.00000000 
9076.00000000 
8216.00000000 
3422.00000000 
4699.00000000 
1472.00000000 
3866.00000000 
838.00000000 
4406.00000000 
5886.00000000 
2868.00000000 
1155.00000000 
9983.00000000 
84651.00000000 
3080.00000000 
2516.00000000 
2712.00000000 
7833.00000000 
2321.00000000 
1011.00000000 
686.00000000 
4241.00000000 
0.00000000 
608.00000000 
968.00000000 
0.00000000 
0.00000000 
3406.00000000 
0.00000000 
1826.00000000 
128.00000000 
9320.00000000 
3264.00000000 
27.00000000 
2941.00000000 
6016.00000000 
5351.00000000 
7126.00000000 
451.00000000 
3074.00000000 
327.00000000 
3078.00000000 
7600.00000000 
1134.00000000 
11423.00000000 
3353.00000000 
5098.00000000 
5802.00000000 
0.00000000 
1066.00000000 
2459.00000000 
3416.00000000 
11811.00000000 
4831.00000000 
5855.00000000 
2070.00000000 
200.00000000 
19911.00000000 
9220.00000000 
350.00000000 
2508.00000000 
19574.00000000 
17659.00000000 
4901.00000000 
0.00000000 
4200.00000000 
5475.00000000 
7858.00000000 
3970.00000000 
4302.00000000 
651.00000000 
2447.00000000 
4640.00000000 
3038.00000000 
10685.00000000 
19134.00000000 
2360.00000000 
7600.00000000 
9324.00000000 
196.00000000 
199.00000000 
4201.00000000 
2388.00000000 
3072.00000000 
4157.00000000 
2732.00000000 
527.00000000 
8418.00000000 
3296.00000000 
11710.00000000 
4100.00000000 
5609.00000000 
18041.00000000 
917.00000000 
2744.00000000 
18648.00000000 
10363.00000000 
5973.00000000 
7338.00000000 
18512.00000000 
11572.00000000 
46150.00000000 
12744.00000000 
341.00000000 
5998.00000000 
4071.00000000 
4615.00000000 
2766.00000000 
9428.00000000 
4672.00000000 
68702.00000000 
8389.00000000 
3086.00000000 
4269.00000000 
25585.00000000 
9120.00000000 
758.00000000 
984.00000000 
3428.00000000 
3325.00000000 
1000.00000000 
4458.00000000 
8934.00000000 
992.00000000 
18967.00000000 
1907.00000000 
2311.00000000 
111.00000000 
11369.00000000 
8417.00000000 
1165.00000000 
26397.00000000 
6668.00000000 
13850.00000000 
3632.00000000 
48065.00000000 
8911.00000000 
26139.00000000 
27467.00000000 
11725.00000000 
7696.00000000 
5124.00000000 
7631.00000000 
12357.00000000 
615.00000000 
3058.00000000 
13513.00000000 
2945.00000000 
232.00000000 
3777.00000000 
543.00000000 
2330.00000000 
1360.00000000 
4122.00000000 
1921.00000000 
3915.00000000 
15961.00000000 
2367.00000000 
2135.00000000 
2667.00000000 
635.00000000 
1837.00000000 
37725.00000000 
8006.00000000 
4158.00000000 
22340.00000000 
10259.00000000 
9313.00000000 
864.00000000 
1139.00000000 
3758.00000000 
4071.00000000 
1035.00000000 
5895.00000000 
5583.00000000 
1.00000000 
2280.00000000 
1367.00000000 
1400.00000000 
1975.00000000 
250.00000000 
207.00000000 
635.00000000 
2517.00000000 
0.00000000 
479.00000000 
245.00000000 
219.00000000 
226.00000000 
46.00000000 
10294.00000000 
183.00000000 
637.00000000 
3672.00000000 
11983.00000000 
3415.00000000 
1654.00000000 
17054.00000000 
8253.00000000 
718.00000000 
12472.00000000 
3045.00000000 
802.00000000 
4013.00000000 
11531.00000000 
4098.00000000 
2469.00000000 
741.00000000 
888.00000000 
2979.00000000 
541.00000000 
39086.00000000 
1294.00000000 
2100.00000000 
4580.00000000 
1284.00000000 
20627.00000000 
701.00000000 
924.00000000 
0.00000000 
730.00000000 
4500.00000000 
4524.00000000 
16134.00000000 
11988.00000000 
85664.00000000 
929.00000000 
82.00000000 
4596.00000000 
683.00000000 
7326.00000000 
9720.00000000 
320.00000000 
629.00000000 
0.00000000 
291.00000000 
0.00000000 
288.00000000 
1404.00000000 
1732.00000000 
1515.00000000 
508.00000000 
11.00000000 
511.00000000 
12292.00000000 
3105.00000000 
1875.00000000 
867.00000000 
1222.00000000 
332.00000000 
4147.00000000 
447.00000000 
3267.00000000 
35598.00000000 
4450.00000000 
5357.00000000 
4467.00000000 
6515.00000000 
10412.00000000 
1720.00000000 
7536.00000000 
680.00000000 
11507.00000000 
2654.00000000 
1770.00000000 
11304.00000000 
14299.00000000 
5016.00000000 
1580.00000000 
10270.00000000 
3979.00000000 
5470.00000000 
3185.00000000 
1144.00000000 
8944.00000000 
1641.00000000 
6149.00000000 
4846.00000000 
37346.00000000 
10443.00000000 
1557.00000000 
3628.00000000 
3807.00000000 
4955.00000000 
4845.00000000 
6414.00000000 
10152.00000000 
10661.00000000 
1218.00000000 
1499.00000000 
931.00000000 
3465.00000000 
2012.00000000 
16638.00000000 
18261.00000000 
7794.00000000 
6167.00000000 
15892.00000000 
10421.00000000 
8608.00000000 
942.00000000 
2823.00000000 
37106.00000000 
10231.00000000 
1531.00000000 
7296.00000000 
768.00000000 
3197.00000000 
5963.00000000 
15391.00000000 
3305.00000000 
319.00000000 
773.00000000 
640.00000000 
557.00000000 
632.00000000 
3543.00000000 
1440.00000000 
0.00000000 
166.00000000 
570.00000000 
463.00000000 
0.00000000 
4659.00000000 
4460.00000000 
1761.00000000 
330.00000000 
1221.00000000 
3892.00000000 
2103.00000000 
16833.00000000 
3926.00000000 
1133.00000000 
1251.00000000 
1102.00000000 
8670.00000000 
1030.00000000 
321.00000000 
1839.00000000 
3842.00000000 
707.00000000 
1453.00000000 
2263.00000000 
2962.00000000 
104254.00000000 
2620.00000000 
11422.00000000 
15224.00000000 
9344.00000000 
681.00000000 
4552.00000000 
3649.00000000 
2285.00000000 
4419.00000000 
4762.00000000 
3350.00000000 
9453.00000000 
5940.00000000 
1127.00000000 
10640.00000000 
13353.00000000 
8119.00000000 
11655.00000000 
6458.00000000 
22768.00000000 
10421.00000000 
5646.00000000 
48801.00000000 
54133.00000000 
45986.00000000 
32675.00000000 
135545.00000000 
26703.00000000 
25306.00000000 
7041.00000000 
9141.00000000 
2194.00000000 
9874.00000000 
1935.00000000 
3331.00000000 
1713.00000000 
1814.00000000 
577.00000000 
10247.00000000 
1022.00000000 
1725.00000000 
3921.00000000 
544.00000000 
388.00000000 
1039.00000000 
5098.00000000 
8009.00000000 
19016.00000000 
1358.00000000 
4726.00000000 
13782.00000000 
3492.00000000 
10361.00000000 
20650.00000000 
17320.00000000 
7002.00000000 
3658.00000000 
1460.00000000 
32777.00000000 
1948.00000000 
4682.00000000 
7741.00000000 
6004.00000000 
6251.00000000 
541.00000000 
1073.00000000 
300.00000000 
6965.00000000 
9420.00000000 
5244.00000000 
2284.00000000 
546.00000000 
1825.00000000 
7748.00000000 
3348.00000000 
10696.00000000 
2131.00000000 
12439.00000000 
95936.00000000 
397.00000000 
3354.00000000 
2099.00000000 
225.00000000 
1706.00000000 
1222.00000000 
902.00000000 
411.00000000 
3142.00000000 
8982.00000000 
54042.00000000 
244.00000000 
260.00000000 
0.00000000 
0.00000000 
868.00000000 
0.00000000 
86.00000000 
2462.00000000 
1760.00000000 
67.00000000 
2120.00000000 
631.00000000 
91.00000000 
739.00000000 
2258.00000000 
1362.00000000 
3027.00000000 
3418.00000000 
18854.00000000 
2928.00000000 
34000.00000000 
227.00000000 
2446.00000000 
2486.00000000 
35466.00000000 
3439.00000000 
2668.00000000 
8734.00000000 
6035.00000000 
1954.00000000 
3236.00000000 
635.00000000 
8354.00000000 
1028.00000000 
1375.00000000 
277.00000000 
4713.00000000 
1981.00000000 
4670.00000000 
12242.00000000 
318.00000000 
3469.00000000 
26825.00000000 
3312.00000000 
13316.00000000 
4262.00000000 
9076.00000000 
8216.00000000 
3422.00000000 
4699.00000000 
1472.00000000 
3866.00000000 
838.00000000 
4406.00000000 
5886.00000000 
2868.00000000 
1155.00000000 
9983.00000000 
84651.00000000 
3080.00000000 
2516.00000000 
2712.00000000 
7833.00000000 
2321.00000000 
1011.00000000 
686.00000000 
4241.00000000 
0.00000000 
608.00000000 
968.00000000 
0.00000000 
0.00000000 
3406.00000000 
0.00000000 
1826.00000000 
128.00000000 
9320.00000000 
3264.00000000 
27.00000000 
2941.00000000 
6016.00000000 
5351.00000000 
7126.00000000 
451.00000000 
3074.00000000 
327.00000000 
3078.00000000 
7600.00000000 
1134.00000000 
11423.00000000 
3353.00000000 
5098.00000000 
5802.00000000 
0.00000000 
1066.00000000 
2459.00000000 
3416.00000000 
11811.00000000 
4831.00000000 
5855.00000000 
2070.00000000 
200.00000000 
19911.00000000 
9220.00000000 
350.00000000 
2508.00000000 
19574.00000000 
17659.00000000 
4901.00000000 
0.00000000 
4200.00000000 
5475.00000000 
7858.00000000 
3970.00000000 
4302.00000000 
651.00000000 
2447.00000000 
4640.00000000 
3038.00000000 
10685.00000000 
19134.00000000 
2360.00000000 
7600.00000000 
9324.00000000 
196.00000000 
199.00000000 
4201.00000000 
2388.00000000 
3072.00000000 
4157.00000000 
2732.00000000 
527.00000000 
8418.00000000 
3296.00000000 
11710.00000000 
4100.00000000 
5609.00000000 
18041.00000000 
917.00000000 
2744.00000000 
18648.00000000 
10363.00000000 
5973.00000000 
7338.00000000 
18512.00000000 
11572.00000000 
46150.00000000 
12744.00000000 
341.00000000 
5998.00000000 
4071.00000000 
4615.00000000 
2766.00000000 
9428.00000000 
4672.00000000 
68702.00000000 
8389.00000000 
3086.00000000 
4269.00000000 
25585.00000000 
9120.00000000 
758.00000000 
984.00000000 
3428.00000000 
3325.00000000 
1000.00000000 
4458.00000000 
8934.00000000 
992.00000000 
18967.00000000 
1907.00000000 
2311.00000000 
111.00000000 
11369.00000000 
8417.00000000 
1165.00000000 
26397.00000000 
6668.00000000 
13850.00000000 
3632.00000000 
48065.00000000 
8911.00000000 
26139.00000000 
27467.00000000 
11725.00000000 
7696.00000000 
5124.00000000 
7631.00000000 
12357.00000000 
615.00000000 
3058.00000000 
13513.00000000 
2945.00000000 
232.00000000 
3777.00000000 
543.00000000 
2330.00000000 
1360.00000000 
4122.00000000 
1921.00000000 
3915.00000000 
15961.00000000 
2367.00000000 
2135.00000000 
2667.00000000 
635.00000000 
1837.00000000 
37725.00000000 
8006.00000000 
4158.00000000 
22340.00000000 
10259.00000000 
9313.00000000 
864.00000000 
1139.00000000 
3758.00000000 
4071.00000000 
1035.00000000 
5895.00000000 
5583.00000000 
1.00000000 
2280.00000000 
1367.00000000 
1400.00000000 
1975.00000000 
250.00000000 
207.00000000 
635.00000000 
2517.00000000 
0.00000000 
479.00000000 
245.00000000 
219.00000000 
226.00000000 
46.00000000 
10294.00000000 
183.00000000 
637.00000000 
3672.00000000 
11983.00000000 
3415.00000000 
1654.00000000 
17054.00000000 
8253.00000000 
718.00000000 
12472.00000000 
3045.00000000 
802.00000000 
4013.00000000 
11531.00000000 
4098.00000000 
2469.00000000 
741.00000000 
888.00000000 
2979.00000000 
541.00000000 
39086.00000000 
1294.00000000 
2100.00000000 
4580.00000000 
1284.00000000 
20627.00000000 
701.00000000 
924.00000000 
0.00000000 
730.00000000 
4500.00000000 
4524.00000000 
16134.00000000 
11988.00000000 
85664.00000000 
929.00000000 
82.00000000 
4596.00000000 
683.00000000 
7326.00000000 
9720.00000000 
320.00000000 
629.00000000 
0.00000000 
291.00000000 
0.00000000 
288.00000000 
1404.00000000 
1732.00000000 
1515.00000000 
508.00000000 
11.00000000 
511.00000000 
12292.00000000 
3105.00000000 
1875.00000000 
867.00000000 
1222.00000000 
332.00000000 
4147.00000000 
447.00000000 
