0.00004905 
0.00004914 
0.00004893 
0.00004903 
0.00004903 
0.00004899 
0.00004884 
0.00004870 
0.00004849 
0.00004846 
0.00004802 
0.00004790 
0.00004832 
0.00004809 
0.00004812 
0.00004798 
0.00004798 
0.00004831 
0.00004853 
0.00004873 
0.00004862 
0.00004862 
0.00004825 
0.00004806 
0.00004815 
0.00004843 
0.00004832 
0.00004805 
0.00004813 
0.00004801 
0.00004835 
0.00004831 
0.00004840 
0.00004798 
0.00004823 
0.00004807 
0.00004801 
0.00004793 
0.00004757 
0.00004790 
0.00004764 
0.00004747 
0.00004671 
0.00004638 
0.00004610 
0.00004609 
0.00004640 
0.00004623 
0.00004593 
0.00004584 
0.00004624 
0.00004654 
0.00004642 
0.00004629 
0.00004633 
0.00004613 
0.00004584 
0.00004569 
0.00004531 
0.00004561 
0.00004538 
0.00004534 
0.00004525 
0.00004542 
0.00004526 
0.00004538 
0.00004518 
0.00004538 
0.00004537 
0.00004533 
0.00004499 
0.00004522 
0.00004536 
0.00004513 
0.00004513 
0.00004510 
0.00004462 
0.00004449 
0.00004465 
0.00004479 
0.00004500 
0.00004518 
0.00004510 
0.00004476 
0.00004453 
0.00004454 
0.00004466 
0.00004507 
0.00004507 
0.00004503 
0.00004513 
0.00004514 
0.00004532 
0.00004502 
0.00004537 
0.00004426 
0.00004420 
0.00004426 
0.00004421 
0.00004452 
0.00004435 
0.00004436 
0.00004435 
0.00004430 
0.00004457 
0.00004465 
0.00004466 
0.00004497 
0.00004513 
0.00004607 
0.00004639 
0.00004680 
0.00004689 
0.00004764 
0.00004748 
0.00004835 
0.00004800 
0.00004739 
0.00004638 
0.00004630 
0.00004465 
0.00004393 
0.00004388 
0.00004373 
0.00004350 
0.00004357 
0.00004314 
0.00004360 
0.00004314 
0.00004313 
0.00004350 
0.00004332 
0.00004361 
0.00004346 
0.00004318 
0.00004328 
0.00004334 
0.00004366 
0.00004328 
0.00004345 
0.00004291 
0.00004322 
0.00004354 
0.00004342 
0.00004356 
0.00004356 
0.00004301 
0.00004296 
0.00004245 
0.00004259 
0.00004242 
0.00004365 
0.00004346 
0.00004339 
0.00004342 
0.00004310 
0.00004241 
0.00004244 
0.00004275 
0.00004266 
0.00004299 
0.00004300 
0.00004285 
0.00004282 
0.00004306 
0.00004306 
0.00004291 
0.00004311 
0.00004308 
0.00004307 
0.00004348 
0.00004178 
0.00004178 
0.00004177 
0.00004179 
0.00004179 
0.00004165 
0.00004166 
0.00004160 
0.00004172 
0.00004156 
0.00004150 
0.00004097 
0.00004093 
0.00004101 
0.00004078 
0.00004078 
0.00004075 
0.00004105 
0.00004105 
0.00004077 
0.00004075 
0.00004055 
0.00004067 
0.00004077 
0.00004072 
0.00004068 
0.00004086 
0.00004067 
0.00004090 
0.00004060 
0.00004077 
0.00004050 
0.00004050 
0.00004069 
0.00004056 
0.00004050 
0.00004050 
0.00004052 
0.00004053 
0.00004060 
0.00004060 
0.00004053 
0.00004074 
0.00004074 
0.00004053 
0.00004053 
0.00004074 
0.00004074 
0.00004050 
0.00004050 
0.00004050 
0.00004050 
0.00004055 
0.00004060 
0.00004050 
0.00004051 
0.00004050 
0.00004064 
0.00004054 
0.00004069 
0.00004056 
0.00004055 
0.00004075 
0.00004084 
0.00004093 
0.00004100 
0.00004093 
0.00004093 
0.00004065 
0.00004065 
0.00003990 
0.00003978 
0.00003956 
0.00003950 
0.00003905 
0.00003918 
0.00003915 
0.00003924 
0.00003913 
0.00003889 
0.00003889 
0.00003913 
0.00003920 
0.00003920 
0.00003920 
0.00003925 
0.00003915 
0.00003917 
0.00003934 
0.00003890 
0.00003869 
0.00003877 
0.00003873 
0.00003891 
0.00003880 
0.00003849 
0.00003935 
0.00003899 
0.00003899 
0.00003869 
0.00003878 
0.00003844 
0.00003859 
0.00003845 
0.00003876 
0.00003899 
0.00003899 
0.00003896 
0.00003893 
0.00003900 
0.00003931 
0.00003933 
0.00003934 
0.00003933 
0.00003932 
0.00003951 
0.00003950 
0.00003931 
0.00003934 
0.00003903 
0.00003949 
0.00003936 
0.00003920 
0.00003900 
0.00003902 
0.00003898 
0.00003899 
0.00003898 
0.00003903 
0.00003889 
0.00003825 
0.00003797 
0.00003850 
0.00003866 
0.00003892 
0.00003951 
0.00003923 
0.00003939 
0.00003965 
0.00003980 
0.00004000 
0.00004014 
0.00004024 
0.00004040 
0.00004024 
0.00004046 
0.00003953 
0.00003968 
0.00003960 
0.00003944 
0.00003967 
0.00003938 
0.00003913 
0.00003890 
0.00003891 
0.00003958 
0.00003956 
0.00003852 
0.00003910 
0.00003920 
0.00003922 
0.00003950 
0.00003962 
0.00003969 
0.00003968 
0.00003980 
0.00003956 
0.00004049 
0.00004048 
0.00004067 
0.00004072 
0.00004098 
0.00004100 
0.00004100 
0.00004119 
0.00004126 
0.00004129 
0.00004137 
0.00004102 
0.00004131 
0.00004119 
0.00004134 
0.00004115 
0.00004148 
0.00004149 
0.00004131 
0.00004156 
0.00004131 
0.00004158 
0.00004144 
0.00004143 
0.00004153 
0.00004178 
0.00004184 
0.00004174 
0.00004202 
0.00004248 
0.00004201 
0.00004200 
0.00004220 
0.00004213 
0.00004213 
0.00004229 
0.00004256 
0.00004242 
0.00004230 
0.00004289 
0.00004288 
0.00004282 
0.00004332 
0.00004334 
0.00004315 
0.00004282 
0.00004343 
0.00004358 
0.00004361 
0.00004361 
0.00004359 
0.00004371 
0.00004298 
0.00004304 
0.00004317 
0.00004366 
0.00004334 
0.00004344 
0.00004370 
0.00004368 
0.00004364 
0.00004354 
0.00004348 
0.00004356 
0.00004377 
0.00004394 
0.00004408 
0.00004420 
0.00004449 
0.00004421 
0.00004425 
0.00004408 
0.00004466 
0.00004442 
0.00004442 
0.00004400 
0.00004395 
0.00004423 
0.00004420 
0.00004395 
0.00004425 
0.00004424 
0.00004425 
0.00004429 
0.00004418 
0.00004422 
0.00004437 
0.00004360 
0.00004363 
0.00004374 
0.00004292 
0.00004272 
0.00004268 
0.00004269 
0.00004261 
0.00004273 
0.00004288 
0.00004285 
0.00004290 
0.00004300 
0.00004300 
0.00004301 
0.00004305 
0.00004303 
0.00004328 
0.00004301 
0.00004307 
0.00004305 
0.00004328 
0.00004300 
0.00004300 
0.00004300 
0.00004300 
0.00004300 
0.00004300 
0.00004358 
0.00004320 
0.00004342 
0.00004308 
0.00004341 
0.00004357 
0.00004401 
0.00004369 
0.00004375 
0.00004375 
0.00004387 
0.00004402 
0.00004389 
0.00004409 
0.00004397 
0.00004409 
0.00004427 
0.00004434 
0.00004419 
0.00004425 
0.00004461 
0.00004459 
0.00004437 
0.00004404 
0.00004414 
0.00004423 
0.00004460 
0.00004905 
0.00004914 
0.00004893 
0.00004903 
0.00004903 
0.00004899 
0.00004884 
0.00004870 
0.00004849 
0.00004846 
0.00004802 
0.00004790 
0.00004832 
0.00004809 
0.00004812 
0.00004798 
0.00004798 
0.00004831 
0.00004853 
0.00004873 
0.00004862 
0.00004862 
0.00004825 
0.00004806 
0.00004815 
0.00004843 
0.00004832 
0.00004805 
0.00004813 
0.00004801 
0.00004835 
0.00004831 
0.00004840 
0.00004798 
0.00004823 
0.00004807 
0.00004801 
0.00004793 
0.00004757 
0.00004790 
0.00004764 
0.00004747 
0.00004671 
0.00004638 
0.00004610 
0.00004609 
0.00004640 
0.00004623 
0.00004593 
0.00004584 
0.00004624 
0.00004654 
0.00004642 
0.00004629 
0.00004633 
0.00004613 
0.00004584 
0.00004569 
0.00004531 
0.00004561 
0.00004538 
0.00004534 
0.00004525 
0.00004542 
0.00004526 
0.00004538 
0.00004518 
0.00004538 
0.00004537 
0.00004533 
0.00004499 
0.00004522 
0.00004536 
0.00004513 
0.00004513 
0.00004510 
0.00004462 
0.00004449 
0.00004465 
0.00004479 
0.00004500 
0.00004518 
0.00004510 
0.00004476 
0.00004453 
0.00004454 
0.00004466 
0.00004507 
0.00004507 
0.00004503 
0.00004513 
0.00004514 
0.00004532 
0.00004502 
0.00004537 
0.00004426 
0.00004420 
0.00004426 
0.00004421 
0.00004452 
0.00004435 
0.00004436 
0.00004435 
0.00004430 
0.00004457 
0.00004465 
0.00004466 
0.00004497 
0.00004513 
0.00004607 
0.00004639 
0.00004680 
0.00004689 
0.00004764 
0.00004748 
0.00004835 
0.00004800 
0.00004739 
0.00004638 
0.00004630 
0.00004465 
0.00004393 
0.00004388 
0.00004373 
0.00004350 
0.00004357 
0.00004314 
0.00004360 
0.00004314 
0.00004313 
0.00004350 
0.00004332 
0.00004361 
0.00004346 
0.00004318 
0.00004328 
0.00004334 
0.00004366 
0.00004328 
0.00004345 
0.00004291 
0.00004322 
0.00004354 
0.00004342 
0.00004356 
0.00004356 
0.00004301 
0.00004296 
0.00004245 
0.00004259 
0.00004242 
0.00004365 
0.00004346 
0.00004339 
0.00004342 
0.00004310 
0.00004241 
0.00004244 
0.00004275 
0.00004266 
0.00004299 
0.00004300 
0.00004285 
0.00004282 
0.00004306 
0.00004306 
0.00004291 
0.00004311 
0.00004308 
0.00004307 
0.00004348 
0.00004178 
0.00004178 
0.00004177 
0.00004179 
0.00004179 
0.00004165 
0.00004166 
0.00004160 
0.00004172 
0.00004156 
0.00004150 
0.00004097 
0.00004093 
0.00004101 
0.00004078 
0.00004078 
0.00004075 
0.00004105 
0.00004105 
0.00004077 
0.00004075 
0.00004055 
0.00004067 
0.00004077 
0.00004072 
0.00004068 
0.00004086 
0.00004067 
0.00004090 
0.00004060 
0.00004077 
0.00004050 
0.00004050 
0.00004069 
0.00004056 
0.00004050 
0.00004050 
0.00004052 
0.00004053 
0.00004060 
0.00004060 
0.00004053 
0.00004074 
0.00004074 
0.00004053 
0.00004053 
0.00004074 
0.00004074 
0.00004050 
0.00004050 
0.00004050 
0.00004050 
0.00004055 
0.00004060 
0.00004050 
0.00004051 
0.00004050 
0.00004064 
0.00004054 
0.00004069 
0.00004056 
0.00004055 
0.00004075 
0.00004084 
0.00004093 
0.00004100 
0.00004093 
0.00004093 
0.00004065 
0.00004065 
0.00003990 
0.00003978 
0.00003956 
0.00003950 
0.00003905 
0.00003918 
0.00003915 
0.00003924 
0.00003913 
0.00003889 
0.00003889 
0.00003913 
0.00003920 
0.00003920 
0.00003920 
0.00003925 
0.00003915 
0.00003917 
0.00003934 
0.00003890 
0.00003869 
0.00003877 
0.00003873 
0.00003891 
0.00003880 
0.00003849 
0.00003935 
0.00003899 
0.00003899 
0.00003869 
0.00003878 
0.00003844 
0.00003859 
0.00003845 
0.00003876 
0.00003899 
0.00003899 
0.00003896 
0.00003893 
0.00003900 
0.00003931 
0.00003933 
0.00003934 
0.00003933 
0.00003932 
0.00003951 
0.00003950 
0.00003931 
0.00003934 
0.00003903 
0.00003949 
0.00003936 
0.00003920 
0.00003900 
0.00003902 
0.00003898 
0.00003899 
0.00003898 
0.00003903 
0.00003889 
0.00003825 
0.00003797 
0.00003850 
0.00003866 
0.00003892 
0.00003951 
0.00003923 
0.00003939 
0.00003965 
0.00003980 
0.00004000 
0.00004014 
0.00004024 
0.00004040 
0.00004024 
0.00004046 
0.00003953 
0.00003968 
0.00003960 
0.00003944 
0.00003967 
0.00003938 
0.00003913 
0.00003890 
0.00003891 
0.00003958 
0.00003956 
0.00003852 
0.00003910 
0.00003920 
0.00003922 
0.00003950 
0.00003962 
0.00003969 
0.00003968 
0.00003980 
0.00003956 
0.00004049 
0.00004048 
0.00004067 
0.00004072 
0.00004098 
0.00004100 
0.00004100 
0.00004119 
0.00004126 
0.00004129 
0.00004137 
0.00004102 
0.00004131 
0.00004119 
0.00004134 
0.00004115 
0.00004148 
0.00004149 
0.00004131 
0.00004156 
0.00004131 
0.00004158 
0.00004144 
0.00004143 
0.00004153 
0.00004178 
0.00004184 
0.00004174 
0.00004202 
0.00004248 
0.00004201 
0.00004200 
0.00004220 
0.00004213 
0.00004213 
0.00004229 
0.00004256 
0.00004242 
0.00004230 
0.00004289 
0.00004288 
0.00004282 
0.00004332 
0.00004334 
0.00004315 
0.00004282 
0.00004343 
0.00004358 
0.00004361 
0.00004361 
0.00004359 
0.00004371 
0.00004298 
0.00004304 
0.00004317 
0.00004366 
0.00004334 
0.00004344 
0.00004370 
0.00004368 
0.00004364 
0.00004354 
0.00004348 
0.00004356 
0.00004377 
0.00004394 
0.00004408 
0.00004420 
0.00004449 
0.00004421 
0.00004425 
0.00004408 
0.00004466 
0.00004442 
0.00004442 
0.00004400 
0.00004395 
0.00004423 
0.00004420 
0.00004395 
0.00004425 
0.00004424 
0.00004425 
0.00004429 
0.00004418 
0.00004422 
0.00004437 
0.00004360 
0.00004363 
0.00004374 
0.00004292 
0.00004272 
0.00004268 
0.00004269 
0.00004261 
0.00004273 
0.00004288 
0.00004285 
0.00004290 
0.00004300 
0.00004300 
0.00004301 
0.00004305 
0.00004303 
0.00004328 
0.00004301 
0.00004307 
0.00004305 
0.00004328 
0.00004300 
0.00004300 
0.00004300 
0.00004300 
0.00004300 
0.00004300 
0.00004358 
0.00004320 
0.00004342 
0.00004308 
0.00004341 
0.00004357 
0.00004401 
0.00004369 
0.00004375 
0.00004375 
0.00004387 
0.00004402 
0.00004389 
0.00004409 
0.00004397 
0.00004409 
0.00004427 
0.00004434 
0.00004419 
0.00004425 
0.00004461 
0.00004459 
0.00004437 
0.00004404 
0.00004414 
0.00004423 
0.00004460 
0.00004905 
0.00004914 
0.00004893 
0.00004903 
0.00004903 
0.00004899 
0.00004884 
0.00004870 
0.00004849 
0.00004846 
0.00004802 
0.00004790 
0.00004832 
0.00004809 
0.00004812 
0.00004798 
0.00004798 
0.00004831 
0.00004853 
0.00004873 
0.00004862 
0.00004862 
0.00004825 
0.00004806 
0.00004815 
0.00004843 
0.00004832 
0.00004805 
0.00004813 
0.00004801 
0.00004835 
0.00004831 
0.00004840 
0.00004798 
0.00004823 
0.00004807 
0.00004801 
0.00004793 
0.00004757 
0.00004790 
0.00004764 
0.00004747 
0.00004671 
0.00004638 
0.00004610 
0.00004609 
0.00004640 
0.00004623 
0.00004593 
0.00004584 
0.00004624 
0.00004654 
0.00004642 
0.00004629 
0.00004633 
0.00004613 
0.00004584 
0.00004569 
0.00004531 
0.00004561 
0.00004538 
0.00004534 
0.00004525 
0.00004542 
0.00004526 
0.00004538 
0.00004518 
0.00004538 
0.00004537 
0.00004533 
0.00004499 
0.00004522 
0.00004536 
0.00004513 
0.00004513 
0.00004510 
0.00004462 
0.00004449 
0.00004465 
0.00004479 
0.00004500 
0.00004518 
0.00004510 
0.00004476 
0.00004453 
0.00004454 
0.00004466 
0.00004507 
0.00004507 
0.00004503 
0.00004513 
0.00004514 
0.00004532 
0.00004502 
0.00004537 
0.00004426 
0.00004420 
0.00004426 
0.00004421 
0.00004452 
0.00004435 
0.00004436 
0.00004435 
0.00004430 
0.00004457 
0.00004465 
0.00004466 
0.00004497 
0.00004513 
0.00004607 
0.00004639 
0.00004680 
0.00004689 
0.00004764 
0.00004748 
0.00004835 
0.00004800 
0.00004739 
0.00004638 
0.00004630 
0.00004465 
0.00004393 
0.00004388 
0.00004373 
0.00004350 
0.00004357 
0.00004314 
0.00004360 
0.00004314 
0.00004313 
0.00004350 
0.00004332 
0.00004361 
0.00004346 
0.00004318 
0.00004328 
0.00004334 
0.00004366 
0.00004328 
0.00004345 
0.00004291 
0.00004322 
0.00004354 
0.00004342 
0.00004356 
0.00004356 
0.00004301 
0.00004296 
0.00004245 
0.00004259 
0.00004242 
0.00004365 
0.00004346 
0.00004339 
0.00004342 
0.00004310 
0.00004241 
0.00004244 
0.00004275 
0.00004266 
0.00004299 
0.00004300 
0.00004285 
0.00004282 
0.00004306 
0.00004306 
0.00004291 
0.00004311 
0.00004308 
0.00004307 
0.00004348 
0.00004178 
0.00004178 
0.00004177 
0.00004179 
0.00004179 
0.00004165 
0.00004166 
0.00004160 
0.00004172 
0.00004156 
0.00004150 
0.00004097 
0.00004093 
0.00004101 
0.00004078 
0.00004078 
0.00004075 
0.00004105 
0.00004105 
0.00004077 
0.00004075 
0.00004055 
0.00004067 
0.00004077 
0.00004072 
0.00004068 
0.00004086 
0.00004067 
0.00004090 
0.00004060 
0.00004077 
0.00004050 
0.00004050 
0.00004069 
0.00004056 
0.00004050 
0.00004050 
0.00004052 
0.00004053 
0.00004060 
0.00004060 
0.00004053 
0.00004074 
0.00004074 
0.00004053 
0.00004053 
0.00004074 
0.00004074 
0.00004050 
0.00004050 
0.00004050 
0.00004050 
0.00004055 
0.00004060 
0.00004050 
0.00004051 
0.00004050 
0.00004064 
0.00004054 
0.00004069 
0.00004056 
0.00004055 
0.00004075 
0.00004084 
0.00004093 
0.00004100 
0.00004093 
0.00004093 
0.00004065 
0.00004065 
0.00003990 
0.00003978 
0.00003956 
0.00003950 
0.00003905 
0.00003918 
0.00003915 
0.00003924 
0.00003913 
0.00003889 
0.00003889 
0.00003913 
0.00003920 
0.00003920 
0.00003920 
0.00003925 
0.00003915 
0.00003917 
0.00003934 
0.00003890 
0.00003869 
0.00003877 
0.00003873 
0.00003891 
0.00003880 
0.00003849 
0.00003935 
0.00003899 
0.00003899 
0.00003869 
0.00003878 
0.00003844 
0.00003859 
0.00003845 
0.00003876 
0.00003899 
0.00003899 
0.00003896 
0.00003893 
0.00003900 
0.00003931 
0.00003933 
0.00003934 
0.00003933 
0.00003932 
0.00003951 
0.00003950 
0.00003931 
0.00003934 
0.00003903 
0.00003949 
0.00003936 
0.00003920 
0.00003900 
0.00003902 
0.00003898 
0.00003899 
0.00003898 
0.00003903 
0.00003889 
0.00003825 
0.00003797 
0.00003850 
0.00003866 
0.00003892 
0.00003951 
0.00003923 
0.00003939 
0.00003965 
0.00003980 
0.00004000 
0.00004014 
0.00004024 
0.00004040 
0.00004024 
0.00004046 
0.00003953 
0.00003968 
0.00003960 
0.00003944 
0.00003967 
0.00003938 
0.00003913 
0.00003890 
0.00003891 
0.00003958 
0.00003956 
0.00003852 
0.00003910 
0.00003920 
0.00003922 
0.00003950 
0.00003962 
0.00003969 
0.00003968 
0.00003980 
0.00003956 
0.00004049 
0.00004048 
0.00004067 
0.00004072 
0.00004098 
0.00004100 
0.00004100 
0.00004119 
0.00004126 
0.00004129 
0.00004137 
0.00004102 
0.00004131 
0.00004119 
0.00004134 
0.00004115 
0.00004148 
0.00004149 
0.00004131 
0.00004156 
0.00004131 
0.00004158 
0.00004144 
0.00004143 
0.00004153 
0.00004178 
0.00004184 
0.00004174 
0.00004202 
0.00004248 
0.00004201 
0.00004200 
0.00004220 
0.00004213 
0.00004213 
0.00004229 
0.00004256 
0.00004242 
0.00004230 
0.00004289 
0.00004288 
0.00004282 
0.00004332 
0.00004334 
0.00004315 
0.00004282 
0.00004343 
0.00004358 
0.00004361 
0.00004361 
0.00004359 
0.00004371 
0.00004298 
0.00004304 
0.00004317 
0.00004366 
0.00004334 
0.00004344 
0.00004370 
0.00004368 
0.00004364 
0.00004354 
0.00004348 
0.00004356 
0.00004377 
0.00004394 
0.00004408 
0.00004420 
0.00004449 
0.00004421 
0.00004425 
0.00004408 
0.00004466 
0.00004442 
0.00004442 
0.00004400 
0.00004395 
0.00004423 
0.00004420 
0.00004395 
0.00004425 
0.00004424 
0.00004425 
0.00004429 
0.00004418 
0.00004422 
0.00004437 
0.00004360 
0.00004363 
0.00004374 
0.00004292 
0.00004272 
0.00004268 
0.00004269 
0.00004261 
0.00004273 
0.00004288 
0.00004285 
0.00004290 
0.00004300 
0.00004300 
0.00004301 
0.00004305 
0.00004303 
0.00004328 
0.00004301 
0.00004307 
0.00004305 
0.00004328 
0.00004300 
0.00004300 
0.00004300 
0.00004300 
0.00004300 
0.00004300 
0.00004358 
0.00004320 
0.00004342 
0.00004308 
0.00004341 
0.00004357 
0.00004401 
0.00004369 
0.00004375 
0.00004375 
0.00004387 
0.00004402 
0.00004389 
0.00004409 
0.00004397 
0.00004409 
0.00004427 
0.00004434 
0.00004419 
0.00004425 
0.00004461 
0.00004459 
0.00004437 
0.00004404 
0.00004414 
0.00004423 
0.00004460 
