0.00004917 
0.00004905 
0.00004911 
0.00004873 
0.00004903 
0.00004900 
0.00004898 
0.00004884 
0.00004870 
0.00004847 
0.00004821 
0.00004814 
0.00004795 
0.00004822 
0.00004809 
0.00004830 
0.00004830 
0.00004830 
0.00004831 
0.00004873 
0.00004875 
0.00004862 
0.00004862 
0.00004825 
0.00004825 
0.00004811 
0.00004817 
0.00004832 
0.00004805 
0.00004827 
0.00004792 
0.00004789 
0.00004831 
0.00004831 
0.00004798 
0.00004823 
0.00004801 
0.00004801 
0.00004774 
0.00004783 
0.00004790 
0.00004755 
0.00004744 
0.00004623 
0.00004639 
0.00004639 
0.00004609 
0.00004640 
0.00004623 
0.00004593 
0.00004584 
0.00004614 
0.00004647 
0.00004642 
0.00004624 
0.00004625 
0.00004636 
0.00004584 
0.00004569 
0.00004562 
0.00004520 
0.00004510 
0.00004535 
0.00004560 
0.00004542 
0.00004562 
0.00004518 
0.00004518 
0.00004538 
0.00004537 
0.00004499 
0.00004499 
0.00004534 
0.00004536 
0.00004513 
0.00004533 
0.00004484 
0.00004472 
0.00004433 
0.00004469 
0.00004481 
0.00004510 
0.00004516 
0.00004510 
0.00004476 
0.00004454 
0.00004452 
0.00004477 
0.00004507 
0.00004502 
0.00004506 
0.00004509 
0.00004513 
0.00004530 
0.00004500 
0.00004520 
0.00004393 
0.00004420 
0.00004420 
0.00004421 
0.00004435 
0.00004457 
0.00004455 
0.00004435 
0.00004430 
0.00004457 
0.00004466 
0.00004466 
0.00004484 
0.00004517 
0.00004611 
0.00004649 
0.00004680 
0.00004690 
0.00004764 
0.00004778 
0.00004804 
0.00004800 
0.00004710 
0.00004613 
0.00004630 
0.00004450 
0.00004393 
0.00004388 
0.00004373 
0.00004349 
0.00004315 
0.00004341 
0.00004314 
0.00004321 
0.00004315 
0.00004332 
0.00004322 
0.00004307 
0.00004362 
0.00004323 
0.00004334 
0.00004336 
0.00004328 
0.00004370 
0.00004313 
0.00004311 
0.00004322 
0.00004350 
0.00004360 
0.00004356 
0.00004376 
0.00004301 
0.00004280 
0.00004247 
0.00004275 
0.00004261 
0.00004379 
0.00004343 
0.00004339 
0.00004329 
0.00004301 
0.00004242 
0.00004244 
0.00004266 
0.00004275 
0.00004299 
0.00004273 
0.00004270 
0.00004306 
0.00004306 
0.00004291 
0.00004291 
0.00004311 
0.00004265 
0.00004304 
0.00004310 
0.00004178 
0.00004178 
0.00004179 
0.00004179 
0.00004155 
0.00004196 
0.00004201 
0.00004180 
0.00004172 
0.00004150 
0.00004150 
0.00004104 
0.00004081 
0.00004078 
0.00004078 
0.00004078 
0.00004105 
0.00004105 
0.00004102 
0.00004076 
0.00004055 
0.00004077 
0.00004077 
0.00004072 
0.00004086 
0.00004080 
0.00004074 
0.00004067 
0.00004058 
0.00004099 
0.00004050 
0.00004050 
0.00004051 
0.00004069 
0.00004050 
0.00004089 
0.00004050 
0.00004091 
0.00004059 
0.00004073 
0.00004071 
0.00004051 
0.00004074 
0.00004074 
0.00004053 
0.00004053 
0.00004053 
0.00004071 
0.00004050 
0.00004050 
0.00004050 
0.00004050 
0.00004070 
0.00004050 
0.00004050 
0.00004058 
0.00004050 
0.00004050 
0.00004054 
0.00004058 
0.00004055 
0.00004065 
0.00004112 
0.00004090 
0.00004115 
0.00004105 
0.00004093 
0.00004093 
0.00004065 
0.00004061 
0.00003985 
0.00003957 
0.00003949 
0.00003953 
0.00003917 
0.00003946 
0.00003923 
0.00003897 
0.00003889 
0.00003889 
0.00003888 
0.00003920 
0.00003920 
0.00003920 
0.00003925 
0.00003925 
0.00003917 
0.00003924 
0.00003938 
0.00003869 
0.00003869 
0.00003874 
0.00003873 
0.00003919 
0.00003887 
0.00003891 
0.00003898 
0.00003899 
0.00003899 
0.00003878 
0.00003867 
0.00003859 
0.00003877 
0.00003846 
0.00003899 
0.00003899 
0.00003881 
0.00003896 
0.00003893 
0.00003920 
0.00003931 
0.00003934 
0.00003933 
0.00003944 
0.00003947 
0.00003931 
0.00003954 
0.00003931 
0.00003932 
0.00003902 
0.00003936 
0.00003936 
0.00003900 
0.00003900 
0.00003920 
0.00003895 
0.00003898 
0.00003898 
0.00003895 
0.00003866 
0.00003811 
0.00003813 
0.00003857 
0.00003870 
0.00003901 
0.00003954 
0.00003923 
0.00003968 
0.00003971 
0.00003980 
0.00004001 
0.00004014 
0.00004024 
0.00004040 
0.00004042 
0.00004047 
0.00003939 
0.00003967 
0.00003922 
0.00003945 
0.00003942 
0.00003918 
0.00003912 
0.00003890 
0.00003916 
0.00003958 
0.00003900 
0.00003883 
0.00003910 
0.00003922 
0.00003923 
0.00003964 
0.00003962 
0.00003969 
0.00003969 
0.00003980 
0.00003961 
0.00004049 
0.00004083 
0.00004052 
0.00004072 
0.00004100 
0.00004114 
0.00004114 
0.00004119 
0.00004130 
0.00004137 
0.00004146 
0.00004102 
0.00004137 
0.00004119 
0.00004120 
0.00004115 
0.00004149 
0.00004145 
0.00004156 
0.00004155 
0.00004157 
0.00004158 
0.00004144 
0.00004161 
0.00004176 
0.00004178 
0.00004184 
0.00004174 
0.00004202 
0.00004226 
0.00004200 
0.00004201 
0.00004200 
0.00004213 
0.00004214 
0.00004261 
0.00004261 
0.00004230 
0.00004230 
0.00004288 
0.00004288 
0.00004283 
0.00004306 
0.00004316 
0.00004283 
0.00004282 
0.00004352 
0.00004343 
0.00004361 
0.00004338 
0.00004360 
0.00004358 
0.00004298 
0.00004304 
0.00004317 
0.00004361 
0.00004300 
0.00004370 
0.00004377 
0.00004321 
0.00004376 
0.00004323 
0.00004346 
0.00004360 
0.00004394 
0.00004394 
0.00004408 
0.00004423 
0.00004423 
0.00004425 
0.00004408 
0.00004408 
0.00004506 
0.00004442 
0.00004442 
0.00004394 
0.00004423 
0.00004423 
0.00004395 
0.00004396 
0.00004425 
0.00004424 
0.00004409 
0.00004517 
0.00004394 
0.00004394 
0.00004397 
0.00004317 
0.00004365 
0.00004378 
0.00004292 
0.00004266 
0.00004268 
0.00004269 
0.00004230 
0.00004277 
0.00004288 
0.00004299 
0.00004289 
0.00004299 
0.00004300 
0.00004301 
0.00004301 
0.00004301 
0.00004301 
0.00004301 
0.00004332 
0.00004301 
0.00004300 
0.00004300 
0.00004300 
0.00004300 
0.00004300 
0.00004300 
0.00004300 
0.00004349 
0.00004301 
0.00004342 
0.00004304 
0.00004347 
0.00004366 
0.00004402 
0.00004402 
0.00004375 
0.00004375 
0.00004402 
0.00004402 
0.00004412 
0.00004416 
0.00004398 
0.00004409 
0.00004446 
0.00004449 
0.00004433 
0.00004425 
0.00004462 
0.00004471 
0.00004397 
0.00004454 
0.00004379 
0.00004455 
0.00004917 
0.00004905 
0.00004911 
0.00004873 
0.00004903 
0.00004900 
0.00004898 
0.00004884 
0.00004870 
0.00004847 
0.00004821 
0.00004814 
0.00004795 
0.00004822 
0.00004809 
0.00004830 
0.00004830 
0.00004830 
0.00004831 
0.00004873 
0.00004875 
0.00004862 
0.00004862 
0.00004825 
0.00004825 
0.00004811 
0.00004817 
0.00004832 
0.00004805 
0.00004827 
0.00004792 
0.00004789 
0.00004831 
0.00004831 
0.00004798 
0.00004823 
0.00004801 
0.00004801 
0.00004774 
0.00004783 
0.00004790 
0.00004755 
0.00004744 
0.00004623 
0.00004639 
0.00004639 
0.00004609 
0.00004640 
0.00004623 
0.00004593 
0.00004584 
0.00004614 
0.00004647 
0.00004642 
0.00004624 
0.00004625 
0.00004636 
0.00004584 
0.00004569 
0.00004562 
0.00004520 
0.00004510 
0.00004535 
0.00004560 
0.00004542 
0.00004562 
0.00004518 
0.00004518 
0.00004538 
0.00004537 
0.00004499 
0.00004499 
0.00004534 
0.00004536 
0.00004513 
0.00004533 
0.00004484 
0.00004472 
0.00004433 
0.00004469 
0.00004481 
0.00004510 
0.00004516 
0.00004510 
0.00004476 
0.00004454 
0.00004452 
0.00004477 
0.00004507 
0.00004502 
0.00004506 
0.00004509 
0.00004513 
0.00004530 
0.00004500 
0.00004520 
0.00004393 
0.00004420 
0.00004420 
0.00004421 
0.00004435 
0.00004457 
0.00004455 
0.00004435 
0.00004430 
0.00004457 
0.00004466 
0.00004466 
0.00004484 
0.00004517 
0.00004611 
0.00004649 
0.00004680 
0.00004690 
0.00004764 
0.00004778 
0.00004804 
0.00004800 
0.00004710 
0.00004613 
0.00004630 
0.00004450 
0.00004393 
0.00004388 
0.00004373 
0.00004349 
0.00004315 
0.00004341 
0.00004314 
0.00004321 
0.00004315 
0.00004332 
0.00004322 
0.00004307 
0.00004362 
0.00004323 
0.00004334 
0.00004336 
0.00004328 
0.00004370 
0.00004313 
0.00004311 
0.00004322 
0.00004350 
0.00004360 
0.00004356 
0.00004376 
0.00004301 
0.00004280 
0.00004247 
0.00004275 
0.00004261 
0.00004379 
0.00004343 
0.00004339 
0.00004329 
0.00004301 
0.00004242 
0.00004244 
0.00004266 
0.00004275 
0.00004299 
0.00004273 
0.00004270 
0.00004306 
0.00004306 
0.00004291 
0.00004291 
0.00004311 
0.00004265 
0.00004304 
0.00004310 
0.00004178 
0.00004178 
0.00004179 
0.00004179 
0.00004155 
0.00004196 
0.00004201 
0.00004180 
0.00004172 
0.00004150 
0.00004150 
0.00004104 
0.00004081 
0.00004078 
0.00004078 
0.00004078 
0.00004105 
0.00004105 
0.00004102 
0.00004076 
0.00004055 
0.00004077 
0.00004077 
0.00004072 
0.00004086 
0.00004080 
0.00004074 
0.00004067 
0.00004058 
0.00004099 
0.00004050 
0.00004050 
0.00004051 
0.00004069 
0.00004050 
0.00004089 
0.00004050 
0.00004091 
0.00004059 
0.00004073 
0.00004071 
0.00004051 
0.00004074 
0.00004074 
0.00004053 
0.00004053 
0.00004053 
0.00004071 
0.00004050 
0.00004050 
0.00004050 
0.00004050 
0.00004070 
0.00004050 
0.00004050 
0.00004058 
0.00004050 
0.00004050 
0.00004054 
0.00004058 
0.00004055 
0.00004065 
0.00004112 
0.00004090 
0.00004115 
0.00004105 
0.00004093 
0.00004093 
0.00004065 
0.00004061 
0.00003985 
0.00003957 
0.00003949 
0.00003953 
0.00003917 
0.00003946 
0.00003923 
0.00003897 
0.00003889 
0.00003889 
0.00003888 
0.00003920 
0.00003920 
0.00003920 
0.00003925 
0.00003925 
0.00003917 
0.00003924 
0.00003938 
0.00003869 
0.00003869 
0.00003874 
0.00003873 
0.00003919 
0.00003887 
0.00003891 
0.00003898 
0.00003899 
0.00003899 
0.00003878 
0.00003867 
0.00003859 
0.00003877 
0.00003846 
0.00003899 
0.00003899 
0.00003881 
0.00003896 
0.00003893 
0.00003920 
0.00003931 
0.00003934 
0.00003933 
0.00003944 
0.00003947 
0.00003931 
0.00003954 
0.00003931 
0.00003932 
0.00003902 
0.00003936 
0.00003936 
0.00003900 
0.00003900 
0.00003920 
0.00003895 
0.00003898 
0.00003898 
0.00003895 
0.00003866 
0.00003811 
0.00003813 
0.00003857 
0.00003870 
0.00003901 
0.00003954 
0.00003923 
0.00003968 
0.00003971 
0.00003980 
0.00004001 
0.00004014 
0.00004024 
0.00004040 
0.00004042 
0.00004047 
0.00003939 
0.00003967 
0.00003922 
0.00003945 
0.00003942 
0.00003918 
0.00003912 
0.00003890 
0.00003916 
0.00003958 
0.00003900 
0.00003883 
0.00003910 
0.00003922 
0.00003923 
0.00003964 
0.00003962 
0.00003969 
0.00003969 
0.00003980 
0.00003961 
0.00004049 
0.00004083 
0.00004052 
0.00004072 
0.00004100 
0.00004114 
0.00004114 
0.00004119 
0.00004130 
0.00004137 
0.00004146 
0.00004102 
0.00004137 
0.00004119 
0.00004120 
0.00004115 
0.00004149 
0.00004145 
0.00004156 
0.00004155 
0.00004157 
0.00004158 
0.00004144 
0.00004161 
0.00004176 
0.00004178 
0.00004184 
0.00004174 
0.00004202 
0.00004226 
0.00004200 
0.00004201 
0.00004200 
0.00004213 
0.00004214 
0.00004261 
0.00004261 
0.00004230 
0.00004230 
0.00004288 
0.00004288 
0.00004283 
0.00004306 
0.00004316 
0.00004283 
0.00004282 
0.00004352 
0.00004343 
0.00004361 
0.00004338 
0.00004360 
0.00004358 
0.00004298 
0.00004304 
0.00004317 
0.00004361 
0.00004300 
0.00004370 
0.00004377 
0.00004321 
0.00004376 
0.00004323 
0.00004346 
0.00004360 
0.00004394 
0.00004394 
0.00004408 
0.00004423 
0.00004423 
0.00004425 
0.00004408 
0.00004408 
0.00004506 
0.00004442 
0.00004442 
0.00004394 
0.00004423 
0.00004423 
0.00004395 
0.00004396 
0.00004425 
0.00004424 
0.00004409 
0.00004517 
0.00004394 
0.00004394 
0.00004397 
0.00004317 
0.00004365 
0.00004378 
0.00004292 
0.00004266 
0.00004268 
0.00004269 
0.00004230 
0.00004277 
0.00004288 
0.00004299 
0.00004289 
0.00004299 
0.00004300 
0.00004301 
0.00004301 
0.00004301 
0.00004301 
0.00004301 
0.00004332 
0.00004301 
0.00004300 
0.00004300 
0.00004300 
0.00004300 
0.00004300 
0.00004300 
0.00004300 
0.00004349 
0.00004301 
0.00004342 
0.00004304 
0.00004347 
0.00004366 
0.00004402 
0.00004402 
0.00004375 
0.00004375 
0.00004402 
0.00004402 
0.00004412 
0.00004416 
0.00004398 
0.00004409 
0.00004446 
0.00004449 
0.00004433 
0.00004425 
0.00004462 
0.00004471 
0.00004397 
0.00004454 
0.00004379 
0.00004455 
0.00004917 
0.00004905 
0.00004911 
0.00004873 
0.00004903 
0.00004900 
0.00004898 
0.00004884 
0.00004870 
0.00004847 
0.00004821 
0.00004814 
0.00004795 
0.00004822 
0.00004809 
0.00004830 
0.00004830 
0.00004830 
0.00004831 
0.00004873 
0.00004875 
0.00004862 
0.00004862 
0.00004825 
0.00004825 
0.00004811 
0.00004817 
0.00004832 
0.00004805 
0.00004827 
0.00004792 
0.00004789 
0.00004831 
0.00004831 
0.00004798 
0.00004823 
0.00004801 
0.00004801 
0.00004774 
0.00004783 
0.00004790 
0.00004755 
0.00004744 
0.00004623 
0.00004639 
0.00004639 
0.00004609 
0.00004640 
0.00004623 
0.00004593 
0.00004584 
0.00004614 
0.00004647 
0.00004642 
0.00004624 
0.00004625 
0.00004636 
0.00004584 
0.00004569 
0.00004562 
0.00004520 
0.00004510 
0.00004535 
0.00004560 
0.00004542 
0.00004562 
0.00004518 
0.00004518 
0.00004538 
0.00004537 
0.00004499 
0.00004499 
0.00004534 
0.00004536 
0.00004513 
0.00004533 
0.00004484 
0.00004472 
0.00004433 
0.00004469 
0.00004481 
0.00004510 
0.00004516 
0.00004510 
0.00004476 
0.00004454 
0.00004452 
0.00004477 
0.00004507 
0.00004502 
0.00004506 
0.00004509 
0.00004513 
0.00004530 
0.00004500 
0.00004520 
0.00004393 
0.00004420 
0.00004420 
0.00004421 
0.00004435 
0.00004457 
0.00004455 
0.00004435 
0.00004430 
0.00004457 
0.00004466 
0.00004466 
0.00004484 
0.00004517 
0.00004611 
0.00004649 
0.00004680 
0.00004690 
0.00004764 
0.00004778 
0.00004804 
0.00004800 
0.00004710 
0.00004613 
0.00004630 
0.00004450 
0.00004393 
0.00004388 
0.00004373 
0.00004349 
0.00004315 
0.00004341 
0.00004314 
0.00004321 
0.00004315 
0.00004332 
0.00004322 
0.00004307 
0.00004362 
0.00004323 
0.00004334 
0.00004336 
0.00004328 
0.00004370 
0.00004313 
0.00004311 
0.00004322 
0.00004350 
0.00004360 
0.00004356 
0.00004376 
0.00004301 
0.00004280 
0.00004247 
0.00004275 
0.00004261 
0.00004379 
0.00004343 
0.00004339 
0.00004329 
0.00004301 
0.00004242 
0.00004244 
0.00004266 
0.00004275 
0.00004299 
0.00004273 
0.00004270 
0.00004306 
0.00004306 
0.00004291 
0.00004291 
0.00004311 
0.00004265 
0.00004304 
0.00004310 
0.00004178 
0.00004178 
0.00004179 
0.00004179 
0.00004155 
0.00004196 
0.00004201 
0.00004180 
0.00004172 
0.00004150 
0.00004150 
0.00004104 
0.00004081 
0.00004078 
0.00004078 
0.00004078 
0.00004105 
0.00004105 
0.00004102 
0.00004076 
0.00004055 
0.00004077 
0.00004077 
0.00004072 
0.00004086 
0.00004080 
0.00004074 
0.00004067 
0.00004058 
0.00004099 
0.00004050 
0.00004050 
0.00004051 
0.00004069 
0.00004050 
0.00004089 
0.00004050 
0.00004091 
0.00004059 
0.00004073 
0.00004071 
0.00004051 
0.00004074 
0.00004074 
0.00004053 
0.00004053 
0.00004053 
0.00004071 
0.00004050 
0.00004050 
0.00004050 
0.00004050 
0.00004070 
0.00004050 
0.00004050 
0.00004058 
0.00004050 
0.00004050 
0.00004054 
0.00004058 
0.00004055 
0.00004065 
0.00004112 
0.00004090 
0.00004115 
0.00004105 
0.00004093 
0.00004093 
0.00004065 
0.00004061 
0.00003985 
0.00003957 
0.00003949 
0.00003953 
0.00003917 
0.00003946 
0.00003923 
0.00003897 
0.00003889 
0.00003889 
0.00003888 
0.00003920 
0.00003920 
0.00003920 
0.00003925 
0.00003925 
0.00003917 
0.00003924 
0.00003938 
0.00003869 
0.00003869 
0.00003874 
0.00003873 
0.00003919 
0.00003887 
0.00003891 
0.00003898 
0.00003899 
0.00003899 
0.00003878 
0.00003867 
0.00003859 
0.00003877 
0.00003846 
0.00003899 
0.00003899 
0.00003881 
0.00003896 
0.00003893 
0.00003920 
0.00003931 
0.00003934 
0.00003933 
0.00003944 
0.00003947 
0.00003931 
0.00003954 
0.00003931 
0.00003932 
0.00003902 
0.00003936 
0.00003936 
0.00003900 
0.00003900 
0.00003920 
0.00003895 
0.00003898 
0.00003898 
0.00003895 
0.00003866 
0.00003811 
0.00003813 
0.00003857 
0.00003870 
0.00003901 
0.00003954 
0.00003923 
0.00003968 
0.00003971 
0.00003980 
0.00004001 
0.00004014 
0.00004024 
0.00004040 
0.00004042 
0.00004047 
0.00003939 
0.00003967 
0.00003922 
0.00003945 
0.00003942 
0.00003918 
0.00003912 
0.00003890 
0.00003916 
0.00003958 
0.00003900 
0.00003883 
0.00003910 
0.00003922 
0.00003923 
0.00003964 
0.00003962 
0.00003969 
0.00003969 
0.00003980 
0.00003961 
0.00004049 
0.00004083 
0.00004052 
0.00004072 
0.00004100 
0.00004114 
0.00004114 
0.00004119 
0.00004130 
0.00004137 
0.00004146 
0.00004102 
0.00004137 
0.00004119 
0.00004120 
0.00004115 
0.00004149 
0.00004145 
0.00004156 
0.00004155 
0.00004157 
0.00004158 
0.00004144 
0.00004161 
0.00004176 
0.00004178 
0.00004184 
0.00004174 
0.00004202 
0.00004226 
0.00004200 
0.00004201 
0.00004200 
0.00004213 
0.00004214 
0.00004261 
0.00004261 
0.00004230 
0.00004230 
0.00004288 
0.00004288 
0.00004283 
0.00004306 
0.00004316 
0.00004283 
0.00004282 
0.00004352 
0.00004343 
0.00004361 
0.00004338 
0.00004360 
0.00004358 
0.00004298 
0.00004304 
0.00004317 
0.00004361 
0.00004300 
0.00004370 
0.00004377 
0.00004321 
0.00004376 
0.00004323 
0.00004346 
0.00004360 
0.00004394 
0.00004394 
0.00004408 
0.00004423 
0.00004423 
0.00004425 
0.00004408 
0.00004408 
0.00004506 
0.00004442 
0.00004442 
0.00004394 
0.00004423 
0.00004423 
0.00004395 
0.00004396 
0.00004425 
0.00004424 
0.00004409 
0.00004517 
0.00004394 
0.00004394 
0.00004397 
0.00004317 
0.00004365 
0.00004378 
0.00004292 
0.00004266 
0.00004268 
0.00004269 
0.00004230 
0.00004277 
0.00004288 
0.00004299 
0.00004289 
0.00004299 
0.00004300 
0.00004301 
0.00004301 
0.00004301 
0.00004301 
0.00004301 
0.00004332 
0.00004301 
0.00004300 
0.00004300 
0.00004300 
0.00004300 
0.00004300 
0.00004300 
0.00004300 
0.00004349 
0.00004301 
0.00004342 
0.00004304 
0.00004347 
0.00004366 
0.00004402 
0.00004402 
0.00004375 
0.00004375 
0.00004402 
0.00004402 
0.00004412 
0.00004416 
0.00004398 
0.00004409 
0.00004446 
0.00004449 
0.00004433 
0.00004425 
0.00004462 
0.00004471 
0.00004397 
0.00004454 
0.00004379 
0.00004455 
