0.12444700 
0.12445000 
0.12428200 
0.12447100 
0.12444500 
0.12411200 
0.12433900 
0.12470000 
0.12442400 
0.12452200 
0.12421800 
0.12422700 
0.12450000 
0.12380100 
0.12393300 
0.12348900 
0.12310000 
0.12337000 
0.12250600 
0.12266600 
0.12310200 
0.12323000 
0.12354000 
0.12384700 
0.12370200 
0.12392300 
0.12380000 
0.12380000 
0.12380200 
0.12390000 
0.12405000 
0.12414800 
0.12410000 
0.12420200 
0.12448700 
0.12451700 
0.12447000 
0.12426300 
0.12442900 
0.12425000 
0.12432800 
0.12435200 
0.12475900 
0.12486900 
0.12501300 
0.12430600 
0.12466900 
0.12500000 
0.12531000 
0.12584900 
0.12584900 
0.12584900 
0.12579800 
0.12558000 
0.12482300 
0.12491600 
0.12517300 
0.12517300 
0.12516000 
0.12491300 
0.12534800 
0.12531100 
0.12571000 
0.12570700 
0.12570000 
0.12570000 
0.12570300 
0.12570100 
0.12570000 
0.12570000 
0.12570000 
0.12570000 
0.12574300 
0.12570000 
0.12570000 
0.12570000 
0.12570000 
0.12572000 
0.12570200 
0.12622500 
0.12570100 
0.12611300 
0.12610100 
0.12610000 
0.12629100 
0.12600100 
0.12612900 
0.12574600 
0.12609800 
0.12583900 
0.12600000 
0.12568300 
0.12568500 
0.12599000 
0.12564200 
0.12587600 
0.12581300 
0.12576700 
0.12568000 
0.12544200 
0.12556800 
0.12520600 
0.12544200 
0.12545800 
0.12524900 
0.12577200 
0.12570200 
0.12570700 
0.12577500 
0.12577600 
0.12582300 
0.12575000 
0.12507000 
0.12469800 
0.12410000 
0.12400100 
0.12437500 
0.12399500 
0.12406800 
0.12400100 
0.12420800 
0.12420800 
0.12423500 
0.12421200 
0.12460300 
0.12436000 
0.12467600 
0.12476800 
0.12448600 
0.12435900 
0.12435400 
0.12439300 
0.12470200 
0.12470100 
0.12472200 
0.12483800 
0.12480000 
0.12456300 
0.12471800 
0.12452000 
0.12486200 
0.12437100 
0.12464800 
0.12414300 
0.12453700 
0.12399900 
0.12464900 
0.12411100 
0.12428200 
0.12449500 
0.12467500 
0.12481200 
0.12440500 
0.12442900 
0.12459600 
0.12460900 
0.12440200 
0.12419200 
0.12446000 
0.12410300 
0.12420000 
0.12386600 
0.12421700 
0.12424200 
0.12433500 
0.12435700 
0.12478800 
0.12490800 
0.12500000 
0.12500000 
0.12501100 
0.12519900 
0.12511000 
0.12521700 
0.12521300 
0.12520500 
0.12520000 
0.12519500 
0.12542500 
0.12521500 
0.12532400 
0.12519200 
0.12510000 
0.12533900 
0.12542700 
0.12555000 
0.12548000 
0.12564200 
0.12550600 
0.12552900 
0.12557700 
0.12554600 
0.12554600 
0.12564100 
0.12583900 
0.12600800 
0.12632600 
0.12632800 
0.12649200 
0.12680900 
0.12680900 
0.12680900 
0.12697100 
0.12681000 
0.12649700 
0.12619100 
0.12600000 
0.12560600 
0.12577600 
0.12600000 
0.12577800 
0.12577800 
0.12550200 
0.12550200 
0.12550200 
0.12557600 
0.12557800 
0.12551000 
0.12572100 
0.12573600 
0.12589900 
0.12550000 
0.12554800 
0.12554300 
0.12555600 
0.12556000 
0.12567000 
0.12565000 
0.12600000 
0.12668500 
0.12617200 
0.12650600 
0.12691300 
0.12659700 
0.12653500 
0.12633000 
0.12621700 
0.12607400 
0.12630600 
0.12662200 
0.12626000 
0.12626000 
0.12598600 
0.12597600 
0.12587800 
0.12589500 
0.12609100 
0.12652900 
0.12628100 
0.12629400 
0.12641300 
0.12640000 
0.12647400 
0.12641300 
0.12601500 
0.12630000 
0.12646000 
0.12642200 
0.12619900 
0.12606400 
0.12638800 
0.12648100 
0.12590700 
0.12590700 
0.12652500 
0.12628000 
0.12661600 
0.12661600 
0.12654100 
0.12695800 
0.12689400 
0.12701000 
0.12694000 
0.12644400 
0.12640000 
0.12640000 
0.12617700 
0.12617700 
0.12617500 
0.12617500 
0.12608300 
0.12584500 
0.12626700 
0.12606400 
0.12601800 
0.12572500 
0.12597500 
0.12557900 
0.12573200 
0.12556800 
0.12550300 
0.12550200 
0.12570500 
0.12550000 
0.12550000 
0.12550000 
0.12550100 
0.12550000 
0.12554100 
0.12573400 
0.12580000 
0.12600900 
0.12600200 
0.12600000 
0.12585600 
0.12550400 
0.12597200 
0.12597200 
0.12638800 
0.12653300 
0.12637100 
0.12674600 
0.12670000 
0.12669100 
0.12645400 
0.12686200 
0.12680000 
0.12620000 
0.12599900 
0.12540000 
0.12518200 
0.12521600 
0.12540000 
0.12540000 
0.12568900 
0.12551800 
0.12550600 
0.12576700 
0.12555600 
0.12550000 
0.12579600 
0.12634000 
0.12617900 
0.12600600 
0.12582600 
0.12600000 
0.12629700 
0.12616900 
0.12582500 
0.12582200 
0.12579700 
0.12554500 
0.12530300 
0.12586500 
0.12586700 
0.12590500 
0.12590000 
0.12553900 
0.12615000 
0.12600100 
0.12609200 
0.12600200 
0.12600200 
0.12572800 
0.12600700 
0.12612900 
0.12591500 
0.12626600 
0.12650000 
0.12650000 
0.12660100 
0.12664100 
0.12658500 
0.12603700 
0.12573200 
0.12612000 
0.12599500 
0.12580200 
0.12579800 
0.12578900 
0.12570000 
0.12546100 
0.12515500 
0.12554600 
0.12598800 
0.12596800 
0.12634900 
0.12590200 
0.12558400 
0.12537200 
0.12474200 
0.12383000 
0.12319800 
0.12305900 
0.12313700 
0.12365300 
0.12403800 
0.12428400 
0.12467300 
0.12476400 
0.12456600 
0.12488300 
0.12451100 
0.12484000 
0.12530100 
0.12589000 
0.12590100 
0.12603500 
0.12590200 
0.12540700 
0.12571300 
0.12594400 
0.12664800 
0.12659500 
0.12641000 
0.12665300 
0.12610300 
0.12609800 
0.12639300 
0.12613000 
0.12575600 
0.12616700 
0.12626000 
0.12585000 
0.12580900 
0.12600900 
0.12598800 
0.12579800 
0.12593400 
0.12600700 
0.12679700 
0.12641500 
0.12644000 
0.12642900 
0.12642900 
0.12664000 
0.12661400 
0.12675900 
0.12655800 
0.12650200 
0.12677300 
0.12605400 
0.12643600 
0.12623100 
0.12671000 
0.12644500 
0.12657400 
0.12626800 
0.12622100 
0.12684800 
0.12641400 
0.12618900 
0.12567800 
0.12593800 
0.12574000 
0.12580400 
0.12578200 
0.12569600 
0.12548000 
0.12546700 
0.12517700 
0.12569900 
0.12593400 
0.12595200 
0.12632900 
0.12570200 
0.12547500 
0.12569400 
0.12626100 
0.12674000 
0.12647200 
0.12593900 
0.12598700 
0.12587400 
0.12570100 
0.12608400 
0.12616900 
0.12555400 
0.12581300 
0.12581000 
0.12581000 
0.12605800 
0.12590400 
0.12618200 
0.12566700 
0.12533300 
0.12528800 
0.12508900 
0.12546900 
0.12534900 
0.12489900 
0.12561900 
0.12562600 
0.12561600 
0.12538400 
0.12539400 
0.12562500 
0.12566800 
0.12515900 
0.12510200 
0.12593200 
0.12607000 
0.12600600 
0.12628800 
0.12631700 
0.12636600 
0.12661000 
0.12639700 
0.12697100 
0.12701400 
0.12692500 
0.12676800 
0.12743900 
0.12801500 
0.12814700 
0.12750100 
0.12821400 
0.12805100 
0.12761200 
0.12767300 
0.12827900 
0.12827800 
0.12827800 
0.12786800 
0.12721100 
0.12713800 
0.12741300 
0.12720300 
0.12728100 
0.12715300 
0.12713900 
0.12734100 
0.12746800 
0.12757600 
0.12765600 
0.12779900 
0.12743700 
0.12738700 
0.12734700 
0.12747800 
0.12778500 
0.12755000 
0.12780300 
0.12749700 
0.12749000 
0.12749600 
0.12736800 
0.12678400 
0.12691600 
0.12705500 
0.12740000 
0.12698500 
0.12736300 
0.12724700 
0.12724300 
0.12722600 
0.12722800 
0.12686400 
0.12689600 
0.12673200 
0.12669600 
0.12605600 
0.12614800 
0.12610000 
0.12610000 
0.12555000 
0.12581400 
0.12590100 
0.12576600 
0.12576900 
0.12491600 
0.12512400 
0.12514300 
0.12479000 
0.12477300 
0.12525000 
0.12525000 
0.12520300 
0.12563900 
0.12521700 
0.12525200 
0.12514400 
0.12533300 
0.12549100 
0.12526800 
0.12544100 
0.12543900 
0.12534100 
0.12550900 
0.12520100 
0.12529400 
0.12536500 
0.12536000 
0.12521300 
0.12524600 
0.12477500 
0.12513400 
0.12487300 
0.12492000 
0.12498600 
0.12500000 
0.12500100 
0.12485600 
0.12500100 
0.12450200 
0.12500000 
0.12480800 
0.12497300 
0.12532600 
0.12528900 
0.12500000 
0.12533500 
0.12525400 
0.12574800 
0.12576000 
0.12575900 
0.12621600 
0.12570200 
0.12625400 
0.12571800 
0.12589200 
0.12569900 
0.12569900 
0.12562800 
0.12562700 
0.12500200 
0.12502400 
0.12501800 
0.12510000 
0.12510700 
0.12511600 
0.12569500 
0.12595100 
0.12570200 
0.12544800 
0.12589300 
0.12594600 
0.12594500 
0.12585200 
0.12600100 
0.12600100 
0.12596400 
0.12587900 
0.12578100 
0.12569400 
0.12554000 
0.12613000 
0.12676200 
0.12611900 
0.12607600 
0.12558100 
0.12599900 
0.12557200 
0.12599800 
0.12596100 
0.12596100 
0.12595100 
0.12581000 
0.12592300 
0.12600700 
0.12600200 
0.12604600 
0.12578000 
0.12587600 
0.12637900 
0.12640100 
0.12630700 
0.12588500 
0.12588300 
0.12588900 
0.12588800 
0.12589000 
0.12600000 
0.12600300 
0.12644000 
0.12604300 
0.12604300 
0.12663000 
0.12665600 
0.12663500 
0.12699700 
0.12744600 
0.12742000 
0.12725400 
0.12812800 
0.12813100 
0.12862100 
0.12882800 
0.12800400 
0.12794800 
0.12863000 
0.12889800 
0.12875400 
0.12866500 
0.12832700 
0.12819000 
0.12817100 
0.12837800 
0.12893900 
0.12880000 
0.12882500 
0.12907200 
0.12908100 
0.12905200 
0.12910000 
0.12917600 
0.12949200 
0.12943200 
0.12895200 
0.12892600 
0.12941100 
0.12959100 
0.12886600 
0.12869700 
0.12864600 
0.12869100 
0.12910300 
0.12890900 
0.12900300 
0.12900100 
0.12900400 
0.12912200 
0.12936000 
0.12959900 
0.12960000 
0.12950000 
0.12958700 
0.12942400 
0.12910000 
0.12891000 
0.12859900 
0.12757400 
0.12748000 
0.12688000 
0.12739400 
0.12749900 
0.12749500 
0.12704100 
0.12693800 
0.12684400 
0.12665600 
0.12711100 
0.12708800 
0.12649800 
0.12632300 
0.12693100 
0.12644800 
0.12677800 
0.12705900 
0.12676600 
0.12663900 
0.12653100 
0.12689500 
0.12777500 
0.12704800 
0.12726200 
0.12773100 
0.12695900 
0.12694600 
0.12747100 
0.12735900 
0.12696800 
0.12693700 
0.12658000 
0.12624000 
0.12596100 
0.12550000 
0.12550000 
0.12579900 
0.12657000 
0.12663300 
0.12669300 
0.12669900 
0.12678600 
0.12674300 
0.12657500 
0.12724400 
0.12673300 
0.12711900 
0.12711700 
0.12711900 
0.12687900 
0.12725100 
0.12686700 
0.12737400 
0.12686900 
0.12737500 
0.12702600 
0.12707900 
0.12728000 
0.12708100 
0.12702600 
0.12704200 
0.12706500 
0.12761000 
0.12749900 
0.12733900 
0.12710200 
0.12676800 
0.12721000 
0.12563200 
0.12608200 
0.12616000 
0.12575000 
0.12575100 
0.12609900 
0.12569600 
0.12570100 
0.12570200 
0.12613400 
0.12562000 
0.12585200 
0.12581100 
0.12602900 
0.12590200 
0.12601900 
0.12555900 
0.12573600 
0.12608900 
0.12585000 
0.12635600 
0.12635900 
0.12602000 
0.12600100 
0.12635900 
0.12653000 
0.12630100 
0.12710500 
0.12673500 
0.12656400 
0.12688500 
0.12731600 
0.12691600 
0.12707900 
0.12655100 
0.12699500 
0.12703000 
0.12744400 
0.12732700 
0.12694700 
0.12709600 
0.12673300 
0.12685100 
0.12668400 
0.12677400 
0.12700100 
0.12698400 
0.12668600 
0.12709000 
0.12700000 
0.12663700 
0.12714900 
0.12706500 
0.12706500 
0.12713500 
0.12706500 
0.12732300 
0.12799600 
0.12800000 
0.12776600 
0.12805800 
0.12846800 
0.12800400 
0.12815800 
0.12889800 
0.12891000 
0.12834500 
0.12791900 
0.12798400 
0.12750300 
0.12802000 
0.12800800 
0.12797900 
0.12799200 
0.12827900 
0.12833200 
0.12832800 
0.12783300 
0.12820700 
0.12762000 
0.12785200 
0.12824900 
0.12817700 
0.12766600 
0.12766200 
0.12767200 
0.12711300 
0.12763700 
0.12706500 
0.12706500 
0.12728000 
0.12720000 
0.12741700 
0.12768000 
0.12750500 
0.12760200 
0.12771000 
0.12760700 
0.12748300 
0.12713700 
0.12713700 
0.12713700 
0.12724700 
0.12748200 
0.12760700 
0.12748500 
0.12710000 
0.12739900 
0.12717000 
0.12741900 
0.12755800 
0.12723700 
0.12776000 
0.12786500 
0.12788900 
0.12789000 
0.12811000 
0.12831900 
0.12832900 
0.12830500 
0.12811900 
0.12831800 
0.12840900 
0.12782200 
0.12729200 
0.12786400 
0.12815800 
0.12769300 
0.12777000 
0.12776700 
0.12734300 
0.12752700 
0.12794800 
0.12753600 
0.12750700 
0.12764100 
0.12813500 
0.12771400 
0.12854300 
0.12853300 
0.12866500 
0.12868300 
0.12858700 
0.12785800 
0.12758000 
0.12752000 
0.12765600 
0.12808900 
0.12819800 
0.12865000 
0.12872400 
0.12891600 
0.12899600 
0.12950900 
0.12917900 
0.12980700 
0.12980700 
0.12950000 
0.12976800 
0.12955100 
0.12913600 
0.12880300 
0.12913400 
0.12913400 
0.12917600 
0.12895000 
0.12865000 
0.12873400 
0.12895000 
0.12971900 
0.12895100 
0.12939300 
0.12973600 
0.12960700 
0.12957500 
0.12875700 
0.12870800 
0.12792500 
0.12796200 
0.12816400 
0.12821900 
0.12885400 
0.12877500 
0.12861500 
0.12861500 
0.12824700 
0.12845000 
0.12820200 
0.12852400 
0.12819100 
0.12858200 
0.12807700 
0.12841500 
0.12797300 
0.12841700 
0.12799000 
0.12832800 
0.12874500 
0.12854500 
0.12869900 
0.12778100 
0.12874500 
0.12744800 
0.12698600 
0.12752500 
0.12714100 
0.12811000 
0.12824800 
0.12874100 
0.12884700 
0.12874100 
0.12860000 
0.12859100 
0.12859200 
0.12835900 
0.12834600 
0.12796600 
0.12797300 
0.12781000 
0.12787300 
0.12819000 
0.12791300 
0.12774400 
0.12777000 
0.12819000 
0.12796900 
0.12750800 
0.12760700 
0.12732400 
0.12744100 
0.12762800 
0.12835900 
0.12835400 
0.12788300 
0.12830000 
0.12816000 
0.12845300 
0.12844300 
0.12847600 
0.12767300 
0.12764400 
0.12749200 
0.12802000 
0.12757700 
0.12698400 
0.12763900 
0.12797300 
0.12800200 
0.12827700 
0.12850000 
0.12800800 
0.12822900 
0.12809800 
0.12800900 
0.12799800 
0.12882000 
0.12923400 
0.12960600 
0.13000700 
0.13086000 
0.13093800 
0.13130000 
0.13090900 
0.13086600 
0.13118200 
0.13120000 
0.13117300 
0.13099800 
0.13066700 
0.13093700 
0.13071100 
0.13057800 
0.13035000 
0.13050000 
0.13050000 
0.13015500 
0.12982800 
0.13032300 
0.12969200 
0.12978300 
0.12901000 
0.12907600 
0.12811700 
0.12829800 
0.12799800 
0.12799800 
0.12747300 
0.12766500 
0.12707700 
0.12679800 
0.12653100 
0.12659000 
0.12639900 
0.12586800 
0.12618500 
0.12648800 
0.12628200 
0.12656100 
0.12665000 
0.12713400 
0.12711800 
0.12730900 
0.12739800 
0.12768000 
0.12780000 
0.12820000 
0.12777200 
0.12777200 
0.12790300 
0.12809300 
0.12831000 
0.12809300 
0.12770800 
0.12809300 
0.12798100 
0.12803500 
0.12804000 
0.12770000 
0.12767200 
0.12803100 
0.12840900 
0.12865400 
0.12837100 
0.12930600 
0.12978200 
0.12930600 
0.12936500 
0.12975500 
0.13006600 
0.12975000 
0.12975000 
0.12999900 
0.12989900 
0.12964000 
0.13000600 
0.13013000 
0.13032100 
0.13087700 
0.13118400 
0.13088800 
0.13080000 
0.13059300 
0.13023700 
0.13002000 
0.13002900 
0.13039600 
0.13011400 
0.13023700 
0.13010200 
0.13050000 
0.13062700 
0.13015800 
0.13032800 
0.13055800 
0.13050000 
0.13030700 
0.13058000 
0.13063300 
0.13051600 
0.13038300 
0.13055200 
0.13061200 
0.13010300 
0.13006500 
0.13010700 
0.13038300 
0.13087400 
0.13123200 
0.13153300 
0.13212500 
0.13260500 
0.13294500 
0.13300000 
0.13269700 
0.13275400 
0.13299200 
0.13264200 
0.13283200 
0.13323400 
0.13309100 
0.13279600 
0.13283200 
0.13323400 
0.13365100 
0.13364300 
0.13330700 
0.13330700 
0.13340300 
0.13346800 
0.13397700 
0.13370500 
0.13372900 
0.13391100 
0.13366000 
0.13370800 
0.13346500 
0.13317200 
0.13314600 
0.13383100 
0.13449500 
0.13453300 
0.13449100 
0.13462800 
0.13462400 
0.13472900 
0.13478700 
0.13499900 
0.13451100 
0.13405700 
0.13418900 
0.13449100 
0.13458500 
0.13460000 
0.13476900 
0.13467900 
0.13500200 
0.13463000 
0.13417800 
0.13430800 
0.13441600 
0.13390700 
0.13395200 
0.13342100 
0.13372600 
0.13372600 
0.13372500 
0.13390100 
0.13386100 
0.13378800 
0.13356500 
0.13362200 
0.13337000 
0.13336300 
0.13296700 
0.13330000 
0.13283100 
0.13270500 
0.13282400 
0.13272200 
0.13277800 
0.13258600 
0.13240900 
0.13208000 
0.13253600 
0.13225000 
0.13191000 
0.13236000 
0.13170700 
0.13230300 
0.13238600 
0.13239400 
0.13207400 
0.13189400 
0.13238200 
0.13220200 
0.13202800 
0.13272700 
0.13226200 
0.13222500 
0.13194500 
0.13170000 
0.13169800 
0.13151900 
0.13149200 
0.13127300 
0.13116600 
0.13113200 
0.13117400 
0.13110000 
0.13110000 
0.13109800 
0.13080400 
0.13080100 
0.13081600 
0.13078000 
0.13091000 
0.13078600 
0.13050800 
0.13061400 
0.13043800 
0.13044200 
0.13074800 
0.12982700 
0.13024300 
0.13005500 
0.13023700 
0.13024600 
0.13000000 
0.12992000 
0.12959100 
0.12975200 
0.12947100 
0.12921000 
0.12921400 
0.12910000 
0.12909100 
0.12885500 
0.12863100 
0.12835000 
0.12810900 
0.12816800 
0.12816900 
0.12774300 
0.12813600 
0.12806400 
0.12793800 
0.12785200 
0.12795200 
0.12755400 
0.12806000 
0.12813600 
0.12814900 
0.12813900 
0.12803000 
0.12746600 
0.12745200 
0.12744300 
0.12728400 
0.12759000 
0.12771000 
0.12728400 
0.12772500 
0.12750100 
0.12749700 
0.12757800 
0.12802700 
0.12765600 
0.12765300 
0.12805800 
0.12834700 
0.12839900 
0.12851000 
0.12833800 
0.12833900 
0.12820900 
0.12811300 
0.12776000 
0.12762800 
0.12722500 
0.12699300 
0.12663500 
0.12699000 
0.12671200 
0.12700100 
0.12700000 
0.12756900 
0.12739100 
0.12759300 
0.12739000 
0.12736100 
0.12764000 
0.12770000 
0.12811100 
0.12757500 
0.12767900 
0.12820000 
0.12800100 
0.12807000 
0.12788300 
0.12770000 
0.12739400 
0.12713700 
0.12708700 
0.12708100 
0.12708400 
0.12640100 
0.12645100 
0.12687700 
0.12712300 
0.12754200 
0.12813800 
0.12820800 
0.12813900 
0.12839400 
0.12864700 
0.12906600 
0.12906900 
0.12924700 
0.12932300 
0.12933800 
0.12893000 
0.12933500 
0.12902000 
0.12903700 
0.12942100 
0.12966900 
0.12993100 
0.13003800 
0.12966300 
0.13010100 
0.13062100 
0.13064100 
0.13014000 
0.13026000 
0.13025900 
0.13083200 
0.12980000 
0.13000100 
0.13000100 
0.12995400 
0.12977800 
0.12998000 
0.12993500 
0.12993700 
0.13000600 
0.13000300 
0.13046100 
0.13001500 
0.13031900 
0.13000500 
0.13015200 
0.13072000 
0.13051600 
0.13051700 
0.13076600 
0.13043600 
0.13020300 
0.13097000 
0.13086600 
0.13042700 
0.13086000 
0.13099800 
0.13092100 
0.13091600 
0.13128900 
0.13127900 
0.13099000 
0.13115600 
0.13099000 
0.13100100 
0.13100200 
0.13137200 
0.13100100 
0.13147700 
0.13100300 
0.13151400 
0.13126000 
0.13100900 
0.13100000 
0.13140000 
0.13100100 
0.13112000 
0.13155100 
0.13138400 
0.13138400 
0.13102000 
0.13139600 
0.13149500 
0.13177300 
0.13136900 
0.13157500 
0.13133100 
0.13133100 
0.13128300 
0.13097700 
0.13155700 
0.13158800 
0.13112200 
0.13106800 
0.13147900 
0.13131300 
0.13142700 
0.13183000 
0.13164600 
0.13195900 
0.13135200 
0.13168700 
0.13138200 
0.13099100 
0.13099000 
0.13119100 
0.13080600 
0.13137400 
0.13124000 
0.13123900 
0.13060100 
0.13018500 
0.13057400 
0.13030400 
0.13015600 
0.13040000 
0.13017700 
0.13014400 
0.13020500 
0.13044700 
0.13001100 
0.13033300 
0.12989300 
0.13064200 
0.13064500 
0.13062200 
0.13019500 
0.13066300 
0.13089300 
0.13085800 
0.13088200 
0.13046400 
0.13060300 
0.13076500 
0.13043600 
0.13006600 
0.13100200 
0.13087500 
0.13086700 
0.13099700 
0.13077800 
0.13008700 
0.13011800 
0.13077700 
0.13009200 
0.12975700 
0.13014900 
0.13024800 
0.12996400 
0.12996600 
0.12991000 
0.12950000 
0.12952400 
0.12938900 
0.12905500 
0.12897200 
0.12905500 
0.12941200 
0.12946000 
0.12898100 
0.12800200 
0.12772100 
0.12749700 
0.12714900 
0.12707100 
0.12707200 
0.12728100 
0.12703000 
0.12637900 
0.12579400 
0.12543900 
0.12600100 
0.12600100 
0.12650000 
0.12626100 
0.12597600 
0.12664900 
0.12671600 
0.12672400 
0.12679900 
0.12666500 
0.12606700 
0.12603900 
0.12562900 
0.12551400 
0.12580000 
0.12540000 
0.12500100 
0.12528700 
0.12500100 
0.12518400 
0.12500200 
0.12505000 
0.12503500 
0.12501800 
0.12554400 
0.12543300 
0.12540000 
0.12517700 
0.12545600 
0.12572400 
0.12596200 
0.12564200 
0.12567900 
0.12629800 
0.12615500 
0.12631600 
0.12624500 
0.12670900 
0.12697900 
0.12692200 
0.12710200 
0.12733900 
0.12736200 
0.12720000 
0.12730100 
0.12749600 
0.12809400 
0.12822500 
0.12859800 
0.12849500 
0.12829400 
0.12880000 
0.12898700 
0.12873400 
0.12874100 
0.12891400 
0.12983100 
0.13013400 
0.13009300 
0.13059400 
0.13014500 
0.13010900 
0.13028800 
0.13029000 
0.13053000 
0.13053000 
0.13072000 
0.13087700 
0.13070100 
0.13029000 
0.12977700 
0.12921600 
0.12950200 
0.12947900 
0.12957500 
0.12953300 
0.12912000 
0.12900200 
0.12926100 
0.12900200 
0.12887200 
0.12927800 
0.12901200 
0.12906500 
0.12877300 
0.12886500 
0.12941100 
0.13007600 
0.13000000 
0.13004000 
0.13000000 
0.12960000 
0.12935500 
0.12960000 
0.12934200 
0.12928400 
0.12877800 
0.12896700 
0.12896100 
0.12878200 
0.12888600 
0.12877800 
0.12892800 
0.12922300 
0.12931100 
0.12900000 
0.12865100 
0.12874600 
0.12838900 
0.12867900 
0.12866200 
0.12853200 
0.12860200 
0.12822800 
0.12820600 
0.12820300 
0.12820300 
0.12810900 
0.12860300 
0.12876600 
0.12915300 
0.12913700 
0.12928100 
0.12900200 
0.12888100 
0.12881300 
0.12881000 
0.12880300 
0.12881300 
0.12875700 
0.12855700 
0.12875700 
0.12854000 
0.12876800 
0.12854300 
0.12838900 
0.12834300 
0.12840300 
0.12877600 
0.12907800 
0.12857600 
0.12908800 
0.12879900 
0.12880000 
0.12860900 
0.12880000 
0.12864400 
0.12880000 
0.12880000 
0.12879900 
0.12869100 
0.12860700 
0.12879900 
0.12879900 
0.12875600 
0.12880000 
0.12850900 
0.12880000 
0.12880000 
0.12880000 
0.12880000 
0.12880000 
0.12880000 
0.12890600 
0.12882400 
0.12907500 
0.12882200 
0.12885100 
0.12915700 
0.12910000 
0.12885000 
0.12901200 
0.12935600 
0.12895000 
0.12879300 
0.12881100 
0.12895400 
0.12898500 
0.12898500 
0.12901000 
0.12881200 
0.12900500 
0.12889900 
0.12924300 
0.12910000 
0.12901000 
0.12914700 
0.12923600 
0.12914700 
0.12921200 
0.12921200 
0.12929900 
0.12931100 
0.12956600 
0.12938800 
0.12938400 
0.12962000 
0.12952200 
0.12938100 
0.12959500 
0.12962000 
0.12962000 
0.13004100 
0.13000400 
0.13047100 
0.13004100 
0.13009700 
0.13033800 
0.13036700 
0.13000000 
0.12965200 
0.13001300 
0.12965600 
0.12965600 
0.12965100 
0.12964500 
0.12964500 
0.12908300 
0.12964000 
0.12966500 
0.13002100 
0.13006300 
0.13015900 
0.13000000 
0.13032400 
0.13026400 
0.13029200 
0.13077800 
0.13056100 
0.13119400 
0.13088300 
0.13098300 
0.13098300 
0.13087200 
0.13130500 
0.13085800 
0.13084200 
0.13083100 
0.13067100 
0.13077500 
0.13058000 
0.13017000 
0.13039600 
0.12961600 
0.12977600 
0.13010400 
0.13019400 
0.13002100 
0.13055300 
0.13020100 
0.13020100 
0.13019700 
0.13019800 
0.13066300 
0.13076300 
0.13056600 
0.13010700 
0.13026900 
0.13006800 
0.13038100 
0.12984100 
0.13019700 
0.12993600 
0.13026700 
0.13024600 
0.13039600 
0.13010000 
0.13039400 
0.13039500 
0.13029500 
0.13058300 
0.13102600 
0.13058300 
0.13029200 
0.12996500 
0.12980700 
0.12953600 
0.12964000 
0.12954300 
0.12952000 
0.12993100 
0.12978900 
0.12988400 
0.12955800 
0.12952300 
0.12962300 
0.12999900 
0.12999700 
0.13013800 
0.13006600 
0.13020000 
0.13065200 
0.13069800 
0.13007100 
0.13062900 
0.13071200 
0.13091100 
0.13078300 
0.13110900 
0.13135000 
0.13166100 
0.13166200 
0.13170500 
0.13146000 
0.13146000 
0.13198600 
0.13183100 
0.13155900 
0.13157200 
0.13176000 
0.13176000 
0.13160800 
0.13199700 
0.13158100 
0.13158200 
0.13199700 
0.13219400 
0.13175000 
0.13185400 
0.13192900 
0.13232800 
0.13159800 
0.13168900 
0.13150100 
0.13165100 
0.13150100 
0.13150100 
0.13150200 
0.13150200 
0.13155000 
0.13150100 
0.13136000 
0.13151100 
0.13149500 
0.13136000 
0.13136000 
0.13138700 
0.13137100 
0.13236000 
0.13136400 
0.13254000 
0.13114700 
0.13150000 
0.13149600 
0.13134700 
0.13173100 
0.13162900 
0.13158100 
0.13188900 
0.13149600 
0.13105300 
0.13138500 
0.13150100 
0.13194700 
0.13163200 
0.13196000 
0.13195800 
0.13160200 
0.13198500 
0.13198500 
0.13202400 
0.13236000 
0.13229500 
0.13229700 
0.13229800 
0.13257800 
0.13287000 
0.13254700 
0.13287000 
0.13244100 
0.13224100 
0.13220100 
0.13249300 
0.13239900 
0.13240000 
0.13239900 
0.13194600 
0.13194200 
0.13210200 
0.13225000 
0.13207400 
0.13245000 
0.13244900 
0.13207400 
0.13247000 
0.13247000 
0.13247000 
0.13206800 
0.13206200 
0.13247000 
0.13225200 
0.13246900 
0.13199400 
0.13193300 
0.13228000 
0.13228000 
0.13228000 
0.13227900 
0.13183600 
0.13228000 
0.13176200 
0.13203300 
0.13203300 
0.13203200 
0.13203400 
0.13203200 
0.13190500 
0.13157600 
0.13185300 
0.13187300 
0.13138800 
0.13138300 
0.13188700 
0.13188700 
0.13150300 
0.13156600 
0.13156600 
0.13202500 
0.13166900 
0.13166700 
0.13204500 
0.13204400 
0.13204500 
0.13204500 
0.13162300 
0.13166800 
0.13192900 
0.13207000 
0.13201200 
0.13200600 
0.13224500 
0.13223300 
0.13198600 
0.13190700 
0.13201500 
0.13189500 
0.13223100 
0.13226100 
0.13189200 
0.13201000 
0.13199900 
0.13174400 
0.13195400 
0.13226000 
0.13203700 
0.13203700 
0.13203700 
0.13202200 
0.13172300 
0.13178600 
0.13181000 
0.13237300 
0.13202300 
0.13201100 
0.13200500 
0.13196200 
0.13209300 
0.13195300 
0.13226400 
0.13227000 
0.13250600 
0.13227200 
0.13223600 
0.13194000 
0.13220300 
0.13233300 
0.13233000 
0.13233000 
0.13215600 
0.13215000 
0.13252300 
0.13220000 
0.13219600 
0.13209800 
0.13204400 
0.13189700 
0.13181100 
0.13223000 
0.13186200 
0.13166700 
0.13219600 
0.13200000 
0.13176800 
0.13180200 
0.13184800 
0.13180000 
0.13180000 
0.13147300 
0.13180000 
0.13142700 
0.13142400 
0.13146000 
0.13118500 
0.13137100 
0.13154900 
0.13128800 
0.13146800 
0.13134100 
0.13172800 
0.13153300 
0.13146200 
0.13104900 
0.13104800 
0.13107600 
0.13137800 
0.13161700 
0.13161800 
0.13100000 
0.13162800 
0.13144500 
0.13164600 
0.13200000 
0.13203700 
0.13161600 
0.13180100 
0.13164500 
0.13181100 
0.13162900 
0.13159600 
0.13193200 
0.13170800 
0.13151500 
0.13227400 
0.13268100 
0.13267200 
0.13221700 
0.13221700 
0.13204800 
0.13182100 
0.13200000 
0.13197000 
0.13168400 
0.13200000 
0.13202600 
0.13204500 
0.13209400 
0.13239900 
0.13204000 
0.13202600 
0.13208200 
0.13231200 
0.13231000 
0.13210500 
0.13200000 
0.13201500 
0.13177500 
0.13157200 
0.13187900 
0.13216500 
0.13217600 
0.13200300 
0.13239000 
0.13254300 
0.13171000 
0.13202400 
0.13188100 
0.13140000 
0.13152400 
0.13148800 
0.13154600 
0.13158700 
0.13158500 
0.13166800 
0.13166700 
0.13173700 
0.13173900 
0.13199000 
0.13199300 
0.13199100 
0.13200900 
0.13220100 
0.13202200 
0.13213400 
0.13212900 
0.13211000 
0.13234500 
0.13210200 
0.13201000 
0.13200000 
0.13204600 
0.13211900 
0.13233300 
0.13233600 
0.13234500 
0.13234400 
0.13234700 
0.13234100 
0.13200200 
0.13233500 
0.13240300 
0.13242900 
0.13257300 
0.13257900 
0.13258000 
0.13258000 
0.13258000 
0.13266600 
0.13260000 
0.13278700 
0.13259000 
0.13258000 
0.13258200 
0.13279200 
0.13257000 
0.13240200 
0.13251000 
0.13254400 
0.13240200 
0.13263200 
0.13240200 
0.13240100 
0.13265600 
0.13287100 
0.13287600 
0.13287600 
0.13303500 
0.13293900 
0.13290000 
0.13293900 
0.13306000 
0.13306300 
0.13306800 
0.13311400 
0.13339500 
0.13316300 
0.13340000 
0.13307200 
0.13307000 
0.13307000 
0.13306300 
0.13318900 
0.13298900 
0.13310300 
0.13367400 
0.13315000 
0.13328400 
0.13328400 
0.13356200 
0.13358400 
0.13358400 
0.13324200 
0.13324000 
0.13323800 
0.13358100 
0.13319200 
0.13315200 
0.13298800 
0.13301400 
0.13315200 
0.13316100 
0.13364900 
0.13297000 
0.13304900 
0.13287500 
0.13310100 
0.13310100 
0.13299600 
0.13287300 
0.13310300 
0.13313000 
0.13317100 
0.13322400 
0.13322400 
0.13370100 
0.13343900 
0.13344100 
0.13300500 
0.13308700 
0.13327600 
0.13360000 
0.13326600 
0.13326600 
0.13286900 
0.13280000 
0.13295900 
0.13225400 
0.13278000 
0.13284300 
0.13300100 
0.13339000 
0.13348300 
0.13380200 
0.13382300 
0.13386600 
0.13386300 
0.13400800 
0.13388200 
0.13400000 
0.13419400 
0.13437800 
0.13426600 
0.13410000 
0.13445700 
0.13427000 
0.13414600 
0.13432800 
0.13472400 
0.13454700 
0.13454700 
0.13454700 
0.13454700 
0.13454700 
0.13454600 
0.13454700 
0.13454500 
0.13454700 
0.13454700 
0.13454700 
0.13433700 
0.13454600 
0.13454600 
0.13454600 
0.13439700 
0.13454700 
0.13454700 
0.13438500 
0.13439000 
0.13439000 
0.13410200 
0.13428900 
0.13432200 
0.13410000 
0.13439800 
0.13440400 
0.13422800 
0.13446500 
0.13471000 
0.13479900 
0.13469700 
0.13444800 
0.13466600 
0.13454900 
0.13440000 
0.13428500 
0.13439500 
0.13453100 
0.13443600 
0.13442000 
0.13470000 
0.13470000 
0.13459800 
0.13471400 
0.13439800 
0.13471400 
0.13473500 
0.13474100 
0.13442800 
0.13424900 
0.13480000 
0.13463900 
0.13479400 
0.13463900 
0.13474300 
0.13499900 
0.13499700 
0.13486600 
0.13469700 
0.13469200 
0.13495900 
0.13499800 
0.13486500 
0.13480000 
0.13469700 
0.13499000 
0.13500000 
0.13496000 
0.13479500 
0.13500000 
0.13492900 
0.13504400 
0.13509200 
0.13509200 
0.13530200 
0.13517700 
0.13516700 
0.13516600 
0.13516600 
0.13531700 
0.13529600 
0.13528900 
0.13529800 
0.13520000 
0.13521700 
0.13525000 
0.13542800 
0.13549800 
0.13527400 
0.13522500 
0.13559800 
0.13542400 
0.13562900 
0.13548400 
0.13564800 
0.13611100 
0.13633100 
0.13621700 
0.13650000 
0.13650200 
0.13657500 
0.13650200 
0.13652200 
0.13655000 
0.13655000 
0.13655500 
0.13679000 
0.13652200 
0.13679000 
0.13678800 
0.13679000 
0.13679000 
0.13657800 
0.13678900 
0.13679000 
0.13678700 
0.13675900 
0.13675900 
0.13658200 
0.13678800 
0.13657700 
0.13659500 
0.13659700 
0.13660000 
0.13660100 
0.13662000 
0.13679800 
0.13679800 
0.13690500 
0.13660900 
0.13693500 
0.13693600 
0.13695100 
0.13660300 
0.13686700 
0.13700000 
0.13680000 
0.13710000 
0.13700000 
0.13680100 
0.13680000 
0.13681000 
0.13681100 
0.13697000 
0.13697000 
0.13697000 
0.13680200 
0.13697000 
0.13680000 
0.13680000 
0.13680000 
0.13685200 
0.13685200 
0.13685200 
0.13685200 
0.13650000 
0.13684800 
0.13641600 
0.13650400 
0.13679800 
0.13680000 
0.13650900 
0.13682200 
0.13655200 
0.13682200 
0.13685200 
0.13685300 
0.13685200 
0.13680900 
0.13641500 
0.13685300 
0.13670000 
0.13669700 
0.13670000 
0.13670000 
0.13660500 
0.13669500 
0.13669500 
0.13669600 
0.13669800 
0.13620200 
0.13620100 
0.13657400 
0.13620500 
0.13627400 
0.13650000 
0.13626200 
0.13687500 
0.13687400 
0.13690000 
0.13690000 
0.13688600 
0.13661600 
0.13687600 
0.13687600 
0.13680000 
0.13678600 
0.13666900 
0.13666600 
0.13697000 
0.13687900 
0.13661600 
0.13693500 
0.13670000 
0.13663600 
0.13698900 
0.13700100 
0.13660500 
0.13700000 
0.13667900 
0.13703900 
0.13700000 
0.13699900 
0.13700000 
0.13700000 
0.13740900 
0.13719500 
0.13700000 
0.13688900 
0.13688800 
0.13688900 
0.13690200 
0.13690400 
0.13690300 
0.13690300 
0.13738000 
0.13695200 
0.13738000 
0.13696800 
0.13700500 
0.13701700 
0.13701500 
0.13715800 
0.13701400 
0.13717200 
0.13738000 
0.13742900 
0.13700900 
0.13740400 
0.13740400 
0.13734900 
0.13731300 
0.13700300 
0.13749900 
0.13740000 
0.13740000 
0.13720000 
0.13753500 
0.13753500 
0.13746300 
0.13753600 
0.13726300 
0.13725300 
0.13790900 
0.13771600 
0.13781100 
0.13792000 
0.13793700 
0.13807000 
0.13805000 
0.13745100 
0.13760300 
0.13763000 
0.13798500 
0.13814800 
0.13810000 
0.13810000 
0.13771900 
0.13795000 
0.13799900 
0.13807600 
0.13809900 
0.13783400 
0.13821500 
0.13803300 
0.13830600 
0.13819500 
0.13805000 
0.13799900 
0.13803000 
0.13830600 
0.13803000 
0.13800000 
0.13800100 
0.13802500 
0.13814800 
0.13799000 
0.13825800 
0.13823200 
0.13799000 
0.13832800 
0.13832900 
0.13819400 
0.13797100 
0.13802400 
0.13825800 
0.13816400 
0.13822100 
0.13830500 
0.13831700 
0.13830500 
0.13843600 
0.13843800 
0.13843600 
0.13843600 
0.13869700 
0.13825500 
0.13863200 
0.13822100 
0.13859900 
0.13866700 
0.13870000 
0.13847200 
0.13860400 
0.13848900 
0.13858600 
0.13821400 
0.13821400 
0.13869300 
0.13821200 
0.13869500 
0.13850000 
0.13850000 
0.13852100 
0.13851900 
0.13850500 
0.13850000 
0.13850000 
0.13850000 
0.13821600 
0.13815000 
0.13796300 
0.13773900 
0.13723600 
0.13765100 
0.13752400 
0.13731100 
0.13729500 
0.13729500 
0.13729500 
0.13729500 
0.13729500 
0.13729200 
0.13729600 
0.13729500 
0.13771900 
0.13770800 
0.13771900 
0.13733900 
0.13772300 
0.13733900 
0.13727000 
0.13727100 
0.13773000 
0.13760000 
0.13760000 
0.13763000 
0.13760000 
0.13763100 
0.13710000 
0.13725100 
0.13709900 
0.13707100 
0.13731500 
0.13722800 
0.13723000 
0.13774000 
0.13722900 
0.13723300 
0.13731100 
0.13751900 
0.13761900 
0.13751600 
0.13696900 
0.13699500 
0.13679900 
0.13685900 
0.13685700 
0.13676600 
0.13728900 
0.13674100 
0.13682500 
0.13742700 
0.13742900 
0.13698900 
0.13744200 
0.13751600 
0.13747800 
0.13748100 
0.13784500 
0.13786600 
0.13782200 
0.13763700 
0.13765900 
0.13777600 
0.13801700 
0.13801600 
0.13785100 
0.13758100 
0.13747900 
0.13750000 
0.13756300 
0.13802700 
0.13755900 
0.13800000 
0.13799900 
0.13747800 
0.13799900 
0.13781700 
0.13768000 
0.13720300 
0.13718800 
0.13672300 
0.13722100 
0.13683500 
0.13685500 
0.13698700 
0.13740200 
0.13729000 
0.13715000 
0.13742700 
0.13770700 
0.13770700 
0.13793800 
0.13792900 
0.13762000 
0.13769900 
0.13780400 
0.13765400 
0.13786300 
0.13823800 
0.13794500 
0.13827400 
0.13832400 
0.13853100 
0.13845000 
0.13859900 
0.13865300 
0.13865300 
0.13829600 
0.13864900 
0.13871300 
0.13864000 
0.13868600 
0.13875000 
0.13875000 
0.13876200 
0.13908500 
0.13925300 
0.13878300 
0.13922200 
0.13922200 
0.13908700 
0.13908700 
0.13876000 
0.13904100 
0.13878000 
0.13939900 
0.13939900 
0.13932900 
0.13917000 
0.13965000 
0.13954700 
0.13947900 
0.13950900 
0.13947800 
0.13920000 
0.13915600 
0.13919800 
0.13876100 
0.13901400 
0.13900600 
0.13901600 
0.13900500 
0.13900100 
0.13900200 
0.13900200 
0.13900000 
0.13900000 
0.13920200 
0.13900000 
0.13880000 
0.13880000 
0.13926200 
0.13922000 
0.13909800 
0.13901000 
0.13903800 
0.13874300 
0.13874300 
0.13860200 
0.13899900 
0.13889900 
0.13916400 
0.13925700 
0.13909800 
0.13936000 
0.13919500 
0.13919700 
0.13951100 
0.13968300 
0.13952900 
0.13952300 
0.13986400 
0.13999200 
0.14030500 
0.14040000 
0.14058400 
0.14020900 
0.14020900 
0.14021200 
0.14101000 
0.14101000 
0.14101000 
0.14101700 
0.14117600 
0.14106000 
0.14115900 
0.14115900 
0.14102000 
0.14117100 
0.14100900 
0.14100800 
0.14100400 
0.14100700 
0.14100700 
0.14100000 
0.14085900 
0.14074300 
0.14070000 
0.14055000 
0.14044700 
0.14043900 
0.14050000 
0.14053900 
0.14053900 
0.14043900 
0.14043200 
0.14012200 
0.14012200 
0.14012300 
0.14012200 
0.14010300 
0.14010100 
0.14011900 
0.14055000 
0.14038700 
0.14022800 
0.14022800 
0.14022800 
0.14044900 
0.14019800 
0.14022500 
0.14002200 
0.14017800 
0.14056500 
0.14014300 
0.14048900 
0.14014000 
0.14033100 
0.13985700 
0.14029300 
0.14029600 
0.13989800 
0.14000000 
0.13969500 
0.13969200 
0.13974000 
0.13974000 
0.13974000 
0.13945100 
0.13973800 
0.13940100 
0.13961500 
0.13952100 
0.13920500 
0.13960000 
0.13913100 
0.13939000 
0.13935700 
0.13900900 
0.13907800 
0.13906000 
0.13865500 
0.13875500 
0.13885100 
0.13889800 
0.13889800 
0.13900200 
0.13927300 
0.13908900 
0.13957100 
0.13944100 
0.13928500 
0.13925800 
0.13925800 
0.13919700 
0.13919700 
0.13930600 
0.13940000 
0.13940000 
0.13932000 
0.13907400 
0.13928500 
0.13889100 
0.13928500 
0.13918700 
0.13939100 
0.13909500 
0.13910800 
0.13931100 
0.13889800 
0.13875500 
0.13889600 
0.13906700 
0.13918200 
0.13918300 
0.13937300 
0.13932600 
0.13890800 
0.13897100 
0.13916300 
0.13886100 
0.13887500 
0.13945400 
0.13916900 
0.13919700 
0.13919700 
0.13902500 
0.13902500 
0.13882600 
0.13880000 
0.13917400 
0.13900000 
0.13899800 
0.13900000 
0.13900000 
0.13918300 
0.13939800 
0.13939700 
0.13918100 
0.13892400 
0.13917600 
0.13926500 
0.13926800 
0.13891900 
0.13892900 
0.13918200 
0.13927800 
0.13930600 
0.13889200 
0.13941000 
0.13944600 
0.13964100 
0.13951300 
0.13930300 
0.13928800 
0.13914700 
0.13874300 
0.13873700 
0.13872400 
0.13875300 
0.13914800 
0.13880400 
0.13896500 
0.13898100 
0.13920000 
0.13920000 
0.13930000 
0.13892500 
0.13930100 
0.13892000 
0.13889900 
0.13900100 
0.13902900 
0.13867200 
0.13867000 
0.13872800 
0.13867700 
0.13900000 
0.13863800 
0.13863500 
0.13863300 
0.13860000 
0.13866100 
0.13852100 
0.13857000 
0.13854700 
0.13850000 
0.13837700 
0.13849800 
0.13820000 
0.13800400 
0.13800300 
0.13826900 
0.13849800 
0.13851000 
0.13851100 
0.13810600 
0.13841000 
0.13841000 
0.13844600 
0.13844000 
0.13844000 
0.13838000 
0.13841900 
0.13859600 
0.13882700 
0.13870400 
0.13885900 
0.13913700 
0.13906900 
0.13899100 
0.13881000 
0.13872000 
0.13874700 
0.13897800 
0.13880300 
0.13855000 
0.13800800 
0.13817500 
0.13817600 
0.13835200 
0.13801100 
0.13828900 
0.13858300 
0.13861500 
0.13839500 
0.13807200 
0.13880000 
0.13880200 
0.13882000 
0.13931800 
0.13955700 
0.13987200 
0.13965400 
0.13940000 
0.13940100 
0.13946400 
0.13971500 
0.14011400 
0.14003000 
0.13976200 
0.13993400 
0.13993600 
0.13946000 
0.13972100 
0.13963600 
0.13963600 
0.13962600 
0.13925500 
0.13919800 
0.13880000 
0.13841700 
0.13900700 
0.13907400 
0.13954000 
0.13965200 
0.13955600 
0.13986700 
0.13949100 
0.13999000 
0.13980100 
0.13920000 
0.13873300 
0.13887000 
0.13898400 
0.13859700 
0.13892100 
0.13880300 
0.13880300 
0.13880300 
0.13870000 
0.13896300 
0.13876700 
0.13850800 
0.13857600 
0.13896200 
0.13880800 
0.13847900 
0.13876400 
0.13847600 
0.13849400 
0.13849400 
0.13849400 
0.13849400 
0.13820900 
0.13849200 
0.13871500 
0.13899000 
0.13912900 
0.13899000 
0.13898000 
0.13891400 
0.13889000 
0.13910400 
0.13924700 
0.13924500 
0.13924600 
0.13924500 
0.13890900 
0.13889500 
0.13883900 
0.13900000 
0.13884900 
0.13874200 
0.13874200 
0.13848900 
0.13863100 
0.13874200 
0.13884500 
0.13849100 
0.13870000 
0.13871000 
0.13887400 
0.13873600 
0.13874100 
0.13889600 
0.13876200 
0.13876600 
0.13879900 
0.13835600 
0.13820000 
0.13819500 
0.13819800 
0.13834300 
0.13818400 
0.13780300 
0.13797700 
0.13797700 
0.13787500 
0.13781600 
0.13804000 
0.13840500 
0.13794100 
0.13796600 
0.13801300 
0.13778800 
0.13777300 
0.13770000 
0.13750000 
0.13752400 
0.13806400 
0.13822000 
0.13859100 
0.13862800 
0.13862700 
0.13884800 
0.13845800 
0.13859800 
0.13942100 
0.13899700 
0.13851200 
0.13796000 
0.13818300 
0.13841400 
0.13841900 
0.13792300 
0.13751700 
0.13764400 
0.13779800 
0.13742200 
0.13710100 
0.13696100 
0.13675800 
0.13672000 
0.13684200 
0.13661700 
0.13684300 
0.13662700 
0.13662000 
0.13662300 
0.13657000 
0.13659000 
0.13678700 
0.13658400 
0.13658600 
0.13659300 
0.13690000 
0.13691700 
0.13716200 
0.13671100 
0.13670600 
0.13671300 
0.13749900 
0.13750000 
0.13749900 
0.13719600 
0.13719200 
0.13718200 
0.13743100 
0.13740000 
0.13743200 
0.13709000 
0.13690500 
0.13656100 
0.13643300 
0.13638000 
0.13630500 
0.13640200 
0.13640000 
0.13640200 
0.13670200 
0.13667700 
0.13626100 
0.13626100 
0.13626100 
0.13626100 
0.13603200 
0.13602400 
0.13602400 
0.13602600 
0.13602600 
0.13595700 
0.13556500 
0.13552300 
0.13552300 
0.13526300 
0.13526500 
0.13544100 
0.13544100 
0.13543600 
0.13507600 
0.13533800 
0.13526200 
0.13526500 
0.13529900 
0.13507600 
0.13489900 
0.13489000 
0.13486700 
0.13489200 
0.13492000 
0.13506400 
0.13506400 
0.13507900 
0.13510200 
0.13510200 
0.13520400 
0.13548500 
0.13524500 
0.13551900 
0.13554800 
0.13552200 
0.13538000 
0.13555400 
0.13559100 
0.13599800 
0.13600000 
0.13561500 
0.13561500 
0.13556800 
0.13567900 
0.13598900 
0.13579200 
0.13584200 
0.13611000 
0.13610000 
0.13560100 
0.13531700 
0.13492600 
0.13532200 
0.13520000 
0.13547700 
0.13552500 
0.13554300 
0.13554500 
0.13520900 
0.13520400 
0.13520700 
0.13520700 
0.13541400 
0.13493700 
0.13512700 
0.13529800 
0.13490100 
0.13528700 
0.13559000 
0.13628100 
0.13598200 
0.13620200 
0.13644700 
0.13644300 
0.13670000 
0.13568200 
0.13572300 
0.13574300 
0.13595000 
0.13619800 
0.13603800 
0.13606200 
0.13592300 
0.13634500 
0.13612400 
0.13641200 
0.13600000 
0.13560300 
0.13522500 
0.13534700 
0.13503300 
0.13542300 
0.13545600 
0.13501800 
0.13536200 
0.13589200 
0.13619500 
0.13586300 
0.13616400 
0.13586300 
0.13579500 
0.13576000 
0.13540200 
0.13551900 
0.13550000 
0.13534100 
0.13532000 
0.13551100 
0.13631400 
0.13635200 
0.13616600 
0.13659800 
0.13628100 
0.13617600 
0.13620000 
0.13604000 
0.13575000 
0.13495000 
0.13467000 
0.13467000 
0.13421000 
0.13420800 
0.13422100 
0.13476200 
0.13476200 
0.13435800 
0.13480100 
0.13437000 
0.13455900 
0.13499700 
0.13474900 
0.13439200 
0.13455900 
0.13447800 
0.13415000 
0.13385600 
0.13363900 
0.13338700 
0.13310000 
0.13339000 
0.13306000 
0.13345000 
0.13311600 
0.13305200 
0.13311700 
0.13305900 
0.13305300 
0.13305200 
0.13305300 
0.13305400 
0.13318800 
0.13305200 
0.13334100 
0.13334100 
0.13339200 
0.13334900 
0.13334100 
0.13332300 
0.13305200 
0.13304900 
0.13317200 
0.13302700 
0.13302300 
0.13267900 
0.13251500 
0.13299900 
0.13297700 
0.13282400 
0.13297100 
0.13297100 
0.13300400 
0.13317400 
0.13305300 
0.13319400 
0.13325800 
0.13305400 
0.13320000 
0.13325000 
0.13325700 
0.13307400 
0.13324600 
0.13326500 
0.13348600 
0.13362300 
0.13350800 
0.13378300 
0.13381600 
0.13381700 
0.13386600 
0.13392400 
0.13392400 
0.13393500 
0.13392700 
0.13392900 
0.13399900 
0.13423900 
0.13405400 
0.13446000 
0.13414500 
0.13394600 
0.13394500 
0.13410800 
0.13425100 
0.13442000 
0.13438100 
0.13472900 
0.13439600 
0.13444900 
0.13444900 
0.13435100 
0.13429900 
0.13413900 
0.13454900 
0.13455000 
0.13485300 
0.13511700 
0.13484100 
0.13497700 
0.13497800 
0.13465000 
0.13465000 
0.13471200 
0.13458600 
0.13507100 
0.13507200 
0.13467000 
0.13506600 
0.13498000 
0.13555300 
0.13536600 
0.13554900 
0.13554900 
0.13574900 
0.13575500 
0.13561300 
0.13550000 
0.13544000 
0.13544000 
0.13500000 
0.13517100 
0.13468000 
0.13468000 
0.13467800 
0.13496600 
0.13496800 
0.13459000 
0.13458900 
0.13472300 
0.13496800 
0.13478700 
0.13514600 
0.13508800 
0.13468600 
0.13475600 
0.13493000 
0.13492000 
0.13491800 
0.13491800 
0.13472000 
0.13494600 
0.13494200 
0.13452700 
0.13456500 
0.13474400 
0.13440400 
0.13490500 
0.13493800 
0.13464000 
0.13463500 
0.13501800 
0.13509900 
0.13446300 
0.13473600 
0.13452600 
0.13473400 
0.13509300 
0.13469800 
0.13480300 
0.13480100 
0.13519800 
0.13519800 
0.13509900 
0.13549900 
0.13480200 
0.13510000 
0.13510000 
0.13500000 
0.13450000 
0.13409400 
0.13403600 
0.13447000 
0.13447800 
0.13447800 
0.13404400 
0.13404200 
0.13426300 
0.13436700 
0.13436900 
0.13455200 
0.13456700 
0.13466900 
0.13478300 
0.13495100 
0.13456100 
0.13511400 
0.13513500 
0.13543500 
0.13511900 
0.13441400 
0.13400000 
0.13400200 
0.13400000 
0.13350000 
0.13350000 
0.13352700 
0.13352800 
0.13352700 
0.13352900 
0.13400100 
0.13326800 
0.13350000 
0.13383400 
0.13400700 
0.13392200 
0.13436300 
0.13443400 
0.13442500 
0.13451300 
0.13416000 
0.13434200 
0.13450300 
0.13486100 
0.13486900 
0.13550300 
0.13600000 
0.13617400 
0.13605900 
0.13598400 
0.13577100 
0.13568700 
0.13584700 
0.13642000 
0.13606000 
0.13648900 
0.13624000 
0.13624100 
0.13679400 
0.13679500 
0.13691800 
0.13694900 
0.13697000 
0.13698200 
0.13648600 
0.13678900 
0.13650100 
0.13663900 
0.13664000 
0.13648100 
0.13631000 
0.13635200 
0.13661600 
0.13658500 
0.13635100 
0.13635000 
0.13630300 
0.13651100 
0.13650500 
0.13650600 
0.13650400 
0.13678500 
0.13640000 
0.13649600 
0.13649900 
0.13625500 
0.13606000 
0.13635800 
0.13591000 
0.13619800 
0.13581100 
0.13555300 
0.13555100 
0.13533000 
0.13532900 
0.13533000 
0.13532700 
0.13522300 
0.13518600 
0.13520700 
0.13471400 
0.13532700 
0.13532800 
0.13532700 
0.13532600 
0.13499900 
0.13520400 
0.13525600 
0.13481100 
0.13532700 
0.13532800 
0.13494200 
0.13529800 
0.13533000 
0.13532800 
0.13512000 
0.13511900 
0.13533000 
0.13506000 
0.13533900 
0.13500100 
0.13536600 
0.13539800 
0.13537600 
0.13498900 
0.13539900 
0.13538900 
0.13539200 
0.13542500 
0.13517800 
0.13517500 
0.13517800 
0.13527300 
0.13507200 
0.13473700 
0.13473700 
0.13508100 
0.13498700 
0.13498700 
0.13498700 
0.13496100 
0.13498000 
0.13500000 
0.13500200 
0.13500200 
0.13500200 
0.13500000 
0.13509800 
0.13500100 
0.13502600 
0.13550700 
0.13567900 
0.13550200 
0.13550800 
0.13550800 
0.13550800 
0.13551300 
0.13550200 
0.13570200 
0.13570100 
0.13570800 
0.13569500 
0.13620200 
0.13598300 
0.13598200 
0.13586200 
0.13590500 
0.13562000 
0.13548600 
0.13546500 
0.13583800 
0.13599800 
0.13583900 
0.13584900 
0.13563400 
0.13539600 
0.13500500 
0.13541900 
0.13544600 
0.13522200 
0.13546100 
0.13557000 
0.13578200 
0.13563100 
0.13554500 
0.13585500 
0.13599700 
0.13599900 
0.13600000 
0.13601100 
0.13604300 
0.13686900 
0.13659500 
0.13675400 
0.13678900 
0.13710500 
0.13707600 
0.13679500 
0.13661000 
0.13681600 
0.13703000 
0.13688500 
0.13669900 
0.13664700 
0.13653500 
0.13674700 
0.13675100 
0.13665600 
0.13654000 
0.13698000 
0.13698600 
0.13702000 
0.13699000 
0.13713200 
0.13715600 
0.13719500 
0.13766300 
0.13820500 
0.13822100 
0.13800200 
0.13800800 
0.13862500 
0.13851100 
0.13862900 
0.13840200 
0.13826800 
0.13819900 
0.13827500 
0.13819600 
0.13802700 
0.13804900 
0.13823600 
0.13823700 
0.13800200 
0.13800100 
0.13853800 
0.13853900 
0.13854000 
0.13854900 
0.13817400 
0.13817500 
0.13865600 
0.13866100 
0.13866700 
0.13868100 
0.13868200 
0.13834700 
0.13879000 
0.13879000 
0.13879000 
0.13885200 
0.13886900 
0.13886900 
0.13886000 
0.13856400 
0.13887000 
0.13868200 
0.13865800 
0.13865800 
0.13865800 
0.13865800 
0.13865700 
0.13847800 
0.13886100 
0.13899800 
0.13886100 
0.13840800 
0.13830200 
0.13875000 
0.13886800 
0.13904700 
0.13904900 
0.13871300 
0.13872700 
0.13905000 
0.13910000 
0.13889700 
0.13889700 
0.13830400 
0.13870000 
0.13870000 
0.13848500 
0.13867900 
0.13810700 
0.13810600 
0.13828400 
0.13828400 
0.13811600 
0.13829900 
0.13828000 
0.13810100 
0.13832800 
0.13809800 
0.13807600 
0.13807600 
0.13858800 
0.13818500 
0.13827300 
0.13859500 
0.13859000 
0.13827300 
0.13887500 
0.13847700 
0.13887600 
0.13843400 
0.13857400 
0.13874100 
0.13892800 
0.13874700 
0.13870700 
0.13860000 
0.13872000 
0.13860000 
0.13861500 
0.13861400 
0.13861400 
0.13861400 
0.13859600 
0.13858900 
0.13826600 
0.13859600 
0.13859600 
0.13826100 
0.13845200 
0.13847600 
0.13858600 
0.13850000 
0.13829100 
0.13858900 
0.13825900 
0.13859800 
0.13861100 
0.13858300 
0.13844200 
0.13844200 
0.13844400 
0.13850100 
0.13850200 
0.13828400 
0.13808100 
0.13842400 
0.13850100 
0.13811100 
0.13850400 
0.13850300 
0.13850400 
0.13850400 
0.13850400 
0.13850400 
0.13805400 
0.13842700 
0.13845000 
0.13812100 
0.13812300 
0.13789300 
0.13816300 
0.13819700 
0.13821700 
0.13773200 
0.13822300 
0.13800000 
0.13792300 
0.13789700 
0.13760100 
0.13727100 
0.13731100 
0.13724300 
0.13751900 
0.13751000 
0.13759400 
0.13756300 
0.13741200 
0.13718200 
0.13754900 
0.13720100 
0.13752900 
0.13749900 
0.13747300 
0.13720000 
0.13720000 
0.13720000 
0.13720000 
0.13749700 
0.13748500 
0.13748500 
0.13712400 
0.13724300 
0.13747300 
0.13743500 
0.13709800 
0.13719300 
0.13719200 
0.13755000 
0.13750300 
0.13746600 
0.13740000 
0.13739900 
0.13717000 
0.13738000 
0.13738600 
0.13736500 
0.13738600 
0.13739800 
0.13739700 
0.13739700 
0.13710000 
0.13696900 
0.13691700 
0.13691800 
0.13740000 
0.13740000 
0.13691800 
0.13730200 
0.13736400 
0.13746600 
0.13747300 
0.13701400 
0.13743400 
0.13743500 
0.13743700 
0.13743700 
0.13743300 
0.13743300 
0.13749600 
0.13749700 
0.13749600 
0.13749500 
0.13698100 
0.13758300 
0.13758900 
0.13705000 
0.13703500 
0.13760400 
0.13750600 
0.13737400 
0.13737400 
0.13734100 
0.13709000 
0.13700800 
0.13710000 
0.13730000 
0.13750000 
0.13755800 
0.13770000 
0.13757500 
0.13769300 
0.13769800 
0.13770000 
0.13750000 
0.13772000 
0.13717900 
0.13772600 
0.13714500 
0.13710200 
0.13773500 
0.13714200 
0.13714200 
0.13777900 
0.13779800 
0.13780000 
0.13780000 
0.13754200 
0.13778600 
0.13827300 
0.13795500 
0.13800000 
0.13827100 
0.13804400 
0.13800800 
0.13800800 
0.13827700 
0.13827800 
0.13802300 
0.13805200 
0.13799800 
0.13788600 
0.13775400 
0.13777200 
0.13783800 
0.13791300 
0.13798300 
0.13798900 
0.13740800 
0.13774700 
0.13744800 
0.13759900 
0.13739600 
0.13772800 
0.13774800 
0.13718900 
0.13777000 
0.13739900 
0.13758800 
0.13797900 
0.13753300 
0.13806000 
0.13753700 
0.13808300 
0.13797900 
0.13798000 
0.13798200 
0.13799400 
0.13804000 
0.13790700 
0.13806000 
0.13790700 
0.13790900 
0.13789900 
0.13790000 
0.13790000 
0.13783300 
0.13783800 
0.13733300 
0.13784500 
0.13784400 
0.13760100 
0.13781000 
0.13794400 
0.13794600 
0.13794700 
0.13794900 
0.13795000 
0.13769500 
0.13775000 
0.13797200 
0.13801500 
0.13821800 
0.13800300 
0.13822000 
0.13803100 
0.13829800 
0.13803100 
0.13842800 
0.13840800 
0.13840900 
0.13844800 
0.13848800 
0.13851600 
0.13851900 
0.13852800 
0.13809300 
0.13853500 
0.13852600 
0.13827500 
0.13855100 
0.13861300 
0.13865100 
0.13874900 
0.13892700 
0.13899400 
0.13899300 
0.13898900 
0.13885500 
0.13911500 
0.13918800 
0.13918600 
0.13919300 
0.13919500 
0.13919500 
0.13889900 
0.13896100 
0.13921500 
0.13937000 
0.13936900 
0.13988700 
0.13982000 
0.13981800 
0.13939200 
0.14002700 
0.14006000 
0.14017500 
0.13979100 
0.14050400 
0.14049900 
0.14010200 
0.14031000 
0.14048100 
0.14040600 
0.14049900 
0.14040000 
0.14030300 
0.14017700 
0.13984100 
0.13990100 
0.14017800 
0.14018200 
0.14030200 
0.14006500 
0.14006600 
0.14030800 
0.13994100 
0.13999200 
0.13999900 
0.13999700 
0.13989800 
0.13989800 
0.13989800 
0.13989800 
0.13989800 
0.13989800 
0.13953000 
0.13989600 
0.13974900 
0.13974100 
0.13974500 
0.13945100 
0.13945200 
0.13987500 
0.13989500 
0.13989500 
0.13989600 
0.13989700 
0.13989600 
0.13986800 
0.13945100 
0.13982700 
0.13966900 
0.13989700 
0.13989600 
0.13987500 
0.13987400 
0.13943600 
0.13941700 
0.13989500 
0.13980000 
0.13943100 
0.13979700 
0.13966500 
0.13940000 
0.13924000 
0.13931100 
0.13892200 
0.13882400 
0.13925400 
0.13925800 
0.13880500 
0.13881100 
0.13885300 
0.13882000 
0.13939800 
0.13939900 
0.13939700 
0.13939700 
0.13920300 
0.13920200 
0.13920400 
0.13941100 
0.13920200 
0.13941500 
0.13919000 
0.13920300 
0.13928800 
0.13916600 
0.13879900 
0.13886100 
0.13927700 
0.13909000 
0.13872300 
0.13868100 
0.13872200 
0.13860000 
0.13859900 
0.13876300 
0.13855200 
0.13879700 
0.13879900 
0.13870000 
0.13879900 
0.13855100 
0.13855000 
0.13880000 
0.13880000 
0.13870000 
0.13869800 
0.13870000 
0.13860200 
0.13860200 
0.13857300 
0.13860200 
0.13860200 
0.13831700 
0.13831700 
0.13825200 
0.13836200 
0.13843600 
0.13840600 
0.13869400 
0.13870000 
0.13870000 
0.13852900 
0.13870000 
0.13868900 
0.13845700 
0.13845600 
0.13848100 
0.13846300 
0.13860500 
0.13877900 
0.13877900 
0.13848800 
0.13877900 
0.13856700 
0.13856700 
0.13856700 
0.13880000 
0.13880000 
0.13879800 
0.13879900 
0.13880000 
0.13880000 
0.13855700 
0.13855800 
0.13855800 
0.13855800 
0.13855700 
0.13855700 
0.13855700 
0.13855600 
0.13855700 
0.13821000 
0.13849800 
0.13846600 
0.13845700 
0.13845600 
0.13811700 
0.13813200 
0.13845700 
0.13849800 
0.13853500 
0.13853600 
0.13853600 
0.13847000 
0.13848100 
0.13810600 
0.13845200 
0.13845200 
0.13845100 
0.13845200 
0.13843500 
0.13800300 
0.13839200 
0.13839000 
0.13840600 
0.13791700 
0.13847300 
0.13801700 
0.13817200 
0.13832300 
0.13836000 
0.13817400 
0.13817400 
0.13817400 
0.13825300 
0.13817200 
0.13838200 
0.13854700 
0.13821700 
0.13854700 
0.13856900 
0.13857200 
0.13851900 
0.13853300 
0.13847900 
0.13847600 
0.13847800 
0.13810100 
0.13842400 
0.13842300 
0.13840800 
0.13840900 
0.13830800 
0.13830900 
0.13836800 
0.13837700 
0.13837200 
0.13837300 
0.13860400 
0.13819000 
0.13838300 
0.13870900 
0.13871300 
0.13872900 
0.13875700 
0.13874900 
0.13903700 
0.13903800 
0.13892900 
0.13893600 
0.13893700 
0.13878500 
0.13879900 
0.13879900 
0.13878500 
0.13878500 
0.13879900 
0.13892900 
0.13895500 
0.13894000 
0.13887200 
0.13887200 
0.13881800 
0.13831300 
0.13860900 
0.13829800 
0.13874300 
0.13832900 
0.13827100 
0.13833400 
0.13835100 
0.13864100 
0.13909000 
0.13909000 
0.13905400 
0.13900800 
0.13871000 
0.13871400 
0.13871400 
0.13880500 
0.13922900 
0.13880000 
0.13922900 
0.13894300 
0.13919700 
0.13922900 
0.13922900 
0.13922900 
0.13922800 
0.13896900 
0.13922700 
0.13922700 
0.13868600 
0.13922600 
0.13919000 
0.13922700 
0.13922900 
0.13900000 
0.13899900 
0.13899900 
0.13899800 
0.13870000 
0.13867100 
0.13858900 
0.13844500 
0.13844500 
0.13800000 
0.13827500 
0.13795200 
0.13791700 
0.13821900 
0.13823900 
0.13781000 
0.13778100 
0.13822800 
0.13818900 
0.13822800 
0.13822900 
0.13810100 
0.13804100 
0.13789000 
0.13797700 
0.13805700 
0.13808000 
0.13796000 
0.13796200 
0.13809400 
0.13809500 
0.13808400 
0.13791300 
0.13794300 
0.13797500 
0.13777100 
0.13838500 
0.13780900 
0.13782800 
0.13764900 
0.13764900 
0.13764900 
0.13763800 
0.13751200 
0.13768000 
0.13769800 
0.13765600 
0.13747200 
0.13747000 
0.13738100 
0.13733100 
0.13773400 
0.13744300 
0.13737900 
0.13738200 
0.13738200 
0.13769900 
0.13736400 
0.13762600 
0.13755100 
0.13788800 
0.13749900 
0.13743400 
0.13770000 
