0.73100000 
0.66200000 
3.41000000 
3.59700000 
1.69000000 
1.03900000 
6.92700000 
18.53400000 
7.47600000 
9.99200000 
5.20500000 
9.90100000 
24.83400000 
35.17100000 
1.66000000 
1.90700000 
19.55500000 
11.03600000 
162.93800000 
33.85900000 
21.82900000 
16.30700000 
23.44500000 
14.62700000 
5.03800000 
9.79300000 
4.86500000 
11.77200000 
13.65600000 
6.00300000 
12.25200000 
4.37000000 
11.47900000 
54.77100000 
8.12600000 
2.77800000 
4.32600000 
2.40800000 
0.21500000 
6.41100000 
6.77100000 
9.61700000 
9.39400000 
1.35900000 
4.09200000 
2.89600000 
14.18400000 
11.44000000 
17.73700000 
5.87700000 
3.99900000 
4.31900000 
8.39400000 
5.68300000 
12.36700000 
13.17000000 
27.00100000 
5.91300000 
3.67400000 
4.17700000 
2.13200000 
4.80400000 
13.15500000 
8.64100000 
6.74100000 
17.03700000 
51.70500000 
24.17300000 
2.15700000 
6.64100000 
15.44400000 
5.30100000 
3.12500000 
32.45100000 
41.90300000 
60.10300000 
23.20400000 
16.21800000 
5.75900000 
11.95600000 
23.32800000 
1.53000000 
9.89600000 
9.55800000 
3.32200000 
1.39900000 
10.56400000 
21.99200000 
14.63900000 
7.25600000 
7.07100000 
16.70800000 
11.50600000 
1.95300000 
3.11200000 
9.72300000 
2.28100000 
1.89700000 
1.01900000 
7.51300000 
0.77100000 
6.82200000 
4.50700000 
5.50300000 
14.73600000 
10.13900000 
15.27600000 
2.06900000 
18.39400000 
8.44200000 
16.25100000 
15.49100000 
63.85900000 
147.66000000 
43.50300000 
6.24900000 
1.27900000 
9.55600000 
11.99000000 
9.20700000 
6.03100000 
13.68800000 
4.15800000 
6.77100000 
7.99200000 
5.10400000 
2.81000000 
2.68700000 
2.19500000 
3.64400000 
3.91300000 
7.84200000 
27.56000000 
3.65900000 
5.51400000 
4.77800000 
16.49000000 
21.80700000 
4.25200000 
5.72200000 
4.34600000 
11.14800000 
7.52200000 
5.95900000 
2.45700000 
7.76700000 
19.05600000 
2.37400000 
5.00300000 
6.26400000 
3.36500000 
2.64700000 
2.26800000 
1.81800000 
1.76900000 
2.55200000 
1.44800000 
3.09100000 
9.13300000 
3.01900000 
2.24900000 
8.34100000 
3.12200000 
1.78000000 
18.14100000 
5.49800000 
1.43700000 
15.14500000 
3.84300000 
12.10800000 
3.12700000 
0.58500000 
3.52800000 
21.89700000 
0.25100000 
2.80700000 
4.29700000 
2.43200000 
1.42100000 
0.58200000 
1.05900000 
0.53700000 
1.51100000 
1.06100000 
0.42700000 
5.95500000 
14.42500000 
110.03700000 
3.58100000 
8.47700000 
1.97900000 
4.59600000 
3.62200000 
2.69300000 
2.35900000 
0.41800000 
2.14000000 
0.38800000 
1.68000000 
1.68500000 
0.43700000 
0.02600000 
25.36500000 
14.86600000 
3.84700000 
10.03000000 
10.72900000 
3.10500000 
2.29400000 
9.14800000 
0.10400000 
0.15800000 
0.58800000 
3.90100000 
11.40700000 
2.25700000 
3.63100000 
13.16000000 
4.54800000 
7.38700000 
9.91100000 
7.80800000 
0.40300000 
9.20600000 
33.09000000 
7.92300000 
3.80400000 
7.28800000 
2.05300000 
3.69600000 
1.35900000 
4.79200000 
0.34100000 
11.36500000 
2.46600000 
0.90900000 
21.83700000 
1.33700000 
1.09900000 
4.04400000 
13.33000000 
0.20000000 
3.30100000 
1.60800000 
2.57100000 
11.16000000 
2.84600000 
4.41400000 
0.49600000 
3.66200000 
5.51100000 
5.47200000 
6.56200000 
7.56300000 
3.18000000 
3.02700000 
2.89600000 
2.15000000 
0.72800000 
3.39000000 
5.96800000 
1.49900000 
2.14500000 
2.69700000 
6.50500000 
3.96800000 
3.13300000 
4.77100000 
4.17100000 
1.31100000 
1.44200000 
4.97700000 
6.50800000 
6.33700000 
0.69900000 
0.33200000 
10.34000000 
13.14300000 
1.58200000 
1.24600000 
0.41400000 
2.52400000 
0.21100000 
2.65400000 
3.10700000 
7.89800000 
5.99100000 
0.82400000 
1.67400000 
3.51700000 
1.04200000 
2.69400000 
8.33600000 
11.53600000 
8.42600000 
25.03100000 
15.99500000 
75.62700000 
17.48600000 
10.04300000 
2.36100000 
1.61800000 
1.23200000 
3.66800000 
9.96700000 
148.64900000 
4.01000000 
21.03400000 
9.44900000 
10.49100000 
9.33500000 
3.87000000 
34.21000000 
16.64700000 
7.00200000 
17.87000000 
19.90900000 
48.99800000 
22.11500000 
28.34400000 
12.43700000 
3.49600000 
12.43500000 
7.06400000 
6.35500000 
4.13300000 
8.65900000 
6.07300000 
10.03300000 
1.71000000 
14.97500000 
7.80400000 
5.12800000 
2.19900000 
10.36900000 
10.41700000 
0.84100000 
1.69100000 
5.19800000 
2.89300000 
4.51000000 
19.10900000 
14.18400000 
7.23700000 
8.26900000 
12.96500000 
4.08700000 
30.62900000 
108.87100000 
18.10500000 
11.58300000 
5.23500000 
20.83900000 
11.27100000 
1.65000000 
17.25300000 
5.18200000 
6.15600000 
66.54400000 
20.55500000 
43.07000000 
42.77400000 
88.76200000 
24.89100000 
27.98800000 
9.07600000 
9.96900000 
7.46900000 
8.57600000 
5.53600000 
24.87800000 
7.14100000 
32.58600000 
8.43800000 
13.12400000 
22.47000000 
4.50900000 
27.24400000 
9.41900000 
65.66800000 
19.29200000 
48.10700000 
26.37800000 
63.19600000 
51.48400000 
69.63400000 
82.63600000 
45.27800000 
3.58500000 
5.68000000 
15.99600000 
3.35300000 
2.90100000 
41.22700000 
44.75900000 
3.49500000 
3.28900000 
0.40300000 
3.00700000 
63.42800000 
4.55400000 
13.15900000 
8.38900000 
11.42300000 
1.16600000 
3.84500000 
21.23700000 
9.81200000 
7.12900000 
20.57400000 
13.53400000 
5.53900000 
1.76000000 
15.19400000 
14.21500000 
12.28500000 
5.00200000 
3.76400000 
10.11500000 
11.86100000 
6.54500000 
1.33200000 
2.70400000 
1.75700000 
10.56900000 
6.89300000 
21.11400000 
9.74100000 
4.92100000 
38.61100000 
21.58100000 
6.72600000 
2.61500000 
5.78800000 
4.53100000 
4.31900000 
4.93500000 
38.23800000 
72.48300000 
26.75300000 
37.50700000 
13.18600000 
6.47400000 
20.02100000 
5.49500000 
0.63600000 
3.54600000 
3.01300000 
3.43500000 
12.12600000 
8.30900000 
31.19200000 
28.14700000 
13.35800000 
21.50300000 
4.58900000 
12.95500000 
14.31100000 
33.32900000 
15.82300000 
13.65600000 
26.98700000 
8.38100000 
3.56300000 
25.38800000 
11.98300000 
10.46600000 
27.10200000 
10.60900000 
13.41600000 
7.80700000 
4.11600000 
16.03800000 
17.58200000 
20.39600000 
19.74200000 
8.58600000 
12.34200000 
10.66000000 
4.60900000 
24.40100000 
21.52300000 
9.84500000 
15.07500000 
11.35000000 
6.45400000 
18.40900000 
2.33000000 
24.75300000 
20.72800000 
16.74200000 
4.15500000 
18.17900000 
9.41800000 
2.80500000 
3.07900000 
6.30100000 
9.13700000 
4.03300000 
4.54100000 
4.43100000 
8.40500000 
24.53300000 
4.92200000 
0.97500000 
3.60300000 
8.97800000 
5.65900000 
4.92900000 
10.78800000 
41.25500000 
16.57200000 
15.00600000 
11.27500000 
21.55600000 
14.46700000 
10.01400000 
3.17400000 
15.62600000 
10.21200000 
8.58300000 
8.81300000 
0.35100000 
4.11400000 
3.13300000 
6.27100000 
3.70200000 
1.17000000 
4.92100000 
3.78200000 
5.45200000 
6.14800000 
2.36600000 
5.73200000 
3.65500000 
0.86700000 
2.69500000 
2.43100000 
3.16600000 
2.05100000 
0.69500000 
1.19000000 
2.41800000 
1.72300000 
3.61600000 
2.38300000 
0.68700000 
14.60100000 
1.07000000 
0.67500000 
9.05000000 
4.94200000 
9.73300000 
5.14700000 
0.83700000 
0.67400000 
2.65200000 
3.73400000 
1.59900000 
1.11100000 
2.29400000 
0.03700000 
0.89400000 
5.24600000 
0.87500000 
7.40300000 
1.28600000 
3.88900000 
1.49900000 
1.41600000 
1.51000000 
0.06900000 
2.09600000 
0.00000000 
1.02000000 
4.02000000 
2.32200000 
17.45100000 
0.41200000 
0.57100000 
3.12000000 
1.25600000 
6.75100000 
5.76900000 
31.67900000 
17.53700000 
6.30200000 
7.81000000 
7.88400000 
4.38900000 
5.80100000 
5.69300000 
9.43600000 
3.75800000 
1.75000000 
7.23800000 
0.82900000 
1.61000000 
5.31300000 
10.70200000 
3.19900000 
4.90000000 
9.92700000 
1.99800000 
1.12000000 
0.01000000 
0.80200000 
0.03200000 
2.44900000 
0.71800000 
13.85700000 
2.05000000 
1.07500000 
2.05000000 
1.76100000 
15.87100000 
1.85100000 
1.60100000 
10.67400000 
9.06800000 
1.93800000 
1.79600000 
6.10800000 
3.85700000 
21.24000000 
2.23100000 
2.70200000 
1.26800000 
0.94900000 
0.83300000 
1.96000000 
4.33600000 
6.01100000 
6.49400000 
4.13700000 
12.25800000 
16.41200000 
1.23500000 
16.00300000 
14.78700000 
0.48800000 
0.91900000 
20.41700000 
3.71500000 
10.04300000 
6.13700000 
7.40300000 
2.74700000 
6.03900000 
4.55000000 
2.68500000 
1.06600000 
2.56600000 
5.04500000 
7.61500000 
1.39600000 
3.75000000 
10.69800000 
8.22900000 
1.58500000 
4.73300000 
3.50000000 
12.73100000 
8.33900000 
5.45900000 
4.62500000 
10.94200000 
10.73100000 
0.58300000 
3.17000000 
9.19900000 
7.05900000 
7.75900000 
7.77700000 
19.07800000 
4.02000000 
53.61200000 
6.25600000 
5.92400000 
9.32200000 
14.30600000 
1.47900000 
2.56400000 
11.65200000 
2.31300000 
2.35400000 
4.91100000 
2.18600000 
1.27900000 
8.49600000 
1.71800000 
8.28400000 
6.12500000 
11.94000000 
9.18000000 
3.67900000 
18.51300000 
1.18700000 
1.12700000 
5.24100000 
2.86800000 
5.70000000 
0.31000000 
11.47500000 
4.98200000 
3.47900000 
10.96900000 
6.90500000 
12.78700000 
5.32700000 
7.63400000 
5.58400000 
7.85300000 
17.97300000 
4.46600000 
1.86600000 
9.90000000 
15.79900000 
30.16600000 
15.64500000 
20.29100000 
47.83100000 
26.55600000 
7.76000000 
6.26200000 
3.29500000 
9.72900000 
2.87000000 
6.27500000 
10.92900000 
8.74800000 
35.03400000 
9.42300000 
11.14000000 
18.42700000 
6.88200000 
3.35400000 
4.14300000 
8.16100000 
4.07400000 
2.74900000 
12.85100000 
5.06800000 
20.95000000 
5.18800000 
5.58900000 
4.13800000 
58.46400000 
0.09300000 
0.44400000 
1.81300000 
7.69400000 
10.16700000 
6.54000000 
3.15800000 
1.84600000 
7.10800000 
14.76100000 
12.69600000 
19.05100000 
9.05300000 
0.67700000 
4.13400000 
1.31500000 
9.27000000 
13.17100000 
3.12800000 
0.76400000 
0.33400000 
2.14000000 
0.48800000 
2.61700000 
0.26200000 
0.50700000 
1.63600000 
0.60800000 
5.68800000 
2.93800000 
2.48300000 
2.85400000 
1.33400000 
10.57300000 
21.66600000 
4.97700000 
4.00600000 
9.19600000 
3.85000000 
2.19000000 
7.53700000 
52.11200000 
45.80600000 
0.53700000 
0.09200000 
7.01800000 
8.14900000 
5.96800000 
4.26400000 
13.67100000 
6.36700000 
3.87900000 
1.54100000 
0.52000000 
0.69500000 
4.16000000 
2.12700000 
0.98100000 
7.00900000 
13.89100000 
13.77900000 
10.05300000 
1.18900000 
1.85800000 
0.97100000 
20.33900000 
1.45500000 
1.99200000 
4.89200000 
6.41300000 
2.74300000 
6.55100000 
3.75600000 
4.98200000 
3.97700000 
3.28100000 
18.04800000 
32.43200000 
15.36300000 
1.91000000 
10.01800000 
3.28000000 
18.02800000 
7.78800000 
4.72500000 
1.42100000 
0.59200000 
2.39700000 
4.06000000 
1.51700000 
10.60200000 
2.15900000 
6.75300000 
3.28800000 
2.76000000 
3.76600000 
6.27600000 
2.46100000 
3.10900000 
7.53500000 
12.71200000 
18.74500000 
68.63400000 
2.75000000 
0.81800000 
3.08600000 
3.21000000 
5.89900000 
13.84200000 
6.99400000 
0.18700000 
2.68200000 
5.39500000 
0.63100000 
4.49700000 
1.90100000 
1.42600000 
4.23700000 
0.27100000 
4.62900000 
9.65800000 
0.25200000 
9.80500000 
2.21700000 
40.58900000 
4.07300000 
18.15100000 
4.75800000 
8.35100000 
0.07800000 
1.03800000 
4.41800000 
5.69300000 
3.60500000 
2.33300000 
0.15000000 
0.17600000 
0.95600000 
1.83500000 
0.15600000 
3.19100000 
2.56100000 
0.18400000 
7.60800000 
2.44800000 
15.85900000 
1.00800000 
0.12100000 
0.29300000 
0.31100000 
1.76000000 
11.77100000 
4.37600000 
5.16300000 
1.41300000 
1.47500000 
4.73800000 
2.48600000 
1.80500000 
8.98400000 
1.80000000 
0.59400000 
1.69700000 
2.18800000 
0.40600000 
9.96300000 
1.45600000 
1.13100000 
1.19900000 
3.53400000 
13.18700000 
0.89900000 
25.18000000 
2.35800000 
0.44400000 
16.13200000 
1.27700000 
6.71300000 
12.00100000 
4.52000000 
16.04500000 
3.75200000 
7.27200000 
1.35800000 
3.69200000 
6.61000000 
1.19000000 
11.26300000 
6.71600000 
1.74200000 
1.65200000 
15.19900000 
33.73500000 
26.78600000 
10.00200000 
8.24600000 
4.10800000 
14.14800000 
3.41100000 
7.09800000 
9.66100000 
29.82400000 
11.93300000 
6.66900000 
15.43000000 
0.72600000 
13.58900000 
3.00000000 
8.55700000 
37.25400000 
27.63700000 
9.90100000 
7.35300000 
4.98700000 
3.51900000 
18.61700000 
2.81900000 
0.80200000 
6.42700000 
6.60500000 
10.75200000 
40.83600000 
17.27700000 
7.58800000 
27.07100000 
1.53600000 
6.05700000 
5.51300000 
0.90200000 
2.84000000 
2.77000000 
0.78800000 
0.52400000 
0.20300000 
6.10900000 
8.48400000 
2.92800000 
22.76600000 
29.89400000 
18.61000000 
3.13600000 
11.24500000 
9.44700000 
12.95600000 
20.03000000 
10.88900000 
84.03400000 
47.58000000 
51.79400000 
6.25600000 
1.76000000 
23.74300000 
2.72700000 
4.40600000 
6.78000000 
0.19400000 
5.15500000 
2.30800000 
3.16600000 
0.71000000 
1.56800000 
2.63200000 
1.05900000 
8.50100000 
4.01000000 
7.13200000 
0.01200000 
3.27500000 
0.48600000 
2.48700000 
10.83000000 
9.54500000 
2.60300000 
9.79500000 
0.63200000 
2.05700000 
4.57500000 
7.49200000 
17.82100000 
0.13200000 
5.28400000 
7.97900000 
8.25400000 
1.39600000 
2.78900000 
6.39900000 
23.74000000 
19.43100000 
6.86400000 
2.70900000 
7.00300000 
6.45700000 
10.57100000 
11.58900000 
4.61400000 
8.14000000 
2.54900000 
33.86800000 
8.31000000 
11.65600000 
3.69900000 
23.66200000 
1.28000000 
1.27300000 
7.17600000 
5.77100000 
2.80300000 
17.14200000 
3.13500000 
3.38600000 
0.09800000 
11.46800000 
30.88100000 
0.29100000 
16.86700000 
20.03400000 
36.66100000 
19.03200000 
1.16400000 
19.81800000 
9.74200000 
3.53800000 
7.09600000 
36.96100000 
21.36900000 
2.79500000 
2.47700000 
0.28500000 
2.92500000 
12.90400000 
34.07500000 
3.05500000 
12.01800000 
23.59500000 
1.31500000 
5.83300000 
7.78300000 
1.74300000 
11.30000000 
10.65000000 
3.20200000 
21.43500000 
14.06600000 
3.27300000 
6.68100000 
30.60500000 
24.68700000 
4.00100000 
2.42300000 
1.15200000 
3.67900000 
5.69500000 
5.83100000 
18.33800000 
10.02700000 
6.08400000 
1.68900000 
3.08500000 
5.07300000 
8.70900000 
15.29300000 
56.96400000 
1.80900000 
4.60700000 
24.02700000 
36.50400000 
12.10500000 
25.82900000 
11.55900000 
2.95600000 
4.38000000 
7.38400000 
6.85200000 
8.44100000 
6.63900000 
10.38600000 
28.13000000 
26.65500000 
5.76600000 
10.44300000 
9.71600000 
7.20400000 
38.92100000 
9.19300000 
4.89700000 
1.66500000 
5.09800000 
41.53800000 
2.15000000 
3.59500000 
2.63500000 
8.10000000 
3.65800000 
6.21700000 
15.88800000 
0.65300000 
4.71900000 
5.96600000 
15.93600000 
27.25600000 
3.45600000 
16.22600000 
25.33900000 
1.79000000 
2.79500000 
8.30200000 
8.25100000 
10.99700000 
16.55800000 
10.22800000 
95.03100000 
30.44700000 
4.81900000 
3.71100000 
2.65400000 
6.68200000 
3.36800000 
7.37100000 
10.84900000 
46.20400000 
101.07700000 
7.20200000 
12.80600000 
7.53300000 
1.37100000 
2.76000000 
12.81400000 
22.48700000 
16.86500000 
3.69000000 
6.93400000 
3.35800000 
5.80800000 
7.30900000 
0.17500000 
5.25400000 
4.19100000 
37.75100000 
11.26100000 
14.34900000 
17.99200000 
42.72600000 
4.82200000 
4.79100000 
73.08000000 
14.77100000 
3.18000000 
2.02400000 
6.06400000 
24.33400000 
7.05700000 
11.78700000 
6.67400000 
6.38000000 
8.12800000 
6.08600000 
5.95000000 
8.94300000 
32.02400000 
4.85600000 
4.34700000 
35.72700000 
19.34000000 
14.73100000 
15.80400000 
30.91500000 
2.62300000 
9.21500000 
6.81300000 
12.08600000 
16.00200000 
22.10000000 
12.77000000 
4.26100000 
8.80200000 
3.05200000 
8.68900000 
15.05800000 
8.22400000 
7.73800000 
2.34100000 
4.20400000 
5.77500000 
8.53500000 
2.04200000 
0.62300000 
2.47100000 
1.61100000 
0.14200000 
3.47700000 
5.34100000 
7.47800000 
13.94700000 
24.06900000 
6.50700000 
6.39200000 
1.33700000 
3.24000000 
2.50100000 
23.34200000 
0.87200000 
19.34200000 
3.26200000 
1.54700000 
6.88900000 
5.75700000 
1.18300000 
13.23800000 
1.38800000 
1.39400000 
0.39800000 
0.66000000 
1.39400000 
0.43800000 
1.40500000 
2.05500000 
0.50500000 
10.93800000 
1.17000000 
2.01000000 
23.74200000 
0.80700000 
1.25700000 
1.36000000 
4.77000000 
2.96600000 
7.75300000 
4.48300000 
7.59400000 
18.61500000 
4.84000000 
5.68700000 
6.15200000 
2.85200000 
4.19900000 
2.70500000 
25.25200000 
12.23200000 
8.22700000 
7.29600000 
6.16500000 
12.15400000 
4.82700000 
11.02700000 
3.12300000 
19.70600000 
36.85300000 
1.03100000 
1.93700000 
0.70000000 
8.48400000 
5.00800000 
1.40000000 
0.31400000 
1.04400000 
11.61300000 
9.54100000 
147.76600000 
5.86200000 
11.56400000 
2.38700000 
5.86200000 
12.99100000 
1.88600000 
4.25000000 
2.69300000 
1.92200000 
42.26400000 
1.47600000 
0.81300000 
3.91900000 
3.15100000 
9.07400000 
2.95700000 
15.50700000 
3.51400000 
6.99100000 
9.37200000 
4.65600000 
25.70600000 
4.56700000 
7.18200000 
3.37000000 
2.00200000 
10.79700000 
6.48500000 
8.43300000 
12.69800000 
13.52700000 
3.32800000 
3.32800000 
3.86700000 
7.75900000 
4.88600000 
2.27000000 
6.76000000 
1.40100000 
3.47000000 
10.93300000 
10.68600000 
4.91600000 
4.01500000 
12.05000000 
2.75100000 
4.30900000 
3.97700000 
4.01300000 
8.80700000 
6.59500000 
7.55200000 
12.72800000 
11.83500000 
9.39200000 
5.03800000 
13.62800000 
6.08200000 
8.51900000 
11.27400000 
5.76700000 
3.91600000 
4.97500000 
7.81700000 
8.28700000 
3.43000000 
3.32800000 
7.60100000 
14.40500000 
0.74900000 
1.32700000 
3.04700000 
1.87000000 
3.15700000 
3.77000000 
24.34200000 
13.44300000 
3.56200000 
2.95800000 
5.20400000 
5.72700000 
6.49500000 
3.86500000 
14.76000000 
4.94100000 
2.08000000 
0.64900000 
4.96900000 
6.62500000 
7.31000000 
4.83500000 
16.02800000 
0.45700000 
0.84800000 
1.04500000 
4.62500000 
2.89900000 
0.64200000 
1.47000000 
3.86900000 
1.54500000 
4.22900000 
2.60600000 
4.04000000 
1.19700000 
0.68200000 
1.76500000 
6.85300000 
0.45200000 
2.34500000 
2.97600000 
20.19200000 
3.76400000 
5.58600000 
3.45400000 
1.60200000 
0.91900000 
7.38400000 
0.30500000 
1.41900000 
5.06600000 
2.83700000 
2.40700000 
9.20200000 
3.07900000 
2.44000000 
0.22700000 
0.34600000 
1.70800000 
6.36100000 
5.34100000 
11.32800000 
4.39300000 
7.41300000 
23.28800000 
15.19900000 
4.10400000 
2.46100000 
8.90000000 
1.63100000 
4.71400000 
1.26200000 
0.31100000 
1.13400000 
0.36300000 
10.69200000 
9.78300000 
5.70100000 
0.74900000 
16.54700000 
3.84300000 
7.42600000 
4.74400000 
1.73000000 
0.07600000 
4.73100000 
0.84000000 
1.36000000 
4.47500000 
2.80700000 
4.87400000 
1.98700000 
3.75600000 
14.08800000 
10.52900000 
11.30700000 
4.74000000 
3.57500000 
4.07900000 
8.53400000 
8.53500000 
26.96200000 
43.70100000 
21.55000000 
4.39800000 
7.54100000 
1.94600000 
4.78900000 
7.17600000 
18.43200000 
1.73300000 
2.13700000 
1.06900000 
9.05500000 
10.02900000 
12.49300000 
3.29200000 
15.57700000 
3.22600000 
19.27100000 
5.96200000 
6.35000000 
7.22500000 
17.13000000 
7.73200000 
12.59900000 
6.09500000 
5.96300000 
13.00500000 
6.03600000 
19.98900000 
5.90900000 
12.05000000 
7.23300000 
6.66100000 
25.53200000 
21.83300000 
44.69000000 
8.57400000 
39.99800000 
16.49000000 
13.45000000 
32.78700000 
25.42500000 
13.69000000 
16.02500000 
2.40500000 
15.74700000 
12.01000000 
10.33500000 
21.09800000 
11.12400000 
17.26100000 
8.91300000 
6.20100000 
36.42000000 
13.24100000 
8.42200000 
20.26600000 
11.02200000 
21.78400000 
6.10700000 
3.81700000 
7.68300000 
59.04300000 
27.16300000 
21.16100000 
51.45100000 
30.49600000 
18.06400000 
11.94100000 
6.19800000 
2.25600000 
14.97000000 
15.69100000 
9.15300000 
19.47500000 
1.45100000 
2.76600000 
3.29200000 
2.15800000 
27.60700000 
18.06600000 
67.29100000 
9.63300000 
12.78200000 
4.44400000 
2.95100000 
8.22500000 
20.36000000 
13.42400000 
7.23800000 
10.77900000 
5.96700000 
18.28600000 
17.83700000 
26.39600000 
9.04300000 
7.59000000 
12.55800000 
11.61200000 
28.58100000 
25.27000000 
15.66300000 
5.41100000 
12.60200000 
6.86700000 
1.50000000 
8.19400000 
3.42500000 
1.38500000 
1.91200000 
1.22400000 
2.69700000 
2.67300000 
4.80300000 
12.14600000 
9.27700000 
5.07800000 
9.82700000 
4.26200000 
5.82100000 
1.95300000 
12.67000000 
6.78600000 
2.95600000 
2.78300000 
4.93100000 
1.16200000 
1.57000000 
3.53400000 
1.11800000 
3.83000000 
32.87600000 
16.37700000 
0.11200000 
5.09700000 
14.44400000 
1.00900000 
9.82300000 
1.36000000 
7.47900000 
6.95000000 
0.87500000 
6.08000000 
0.70100000 
1.11800000 
3.98100000 
1.37800000 
0.59500000 
1.77100000 
3.11600000 
3.74300000 
0.51200000 
5.48500000 
36.20200000 
7.04500000 
1.13000000 
3.35700000 
1.54600000 
2.90200000 
10.04300000 
1.10500000 
8.93300000 
8.22400000 
21.51000000 
9.19200000 
18.18100000 
21.39800000 
11.18700000 
7.78600000 
1.95100000 
1.67100000 
2.77400000 
7.05400000 
4.77900000 
1.79600000 
1.79400000 
1.83700000 
8.80400000 
4.60700000 
1.81100000 
1.94400000 
0.71600000 
2.82900000 
10.64200000 
0.53800000 
4.50500000 
6.60700000 
24.81500000 
14.51200000 
12.90300000 
10.87700000 
15.43600000 
9.23400000 
9.28000000 
12.69300000 
20.02600000 
104.87000000 
55.13100000 
3.15300000 
4.14300000 
0.65200000 
2.70100000 
2.59600000 
0.64900000 
6.45000000 
0.92600000 
2.04700000 
7.41700000 
6.13400000 
10.73900000 
15.36100000 
2.62800000 
0.30300000 
6.72100000 
0.51000000 
2.31800000 
3.53600000 
0.03300000 
0.18000000 
1.58800000 
1.53500000 
6.27500000 
5.81000000 
2.07100000 
0.10000000 
0.30500000 
3.73700000 
26.92900000 
3.85000000 
1.03200000 
0.71900000 
9.26000000 
17.21000000 
1.05100000 
8.70000000 
0.23100000 
0.41300000 
14.26500000 
2.92200000 
0.41400000 
3.48100000 
1.74800000 
2.92700000 
0.53100000 
1.69200000 
1.96400000 
3.07700000 
2.48600000 
7.47700000 
7.05600000 
24.30100000 
7.44500000 
10.10200000 
1.51700000 
5.44900000 
14.11900000 
6.02300000 
2.57000000 
4.20800000 
1.77100000 
0.49000000 
0.30700000 
3.69600000 
2.04300000 
4.79500000 
5.24400000 
4.57400000 
6.46300000 
0.22900000 
1.06500000 
0.65900000 
0.21100000 
1.57500000 
3.20600000 
0.09100000 
8.59600000 
14.69400000 
14.87900000 
5.30900000 
9.69300000 
4.26500000 
1.39400000 
0.71100000 
0.09900000 
0.10300000 
3.27500000 
2.60900000 
1.21800000 
1.90300000 
0.68400000 
3.12800000 
4.85700000 
0.74800000 
1.69900000 
24.66100000 
6.11500000 
6.01800000 
2.16100000 
2.43400000 
1.02900000 
1.43000000 
0.02100000 
6.17400000 
0.56300000 
2.99300000 
2.41400000 
1.24800000 
0.41500000 
3.29900000 
5.32800000 
3.08800000 
1.46600000 
0.68000000 
2.09300000 
3.33000000 
0.50500000 
0.72800000 
4.27700000 
24.47600000 
19.40400000 
73.37100000 
10.19800000 
6.80100000 
8.40300000 
11.71200000 
8.52500000 
6.27200000 
19.34600000 
5.61400000 
1.76600000 
12.26300000 
4.87100000 
4.66900000 
7.89000000 
1.87900000 
8.95400000 
28.34200000 
5.55100000 
0.48100000 
2.61000000 
28.74200000 
21.81900000 
14.96200000 
3.73700000 
3.67100000 
4.16300000 
4.61000000 
8.81200000 
33.11500000 
6.07500000 
2.92900000 
32.15800000 
3.05100000 
2.27500000 
2.54600000 
1.24000000 
11.62900000 
1.41500000 
2.09200000 
1.30900000 
7.56700000 
10.71000000 
0.77000000 
0.18100000 
0.72600000 
2.54500000 
6.31200000 
26.27700000 
17.59500000 
13.76900000 
0.81000000 
3.09900000 
2.43600000 
4.20000000 
12.27800000 
3.10100000 
5.80800000 
3.90500000 
3.51200000 
9.85700000 
12.63400000 
4.73800000 
19.85100000 
4.06400000 
43.29200000 
61.42100000 
11.99700000 
0.01700000 
3.15600000 
35.66100000 
15.93200000 
3.12500000 
4.17800000 
10.55400000 
1.17100000 
0.55600000 
0.64500000 
1.16500000 
8.14400000 
10.61800000 
10.83600000 
2.03400000 
4.02600000 
7.60600000 
49.47300000 
17.32800000 
33.30900000 
69.59900000 
37.98900000 
36.11900000 
4.11300000 
3.10800000 
0.78900000 
8.52800000 
1.47500000 
16.02100000 
7.29300000 
12.00800000 
1.26000000 
4.78900000 
5.25100000 
8.75300000 
3.14900000 
5.50200000 
0.94400000 
0.92200000 
3.51800000 
0.52300000 
5.83900000 
7.22800000 
2.00000000 
0.41900000 
0.00000000 
0.05900000 
0.00000000 
1.55100000 
0.14400000 
0.15000000 
1.33600000 
0.81700000 
0.05800000 
1.30000000 
4.28600000 
11.69000000 
1.15400000 
0.67900000 
0.35700000 
4.56700000 
3.65800000 
11.69700000 
1.90600000 
4.06600000 
4.01200000 
2.09200000 
6.56100000 
1.00500000 
2.99000000 
1.81800000 
0.29000000 
5.39600000 
8.74000000 
0.55500000 
1.00300000 
0.00000000 
0.07100000 
0.19200000 
0.08800000 
3.43200000 
1.12400000 
1.56300000 
0.26400000 
0.10400000 
7.78000000 
0.16100000 
2.55000000 
3.10100000 
3.57300000 
4.01600000 
3.14700000 
2.46000000 
2.47100000 
1.33500000 
1.02100000 
0.04500000 
0.17900000 
3.96400000 
1.04100000 
6.11000000 
2.27800000 
2.34400000 
4.48200000 
2.54300000 
31.19600000 
0.48900000 
0.24900000 
5.56000000 
3.91200000 
3.48000000 
16.22900000 
4.59300000 
0.96100000 
2.93200000 
0.18300000 
1.76500000 
9.25300000 
2.25400000 
2.75300000 
4.60300000 
0.00000000 
0.85200000 
0.00000000 
2.20700000 
7.50200000 
2.75200000 
1.36300000 
2.48300000 
1.09100000 
1.11000000 
6.33600000 
0.74300000 
3.33500000 
1.85700000 
2.03000000 
0.59800000 
2.50600000 
0.32300000 
12.20000000 
1.28300000 
2.94200000 
3.61100000 
0.22300000 
1.93100000 
0.29600000 
0.88400000 
1.74100000 
0.37000000 
1.76000000 
0.34400000 
5.72900000 
1.91700000 
1.05900000 
5.04200000 
3.09700000 
2.96000000 
1.73500000 
4.61300000 
6.55400000 
3.26300000 
10.48300000 
3.47400000 
6.84600000 
6.56100000 
2.42000000 
16.73200000 
7.54800000 
33.17700000 
20.73600000 
1.11900000 
3.23200000 
1.63100000 
0.26000000 
2.29400000 
0.86000000 
1.17300000 
6.59400000 
4.82200000 
2.09000000 
2.10500000 
10.09300000 
30.34300000 
35.93400000 
0.93200000 
6.15300000 
0.02900000 
3.49600000 
2.07100000 
5.15200000 
1.24000000 
0.41900000 
3.32700000 
5.60700000 
39.69200000 
5.57300000 
2.45900000 
29.67200000 
17.53000000 
7.71900000 
4.88900000 
7.07900000 
1.42800000 
3.05000000 
12.51200000 
10.25000000 
3.81500000 
8.97500000 
17.75200000 
0.58800000 
0.94500000 
1.93800000 
7.83500000 
3.09400000 
25.21800000 
8.38800000 
6.16000000 
3.56600000 
17.69000000 
5.48400000 
7.69600000 
4.50000000 
22.29400000 
8.37900000 
1.92000000 
2.45600000 
6.27700000 
6.90500000 
2.13600000 
4.51300000 
9.80200000 
2.85400000 
16.79900000 
16.70800000 
0.41700000 
6.27500000 
0.72900000 
14.19600000 
5.00400000 
10.72300000 
4.69600000 
24.49300000 
2.81600000 
1.20900000 
1.83300000 
4.90900000 
3.29200000 
3.52800000 
4.30600000 
25.83400000 
15.00500000 
0.71000000 
1.33600000 
1.75800000 
18.47800000 
8.95500000 
7.52800000 
4.70000000 
4.28900000 
1.20100000 
5.96600000 
4.08400000 
7.31900000 
6.29000000 
0.48000000 
2.86300000 
6.61900000 
12.74800000 
12.84700000 
2.23500000 
7.07500000 
3.59700000 
1.52300000 
13.68700000 
18.45400000 
1.11500000 
0.80400000 
2.42100000 
2.77000000 
0.34200000 
2.05500000 
8.03900000 
3.45200000 
11.68900000 
0.31600000 
1.73700000 
0.07400000 
0.56800000 
1.61000000 
2.56200000 
0.21700000 
0.43400000 
1.03700000 
1.61000000 
5.54100000 
7.20500000 
7.04000000 
0.66000000 
3.26500000 
39.43100000 
0.08900000 
3.92500000 
1.03300000 
0.95500000 
0.34100000 
0.31400000 
9.90500000 
2.05300000 
4.99300000 
5.31100000 
5.86900000 
2.85900000 
1.63600000 
15.60700000 
6.66800000 
8.10400000 
6.03900000 
4.18900000 
2.29900000 
21.98900000 
13.14500000 
6.35900000 
5.23200000 
3.01500000 
1.10500000 
0.53400000 
1.39600000 
2.08300000 
7.01300000 
1.18400000 
3.31400000 
2.89700000 
2.53300000 
7.76200000 
8.75900000 
48.07900000 
19.68700000 
11.29800000 
33.83800000 
27.95700000 
13.67900000 
13.76000000 
10.07100000 
6.50800000 
16.54100000 
3.85600000 
4.94200000 
1.09900000 
2.71000000 
1.17000000 
10.07800000 
0.97900000 
1.65500000 
0.21600000 
2.54400000 
2.42800000 
3.91000000 
18.27800000 
22.42000000 
11.50600000 
3.38000000 
2.36700000 
34.46500000 
13.82700000 
4.04300000 
1.45400000 
0.13800000 
10.85500000 
6.44200000 
9.45500000 
1.45200000 
0.85300000 
3.70100000 
3.91300000 
4.49600000 
1.13600000 
10.63900000 
8.19900000 
5.01800000 
16.79300000 
12.49800000 
2.02300000 
3.90800000 
3.76600000 
0.95600000 
6.46900000 
2.01900000 
16.11600000 
1.28700000 
6.81500000 
7.17000000 
1.84000000 
2.47200000 
1.23400000 
2.78700000 
3.46000000 
3.91300000 
1.75200000 
0.22100000 
2.56000000 
1.03400000 
0.25800000 
0.01800000 
0.25300000 
0.51100000 
7.57300000 
2.31700000 
0.85700000 
1.67100000 
18.37900000 
19.21200000 
1.24500000 
1.30900000 
2.23100000 
21.90300000 
6.54200000 
8.09800000 
2.94400000 
1.25200000 
1.53500000 
3.60400000 
0.35000000 
1.22300000 
8.78700000 
0.65200000 
6.29500000 
4.41800000 
3.02600000 
1.41800000 
2.10600000 
3.17800000 
18.94500000 
4.13300000 
7.03000000 
10.01100000 
12.09000000 
11.15400000 
3.01700000 
3.17700000 
2.32000000 
0.11400000 
7.05700000 
1.00700000 
9.42200000 
2.03500000 
1.29600000 
7.07300000 
5.69000000 
2.49800000 
0.56200000 
14.26600000 
3.63500000 
4.75000000 
1.84500000 
3.67200000 
13.85700000 
9.52900000 
3.79100000 
8.18700000 
2.04200000 
3.00100000 
8.89600000 
1.14600000 
2.47700000 
4.68700000 
5.63500000 
6.66200000 
8.31600000 
17.78400000 
5.17600000 
25.29700000 
32.38300000 
5.73600000 
2.09300000 
3.49100000 
2.40500000 
6.07000000 
14.46600000 
1.55300000 
1.44200000 
3.65200000 
3.75400000 
3.20700000 
3.56800000 
8.40500000 
0.00000000 
0.07300000 
1.01500000 
1.03400000 
3.86800000 
2.84200000 
2.22300000 
0.62600000 
7.04200000 
0.57300000 
1.00000000 
2.77700000 
1.62000000 
0.04400000 
1.11300000 
7.43300000 
0.80400000 
3.91100000 
0.35600000 
5.53700000 
1.04400000 
0.15400000 
7.86400000 
3.60600000 
0.30800000 
0.32300000 
0.19800000 
0.44700000 
1.20300000 
0.55800000 
0.39900000 
4.41400000 
0.80200000 
5.00600000 
0.84100000 
0.99900000 
1.04500000 
5.50000000 
4.23200000 
0.89600000 
7.87200000 
1.82700000 
0.02300000 
0.40100000 
1.31400000 
0.94400000 
0.55200000 
2.71800000 
3.28600000 
0.11400000 
0.62400000 
0.08900000 
0.28600000 
0.75200000 
1.49800000 
1.40000000 
0.97300000 
1.95000000 
8.47500000 
9.99100000 
7.64500000 
1.51700000 
0.46100000 
1.40500000 
0.67100000 
0.34700000 
0.58500000 
8.84500000 
0.12100000 
1.89600000 
0.17000000 
3.07800000 
0.20000000 
0.34600000 
1.11200000 
0.99900000 
3.12900000 
5.69200000 
0.56200000 
0.32400000 
13.92100000 
0.98500000 
1.28500000 
0.59300000 
1.04200000 
0.20100000 
0.53200000 
1.89900000 
0.22400000 
0.23300000 
1.46400000 
1.93300000 
3.68800000 
26.97100000 
1.36900000 
5.97900000 
6.27500000 
0.45000000 
0.86600000 
0.18000000 
0.36000000 
7.17100000 
2.09900000 
10.73100000 
9.49600000 
2.35900000 
0.54600000 
0.47500000 
0.13900000 
1.23800000 
0.05600000 
1.11100000 
6.98800000 
1.78800000 
0.15200000 
2.45000000 
3.43700000 
1.89300000 
2.61200000 
0.05000000 
2.74100000 
3.56100000 
2.29300000 
6.83200000 
0.12400000 
0.12900000 
2.65100000 
3.76000000 
5.60900000 
0.54900000 
0.36200000 
3.88900000 
2.07200000 
6.86200000 
2.32300000 
1.56600000 
0.11700000 
13.62700000 
0.07200000 
0.30300000 
1.08100000 
0.24800000 
0.29000000 
0.22500000 
0.83900000 
0.48800000 
2.82000000 
4.91300000 
0.45800000 
1.42300000 
0.16200000 
2.29400000 
4.96900000 
5.31300000 
0.87300000 
2.51600000 
2.04000000 
0.96700000 
0.47700000 
2.05100000 
1.22900000 
1.44500000 
2.46600000 
1.02900000 
0.18200000 
0.12900000 
0.59500000 
1.35800000 
3.25600000 
17.97500000 
4.70500000 
7.44700000 
7.88200000 
0.95900000 
1.86300000 
0.62200000 
7.36500000 
4.22100000 
0.08600000 
2.25000000 
0.03800000 
9.36700000 
0.09300000 
2.02200000 
2.02900000 
0.21600000 
1.26500000 
1.66800000 
0.84800000 
0.88900000 
1.02200000 
5.22500000 
0.05400000 
0.35000000 
0.06100000 
5.11400000 
1.60800000 
3.16800000 
0.48300000 
4.00800000 
7.72600000 
5.17000000 
8.47000000 
2.16300000 
9.01800000 
3.23600000 
1.16100000 
7.73700000 
0.93100000 
8.16200000 
2.24500000 
6.41100000 
5.51700000 
1.14900000 
31.80400000 
2.35600000 
8.03500000 
10.05100000 
2.78800000 
1.75900000 
2.62200000 
1.40800000 
0.88000000 
0.39200000 
1.42600000 
0.56400000 
0.76300000 
0.18100000 
0.76600000 
1.43000000 
13.01500000 
4.35800000 
1.21900000 
3.82900000 
0.00900000 
2.30600000 
2.41200000 
0.06400000 
3.81700000 
2.39300000 
18.14700000 
0.54000000 
1.42100000 
1.05100000 
2.26500000 
1.61400000 
5.82300000 
6.50900000 
1.69000000 
9.14400000 
15.54600000 
1.00100000 
0.27200000 
1.72900000 
1.38000000 
1.13000000 
0.22000000 
0.83200000 
0.49300000 
0.41400000 
2.41400000 
4.26700000 
4.26300000 
1.99500000 
7.37400000 
3.43700000 
0.83600000 
1.55600000 
2.04800000 
5.86300000 
1.13600000 
13.90500000 
2.35500000 
0.36700000 
5.17900000 
1.54600000 
0.40300000 
1.24100000 
6.32900000 
0.40100000 
0.00000000 
0.44500000 
2.68000000 
3.95700000 
2.41600000 
0.34500000 
0.46600000 
2.72800000 
0.24900000 
1.03500000 
1.05000000 
0.04700000 
10.59900000 
3.53800000 
3.67100000 
4.68100000 
2.79900000 
3.87200000 
0.01800000 
1.25700000 
0.85000000 
1.26500000 
7.97400000 
15.16900000 
3.95700000 
3.49600000 
3.47100000 
1.25100000 
2.12600000 
2.88300000 
4.76700000 
6.66800000 
2.75200000 
47.17500000 
2.04400000 
1.12200000 
0.57100000 
4.13000000 
24.73800000 
7.03900000 
7.32500000 
0.33400000 
0.50000000 
1.96600000 
0.71600000 
0.07200000 
2.21400000 
6.99700000 
7.04200000 
1.01600000 
7.04100000 
4.42000000 
4.09800000 
1.95100000 
2.01700000 
0.34500000 
2.40500000 
14.91500000 
12.94200000 
4.10300000 
4.10500000 
0.02100000 
0.80600000 
1.90800000 
7.87600000 
0.74600000 
0.73200000 
0.22700000 
3.91100000 
3.84100000 
1.19900000 
0.27600000 
0.38900000 
1.39900000 
20.87600000 
0.66700000 
3.15800000 
1.61500000 
3.35000000 
7.64400000 
4.24200000 
1.91500000 
0.09300000 
0.87100000 
2.68800000 
0.77800000 
21.35900000 
3.11200000 
0.83200000 
5.56800000 
1.65200000 
12.22900000 
1.99000000 
7.35200000 
5.09600000 
4.43900000 
4.43200000 
9.71200000 
14.65700000 
12.35500000 
3.86000000 
1.38200000 
0.89300000 
7.51600000 
19.43400000 
14.75000000 
1.74600000 
2.90200000 
18.65400000 
3.79800000 
28.83700000 
21.75100000 
5.55100000 
15.72000000 
1.97700000 
6.76200000 
30.52200000 
1.02500000 
11.35100000 
5.15900000 
8.77400000 
14.96600000 
4.71200000 
7.49400000 
0.02400000 
4.72300000 
1.47800000 
1.40300000 
2.16100000 
1.84100000 
5.73800000 
1.14800000 
0.94000000 
0.78500000 
2.00100000 
6.37200000 
1.80300000 
1.19000000 
5.27600000 
2.68800000 
2.45500000 
2.70200000 
1.88300000 
1.11200000 
0.32400000 
4.33100000 
1.14400000 
2.02300000 
12.46800000 
1.63800000 
0.03700000 
0.30100000 
0.38600000 
0.32200000 
13.19800000 
0.82100000 
0.78400000 
7.44900000 
12.02000000 
4.27300000 
9.26700000 
9.48800000 
0.35900000 
4.61400000 
4.36600000 
0.07100000 
0.06400000 
1.32300000 
1.64100000 
2.77000000 
0.36100000 
0.38800000 
0.90500000 
1.14900000 
0.10600000 
1.25000000 
3.29200000 
3.10300000 
12.77400000 
5.33200000 
3.27500000 
1.10400000 
2.82500000 
0.29900000 
3.17900000 
2.07900000 
2.02700000 
3.96600000 
1.05100000 
0.07100000 
3.39000000 
1.14900000 
0.16900000 
10.01200000 
3.23800000 
1.54800000 
0.64300000 
0.75100000 
0.33100000 
6.74300000 
5.27700000 
1.52600000 
2.97300000 
1.31500000 
34.63100000 
3.25700000 
6.12300000 
7.65700000 
3.43800000 
6.56800000 
2.15600000 
0.99300000 
0.67000000 
3.60700000 
0.53900000 
12.42400000 
3.78200000 
0.66500000 
0.17800000 
5.20400000 
9.96500000 
2.50700000 
1.94000000 
0.97700000 
3.13200000 
2.79100000 
0.57000000 
3.50900000 
10.13100000 
6.67200000 
0.41800000 
2.59000000 
3.73100000 
2.82500000 
2.65900000 
7.42000000 
7.37900000 
9.57500000 
0.27200000 
1.87500000 
3.26700000 
0.10000000 
0.32900000 
7.31600000 
1.59100000 
4.45300000 
2.75100000 
3.26700000 
1.92700000 
11.64000000 
4.87300000 
1.69200000 
0.34000000 
1.32000000 
0.10600000 
1.53900000 
0.02700000 
6.89800000 
4.35700000 
5.48100000 
4.22000000 
0.11000000 
0.00000000 
1.44000000 
0.48500000 
0.40000000 
0.01700000 
1.90900000 
3.91200000 
0.41700000 
1.02400000 
7.20400000 
2.34300000 
7.53900000 
9.38400000 
0.00000000 
1.24100000 
0.61700000 
0.68400000 
2.83000000 
6.99300000 
1.22400000 
3.78600000 
0.46000000 
3.45900000 
1.64500000 
0.87900000 
1.05400000 
0.33300000 
0.71800000 
1.53500000 
0.41400000 
0.03500000 
1.57800000 
4.51400000 
9.44600000 
7.52000000 
3.05200000 
1.57100000 
6.61700000 
4.58200000 
7.43200000 
7.32500000 
22.50000000 
2.77500000 
2.82700000 
1.51900000 
3.63100000 
2.45900000 
2.64800000 
0.17300000 
6.90900000 
2.84100000 
1.60700000 
3.02400000 
1.14000000 
4.09000000 
7.90800000 
11.58300000 
2.31200000 
1.75600000 
6.05400000 
3.13600000 
18.65200000 
13.35400000 
13.86400000 
15.52200000 
26.42200000 
25.90700000 
3.08600000 
6.44000000 
2.64600000 
10.73300000 
23.18400000 
4.76300000 
7.29400000 
37.77900000 
12.88200000 
0.23100000 
5.06600000 
7.06800000 
4.55500000 
8.63500000 
4.10100000 
9.94300000 
12.09800000 
6.40300000 
5.06100000 
13.28100000 
7.23800000 
28.98300000 
29.51200000 
11.45300000 
21.56200000 
27.00900000 
21.20500000 
58.44700000 
139.14200000 
0.98200000 
19.23100000 
0.83000000 
2.39300000 
5.77000000 
2.77500000 
0.17900000 
6.53100000 
0.87000000 
4.94400000 
12.68900000 
1.38300000 
0.68700000 
1.39700000 
0.74900000 
1.27000000 
0.73500000 
6.99600000 
5.54200000 
16.40300000 
2.56100000 
4.75400000 
2.52300000 
13.57000000 
6.70500000 
2.61200000 
1.65000000 
0.58200000 
3.56600000 
5.83700000 
11.33700000 
13.99100000 
4.85600000 
7.16000000 
2.71100000 
11.83500000 
0.93500000 
9.94700000 
4.08300000 
1.06700000 
6.11400000 
3.34100000 
7.25800000 
4.15600000 
2.83900000 
0.09200000 
1.17100000 
3.87500000 
9.18600000 
1.91900000 
4.47200000 
13.74100000 
3.58800000 
6.55000000 
17.11500000 
2.37000000 
4.57200000 
18.86600000 
0.05400000 
0.70700000 
1.27300000 
11.27700000 
1.19100000 
1.67500000 
4.77900000 
2.97000000 
1.89800000 
5.18100000 
2.30600000 
0.09000000 
1.91200000 
5.59700000 
7.57400000 
37.26300000 
2.53000000 
0.61500000 
2.87400000 
6.92100000 
16.11500000 
4.48500000 
2.80000000 
1.01200000 
3.58200000 
8.48800000 
10.68600000 
3.56300000 
4.78400000 
43.38600000 
25.30700000 
19.98400000 
1.47800000 
23.86300000 
3.78500000 
14.51900000 
5.32000000 
3.71200000 
4.09000000 
1.66900000 
31.43000000 
24.23100000 
0.80600000 
17.96800000 
0.59800000 
0.19900000 
1.29400000 
0.00500000 
1.38800000 
1.03600000 
3.37900000 
5.22200000 
10.68500000 
2.23100000 
0.79900000 
4.49200000 
3.93700000 
3.48900000 
1.00200000 
0.32200000 
0.66200000 
3.10900000 
16.30300000 
3.22300000 
2.69100000 
3.37300000 
0.15400000 
0.07700000 
2.89100000 
0.26600000 
1.37600000 
4.07100000 
21.59500000 
0.19600000 
0.70800000 
0.19800000 
4.06200000 
0.71000000 
2.99700000 
1.26100000 
0.02800000 
2.44500000 
5.37800000 
0.82700000 
0.20600000 
2.96100000 
1.66500000 
1.53400000 
0.03500000 
0.53800000 
13.96900000 
1.47700000 
1.37600000 
3.56900000 
0.78200000 
0.04500000 
0.83200000 
0.18700000 
1.05200000 
0.88900000 
12.34000000 
3.50200000 
0.52100000 
0.19200000 
0.03000000 
0.38700000 
0.60700000 
0.51500000 
0.16700000 
1.49100000 
1.06300000 
1.34600000 
1.11800000 
0.49500000 
0.27500000 
0.79000000 
1.18500000 
0.31400000 
2.82500000 
4.77200000 
0.10400000 
0.78900000 
2.13100000 
1.13700000 
6.47300000 
1.83500000 
0.82900000 
0.29200000 
0.16200000 
6.63100000 
0.98200000 
0.17600000 
1.25900000 
7.93100000 
2.86200000 
0.35700000 
6.51300000 
7.53700000 
1.11800000 
1.96400000 
4.45300000 
3.85300000 
2.77000000 
6.14100000 
24.25200000 
4.30400000 
2.47400000 
1.43000000 
0.10000000 
0.14800000 
1.62900000 
0.57300000 
2.22800000 
2.90100000 
0.84000000 
1.95300000 
3.32100000 
5.39500000 
3.88000000 
2.14300000 
5.46900000 
12.42100000 
72.28000000 
7.07600000 
3.52400000 
11.24300000 
10.56400000 
10.26500000 
0.44300000 
11.86600000 
1.91800000 
6.89700000 
9.77400000 
15.85100000 
2.30900000 
2.16200000 
1.30600000 
5.07000000 
0.21000000 
0.02400000 
1.18200000 
9.50100000 
18.80200000 
3.66600000 
1.54700000 
1.70700000 
0.45400000 
5.03800000 
0.49700000 
1.06100000 
1.95800000 
2.13200000 
6.29400000 
1.07900000 
7.77700000 
7.61400000 
4.00300000 
15.26100000 
36.41400000 
25.47000000 
13.11600000 
9.15000000 
8.46900000 
21.41800000 
46.55500000 
11.23800000 
0.01200000 
4.49300000 
1.98200000 
3.73000000 
0.65300000 
1.09900000 
6.51500000 
5.09400000 
2.35500000 
4.56200000 
2.85500000 
2.59000000 
1.95400000 
3.19600000 
11.70300000 
7.89500000 
2.98100000 
3.38000000 
0.97100000 
0.09500000 
0.03500000 
13.48300000 
0.16100000 
1.32400000 
1.81200000 
0.25500000 
0.25700000 
2.07000000 
5.31900000 
8.61200000 
9.22700000 
0.13200000 
2.76800000 
10.46400000 
14.69700000 
14.55400000 
5.73300000 
4.28100000 
4.53800000 
2.87600000 
2.52200000 
2.67400000 
1.48500000 
4.02400000 
1.29000000 
3.74100000 
4.34100000 
3.35200000 
8.15700000 
2.01500000 
2.80700000 
4.24000000 
2.46800000 
1.31100000 
2.26800000 
0.76500000 
3.49600000 
5.99000000 
5.55300000 
7.81100000 
2.25500000 
1.58000000 
3.57000000 
20.57300000 
10.71800000 
1.11000000 
1.42700000 
1.06400000 
0.29900000 
3.92800000 
3.20600000 
0.00000000 
6.72000000 
2.49200000 
1.64400000 
4.88800000 
0.72000000 
0.94400000 
1.57300000 
2.01600000 
1.57900000 
13.21200000 
4.52000000 
2.11600000 
6.55800000 
3.87800000 
0.34000000 
4.09800000 
1.02200000 
1.90900000 
2.86800000 
1.00000000 
1.16800000 
2.79600000 
4.28900000 
0.83800000 
7.11400000 
1.09500000 
0.32500000 
0.25400000 
10.44900000 
0.13300000 
0.88300000 
10.33300000 
4.50900000 
0.39700000 
0.04600000 
1.35600000 
1.90000000 
2.31200000 
2.55000000 
1.23100000 
12.56700000 
5.07600000 
1.80300000 
1.46500000 
19.58000000 
5.93700000 
1.89100000 
1.68100000 
2.44400000 
1.66800000 
11.58400000 
3.49100000 
0.24000000 
7.62800000 
15.24200000 
1.29600000 
0.12400000 
1.21800000 
0.78600000 
1.48400000 
0.88400000 
1.17400000 
0.97300000 
3.54700000 
7.47800000 
7.76500000 
3.32600000 
6.18700000 
0.99500000 
0.96500000 
0.48000000 
0.39100000 
1.06800000 
0.81200000 
4.87000000 
4.66300000 
8.09100000 
7.60100000 
0.58200000 
0.83600000 
3.04600000 
0.20700000 
3.42800000 
17.57100000 
2.84300000 
5.84400000 
4.34900000 
5.27400000 
0.00000000 
0.01000000 
1.17000000 
0.87600000 
4.62200000 
1.79600000 
0.20400000 
0.83900000 
3.05200000 
2.66200000 
4.03000000 
0.16300000 
0.81300000 
0.73000000 
0.69300000 
1.09700000 
1.11200000 
0.22900000 
0.92300000 
0.81200000 
4.51500000 
4.54000000 
5.96700000 
3.44800000 
0.83300000 
0.42300000 
3.72500000 
12.62400000 
2.57400000 
27.31400000 
6.89700000 
1.43600000 
3.35600000 
7.14800000 
3.19700000 
27.28500000 
4.27400000 
2.73300000 
1.64900000 
8.18800000 
11.05900000 
16.02200000 
5.81400000 
1.98900000 
9.38800000 
34.28700000 
10.40700000 
4.73600000 
2.41000000 
2.52400000 
3.51100000 
10.20000000 
26.69100000 
14.94900000 
11.22300000 
9.60400000 
2.92200000 
9.38400000 
2.18900000 
10.83900000 
2.61600000 
11.95700000 
44.75000000 
5.56800000 
1.31200000 
0.84300000 
4.01100000 
3.99400000 
0.02800000 
0.14600000 
0.27500000 
1.33400000 
0.04400000 
2.99800000 
0.24300000 
4.27300000 
0.54900000 
1.77100000 
3.17300000 
0.32300000 
2.13500000 
4.55200000 
0.54700000 
0.27800000 
0.96200000 
0.48900000 
1.22500000 
3.90700000 
1.08700000 
1.73700000 
5.28900000 
3.52300000 
0.13500000 
0.13600000 
5.05900000 
4.61500000 
8.30400000 
0.36400000 
6.70400000 
2.01200000 
3.12100000 
2.54900000 
4.82500000 
0.49800000 
8.07700000 
0.42100000 
2.21300000 
0.65400000 
1.37600000 
0.62600000 
6.68900000 
1.37500000 
2.38500000 
3.52300000 
0.89100000 
2.98300000 
0.57600000 
3.53200000 
3.15900000 
0.81500000 
3.26300000 
3.26600000 
1.19700000 
4.92100000 
10.04800000 
0.14800000 
2.71100000 
5.40500000 
5.40400000 
13.86100000 
1.10700000 
2.04000000 
5.91100000 
2.08700000 
0.22000000 
0.71800000 
0.21600000 
4.06600000 
4.39500000 
0.61200000 
3.31700000 
0.69500000 
5.01000000 
1.43100000 
6.57600000 
1.79500000 
14.32600000 
15.20600000 
0.65900000 
0.24500000 
2.21300000 
7.86300000 
6.59100000 
4.22000000 
6.77900000 
12.13300000 
12.38900000 
3.32100000 
6.14600000 
7.11000000 
8.92200000 
1.09100000 
6.26200000 
5.82700000 
6.55700000 
0.73700000 
0.01600000 
0.66200000 
0.50400000 
5.90700000 
0.00700000 
0.68200000 
1.35400000 
1.88500000 
1.62700000 
0.47900000 
1.26700000 
0.81200000 
4.28100000 
3.18800000 
9.37700000 
7.44600000 
2.86600000 
4.13200000 
3.18800000 
1.48000000 
0.21600000 
0.29700000 
15.53500000 
1.43200000 
1.45100000 
4.75700000 
2.00200000 
1.78300000 
2.16400000 
17.42700000 
6.33800000 
38.38600000 
18.58800000 
5.60200000 
5.49400000 
2.54300000 
0.85000000 
2.16700000 
0.35900000 
2.04000000 
3.85400000 
1.75100000 
4.07100000 
20.27800000 
4.47000000 
15.73600000 
17.73700000 
15.37600000 
6.27100000 
0.63500000 
0.82700000 
8.54400000 
5.60900000 
13.50300000 
1.07900000 
3.95200000 
4.99000000 
6.97600000 
1.99200000 
7.20900000 
12.02800000 
0.60500000 
6.95500000 
3.84300000 
4.15300000 
7.52300000 
1.05400000 
5.15900000 
2.42500000 
1.58900000 
1.74500000 
0.94400000 
3.43200000 
6.90600000 
3.34300000 
1.80800000 
1.04300000 
1.95000000 
0.85900000 
2.60700000 
0.19600000 
4.61600000 
1.04400000 
2.13500000 
0.25100000 
0.14400000 
0.54900000 
0.99400000 
1.17300000 
1.88700000 
2.87500000 
1.14200000 
1.26400000 
1.22200000 
1.05900000 
0.29900000 
2.39000000 
0.53300000 
1.40500000 
6.80400000 
1.21600000 
0.36000000 
0.75300000 
0.02500000 
0.21600000 
0.71500000 
0.85300000 
1.22300000 
0.75500000 
0.58800000 
0.24100000 
6.78400000 
1.00500000 
2.20200000 
0.24000000 
0.08800000 
1.19000000 
0.61500000 
1.55400000 
1.15200000 
0.14200000 
0.91500000 
5.83000000 
0.18400000 
0.80400000 
3.35900000 
5.01400000 
2.01900000 
0.65900000 
4.14100000 
1.20600000 
0.54800000 
4.68800000 
0.11800000 
0.05000000 
2.15500000 
4.10700000 
1.34700000 
0.75600000 
1.30600000 
0.10000000 
12.79600000 
1.95700000 
0.35700000 
2.58000000 
0.21600000 
0.83800000 
0.49900000 
3.81100000 
6.23900000 
2.78300000 
0.51900000 
7.63800000 
0.44100000 
1.28500000 
2.54700000 
6.52600000 
0.72700000 
1.84100000 
0.62000000 
1.43000000 
1.87400000 
1.03800000 
1.72200000 
0.07200000 
1.94500000 
0.21600000 
4.70200000 
3.46400000 
0.65700000 
4.33800000 
1.47200000 
1.94300000 
2.45500000 
3.99800000 
0.42000000 
4.18300000 
2.60300000 
2.85900000 
2.52600000 
2.12200000 
3.29200000 
1.70300000 
1.47000000 
0.31000000 
0.26700000 
6.38300000 
11.43400000 
0.36000000 
1.42800000 
1.28700000 
0.51400000 
1.08500000 
3.14300000 
0.98700000 
3.75900000 
0.35500000 
2.71400000 
0.14900000 
1.43200000 
2.39700000 
0.54600000 
0.95500000 
3.16500000 
1.25100000 
1.11800000 
7.51200000 
4.18900000 
0.35400000 
1.09600000 
0.74400000 
0.78400000 
0.34600000 
0.36100000 
0.11900000 
0.34800000 
4.19700000 
3.55300000 
0.53800000 
1.42300000 
0.44200000 
3.65100000 
3.08300000 
1.12000000 
4.15000000 
2.36400000 
0.55800000 
0.30500000 
0.40400000 
3.17200000 
1.10900000 
1.03300000 
15.88100000 
1.96600000 
13.14000000 
16.32300000 
2.50200000 
12.00200000 
8.99500000 
2.70400000 
1.74000000 
1.93200000 
5.17300000 
3.11500000 
3.46400000 
1.62800000 
6.57200000 
6.44100000 
13.22300000 
8.22600000 
1.81400000 
0.75500000 
6.20100000 
0.07200000 
0.00300000 
0.07200000 
6.55600000 
0.07200000 
0.00000000 
0.40500000 
7.20800000 
0.41200000 
1.21700000 
0.49500000 
0.34100000 
0.18600000 
3.41200000 
0.36000000 
1.51700000 
0.72300000 
0.70100000 
0.14400000 
0.54200000 
0.51800000 
0.72900000 
0.89600000 
0.41800000 
0.18200000 
0.14400000 
0.36200000 
7.33400000 
4.59900000 
2.63300000 
1.93200000 
0.34400000 
0.41300000 
1.47400000 
1.36500000 
14.99900000 
0.83900000 
0.13900000 
2.58600000 
0.83600000 
0.91900000 
1.46500000 
1.13800000 
1.73700000 
8.54300000 
0.72200000 
0.06600000 
1.33700000 
0.14400000 
0.45400000 
0.13900000 
1.72600000 
5.90300000 
1.23400000 
0.60800000 
2.03100000 
1.19900000 
0.64100000 
0.96500000 
0.35400000 
0.29500000 
0.18400000 
0.23500000 
2.91000000 
15.45500000 
4.15800000 
0.37200000 
0.07200000 
0.31800000 
0.35400000 
2.18700000 
0.38300000 
0.65500000 
0.82600000 
0.28200000 
0.57200000 
0.07400000 
0.16500000 
0.04700000 
0.78300000 
0.23300000 
24.10600000 
9.92600000 
0.72500000 
0.51100000 
0.72100000 
3.07000000 
0.28800000 
1.79200000 
0.65000000 
2.88400000 
0.20400000 
0.59500000 
1.96600000 
1.28700000 
7.76500000 
9.38800000 
1.59500000 
0.45600000 
0.07200000 
2.05600000 
0.72500000 
3.58600000 
4.43900000 
1.99100000 
0.43600000 
1.97500000 
0.86300000 
0.39700000 
0.53300000 
0.30300000 
0.37000000 
1.30500000 
1.76300000 
0.06500000 
0.62200000 
0.47500000 
3.26200000 
1.22400000 
1.33500000 
0.28900000 
1.32500000 
3.12000000 
4.64800000 
1.47300000 
0.51400000 
1.22500000 
0.43200000 
0.43300000 
0.62700000 
1.23700000 
0.17300000 
0.24800000 
2.87500000 
3.12200000 
10.89000000 
1.34500000 
0.66200000 
1.34500000 
0.13400000 
0.72500000 
1.22300000 
0.55200000 
3.66800000 
0.00100000 
18.32900000 
1.07100000 
0.13100000 
0.27900000 
1.85800000 
10.97700000 
10.47000000 
3.07400000 
0.28000000 
2.36400000 
0.36700000 
1.42700000 
2.82200000 
8.41700000 
0.21700000 
1.78300000 
3.92600000 
22.87400000 
4.15200000 
4.40900000 
3.26400000 
2.43000000 
1.24200000 
2.61200000 
2.89700000 
5.08700000 
18.18900000 
0.74700000 
0.57900000 
13.76600000 
4.17600000 
4.05700000 
1.03700000 
3.02900000 
3.08900000 
10.73100000 
15.78100000 
19.83700000 
4.80200000 
8.95900000 
31.46000000 
2.04500000 
9.64700000 
13.12200000 
0.38800000 
0.79300000 
1.88800000 
14.59100000 
0.93600000 
1.65900000 
2.72100000 
2.24800000 
1.89500000 
2.50100000 
0.41300000 
2.97300000 
0.90800000 
3.01500000 
1.00300000 
1.46500000 
0.99600000 
1.14200000 
1.69800000 
3.67900000 
5.88200000 
3.95000000 
1.44600000 
2.30500000 
2.06600000 
9.27500000 
6.91300000 
1.39200000 
1.66400000 
4.16700000 
0.30400000 
2.09300000 
9.70000000 
0.69700000 
1.69500000 
0.07100000 
0.16700000 
2.99900000 
2.45300000 
0.54700000 
5.94100000 
1.47500000 
1.13100000 
0.34400000 
0.86500000 
0.57600000 
4.22100000 
2.00700000 
5.42500000 
1.72900000 
2.90200000 
32.80300000 
3.62400000 
10.11800000 
0.40800000 
5.57200000 
1.10200000 
6.90700000 
11.73400000 
0.76600000 
0.32500000 
2.57100000 
2.35000000 
2.05100000 
1.48900000 
5.36100000 
0.25700000 
1.67700000 
0.52300000 
0.92100000 
0.24800000 
0.59300000 
1.02600000 
4.24300000 
0.31600000 
0.39000000 
1.19000000 
0.18900000 
0.31500000 
0.55800000 
0.33900000 
0.28800000 
0.97100000 
9.28400000 
2.52400000 
1.10500000 
0.07200000 
4.16500000 
4.03400000 
5.33200000 
1.76300000 
0.25300000 
1.03600000 
4.36100000 
0.93600000 
2.24100000 
6.66000000 
6.48800000 
0.62500000 
0.44500000 
0.38200000 
0.86200000 
0.56300000 
3.25000000 
7.14200000 
5.09900000 
0.50600000 
1.77600000 
4.22100000 
0.07200000 
0.28900000 
1.56800000 
14.48700000 
3.62900000 
5.16700000 
6.75200000 
2.61100000 
4.77400000 
1.01800000 
1.75800000 
3.85400000 
4.04700000 
7.33800000 
0.35800000 
0.27600000 
0.85100000 
0.41500000 
1.73400000 
0.07200000 
1.38800000 
0.14400000 
0.14400000 
0.28800000 
0.51800000 
0.99600000 
2.19800000 
2.90100000 
0.88500000 
0.82200000 
2.98400000 
3.08400000 
0.07200000 
0.21600000 
0.70000000 
0.65800000 
0.15000000 
5.38600000 
0.42800000 
0.92500000 
0.34300000 
1.07200000 
1.07200000 
4.55300000 
0.44500000 
1.28700000 
4.43600000 
0.81300000 
2.74100000 
2.45400000 
0.49600000 
0.33000000 
0.97000000 
0.21600000 
0.18100000 
0.28800000 
0.49000000 
0.26400000 
0.45400000 
2.60600000 
0.15300000 
0.47100000 
4.19900000 
0.51500000 
0.22100000 
0.41600000 
0.21600000 
1.66200000 
4.71900000 
3.56600000 
1.11100000 
1.32900000 
0.35100000 
0.48000000 
1.36100000 
1.14400000 
1.94200000 
0.39000000 
1.25800000 
3.58600000 
0.39200000 
0.54300000 
2.67400000 
0.31100000 
1.62900000 
0.75400000 
5.63600000 
0.07100000 
0.28700000 
0.28800000 
2.47000000 
1.02100000 
0.82400000 
1.35000000 
1.16500000 
0.27100000 
0.35000000 
0.52400000 
1.50700000 
5.64300000 
8.08100000 
4.56500000 
1.37000000 
1.07100000 
0.14200000 
0.30300000 
5.85600000 
0.27000000 
0.02600000 
1.73000000 
0.17600000 
0.53100000 
6.34400000 
0.38400000 
5.02400000 
0.66700000 
2.06200000 
4.30700000 
10.07200000 
0.80300000 
4.57900000 
0.20200000 
3.17200000 
0.07100000 
0.42100000 
0.43000000 
0.98900000 
4.62400000 
1.26000000 
5.37100000 
0.42500000 
4.33800000 
3.62700000 
7.91900000 
3.54600000 
0.26500000 
1.42300000 
8.70900000 
6.36700000 
7.16000000 
0.66300000 
0.20900000 
0.91900000 
0.93100000 
0.34500000 
1.38100000 
1.21600000 
0.29400000 
2.42400000 
2.98900000 
4.73200000 
0.59100000 
0.29500000 
4.31500000 
0.78100000 
0.89600000 
1.21300000 
1.99800000 
0.99400000 
3.96200000 
0.19900000 
0.80500000 
1.63000000 
0.44900000 
2.39700000 
8.46500000 
10.17200000 
3.87100000 
0.62000000 
1.64800000 
1.40300000 
0.19600000 
1.24400000 
0.95400000 
4.27300000 
1.29500000 
2.07800000 
1.71700000 
2.94500000 
2.27900000 
10.17300000 
1.33700000 
1.64200000 
1.09700000 
6.59700000 
1.48600000 
3.55900000 
1.55400000 
0.19300000 
2.73400000 
3.24900000 
