0.12437000 
0.12429300 
0.12426900 
0.12428200 
0.12447100 
0.12447000 
0.12447100 
0.12449300 
0.12427700 
0.12447300 
0.12452200 
0.12464200 
0.12418500 
0.12450000 
0.12380100 
0.12393200 
0.12398300 
0.12329700 
0.12337000 
0.12278500 
0.12266300 
0.12310200 
0.12336200 
0.12356100 
0.12389700 
0.12392200 
0.12392200 
0.12380000 
0.12380000 
0.12380200 
0.12390000 
0.12405000 
0.12416800 
0.12400000 
0.12443800 
0.12450000 
0.12451900 
0.12447000 
0.12422400 
0.12443000 
0.12430000 
0.12473000 
0.12430100 
0.12483000 
0.12440000 
0.12474700 
0.12480500 
0.12466900 
0.12531300 
0.12544200 
0.12601500 
0.12590000 
0.12584900 
0.12571600 
0.12557800 
0.12501900 
0.12468200 
0.12517300 
0.12517300 
0.12517300 
0.12491500 
0.12500000 
0.12531100 
0.12570000 
0.12570000 
0.12570000 
0.12570000 
0.12570200 
0.12570100 
0.12570000 
0.12570100 
0.12570000 
0.12590000 
0.12574300 
0.12577000 
0.12570000 
0.12570400 
0.12570000 
0.12572000 
0.12570000 
0.12570900 
0.12570100 
0.12611000 
0.12610000 
0.12619800 
0.12629100 
0.12626800 
0.12612900 
0.12579200 
0.12610000 
0.12574400 
0.12572200 
0.12568400 
0.12568500 
0.12598800 
0.12575800 
0.12590200 
0.12600000 
0.12576700 
0.12549400 
0.12544200 
0.12557000 
0.12544200 
0.12544200 
0.12557000 
0.12555800 
0.12577200 
0.12570200 
0.12570000 
0.12579700 
0.12577600 
0.12577500 
0.12612700 
0.12523700 
0.12460300 
0.12415500 
0.12407700 
0.12400800 
0.12399000 
0.12407700 
0.12414500 
0.12428700 
0.12447100 
0.12420200 
0.12421100 
0.12460300 
0.12464200 
0.12451900 
0.12479800 
0.12486800 
0.12435400 
0.12436300 
0.12441000 
0.12470200 
0.12470100 
0.12470000 
0.12456300 
0.12487000 
0.12486800 
0.12471800 
0.12450800 
0.12474100 
0.12474600 
0.12414700 
0.12412100 
0.12453800 
0.12399900 
0.12465000 
0.12427400 
0.12428300 
0.12428200 
0.12449700 
0.12482800 
0.12428100 
0.12442000 
0.12410600 
0.12425400 
0.12440200 
0.12423100 
0.12446000 
0.12410400 
0.12429400 
0.12387400 
0.12400600 
0.12397500 
0.12416000 
0.12475000 
0.12430000 
0.12490800 
0.12500000 
0.12500100 
0.12501100 
0.12519900 
0.12510000 
0.12542500 
0.12540300 
0.12520300 
0.12519900 
0.12542700 
0.12542500 
0.12519000 
0.12534800 
0.12519200 
0.12519000 
0.12522500 
0.12524200 
0.12555300 
0.12538600 
0.12550000 
0.12550600 
0.12550100 
0.12587100 
0.12554600 
0.12554600 
0.12569900 
0.12632700 
0.12600800 
0.12598400 
0.12633900 
0.12619100 
0.12650900 
0.12680900 
0.12637200 
0.12681000 
0.12686800 
0.12649600 
0.12649700 
0.12600000 
0.12577800 
0.12577800 
0.12577800 
0.12577800 
0.12577800 
0.12577800 
0.12550200 
0.12557600 
0.12550000 
0.12557800 
0.12550000 
0.12590700 
0.12573300 
0.12555000 
0.12550000 
0.12550000 
0.12550000 
0.12555600 
0.12555800 
0.12570800 
0.12593200 
0.12600000 
0.12668500 
0.12615300 
0.12680900 
0.12695000 
0.12658700 
0.12622900 
0.12635700 
0.12610400 
0.12630500 
0.12608100 
0.12638600 
0.12626000 
0.12644300 
0.12598600 
0.12630300 
0.12572100 
0.12589500 
0.12607600 
0.12655000 
0.12624300 
0.12652800 
0.12620000 
0.12640000 
0.12647300 
0.12641300 
0.12615300 
0.12630000 
0.12646000 
0.12647500 
0.12616900 
0.12606500 
0.12639400 
0.12648100 
0.12590700 
0.12590700 
0.12652800 
0.12627900 
0.12696200 
0.12661600 
0.12657100 
0.12654100 
0.12650000 
0.12700000 
0.12647900 
0.12640000 
0.12640000 
0.12640000 
0.12617700 
0.12617700 
0.12617700 
0.12618600 
0.12580600 
0.12618800 
0.12576300 
0.12644400 
0.12620000 
0.12569800 
0.12602500 
0.12594000 
0.12571000 
0.12550000 
0.12550100 
0.12550000 
0.12550200 
0.12550000 
0.12550000 
0.12550000 
0.12550000 
0.12550000 
0.12554100 
0.12595200 
0.12579700 
0.12600900 
0.12620900 
0.12600000 
0.12550000 
0.12550400 
0.12610500 
0.12598300 
0.12643400 
0.12621200 
0.12661200 
0.12700000 
0.12670000 
0.12669100 
0.12644800 
0.12700000 
0.12644300 
0.12620000 
0.12600000 
0.12540000 
0.12534800 
0.12521500 
0.12540000 
0.12540000 
0.12568900 
0.12552500 
0.12578600 
0.12570000 
0.12579100 
0.12555300 
0.12613900 
0.12622200 
0.12617900 
0.12582800 
0.12582800 
0.12622200 
0.12582900 
0.12616900 
0.12582200 
0.12582200 
0.12590500 
0.12554600 
0.12554600 
0.12590500 
0.12587300 
0.12590900 
0.12550200 
0.12572500 
0.12600100 
0.12600100 
0.12607500 
0.12612300 
0.12600100 
0.12590000 
0.12600700 
0.12560100 
0.12595200 
0.12626800 
0.12650000 
0.12667300 
0.12659400 
0.12650000 
0.12672200 
0.12593800 
0.12573000 
0.12618800 
0.12616000 
0.12578600 
0.12580000 
0.12570000 
0.12570000 
0.12522200 
0.12520900 
0.12554600 
0.12558800 
0.12591400 
0.12600800 
0.12564100 
0.12567700 
0.12492600 
0.12474200 
0.12371700 
0.12319800 
0.12341000 
0.12343000 
0.12365300 
0.12403800 
0.12428400 
0.12467300 
0.12477000 
0.12486700 
0.12451100 
0.12451100 
0.12485700 
0.12575200 
0.12540000 
0.12602800 
0.12603500 
0.12590200 
0.12579600 
0.12544900 
0.12627300 
0.12664800 
0.12664700 
0.12643000 
0.12665900 
0.12610300 
0.12648500 
0.12612200 
0.12613000 
0.12614800 
0.12639000 
0.12627000 
0.12585000 
0.12627300 
0.12600900 
0.12593400 
0.12584600 
0.12600700 
0.12593400 
0.12671300 
0.12641500 
0.12671900 
0.12672000 
0.12642900 
0.12693600 
0.12644400 
0.12675900 
0.12703700 
0.12650200 
0.12677400 
0.12652700 
0.12643600 
0.12623100 
0.12622700 
0.12639300 
0.12630800 
0.12654200 
0.12621900 
0.12685100 
0.12641500 
0.12619400 
0.12567800 
0.12569300 
0.12574100 
0.12518000 
0.12583900 
0.12569600 
0.12548000 
0.12523900 
0.12517800 
0.12569900 
0.12593400 
0.12593800 
0.12595200 
0.12570300 
0.12547500 
0.12569400 
0.12652500 
0.12673900 
0.12647100 
0.12593900 
0.12598700 
0.12576000 
0.12570000 
0.12608400 
0.12570500 
0.12555400 
0.12619900 
0.12581000 
0.12581000 
0.12609400 
0.12590300 
0.12617500 
0.12566500 
0.12526800 
0.12529000 
0.12508900 
0.12546900 
0.12534900 
0.12473000 
0.12562100 
0.12562600 
0.12561600 
0.12538600 
0.12518000 
0.12544700 
0.12522600 
0.12515900 
0.12521400 
0.12593200 
0.12609500 
0.12600400 
0.12628700 
0.12632000 
0.12638100 
0.12662200 
0.12668800 
0.12701900 
0.12738400 
0.12724600 
0.12719400 
0.12736600 
0.12763700 
0.12815100 
0.12797000 
0.12820400 
0.12763600 
0.12754000 
0.12767300 
0.12827900 
0.12827800 
0.12827800 
0.12786600 
0.12713800 
0.12721100 
0.12741300 
0.12720300 
0.12733900 
0.12715300 
0.12745000 
0.12734700 
0.12706700 
0.12758500 
0.12768800 
0.12780000 
0.12747100 
0.12734300 
0.12704500 
0.12727000 
0.12750200 
0.12756600 
0.12734700 
0.12749700 
0.12749300 
0.12749600 
0.12736900 
0.12700700 
0.12678600 
0.12742300 
0.12732800 
0.12748900 
0.12736400 
0.12724700 
0.12673500 
0.12722600 
0.12723300 
0.12686300 
0.12707100 
0.12672800 
0.12669800 
0.12672600 
0.12650300 
0.12604800 
0.12556300 
0.12580500 
0.12531900 
0.12599900 
0.12575800 
0.12545500 
0.12540800 
0.12512400 
0.12560500 
0.12479000 
0.12472300 
0.12573800 
0.12576500 
0.12576900 
0.12564100 
0.12515000 
0.12568500 
0.12514200 
0.12549100 
0.12549100 
0.12575000 
0.12544100 
0.12575500 
0.12534100 
0.12531800 
0.12510300 
0.12529400 
0.12536000 
0.12536000 
0.12526100 
0.12524600 
0.12513300 
0.12513900 
0.12487300 
0.12487300 
0.12498600 
0.12487300 
0.12500100 
0.12489800 
0.12500100 
0.12457000 
0.12500000 
0.12480800 
0.12497300 
0.12529400 
0.12529100 
0.12500100 
0.12505900 
0.12525300 
0.12538900 
0.12575900 
0.12625700 
0.12585300 
0.12569800 
0.12625500 
0.12625700 
0.12584400 
0.12569900 
0.12586500 
0.12516700 
0.12562700 
0.12534500 
0.12522000 
0.12500100 
0.12554100 
0.12511700 
0.12576300 
0.12520300 
0.12543600 
0.12600100 
0.12579600 
0.12590200 
0.12594800 
0.12594500 
0.12586100 
0.12570800 
0.12612500 
0.12600600 
0.12530100 
0.12576500 
0.12514000 
0.12561800 
0.12621400 
0.12626300 
0.12612800 
0.12607500 
0.12599900 
0.12599900 
0.12600900 
0.12567000 
0.12596100 
0.12596100 
0.12591700 
0.12561500 
0.12555900 
0.12563300 
0.12598000 
0.12564200 
0.12578000 
0.12566000 
0.12638100 
0.12563000 
0.12588600 
0.12588900 
0.12588300 
0.12588900 
0.12589800 
0.12590000 
0.12625000 
0.12622100 
0.12644100 
0.12614400 
0.12616100 
0.12638500 
0.12672400 
0.12663400 
0.12699800 
0.12744600 
0.12742000 
0.12771600 
0.12790300 
0.12813300 
0.12786600 
0.12882900 
0.12855100 
0.12794800 
0.12893600 
0.12887100 
0.12786400 
0.12809600 
0.12839800 
0.12807300 
0.12817000 
0.12837800 
0.12894300 
0.12882200 
0.12882500 
0.12907400 
0.12942000 
0.12949800 
0.12911900 
0.12936600 
0.12909600 
0.12939500 
0.12895600 
0.12880100 
0.12879500 
0.12906700 
0.12951200 
0.12912400 
0.12864600 
0.12847800 
0.12943700 
0.12812700 
0.12900300 
0.12900000 
0.12940300 
0.12912100 
0.12934900 
0.12950400 
0.12960000 
0.12950000 
0.12958900 
0.12961600 
0.12910000 
0.12890900 
0.12859900 
0.12748900 
0.12748000 
0.12748900 
0.12739400 
0.12706200 
0.12749700 
0.12704100 
0.12737900 
0.12743300 
0.12681700 
0.12733600 
0.12708900 
0.12614200 
0.12632400 
0.12676200 
0.12666400 
0.12679800 
0.12705900 
0.12688200 
0.12641000 
0.12656600 
0.12748500 
0.12706800 
0.12704800 
0.12772900 
0.12773200 
0.12695500 
0.12699200 
0.12743700 
0.12671400 
0.12696800 
0.12637000 
0.12649500 
0.12600100 
0.12596100 
0.12580000 
0.12550000 
0.12568400 
0.12658400 
0.12664900 
0.12627700 
0.12678700 
0.12678500 
0.12718900 
0.12724400 
0.12728800 
0.12667000 
0.12711900 
0.12711800 
0.12711900 
0.12725600 
0.12726300 
0.12686400 
0.12686500 
0.12725000 
0.12695600 
0.12702900 
0.12745000 
0.12727900 
0.12708100 
0.12627800 
0.12704200 
0.12760400 
0.12762900 
0.12749900 
0.12750000 
0.12729700 
0.12736100 
0.12713600 
0.12563300 
0.12613300 
0.12610900 
0.12575000 
0.12575100 
0.12571100 
0.12569700 
0.12570300 
0.12569900 
0.12619900 
0.12558500 
0.12585200 
0.12609800 
0.12602900 
0.12560800 
0.12603000 
0.12609900 
0.12579900 
0.12635800 
0.12635900 
0.12580200 
0.12625000 
0.12620000 
0.12600100 
0.12635900 
0.12604300 
0.12630100 
0.12656000 
0.12673500 
0.12651900 
0.12688500 
0.12731100 
0.12668300 
0.12713000 
0.12656800 
0.12678200 
0.12712800 
0.12687800 
0.12732700 
0.12694700 
0.12709600 
0.12673700 
0.12685100 
0.12688200 
0.12677400 
0.12700100 
0.12668400 
0.12665000 
0.12709000 
0.12709000 
0.12713800 
0.12715000 
0.12706500 
0.12706500 
0.12706500 
0.12747800 
0.12732900 
0.12799700 
0.12800000 
0.12822400 
0.12857000 
0.12849100 
0.12853400 
0.12835000 
0.12889900 
0.12850400 
0.12818600 
0.12795900 
0.12735400 
0.12750200 
0.12849500 
0.12799300 
0.12849000 
0.12795600 
0.12828200 
0.12836500 
0.12814800 
0.12782900 
0.12821500 
0.12762000 
0.12785200 
0.12775400 
0.12809000 
0.12766400 
0.12757200 
0.12701000 
0.12769900 
0.12756800 
0.12706500 
0.12728700 
0.12728000 
0.12721500 
0.12742100 
0.12763800 
0.12771000 
0.12760200 
0.12768900 
0.12760700 
0.12686600 
0.12713700 
0.12713600 
0.12710000 
0.12724700 
0.12748400 
0.12760700 
0.12756700 
0.12739900 
0.12711000 
0.12739900 
0.12717100 
0.12717900 
0.12723700 
0.12777300 
0.12717500 
0.12788900 
0.12768000 
0.12811000 
0.12881500 
0.12890900 
0.12825000 
0.12804800 
0.12870000 
0.12840900 
0.12724700 
0.12729200 
0.12752000 
0.12815700 
0.12765000 
0.12777000 
0.12729200 
0.12734300 
0.12752800 
0.12794800 
0.12750700 
0.12750700 
0.12764100 
0.12776900 
0.12771400 
0.12803700 
0.12853800 
0.12866600 
0.12811200 
0.12842900 
0.12837100 
0.12758100 
0.12797600 
0.12799900 
0.12760000 
0.12809100 
0.12865000 
0.12891500 
0.12949900 
0.12976700 
0.12944200 
0.12918100 
0.12980700 
0.12937800 
0.12950000 
0.12950200 
0.12911500 
0.12913600 
0.12880300 
0.12917300 
0.12880000 
0.12917700 
0.12865000 
0.12885200 
0.12900000 
0.12927200 
0.12952200 
0.12953800 
0.12975500 
0.12958700 
0.12976800 
0.12963700 
0.12874600 
0.12866500 
0.12793100 
0.12802100 
0.12878000 
0.12843400 
0.12899900 
0.12877700 
0.12877400 
0.12861500 
0.12816100 
0.12877400 
0.12852400 
0.12814500 
0.12818300 
0.12807700 
0.12875900 
0.12841700 
0.12796800 
0.12811700 
0.12797200 
0.12832800 
0.12874500 
0.12892600 
0.12867700 
0.12778100 
0.12858600 
0.12773000 
0.12721900 
0.12694700 
0.12712100 
0.12811000 
0.12876900 
0.12874100 
0.12874100 
0.12874100 
0.12840600 
0.12825200 
0.12859200 
0.12835900 
0.12834500 
0.12797100 
0.12797300 
0.12781300 
0.12834600 
0.12815800 
0.12798500 
0.12815800 
0.12819000 
0.12810000 
0.12796000 
0.12750500 
0.12756500 
0.12737600 
0.12815600 
0.12725900 
0.12835400 
0.12835400 
0.12834800 
0.12835400 
0.12835100 
0.12845300 
0.12844600 
0.12815800 
0.12767100 
0.12764300 
0.12805700 
0.12803700 
0.12757700 
0.12698000 
0.12764200 
0.12833000 
0.12807300 
0.12873400 
0.12845800 
0.12800800 
0.12828600 
0.12800800 
0.12839800 
0.12799900 
0.12882000 
0.12923500 
0.12943700 
0.13000700 
0.13086000 
0.13090900 
0.13127000 
0.13131500 
0.13085500 
0.13075800 
0.13078400 
0.13117300 
0.13099900 
0.13119300 
0.13061200 
0.13120000 
0.13119900 
0.13036500 
0.13050000 
0.13050000 
0.13016800 
0.12982500 
0.13000200 
0.12953300 
0.12916900 
0.12849400 
0.12889300 
0.12839400 
0.12800600 
0.12799800 
0.12799900 
0.12800600 
0.12766500 
0.12695600 
0.12689400 
0.12684500 
0.12659100 
0.12629300 
0.12585300 
0.12640000 
0.12648800 
0.12628200 
0.12655900 
0.12665000 
0.12710100 
0.12711800 
0.12740500 
0.12711600 
0.12768000 
0.12790500 
0.12793700 
0.12777200 
0.12777200 
0.12786200 
0.12809300 
0.12831000 
0.12800000 
0.12770800 
0.12770600 
0.12798300 
0.12847100 
0.12804000 
0.12770000 
0.12767300 
0.12856900 
0.12839900 
0.12865400 
0.12878200 
0.12930600 
0.12978100 
0.12930600 
0.12970000 
0.12975800 
0.13012600 
0.12975000 
0.12975000 
0.12975800 
0.12930600 
0.12964000 
0.13000200 
0.13012400 
0.13030400 
0.13089000 
0.13118100 
0.13089000 
0.13080000 
0.13059300 
0.13020000 
0.13000000 
0.13002500 
0.13005300 
0.13011300 
0.13020100 
0.13010000 
0.13048200 
0.13082700 
0.13015800 
0.13055900 
0.13055900 
0.13050000 
0.13030700 
0.13058000 
0.13056200 
0.13090000 
0.13038300 
0.13055200 
0.13020200 
0.13010000 
0.13010700 
0.12996200 
0.13039800 
0.13061300 
0.13123200 
0.13153300 
0.13232300 
0.13260500 
0.13310000 
0.13300300 
0.13269700 
0.13275400 
0.13260700 
0.13264200 
0.13325400 
0.13323400 
0.13309200 
0.13280000 
0.13271000 
0.13323400 
0.13365100 
0.13364600 
0.13330700 
0.13330700 
0.13342700 
0.13346800 
0.13397700 
0.13399600 
0.13420800 
0.13420900 
0.13366400 
0.13313100 
0.13317200 
0.13350000 
0.13314600 
0.13434700 
0.13449700 
0.13451500 
0.13499600 
0.13463400 
0.13430600 
0.13472900 
0.13466200 
0.13499900 
0.13414000 
0.13405500 
0.13454000 
0.13449100 
0.13449100 
0.13464400 
0.13478000 
0.13467300 
0.13509600 
0.13463000 
0.13417900 
0.13431000 
0.13450000 
0.13391000 
0.13394900 
0.13382500 
0.13372600 
0.13372600 
0.13372500 
0.13390100 
0.13384300 
0.13378600 
0.13400000 
0.13362200 
0.13337000 
0.13336000 
0.13336700 
0.13330000 
0.13282500 
0.13321800 
0.13282400 
0.13272200 
0.13278000 
0.13300700 
0.13240900 
0.13206000 
0.13204500 
0.13225000 
0.13187000 
0.13236100 
0.13170700 
0.13233600 
0.13193000 
0.13239400 
0.13207500 
0.13189400 
0.13205700 
0.13191000 
0.13202500 
0.13272800 
0.13266400 
0.13225000 
0.13151200 
0.13154900 
0.13169800 
0.13160000 
0.13160000 
0.13150000 
0.13116100 
0.13143800 
0.13150100 
0.13110000 
0.13115600 
0.13110000 
0.13113700 
0.13080100 
0.13081300 
0.13085200 
0.13091000 
0.13069200 
0.13052100 
0.13061400 
0.13043800 
0.13044000 
0.13043700 
0.12981500 
0.12980500 
0.13005500 
0.13023700 
0.13023700 
0.13000000 
0.12992000 
0.12992000 
0.12975200 
0.12947100 
0.12960000 
0.12920900 
0.12910000 
0.12871600 
0.12885500 
0.12863100 
0.12863100 
0.12770000 
0.12813600 
0.12813600 
0.12813600 
0.12813600 
0.12806400 
0.12752000 
0.12789800 
0.12736300 
0.12747900 
0.12756300 
0.12813700 
0.12816700 
0.12813900 
0.12803000 
0.12833900 
0.12743900 
0.12694000 
0.12734500 
0.12708600 
0.12770900 
0.12728400 
0.12772500 
0.12789800 
0.12749700 
0.12732300 
0.12749900 
0.12763000 
0.12780000 
0.12828600 
0.12834700 
0.12835300 
0.12887000 
0.12828200 
0.12834700 
0.12795000 
0.12775700 
0.12779300 
0.12762800 
0.12672100 
0.12671300 
0.12663500 
0.12699000 
0.12671200 
0.12695800 
0.12700100 
0.12736100 
0.12739000 
0.12739000 
0.12736100 
0.12736100 
0.12755000 
0.12770000 
0.12811100 
0.12766500 
0.12768700 
0.12820000 
0.12814200 
0.12772600 
0.12742400 
0.12770000 
0.12709400 
0.12747100 
0.12708700 
0.12680000 
0.12708500 
0.12650000 
0.12675600 
0.12635000 
0.12753900 
0.12754200 
0.12813900 
0.12829900 
0.12813900 
0.12846500 
0.12864500 
0.12906800 
0.12958700 
0.12924800 
0.12932900 
0.12933600 
0.12889900 
0.12933500 
0.12879800 
0.12917800 
0.12984600 
0.12971800 
0.12947400 
0.13003800 
0.13003900 
0.13075700 
0.13087700 
0.13006500 
0.13020300 
0.13076000 
0.13026000 
0.13091000 
0.13050000 
0.13000100 
0.13000100 
0.12969200 
0.12977800 
0.12991400 
0.12993700 
0.13000000 
0.13000900 
0.13000700 
0.13046300 
0.13001200 
0.13000300 
0.13043300 
0.13015000 
0.13072000 
0.13051600 
0.13051700 
0.13015000 
0.13043500 
0.13067000 
0.13097200 
0.13064400 
0.13042700 
0.13129700 
0.13130000 
0.13079400 
0.13091600 
0.13128900 
0.13126700 
0.13099000 
0.13099100 
0.13133100 
0.13100100 
0.13103000 
0.13138000 
0.13099100 
0.13149000 
0.13156700 
0.13152100 
0.13099100 
0.13130400 
0.13107600 
0.13140000 
0.13100000 
0.13155200 
0.13160200 
0.13138300 
0.13138400 
0.13136900 
0.13139600 
0.13149500 
0.13113100 
0.13186300 
0.13157800 
0.13156900 
0.13166000 
0.13133100 
0.13155800 
0.13105300 
0.13152400 
0.13112200 
0.13157900 
0.13147900 
0.13131500 
0.13179600 
0.13188700 
0.13189900 
0.13202000 
0.13168700 
0.13168700 
0.13138200 
0.13099100 
0.13119100 
0.13127100 
0.13080600 
0.13100000 
0.13100000 
0.13137200 
0.13100000 
0.13018000 
0.13060000 
0.13095900 
0.13062900 
0.13040000 
0.13017800 
0.13041300 
0.13014400 
0.13044800 
0.13051000 
0.13033400 
0.12989300 
0.13048000 
0.13064500 
0.13064600 
0.13066000 
0.13066700 
0.13054200 
0.13075200 
0.13088500 
0.13045700 
0.13060800 
0.13003200 
0.13045600 
0.13017100 
0.13123900 
0.13087200 
0.13086700 
0.13039300 
0.13077800 
0.13008700 
0.13078000 
0.13075000 
0.13009200 
0.12975700 
0.12991000 
0.13030000 
0.12996400 
0.12996500 
0.13008000 
0.12950000 
0.12952400 
0.12938900 
0.12928300 
0.12879900 
0.12905500 
0.12941400 
0.12946100 
0.12894200 
0.12799900 
0.12769800 
0.12758100 
0.12772700 
0.12707100 
0.12660800 
0.12722600 
0.12657300 
0.12628000 
0.12579300 
0.12583000 
0.12600100 
0.12600000 
0.12640500 
0.12625100 
0.12622200 
0.12664900 
0.12668500 
0.12644100 
0.12654100 
0.12666500 
0.12589900 
0.12603900 
0.12550200 
0.12574700 
0.12579800 
0.12512200 
0.12500100 
0.12510000 
0.12500100 
0.12541800 
0.12500200 
0.12528800 
0.12500600 
0.12526000 
0.12554500 
0.12543500 
0.12540000 
0.12517700 
0.12575100 
0.12613000 
0.12575500 
0.12559700 
0.12601000 
0.12649700 
0.12650100 
0.12634100 
0.12619000 
0.12682200 
0.12671500 
0.12690000 
0.12710200 
0.12733400 
0.12736200 
0.12736500 
0.12730100 
0.12798400 
0.12820000 
0.12821800 
0.12859900 
0.12801200 
0.12866900 
0.12885800 
0.12870900 
0.12873400 
0.12878300 
0.12917300 
0.13008800 
0.13013400 
0.13009300 
0.13022300 
0.13038000 
0.13028800 
0.13028800 
0.13029000 
0.13053000 
0.13053000 
0.13072000 
0.13087700 
0.13050100 
0.12981500 
0.12943600 
0.12940900 
0.13002700 
0.12947600 
0.12953300 
0.12953300 
0.12912000 
0.12900200 
0.12913200 
0.12912000 
0.12887000 
0.12887000 
0.12900600 
0.12906400 
0.12886500 
0.12886500 
0.12936900 
0.13000000 
0.13000100 
0.13046100 
0.13000000 
0.12960000 
0.12960000 
0.12960000 
0.12934200 
0.12900900 
0.12900700 
0.12896900 
0.12928000 
0.12877500 
0.12883600 
0.12881900 
0.12892500 
0.12892000 
0.12931100 
0.12912900 
0.12870500 
0.12818300 
0.12838700 
0.12860300 
0.12859000 
0.12853200 
0.12851400 
0.12822800 
0.12801000 
0.12820200 
0.12820300 
0.12810900 
0.12856200 
0.12860200 
0.12915500 
0.12950000 
0.12928100 
0.12887000 
0.12925400 
0.12916600 
0.12881000 
0.12880500 
0.12881400 
0.12875700 
0.12855700 
0.12875700 
0.12854000 
0.12876900 
0.12859100 
0.12838500 
0.12830200 
0.12840300 
0.12877600 
0.12836500 
0.12860500 
0.12914500 
0.12879900 
0.12880000 
0.12880000 
0.12880000 
0.12864400 
0.12880000 
0.12880000 
0.12879900 
0.12879800 
0.12860700 
0.12879900 
0.12880000 
0.12851000 
0.12872700 
0.12850900 
0.12856500 
0.12880000 
0.12857100 
0.12864200 
0.12880000 
0.12879900 
0.12886100 
0.12882400 
0.12882200 
0.12907500 
0.12885100 
0.12910000 
0.12885000 
0.12901000 
0.12916800 
0.12924400 
0.12879700 
0.12879300 
0.12895400 
0.12897000 
0.12901000 
0.12898600 
0.12901000 
0.12901000 
0.12898700 
0.12896200 
0.12924300 
0.12901000 
0.12910000 
0.12914700 
0.12923600 
0.12914700 
0.12921200 
0.12950100 
0.12929900 
0.12928000 
0.12917800 
0.12938800 
0.12962000 
0.12962000 
0.12953700 
0.12938100 
0.12959500 
0.12962000 
0.12962000 
0.13004500 
0.12962400 
0.13000500 
0.13064400 
0.13066200 
0.13000000 
0.13000000 
0.13000000 
0.13001300 
0.13001300 
0.13001200 
0.12965600 
0.12965100 
0.12917100 
0.12964500 
0.12965100 
0.12964000 
0.13006300 
0.13003000 
0.13006300 
0.13021600 
0.13000000 
0.13054200 
0.13052700 
0.13050800 
0.13090000 
0.13083100 
0.13088000 
0.13098300 
0.13088300 
0.13098300 
0.13086700 
0.13085800 
0.13134200 
0.13083700 
0.13064500 
0.13062300 
0.13077500 
0.13059800 
0.13056000 
0.13039500 
0.12960500 
0.13001600 
0.12966500 
0.13019400 
0.13006500 
0.12999900 
0.13020100 
0.13038900 
0.13022500 
0.13066300 
0.13019600 
0.13060700 
0.13016200 
0.13006800 
0.13003000 
0.13003900 
0.12995600 
0.12983900 
0.13022600 
0.12993700 
0.13026900 
0.12994000 
0.13039400 
0.13039400 
0.12985900 
0.13039600 
0.13024800 
0.13058300 
0.13102200 
0.13050000 
0.13029200 
0.12996500 
0.12995000 
0.12904400 
0.12932500 
0.12958700 
0.12952000 
0.12993600 
0.12978900 
0.12988400 
0.12956400 
0.12952400 
0.12958800 
0.12961100 
0.13001000 
0.13014000 
0.13020000 
0.13020100 
0.13073200 
0.13069800 
0.13007000 
0.13067500 
0.13091100 
0.13091100 
0.13078300 
0.13070200 
0.13100000 
0.13166100 
0.13166500 
0.13170600 
0.13168700 
0.13146100 
0.13198600 
0.13183100 
0.13156000 
0.13157300 
0.13176100 
0.13178800 
0.13160100 
0.13146100 
0.13158200 
0.13158200 
0.13199900 
0.13160500 
0.13229900 
0.13185400 
0.13192800 
0.13232800 
0.13159800 
0.13169100 
0.13150100 
0.13165100 
0.13150100 
0.13150100 
0.13150200 
0.13150200 
0.13150100 
0.13150000 
0.13136000 
0.13184100 
0.13151000 
0.13136000 
0.13136000 
0.13138600 
0.13137100 
0.13136400 
0.13132800 
0.13257800 
0.13114000 
0.13150000 
0.13146000 
0.13134700 
0.13173200 
0.13133500 
0.13158100 
0.13182200 
0.13121800 
0.13130900 
0.13138300 
0.13194700 
0.13194700 
0.13160500 
0.13196000 
0.13196000 
0.13160200 
0.13198500 
0.13198500 
0.13202400 
0.13264400 
0.13258200 
0.13229700 
0.13264800 
0.13232300 
0.13287000 
0.13254700 
0.13287100 
0.13244000 
0.13263900 
0.13220100 
0.13202600 
0.13211100 
0.13240000 
0.13239700 
0.13194200 
0.13194200 
0.13250000 
0.13196800 
0.13225100 
0.13245000 
0.13245800 
0.13247000 
0.13247000 
0.13247000 
0.13247000 
0.13206800 
0.13247000 
0.13247000 
0.13247000 
0.13199400 
0.13253300 
0.13235100 
0.13228000 
0.13228000 
0.13228000 
0.13228000 
0.13228000 
0.13228000 
0.13203400 
0.13203300 
0.13203200 
0.13203200 
0.13203200 
0.13203200 
0.13140400 
0.13190500 
0.13185700 
0.13138900 
0.13138300 
0.13138100 
0.13150200 
0.13150200 
0.13156600 
0.13156600 
0.13202500 
0.13134200 
0.13204500 
0.13164700 
0.13204400 
0.13204500 
0.13204600 
0.13205700 
0.13162900 
0.13206100 
0.13200000 
0.13241500 
0.13201200 
0.13232100 
0.13212700 
0.13191000 
0.13199200 
0.13201700 
0.13188900 
0.13201700 
0.13220800 
0.13226000 
0.13226100 
0.13201000 
0.13167000 
0.13188100 
0.13195400 
0.13226000 
0.13203700 
0.13203700 
0.13215000 
0.13177200 
0.13172300 
0.13193000 
0.13181000 
0.13200900 
0.13201500 
0.13245700 
0.13200500 
0.13195500 
0.13208700 
0.13240000 
0.13222000 
0.13250600 
0.13250600 
0.13223600 
0.13223600 
0.13219700 
0.13220300 
0.13233100 
0.13233000 
0.13219700 
0.13252400 
0.13244600 
0.13220200 
0.13220000 
0.13212700 
0.13193100 
0.13205600 
0.13185900 
0.13184200 
0.13171600 
0.13186400 
0.13166700 
0.13186400 
0.13200000 
0.13200000 
0.13185000 
0.13184800 
0.13180000 
0.13180000 
0.13145800 
0.13143000 
0.13142700 
0.13137700 
0.13146000 
0.13175400 
0.13134600 
0.13185000 
0.13140200 
0.13146800 
0.13085600 
0.13156300 
0.13151000 
0.13146300 
0.13060200 
0.13104800 
0.13107600 
0.13137800 
0.13161700 
0.13161700 
0.13100000 
0.13175700 
0.13144700 
0.13111600 
0.13205600 
0.13203600 
0.13180100 
0.13150700 
0.13164500 
0.13181100 
0.13162900 
0.13193400 
0.13170700 
0.13139500 
0.13191400 
0.13260700 
0.13267900 
0.13213600 
0.13221700 
0.13221700 
0.13234300 
0.13200000 
0.13200000 
0.13197200 
0.13168400 
0.13200000 
0.13202600 
0.13204500 
0.13232200 
0.13242000 
0.13238600 
0.13202600 
0.13253900 
0.13231200 
0.13231000 
0.13210700 
0.13200000 
0.13200000 
0.13160100 
0.13157000 
0.13186600 
0.13216700 
0.13178200 
0.13220300 
0.13214300 
0.13207300 
0.13171000 
0.13202500 
0.13173000 
0.13175600 
0.13152700 
0.13153100 
0.13154600 
0.13158700 
0.13166800 
0.13199200 
0.13205300 
0.13161600 
0.13204800 
0.13205800 
0.13199300 
0.13204900 
0.13200900 
0.13200000 
0.13221100 
0.13235000 
0.13235000 
0.13235000 
0.13234500 
0.13234600 
0.13201000 
0.13200200 
0.13205300 
0.13211800 
0.13211700 
0.13233900 
0.13234500 
0.13234400 
0.13234700 
0.13234100 
0.13230900 
0.13234700 
0.13231000 
0.13257700 
0.13257300 
0.13257500 
0.13258000 
0.13258000 
0.13259800 
0.13287100 
0.13260000 
0.13258000 
0.13258000 
0.13258000 
0.13258000 
0.13268700 
0.13235000 
0.13251000 
0.13251000 
0.13251000 
0.13240100 
0.13239100 
0.13265500 
0.13243200 
0.13265600 
0.13287100 
0.13287600 
0.13287600 
0.13290000 
0.13294000 
0.13287800 
0.13294000 
0.13306000 
0.13306300 
0.13306400 
0.13319100 
0.13319500 
0.13340000 
0.13314000 
0.13307000 
0.13307000 
0.13312300 
0.13306400 
0.13319000 
0.13309900 
0.13313700 
0.13371900 
0.13315000 
0.13328400 
0.13333000 
0.13388400 
0.13358400 
0.13324300 
0.13324100 
0.13323800 
0.13323800 
0.13323500 
0.13357100 
0.13298900 
0.13315200 
0.13315200 
0.13313500 
0.13316100 
0.13365600 
0.13296400 
0.13304900 
0.13287500 
0.13307500 
0.13298700 
0.13287400 
0.13287100 
0.13310300 
0.13313000 
0.13310200 
0.13325300 
0.13322300 
0.13370100 
0.13361100 
0.13339200 
0.13321600 
0.13308700 
0.13355500 
0.13364300 
0.13326600 
0.13318700 
0.13292200 
0.13299400 
0.13296000 
0.13240000 
0.13278000 
0.13284500 
0.13380300 
0.13337900 
0.13348300 
0.13380200 
0.13382100 
0.13386600 
0.13412800 
0.13419900 
0.13388200 
0.13415400 
0.13389600 
0.13435800 
0.13429600 
0.13410000 
0.13386200 
0.13414600 
0.13459000 
0.13438500 
0.13472400 
0.13454700 
0.13454700 
0.13454700 
0.13454700 
0.13454700 
0.13454700 
0.13439700 
0.13432200 
0.13454700 
0.13454700 
0.13454700 
0.13454600 
0.13454600 
0.13454600 
0.13454600 
0.13438100 
0.13454700 
0.13454700 
0.13441200 
0.13438000 
0.13439000 
0.13410200 
0.13428900 
0.13432200 
0.13410000 
0.13439800 
0.13410000 
0.13442900 
0.13410200 
0.13420000 
0.13420000 
0.13471400 
0.13444600 
0.13428300 
0.13456800 
0.13440000 
0.13456400 
0.13469600 
0.13451100 
0.13469900 
0.13470000 
0.13470000 
0.13471000 
0.13471400 
0.13471400 
0.13471600 
0.13420000 
0.13473800 
0.13475900 
0.13477500 
0.13479100 
0.13480000 
0.13473200 
0.13479400 
0.13476200 
0.13485800 
0.13486200 
0.13499700 
0.13469500 
0.13498000 
0.13490700 
0.13486200 
0.13480000 
0.13500000 
0.13500000 
0.13469700 
0.13499900 
0.13500000 
0.13500000 
0.13457400 
0.13492900 
0.13500000 
0.13504400 
0.13514800 
0.13509200 
0.13530200 
0.13518300 
0.13516600 
0.13540100 
0.13516600 
0.13522000 
0.13528900 
0.13509300 
0.13529800 
0.13510000 
0.13521700 
0.13525000 
0.13525000 
0.13551800 
0.13527400 
0.13522500 
0.13546300 
0.13571900 
0.13559000 
0.13548300 
0.13528100 
0.13552300 
0.13633100 
0.13649000 
0.13650000 
0.13650200 
0.13664800 
0.13650200 
0.13665300 
0.13665300 
0.13655000 
0.13655500 
0.13679000 
0.13679000 
0.13679000 
0.13679000 
0.13679000 
0.13679000 
0.13679000 
0.13679000 
0.13679000 
0.13675900 
0.13675900 
0.13675900 
0.13676300 
0.13650100 
0.13679000 
0.13659500 
0.13659500 
0.13680000 
0.13660000 
0.13679800 
0.13679800 
0.13661300 
0.13683100 
0.13660900 
0.13666600 
0.13692400 
0.13699200 
0.13660000 
0.13715000 
0.13680000 
0.13709800 
0.13711200 
0.13680100 
0.13680000 
0.13680000 
0.13681000 
0.13699900 
0.13690000 
0.13697900 
0.13680000 
0.13697000 
0.13697000 
0.13680000 
0.13680000 
0.13659900 
0.13685200 
0.13685200 
0.13664500 
0.13685200 
0.13685200 
0.13669500 
0.13641500 
0.13650600 
0.13670000 
0.13650600 
0.13650400 
0.13682200 
0.13682200 
0.13682200 
0.13690000 
0.13685300 
0.13680900 
0.13680900 
0.13641300 
0.13685300 
0.13670000 
0.13669900 
0.13670000 
0.13670000 
0.13669500 
0.13669500 
0.13669600 
0.13669600 
0.13662600 
0.13620200 
0.13620100 
0.13620500 
0.13620500 
0.13661500 
0.13650000 
0.13647200 
0.13687400 
0.13687800 
0.13690000 
0.13696900 
0.13688600 
0.13661600 
0.13687600 
0.13690000 
0.13678600 
0.13678600 
0.13666800 
0.13666100 
0.13697000 
0.13683100 
0.13661600 
0.13693500 
0.13670000 
0.13663600 
0.13698900 
0.13662600 
0.13660100 
0.13700000 
0.13667900 
0.13703900 
0.13667900 
0.13671200 
0.13700100 
0.13740900 
0.13700000 
0.13700000 
0.13726200 
0.13678900 
0.13688900 
0.13688900 
0.13690200 
0.13690400 
0.13733600 
0.13690300 
0.13695200 
0.13738000 
0.13738000 
0.13690200 
0.13700500 
0.13701200 
0.13701300 
0.13701000 
0.13717200 
0.13717200 
0.13741500 
0.13742900 
0.13741500 
0.13740400 
0.13745000 
0.13700800 
0.13731300 
0.13700200 
0.13717500 
0.13759700 
0.13740000 
0.13720000 
0.13753500 
0.13750100 
0.13746200 
0.13726100 
0.13780000 
0.13725000 
0.13793500 
0.13781100 
0.13791900 
0.13792000 
0.13745000 
0.13744500 
0.13805000 
0.13795700 
0.13760300 
0.13756600 
0.13814800 
0.13814900 
0.13810000 
0.13810000 
0.13802300 
0.13771900 
0.13807600 
0.13807700 
0.13782700 
0.13783400 
0.13800000 
0.13832500 
0.13830600 
0.13810000 
0.13810000 
0.13799900 
0.13803000 
0.13830800 
0.13825300 
0.13800100 
0.13800000 
0.13802500 
0.13832500 
0.13825700 
0.13799000 
0.13799000 
0.13832800 
0.13832900 
0.13796700 
0.13819500 
0.13819600 
0.13802400 
0.13805200 
0.13816400 
0.13830100 
0.13830500 
0.13831700 
0.13843700 
0.13843700 
0.13843600 
0.13858900 
0.13843600 
0.13827000 
0.13824700 
0.13863300 
0.13822000 
0.13836400 
0.13870000 
0.13837100 
0.13875000 
0.13828100 
0.13848900 
0.13840000 
0.13821400 
0.13821300 
0.13821200 
0.13869500 
0.13853600 
0.13850000 
0.13869700 
0.13869700 
0.13850000 
0.13850000 
0.13850600 
0.13850000 
0.13851700 
0.13821700 
0.13815000 
0.13796300 
0.13793800 
0.13771700 
0.13769800 
0.13770000 
0.13729300 
0.13729400 
0.13729500 
0.13729500 
0.13729500 
0.13729500 
0.13729400 
0.13729500 
0.13729400 
0.13772000 
0.13771700 
0.13738000 
0.13730200 
0.13772300 
0.13772400 
0.13772500 
0.13773000 
0.13773000 
0.13760000 
0.13726400 
0.13763000 
0.13721900 
0.13763200 
0.13725100 
0.13710000 
0.13710000 
0.13724600 
0.13697600 
0.13722800 
0.13723000 
0.13775000 
0.13722800 
0.13781500 
0.13727400 
0.13751900 
0.13738200 
0.13751600 
0.13748200 
0.13734900 
0.13720000 
0.13685700 
0.13710400 
0.13711900 
0.13729000 
0.13674100 
0.13742600 
0.13695200 
0.13743600 
0.13744000 
0.13698800 
0.13700000 
0.13747800 
0.13748100 
0.13782400 
0.13812800 
0.13805300 
0.13763700 
0.13765900 
0.13805800 
0.13761700 
0.13748000 
0.13785100 
0.13747900 
0.13747900 
0.13750000 
0.13756300 
0.13802800 
0.13800000 
0.13750200 
0.13747800 
0.13747800 
0.13747100 
0.13781700 
0.13746600 
0.13699200 
0.13718800 
0.13721900 
0.13683500 
0.13738800 
0.13740100 
0.13740100 
0.13744900 
0.13732100 
0.13738200 
0.13742500 
0.13798900 
0.13799900 
0.13792900 
0.13794100 
0.13757300 
0.13742500 
0.13780400 
0.13767800 
0.13786300 
0.13830400 
0.13786000 
0.13827400 
0.13800000 
0.13808900 
0.13808300 
0.13842900 
0.13889700 
0.13865300 
0.13874200 
0.13870800 
0.13871600 
0.13871600 
0.13871500 
0.13875000 
0.13876100 
0.13925100 
0.13908400 
0.13875000 
0.13926300 
0.13922200 
0.13922200 
0.13908700 
0.13908700 
0.13876000 
0.13908700 
0.13908600 
0.13939900 
0.13914700 
0.13933100 
0.13917000 
0.13965000 
0.13916600 
0.13948000 
0.13895700 
0.13947900 
0.13915600 
0.13915600 
0.13922000 
0.13875000 
0.13900500 
0.13901600 
0.13928100 
0.13921200 
0.13900800 
0.13903700 
0.13900100 
0.13900000 
0.13921200 
0.13950000 
0.13898000 
0.13874300 
0.13874300 
0.13926200 
0.13881700 
0.13874300 
0.13904000 
0.13903900 
0.13874300 
0.13906000 
0.13860100 
0.13899000 
0.13919500 
0.13926700 
0.13925700 
0.13889900 
0.13948900 
0.13919900 
0.13951100 
0.13951100 
0.13952700 
0.13977700 
0.13952300 
0.13981500 
0.14029900 
0.14030500 
0.14022800 
0.14021200 
0.14020900 
0.14020900 
0.14072500 
0.14101000 
0.14101000 
0.14101000 
0.14117600 
0.14117500 
0.14117600 
0.14115900 
0.14115900 
0.14102000 
0.14117100 
0.14100900 
0.14117500 
0.14100400 
0.14100700 
0.14100700 
0.14100100 
0.14078800 
0.14074300 
0.14070800 
0.14050000 
0.14044500 
0.14055000 
0.14050000 
0.14053900 
0.14055000 
0.14043900 
0.14043100 
0.14012200 
0.14012200 
0.14013100 
0.14011800 
0.14010300 
0.14010100 
0.14018000 
0.14042300 
0.14012400 
0.14023600 
0.14023000 
0.14023000 
0.14044900 
0.14019800 
0.14022700 
0.14002200 
0.14014400 
0.14014300 
0.14051900 
0.14014000 
0.13993400 
0.14033100 
0.13984200 
0.13980300 
0.14029600 
0.14034500 
0.14000000 
0.13969200 
0.13969400 
0.13974000 
0.13974000 
0.13974000 
0.13973800 
0.13940100 
0.13926200 
0.13961500 
0.13959500 
0.13920200 
0.13960000 
0.13955100 
0.13902800 
0.13901200 
0.13939000 
0.13907800 
0.13907800 
0.13864700 
0.13869100 
0.13904700 
0.13926500 
0.13889800 
0.13896000 
0.13909000 
0.13927300 
0.13910000 
0.13932000 
0.13928500 
0.13925800 
0.13926100 
0.13902700 
0.13902700 
0.13938400 
0.13940000 
0.13940000 
0.13899900 
0.13907400 
0.13928500 
0.13888700 
0.13918500 
0.13918500 
0.13916300 
0.13909300 
0.13915500 
0.13890600 
0.13918600 
0.13875000 
0.13906600 
0.13886100 
0.13918200 
0.13954400 
0.13937300 
0.13891100 
0.13890800 
0.13890000 
0.13892100 
0.13886100 
0.13894400 
0.13948100 
0.13948000 
0.13885100 
0.13919700 
0.13891900 
0.13902500 
0.13882600 
0.13918000 
0.13915200 
0.13899800 
0.13877400 
0.13892400 
0.13918100 
0.13918300 
0.13918100 
0.13918100 
0.13918100 
0.13918100 
0.13917700 
0.13891700 
0.13891500 
0.13891900 
0.13893200 
0.13892800 
0.13890700 
0.13938500 
0.13887700 
0.13941000 
0.13973400 
0.13939200 
0.13935500 
0.13930300 
0.13914700 
0.13878200 
0.13914700 
0.13873700 
0.13907100 
0.13875000 
0.13915100 
0.13880200 
0.13896500 
0.13930000 
0.13895000 
0.13930000 
0.13930000 
0.13891800 
0.13892000 
0.13889900 
0.13930300 
0.13913700 
0.13902900 
0.13889900 
0.13867000 
0.13865000 
0.13867700 
0.13900000 
0.13863500 
0.13863500 
0.13880000 
0.13866100 
0.13880000 
0.13852100 
0.13857000 
0.13854700 
0.13850000 
0.13827200 
0.13849800 
0.13826800 
0.13819200 
0.13826900 
0.13837700 
0.13849800 
0.13821900 
0.13810600 
0.13841000 
0.13841000 
0.13841000 
0.13844600 
0.13845000 
0.13845000 
0.13838000 
0.13812700 
0.13859500 
0.13882300 
0.13843800 
0.13885900 
0.13913700 
0.13898900 
0.13899100 
0.13898900 
0.13872000 
0.13872000 
0.13897800 
0.13880300 
0.13858700 
0.13817600 
0.13817600 
0.13801000 
0.13800800 
0.13800900 
0.13829100 
0.13851200 
0.13845900 
0.13801900 
0.13847700 
0.13880000 
0.13907800 
0.13881600 
0.13936200 
0.13961500 
0.13987200 
0.13936500 
0.13917400 
0.13925000 
0.13946200 
0.13971500 
0.13972600 
0.14003000 
0.13975000 
0.13976900 
0.13993600 
0.13946000 
0.13972100 
0.13959300 
0.13963600 
0.13962300 
0.13925500 
0.13919800 
0.13869000 
0.13872900 
0.13913000 
0.13866300 
0.13954100 
0.13965200 
0.13955000 
0.13937500 
0.13949100 
0.13999000 
0.13949100 
0.13910000 
0.13898700 
0.13863100 
0.13857700 
0.13887500 
0.13887900 
0.13880500 
0.13880300 
0.13880300 
0.13870000 
0.13880600 
0.13880500 
0.13874500 
0.13867900 
0.13892800 
0.13876400 
0.13876400 
0.13876400 
0.13827200 
0.13833400 
0.13849400 
0.13849400 
0.13849400 
0.13820900 
0.13849400 
0.13871500 
0.13899000 
0.13912900 
0.13918300 
0.13923800 
0.13871400 
0.13884100 
0.13924400 
0.13924700 
0.13924600 
0.13924600 
0.13924500 
0.13924700 
0.13924700 
0.13924700 
0.13884900 
0.13884900 
0.13874200 
0.13874200 
0.13874200 
0.13863100 
0.13874200 
0.13886700 
0.13849100 
0.13870000 
0.13871000 
0.13873600 
0.13873600 
0.13874100 
0.13889600 
0.13873000 
0.13876600 
0.13900000 
0.13820000 
0.13820000 
0.13819500 
0.13797700 
0.13793100 
0.13818400 
0.13780100 
0.13818400 
0.13839500 
0.13787200 
0.13781600 
0.13839900 
0.13796200 
0.13793500 
0.13796600 
0.13801300 
0.13778800 
0.13737500 
0.13770000 
0.13752400 
0.13752200 
0.13819800 
0.13822000 
0.13862700 
0.13862800 
0.13862700 
0.13864400 
0.13828200 
0.13859800 
0.13870400 
0.13849700 
0.13851200 
0.13796000 
0.13863900 
0.13841300 
0.13850000 
0.13788100 
0.13742100 
0.13764300 
0.13779800 
0.13718100 
0.13709900 
0.13675800 
0.13696700 
0.13696800 
0.13684200 
0.13661700 
0.13662700 
0.13662500 
0.13642000 
0.13642000 
0.13655600 
0.13662500 
0.13678800 
0.13678800 
0.13678900 
0.13668600 
0.13690000 
0.13691600 
0.13716100 
0.13670800 
0.13670600 
0.13704400 
0.13749900 
0.13750000 
0.13749900 
0.13719600 
0.13718500 
0.13718200 
0.13743100 
0.13710300 
0.13703200 
0.13703700 
0.13656900 
0.13690500 
0.13641100 
0.13690200 
0.13671000 
0.13640200 
0.13640000 
0.13640200 
0.13670200 
0.13632100 
0.13626100 
0.13626100 
0.13626100 
0.13603200 
0.13603200 
0.13602400 
0.13570300 
0.13602600 
0.13613800 
0.13595700 
0.13556500 
0.13552300 
0.13552300 
0.13533400 
0.13526500 
0.13526300 
0.13552500 
0.13544100 
0.13526200 
0.13526100 
0.13526200 
0.13529900 
0.13507900 
0.13494300 
0.13489900 
0.13486700 
0.13486700 
0.13489100 
0.13491700 
0.13520500 
0.13506400 
0.13486700 
0.13552500 
0.13556100 
0.13556400 
0.13510400 
0.13524500 
0.13554800 
0.13552200 
0.13551900 
0.13539700 
0.13534100 
0.13599800 
0.13600000 
0.13599600 
0.13599600 
0.13599600 
0.13597900 
0.13598900 
0.13599800 
0.13579200 
0.13589000 
0.13587900 
0.13610000 
0.13565700 
0.13531700 
0.13532500 
0.13534700 
0.13538300 
0.13549200 
0.13497000 
0.13520700 
0.13554500 
0.13520800 
0.13520400 
0.13520700 
0.13541600 
0.13514200 
0.13512700 
0.13512700 
0.13529600 
0.13489900 
0.13529600 
0.13559000 
0.13570500 
0.13598200 
0.13620200 
0.13644700 
0.13610000 
0.13670000 
0.13568200 
0.13572300 
0.13574300 
0.13595000 
0.13620100 
0.13556200 
0.13611600 
0.13634400 
0.13636100 
0.13612300 
0.13641200 
0.13599900 
0.13522000 
0.13522500 
0.13535100 
0.13541300 
0.13545600 
0.13547100 
0.13502200 
0.13536000 
0.13614700 
0.13589000 
0.13586300 
0.13621700 
0.13577000 
0.13554300 
0.13576000 
0.13579800 
0.13551900 
0.13550200 
0.13533800 
0.13550700 
0.13550600 
0.13633600 
0.13581800 
0.13616200 
0.13662000 
0.13650000 
0.13617600 
0.13621000 
0.13604000 
0.13575000 
0.13448000 
0.13467000 
0.13440400 
0.13421000 
0.13420800 
0.13424300 
0.13476200 
0.13476200 
0.13435800 
0.13436100 
0.13484700 
0.13455300 
0.13452000 
0.13474900 
0.13439200 
0.13464400 
0.13447800 
0.13382100 
0.13385600 
0.13363900 
0.13339000 
0.13339000 
0.13305100 
0.13339800 
0.13305700 
0.13311600 
0.13311700 
0.13305200 
0.13306800 
0.13305300 
0.13305300 
0.13305300 
0.13305400 
0.13320800 
0.13305200 
0.13334100 
0.13334100 
0.13339400 
0.13334200 
0.13305100 
0.13332300 
0.13305200 
0.13304800 
0.13317200 
0.13316900 
0.13302700 
0.13302700 
0.13303100 
0.13292000 
0.13297700 
0.13300200 
0.13297100 
0.13297100 
0.13313500 
0.13326100 
0.13343900 
0.13319800 
0.13305200 
0.13341800 
0.13313500 
0.13325000 
0.13324800 
0.13324300 
0.13301100 
0.13326500 
0.13348600 
0.13362300 
0.13350800 
0.13378300 
0.13381700 
0.13391800 
0.13386600 
0.13392400 
0.13392400 
0.13393500 
0.13392700 
0.13392900 
0.13438900 
0.13405400 
0.13445800 
0.13446000 
0.13414500 
0.13394600 
0.13394500 
0.13414400 
0.13425100 
0.13442000 
0.13472400 
0.13469700 
0.13462300 
0.13444900 
0.13444900 
0.13433200 
0.13429900 
0.13444900 
0.13433100 
0.13458400 
0.13495200 
0.13485300 
0.13512300 
0.13497800 
0.13465900 
0.13465000 
0.13465000 
0.13465000 
0.13458600 
0.13515200 
0.13467000 
0.13507600 
0.13506600 
0.13499000 
0.13511500 
0.13536600 
0.13575000 
0.13575000 
0.13575500 
0.13575500 
0.13558000 
0.13544000 
0.13544000 
0.13544000 
0.13528600 
0.13517100 
0.13496800 
0.13468000 
0.13467800 
0.13528100 
0.13496800 
0.13479100 
0.13472200 
0.13471300 
0.13496800 
0.13477700 
0.13481900 
0.13455200 
0.13475600 
0.13475600 
0.13493000 
0.13492000 
0.13491800 
0.13474000 
0.13471000 
0.13494500 
0.13494400 
0.13452500 
0.13488200 
0.13478200 
0.13440600 
0.13490500 
0.13463200 
0.13461900 
0.13498800 
0.13449100 
0.13454700 
0.13473600 
0.13473600 
0.13428900 
0.13462200 
0.13493900 
0.13469200 
0.13480300 
0.13519800 
0.13519800 
0.13490000 
0.13508200 
0.13550000 
0.13510000 
0.13510000 
0.13464800 
0.13459500 
0.13450000 
0.13409400 
0.13447000 
0.13448600 
0.13447800 
0.13449300 
0.13404400 
0.13404500 
0.13426400 
0.13436700 
0.13440300 
0.13455300 
0.13456600 
0.13466900 
0.13485000 
0.13512100 
0.13456100 
0.13512300 
0.13513500 
0.13514000 
0.13511300 
0.13434800 
0.13369700 
0.13382600 
0.13363400 
0.13349700 
0.13350000 
0.13352700 
0.13352700 
0.13352700 
0.13373900 
0.13391000 
0.13321600 
0.13350000 
0.13358500 
0.13358300 
0.13392200 
0.13436300 
0.13446000 
0.13458800 
0.13451300 
0.13416000 
0.13436900 
0.13450300 
0.13486100 
0.13486900 
0.13594200 
0.13600000 
0.13617400 
0.13598000 
0.13583900 
0.13575600 
0.13626300 
0.13584700 
0.13642000 
0.13656500 
0.13649000 
0.13649000 
0.13624100 
0.13674500 
0.13685900 
0.13634300 
0.13695300 
0.13698200 
0.13631600 
0.13678900 
0.13678900 
0.13650100 
0.13662700 
0.13664000 
0.13656200 
0.13634700 
0.13640900 
0.13640900 
0.13635300 
0.13661000 
0.13664200 
0.13667900 
0.13668000 
0.13650500 
0.13650500 
0.13670000 
0.13622000 
0.13640000 
0.13611300 
0.13649900 
0.13629900 
0.13624100 
0.13635100 
0.13590500 
0.13619800 
0.13581100 
0.13568100 
0.13564200 
0.13533000 
0.13500500 
0.13533000 
0.13532700 
0.13522300 
0.13518700 
0.13520600 
0.13522200 
0.13508100 
0.13532800 
0.13532700 
0.13507600 
0.13465500 
0.13520200 
0.13514200 
0.13481100 
0.13532800 
0.13500000 
0.13494100 
0.13533000 
0.13533000 
0.13533000 
0.13512000 
0.13480000 
0.13512000 
0.13505000 
0.13534000 
0.13522400 
0.13536700 
0.13539900 
0.13537800 
0.13538900 
0.13540000 
0.13538900 
0.13539400 
0.13542500 
0.13504000 
0.13517800 
0.13517900 
0.13510500 
0.13507200 
0.13473700 
0.13471300 
0.13465500 
0.13498900 
0.13460400 
0.13497800 
0.13479900 
0.13498000 
0.13500000 
0.13500200 
0.13500200 
0.13500200 
0.13500000 
0.13509900 
0.13549700 
0.13533500 
0.13550000 
0.13550100 
0.13550100 
0.13550800 
0.13550800 
0.13550800 
0.13550200 
0.13595400 
0.13570200 
0.13570100 
0.13569500 
0.13620000 
0.13620500 
0.13598100 
0.13598400 
0.13590300 
0.13590500 
0.13546700 
0.13548600 
0.13548600 
0.13554700 
0.13599700 
0.13546900 
0.13550400 
0.13563400 
0.13539900 
0.13541400 
0.13543100 
0.13511200 
0.13522200 
0.13556700 
0.13557200 
0.13578400 
0.13545300 
0.13598900 
0.13580400 
0.13599400 
0.13560000 
0.13600000 
0.13601100 
0.13604800 
0.13634000 
0.13702500 
0.13706800 
0.13710200 
0.13661200 
0.13710900 
0.13660900 
0.13704700 
0.13691000 
0.13705800 
0.13701400 
0.13669900 
0.13664300 
0.13674500 
0.13674800 
0.13675300 
0.13665600 
0.13653900 
0.13698000 
0.13698600 
0.13670300 
0.13699000 
0.13713200 
0.13715800 
0.13719500 
0.13810000 
0.13820500 
0.13783200 
0.13800400 
0.13803900 
0.13862500 
0.13862800 
0.13863000 
0.13851300 
0.13826800 
0.13819900 
0.13784700 
0.13819600 
0.13804900 
0.13823700 
0.13788600 
0.13824100 
0.13800100 
0.13800000 
0.13853800 
0.13854000 
0.13854000 
0.13855000 
0.13817400 
0.13817500 
0.13866100 
0.13825000 
0.13866700 
0.13868200 
0.13868200 
0.13868200 
0.13879000 
0.13879000 
0.13879000 
0.13885200 
0.13838600 
0.13887000 
0.13886000 
0.13892000 
0.13868200 
0.13868200 
0.13865800 
0.13865800 
0.13865800 
0.13865800 
0.13865700 
0.13874500 
0.13894300 
0.13893600 
0.13889100 
0.13878000 
0.13830000 
0.13878100 
0.13908200 
0.13904800 
0.13904900 
0.13871500 
0.13875800 
0.13905000 
0.13910000 
0.13889700 
0.13887000 
0.13879700 
0.13870000 
0.13870000 
0.13839200 
0.13867900 
0.13810600 
0.13828400 
0.13828400 
0.13828400 
0.13832700 
0.13829900 
0.13810300 
0.13832800 
0.13836400 
0.13809900 
0.13807600 
0.13807600 
0.13818400 
0.13818200 
0.13859500 
0.13859400 
0.13859400 
0.13859500 
0.13887800 
0.13889900 
0.13892500 
0.13893600 
0.13857400 
0.13874100 
0.13892800 
0.13874700 
0.13870700 
0.13830700 
0.13872000 
0.13870900 
0.13876600 
0.13861500 
0.13861500 
0.13861400 
0.13859600 
0.13858900 
0.13826600 
0.13859600 
0.13854100 
0.13854100 
0.13847800 
0.13847600 
0.13859900 
0.13850000 
0.13853300 
0.13858900 
0.13859800 
0.13860000 
0.13860900 
0.13856200 
0.13844200 
0.13844200 
0.13844200 
0.13850100 
0.13850200 
0.13828400 
0.13798200 
0.13850100 
0.13810600 
0.13850400 
0.13850400 
0.13850300 
0.13846200 
0.13850400 
0.13850400 
0.13850500 
0.13842600 
0.13785000 
0.13849000 
0.13812100 
0.13812500 
0.13789700 
0.13817300 
0.13771800 
0.13821900 
0.13822600 
0.13772100 
0.13800000 
0.13792300 
0.13789700 
0.13761200 
0.13755200 
0.13726100 
0.13751900 
0.13751800 
0.13722300 
0.13759400 
0.13751300 
0.13741200 
0.13761100 
0.13754900 
0.13754700 
0.13752900 
0.13749900 
0.13747300 
0.13720000 
0.13720000 
0.13720000 
0.13720000 
0.13749700 
0.13748500 
0.13748500 
0.13752900 
0.13755000 
0.13747300 
0.13709700 
0.13742400 
0.13719300 
0.13719300 
0.13755000 
0.13722100 
0.13746600 
0.13740000 
0.13739900 
0.13738000 
0.13738000 
0.13738600 
0.13701700 
0.13738600 
0.13739900 
0.13739700 
0.13739700 
0.13710000 
0.13696900 
0.13691700 
0.13691800 
0.13740000 
0.13691800 
0.13730200 
0.13730200 
0.13746600 
0.13747300 
0.13747300 
0.13691300 
0.13743400 
0.13743700 
0.13691300 
0.13743700 
0.13691200 
0.13743400 
0.13749600 
0.13749600 
0.13749600 
0.13749600 
0.13758000 
0.13697400 
0.13759000 
0.13705000 
0.13703500 
0.13696000 
0.13737500 
0.13737300 
0.13737400 
0.13734200 
0.13709000 
0.13710000 
0.13710000 
0.13739000 
0.13750000 
0.13767700 
0.13751500 
0.13757700 
0.13769400 
0.13725300 
0.13771800 
0.13718200 
0.13772000 
0.13772800 
0.13772800 
0.13773000 
0.13710200 
0.13773500 
0.13714200 
0.13714000 
0.13779700 
0.13779900 
0.13712500 
0.13789700 
0.13795000 
0.13795000 
0.13787000 
0.13795500 
0.13827000 
0.13827100 
0.13804400 
0.13800800 
0.13827700 
0.13827800 
0.13827900 
0.13827900 
0.13790900 
0.13776700 
0.13788600 
0.13777200 
0.13780500 
0.13770200 
0.13792500 
0.13798200 
0.13798900 
0.13740800 
0.13774700 
0.13774400 
0.13739600 
0.13772100 
0.13774800 
0.13719400 
0.13730900 
0.13777400 
0.13792600 
0.13797600 
0.13799800 
0.13803800 
0.13807400 
0.13807900 
0.13808300 
0.13797900 
0.13798000 
0.13799300 
0.13802500 
0.13805400 
0.13806000 
0.13806000 
0.13790500 
0.13790900 
0.13790000 
0.13790000 
0.13795800 
0.13783100 
0.13783400 
0.13733300 
0.13784500 
0.13784400 
0.13760100 
0.13765200 
0.13765100 
0.13794600 
0.13794800 
0.13795000 
0.13795000 
0.13759400 
0.13797200 
0.13800000 
0.13800200 
0.13821900 
0.13822000 
0.13803000 
0.13829500 
0.13829900 
0.13840900 
0.13842800 
0.13840800 
0.13844700 
0.13844900 
0.13851300 
0.13851600 
0.13851900 
0.13852900 
0.13853400 
0.13853400 
0.13861500 
0.13827500 
0.13855100 
0.13861500 
0.13865100 
0.13874900 
0.13895400 
0.13899400 
0.13899400 
0.13899600 
0.13885600 
0.13918800 
0.13861300 
0.13880000 
0.13919500 
0.13919500 
0.13919500 
0.13889900 
0.13903000 
0.13921500 
0.13937000 
0.13936900 
0.13988700 
0.13982000 
0.13937700 
0.13939200 
0.14002700 
0.14009600 
0.14030000 
0.13979100 
0.14061700 
0.14049900 
0.14048000 
0.14032000 
0.14048100 
0.14031300 
0.14031000 
0.14040000 
0.14030300 
0.13990100 
0.13984100 
0.13987100 
0.14018100 
0.13992400 
0.14006600 
0.14006400 
0.14029900 
0.13992700 
0.14034400 
0.14001800 
0.13999900 
0.13999700 
0.13989800 
0.13989800 
0.13989800 
0.13989800 
0.13989800 
0.13989800 
0.13989800 
0.13989600 
0.13974900 
0.13974100 
0.13943700 
0.13980600 
0.13945200 
0.13945000 
0.13989500 
0.13955100 
0.13989600 
0.13951800 
0.13989600 
0.13986800 
0.13982500 
0.13966400 
0.13989600 
0.13989700 
0.13989700 
0.13987500 
0.13987600 
0.13943300 
0.13966800 
0.13980000 
0.13980000 
0.13979200 
0.13941300 
0.13926300 
0.13923900 
0.13940000 
0.13931100 
0.13882000 
0.13924600 
0.13925800 
0.13928900 
0.13880500 
0.13939200 
0.13939700 
0.13939800 
0.13920200 
0.13920200 
0.13939700 
0.13939900 
0.13938000 
0.13920300 
0.13940900 
0.13941100 
0.13920300 
0.13941500 
0.13918600 
0.13914900 
0.13932000 
0.13916600 
0.13848400 
0.13885900 
0.13893200 
0.13907000 
0.13872300 
0.13868100 
0.13872200 
0.13860000 
0.13860000 
0.13850000 
0.13850000 
0.13856200 
0.13855200 
0.13870000 
0.13855200 
0.13877300 
0.13879900 
0.13850000 
0.13879800 
0.13870000 
0.13870000 
0.13844100 
0.13841300 
0.13860200 
0.13841300 
0.13860200 
0.13860200 
0.13831700 
0.13801100 
0.13825200 
0.13836300 
0.13870000 
0.13840600 
0.13845600 
0.13870000 
0.13870000 
0.13870000 
0.13870400 
0.13849200 
0.13845700 
0.13845800 
0.13878000 
0.13846200 
0.13860000 
0.13852300 
0.13877900 
0.13877900 
0.13877900 
0.13856700 
0.13877900 
0.13856700 
0.13880000 
0.13880000 
0.13879800 
0.13880000 
0.13855800 
0.13855700 
0.13903900 
0.13855800 
0.13855700 
0.13855800 
0.13855800 
0.13855700 
0.13855700 
0.13855700 
0.13824000 
0.13853500 
0.13817300 
0.13849900 
0.13845700 
0.13813500 
0.13813300 
0.13845700 
0.13849800 
0.13849900 
0.13853500 
0.13853600 
0.13847000 
0.13847000 
0.13848100 
0.13830100 
0.13830100 
0.13845200 
0.13822800 
0.13845300 
0.13845000 
0.13839200 
0.13843900 
0.13844800 
0.13852500 
0.13847300 
0.13789900 
0.13801500 
0.13834000 
0.13817200 
0.13836000 
0.13836100 
0.13817400 
0.13825300 
0.13817400 
0.13825200 
0.13839700 
0.13807800 
0.13821700 
0.13857000 
0.13856900 
0.13800100 
0.13851800 
0.13851700 
0.13847900 
0.13851000 
0.13847900 
0.13845400 
0.13842400 
0.13842300 
0.13840800 
0.13840900 
0.13830800 
0.13836900 
0.13837700 
0.13840000 
0.13837200 
0.13777200 
0.13860400 
0.13819100 
0.13838100 
0.13838100 
0.13871200 
0.13832100 
0.13838100 
0.13858300 
0.13908400 
0.13903900 
0.13892600 
0.13893600 
0.13893800 
0.13880000 
0.13879900 
0.13879900 
0.13879900 
0.13878500 
0.13895200 
0.13892900 
0.13842100 
0.13894000 
0.13887200 
0.13877100 
0.13832500 
0.13876700 
0.13860900 
0.13860900 
0.13829700 
0.13870700 
0.13827100 
0.13837000 
0.13835100 
0.13864100 
0.13909000 
0.13909000 
0.13905400 
0.13900800 
0.13895200 
0.13871400 
0.13871000 
0.13922900 
0.13880200 
0.13894400 
0.13922900 
0.13879200 
0.13922900 
0.13922900 
0.13922900 
0.13922900 
0.13922800 
0.13922700 
0.13870200 
0.13922700 
0.13922900 
0.13869100 
0.13922800 
0.13866800 
0.13922800 
0.13900000 
0.13898800 
0.13899900 
0.13854000 
0.13895200 
0.13867100 
0.13817500 
0.13844500 
0.13844500 
0.13823500 
0.13827500 
0.13795200 
0.13818900 
0.13823900 
0.13780800 
0.13825800 
0.13777900 
0.13777700 
0.13818900 
0.13789400 
0.13822800 
0.13810000 
0.13804100 
0.13796100 
0.13798300 
0.13748300 
0.13808100 
0.13751700 
0.13761000 
0.13809400 
0.13809600 
0.13804500 
0.13791800 
0.13794700 
0.13800300 
0.13817900 
0.13839300 
0.13781200 
0.13852800 
0.13773600 
0.13724400 
0.13724000 
0.13763800 
0.13752100 
0.13735400 
0.13765600 
0.13769900 
0.13747200 
0.13705700 
0.13738100 
0.13733100 
0.13773400 
0.13769900 
0.13738000 
0.13738200 
0.13738200 
0.13770700 
0.13736100 
0.13762600 
0.13789300 
0.13789300 
0.13793700 
0.13743400 
