5.12700000 
53.09900000 
97.38500000 
251.71200000 
84.16400000 
46.37900000 
55.14300000 
34.80900000 
271.29400000 
154.91700000 
211.75100000 
153.08700000 
133.22800000 
341.85000000 
173.21700000 
283.33300000 
292.26100000 
185.60200000 
200.24900000 
181.79300000 
268.48500000 
143.31800000 
231.98600000 
469.04100000 
94.84900000 
449.68900000 
109.16800000 
196.24500000 
970.65100000 
195.00300000 
146.23800000 
254.93000000 
80.36500000 
338.94000000 
333.44200000 
207.71400000 
182.29500000 
109.43500000 
206.01000000 
612.36300000 
663.59700000 
1021.26800000 
226.14000000 
213.00400000 
437.02600000 
231.43200000 
95.89700000 
215.46300000 
305.78700000 
45.97200000 
229.43700000 
230.48600000 
264.42300000 
184.37900000 
40.31200000 
254.14800000 
93.91800000 
82.27100000 
96.49600000 
86.12300000 
96.85600000 
161.44900000 
300.55400000 
59.46700000 
90.06300000 
211.69200000 
85.76400000 
249.64700000 
150.11900000 
120.14100000 
26.38000000 
132.62000000 
286.67300000 
85.38700000 
71.18100000 
47.94100000 
65.83000000 
74.83900000 
42.42400000 
26.10200000 
382.66900000 
6.29900000 
110.85200000 
349.32100000 
199.36300000 
124.46600000 
97.63300000 
34.79900000 
54.48900000 
218.66500000 
53.58700000 
66.69300000 
112.18500000 
72.98100000 
38.76300000 
464.73500000 
68.65000000 
7.57400000 
205.30200000 
196.43000000 
309.00500000 
77.10400000 
51.38900000 
70.36600000 
397.02900000 
259.95400000 
192.47300000 
168.34300000 
217.69400000 
173.24800000 
93.07900000 
25.46100000 
313.12100000 
250.55000000 
185.96500000 
280.79800000 
212.43400000 
149.93900000 
163.37900000 
553.76900000 
202.22900000 
212.01500000 
215.73900000 
336.41000000 
373.31400000 
414.17100000 
271.08000000 
246.46500000 
443.33000000 
74.74500000 
88.37000000 
302.48400000 
177.22900000 
123.06800000 
218.35400000 
251.79800000 
368.03300000 
170.88900000 
27.39800000 
138.09300000 
78.58000000 
179.62600000 
199.56200000 
207.74600000 
230.82500000 
198.41100000 
59.74100000 
541.77100000 
842.21300000 
1975.74900000 
531.79100000 
171.66700000 
214.29400000 
116.62300000 
111.71800000 
237.18800000 
113.45200000 
153.20300000 
548.85700000 
142.90000000 
336.99200000 
96.60500000 
272.47200000 
759.98400000 
283.97400000 
276.96400000 
200.61500000 
143.82400000 
252.38900000 
157.70400000 
351.27800000 
208.36500000 
338.21300000 
387.99200000 
77.33600000 
285.78300000 
345.48400000 
111.33400000 
105.09200000 
364.25100000 
258.62300000 
129.26000000 
266.33300000 
32.08800000 
108.84400000 
69.94300000 
178.46400000 
252.78600000 
164.37200000 
123.14200000 
831.71000000 
1232.50900000 
98.02900000 
283.21900000 
104.45500000 
503.56700000 
68.06500000 
16.78500000 
40.78500000 
26.67600000 
119.57000000 
126.44700000 
75.83000000 
228.77200000 
37.60800000 
271.95700000 
188.80400000 
110.58400000 
248.23600000 
91.70100000 
168.23200000 
202.29400000 
168.29000000 
47.08900000 
370.93200000 
134.49400000 
109.16400000 
159.40400000 
139.41100000 
7.27800000 
43.26000000 
36.10000000 
201.47600000 
64.84500000 
134.15200000 
23.22000000 
4.36600000 
167.71200000 
152.11200000 
86.15700000 
60.77600000 
92.68400000 
111.31600000 
121.95500000 
172.05300000 
436.65200000 
225.19500000 
320.51000000 
291.77800000 
538.71500000 
533.09000000 
790.26300000 
712.99400000 
1392.69600000 
777.26400000 
566.36400000 
375.56500000 
446.17700000 
103.37800000 
339.93600000 
91.05900000 
158.74600000 
58.16600000 
142.02900000 
5.76200000 
14.23700000 
291.94400000 
53.25800000 
205.89400000 
35.77800000 
238.76500000 
15.22900000 
120.18600000 
207.52800000 
171.70200000 
7.58300000 
15.41900000 
23.60900000 
59.95400000 
29.39700000 
195.84900000 
194.51600000 
48.73500000 
498.73600000 
269.47900000 
535.09100000 
393.77400000 
344.06600000 
560.75000000 
428.94700000 
69.58300000 
278.76900000 
39.37900000 
40.85700000 
124.56900000 
42.17700000 
54.37600000 
80.07800000 
42.74200000 
60.33200000 
189.00400000 
237.42500000 
526.35100000 
177.85600000 
101.99400000 
183.75700000 
200.42100000 
80.15400000 
151.35100000 
47.70600000 
6.02400000 
16.60200000 
32.62700000 
340.40300000 
258.91200000 
84.60900000 
35.88300000 
16.78200000 
29.27900000 
32.95500000 
7.64400000 
20.55100000 
143.49200000 
345.88100000 
76.94000000 
130.09500000 
227.10700000 
199.46100000 
162.71500000 
250.92200000 
57.85800000 
382.25100000 
262.08100000 
147.90800000 
88.63200000 
156.54800000 
43.76300000 
203.35600000 
576.88900000 
91.75400000 
468.64600000 
217.58300000 
123.34400000 
189.94600000 
420.80900000 
95.84900000 
113.30000000 
543.99000000 
174.90300000 
821.79300000 
639.99500000 
69.27000000 
533.01900000 
680.46300000 
155.00600000 
195.81500000 
215.83700000 
63.85400000 
117.87300000 
92.19400000 
464.74200000 
100.42700000 
220.80000000 
419.12000000 
135.34800000 
133.55500000 
88.88400000 
928.97100000 
162.94300000 
289.44700000 
400.47100000 
26.45500000 
148.97000000 
184.26600000 
71.68400000 
567.43800000 
281.98400000 
196.78400000 
673.99000000 
222.03500000 
220.46200000 
663.12000000 
336.56700000 
557.58200000 
26.39100000 
161.21100000 
253.91700000 
315.10100000 
565.40800000 
338.19200000 
508.55600000 
260.78700000 
468.55300000 
352.26000000 
578.71100000 
519.37100000 
573.02000000 
257.32300000 
690.02700000 
290.07900000 
207.85000000 
256.84500000 
336.41400000 
309.64900000 
311.85400000 
381.12200000 
351.00500000 
165.97800000 
866.34700000 
699.60500000 
428.71600000 
223.71200000 
238.12900000 
659.72400000 
247.30200000 
1255.93300000 
428.65900000 
652.01600000 
315.21500000 
673.26300000 
710.16800000 
1447.17300000 
1147.55600000 
172.18800000 
306.26200000 
339.59400000 
287.13400000 
615.91800000 
343.89000000 
462.79800000 
355.93800000 
551.11600000 
833.59500000 
1377.89200000 
841.02700000 
414.69600000 
853.05300000 
1326.75100000 
1027.76300000 
505.88500000 
237.95500000 
207.21500000 
964.57100000 
550.68400000 
609.94000000 
255.25000000 
425.84000000 
264.71000000 
219.58800000 
308.83400000 
71.01500000 
94.98200000 
358.82300000 
531.55800000 
364.64900000 
151.33600000 
143.97800000 
66.60100000 
227.22500000 
69.37000000 
463.53600000 
711.14500000 
726.13200000 
185.52500000 
704.73300000 
291.26500000 
293.88200000 
169.02100000 
301.49000000 
208.71800000 
100.26100000 
54.60500000 
231.70600000 
288.71800000 
376.05000000 
142.79600000 
79.05300000 
35.50800000 
46.56500000 
134.13800000 
270.69300000 
118.44300000 
186.37700000 
327.29700000 
199.14200000 
393.30200000 
232.26300000 
248.25300000 
856.31900000 
653.78700000 
5.12700000 
53.09900000 
97.38500000 
251.71200000 
84.16400000 
46.37900000 
55.14300000 
34.80900000 
271.29400000 
154.91700000 
211.75100000 
153.08700000 
133.22800000 
341.85000000 
173.21700000 
283.33300000 
292.26100000 
185.60200000 
200.24900000 
181.79300000 
268.48500000 
143.31800000 
231.98600000 
469.04100000 
94.84900000 
449.68900000 
109.16800000 
196.24500000 
970.65100000 
195.00300000 
146.23800000 
254.93000000 
80.36500000 
338.94000000 
333.44200000 
207.71400000 
182.29500000 
109.43500000 
206.01000000 
612.36300000 
663.59700000 
1021.26800000 
226.14000000 
213.00400000 
437.02600000 
231.43200000 
95.89700000 
215.46300000 
305.78700000 
45.97200000 
229.43700000 
230.48600000 
264.42300000 
184.37900000 
40.31200000 
254.14800000 
93.91800000 
82.27100000 
96.49600000 
86.12300000 
96.85600000 
161.44900000 
300.55400000 
59.46700000 
90.06300000 
211.69200000 
85.76400000 
249.64700000 
150.11900000 
120.14100000 
26.38000000 
132.62000000 
286.67300000 
85.38700000 
71.18100000 
47.94100000 
65.83000000 
74.83900000 
42.42400000 
26.10200000 
382.66900000 
6.29900000 
110.85200000 
349.32100000 
199.36300000 
124.46600000 
97.63300000 
34.79900000 
54.48900000 
218.66500000 
53.58700000 
66.69300000 
112.18500000 
72.98100000 
38.76300000 
464.73500000 
68.65000000 
7.57400000 
205.30200000 
196.43000000 
309.00500000 
77.10400000 
51.38900000 
70.36600000 
397.02900000 
259.95400000 
192.47300000 
168.34300000 
217.69400000 
173.24800000 
93.07900000 
25.46100000 
313.12100000 
250.55000000 
185.96500000 
280.79800000 
212.43400000 
149.93900000 
163.37900000 
553.76900000 
202.22900000 
212.01500000 
215.73900000 
336.41000000 
373.31400000 
414.17100000 
271.08000000 
246.46500000 
443.33000000 
74.74500000 
88.37000000 
302.48400000 
177.22900000 
123.06800000 
218.35400000 
251.79800000 
368.03300000 
170.88900000 
27.39800000 
138.09300000 
78.58000000 
179.62600000 
199.56200000 
207.74600000 
230.82500000 
198.41100000 
59.74100000 
541.77100000 
842.21300000 
1975.74900000 
531.79100000 
171.66700000 
214.29400000 
116.62300000 
111.71800000 
237.18800000 
113.45200000 
153.20300000 
548.85700000 
142.90000000 
336.99200000 
96.60500000 
272.47200000 
759.98400000 
283.97400000 
276.96400000 
200.61500000 
143.82400000 
252.38900000 
157.70400000 
351.27800000 
208.36500000 
338.21300000 
387.99200000 
77.33600000 
285.78300000 
345.48400000 
111.33400000 
105.09200000 
364.25100000 
258.62300000 
129.26000000 
266.33300000 
32.08800000 
108.84400000 
69.94300000 
178.46400000 
252.78600000 
164.37200000 
123.14200000 
831.71000000 
1232.50900000 
98.02900000 
283.21900000 
104.45500000 
503.56700000 
68.06500000 
16.78500000 
40.78500000 
26.67600000 
119.57000000 
126.44700000 
75.83000000 
228.77200000 
37.60800000 
271.95700000 
188.80400000 
110.58400000 
248.23600000 
91.70100000 
168.23200000 
202.29400000 
168.29000000 
47.08900000 
370.93200000 
134.49400000 
109.16400000 
159.40400000 
139.41100000 
7.27800000 
43.26000000 
36.10000000 
201.47600000 
64.84500000 
134.15200000 
23.22000000 
4.36600000 
167.71200000 
152.11200000 
86.15700000 
60.77600000 
92.68400000 
111.31600000 
121.95500000 
172.05300000 
436.65200000 
225.19500000 
320.51000000 
291.77800000 
538.71500000 
533.09000000 
790.26300000 
712.99400000 
1392.69600000 
777.26400000 
566.36400000 
375.56500000 
446.17700000 
103.37800000 
339.93600000 
91.05900000 
158.74600000 
58.16600000 
142.02900000 
5.76200000 
14.23700000 
291.94400000 
53.25800000 
205.89400000 
35.77800000 
238.76500000 
15.22900000 
120.18600000 
207.52800000 
171.70200000 
7.58300000 
15.41900000 
23.60900000 
59.95400000 
29.39700000 
195.84900000 
194.51600000 
48.73500000 
498.73600000 
269.47900000 
535.09100000 
393.77400000 
344.06600000 
560.75000000 
428.94700000 
69.58300000 
278.76900000 
39.37900000 
40.85700000 
124.56900000 
42.17700000 
54.37600000 
80.07800000 
42.74200000 
60.33200000 
189.00400000 
237.42500000 
526.35100000 
177.85600000 
101.99400000 
183.75700000 
200.42100000 
80.15400000 
151.35100000 
47.70600000 
6.02400000 
16.60200000 
32.62700000 
340.40300000 
258.91200000 
84.60900000 
35.88300000 
16.78200000 
29.27900000 
32.95500000 
7.64400000 
20.55100000 
143.49200000 
345.88100000 
76.94000000 
130.09500000 
227.10700000 
199.46100000 
162.71500000 
250.92200000 
57.85800000 
382.25100000 
262.08100000 
147.90800000 
88.63200000 
156.54800000 
43.76300000 
203.35600000 
576.88900000 
91.75400000 
468.64600000 
217.58300000 
123.34400000 
189.94600000 
420.80900000 
95.84900000 
113.30000000 
543.99000000 
174.90300000 
821.79300000 
639.99500000 
69.27000000 
533.01900000 
680.46300000 
155.00600000 
195.81500000 
215.83700000 
63.85400000 
117.87300000 
92.19400000 
464.74200000 
100.42700000 
220.80000000 
419.12000000 
135.34800000 
133.55500000 
88.88400000 
928.97100000 
162.94300000 
289.44700000 
400.47100000 
26.45500000 
148.97000000 
184.26600000 
71.68400000 
567.43800000 
281.98400000 
196.78400000 
673.99000000 
222.03500000 
220.46200000 
663.12000000 
336.56700000 
557.58200000 
26.39100000 
161.21100000 
253.91700000 
315.10100000 
565.40800000 
338.19200000 
508.55600000 
260.78700000 
468.55300000 
352.26000000 
578.71100000 
519.37100000 
573.02000000 
257.32300000 
690.02700000 
290.07900000 
207.85000000 
256.84500000 
336.41400000 
309.64900000 
311.85400000 
381.12200000 
351.00500000 
165.97800000 
866.34700000 
699.60500000 
428.71600000 
223.71200000 
238.12900000 
659.72400000 
247.30200000 
1255.93300000 
428.65900000 
652.01600000 
315.21500000 
673.26300000 
710.16800000 
1447.17300000 
1147.55600000 
172.18800000 
306.26200000 
339.59400000 
287.13400000 
615.91800000 
343.89000000 
462.79800000 
355.93800000 
551.11600000 
833.59500000 
1377.89200000 
841.02700000 
414.69600000 
853.05300000 
1326.75100000 
1027.76300000 
505.88500000 
237.95500000 
207.21500000 
964.57100000 
550.68400000 
609.94000000 
255.25000000 
425.84000000 
264.71000000 
219.58800000 
308.83400000 
71.01500000 
94.98200000 
358.82300000 
531.55800000 
364.64900000 
151.33600000 
143.97800000 
66.60100000 
227.22500000 
69.37000000 
463.53600000 
711.14500000 
726.13200000 
185.52500000 
704.73300000 
291.26500000 
293.88200000 
169.02100000 
301.49000000 
208.71800000 
100.26100000 
54.60500000 
231.70600000 
288.71800000 
376.05000000 
142.79600000 
79.05300000 
35.50800000 
46.56500000 
134.13800000 
270.69300000 
118.44300000 
186.37700000 
327.29700000 
199.14200000 
393.30200000 
232.26300000 
248.25300000 
856.31900000 
653.78700000 
5.12700000 
53.09900000 
97.38500000 
251.71200000 
84.16400000 
46.37900000 
55.14300000 
34.80900000 
271.29400000 
154.91700000 
211.75100000 
153.08700000 
133.22800000 
341.85000000 
173.21700000 
283.33300000 
292.26100000 
185.60200000 
200.24900000 
181.79300000 
268.48500000 
143.31800000 
231.98600000 
469.04100000 
94.84900000 
449.68900000 
109.16800000 
196.24500000 
970.65100000 
195.00300000 
146.23800000 
254.93000000 
80.36500000 
338.94000000 
333.44200000 
207.71400000 
182.29500000 
109.43500000 
206.01000000 
612.36300000 
663.59700000 
1021.26800000 
226.14000000 
213.00400000 
437.02600000 
231.43200000 
95.89700000 
215.46300000 
305.78700000 
45.97200000 
229.43700000 
230.48600000 
264.42300000 
184.37900000 
40.31200000 
254.14800000 
93.91800000 
82.27100000 
96.49600000 
86.12300000 
96.85600000 
161.44900000 
300.55400000 
59.46700000 
90.06300000 
211.69200000 
85.76400000 
249.64700000 
150.11900000 
120.14100000 
26.38000000 
132.62000000 
286.67300000 
85.38700000 
71.18100000 
47.94100000 
65.83000000 
74.83900000 
42.42400000 
26.10200000 
382.66900000 
6.29900000 
110.85200000 
349.32100000 
199.36300000 
124.46600000 
97.63300000 
34.79900000 
54.48900000 
218.66500000 
53.58700000 
66.69300000 
112.18500000 
72.98100000 
38.76300000 
464.73500000 
68.65000000 
7.57400000 
205.30200000 
196.43000000 
309.00500000 
77.10400000 
51.38900000 
70.36600000 
397.02900000 
259.95400000 
192.47300000 
168.34300000 
217.69400000 
173.24800000 
93.07900000 
25.46100000 
313.12100000 
250.55000000 
185.96500000 
280.79800000 
212.43400000 
149.93900000 
163.37900000 
553.76900000 
202.22900000 
212.01500000 
215.73900000 
336.41000000 
373.31400000 
414.17100000 
271.08000000 
246.46500000 
443.33000000 
74.74500000 
88.37000000 
302.48400000 
177.22900000 
123.06800000 
218.35400000 
251.79800000 
368.03300000 
170.88900000 
27.39800000 
138.09300000 
78.58000000 
179.62600000 
199.56200000 
207.74600000 
230.82500000 
198.41100000 
59.74100000 
541.77100000 
842.21300000 
1975.74900000 
531.79100000 
171.66700000 
214.29400000 
116.62300000 
111.71800000 
237.18800000 
113.45200000 
153.20300000 
548.85700000 
142.90000000 
336.99200000 
96.60500000 
272.47200000 
759.98400000 
283.97400000 
276.96400000 
200.61500000 
143.82400000 
252.38900000 
157.70400000 
351.27800000 
208.36500000 
338.21300000 
387.99200000 
77.33600000 
285.78300000 
345.48400000 
111.33400000 
105.09200000 
364.25100000 
258.62300000 
129.26000000 
266.33300000 
32.08800000 
108.84400000 
69.94300000 
178.46400000 
252.78600000 
164.37200000 
123.14200000 
831.71000000 
1232.50900000 
98.02900000 
283.21900000 
104.45500000 
503.56700000 
68.06500000 
16.78500000 
40.78500000 
26.67600000 
119.57000000 
126.44700000 
75.83000000 
228.77200000 
37.60800000 
271.95700000 
188.80400000 
110.58400000 
248.23600000 
91.70100000 
168.23200000 
202.29400000 
168.29000000 
47.08900000 
370.93200000 
134.49400000 
109.16400000 
159.40400000 
139.41100000 
7.27800000 
43.26000000 
36.10000000 
201.47600000 
64.84500000 
134.15200000 
23.22000000 
4.36600000 
167.71200000 
152.11200000 
86.15700000 
60.77600000 
92.68400000 
111.31600000 
121.95500000 
172.05300000 
436.65200000 
225.19500000 
320.51000000 
291.77800000 
538.71500000 
533.09000000 
790.26300000 
712.99400000 
1392.69600000 
777.26400000 
566.36400000 
375.56500000 
446.17700000 
103.37800000 
339.93600000 
91.05900000 
158.74600000 
58.16600000 
142.02900000 
5.76200000 
14.23700000 
291.94400000 
53.25800000 
205.89400000 
35.77800000 
238.76500000 
15.22900000 
120.18600000 
207.52800000 
171.70200000 
7.58300000 
15.41900000 
23.60900000 
59.95400000 
29.39700000 
195.84900000 
194.51600000 
48.73500000 
498.73600000 
269.47900000 
535.09100000 
393.77400000 
344.06600000 
560.75000000 
428.94700000 
69.58300000 
278.76900000 
39.37900000 
40.85700000 
124.56900000 
42.17700000 
54.37600000 
80.07800000 
42.74200000 
60.33200000 
189.00400000 
237.42500000 
526.35100000 
177.85600000 
101.99400000 
183.75700000 
200.42100000 
80.15400000 
151.35100000 
47.70600000 
6.02400000 
16.60200000 
32.62700000 
340.40300000 
258.91200000 
84.60900000 
35.88300000 
16.78200000 
29.27900000 
32.95500000 
7.64400000 
20.55100000 
143.49200000 
345.88100000 
76.94000000 
130.09500000 
227.10700000 
199.46100000 
162.71500000 
250.92200000 
57.85800000 
382.25100000 
262.08100000 
147.90800000 
88.63200000 
156.54800000 
43.76300000 
203.35600000 
576.88900000 
91.75400000 
468.64600000 
217.58300000 
123.34400000 
189.94600000 
420.80900000 
95.84900000 
113.30000000 
543.99000000 
174.90300000 
821.79300000 
639.99500000 
69.27000000 
533.01900000 
680.46300000 
155.00600000 
195.81500000 
215.83700000 
63.85400000 
117.87300000 
92.19400000 
464.74200000 
100.42700000 
220.80000000 
419.12000000 
135.34800000 
133.55500000 
88.88400000 
928.97100000 
162.94300000 
289.44700000 
400.47100000 
26.45500000 
148.97000000 
184.26600000 
71.68400000 
567.43800000 
281.98400000 
196.78400000 
673.99000000 
222.03500000 
220.46200000 
663.12000000 
336.56700000 
557.58200000 
26.39100000 
161.21100000 
253.91700000 
315.10100000 
565.40800000 
338.19200000 
508.55600000 
260.78700000 
468.55300000 
352.26000000 
578.71100000 
519.37100000 
573.02000000 
257.32300000 
690.02700000 
290.07900000 
207.85000000 
256.84500000 
336.41400000 
309.64900000 
311.85400000 
381.12200000 
351.00500000 
165.97800000 
866.34700000 
699.60500000 
428.71600000 
223.71200000 
238.12900000 
659.72400000 
247.30200000 
1255.93300000 
428.65900000 
652.01600000 
315.21500000 
673.26300000 
710.16800000 
1447.17300000 
1147.55600000 
172.18800000 
306.26200000 
339.59400000 
287.13400000 
615.91800000 
343.89000000 
462.79800000 
355.93800000 
551.11600000 
833.59500000 
1377.89200000 
841.02700000 
414.69600000 
853.05300000 
1326.75100000 
1027.76300000 
505.88500000 
237.95500000 
207.21500000 
964.57100000 
550.68400000 
609.94000000 
255.25000000 
425.84000000 
264.71000000 
219.58800000 
308.83400000 
71.01500000 
94.98200000 
358.82300000 
531.55800000 
364.64900000 
151.33600000 
143.97800000 
66.60100000 
227.22500000 
69.37000000 
463.53600000 
711.14500000 
726.13200000 
185.52500000 
704.73300000 
291.26500000 
293.88200000 
169.02100000 
301.49000000 
208.71800000 
100.26100000 
54.60500000 
231.70600000 
288.71800000 
376.05000000 
142.79600000 
79.05300000 
35.50800000 
46.56500000 
134.13800000 
270.69300000 
118.44300000 
186.37700000 
327.29700000 
199.14200000 
393.30200000 
232.26300000 
248.25300000 
856.31900000 
653.78700000 
