0.00503500 
0.00501500 
0.00502300 
0.00505500 
0.00509800 
0.00508000 
0.00509100 
0.00504200 
0.00501400 
0.00501500 
0.00503200 
0.00508900 
0.00508900 
0.00511700 
0.00510800 
0.00510000 
0.00510000 
0.00510700 
0.00512900 
0.00509900 
0.00509300 
0.00509200 
0.00509400 
0.00503400 
0.00500000 
0.00501200 
0.00504100 
0.00505200 
0.00505900 
0.00505200 
0.00501500 
0.00501100 
0.00498100 
0.00500700 
0.00507300 
0.00511600 
0.00507500 
0.00509000 
0.00505900 
0.00507400 
0.00499300 
0.00518000 
0.00510800 
0.00509800 
0.00505200 
0.00502500 
0.00501200 
0.00501200 
0.00508800 
0.00502100 
0.00500200 
0.00495000 
0.00492500 
0.00491700 
0.00494000 
0.00491000 
0.00490400 
0.00489800 
0.00490200 
0.00488700 
0.00490000 
0.00490200 
0.00488600 
0.00488200 
0.00487100 
0.00490100 
0.00491300 
0.00491800 
0.00491800 
0.00492300 
0.00489600 
0.00491300 
0.00484700 
0.00483500 
0.00483900 
0.00483600 
0.00483900 
0.00482000 
0.00484500 
0.00484600 
0.00489000 
0.00486100 
0.00489100 
0.00487700 
0.00485500 
0.00487600 
0.00488300 
0.00488900 
0.00488300 
0.00491000 
0.00490800 
0.00490800 
0.00490800 
0.00489400 
0.00490900 
0.00490300 
0.00491000 
0.00490200 
0.00493400 
0.00490300 
0.00496000 
0.00496400 
0.00497800 
0.00496200 
0.00494500 
0.00497900 
0.00498100 
0.00498800 
0.00497500 
0.00495500 
0.00495200 
0.00495200 
0.00494600 
0.00490700 
0.00490900 
0.00492000 
0.00493200 
0.00494200 
0.00497000 
0.00495200 
0.00491100 
0.00492000 
0.00494000 
0.00487500 
0.00489000 
0.00493800 
0.00493000 
0.00491100 
0.00484700 
0.00482800 
0.00481300 
0.00481300 
0.00480000 
0.00478800 
0.00480300 
0.00482400 
0.00482700 
0.00483000 
0.00483200 
0.00484200 
0.00480300 
0.00480400 
0.00483900 
0.00489800 
0.00489700 
0.00484900 
0.00486100 
0.00480100 
0.00484500 
0.00494200 
0.00493500 
0.00492800 
0.00493300 
0.00491200 
0.00492000 
0.00492600 
0.00490200 
0.00489900 
0.00482900 
0.00487700 
0.00482000 
0.00478700 
0.00481100 
0.00484200 
0.00484200 
0.00483700 
0.00481300 
0.00479200 
0.00478600 
0.00478800 
0.00482400 
0.00476000 
0.00475600 
0.00475100 
0.00472500 
0.00470000 
0.00467100 
0.00466800 
0.00464400 
0.00466700 
0.00465900 
0.00465000 
0.00468300 
0.00467300 
0.00468400 
0.00469800 
0.00465300 
0.00464600 
0.00465900 
0.00467800 
0.00465100 
0.00470000 
0.00469900 
0.00474400 
0.00470100 
0.00476200 
0.00476000 
0.00475000 
0.00476100 
0.00479900 
0.00480100 
0.00479300 
0.00482200 
0.00479100 
0.00480300 
0.00479100 
0.00479100 
0.00483600 
0.00488000 
0.00481100 
0.00479800 
0.00476000 
0.00475200 
0.00477300 
0.00475700 
0.00475000 
0.00475000 
0.00476000 
0.00479000 
0.00479800 
0.00476100 
0.00475200 
0.00482200 
0.00482000 
0.00485300 
0.00485600 
0.00486900 
0.00485500 
0.00481200 
0.00480600 
0.00484200 
0.00482700 
0.00481900 
0.00480100 
0.00477400 
0.00486500 
0.00484200 
0.00480000 
0.00485700 
0.00488300 
0.00505100 
0.00489600 
0.00487400 
0.00476100 
0.00474800 
0.00475900 
0.00464400 
0.00463200 
0.00464600 
0.00465000 
0.00464600 
0.00463700 
0.00464400 
0.00461700 
0.00461000 
0.00460900 
0.00463100 
0.00463000 
0.00461600 
0.00465100 
0.00460700 
0.00460200 
0.00461400 
0.00460100 
0.00457900 
0.00458700 
0.00459900 
0.00461500 
0.00462900 
0.00459500 
0.00458700 
0.00457300 
0.00460200 
0.00463600 
0.00455900 
0.00458700 
0.00460300 
0.00461000 
0.00467900 
0.00471600 
0.00473500 
0.00477200 
0.00477200 
0.00476400 
0.00476400 
0.00478800 
0.00479600 
0.00479900 
0.00478900 
0.00478800 
0.00476500 
0.00477600 
0.00491400 
0.00491800 
0.00486700 
0.00488400 
0.00485900 
0.00484800 
0.00488900 
0.00489600 
0.00486800 
0.00485100 
0.00483300 
0.00486000 
0.00487300 
0.00490000 
0.00489700 
0.00489700 
0.00492600 
0.00493700 
0.00493500 
0.00491000 
0.00491400 
0.00494000 
0.00495100 
0.00495000 
0.00495000 
0.00496400 
0.00494600 
0.00490400 
0.00488700 
0.00488600 
0.00489100 
0.00491500 
0.00490600 
0.00494100 
0.00501500 
0.00501400 
0.00483600 
0.00485100 
0.00489200 
0.00490800 
0.00491000 
0.00492200 
0.00496500 
0.00499800 
0.00498900 
0.00492100 
0.00494000 
0.00504100 
0.00517200 
0.00517000 
0.00511200 
0.00504700 
0.00504800 
0.00502500 
0.00501900 
0.00502000 
0.00497900 
0.00499300 
0.00497900 
0.00499400 
0.00493000 
0.00494700 
0.00499000 
0.00492500 
0.00488200 
0.00488000 
0.00490600 
0.00490400 
0.00491200 
0.00490800 
0.00491100 
0.00492300 
0.00499100 
0.00492600 
0.00497100 
0.00493500 
0.00500000 
0.00501500 
0.00503600 
0.00505100 
0.00512500 
0.00519000 
0.00519000 
0.00520300 
0.00517300 
0.00510500 
0.00512300 
0.00510400 
0.00509500 
0.00510000 
0.00510700 
0.00515800 
0.00516600 
0.00521500 
0.00526600 
0.00532800 
0.00536300 
0.00536700 
0.00537300 
0.00534500 
0.00532600 
0.00541000 
0.00532500 
0.00539500 
0.00540700 
0.00541000 
0.00554400 
0.00550000 
0.00540100 
0.00535800 
0.00539700 
0.00541800 
0.00537100 
0.00548900 
0.00557300 
0.00566800 
0.00565600 
0.00561400 
0.00565000 
0.00561900 
0.00547200 
0.00539900 
0.00538600 
0.00532900 
0.00538100 
0.00537700 
0.00549000 
0.00552400 
0.00547800 
0.00549000 
0.00554000 
0.00549000 
0.00543300 
0.00543400 
0.00533000 
0.00538600 
0.00532000 
0.00527800 
0.00525700 
0.00524100 
0.00526100 
0.00517400 
0.00520000 
0.00522700 
0.00523100 
0.00525000 
0.00520000 
0.00521200 
0.00516600 
0.00517200 
0.00514500 
0.00514000 
0.00513400 
0.00510700 
0.00509400 
0.00507000 
0.00506200 
0.00502100 
0.00502400 
0.00500800 
0.00508100 
0.00505000 
0.00504400 
0.00510900 
0.00514200 
0.00515300 
0.00517300 
0.00520100 
0.00520500 
0.00524300 
0.00523500 
0.00522000 
0.00522600 
0.00521200 
0.00523100 
0.00519600 
0.00518000 
0.00518000 
0.00523400 
0.00522100 
0.00517100 
0.00517900 
0.00520000 
0.00521300 
0.00515900 
0.00518700 
0.00520000 
0.00517100 
0.00503500 
0.00501500 
0.00502300 
0.00505500 
0.00509800 
0.00508000 
0.00509100 
0.00504200 
0.00501400 
0.00501500 
0.00503200 
0.00508900 
0.00508900 
0.00511700 
0.00510800 
0.00510000 
0.00510000 
0.00510700 
0.00512900 
0.00509900 
0.00509300 
0.00509200 
0.00509400 
0.00503400 
0.00500000 
0.00501200 
0.00504100 
0.00505200 
0.00505900 
0.00505200 
0.00501500 
0.00501100 
0.00498100 
0.00500700 
0.00507300 
0.00511600 
0.00507500 
0.00509000 
0.00505900 
0.00507400 
0.00499300 
0.00518000 
0.00510800 
0.00509800 
0.00505200 
0.00502500 
0.00501200 
0.00501200 
0.00508800 
0.00502100 
0.00500200 
0.00495000 
0.00492500 
0.00491700 
0.00494000 
0.00491000 
0.00490400 
0.00489800 
0.00490200 
0.00488700 
0.00490000 
0.00490200 
0.00488600 
0.00488200 
0.00487100 
0.00490100 
0.00491300 
0.00491800 
0.00491800 
0.00492300 
0.00489600 
0.00491300 
0.00484700 
0.00483500 
0.00483900 
0.00483600 
0.00483900 
0.00482000 
0.00484500 
0.00484600 
0.00489000 
0.00486100 
0.00489100 
0.00487700 
0.00485500 
0.00487600 
0.00488300 
0.00488900 
0.00488300 
0.00491000 
0.00490800 
0.00490800 
0.00490800 
0.00489400 
0.00490900 
0.00490300 
0.00491000 
0.00490200 
0.00493400 
0.00490300 
0.00496000 
0.00496400 
0.00497800 
0.00496200 
0.00494500 
0.00497900 
0.00498100 
0.00498800 
0.00497500 
0.00495500 
0.00495200 
0.00495200 
0.00494600 
0.00490700 
0.00490900 
0.00492000 
0.00493200 
0.00494200 
0.00497000 
0.00495200 
0.00491100 
0.00492000 
0.00494000 
0.00487500 
0.00489000 
0.00493800 
0.00493000 
0.00491100 
0.00484700 
0.00482800 
0.00481300 
0.00481300 
0.00480000 
0.00478800 
0.00480300 
0.00482400 
0.00482700 
0.00483000 
0.00483200 
0.00484200 
0.00480300 
0.00480400 
0.00483900 
0.00489800 
0.00489700 
0.00484900 
0.00486100 
0.00480100 
0.00484500 
0.00494200 
0.00493500 
0.00492800 
0.00493300 
0.00491200 
0.00492000 
0.00492600 
0.00490200 
0.00489900 
0.00482900 
0.00487700 
0.00482000 
0.00478700 
0.00481100 
0.00484200 
0.00484200 
0.00483700 
0.00481300 
0.00479200 
0.00478600 
0.00478800 
0.00482400 
0.00476000 
0.00475600 
0.00475100 
0.00472500 
0.00470000 
0.00467100 
0.00466800 
0.00464400 
0.00466700 
0.00465900 
0.00465000 
0.00468300 
0.00467300 
0.00468400 
0.00469800 
0.00465300 
0.00464600 
0.00465900 
0.00467800 
0.00465100 
0.00470000 
0.00469900 
0.00474400 
0.00470100 
0.00476200 
0.00476000 
0.00475000 
0.00476100 
0.00479900 
0.00480100 
0.00479300 
0.00482200 
0.00479100 
0.00480300 
0.00479100 
0.00479100 
0.00483600 
0.00488000 
0.00481100 
0.00479800 
0.00476000 
0.00475200 
0.00477300 
0.00475700 
0.00475000 
0.00475000 
0.00476000 
0.00479000 
0.00479800 
0.00476100 
0.00475200 
0.00482200 
0.00482000 
0.00485300 
0.00485600 
0.00486900 
0.00485500 
0.00481200 
0.00480600 
0.00484200 
0.00482700 
0.00481900 
0.00480100 
0.00477400 
0.00486500 
0.00484200 
0.00480000 
0.00485700 
0.00488300 
0.00505100 
0.00489600 
0.00487400 
0.00476100 
0.00474800 
0.00475900 
0.00464400 
0.00463200 
0.00464600 
0.00465000 
0.00464600 
0.00463700 
0.00464400 
0.00461700 
0.00461000 
0.00460900 
0.00463100 
0.00463000 
0.00461600 
0.00465100 
0.00460700 
0.00460200 
0.00461400 
0.00460100 
0.00457900 
0.00458700 
0.00459900 
0.00461500 
0.00462900 
0.00459500 
0.00458700 
0.00457300 
0.00460200 
0.00463600 
0.00455900 
0.00458700 
0.00460300 
0.00461000 
0.00467900 
0.00471600 
0.00473500 
0.00477200 
0.00477200 
0.00476400 
0.00476400 
0.00478800 
0.00479600 
0.00479900 
0.00478900 
0.00478800 
0.00476500 
0.00477600 
0.00491400 
0.00491800 
0.00486700 
0.00488400 
0.00485900 
0.00484800 
0.00488900 
0.00489600 
0.00486800 
0.00485100 
0.00483300 
0.00486000 
0.00487300 
0.00490000 
0.00489700 
0.00489700 
0.00492600 
0.00493700 
0.00493500 
0.00491000 
0.00491400 
0.00494000 
0.00495100 
0.00495000 
0.00495000 
0.00496400 
0.00494600 
0.00490400 
0.00488700 
0.00488600 
0.00489100 
0.00491500 
0.00490600 
0.00494100 
0.00501500 
0.00501400 
0.00483600 
0.00485100 
0.00489200 
0.00490800 
0.00491000 
0.00492200 
0.00496500 
0.00499800 
0.00498900 
0.00492100 
0.00494000 
0.00504100 
0.00517200 
0.00517000 
0.00511200 
0.00504700 
0.00504800 
0.00502500 
0.00501900 
0.00502000 
0.00497900 
0.00499300 
0.00497900 
0.00499400 
0.00493000 
0.00494700 
0.00499000 
0.00492500 
0.00488200 
0.00488000 
0.00490600 
0.00490400 
0.00491200 
0.00490800 
0.00491100 
0.00492300 
0.00499100 
0.00492600 
0.00497100 
0.00493500 
0.00500000 
0.00501500 
0.00503600 
0.00505100 
0.00512500 
0.00519000 
0.00519000 
0.00520300 
0.00517300 
0.00510500 
0.00512300 
0.00510400 
0.00509500 
0.00510000 
0.00510700 
0.00515800 
0.00516600 
0.00521500 
0.00526600 
0.00532800 
0.00536300 
0.00536700 
0.00537300 
0.00534500 
0.00532600 
0.00541000 
0.00532500 
0.00539500 
0.00540700 
0.00541000 
0.00554400 
0.00550000 
0.00540100 
0.00535800 
0.00539700 
0.00541800 
0.00537100 
0.00548900 
0.00557300 
0.00566800 
0.00565600 
0.00561400 
0.00565000 
0.00561900 
0.00547200 
0.00539900 
0.00538600 
0.00532900 
0.00538100 
0.00537700 
0.00549000 
0.00552400 
0.00547800 
0.00549000 
0.00554000 
0.00549000 
0.00543300 
0.00543400 
0.00533000 
0.00538600 
0.00532000 
0.00527800 
0.00525700 
0.00524100 
0.00526100 
0.00517400 
0.00520000 
0.00522700 
0.00523100 
0.00525000 
0.00520000 
0.00521200 
0.00516600 
0.00517200 
0.00514500 
0.00514000 
0.00513400 
0.00510700 
0.00509400 
0.00507000 
0.00506200 
0.00502100 
0.00502400 
0.00500800 
0.00508100 
0.00505000 
0.00504400 
0.00510900 
0.00514200 
0.00515300 
0.00517300 
0.00520100 
0.00520500 
0.00524300 
0.00523500 
0.00522000 
0.00522600 
0.00521200 
0.00523100 
0.00519600 
0.00518000 
0.00518000 
0.00523400 
0.00522100 
0.00517100 
0.00517900 
0.00520000 
0.00521300 
0.00515900 
0.00518700 
0.00520000 
0.00517100 
0.00503500 
0.00501500 
0.00502300 
0.00505500 
0.00509800 
0.00508000 
0.00509100 
0.00504200 
0.00501400 
0.00501500 
0.00503200 
0.00508900 
0.00508900 
0.00511700 
0.00510800 
0.00510000 
0.00510000 
0.00510700 
0.00512900 
0.00509900 
0.00509300 
0.00509200 
0.00509400 
0.00503400 
0.00500000 
0.00501200 
0.00504100 
0.00505200 
0.00505900 
0.00505200 
0.00501500 
0.00501100 
0.00498100 
0.00500700 
0.00507300 
0.00511600 
0.00507500 
0.00509000 
0.00505900 
0.00507400 
0.00499300 
0.00518000 
0.00510800 
0.00509800 
0.00505200 
0.00502500 
0.00501200 
0.00501200 
0.00508800 
0.00502100 
0.00500200 
0.00495000 
0.00492500 
0.00491700 
0.00494000 
0.00491000 
0.00490400 
0.00489800 
0.00490200 
0.00488700 
0.00490000 
0.00490200 
0.00488600 
0.00488200 
0.00487100 
0.00490100 
0.00491300 
0.00491800 
0.00491800 
0.00492300 
0.00489600 
0.00491300 
0.00484700 
0.00483500 
0.00483900 
0.00483600 
0.00483900 
0.00482000 
0.00484500 
0.00484600 
0.00489000 
0.00486100 
0.00489100 
0.00487700 
0.00485500 
0.00487600 
0.00488300 
0.00488900 
0.00488300 
0.00491000 
0.00490800 
0.00490800 
0.00490800 
0.00489400 
0.00490900 
0.00490300 
0.00491000 
0.00490200 
0.00493400 
0.00490300 
0.00496000 
0.00496400 
0.00497800 
0.00496200 
0.00494500 
0.00497900 
0.00498100 
0.00498800 
0.00497500 
0.00495500 
0.00495200 
0.00495200 
0.00494600 
0.00490700 
0.00490900 
0.00492000 
0.00493200 
0.00494200 
0.00497000 
0.00495200 
0.00491100 
0.00492000 
0.00494000 
0.00487500 
0.00489000 
0.00493800 
0.00493000 
0.00491100 
0.00484700 
0.00482800 
0.00481300 
0.00481300 
0.00480000 
0.00478800 
0.00480300 
0.00482400 
0.00482700 
0.00483000 
0.00483200 
0.00484200 
0.00480300 
0.00480400 
0.00483900 
0.00489800 
0.00489700 
0.00484900 
0.00486100 
0.00480100 
0.00484500 
0.00494200 
0.00493500 
0.00492800 
0.00493300 
0.00491200 
0.00492000 
0.00492600 
0.00490200 
0.00489900 
0.00482900 
0.00487700 
0.00482000 
0.00478700 
0.00481100 
0.00484200 
0.00484200 
0.00483700 
0.00481300 
0.00479200 
0.00478600 
0.00478800 
0.00482400 
0.00476000 
0.00475600 
0.00475100 
0.00472500 
0.00470000 
0.00467100 
0.00466800 
0.00464400 
0.00466700 
0.00465900 
0.00465000 
0.00468300 
0.00467300 
0.00468400 
0.00469800 
0.00465300 
0.00464600 
0.00465900 
0.00467800 
0.00465100 
0.00470000 
0.00469900 
0.00474400 
0.00470100 
0.00476200 
0.00476000 
0.00475000 
0.00476100 
0.00479900 
0.00480100 
0.00479300 
0.00482200 
0.00479100 
0.00480300 
0.00479100 
0.00479100 
0.00483600 
0.00488000 
0.00481100 
0.00479800 
0.00476000 
0.00475200 
0.00477300 
0.00475700 
0.00475000 
0.00475000 
0.00476000 
0.00479000 
0.00479800 
0.00476100 
0.00475200 
0.00482200 
0.00482000 
0.00485300 
0.00485600 
0.00486900 
0.00485500 
0.00481200 
0.00480600 
0.00484200 
0.00482700 
0.00481900 
0.00480100 
0.00477400 
0.00486500 
0.00484200 
0.00480000 
0.00485700 
0.00488300 
0.00505100 
0.00489600 
0.00487400 
0.00476100 
0.00474800 
0.00475900 
0.00464400 
0.00463200 
0.00464600 
0.00465000 
0.00464600 
0.00463700 
0.00464400 
0.00461700 
0.00461000 
0.00460900 
0.00463100 
0.00463000 
0.00461600 
0.00465100 
0.00460700 
0.00460200 
0.00461400 
0.00460100 
0.00457900 
0.00458700 
0.00459900 
0.00461500 
0.00462900 
0.00459500 
0.00458700 
0.00457300 
0.00460200 
0.00463600 
0.00455900 
0.00458700 
0.00460300 
0.00461000 
0.00467900 
0.00471600 
0.00473500 
0.00477200 
0.00477200 
0.00476400 
0.00476400 
0.00478800 
0.00479600 
0.00479900 
0.00478900 
0.00478800 
0.00476500 
0.00477600 
0.00491400 
0.00491800 
0.00486700 
0.00488400 
0.00485900 
0.00484800 
0.00488900 
0.00489600 
0.00486800 
0.00485100 
0.00483300 
0.00486000 
0.00487300 
0.00490000 
0.00489700 
0.00489700 
0.00492600 
0.00493700 
0.00493500 
0.00491000 
0.00491400 
0.00494000 
0.00495100 
0.00495000 
0.00495000 
0.00496400 
0.00494600 
0.00490400 
0.00488700 
0.00488600 
0.00489100 
0.00491500 
0.00490600 
0.00494100 
0.00501500 
0.00501400 
0.00483600 
0.00485100 
0.00489200 
0.00490800 
0.00491000 
0.00492200 
0.00496500 
0.00499800 
0.00498900 
0.00492100 
0.00494000 
0.00504100 
0.00517200 
0.00517000 
0.00511200 
0.00504700 
0.00504800 
0.00502500 
0.00501900 
0.00502000 
0.00497900 
0.00499300 
0.00497900 
0.00499400 
0.00493000 
0.00494700 
0.00499000 
0.00492500 
0.00488200 
0.00488000 
0.00490600 
0.00490400 
0.00491200 
0.00490800 
0.00491100 
0.00492300 
0.00499100 
0.00492600 
0.00497100 
0.00493500 
0.00500000 
0.00501500 
0.00503600 
0.00505100 
0.00512500 
0.00519000 
0.00519000 
0.00520300 
0.00517300 
0.00510500 
0.00512300 
0.00510400 
0.00509500 
0.00510000 
0.00510700 
0.00515800 
0.00516600 
0.00521500 
0.00526600 
0.00532800 
0.00536300 
0.00536700 
0.00537300 
0.00534500 
0.00532600 
0.00541000 
0.00532500 
0.00539500 
0.00540700 
0.00541000 
0.00554400 
0.00550000 
0.00540100 
0.00535800 
0.00539700 
0.00541800 
0.00537100 
0.00548900 
0.00557300 
0.00566800 
0.00565600 
0.00561400 
0.00565000 
0.00561900 
0.00547200 
0.00539900 
0.00538600 
0.00532900 
0.00538100 
0.00537700 
0.00549000 
0.00552400 
0.00547800 
0.00549000 
0.00554000 
0.00549000 
0.00543300 
0.00543400 
0.00533000 
0.00538600 
0.00532000 
0.00527800 
0.00525700 
0.00524100 
0.00526100 
0.00517400 
0.00520000 
0.00522700 
0.00523100 
0.00525000 
0.00520000 
0.00521200 
0.00516600 
0.00517200 
0.00514500 
0.00514000 
0.00513400 
0.00510700 
0.00509400 
0.00507000 
0.00506200 
0.00502100 
0.00502400 
0.00500800 
0.00508100 
0.00505000 
0.00504400 
0.00510900 
0.00514200 
0.00515300 
0.00517300 
0.00520100 
0.00520500 
0.00524300 
0.00523500 
0.00522000 
0.00522600 
0.00521200 
0.00523100 
0.00519600 
0.00518000 
0.00518000 
0.00523400 
0.00522100 
0.00517100 
0.00517900 
0.00520000 
0.00521300 
0.00515900 
0.00518700 
0.00520000 
0.00517100 
