0.00502200 
0.00501500 
0.00501500 
0.00502000 
0.00504900 
0.00509800 
0.00508000 
0.00508200 
0.00505800 
0.00501100 
0.00500500 
0.00503300 
0.00507900 
0.00510000 
0.00511900 
0.00510800 
0.00510700 
0.00510000 
0.00510600 
0.00512600 
0.00509800 
0.00509300 
0.00509200 
0.00509400 
0.00501600 
0.00500000 
0.00503500 
0.00505000 
0.00505200 
0.00505900 
0.00505200 
0.00501900 
0.00500700 
0.00499800 
0.00500700 
0.00507300 
0.00511600 
0.00507500 
0.00507000 
0.00509000 
0.00505100 
0.00500800 
0.00517000 
0.00509200 
0.00508000 
0.00505200 
0.00504400 
0.00501200 
0.00501200 
0.00508800 
0.00502000 
0.00500100 
0.00495000 
0.00492000 
0.00491800 
0.00493900 
0.00492000 
0.00492000 
0.00489900 
0.00488800 
0.00488500 
0.00490000 
0.00491400 
0.00491400 
0.00488300 
0.00487100 
0.00490100 
0.00490200 
0.00491400 
0.00491800 
0.00492200 
0.00489600 
0.00491200 
0.00484700 
0.00483500 
0.00484000 
0.00481600 
0.00483900 
0.00484400 
0.00484400 
0.00484600 
0.00485700 
0.00488400 
0.00489100 
0.00485900 
0.00485500 
0.00486400 
0.00488300 
0.00488900 
0.00488900 
0.00491000 
0.00490800 
0.00490800 
0.00490900 
0.00489400 
0.00490900 
0.00490300 
0.00491000 
0.00493200 
0.00493800 
0.00490300 
0.00496200 
0.00496400 
0.00497800 
0.00496000 
0.00494600 
0.00497900 
0.00498100 
0.00498700 
0.00496100 
0.00497000 
0.00495100 
0.00495100 
0.00494600 
0.00491100 
0.00491100 
0.00492500 
0.00493500 
0.00494200 
0.00497600 
0.00496800 
0.00492100 
0.00492500 
0.00493200 
0.00487600 
0.00489800 
0.00493800 
0.00492400 
0.00491100 
0.00484700 
0.00482300 
0.00481300 
0.00481300 
0.00480800 
0.00478800 
0.00480300 
0.00481300 
0.00482700 
0.00484600 
0.00485000 
0.00479800 
0.00480000 
0.00480300 
0.00483900 
0.00489800 
0.00489700 
0.00484900 
0.00482800 
0.00480200 
0.00484500 
0.00494500 
0.00494200 
0.00492700 
0.00493200 
0.00491200 
0.00490200 
0.00492600 
0.00490200 
0.00490000 
0.00485600 
0.00486400 
0.00482700 
0.00478700 
0.00481100 
0.00484300 
0.00484600 
0.00481900 
0.00481200 
0.00478600 
0.00478600 
0.00479700 
0.00482400 
0.00475900 
0.00474300 
0.00475000 
0.00472500 
0.00470000 
0.00467100 
0.00465100 
0.00464400 
0.00466700 
0.00465900 
0.00464900 
0.00468300 
0.00468200 
0.00468400 
0.00470000 
0.00468500 
0.00464600 
0.00466100 
0.00467800 
0.00465000 
0.00470000 
0.00468800 
0.00474000 
0.00472700 
0.00476200 
0.00475900 
0.00475000 
0.00476100 
0.00479100 
0.00479200 
0.00480100 
0.00483500 
0.00479100 
0.00480000 
0.00480000 
0.00479100 
0.00483600 
0.00483400 
0.00480700 
0.00479800 
0.00475900 
0.00475200 
0.00477400 
0.00475600 
0.00475200 
0.00475000 
0.00476100 
0.00478500 
0.00479800 
0.00478100 
0.00475200 
0.00482200 
0.00480000 
0.00485200 
0.00485600 
0.00484900 
0.00484600 
0.00480500 
0.00480500 
0.00484200 
0.00482300 
0.00481100 
0.00480200 
0.00477500 
0.00486300 
0.00482500 
0.00480100 
0.00485700 
0.00488300 
0.00505000 
0.00490000 
0.00484200 
0.00476200 
0.00474800 
0.00475900 
0.00464400 
0.00461100 
0.00460400 
0.00464900 
0.00464600 
0.00464800 
0.00464400 
0.00461100 
0.00460900 
0.00460900 
0.00463000 
0.00463800 
0.00461700 
0.00465100 
0.00461400 
0.00460100 
0.00460500 
0.00460000 
0.00458000 
0.00456800 
0.00460000 
0.00461500 
0.00461700 
0.00460000 
0.00458700 
0.00457800 
0.00460400 
0.00463700 
0.00455900 
0.00458700 
0.00460500 
0.00461000 
0.00467800 
0.00471700 
0.00473900 
0.00477200 
0.00477000 
0.00476200 
0.00478700 
0.00478800 
0.00477000 
0.00479900 
0.00478900 
0.00479000 
0.00476900 
0.00479900 
0.00490600 
0.00489700 
0.00486700 
0.00488500 
0.00485900 
0.00483700 
0.00488900 
0.00488900 
0.00486800 
0.00483500 
0.00485100 
0.00485000 
0.00487300 
0.00489500 
0.00489200 
0.00489700 
0.00492700 
0.00493600 
0.00493600 
0.00491000 
0.00491400 
0.00494800 
0.00495100 
0.00495900 
0.00495000 
0.00496800 
0.00494600 
0.00490100 
0.00488600 
0.00488600 
0.00489700 
0.00492100 
0.00488600 
0.00494600 
0.00501500 
0.00501400 
0.00483600 
0.00485100 
0.00489200 
0.00490800 
0.00490800 
0.00491800 
0.00496400 
0.00499800 
0.00495000 
0.00492100 
0.00494300 
0.00504300 
0.00517200 
0.00517000 
0.00511100 
0.00504700 
0.00503800 
0.00502500 
0.00501600 
0.00502000 
0.00498000 
0.00499300 
0.00497800 
0.00501700 
0.00493000 
0.00495100 
0.00499000 
0.00492700 
0.00488300 
0.00488000 
0.00492000 
0.00490500 
0.00491400 
0.00490800 
0.00490800 
0.00492300 
0.00495200 
0.00493500 
0.00497100 
0.00495000 
0.00500000 
0.00502600 
0.00505000 
0.00505000 
0.00510400 
0.00519000 
0.00519000 
0.00520300 
0.00517200 
0.00510500 
0.00513000 
0.00510400 
0.00509500 
0.00509900 
0.00510900 
0.00516300 
0.00515000 
0.00522400 
0.00527300 
0.00535200 
0.00536300 
0.00536700 
0.00537300 
0.00534500 
0.00535800 
0.00540000 
0.00532500 
0.00538400 
0.00538300 
0.00540800 
0.00555900 
0.00550000 
0.00540200 
0.00535800 
0.00540000 
0.00541800 
0.00539500 
0.00549000 
0.00557300 
0.00568600 
0.00565000 
0.00562500 
0.00562200 
0.00560400 
0.00544300 
0.00538100 
0.00538600 
0.00533900 
0.00538100 
0.00537700 
0.00550000 
0.00552300 
0.00549000 
0.00548700 
0.00554000 
0.00547000 
0.00541900 
0.00543300 
0.00533000 
0.00538600 
0.00531800 
0.00528100 
0.00525500 
0.00523300 
0.00526100 
0.00517400 
0.00520000 
0.00522700 
0.00523100 
0.00525000 
0.00520000 
0.00520600 
0.00517500 
0.00517900 
0.00514400 
0.00512600 
0.00516800 
0.00510600 
0.00509400 
0.00506400 
0.00503200 
0.00501000 
0.00502400 
0.00502800 
0.00508200 
0.00504400 
0.00504300 
0.00510900 
0.00514600 
0.00515500 
0.00516500 
0.00520100 
0.00521000 
0.00524300 
0.00523400 
0.00522500 
0.00522600 
0.00521100 
0.00523600 
0.00519600 
0.00518000 
0.00517200 
0.00522200 
0.00522100 
0.00517300 
0.00517900 
0.00519200 
0.00521300 
0.00516000 
0.00518600 
0.00519500 
0.00502200 
0.00501500 
0.00501500 
0.00502000 
0.00504900 
0.00509800 
0.00508000 
0.00508200 
0.00505800 
0.00501100 
0.00500500 
0.00503300 
0.00507900 
0.00510000 
0.00511900 
0.00510800 
0.00510700 
0.00510000 
0.00510600 
0.00512600 
0.00509800 
0.00509300 
0.00509200 
0.00509400 
0.00501600 
0.00500000 
0.00503500 
0.00505000 
0.00505200 
0.00505900 
0.00505200 
0.00501900 
0.00500700 
0.00499800 
0.00500700 
0.00507300 
0.00511600 
0.00507500 
0.00507000 
0.00509000 
0.00505100 
0.00500800 
0.00517000 
0.00509200 
0.00508000 
0.00505200 
0.00504400 
0.00501200 
0.00501200 
0.00508800 
0.00502000 
0.00500100 
0.00495000 
0.00492000 
0.00491800 
0.00493900 
0.00492000 
0.00492000 
0.00489900 
0.00488800 
0.00488500 
0.00490000 
0.00491400 
0.00491400 
0.00488300 
0.00487100 
0.00490100 
0.00490200 
0.00491400 
0.00491800 
0.00492200 
0.00489600 
0.00491200 
0.00484700 
0.00483500 
0.00484000 
0.00481600 
0.00483900 
0.00484400 
0.00484400 
0.00484600 
0.00485700 
0.00488400 
0.00489100 
0.00485900 
0.00485500 
0.00486400 
0.00488300 
0.00488900 
0.00488900 
0.00491000 
0.00490800 
0.00490800 
0.00490900 
0.00489400 
0.00490900 
0.00490300 
0.00491000 
0.00493200 
0.00493800 
0.00490300 
0.00496200 
0.00496400 
0.00497800 
0.00496000 
0.00494600 
0.00497900 
0.00498100 
0.00498700 
0.00496100 
0.00497000 
0.00495100 
0.00495100 
0.00494600 
0.00491100 
0.00491100 
0.00492500 
0.00493500 
0.00494200 
0.00497600 
0.00496800 
0.00492100 
0.00492500 
0.00493200 
0.00487600 
0.00489800 
0.00493800 
0.00492400 
0.00491100 
0.00484700 
0.00482300 
0.00481300 
0.00481300 
0.00480800 
0.00478800 
0.00480300 
0.00481300 
0.00482700 
0.00484600 
0.00485000 
0.00479800 
0.00480000 
0.00480300 
0.00483900 
0.00489800 
0.00489700 
0.00484900 
0.00482800 
0.00480200 
0.00484500 
0.00494500 
0.00494200 
0.00492700 
0.00493200 
0.00491200 
0.00490200 
0.00492600 
0.00490200 
0.00490000 
0.00485600 
0.00486400 
0.00482700 
0.00478700 
0.00481100 
0.00484300 
0.00484600 
0.00481900 
0.00481200 
0.00478600 
0.00478600 
0.00479700 
0.00482400 
0.00475900 
0.00474300 
0.00475000 
0.00472500 
0.00470000 
0.00467100 
0.00465100 
0.00464400 
0.00466700 
0.00465900 
0.00464900 
0.00468300 
0.00468200 
0.00468400 
0.00470000 
0.00468500 
0.00464600 
0.00466100 
0.00467800 
0.00465000 
0.00470000 
0.00468800 
0.00474000 
0.00472700 
0.00476200 
0.00475900 
0.00475000 
0.00476100 
0.00479100 
0.00479200 
0.00480100 
0.00483500 
0.00479100 
0.00480000 
0.00480000 
0.00479100 
0.00483600 
0.00483400 
0.00480700 
0.00479800 
0.00475900 
0.00475200 
0.00477400 
0.00475600 
0.00475200 
0.00475000 
0.00476100 
0.00478500 
0.00479800 
0.00478100 
0.00475200 
0.00482200 
0.00480000 
0.00485200 
0.00485600 
0.00484900 
0.00484600 
0.00480500 
0.00480500 
0.00484200 
0.00482300 
0.00481100 
0.00480200 
0.00477500 
0.00486300 
0.00482500 
0.00480100 
0.00485700 
0.00488300 
0.00505000 
0.00490000 
0.00484200 
0.00476200 
0.00474800 
0.00475900 
0.00464400 
0.00461100 
0.00460400 
0.00464900 
0.00464600 
0.00464800 
0.00464400 
0.00461100 
0.00460900 
0.00460900 
0.00463000 
0.00463800 
0.00461700 
0.00465100 
0.00461400 
0.00460100 
0.00460500 
0.00460000 
0.00458000 
0.00456800 
0.00460000 
0.00461500 
0.00461700 
0.00460000 
0.00458700 
0.00457800 
0.00460400 
0.00463700 
0.00455900 
0.00458700 
0.00460500 
0.00461000 
0.00467800 
0.00471700 
0.00473900 
0.00477200 
0.00477000 
0.00476200 
0.00478700 
0.00478800 
0.00477000 
0.00479900 
0.00478900 
0.00479000 
0.00476900 
0.00479900 
0.00490600 
0.00489700 
0.00486700 
0.00488500 
0.00485900 
0.00483700 
0.00488900 
0.00488900 
0.00486800 
0.00483500 
0.00485100 
0.00485000 
0.00487300 
0.00489500 
0.00489200 
0.00489700 
0.00492700 
0.00493600 
0.00493600 
0.00491000 
0.00491400 
0.00494800 
0.00495100 
0.00495900 
0.00495000 
0.00496800 
0.00494600 
0.00490100 
0.00488600 
0.00488600 
0.00489700 
0.00492100 
0.00488600 
0.00494600 
0.00501500 
0.00501400 
0.00483600 
0.00485100 
0.00489200 
0.00490800 
0.00490800 
0.00491800 
0.00496400 
0.00499800 
0.00495000 
0.00492100 
0.00494300 
0.00504300 
0.00517200 
0.00517000 
0.00511100 
0.00504700 
0.00503800 
0.00502500 
0.00501600 
0.00502000 
0.00498000 
0.00499300 
0.00497800 
0.00501700 
0.00493000 
0.00495100 
0.00499000 
0.00492700 
0.00488300 
0.00488000 
0.00492000 
0.00490500 
0.00491400 
0.00490800 
0.00490800 
0.00492300 
0.00495200 
0.00493500 
0.00497100 
0.00495000 
0.00500000 
0.00502600 
0.00505000 
0.00505000 
0.00510400 
0.00519000 
0.00519000 
0.00520300 
0.00517200 
0.00510500 
0.00513000 
0.00510400 
0.00509500 
0.00509900 
0.00510900 
0.00516300 
0.00515000 
0.00522400 
0.00527300 
0.00535200 
0.00536300 
0.00536700 
0.00537300 
0.00534500 
0.00535800 
0.00540000 
0.00532500 
0.00538400 
0.00538300 
0.00540800 
0.00555900 
0.00550000 
0.00540200 
0.00535800 
0.00540000 
0.00541800 
0.00539500 
0.00549000 
0.00557300 
0.00568600 
0.00565000 
0.00562500 
0.00562200 
0.00560400 
0.00544300 
0.00538100 
0.00538600 
0.00533900 
0.00538100 
0.00537700 
0.00550000 
0.00552300 
0.00549000 
0.00548700 
0.00554000 
0.00547000 
0.00541900 
0.00543300 
0.00533000 
0.00538600 
0.00531800 
0.00528100 
0.00525500 
0.00523300 
0.00526100 
0.00517400 
0.00520000 
0.00522700 
0.00523100 
0.00525000 
0.00520000 
0.00520600 
0.00517500 
0.00517900 
0.00514400 
0.00512600 
0.00516800 
0.00510600 
0.00509400 
0.00506400 
0.00503200 
0.00501000 
0.00502400 
0.00502800 
0.00508200 
0.00504400 
0.00504300 
0.00510900 
0.00514600 
0.00515500 
0.00516500 
0.00520100 
0.00521000 
0.00524300 
0.00523400 
0.00522500 
0.00522600 
0.00521100 
0.00523600 
0.00519600 
0.00518000 
0.00517200 
0.00522200 
0.00522100 
0.00517300 
0.00517900 
0.00519200 
0.00521300 
0.00516000 
0.00518600 
0.00519500 
0.00502200 
0.00501500 
0.00501500 
0.00502000 
0.00504900 
0.00509800 
0.00508000 
0.00508200 
0.00505800 
0.00501100 
0.00500500 
0.00503300 
0.00507900 
0.00510000 
0.00511900 
0.00510800 
0.00510700 
0.00510000 
0.00510600 
0.00512600 
0.00509800 
0.00509300 
0.00509200 
0.00509400 
0.00501600 
0.00500000 
0.00503500 
0.00505000 
0.00505200 
0.00505900 
0.00505200 
0.00501900 
0.00500700 
0.00499800 
0.00500700 
0.00507300 
0.00511600 
0.00507500 
0.00507000 
0.00509000 
0.00505100 
0.00500800 
0.00517000 
0.00509200 
0.00508000 
0.00505200 
0.00504400 
0.00501200 
0.00501200 
0.00508800 
0.00502000 
0.00500100 
0.00495000 
0.00492000 
0.00491800 
0.00493900 
0.00492000 
0.00492000 
0.00489900 
0.00488800 
0.00488500 
0.00490000 
0.00491400 
0.00491400 
0.00488300 
0.00487100 
0.00490100 
0.00490200 
0.00491400 
0.00491800 
0.00492200 
0.00489600 
0.00491200 
0.00484700 
0.00483500 
0.00484000 
0.00481600 
0.00483900 
0.00484400 
0.00484400 
0.00484600 
0.00485700 
0.00488400 
0.00489100 
0.00485900 
0.00485500 
0.00486400 
0.00488300 
0.00488900 
0.00488900 
0.00491000 
0.00490800 
0.00490800 
0.00490900 
0.00489400 
0.00490900 
0.00490300 
0.00491000 
0.00493200 
0.00493800 
0.00490300 
0.00496200 
0.00496400 
0.00497800 
0.00496000 
0.00494600 
0.00497900 
0.00498100 
0.00498700 
0.00496100 
0.00497000 
0.00495100 
0.00495100 
0.00494600 
0.00491100 
0.00491100 
0.00492500 
0.00493500 
0.00494200 
0.00497600 
0.00496800 
0.00492100 
0.00492500 
0.00493200 
0.00487600 
0.00489800 
0.00493800 
0.00492400 
0.00491100 
0.00484700 
0.00482300 
0.00481300 
0.00481300 
0.00480800 
0.00478800 
0.00480300 
0.00481300 
0.00482700 
0.00484600 
0.00485000 
0.00479800 
0.00480000 
0.00480300 
0.00483900 
0.00489800 
0.00489700 
0.00484900 
0.00482800 
0.00480200 
0.00484500 
0.00494500 
0.00494200 
0.00492700 
0.00493200 
0.00491200 
0.00490200 
0.00492600 
0.00490200 
0.00490000 
0.00485600 
0.00486400 
0.00482700 
0.00478700 
0.00481100 
0.00484300 
0.00484600 
0.00481900 
0.00481200 
0.00478600 
0.00478600 
0.00479700 
0.00482400 
0.00475900 
0.00474300 
0.00475000 
0.00472500 
0.00470000 
0.00467100 
0.00465100 
0.00464400 
0.00466700 
0.00465900 
0.00464900 
0.00468300 
0.00468200 
0.00468400 
0.00470000 
0.00468500 
0.00464600 
0.00466100 
0.00467800 
0.00465000 
0.00470000 
0.00468800 
0.00474000 
0.00472700 
0.00476200 
0.00475900 
0.00475000 
0.00476100 
0.00479100 
0.00479200 
0.00480100 
0.00483500 
0.00479100 
0.00480000 
0.00480000 
0.00479100 
0.00483600 
0.00483400 
0.00480700 
0.00479800 
0.00475900 
0.00475200 
0.00477400 
0.00475600 
0.00475200 
0.00475000 
0.00476100 
0.00478500 
0.00479800 
0.00478100 
0.00475200 
0.00482200 
0.00480000 
0.00485200 
0.00485600 
0.00484900 
0.00484600 
0.00480500 
0.00480500 
0.00484200 
0.00482300 
0.00481100 
0.00480200 
0.00477500 
0.00486300 
0.00482500 
0.00480100 
0.00485700 
0.00488300 
0.00505000 
0.00490000 
0.00484200 
0.00476200 
0.00474800 
0.00475900 
0.00464400 
0.00461100 
0.00460400 
0.00464900 
0.00464600 
0.00464800 
0.00464400 
0.00461100 
0.00460900 
0.00460900 
0.00463000 
0.00463800 
0.00461700 
0.00465100 
0.00461400 
0.00460100 
0.00460500 
0.00460000 
0.00458000 
0.00456800 
0.00460000 
0.00461500 
0.00461700 
0.00460000 
0.00458700 
0.00457800 
0.00460400 
0.00463700 
0.00455900 
0.00458700 
0.00460500 
0.00461000 
0.00467800 
0.00471700 
0.00473900 
0.00477200 
0.00477000 
0.00476200 
0.00478700 
0.00478800 
0.00477000 
0.00479900 
0.00478900 
0.00479000 
0.00476900 
0.00479900 
0.00490600 
0.00489700 
0.00486700 
0.00488500 
0.00485900 
0.00483700 
0.00488900 
0.00488900 
0.00486800 
0.00483500 
0.00485100 
0.00485000 
0.00487300 
0.00489500 
0.00489200 
0.00489700 
0.00492700 
0.00493600 
0.00493600 
0.00491000 
0.00491400 
0.00494800 
0.00495100 
0.00495900 
0.00495000 
0.00496800 
0.00494600 
0.00490100 
0.00488600 
0.00488600 
0.00489700 
0.00492100 
0.00488600 
0.00494600 
0.00501500 
0.00501400 
0.00483600 
0.00485100 
0.00489200 
0.00490800 
0.00490800 
0.00491800 
0.00496400 
0.00499800 
0.00495000 
0.00492100 
0.00494300 
0.00504300 
0.00517200 
0.00517000 
0.00511100 
0.00504700 
0.00503800 
0.00502500 
0.00501600 
0.00502000 
0.00498000 
0.00499300 
0.00497800 
0.00501700 
0.00493000 
0.00495100 
0.00499000 
0.00492700 
0.00488300 
0.00488000 
0.00492000 
0.00490500 
0.00491400 
0.00490800 
0.00490800 
0.00492300 
0.00495200 
0.00493500 
0.00497100 
0.00495000 
0.00500000 
0.00502600 
0.00505000 
0.00505000 
0.00510400 
0.00519000 
0.00519000 
0.00520300 
0.00517200 
0.00510500 
0.00513000 
0.00510400 
0.00509500 
0.00509900 
0.00510900 
0.00516300 
0.00515000 
0.00522400 
0.00527300 
0.00535200 
0.00536300 
0.00536700 
0.00537300 
0.00534500 
0.00535800 
0.00540000 
0.00532500 
0.00538400 
0.00538300 
0.00540800 
0.00555900 
0.00550000 
0.00540200 
0.00535800 
0.00540000 
0.00541800 
0.00539500 
0.00549000 
0.00557300 
0.00568600 
0.00565000 
0.00562500 
0.00562200 
0.00560400 
0.00544300 
0.00538100 
0.00538600 
0.00533900 
0.00538100 
0.00537700 
0.00550000 
0.00552300 
0.00549000 
0.00548700 
0.00554000 
0.00547000 
0.00541900 
0.00543300 
0.00533000 
0.00538600 
0.00531800 
0.00528100 
0.00525500 
0.00523300 
0.00526100 
0.00517400 
0.00520000 
0.00522700 
0.00523100 
0.00525000 
0.00520000 
0.00520600 
0.00517500 
0.00517900 
0.00514400 
0.00512600 
0.00516800 
0.00510600 
0.00509400 
0.00506400 
0.00503200 
0.00501000 
0.00502400 
0.00502800 
0.00508200 
0.00504400 
0.00504300 
0.00510900 
0.00514600 
0.00515500 
0.00516500 
0.00520100 
0.00521000 
0.00524300 
0.00523400 
0.00522500 
0.00522600 
0.00521100 
0.00523600 
0.00519600 
0.00518000 
0.00517200 
0.00522200 
0.00522100 
0.00517300 
0.00517900 
0.00519200 
0.00521300 
0.00516000 
0.00518600 
0.00519500 
