0.00006156 
0.00006166 
0.00006138 
0.00006129 
0.00006131 
0.00006095 
0.00006142 
0.00006076 
0.00006068 
0.00006081 
0.00006084 
0.00006077 
0.00006072 
0.00006057 
0.00006083 
0.00006090 
0.00006090 
0.00006052 
0.00006182 
0.00006254 
0.00006236 
0.00006201 
0.00006202 
0.00006135 
0.00006138 
0.00006135 
0.00006094 
0.00006075 
0.00006046 
0.00006030 
0.00005999 
0.00005945 
0.00005926 
0.00005913 
0.00005884 
0.00005825 
0.00005805 
0.00005815 
0.00005819 
0.00005800 
0.00005775 
0.00005746 
0.00005793 
0.00005793 
0.00005798 
0.00005708 
0.00005727 
0.00005777 
0.00005732 
0.00005742 
0.00005742 
0.00005710 
0.00005730 
0.00005723 
0.00005741 
0.00005705 
0.00005721 
0.00005789 
0.00005695 
0.00005672 
0.00005673 
0.00005651 
0.00005671 
0.00005675 
0.00005677 
0.00005699 
0.00005701 
0.00005668 
0.00005638 
0.00005669 
0.00005628 
0.00005624 
0.00005609 
0.00005583 
0.00005579 
0.00005570 
0.00005609 
0.00005613 
0.00005572 
0.00005570 
0.00005619 
0.00005615 
0.00005600 
0.00005601 
0.00005601 
0.00005633 
0.00005659 
0.00005660 
0.00005660 
0.00005669 
0.00005644 
0.00005695 
0.00005695 
0.00005698 
0.00005695 
0.00005667 
0.00005668 
0.00005660 
0.00005634 
0.00005659 
0.00005722 
0.00005760 
0.00005782 
0.00005781 
0.00005845 
0.00005897 
0.00005875 
0.00005899 
0.00005928 
0.00005928 
0.00005929 
0.00005904 
0.00005927 
0.00005915 
0.00005923 
0.00005905 
0.00005914 
0.00005939 
0.00005933 
0.00005904 
0.00005920 
0.00005991 
0.00005993 
0.00005899 
0.00005866 
0.00005829 
0.00005823 
0.00005823 
0.00005775 
0.00005775 
0.00005770 
0.00005742 
0.00005737 
0.00005730 
0.00005723 
0.00005701 
0.00005724 
0.00005724 
0.00005723 
0.00005714 
0.00005686 
0.00005746 
0.00005782 
0.00005785 
0.00005823 
0.00005859 
0.00005860 
0.00005868 
0.00005901 
0.00005930 
0.00005944 
0.00005901 
0.00005881 
0.00005816 
0.00005899 
0.00005802 
0.00005750 
0.00005731 
0.00005834 
0.00005835 
0.00005832 
0.00005714 
0.00005635 
0.00005608 
0.00005575 
0.00005555 
0.00005635 
0.00005861 
0.00005827 
0.00005835 
0.00005805 
0.00005798 
0.00005775 
0.00005864 
0.00005815 
0.00005678 
0.00005599 
0.00005510 
0.00005488 
0.00005474 
0.00005467 
0.00005501 
0.00005445 
0.00005449 
0.00005449 
0.00005449 
0.00005449 
0.00005449 
0.00005445 
0.00005449 
0.00005388 
0.00005435 
0.00005411 
0.00005432 
0.00005432 
0.00005432 
0.00005432 
0.00005439 
0.00005432 
0.00005429 
0.00005437 
0.00005387 
0.00005387 
0.00005387 
0.00005436 
0.00005415 
0.00005393 
0.00005400 
0.00005442 
0.00005439 
0.00005445 
0.00005428 
0.00005428 
0.00005451 
0.00005453 
0.00005451 
0.00005506 
0.00005501 
0.00005512 
0.00005498 
0.00005403 
0.00005402 
0.00005452 
0.00005452 
0.00005497 
0.00005445 
0.00005499 
0.00005497 
0.00005491 
0.00005487 
0.00005482 
0.00005481 
0.00005488 
0.00005470 
0.00005437 
0.00005605 
0.00005600 
0.00005540 
0.00005550 
0.00005562 
0.00005538 
0.00005487 
0.00005475 
0.00005454 
0.00005400 
0.00005413 
0.00005413 
0.00005409 
0.00005311 
0.00005291 
0.00005250 
0.00005235 
0.00005205 
0.00005234 
0.00005230 
0.00005234 
0.00005210 
0.00005215 
0.00005215 
0.00005234 
0.00005234 
0.00005206 
0.00005203 
0.00005220 
0.00005198 
0.00005198 
0.00005197 
0.00005173 
0.00005173 
0.00005169 
0.00005164 
0.00005174 
0.00005165 
0.00005161 
0.00005161 
0.00005177 
0.00005208 
0.00005219 
0.00005242 
0.00005294 
0.00005291 
0.00005302 
0.00005323 
0.00005325 
0.00005327 
0.00005325 
0.00005323 
0.00005247 
0.00005213 
0.00005204 
0.00005198 
0.00005169 
0.00005166 
0.00005159 
0.00005155 
0.00005155 
0.00005156 
0.00005158 
0.00005161 
0.00005162 
0.00005162 
0.00005162 
0.00005168 
0.00005169 
0.00005172 
0.00005167 
0.00005200 
0.00005199 
0.00005199 
0.00005192 
0.00005197 
0.00005195 
0.00005186 
0.00005240 
0.00005274 
0.00005232 
0.00005255 
0.00005274 
0.00005324 
0.00005248 
0.00005299 
0.00005235 
0.00005285 
0.00005295 
0.00005295 
0.00005293 
0.00005280 
0.00005278 
0.00005207 
0.00005199 
0.00005249 
0.00005236 
0.00005204 
0.00005204 
0.00005230 
0.00005237 
0.00005260 
0.00005289 
0.00005289 
0.00005264 
0.00005262 
0.00005261 
0.00005305 
0.00005275 
0.00005294 
0.00005280 
0.00005284 
0.00005277 
0.00005274 
0.00005299 
0.00005331 
0.00005362 
0.00005352 
0.00005330 
0.00005300 
0.00005330 
0.00005330 
0.00005335 
0.00005416 
0.00005389 
0.00005382 
0.00005416 
0.00005432 
0.00005454 
0.00005454 
0.00005458 
0.00005462 
0.00005486 
0.00005464 
0.00005542 
0.00005503 
0.00005560 
0.00005531 
0.00005543 
0.00005578 
0.00005579 
0.00005578 
0.00005630 
0.00005638 
0.00005616 
0.00005557 
0.00005620 
0.00005584 
0.00005669 
0.00005682 
0.00005744 
0.00005750 
0.00005780 
0.00005802 
0.00005780 
0.00005802 
0.00005802 
0.00005801 
0.00005802 
0.00005778 
0.00005779 
0.00005809 
0.00005775 
0.00005818 
0.00005818 
0.00005818 
0.00005822 
0.00005862 
0.00005829 
0.00005902 
0.00005917 
0.00005866 
0.00005840 
0.00005891 
0.00005930 
0.00005947 
0.00005876 
0.00005948 
0.00005948 
0.00005950 
0.00005950 
0.00005950 
0.00005962 
0.00005961 
0.00005965 
0.00005963 
0.00006018 
0.00006022 
0.00005981 
0.00006025 
0.00006098 
0.00006097 
0.00006104 
0.00006132 
0.00006150 
0.00006162 
0.00006150 
0.00006005 
0.00006023 
0.00006113 
0.00006111 
0.00006162 
0.00006167 
0.00006091 
0.00005932 
0.00005916 
0.00005914 
0.00005846 
0.00005847 
0.00005847 
0.00005847 
0.00005847 
0.00005852 
0.00005847 
0.00005826 
0.00005798 
0.00005818 
0.00005891 
0.00005930 
0.00005893 
0.00006057 
0.00006076 
0.00006100 
0.00006200 
0.00006190 
0.00006178 
0.00006150 
0.00006210 
0.00006188 
0.00006053 
0.00006012 
0.00005922 
0.00005914 
0.00005889 
0.00005886 
0.00005876 
0.00005876 
0.00005854 
0.00005892 
0.00005844 
0.00005803 
0.00005826 
0.00005843 
0.00005841 
0.00005812 
0.00006156 
0.00006166 
0.00006138 
0.00006129 
0.00006131 
0.00006095 
0.00006142 
0.00006076 
0.00006068 
0.00006081 
0.00006084 
0.00006077 
0.00006072 
0.00006057 
0.00006083 
0.00006090 
0.00006090 
0.00006052 
0.00006182 
0.00006254 
0.00006236 
0.00006201 
0.00006202 
0.00006135 
0.00006138 
0.00006135 
0.00006094 
0.00006075 
0.00006046 
0.00006030 
0.00005999 
0.00005945 
0.00005926 
0.00005913 
0.00005884 
0.00005825 
0.00005805 
0.00005815 
0.00005819 
0.00005800 
0.00005775 
0.00005746 
0.00005793 
0.00005793 
0.00005798 
0.00005708 
0.00005727 
0.00005777 
0.00005732 
0.00005742 
0.00005742 
0.00005710 
0.00005730 
0.00005723 
0.00005741 
0.00005705 
0.00005721 
0.00005789 
0.00005695 
0.00005672 
0.00005673 
0.00005651 
0.00005671 
0.00005675 
0.00005677 
0.00005699 
0.00005701 
0.00005668 
0.00005638 
0.00005669 
0.00005628 
0.00005624 
0.00005609 
0.00005583 
0.00005579 
0.00005570 
0.00005609 
0.00005613 
0.00005572 
0.00005570 
0.00005619 
0.00005615 
0.00005600 
0.00005601 
0.00005601 
0.00005633 
0.00005659 
0.00005660 
0.00005660 
0.00005669 
0.00005644 
0.00005695 
0.00005695 
0.00005698 
0.00005695 
0.00005667 
0.00005668 
0.00005660 
0.00005634 
0.00005659 
0.00005722 
0.00005760 
0.00005782 
0.00005781 
0.00005845 
0.00005897 
0.00005875 
0.00005899 
0.00005928 
0.00005928 
0.00005929 
0.00005904 
0.00005927 
0.00005915 
0.00005923 
0.00005905 
0.00005914 
0.00005939 
0.00005933 
0.00005904 
0.00005920 
0.00005991 
0.00005993 
0.00005899 
0.00005866 
0.00005829 
0.00005823 
0.00005823 
0.00005775 
0.00005775 
0.00005770 
0.00005742 
0.00005737 
0.00005730 
0.00005723 
0.00005701 
0.00005724 
0.00005724 
0.00005723 
0.00005714 
0.00005686 
0.00005746 
0.00005782 
0.00005785 
0.00005823 
0.00005859 
0.00005860 
0.00005868 
0.00005901 
0.00005930 
0.00005944 
0.00005901 
0.00005881 
0.00005816 
0.00005899 
0.00005802 
0.00005750 
0.00005731 
0.00005834 
0.00005835 
0.00005832 
0.00005714 
0.00005635 
0.00005608 
0.00005575 
0.00005555 
0.00005635 
0.00005861 
0.00005827 
0.00005835 
0.00005805 
0.00005798 
0.00005775 
0.00005864 
0.00005815 
0.00005678 
0.00005599 
0.00005510 
0.00005488 
0.00005474 
0.00005467 
0.00005501 
0.00005445 
0.00005449 
0.00005449 
0.00005449 
0.00005449 
0.00005449 
0.00005445 
0.00005449 
0.00005388 
0.00005435 
0.00005411 
0.00005432 
0.00005432 
0.00005432 
0.00005432 
0.00005439 
0.00005432 
0.00005429 
0.00005437 
0.00005387 
0.00005387 
0.00005387 
0.00005436 
0.00005415 
0.00005393 
0.00005400 
0.00005442 
0.00005439 
0.00005445 
0.00005428 
0.00005428 
0.00005451 
0.00005453 
0.00005451 
0.00005506 
0.00005501 
0.00005512 
0.00005498 
0.00005403 
0.00005402 
0.00005452 
0.00005452 
0.00005497 
0.00005445 
0.00005499 
0.00005497 
0.00005491 
0.00005487 
0.00005482 
0.00005481 
0.00005488 
0.00005470 
0.00005437 
0.00005605 
0.00005600 
0.00005540 
0.00005550 
0.00005562 
0.00005538 
0.00005487 
0.00005475 
0.00005454 
0.00005400 
0.00005413 
0.00005413 
0.00005409 
0.00005311 
0.00005291 
0.00005250 
0.00005235 
0.00005205 
0.00005234 
0.00005230 
0.00005234 
0.00005210 
0.00005215 
0.00005215 
0.00005234 
0.00005234 
0.00005206 
0.00005203 
0.00005220 
0.00005198 
0.00005198 
0.00005197 
0.00005173 
0.00005173 
0.00005169 
0.00005164 
0.00005174 
0.00005165 
0.00005161 
0.00005161 
0.00005177 
0.00005208 
0.00005219 
0.00005242 
0.00005294 
0.00005291 
0.00005302 
0.00005323 
0.00005325 
0.00005327 
0.00005325 
0.00005323 
0.00005247 
0.00005213 
0.00005204 
0.00005198 
0.00005169 
0.00005166 
0.00005159 
0.00005155 
0.00005155 
0.00005156 
0.00005158 
0.00005161 
0.00005162 
0.00005162 
0.00005162 
0.00005168 
0.00005169 
0.00005172 
0.00005167 
0.00005200 
0.00005199 
0.00005199 
0.00005192 
0.00005197 
0.00005195 
0.00005186 
0.00005240 
0.00005274 
0.00005232 
0.00005255 
0.00005274 
0.00005324 
0.00005248 
0.00005299 
0.00005235 
0.00005285 
0.00005295 
0.00005295 
0.00005293 
0.00005280 
0.00005278 
0.00005207 
0.00005199 
0.00005249 
0.00005236 
0.00005204 
0.00005204 
0.00005230 
0.00005237 
0.00005260 
0.00005289 
0.00005289 
0.00005264 
0.00005262 
0.00005261 
0.00005305 
0.00005275 
0.00005294 
0.00005280 
0.00005284 
0.00005277 
0.00005274 
0.00005299 
0.00005331 
0.00005362 
0.00005352 
0.00005330 
0.00005300 
0.00005330 
0.00005330 
0.00005335 
0.00005416 
0.00005389 
0.00005382 
0.00005416 
0.00005432 
0.00005454 
0.00005454 
0.00005458 
0.00005462 
0.00005486 
0.00005464 
0.00005542 
0.00005503 
0.00005560 
0.00005531 
0.00005543 
0.00005578 
0.00005579 
0.00005578 
0.00005630 
0.00005638 
0.00005616 
0.00005557 
0.00005620 
0.00005584 
0.00005669 
0.00005682 
0.00005744 
0.00005750 
0.00005780 
0.00005802 
0.00005780 
0.00005802 
0.00005802 
0.00005801 
0.00005802 
0.00005778 
0.00005779 
0.00005809 
0.00005775 
0.00005818 
0.00005818 
0.00005818 
0.00005822 
0.00005862 
0.00005829 
0.00005902 
0.00005917 
0.00005866 
0.00005840 
0.00005891 
0.00005930 
0.00005947 
0.00005876 
0.00005948 
0.00005948 
0.00005950 
0.00005950 
0.00005950 
0.00005962 
0.00005961 
0.00005965 
0.00005963 
0.00006018 
0.00006022 
0.00005981 
0.00006025 
0.00006098 
0.00006097 
0.00006104 
0.00006132 
0.00006150 
0.00006162 
0.00006150 
0.00006005 
0.00006023 
0.00006113 
0.00006111 
0.00006162 
0.00006167 
0.00006091 
0.00005932 
0.00005916 
0.00005914 
0.00005846 
0.00005847 
0.00005847 
0.00005847 
0.00005847 
0.00005852 
0.00005847 
0.00005826 
0.00005798 
0.00005818 
0.00005891 
0.00005930 
0.00005893 
0.00006057 
0.00006076 
0.00006100 
0.00006200 
0.00006190 
0.00006178 
0.00006150 
0.00006210 
0.00006188 
0.00006053 
0.00006012 
0.00005922 
0.00005914 
0.00005889 
0.00005886 
0.00005876 
0.00005876 
0.00005854 
0.00005892 
0.00005844 
0.00005803 
0.00005826 
0.00005843 
0.00005841 
0.00005812 
0.00006156 
0.00006166 
0.00006138 
0.00006129 
0.00006131 
0.00006095 
0.00006142 
0.00006076 
0.00006068 
0.00006081 
0.00006084 
0.00006077 
0.00006072 
0.00006057 
0.00006083 
0.00006090 
0.00006090 
0.00006052 
0.00006182 
0.00006254 
0.00006236 
0.00006201 
0.00006202 
0.00006135 
0.00006138 
0.00006135 
0.00006094 
0.00006075 
0.00006046 
0.00006030 
0.00005999 
0.00005945 
0.00005926 
0.00005913 
0.00005884 
0.00005825 
0.00005805 
0.00005815 
0.00005819 
0.00005800 
0.00005775 
0.00005746 
0.00005793 
0.00005793 
0.00005798 
0.00005708 
0.00005727 
0.00005777 
0.00005732 
0.00005742 
0.00005742 
0.00005710 
0.00005730 
0.00005723 
0.00005741 
0.00005705 
0.00005721 
0.00005789 
0.00005695 
0.00005672 
0.00005673 
0.00005651 
0.00005671 
0.00005675 
0.00005677 
0.00005699 
0.00005701 
0.00005668 
0.00005638 
0.00005669 
0.00005628 
0.00005624 
0.00005609 
0.00005583 
0.00005579 
0.00005570 
0.00005609 
0.00005613 
0.00005572 
0.00005570 
0.00005619 
0.00005615 
0.00005600 
0.00005601 
0.00005601 
0.00005633 
0.00005659 
0.00005660 
0.00005660 
0.00005669 
0.00005644 
0.00005695 
0.00005695 
0.00005698 
0.00005695 
0.00005667 
0.00005668 
0.00005660 
0.00005634 
0.00005659 
0.00005722 
0.00005760 
0.00005782 
0.00005781 
0.00005845 
0.00005897 
0.00005875 
0.00005899 
0.00005928 
0.00005928 
0.00005929 
0.00005904 
0.00005927 
0.00005915 
0.00005923 
0.00005905 
0.00005914 
0.00005939 
0.00005933 
0.00005904 
0.00005920 
0.00005991 
0.00005993 
0.00005899 
0.00005866 
0.00005829 
0.00005823 
0.00005823 
0.00005775 
0.00005775 
0.00005770 
0.00005742 
0.00005737 
0.00005730 
0.00005723 
0.00005701 
0.00005724 
0.00005724 
0.00005723 
0.00005714 
0.00005686 
0.00005746 
0.00005782 
0.00005785 
0.00005823 
0.00005859 
0.00005860 
0.00005868 
0.00005901 
0.00005930 
0.00005944 
0.00005901 
0.00005881 
0.00005816 
0.00005899 
0.00005802 
0.00005750 
0.00005731 
0.00005834 
0.00005835 
0.00005832 
0.00005714 
0.00005635 
0.00005608 
0.00005575 
0.00005555 
0.00005635 
0.00005861 
0.00005827 
0.00005835 
0.00005805 
0.00005798 
0.00005775 
0.00005864 
0.00005815 
0.00005678 
0.00005599 
0.00005510 
0.00005488 
0.00005474 
0.00005467 
0.00005501 
0.00005445 
0.00005449 
0.00005449 
0.00005449 
0.00005449 
0.00005449 
0.00005445 
0.00005449 
0.00005388 
0.00005435 
0.00005411 
0.00005432 
0.00005432 
0.00005432 
0.00005432 
0.00005439 
0.00005432 
0.00005429 
0.00005437 
0.00005387 
0.00005387 
0.00005387 
0.00005436 
0.00005415 
0.00005393 
0.00005400 
0.00005442 
0.00005439 
0.00005445 
0.00005428 
0.00005428 
0.00005451 
0.00005453 
0.00005451 
0.00005506 
0.00005501 
0.00005512 
0.00005498 
0.00005403 
0.00005402 
0.00005452 
0.00005452 
0.00005497 
0.00005445 
0.00005499 
0.00005497 
0.00005491 
0.00005487 
0.00005482 
0.00005481 
0.00005488 
0.00005470 
0.00005437 
0.00005605 
0.00005600 
0.00005540 
0.00005550 
0.00005562 
0.00005538 
0.00005487 
0.00005475 
0.00005454 
0.00005400 
0.00005413 
0.00005413 
0.00005409 
0.00005311 
0.00005291 
0.00005250 
0.00005235 
0.00005205 
0.00005234 
0.00005230 
0.00005234 
0.00005210 
0.00005215 
0.00005215 
0.00005234 
0.00005234 
0.00005206 
0.00005203 
0.00005220 
0.00005198 
0.00005198 
0.00005197 
0.00005173 
0.00005173 
0.00005169 
0.00005164 
0.00005174 
0.00005165 
0.00005161 
0.00005161 
0.00005177 
0.00005208 
0.00005219 
0.00005242 
0.00005294 
0.00005291 
0.00005302 
0.00005323 
0.00005325 
0.00005327 
0.00005325 
0.00005323 
0.00005247 
0.00005213 
0.00005204 
0.00005198 
0.00005169 
0.00005166 
0.00005159 
0.00005155 
0.00005155 
0.00005156 
0.00005158 
0.00005161 
0.00005162 
0.00005162 
0.00005162 
0.00005168 
0.00005169 
0.00005172 
0.00005167 
0.00005200 
0.00005199 
0.00005199 
0.00005192 
0.00005197 
0.00005195 
0.00005186 
0.00005240 
0.00005274 
0.00005232 
0.00005255 
0.00005274 
0.00005324 
0.00005248 
0.00005299 
0.00005235 
0.00005285 
0.00005295 
0.00005295 
0.00005293 
0.00005280 
0.00005278 
0.00005207 
0.00005199 
0.00005249 
0.00005236 
0.00005204 
0.00005204 
0.00005230 
0.00005237 
0.00005260 
0.00005289 
0.00005289 
0.00005264 
0.00005262 
0.00005261 
0.00005305 
0.00005275 
0.00005294 
0.00005280 
0.00005284 
0.00005277 
0.00005274 
0.00005299 
0.00005331 
0.00005362 
0.00005352 
0.00005330 
0.00005300 
0.00005330 
0.00005330 
0.00005335 
0.00005416 
0.00005389 
0.00005382 
0.00005416 
0.00005432 
0.00005454 
0.00005454 
0.00005458 
0.00005462 
0.00005486 
0.00005464 
0.00005542 
0.00005503 
0.00005560 
0.00005531 
0.00005543 
0.00005578 
0.00005579 
0.00005578 
0.00005630 
0.00005638 
0.00005616 
0.00005557 
0.00005620 
0.00005584 
0.00005669 
0.00005682 
0.00005744 
0.00005750 
0.00005780 
0.00005802 
0.00005780 
0.00005802 
0.00005802 
0.00005801 
0.00005802 
0.00005778 
0.00005779 
0.00005809 
0.00005775 
0.00005818 
0.00005818 
0.00005818 
0.00005822 
0.00005862 
0.00005829 
0.00005902 
0.00005917 
0.00005866 
0.00005840 
0.00005891 
0.00005930 
0.00005947 
0.00005876 
0.00005948 
0.00005948 
0.00005950 
0.00005950 
0.00005950 
0.00005962 
0.00005961 
0.00005965 
0.00005963 
0.00006018 
0.00006022 
0.00005981 
0.00006025 
0.00006098 
0.00006097 
0.00006104 
0.00006132 
0.00006150 
0.00006162 
0.00006150 
0.00006005 
0.00006023 
0.00006113 
0.00006111 
0.00006162 
0.00006167 
0.00006091 
0.00005932 
0.00005916 
0.00005914 
0.00005846 
0.00005847 
0.00005847 
0.00005847 
0.00005847 
0.00005852 
0.00005847 
0.00005826 
0.00005798 
0.00005818 
0.00005891 
0.00005930 
0.00005893 
0.00006057 
0.00006076 
0.00006100 
0.00006200 
0.00006190 
0.00006178 
0.00006150 
0.00006210 
0.00006188 
0.00006053 
0.00006012 
0.00005922 
0.00005914 
0.00005889 
0.00005886 
0.00005876 
0.00005876 
0.00005854 
0.00005892 
0.00005844 
0.00005803 
0.00005826 
0.00005843 
0.00005841 
0.00005812 
