0.00006156 
0.00006156 
0.00006166 
0.00006102 
0.00006088 
0.00006131 
0.00006091 
0.00006100 
0.00006071 
0.00006085 
0.00006068 
0.00006085 
0.00006072 
0.00006050 
0.00006081 
0.00006051 
0.00006090 
0.00006090 
0.00006059 
0.00006198 
0.00006254 
0.00006225 
0.00006202 
0.00006201 
0.00006123 
0.00006087 
0.00006136 
0.00006053 
0.00006050 
0.00006005 
0.00006040 
0.00005999 
0.00005941 
0.00005925 
0.00005911 
0.00005882 
0.00005825 
0.00005799 
0.00005815 
0.00005785 
0.00005800 
0.00005775 
0.00005792 
0.00005758 
0.00005753 
0.00005728 
0.00005708 
0.00005733 
0.00005759 
0.00005732 
0.00005735 
0.00005751 
0.00005710 
0.00005751 
0.00005716 
0.00005705 
0.00005705 
0.00005702 
0.00005805 
0.00005698 
0.00005661 
0.00005661 
0.00005666 
0.00005675 
0.00005675 
0.00005699 
0.00005701 
0.00005701 
0.00005654 
0.00005643 
0.00005636 
0.00005608 
0.00005624 
0.00005619 
0.00005624 
0.00005610 
0.00005610 
0.00005609 
0.00005623 
0.00005572 
0.00005570 
0.00005620 
0.00005658 
0.00005624 
0.00005600 
0.00005625 
0.00005633 
0.00005659 
0.00005660 
0.00005660 
0.00005668 
0.00005669 
0.00005695 
0.00005698 
0.00005695 
0.00005698 
0.00005667 
0.00005667 
0.00005660 
0.00005635 
0.00005660 
0.00005766 
0.00005761 
0.00005825 
0.00005786 
0.00005865 
0.00005856 
0.00005875 
0.00005899 
0.00005928 
0.00005904 
0.00005929 
0.00005928 
0.00005928 
0.00005915 
0.00005923 
0.00005909 
0.00005914 
0.00005977 
0.00005894 
0.00005951 
0.00005920 
0.00005991 
0.00005993 
0.00005861 
0.00005867 
0.00005783 
0.00005783 
0.00005823 
0.00005753 
0.00005775 
0.00005770 
0.00005745 
0.00005737 
0.00005725 
0.00005723 
0.00005701 
0.00005724 
0.00005724 
0.00005700 
0.00005707 
0.00005685 
0.00005746 
0.00005780 
0.00005779 
0.00005859 
0.00005860 
0.00005841 
0.00005900 
0.00005866 
0.00005930 
0.00005901 
0.00005901 
0.00005876 
0.00005798 
0.00005899 
0.00005833 
0.00005750 
0.00005810 
0.00005833 
0.00005835 
0.00005794 
0.00005722 
0.00005633 
0.00005569 
0.00005575 
0.00005578 
0.00005601 
0.00005775 
0.00005774 
0.00005813 
0.00005805 
0.00005774 
0.00005775 
0.00005922 
0.00005759 
0.00005678 
0.00005600 
0.00005488 
0.00005488 
0.00005470 
0.00005404 
0.00005600 
0.00005449 
0.00005449 
0.00005449 
0.00005445 
0.00005449 
0.00005445 
0.00005449 
0.00005445 
0.00005435 
0.00005390 
0.00005392 
0.00005439 
0.00005432 
0.00005432 
0.00005439 
0.00005432 
0.00005432 
0.00005432 
0.00005387 
0.00005387 
0.00005387 
0.00005433 
0.00005390 
0.00005435 
0.00005440 
0.00005442 
0.00005442 
0.00005401 
0.00005428 
0.00005428 
0.00005418 
0.00005451 
0.00005452 
0.00005506 
0.00005506 
0.00005501 
0.00005515 
0.00005498 
0.00005402 
0.00005452 
0.00005452 
0.00005495 
0.00005445 
0.00005445 
0.00005498 
0.00005500 
0.00005491 
0.00005481 
0.00005481 
0.00005481 
0.00005488 
0.00005470 
0.00005484 
0.00005613 
0.00005615 
0.00005540 
0.00005550 
0.00005600 
0.00005537 
0.00005471 
0.00005468 
0.00005454 
0.00005400 
0.00005414 
0.00005413 
0.00005384 
0.00005276 
0.00005290 
0.00005235 
0.00005234 
0.00005225 
0.00005234 
0.00005234 
0.00005234 
0.00005234 
0.00005215 
0.00005215 
0.00005209 
0.00005206 
0.00005203 
0.00005237 
0.00005199 
0.00005198 
0.00005173 
0.00005173 
0.00005173 
0.00005167 
0.00005163 
0.00005164 
0.00005164 
0.00005163 
0.00005176 
0.00005161 
0.00005162 
0.00005208 
0.00005219 
0.00005271 
0.00005291 
0.00005291 
0.00005302 
0.00005302 
0.00005301 
0.00005301 
0.00005325 
0.00005284 
0.00005248 
0.00005206 
0.00005203 
0.00005171 
0.00005166 
0.00005166 
0.00005158 
0.00005155 
0.00005156 
0.00005151 
0.00005106 
0.00005162 
0.00005162 
0.00005162 
0.00005130 
0.00005166 
0.00005172 
0.00005170 
0.00005203 
0.00005192 
0.00005192 
0.00005193 
0.00005192 
0.00005240 
0.00005191 
0.00005246 
0.00005237 
0.00005237 
0.00005234 
0.00005297 
0.00005275 
0.00005285 
0.00005299 
0.00005298 
0.00005255 
0.00005295 
0.00005295 
0.00005293 
0.00005324 
0.00005280 
0.00005276 
0.00005223 
0.00005199 
0.00005204 
0.00005242 
0.00005204 
0.00005204 
0.00005230 
0.00005248 
0.00005258 
0.00005289 
0.00005289 
0.00005262 
0.00005262 
0.00005299 
0.00005308 
0.00005256 
0.00005252 
0.00005279 
0.00005284 
0.00005302 
0.00005273 
0.00005270 
0.00005330 
0.00005362 
0.00005341 
0.00005326 
0.00005299 
0.00005330 
0.00005330 
0.00005331 
0.00005388 
0.00005430 
0.00005414 
0.00005404 
0.00005435 
0.00005454 
0.00005441 
0.00005458 
0.00005478 
0.00005465 
0.00005467 
0.00005537 
0.00005560 
0.00005560 
0.00005530 
0.00005543 
0.00005598 
0.00005522 
0.00005578 
0.00005630 
0.00005644 
0.00005616 
0.00005640 
0.00005558 
0.00005658 
0.00005670 
0.00005715 
0.00005757 
0.00005770 
0.00005780 
0.00005802 
0.00005802 
0.00005802 
0.00005802 
0.00005802 
0.00005814 
0.00005779 
0.00005779 
0.00005798 
0.00005818 
0.00005818 
0.00005818 
0.00005800 
0.00005862 
0.00005822 
0.00005902 
0.00005902 
0.00005885 
0.00005864 
0.00005840 
0.00005859 
0.00005946 
0.00005876 
0.00005876 
0.00005948 
0.00005950 
0.00005950 
0.00005950 
0.00005897 
0.00005960 
0.00005954 
0.00005965 
0.00006030 
0.00006023 
0.00005981 
0.00006025 
0.00005955 
0.00006097 
0.00006114 
0.00006105 
0.00006132 
0.00006175 
0.00006169 
0.00006145 
0.00006007 
0.00006032 
0.00006111 
0.00006111 
0.00006167 
0.00006134 
0.00006092 
0.00005932 
0.00005916 
0.00005902 
0.00005847 
0.00005847 
0.00005847 
0.00005847 
0.00005847 
0.00005847 
0.00005825 
0.00005825 
0.00005756 
0.00005818 
0.00005899 
0.00005891 
0.00005931 
0.00006024 
0.00006087 
0.00006109 
0.00006151 
0.00006178 
0.00006163 
0.00006158 
0.00006193 
0.00006184 
0.00006053 
0.00005992 
0.00005939 
0.00005914 
0.00005899 
0.00005886 
0.00005850 
0.00005854 
0.00005854 
0.00005896 
0.00005844 
0.00005803 
0.00005838 
0.00005843 
0.00005810 
0.00006156 
0.00006156 
0.00006166 
0.00006102 
0.00006088 
0.00006131 
0.00006091 
0.00006100 
0.00006071 
0.00006085 
0.00006068 
0.00006085 
0.00006072 
0.00006050 
0.00006081 
0.00006051 
0.00006090 
0.00006090 
0.00006059 
0.00006198 
0.00006254 
0.00006225 
0.00006202 
0.00006201 
0.00006123 
0.00006087 
0.00006136 
0.00006053 
0.00006050 
0.00006005 
0.00006040 
0.00005999 
0.00005941 
0.00005925 
0.00005911 
0.00005882 
0.00005825 
0.00005799 
0.00005815 
0.00005785 
0.00005800 
0.00005775 
0.00005792 
0.00005758 
0.00005753 
0.00005728 
0.00005708 
0.00005733 
0.00005759 
0.00005732 
0.00005735 
0.00005751 
0.00005710 
0.00005751 
0.00005716 
0.00005705 
0.00005705 
0.00005702 
0.00005805 
0.00005698 
0.00005661 
0.00005661 
0.00005666 
0.00005675 
0.00005675 
0.00005699 
0.00005701 
0.00005701 
0.00005654 
0.00005643 
0.00005636 
0.00005608 
0.00005624 
0.00005619 
0.00005624 
0.00005610 
0.00005610 
0.00005609 
0.00005623 
0.00005572 
0.00005570 
0.00005620 
0.00005658 
0.00005624 
0.00005600 
0.00005625 
0.00005633 
0.00005659 
0.00005660 
0.00005660 
0.00005668 
0.00005669 
0.00005695 
0.00005698 
0.00005695 
0.00005698 
0.00005667 
0.00005667 
0.00005660 
0.00005635 
0.00005660 
0.00005766 
0.00005761 
0.00005825 
0.00005786 
0.00005865 
0.00005856 
0.00005875 
0.00005899 
0.00005928 
0.00005904 
0.00005929 
0.00005928 
0.00005928 
0.00005915 
0.00005923 
0.00005909 
0.00005914 
0.00005977 
0.00005894 
0.00005951 
0.00005920 
0.00005991 
0.00005993 
0.00005861 
0.00005867 
0.00005783 
0.00005783 
0.00005823 
0.00005753 
0.00005775 
0.00005770 
0.00005745 
0.00005737 
0.00005725 
0.00005723 
0.00005701 
0.00005724 
0.00005724 
0.00005700 
0.00005707 
0.00005685 
0.00005746 
0.00005780 
0.00005779 
0.00005859 
0.00005860 
0.00005841 
0.00005900 
0.00005866 
0.00005930 
0.00005901 
0.00005901 
0.00005876 
0.00005798 
0.00005899 
0.00005833 
0.00005750 
0.00005810 
0.00005833 
0.00005835 
0.00005794 
0.00005722 
0.00005633 
0.00005569 
0.00005575 
0.00005578 
0.00005601 
0.00005775 
0.00005774 
0.00005813 
0.00005805 
0.00005774 
0.00005775 
0.00005922 
0.00005759 
0.00005678 
0.00005600 
0.00005488 
0.00005488 
0.00005470 
0.00005404 
0.00005600 
0.00005449 
0.00005449 
0.00005449 
0.00005445 
0.00005449 
0.00005445 
0.00005449 
0.00005445 
0.00005435 
0.00005390 
0.00005392 
0.00005439 
0.00005432 
0.00005432 
0.00005439 
0.00005432 
0.00005432 
0.00005432 
0.00005387 
0.00005387 
0.00005387 
0.00005433 
0.00005390 
0.00005435 
0.00005440 
0.00005442 
0.00005442 
0.00005401 
0.00005428 
0.00005428 
0.00005418 
0.00005451 
0.00005452 
0.00005506 
0.00005506 
0.00005501 
0.00005515 
0.00005498 
0.00005402 
0.00005452 
0.00005452 
0.00005495 
0.00005445 
0.00005445 
0.00005498 
0.00005500 
0.00005491 
0.00005481 
0.00005481 
0.00005481 
0.00005488 
0.00005470 
0.00005484 
0.00005613 
0.00005615 
0.00005540 
0.00005550 
0.00005600 
0.00005537 
0.00005471 
0.00005468 
0.00005454 
0.00005400 
0.00005414 
0.00005413 
0.00005384 
0.00005276 
0.00005290 
0.00005235 
0.00005234 
0.00005225 
0.00005234 
0.00005234 
0.00005234 
0.00005234 
0.00005215 
0.00005215 
0.00005209 
0.00005206 
0.00005203 
0.00005237 
0.00005199 
0.00005198 
0.00005173 
0.00005173 
0.00005173 
0.00005167 
0.00005163 
0.00005164 
0.00005164 
0.00005163 
0.00005176 
0.00005161 
0.00005162 
0.00005208 
0.00005219 
0.00005271 
0.00005291 
0.00005291 
0.00005302 
0.00005302 
0.00005301 
0.00005301 
0.00005325 
0.00005284 
0.00005248 
0.00005206 
0.00005203 
0.00005171 
0.00005166 
0.00005166 
0.00005158 
0.00005155 
0.00005156 
0.00005151 
0.00005106 
0.00005162 
0.00005162 
0.00005162 
0.00005130 
0.00005166 
0.00005172 
0.00005170 
0.00005203 
0.00005192 
0.00005192 
0.00005193 
0.00005192 
0.00005240 
0.00005191 
0.00005246 
0.00005237 
0.00005237 
0.00005234 
0.00005297 
0.00005275 
0.00005285 
0.00005299 
0.00005298 
0.00005255 
0.00005295 
0.00005295 
0.00005293 
0.00005324 
0.00005280 
0.00005276 
0.00005223 
0.00005199 
0.00005204 
0.00005242 
0.00005204 
0.00005204 
0.00005230 
0.00005248 
0.00005258 
0.00005289 
0.00005289 
0.00005262 
0.00005262 
0.00005299 
0.00005308 
0.00005256 
0.00005252 
0.00005279 
0.00005284 
0.00005302 
0.00005273 
0.00005270 
0.00005330 
0.00005362 
0.00005341 
0.00005326 
0.00005299 
0.00005330 
0.00005330 
0.00005331 
0.00005388 
0.00005430 
0.00005414 
0.00005404 
0.00005435 
0.00005454 
0.00005441 
0.00005458 
0.00005478 
0.00005465 
0.00005467 
0.00005537 
0.00005560 
0.00005560 
0.00005530 
0.00005543 
0.00005598 
0.00005522 
0.00005578 
0.00005630 
0.00005644 
0.00005616 
0.00005640 
0.00005558 
0.00005658 
0.00005670 
0.00005715 
0.00005757 
0.00005770 
0.00005780 
0.00005802 
0.00005802 
0.00005802 
0.00005802 
0.00005802 
0.00005814 
0.00005779 
0.00005779 
0.00005798 
0.00005818 
0.00005818 
0.00005818 
0.00005800 
0.00005862 
0.00005822 
0.00005902 
0.00005902 
0.00005885 
0.00005864 
0.00005840 
0.00005859 
0.00005946 
0.00005876 
0.00005876 
0.00005948 
0.00005950 
0.00005950 
0.00005950 
0.00005897 
0.00005960 
0.00005954 
0.00005965 
0.00006030 
0.00006023 
0.00005981 
0.00006025 
0.00005955 
0.00006097 
0.00006114 
0.00006105 
0.00006132 
0.00006175 
0.00006169 
0.00006145 
0.00006007 
0.00006032 
0.00006111 
0.00006111 
0.00006167 
0.00006134 
0.00006092 
0.00005932 
0.00005916 
0.00005902 
0.00005847 
0.00005847 
0.00005847 
0.00005847 
0.00005847 
0.00005847 
0.00005825 
0.00005825 
0.00005756 
0.00005818 
0.00005899 
0.00005891 
0.00005931 
0.00006024 
0.00006087 
0.00006109 
0.00006151 
0.00006178 
0.00006163 
0.00006158 
0.00006193 
0.00006184 
0.00006053 
0.00005992 
0.00005939 
0.00005914 
0.00005899 
0.00005886 
0.00005850 
0.00005854 
0.00005854 
0.00005896 
0.00005844 
0.00005803 
0.00005838 
0.00005843 
0.00005810 
0.00006156 
0.00006156 
0.00006166 
0.00006102 
0.00006088 
0.00006131 
0.00006091 
0.00006100 
0.00006071 
0.00006085 
0.00006068 
0.00006085 
0.00006072 
0.00006050 
0.00006081 
0.00006051 
0.00006090 
0.00006090 
0.00006059 
0.00006198 
0.00006254 
0.00006225 
0.00006202 
0.00006201 
0.00006123 
0.00006087 
0.00006136 
0.00006053 
0.00006050 
0.00006005 
0.00006040 
0.00005999 
0.00005941 
0.00005925 
0.00005911 
0.00005882 
0.00005825 
0.00005799 
0.00005815 
0.00005785 
0.00005800 
0.00005775 
0.00005792 
0.00005758 
0.00005753 
0.00005728 
0.00005708 
0.00005733 
0.00005759 
0.00005732 
0.00005735 
0.00005751 
0.00005710 
0.00005751 
0.00005716 
0.00005705 
0.00005705 
0.00005702 
0.00005805 
0.00005698 
0.00005661 
0.00005661 
0.00005666 
0.00005675 
0.00005675 
0.00005699 
0.00005701 
0.00005701 
0.00005654 
0.00005643 
0.00005636 
0.00005608 
0.00005624 
0.00005619 
0.00005624 
0.00005610 
0.00005610 
0.00005609 
0.00005623 
0.00005572 
0.00005570 
0.00005620 
0.00005658 
0.00005624 
0.00005600 
0.00005625 
0.00005633 
0.00005659 
0.00005660 
0.00005660 
0.00005668 
0.00005669 
0.00005695 
0.00005698 
0.00005695 
0.00005698 
0.00005667 
0.00005667 
0.00005660 
0.00005635 
0.00005660 
0.00005766 
0.00005761 
0.00005825 
0.00005786 
0.00005865 
0.00005856 
0.00005875 
0.00005899 
0.00005928 
0.00005904 
0.00005929 
0.00005928 
0.00005928 
0.00005915 
0.00005923 
0.00005909 
0.00005914 
0.00005977 
0.00005894 
0.00005951 
0.00005920 
0.00005991 
0.00005993 
0.00005861 
0.00005867 
0.00005783 
0.00005783 
0.00005823 
0.00005753 
0.00005775 
0.00005770 
0.00005745 
0.00005737 
0.00005725 
0.00005723 
0.00005701 
0.00005724 
0.00005724 
0.00005700 
0.00005707 
0.00005685 
0.00005746 
0.00005780 
0.00005779 
0.00005859 
0.00005860 
0.00005841 
0.00005900 
0.00005866 
0.00005930 
0.00005901 
0.00005901 
0.00005876 
0.00005798 
0.00005899 
0.00005833 
0.00005750 
0.00005810 
0.00005833 
0.00005835 
0.00005794 
0.00005722 
0.00005633 
0.00005569 
0.00005575 
0.00005578 
0.00005601 
0.00005775 
0.00005774 
0.00005813 
0.00005805 
0.00005774 
0.00005775 
0.00005922 
0.00005759 
0.00005678 
0.00005600 
0.00005488 
0.00005488 
0.00005470 
0.00005404 
0.00005600 
0.00005449 
0.00005449 
0.00005449 
0.00005445 
0.00005449 
0.00005445 
0.00005449 
0.00005445 
0.00005435 
0.00005390 
0.00005392 
0.00005439 
0.00005432 
0.00005432 
0.00005439 
0.00005432 
0.00005432 
0.00005432 
0.00005387 
0.00005387 
0.00005387 
0.00005433 
0.00005390 
0.00005435 
0.00005440 
0.00005442 
0.00005442 
0.00005401 
0.00005428 
0.00005428 
0.00005418 
0.00005451 
0.00005452 
0.00005506 
0.00005506 
0.00005501 
0.00005515 
0.00005498 
0.00005402 
0.00005452 
0.00005452 
0.00005495 
0.00005445 
0.00005445 
0.00005498 
0.00005500 
0.00005491 
0.00005481 
0.00005481 
0.00005481 
0.00005488 
0.00005470 
0.00005484 
0.00005613 
0.00005615 
0.00005540 
0.00005550 
0.00005600 
0.00005537 
0.00005471 
0.00005468 
0.00005454 
0.00005400 
0.00005414 
0.00005413 
0.00005384 
0.00005276 
0.00005290 
0.00005235 
0.00005234 
0.00005225 
0.00005234 
0.00005234 
0.00005234 
0.00005234 
0.00005215 
0.00005215 
0.00005209 
0.00005206 
0.00005203 
0.00005237 
0.00005199 
0.00005198 
0.00005173 
0.00005173 
0.00005173 
0.00005167 
0.00005163 
0.00005164 
0.00005164 
0.00005163 
0.00005176 
0.00005161 
0.00005162 
0.00005208 
0.00005219 
0.00005271 
0.00005291 
0.00005291 
0.00005302 
0.00005302 
0.00005301 
0.00005301 
0.00005325 
0.00005284 
0.00005248 
0.00005206 
0.00005203 
0.00005171 
0.00005166 
0.00005166 
0.00005158 
0.00005155 
0.00005156 
0.00005151 
0.00005106 
0.00005162 
0.00005162 
0.00005162 
0.00005130 
0.00005166 
0.00005172 
0.00005170 
0.00005203 
0.00005192 
0.00005192 
0.00005193 
0.00005192 
0.00005240 
0.00005191 
0.00005246 
0.00005237 
0.00005237 
0.00005234 
0.00005297 
0.00005275 
0.00005285 
0.00005299 
0.00005298 
0.00005255 
0.00005295 
0.00005295 
0.00005293 
0.00005324 
0.00005280 
0.00005276 
0.00005223 
0.00005199 
0.00005204 
0.00005242 
0.00005204 
0.00005204 
0.00005230 
0.00005248 
0.00005258 
0.00005289 
0.00005289 
0.00005262 
0.00005262 
0.00005299 
0.00005308 
0.00005256 
0.00005252 
0.00005279 
0.00005284 
0.00005302 
0.00005273 
0.00005270 
0.00005330 
0.00005362 
0.00005341 
0.00005326 
0.00005299 
0.00005330 
0.00005330 
0.00005331 
0.00005388 
0.00005430 
0.00005414 
0.00005404 
0.00005435 
0.00005454 
0.00005441 
0.00005458 
0.00005478 
0.00005465 
0.00005467 
0.00005537 
0.00005560 
0.00005560 
0.00005530 
0.00005543 
0.00005598 
0.00005522 
0.00005578 
0.00005630 
0.00005644 
0.00005616 
0.00005640 
0.00005558 
0.00005658 
0.00005670 
0.00005715 
0.00005757 
0.00005770 
0.00005780 
0.00005802 
0.00005802 
0.00005802 
0.00005802 
0.00005802 
0.00005814 
0.00005779 
0.00005779 
0.00005798 
0.00005818 
0.00005818 
0.00005818 
0.00005800 
0.00005862 
0.00005822 
0.00005902 
0.00005902 
0.00005885 
0.00005864 
0.00005840 
0.00005859 
0.00005946 
0.00005876 
0.00005876 
0.00005948 
0.00005950 
0.00005950 
0.00005950 
0.00005897 
0.00005960 
0.00005954 
0.00005965 
0.00006030 
0.00006023 
0.00005981 
0.00006025 
0.00005955 
0.00006097 
0.00006114 
0.00006105 
0.00006132 
0.00006175 
0.00006169 
0.00006145 
0.00006007 
0.00006032 
0.00006111 
0.00006111 
0.00006167 
0.00006134 
0.00006092 
0.00005932 
0.00005916 
0.00005902 
0.00005847 
0.00005847 
0.00005847 
0.00005847 
0.00005847 
0.00005847 
0.00005825 
0.00005825 
0.00005756 
0.00005818 
0.00005899 
0.00005891 
0.00005931 
0.00006024 
0.00006087 
0.00006109 
0.00006151 
0.00006178 
0.00006163 
0.00006158 
0.00006193 
0.00006184 
0.00006053 
0.00005992 
0.00005939 
0.00005914 
0.00005899 
0.00005886 
0.00005850 
0.00005854 
0.00005854 
0.00005896 
0.00005844 
0.00005803 
0.00005838 
0.00005843 
0.00005810 
