0.00108480 
0.00108230 
0.00108960 
0.00108720 
0.00108400 
0.00109160 
0.00109060 
0.00109210 
0.00109240 
0.00109470 
0.00109240 
0.00109400 
0.00109450 
0.00109000 
0.00107690 
0.00108300 
0.00108050 
0.00107550 
0.00108500 
0.00109240 
0.00109440 
0.00108770 
0.00108640 
0.00108470 
0.00108330 
0.00109250 
0.00109030 
0.00108990 
0.00108120 
0.00107600 
0.00106910 
0.00107250 
0.00106140 
0.00106980 
0.00108340 
0.00107650 
0.00106990 
0.00106840 
0.00106870 
0.00106730 
0.00106350 
0.00106200 
0.00105910 
0.00106100 
0.00106570 
0.00106450 
0.00106160 
0.00106630 
0.00106400 
0.00105510 
0.00106890 
0.00105800 
0.00104830 
0.00104780 
0.00104580 
0.00104500 
0.00104110 
0.00104520 
0.00104840 
0.00104680 
0.00103590 
0.00103110 
0.00102970 
0.00103130 
0.00103660 
0.00104000 
0.00103880 
0.00103980 
0.00104170 
0.00104140 
0.00103320 
0.00103490 
0.00102390 
0.00102580 
0.00103090 
0.00102990 
0.00101010 
0.00101020 
0.00100890 
0.00101500 
0.00102800 
0.00103160 
0.00103070 
0.00102240 
0.00102530 
0.00102990 
0.00103390 
0.00103570 
0.00104100 
0.00104040 
0.00104520 
0.00105090 
0.00104720 
0.00104580 
0.00104770 
0.00104400 
0.00105960 
0.00107030 
0.00105990 
0.00106000 
0.00107090 
0.00107480 
0.00107360 
0.00106470 
0.00106400 
0.00106610 
0.00105930 
0.00106030 
0.00105730 
0.00105790 
0.00106450 
0.00105010 
0.00104790 
0.00104860 
0.00104210 
0.00103400 
0.00104890 
0.00104900 
0.00104440 
0.00105460 
0.00106220 
0.00106760 
0.00107580 
0.00106990 
0.00106400 
0.00104060 
0.00103910 
0.00103960 
0.00103830 
0.00103700 
0.00104040 
0.00104930 
0.00104280 
0.00104310 
0.00102930 
0.00102730 
0.00102590 
0.00103000 
0.00103160 
0.00102870 
0.00101730 
0.00102390 
0.00101190 
0.00102280 
0.00102510 
0.00102200 
0.00101950 
0.00102150 
0.00101630 
0.00103060 
0.00101870 
0.00102170 
0.00100740 
0.00100490 
0.00100860 
0.00099960 
0.00098960 
0.00098720 
0.00098880 
0.00098850 
0.00099680 
0.00099500 
0.00098070 
0.00097720 
0.00097360 
0.00098070 
0.00097750 
0.00098440 
0.00098170 
0.00097660 
0.00097740 
0.00097240 
0.00097050 
0.00097480 
0.00097530 
0.00098570 
0.00097860 
0.00097480 
0.00097610 
0.00096990 
0.00096500 
0.00096790 
0.00096680 
0.00096640 
0.00096260 
0.00096380 
0.00096210 
0.00096210 
0.00096020 
0.00096060 
0.00096120 
0.00096600 
0.00096630 
0.00096520 
0.00096590 
0.00096700 
0.00096430 
0.00096490 
0.00096810 
0.00096980 
0.00096750 
0.00097010 
0.00097700 
0.00098350 
0.00097720 
0.00097860 
0.00097660 
0.00097440 
0.00096600 
0.00096400 
0.00096120 
0.00096870 
0.00096680 
0.00096500 
0.00096120 
0.00096360 
0.00096880 
0.00096730 
0.00096880 
0.00096900 
0.00097470 
0.00097210 
0.00097000 
0.00098030 
0.00098700 
0.00098590 
0.00098520 
0.00098770 
0.00099420 
0.00098840 
0.00098800 
0.00098490 
0.00097380 
0.00099420 
0.00100040 
0.00100520 
0.00099510 
0.00097330 
0.00096900 
0.00097260 
0.00097760 
0.00097230 
0.00096960 
0.00097640 
0.00096200 
0.00095430 
0.00095580 
0.00095500 
0.00094860 
0.00094170 
0.00093510 
0.00093940 
0.00093990 
0.00093960 
0.00093640 
0.00093350 
0.00093950 
0.00094170 
0.00094670 
0.00094730 
0.00095040 
0.00095210 
0.00095300 
0.00095600 
0.00094970 
0.00094190 
0.00093830 
0.00094000 
0.00094110 
0.00094230 
0.00094110 
0.00093410 
0.00093640 
0.00093270 
0.00093390 
0.00093260 
0.00093420 
0.00093490 
0.00094590 
0.00093580 
0.00094290 
0.00094590 
0.00094570 
0.00094550 
0.00094750 
0.00094520 
0.00095130 
0.00094910 
0.00094400 
0.00093060 
0.00093500 
0.00094150 
0.00093910 
0.00092330 
0.00092090 
0.00092130 
0.00092030 
0.00092100 
0.00092640 
0.00092610 
0.00092440 
0.00092930 
0.00093110 
0.00093560 
0.00093310 
0.00093190 
0.00093070 
0.00092580 
0.00092800 
0.00093770 
0.00093680 
0.00093670 
0.00095180 
0.00095860 
0.00096000 
0.00095020 
0.00095180 
0.00094990 
0.00093620 
0.00093830 
0.00092720 
0.00092270 
0.00092190 
0.00092270 
0.00092200 
0.00093030 
0.00093140 
0.00093010 
0.00091770 
0.00092120 
0.00091980 
0.00091970 
0.00092140 
0.00092200 
0.00092020 
0.00091970 
0.00091950 
0.00092190 
0.00092490 
0.00092180 
0.00092230 
0.00092350 
0.00092700 
0.00092560 
0.00092700 
0.00092700 
0.00092900 
0.00092510 
0.00092740 
0.00092880 
0.00093010 
0.00092690 
0.00092970 
0.00092150 
0.00093320 
0.00093400 
0.00093170 
0.00093000 
0.00093300 
0.00093880 
0.00094200 
0.00094450 
0.00094500 
0.00094340 
0.00094980 
0.00094510 
0.00093920 
0.00094250 
0.00094500 
0.00095000 
0.00095390 
0.00095700 
0.00095550 
0.00095810 
0.00095760 
0.00095650 
0.00095480 
0.00095300 
0.00095240 
0.00094970 
0.00094670 
0.00094680 
0.00094900 
0.00095700 
0.00095350 
0.00094850 
0.00095190 
0.00094900 
0.00094940 
0.00094930 
0.00095150 
0.00095280 
0.00095170 
0.00095000 
0.00095150 
0.00094850 
0.00095200 
0.00095370 
0.00095470 
0.00094770 
0.00094820 
0.00094900 
0.00095510 
0.00095370 
0.00095480 
0.00096010 
0.00096170 
0.00096400 
0.00096080 
0.00096340 
0.00096600 
0.00096590 
0.00095790 
0.00096210 
0.00096200 
0.00096290 
0.00096180 
0.00096310 
0.00096340 
0.00096730 
0.00097090 
0.00097240 
0.00096810 
0.00097140 
0.00097150 
0.00097110 
0.00097140 
0.00097210 
0.00097550 
0.00097780 
0.00098010 
0.00097300 
0.00097070 
0.00096810 
0.00097210 
0.00097190 
0.00097250 
0.00097350 
0.00097670 
0.00097570 
0.00097810 
0.00097490 
0.00097630 
0.00097430 
0.00097430 
0.00097940 
0.00097930 
0.00097600 
0.00097340 
0.00097200 
0.00097140 
0.00097370 
0.00097590 
0.00097840 
0.00097410 
0.00097680 
0.00096990 
0.00098030 
0.00098940 
0.00098950 
0.00098990 
0.00099100 
0.00099080 
0.00099220 
0.00099050 
0.00099240 
0.00099490 
0.00098300 
0.00098520 
0.00097900 
0.00098150 
0.00098440 
0.00098100 
0.00098380 
0.00098630 
0.00098870 
0.00098470 
0.00098310 
0.00098420 
0.00098080 
0.00108480 
0.00108230 
0.00108960 
0.00108720 
0.00108400 
0.00109160 
0.00109060 
0.00109210 
0.00109240 
0.00109470 
0.00109240 
0.00109400 
0.00109450 
0.00109000 
0.00107690 
0.00108300 
0.00108050 
0.00107550 
0.00108500 
0.00109240 
0.00109440 
0.00108770 
0.00108640 
0.00108470 
0.00108330 
0.00109250 
0.00109030 
0.00108990 
0.00108120 
0.00107600 
0.00106910 
0.00107250 
0.00106140 
0.00106980 
0.00108340 
0.00107650 
0.00106990 
0.00106840 
0.00106870 
0.00106730 
0.00106350 
0.00106200 
0.00105910 
0.00106100 
0.00106570 
0.00106450 
0.00106160 
0.00106630 
0.00106400 
0.00105510 
0.00106890 
0.00105800 
0.00104830 
0.00104780 
0.00104580 
0.00104500 
0.00104110 
0.00104520 
0.00104840 
0.00104680 
0.00103590 
0.00103110 
0.00102970 
0.00103130 
0.00103660 
0.00104000 
0.00103880 
0.00103980 
0.00104170 
0.00104140 
0.00103320 
0.00103490 
0.00102390 
0.00102580 
0.00103090 
0.00102990 
0.00101010 
0.00101020 
0.00100890 
0.00101500 
0.00102800 
0.00103160 
0.00103070 
0.00102240 
0.00102530 
0.00102990 
0.00103390 
0.00103570 
0.00104100 
0.00104040 
0.00104520 
0.00105090 
0.00104720 
0.00104580 
0.00104770 
0.00104400 
0.00105960 
0.00107030 
0.00105990 
0.00106000 
0.00107090 
0.00107480 
0.00107360 
0.00106470 
0.00106400 
0.00106610 
0.00105930 
0.00106030 
0.00105730 
0.00105790 
0.00106450 
0.00105010 
0.00104790 
0.00104860 
0.00104210 
0.00103400 
0.00104890 
0.00104900 
0.00104440 
0.00105460 
0.00106220 
0.00106760 
0.00107580 
0.00106990 
0.00106400 
0.00104060 
0.00103910 
0.00103960 
0.00103830 
0.00103700 
0.00104040 
0.00104930 
0.00104280 
0.00104310 
0.00102930 
0.00102730 
0.00102590 
0.00103000 
0.00103160 
0.00102870 
0.00101730 
0.00102390 
0.00101190 
0.00102280 
0.00102510 
0.00102200 
0.00101950 
0.00102150 
0.00101630 
0.00103060 
0.00101870 
0.00102170 
0.00100740 
0.00100490 
0.00100860 
0.00099960 
0.00098960 
0.00098720 
0.00098880 
0.00098850 
0.00099680 
0.00099500 
0.00098070 
0.00097720 
0.00097360 
0.00098070 
0.00097750 
0.00098440 
0.00098170 
0.00097660 
0.00097740 
0.00097240 
0.00097050 
0.00097480 
0.00097530 
0.00098570 
0.00097860 
0.00097480 
0.00097610 
0.00096990 
0.00096500 
0.00096790 
0.00096680 
0.00096640 
0.00096260 
0.00096380 
0.00096210 
0.00096210 
0.00096020 
0.00096060 
0.00096120 
0.00096600 
0.00096630 
0.00096520 
0.00096590 
0.00096700 
0.00096430 
0.00096490 
0.00096810 
0.00096980 
0.00096750 
0.00097010 
0.00097700 
0.00098350 
0.00097720 
0.00097860 
0.00097660 
0.00097440 
0.00096600 
0.00096400 
0.00096120 
0.00096870 
0.00096680 
0.00096500 
0.00096120 
0.00096360 
0.00096880 
0.00096730 
0.00096880 
0.00096900 
0.00097470 
0.00097210 
0.00097000 
0.00098030 
0.00098700 
0.00098590 
0.00098520 
0.00098770 
0.00099420 
0.00098840 
0.00098800 
0.00098490 
0.00097380 
0.00099420 
0.00100040 
0.00100520 
0.00099510 
0.00097330 
0.00096900 
0.00097260 
0.00097760 
0.00097230 
0.00096960 
0.00097640 
0.00096200 
0.00095430 
0.00095580 
0.00095500 
0.00094860 
0.00094170 
0.00093510 
0.00093940 
0.00093990 
0.00093960 
0.00093640 
0.00093350 
0.00093950 
0.00094170 
0.00094670 
0.00094730 
0.00095040 
0.00095210 
0.00095300 
0.00095600 
0.00094970 
0.00094190 
0.00093830 
0.00094000 
0.00094110 
0.00094230 
0.00094110 
0.00093410 
0.00093640 
0.00093270 
0.00093390 
0.00093260 
0.00093420 
0.00093490 
0.00094590 
0.00093580 
0.00094290 
0.00094590 
0.00094570 
0.00094550 
0.00094750 
0.00094520 
0.00095130 
0.00094910 
0.00094400 
0.00093060 
0.00093500 
0.00094150 
0.00093910 
0.00092330 
0.00092090 
0.00092130 
0.00092030 
0.00092100 
0.00092640 
0.00092610 
0.00092440 
0.00092930 
0.00093110 
0.00093560 
0.00093310 
0.00093190 
0.00093070 
0.00092580 
0.00092800 
0.00093770 
0.00093680 
0.00093670 
0.00095180 
0.00095860 
0.00096000 
0.00095020 
0.00095180 
0.00094990 
0.00093620 
0.00093830 
0.00092720 
0.00092270 
0.00092190 
0.00092270 
0.00092200 
0.00093030 
0.00093140 
0.00093010 
0.00091770 
0.00092120 
0.00091980 
0.00091970 
0.00092140 
0.00092200 
0.00092020 
0.00091970 
0.00091950 
0.00092190 
0.00092490 
0.00092180 
0.00092230 
0.00092350 
0.00092700 
0.00092560 
0.00092700 
0.00092700 
0.00092900 
0.00092510 
0.00092740 
0.00092880 
0.00093010 
0.00092690 
0.00092970 
0.00092150 
0.00093320 
0.00093400 
0.00093170 
0.00093000 
0.00093300 
0.00093880 
0.00094200 
0.00094450 
0.00094500 
0.00094340 
0.00094980 
0.00094510 
0.00093920 
0.00094250 
0.00094500 
0.00095000 
0.00095390 
0.00095700 
0.00095550 
0.00095810 
0.00095760 
0.00095650 
0.00095480 
0.00095300 
0.00095240 
0.00094970 
0.00094670 
0.00094680 
0.00094900 
0.00095700 
0.00095350 
0.00094850 
0.00095190 
0.00094900 
0.00094940 
0.00094930 
0.00095150 
0.00095280 
0.00095170 
0.00095000 
0.00095150 
0.00094850 
0.00095200 
0.00095370 
0.00095470 
0.00094770 
0.00094820 
0.00094900 
0.00095510 
0.00095370 
0.00095480 
0.00096010 
0.00096170 
0.00096400 
0.00096080 
0.00096340 
0.00096600 
0.00096590 
0.00095790 
0.00096210 
0.00096200 
0.00096290 
0.00096180 
0.00096310 
0.00096340 
0.00096730 
0.00097090 
0.00097240 
0.00096810 
0.00097140 
0.00097150 
0.00097110 
0.00097140 
0.00097210 
0.00097550 
0.00097780 
0.00098010 
0.00097300 
0.00097070 
0.00096810 
0.00097210 
0.00097190 
0.00097250 
0.00097350 
0.00097670 
0.00097570 
0.00097810 
0.00097490 
0.00097630 
0.00097430 
0.00097430 
0.00097940 
0.00097930 
0.00097600 
0.00097340 
0.00097200 
0.00097140 
0.00097370 
0.00097590 
0.00097840 
0.00097410 
0.00097680 
0.00096990 
0.00098030 
0.00098940 
0.00098950 
0.00098990 
0.00099100 
0.00099080 
0.00099220 
0.00099050 
0.00099240 
0.00099490 
0.00098300 
0.00098520 
0.00097900 
0.00098150 
0.00098440 
0.00098100 
0.00098380 
0.00098630 
0.00098870 
0.00098470 
0.00098310 
0.00098420 
0.00098080 
0.00108480 
0.00108230 
0.00108960 
0.00108720 
0.00108400 
0.00109160 
0.00109060 
0.00109210 
0.00109240 
0.00109470 
0.00109240 
0.00109400 
0.00109450 
0.00109000 
0.00107690 
0.00108300 
0.00108050 
0.00107550 
0.00108500 
0.00109240 
0.00109440 
0.00108770 
0.00108640 
0.00108470 
0.00108330 
0.00109250 
0.00109030 
0.00108990 
0.00108120 
0.00107600 
0.00106910 
0.00107250 
0.00106140 
0.00106980 
0.00108340 
0.00107650 
0.00106990 
0.00106840 
0.00106870 
0.00106730 
0.00106350 
0.00106200 
0.00105910 
0.00106100 
0.00106570 
0.00106450 
0.00106160 
0.00106630 
0.00106400 
0.00105510 
0.00106890 
0.00105800 
0.00104830 
0.00104780 
0.00104580 
0.00104500 
0.00104110 
0.00104520 
0.00104840 
0.00104680 
0.00103590 
0.00103110 
0.00102970 
0.00103130 
0.00103660 
0.00104000 
0.00103880 
0.00103980 
0.00104170 
0.00104140 
0.00103320 
0.00103490 
0.00102390 
0.00102580 
0.00103090 
0.00102990 
0.00101010 
0.00101020 
0.00100890 
0.00101500 
0.00102800 
0.00103160 
0.00103070 
0.00102240 
0.00102530 
0.00102990 
0.00103390 
0.00103570 
0.00104100 
0.00104040 
0.00104520 
0.00105090 
0.00104720 
0.00104580 
0.00104770 
0.00104400 
0.00105960 
0.00107030 
0.00105990 
0.00106000 
0.00107090 
0.00107480 
0.00107360 
0.00106470 
0.00106400 
0.00106610 
0.00105930 
0.00106030 
0.00105730 
0.00105790 
0.00106450 
0.00105010 
0.00104790 
0.00104860 
0.00104210 
0.00103400 
0.00104890 
0.00104900 
0.00104440 
0.00105460 
0.00106220 
0.00106760 
0.00107580 
0.00106990 
0.00106400 
0.00104060 
0.00103910 
0.00103960 
0.00103830 
0.00103700 
0.00104040 
0.00104930 
0.00104280 
0.00104310 
0.00102930 
0.00102730 
0.00102590 
0.00103000 
0.00103160 
0.00102870 
0.00101730 
0.00102390 
0.00101190 
0.00102280 
0.00102510 
0.00102200 
0.00101950 
0.00102150 
0.00101630 
0.00103060 
0.00101870 
0.00102170 
0.00100740 
0.00100490 
0.00100860 
0.00099960 
0.00098960 
0.00098720 
0.00098880 
0.00098850 
0.00099680 
0.00099500 
0.00098070 
0.00097720 
0.00097360 
0.00098070 
0.00097750 
0.00098440 
0.00098170 
0.00097660 
0.00097740 
0.00097240 
0.00097050 
0.00097480 
0.00097530 
0.00098570 
0.00097860 
0.00097480 
0.00097610 
0.00096990 
0.00096500 
0.00096790 
0.00096680 
0.00096640 
0.00096260 
0.00096380 
0.00096210 
0.00096210 
0.00096020 
0.00096060 
0.00096120 
0.00096600 
0.00096630 
0.00096520 
0.00096590 
0.00096700 
0.00096430 
0.00096490 
0.00096810 
0.00096980 
0.00096750 
0.00097010 
0.00097700 
0.00098350 
0.00097720 
0.00097860 
0.00097660 
0.00097440 
0.00096600 
0.00096400 
0.00096120 
0.00096870 
0.00096680 
0.00096500 
0.00096120 
0.00096360 
0.00096880 
0.00096730 
0.00096880 
0.00096900 
0.00097470 
0.00097210 
0.00097000 
0.00098030 
0.00098700 
0.00098590 
0.00098520 
0.00098770 
0.00099420 
0.00098840 
0.00098800 
0.00098490 
0.00097380 
0.00099420 
0.00100040 
0.00100520 
0.00099510 
0.00097330 
0.00096900 
0.00097260 
0.00097760 
0.00097230 
0.00096960 
0.00097640 
0.00096200 
0.00095430 
0.00095580 
0.00095500 
0.00094860 
0.00094170 
0.00093510 
0.00093940 
0.00093990 
0.00093960 
0.00093640 
0.00093350 
0.00093950 
0.00094170 
0.00094670 
0.00094730 
0.00095040 
0.00095210 
0.00095300 
0.00095600 
0.00094970 
0.00094190 
0.00093830 
0.00094000 
0.00094110 
0.00094230 
0.00094110 
0.00093410 
0.00093640 
0.00093270 
0.00093390 
0.00093260 
0.00093420 
0.00093490 
0.00094590 
0.00093580 
0.00094290 
0.00094590 
0.00094570 
0.00094550 
0.00094750 
0.00094520 
0.00095130 
0.00094910 
0.00094400 
0.00093060 
0.00093500 
0.00094150 
0.00093910 
0.00092330 
0.00092090 
0.00092130 
0.00092030 
0.00092100 
0.00092640 
0.00092610 
0.00092440 
0.00092930 
0.00093110 
0.00093560 
0.00093310 
0.00093190 
0.00093070 
0.00092580 
0.00092800 
0.00093770 
0.00093680 
0.00093670 
0.00095180 
0.00095860 
0.00096000 
0.00095020 
0.00095180 
0.00094990 
0.00093620 
0.00093830 
0.00092720 
0.00092270 
0.00092190 
0.00092270 
0.00092200 
0.00093030 
0.00093140 
0.00093010 
0.00091770 
0.00092120 
0.00091980 
0.00091970 
0.00092140 
0.00092200 
0.00092020 
0.00091970 
0.00091950 
0.00092190 
0.00092490 
0.00092180 
0.00092230 
0.00092350 
0.00092700 
0.00092560 
0.00092700 
0.00092700 
0.00092900 
0.00092510 
0.00092740 
0.00092880 
0.00093010 
0.00092690 
0.00092970 
0.00092150 
0.00093320 
0.00093400 
0.00093170 
0.00093000 
0.00093300 
0.00093880 
0.00094200 
0.00094450 
0.00094500 
0.00094340 
0.00094980 
0.00094510 
0.00093920 
0.00094250 
0.00094500 
0.00095000 
0.00095390 
0.00095700 
0.00095550 
0.00095810 
0.00095760 
0.00095650 
0.00095480 
0.00095300 
0.00095240 
0.00094970 
0.00094670 
0.00094680 
0.00094900 
0.00095700 
0.00095350 
0.00094850 
0.00095190 
0.00094900 
0.00094940 
0.00094930 
0.00095150 
0.00095280 
0.00095170 
0.00095000 
0.00095150 
0.00094850 
0.00095200 
0.00095370 
0.00095470 
0.00094770 
0.00094820 
0.00094900 
0.00095510 
0.00095370 
0.00095480 
0.00096010 
0.00096170 
0.00096400 
0.00096080 
0.00096340 
0.00096600 
0.00096590 
0.00095790 
0.00096210 
0.00096200 
0.00096290 
0.00096180 
0.00096310 
0.00096340 
0.00096730 
0.00097090 
0.00097240 
0.00096810 
0.00097140 
0.00097150 
0.00097110 
0.00097140 
0.00097210 
0.00097550 
0.00097780 
0.00098010 
0.00097300 
0.00097070 
0.00096810 
0.00097210 
0.00097190 
0.00097250 
0.00097350 
0.00097670 
0.00097570 
0.00097810 
0.00097490 
0.00097630 
0.00097430 
0.00097430 
0.00097940 
0.00097930 
0.00097600 
0.00097340 
0.00097200 
0.00097140 
0.00097370 
0.00097590 
0.00097840 
0.00097410 
0.00097680 
0.00096990 
0.00098030 
0.00098940 
0.00098950 
0.00098990 
0.00099100 
0.00099080 
0.00099220 
0.00099050 
0.00099240 
0.00099490 
0.00098300 
0.00098520 
0.00097900 
0.00098150 
0.00098440 
0.00098100 
0.00098380 
0.00098630 
0.00098870 
0.00098470 
0.00098310 
0.00098420 
0.00098080 
