3611.12000000 
6720.07000000 
8201.98000000 
2534.11000000 
3796.52000000 
10519.12000000 
4106.16000000 
6196.55000000 
4289.75000000 
2084.71000000 
5506.55000000 
11018.43000000 
5051.34000000 
10970.82000000 
12062.22000000 
7591.24000000 
19282.91000000 
11810.75000000 
10967.07000000 
4289.75000000 
3478.21000000 
6263.99000000 
5767.41000000 
9801.49000000 
3462.67000000 
6501.89000000 
26036.61000000 
16525.16000000 
4777.37000000 
5429.93000000 
7995.07000000 
10139.35000000 
7454.01000000 
14347.66000000 
20154.05000000 
16578.52000000 
7923.90000000 
6211.45000000 
4282.27000000 
4806.96000000 
8648.97000000 
3251.67000000 
6524.78000000 
6107.50000000 
6632.29000000 
4266.46000000 
2906.40000000 
2435.36000000 
3378.22000000 
2225.95000000 
4201.00000000 
16676.72000000 
4739.74000000 
3562.09000000 
4887.88000000 
3983.06000000 
2930.27000000 
3681.25000000 
5291.65000000 
6976.59000000 
5453.72000000 
3557.03000000 
2120.39000000 
2201.57000000 
2041.81000000 
4300.42000000 
1817.00000000 
4348.78000000 
2549.99000000 
7216.83000000 
7515.93000000 
10754.19000000 
7123.12000000 
4909.23000000 
5982.70000000 
8009.05000000 
9955.31000000 
2783.55000000 
11804.38000000 
7312.85000000 
5650.68000000 
6331.32000000 
4296.77000000 
5424.02000000 
8476.23000000 
2877.05000000 
11571.33000000 
4602.04000000 
3907.64000000 
3864.79000000 
3268.04000000 
3846.31000000 
2104.81000000 
2521.67000000 
2675.17000000 
7904.91000000 
9426.46000000 
7786.47000000 
10725.63000000 
8395.88000000 
34951.03000000 
21484.14000000 
15165.96000000 
8568.78000000 
7271.77000000 
12594.81000000 
9332.46000000 
13652.00000000 
11675.92000000 
15503.28000000 
27342.52000000 
12865.94000000 
13291.37000000 
7960.24000000 
8631.22000000 
13674.85000000 
15886.58000000 
11462.88000000 
7954.91000000 
14724.42000000 
13714.07000000 
16427.12000000 
18763.00000000 
18316.44000000 
15418.61000000 
17276.88000000 
10199.18000000 
7615.02000000 
4483.85000000 
3281.27000000 
10012.88000000 
15717.06000000 
9049.74000000 
12495.81000000 
12116.35000000 
3746.37000000 
7718.75000000 
5278.53000000 
8807.63000000 
8575.06000000 
8855.14000000 
9143.75000000 
11589.52000000 
13016.59000000 
11036.77000000 
4959.04000000 
6375.88000000 
8215.94000000 
5370.08000000 
11711.80000000 
14693.67000000 
12664.30000000 
17743.90000000 
11970.67000000 
10551.81000000 
15228.12000000 
8036.12000000 
4177.91000000 
2818.69000000 
2121.95000000 
5367.11000000 
7210.84000000 
15385.26000000 
3993.95000000 
7094.42000000 
6662.20000000 
6271.60000000 
13092.78000000 
6529.03000000 
5240.16000000 
4080.23000000 
3417.05000000 
6937.92000000 
3068.32000000 
1757.62000000 
11581.27000000 
6926.52000000 
6606.85000000 
4088.60000000 
3470.07000000 
6558.01000000 
5296.00000000 
3430.66000000 
2996.23000000 
2006.90000000 
1456.50000000 
3802.62000000 
2847.73000000 
1551.77000000 
3411.59000000 
5365.54000000 
3464.55000000 
4512.16000000 
2142.89000000 
1960.60000000 
3338.11000000 
2735.55000000 
3458.92000000 
3822.39000000 
4741.33000000 
1545.06000000 
7375.79000000 
5699.55000000 
2696.69000000 
4030.14000000 
2464.56000000 
4894.01000000 
6614.27000000 
3821.99000000 
1529.20000000 
1100.27000000 
6242.92000000 
5028.65000000 
2583.88000000 
9715.61000000 
6959.40000000 
3531.36000000 
3064.07000000 
5372.73000000 
2892.78000000 
5624.59000000 
6062.50000000 
6709.55000000 
8902.36000000 
6609.68000000 
3815.23000000 
1750.82000000 
15497.06000000 
9150.30000000 
8888.54000000 
6215.82000000 
5603.59000000 
12881.16000000 
14466.76000000 
11089.32000000 
13007.67000000 
13366.72000000 
10599.82000000 
4760.30000000 
7516.63000000 
10502.88000000 
12588.36000000 
3619.73000000 
6826.70000000 
11729.09000000 
8457.78000000 
5383.97000000 
7649.28000000 
5937.05000000 
6586.89000000 
2271.97000000 
4766.22000000 
2645.99000000 
2996.10000000 
3786.57000000 
2557.78000000 
3971.60000000 
6540.69000000 
2974.22000000 
1438.55000000 
3878.71000000 
1913.95000000 
1549.84000000 
1824.90000000 
3064.06000000 
12195.37000000 
711.10000000 
1552.96000000 
1617.67000000 
3807.15000000 
5370.27000000 
10915.00000000 
3948.08000000 
3693.05000000 
3615.69000000 
2082.11000000 
2505.00000000 
4697.58000000 
6344.53000000 
2141.88000000 
7110.62000000 
9468.02000000 
2050.80000000 
1866.52000000 
2961.46000000 
5184.22000000 
5763.57000000 
9772.87000000 
6264.57000000 
4007.79000000 
3441.09000000 
5440.16000000 
5415.21000000 
10957.39000000 
4585.64000000 
2090.84000000 
2534.66000000 
5193.25000000 
2219.55000000 
2876.37000000 
2335.36000000 
2760.18000000 
3225.96000000 
3068.82000000 
3903.46000000 
5721.78000000 
4964.32000000 
1846.40000000 
2057.34000000 
6171.92000000 
4379.05000000 
4781.38000000 
12183.39000000 
4674.23000000 
5698.46000000 
9181.21000000 
5876.68000000 
5970.85000000 
10724.70000000 
21066.58000000 
4054.46000000 
4282.33000000 
5153.39000000 
4573.52000000 
4557.86000000 
4318.98000000 
10124.65000000 
14714.71000000 
13986.91000000 
9345.74000000 
2881.85000000 
5431.86000000 
3350.33000000 
3196.24000000 
2893.82000000 
3964.81000000 
2829.34000000 
1843.42000000 
3110.15000000 
1219.14000000 
10249.00000000 
3127.72000000 
6175.16000000 
2417.84000000 
4843.39000000 
2740.96000000 
4461.12000000 
9412.13000000 
1724.01000000 
1956.06000000 
3399.80000000 
6387.09000000 
4850.52000000 
8932.33000000 
7802.79000000 
4133.80000000 
4831.80000000 
2463.50000000 
4845.22000000 
18655.61000000 
4464.64000000 
3944.35000000 
2120.23000000 
5354.90000000 
10184.64000000 
6266.33000000 
5345.12000000 
13763.99000000 
3367.93000000 
8786.29000000 
4493.53000000 
5572.71000000 
4517.33000000 
1413.34000000 
2035.48000000 
4982.58000000 
3209.70000000 
4464.72000000 
4865.43000000 
4554.87000000 
5209.75000000 
1572.74000000 
3478.93000000 
6663.63000000 
6012.64000000 
7476.51000000 
6774.49000000 
4259.00000000 
6240.44000000 
7406.32000000 
3052.77000000 
7617.83000000 
5472.95000000 
7436.51000000 
7011.63000000 
3353.42000000 
2941.74000000 
5456.32000000 
19842.85000000 
7392.91000000 
6915.62000000 
5407.15000000 
5817.79000000 
5070.51000000 
3099.15000000 
7731.35000000 
5197.94000000 
3466.87000000 
2497.11000000 
5367.90000000 
3091.26000000 
1783.91000000 
5297.75000000 
2968.25000000 
2558.96000000 
1961.47000000 
1570.62000000 
4807.60000000 
2041.93000000 
8578.16000000 
3786.40000000 
2899.05000000 
3488.59000000 
4829.91000000 
7450.74000000 
2318.27000000 
3053.92000000 
2925.79000000 
6027.04000000 
4905.90000000 
2683.98000000 
7851.58000000 
4631.95000000 
1797.49000000 
3489.89000000 
6461.67000000 
2540.17000000 
1784.34000000 
2105.04000000 
3649.68000000 
4688.33000000 
4657.65000000 
1654.26000000 
4521.83000000 
5265.87000000 
6130.71000000 
3882.22000000 
7862.47000000 
4236.07000000 
2616.94000000 
2042.38000000 
4317.99000000 
3603.74000000 
2292.98000000 
4767.84000000 
3322.62000000 
6395.19000000 
14987.16000000 
7049.15000000 
4152.43000000 
3387.43000000 
3186.45000000 
3650.09000000 
2553.54000000 
2377.26000000 
5428.21000000 
2677.95000000 
9463.28000000 
2331.42000000 
1969.74000000 
3222.72000000 
3624.58000000 
3240.30000000 
2736.78000000 
11573.49000000 
2845.66000000 
3045.41000000 
2257.02000000 
3046.80000000 
2977.95000000 
3673.04000000 
6720.07000000 
8201.98000000 
2534.11000000 
3796.52000000 
10519.12000000 
4106.16000000 
6196.55000000 
4289.75000000 
2084.71000000 
5506.55000000 
11018.43000000 
5051.34000000 
10970.82000000 
12062.22000000 
7591.24000000 
19282.91000000 
11810.75000000 
10967.07000000 
4289.75000000 
3478.21000000 
6263.99000000 
5767.41000000 
9801.49000000 
3462.67000000 
6501.89000000 
26036.61000000 
16525.16000000 
4777.37000000 
5429.93000000 
7995.07000000 
10139.35000000 
7454.01000000 
14347.66000000 
20154.05000000 
16578.52000000 
7923.90000000 
6211.45000000 
4282.27000000 
4806.96000000 
8648.97000000 
3251.67000000 
6524.78000000 
6107.50000000 
6632.29000000 
4266.46000000 
2906.40000000 
2435.36000000 
3378.22000000 
2225.95000000 
4201.00000000 
16676.72000000 
4739.74000000 
3562.09000000 
4887.88000000 
3983.06000000 
2930.27000000 
3681.25000000 
5291.65000000 
6976.59000000 
5453.72000000 
3557.03000000 
2120.39000000 
2201.57000000 
2041.81000000 
4300.42000000 
1817.00000000 
4348.78000000 
2549.99000000 
7216.83000000 
7515.93000000 
10754.19000000 
7123.12000000 
4909.23000000 
5982.70000000 
8009.05000000 
9955.31000000 
2783.55000000 
11804.38000000 
7312.85000000 
5650.68000000 
6331.32000000 
4296.77000000 
5424.02000000 
8476.23000000 
2877.05000000 
11571.33000000 
4602.04000000 
3907.64000000 
3864.79000000 
3268.04000000 
3846.31000000 
2104.81000000 
2521.67000000 
2675.17000000 
7904.91000000 
9426.46000000 
7786.47000000 
10725.63000000 
8395.88000000 
34951.03000000 
21484.14000000 
15165.96000000 
8568.78000000 
7271.77000000 
12594.81000000 
9332.46000000 
13652.00000000 
11675.92000000 
15503.28000000 
27342.52000000 
12865.94000000 
13291.37000000 
7960.24000000 
8631.22000000 
13674.85000000 
15886.58000000 
11462.88000000 
7954.91000000 
14724.42000000 
13714.07000000 
16427.12000000 
18763.00000000 
18316.44000000 
15418.61000000 
17276.88000000 
10199.18000000 
7615.02000000 
4483.85000000 
3281.27000000 
10012.88000000 
15717.06000000 
9049.74000000 
12495.81000000 
12116.35000000 
3746.37000000 
7718.75000000 
5278.53000000 
8807.63000000 
8575.06000000 
8855.14000000 
9143.75000000 
11589.52000000 
13016.59000000 
11036.77000000 
4959.04000000 
6375.88000000 
8215.94000000 
5370.08000000 
11711.80000000 
14693.67000000 
12664.30000000 
17743.90000000 
11970.67000000 
10551.81000000 
15228.12000000 
8036.12000000 
4177.91000000 
2818.69000000 
2121.95000000 
5367.11000000 
7210.84000000 
15385.26000000 
3993.95000000 
7094.42000000 
6662.20000000 
6271.60000000 
13092.78000000 
6529.03000000 
5240.16000000 
4080.23000000 
3417.05000000 
6937.92000000 
3068.32000000 
1757.62000000 
11581.27000000 
6926.52000000 
6606.85000000 
4088.60000000 
3470.07000000 
6558.01000000 
5296.00000000 
3430.66000000 
2996.23000000 
2006.90000000 
1456.50000000 
3802.62000000 
2847.73000000 
1551.77000000 
3411.59000000 
5365.54000000 
3464.55000000 
4512.16000000 
2142.89000000 
1960.60000000 
3338.11000000 
2735.55000000 
3458.92000000 
3822.39000000 
4741.33000000 
1545.06000000 
7375.79000000 
5699.55000000 
2696.69000000 
4030.14000000 
2464.56000000 
4894.01000000 
6614.27000000 
3821.99000000 
1529.20000000 
1100.27000000 
6242.92000000 
5028.65000000 
2583.88000000 
9715.61000000 
6959.40000000 
3531.36000000 
3064.07000000 
5372.73000000 
2892.78000000 
5624.59000000 
6062.50000000 
6709.55000000 
8902.36000000 
6609.68000000 
3815.23000000 
1750.82000000 
15497.06000000 
9150.30000000 
8888.54000000 
6215.82000000 
5603.59000000 
12881.16000000 
14466.76000000 
11089.32000000 
13007.67000000 
13366.72000000 
10599.82000000 
4760.30000000 
7516.63000000 
10502.88000000 
12588.36000000 
3619.73000000 
6826.70000000 
11729.09000000 
8457.78000000 
5383.97000000 
7649.28000000 
5937.05000000 
6586.89000000 
2271.97000000 
4766.22000000 
2645.99000000 
2996.10000000 
3786.57000000 
2557.78000000 
3971.60000000 
6540.69000000 
2974.22000000 
1438.55000000 
3878.71000000 
1913.95000000 
1549.84000000 
1824.90000000 
3064.06000000 
12195.37000000 
711.10000000 
1552.96000000 
1617.67000000 
3807.15000000 
5370.27000000 
10915.00000000 
3948.08000000 
3693.05000000 
3615.69000000 
2082.11000000 
2505.00000000 
4697.58000000 
6344.53000000 
2141.88000000 
7110.62000000 
9468.02000000 
2050.80000000 
1866.52000000 
2961.46000000 
5184.22000000 
5763.57000000 
9772.87000000 
6264.57000000 
4007.79000000 
3441.09000000 
5440.16000000 
5415.21000000 
10957.39000000 
4585.64000000 
2090.84000000 
2534.66000000 
5193.25000000 
2219.55000000 
2876.37000000 
2335.36000000 
2760.18000000 
3225.96000000 
3068.82000000 
3903.46000000 
5721.78000000 
4964.32000000 
1846.40000000 
2057.34000000 
6171.92000000 
4379.05000000 
4781.38000000 
12183.39000000 
4674.23000000 
5698.46000000 
9181.21000000 
5876.68000000 
5970.85000000 
10724.70000000 
21066.58000000 
4054.46000000 
4282.33000000 
5153.39000000 
4573.52000000 
4557.86000000 
4318.98000000 
10124.65000000 
14714.71000000 
13986.91000000 
9345.74000000 
2881.85000000 
5431.86000000 
3350.33000000 
3196.24000000 
2893.82000000 
3964.81000000 
2829.34000000 
1843.42000000 
3110.15000000 
1219.14000000 
10249.00000000 
3127.72000000 
6175.16000000 
2417.84000000 
4843.39000000 
2740.96000000 
4461.12000000 
9412.13000000 
1724.01000000 
1956.06000000 
3399.80000000 
6387.09000000 
4850.52000000 
8932.33000000 
7802.79000000 
4133.80000000 
4831.80000000 
2463.50000000 
4845.22000000 
18655.61000000 
4464.64000000 
3944.35000000 
2120.23000000 
5354.90000000 
10184.64000000 
6266.33000000 
5345.12000000 
13763.99000000 
3367.93000000 
8786.29000000 
4493.53000000 
5572.71000000 
4517.33000000 
1413.34000000 
2035.48000000 
4982.58000000 
3209.70000000 
4464.72000000 
4865.43000000 
4554.87000000 
5209.75000000 
1572.74000000 
3478.93000000 
6663.63000000 
6012.64000000 
7476.51000000 
6774.49000000 
4259.00000000 
6240.44000000 
7406.32000000 
3052.77000000 
7617.83000000 
5472.95000000 
7436.51000000 
7011.63000000 
3353.42000000 
2941.74000000 
5456.32000000 
19842.85000000 
7392.91000000 
6915.62000000 
5407.15000000 
5817.79000000 
5070.51000000 
3099.15000000 
7731.35000000 
5197.94000000 
3466.87000000 
2497.11000000 
5367.90000000 
3091.26000000 
1783.91000000 
5297.75000000 
2968.25000000 
2558.96000000 
1961.47000000 
1570.62000000 
4807.60000000 
2041.93000000 
8578.16000000 
3786.40000000 
2899.05000000 
3488.59000000 
4829.91000000 
7450.74000000 
2318.27000000 
3053.92000000 
2925.79000000 
6027.04000000 
4905.90000000 
2683.98000000 
7851.58000000 
4631.95000000 
1797.49000000 
3489.89000000 
6461.67000000 
2540.17000000 
1784.34000000 
2105.04000000 
3649.68000000 
4688.33000000 
4657.65000000 
1654.26000000 
4521.83000000 
5265.87000000 
6130.71000000 
3882.22000000 
7862.47000000 
4236.07000000 
2616.94000000 
2042.38000000 
4317.99000000 
3603.74000000 
2292.98000000 
4767.84000000 
3322.62000000 
6395.19000000 
14987.16000000 
7049.15000000 
4152.43000000 
3387.43000000 
3186.45000000 
3650.09000000 
2553.54000000 
2377.26000000 
5428.21000000 
2677.95000000 
9463.28000000 
2331.42000000 
1969.74000000 
3222.72000000 
3624.58000000 
3240.30000000 
2736.78000000 
11573.49000000 
2845.66000000 
3045.41000000 
2257.02000000 
3046.80000000 
2977.95000000 
3785.08000000 
6720.07000000 
8201.98000000 
2534.11000000 
3796.52000000 
10519.12000000 
4106.16000000 
6196.55000000 
4289.75000000 
2084.71000000 
5506.55000000 
11018.43000000 
5051.34000000 
10970.82000000 
12062.22000000 
7591.24000000 
19282.91000000 
11810.75000000 
10967.07000000 
4289.75000000 
3478.21000000 
6263.99000000 
5767.41000000 
9801.49000000 
3462.67000000 
6501.89000000 
26036.61000000 
16525.16000000 
4777.37000000 
5429.93000000 
7995.07000000 
10139.35000000 
7454.01000000 
14347.66000000 
20154.05000000 
16578.52000000 
7923.90000000 
6211.45000000 
4282.27000000 
4806.96000000 
8648.97000000 
3251.67000000 
6524.78000000 
6107.50000000 
6632.29000000 
4266.46000000 
2906.40000000 
2435.36000000 
3378.22000000 
2225.95000000 
4201.00000000 
16676.72000000 
4739.74000000 
3562.09000000 
4887.88000000 
3983.06000000 
2930.27000000 
3681.25000000 
5291.65000000 
6976.59000000 
5453.72000000 
3557.03000000 
2120.39000000 
2201.57000000 
2041.81000000 
4300.42000000 
1817.00000000 
4348.78000000 
2549.99000000 
7216.83000000 
7515.93000000 
10754.19000000 
7123.12000000 
4909.23000000 
5982.70000000 
8009.05000000 
9955.31000000 
2783.55000000 
11804.38000000 
7312.85000000 
5650.68000000 
6331.32000000 
4296.77000000 
5424.02000000 
8476.23000000 
2877.05000000 
11571.33000000 
4602.04000000 
3907.64000000 
3864.79000000 
3268.04000000 
3846.31000000 
2104.81000000 
2521.67000000 
2675.17000000 
7904.91000000 
9426.46000000 
7786.47000000 
10725.63000000 
8395.88000000 
34951.03000000 
21484.14000000 
15165.96000000 
8568.78000000 
7271.77000000 
12594.81000000 
9332.46000000 
13652.00000000 
11675.92000000 
15503.28000000 
27342.52000000 
12865.94000000 
13291.37000000 
7960.24000000 
8631.22000000 
13674.85000000 
15886.58000000 
11462.88000000 
7954.91000000 
14724.42000000 
13714.07000000 
16427.12000000 
18763.00000000 
18316.44000000 
15418.61000000 
17276.88000000 
10199.18000000 
7615.02000000 
4483.85000000 
3281.27000000 
10012.88000000 
15717.06000000 
9049.74000000 
12495.81000000 
12116.35000000 
3746.37000000 
7718.75000000 
5278.53000000 
8807.63000000 
8575.06000000 
8855.14000000 
9143.75000000 
11589.52000000 
13016.59000000 
11036.77000000 
4959.04000000 
6375.88000000 
8215.94000000 
5370.08000000 
11711.80000000 
14693.67000000 
12664.30000000 
17743.90000000 
11970.67000000 
10551.81000000 
15228.12000000 
8036.12000000 
4177.91000000 
2818.69000000 
2121.95000000 
5367.11000000 
7210.84000000 
15385.26000000 
3993.95000000 
7094.42000000 
6662.20000000 
6271.60000000 
13092.78000000 
6529.03000000 
5240.16000000 
4080.23000000 
3417.05000000 
6937.92000000 
3068.32000000 
1757.62000000 
11581.27000000 
6926.52000000 
6606.85000000 
4088.60000000 
3470.07000000 
6558.01000000 
5296.00000000 
3430.66000000 
2996.23000000 
2006.90000000 
1456.50000000 
3802.62000000 
2847.73000000 
1551.77000000 
3411.59000000 
5365.54000000 
3464.55000000 
4512.16000000 
2142.89000000 
1960.60000000 
3338.11000000 
2735.55000000 
3458.92000000 
3822.39000000 
4741.33000000 
1545.06000000 
7375.79000000 
5699.55000000 
2696.69000000 
4030.14000000 
2464.56000000 
4894.01000000 
6614.27000000 
3821.99000000 
1529.20000000 
1100.27000000 
6242.92000000 
5028.65000000 
2583.88000000 
9715.61000000 
6959.40000000 
3531.36000000 
3064.07000000 
5372.73000000 
2892.78000000 
5624.59000000 
6062.50000000 
6709.55000000 
8902.36000000 
6609.68000000 
3815.23000000 
1750.82000000 
15497.06000000 
9150.30000000 
8888.54000000 
6215.82000000 
5603.59000000 
12881.16000000 
14466.76000000 
11089.32000000 
13007.67000000 
13366.72000000 
10599.82000000 
4760.30000000 
7516.63000000 
10502.88000000 
12588.36000000 
3619.73000000 
6826.70000000 
11729.09000000 
8457.78000000 
5383.97000000 
7649.28000000 
5937.05000000 
6586.89000000 
2271.97000000 
4766.22000000 
2645.99000000 
2996.10000000 
3786.57000000 
2557.78000000 
3971.60000000 
6540.69000000 
2974.22000000 
1438.55000000 
3878.71000000 
1913.95000000 
1549.84000000 
1824.90000000 
3064.06000000 
12195.37000000 
711.10000000 
1552.96000000 
1617.67000000 
3807.15000000 
5370.27000000 
10915.00000000 
3948.08000000 
3693.05000000 
3615.69000000 
2082.11000000 
2505.00000000 
4697.58000000 
6344.53000000 
2141.88000000 
7110.62000000 
9468.02000000 
2050.80000000 
1866.52000000 
2961.46000000 
5184.22000000 
5763.57000000 
9772.87000000 
6264.57000000 
4007.79000000 
3441.09000000 
5440.16000000 
5415.21000000 
10957.39000000 
4585.64000000 
2090.84000000 
2534.66000000 
5193.25000000 
2219.55000000 
2876.37000000 
2335.36000000 
2760.18000000 
3225.96000000 
3068.82000000 
3903.46000000 
5721.78000000 
4964.32000000 
1846.40000000 
2057.34000000 
6171.92000000 
4379.05000000 
4781.38000000 
12183.39000000 
4674.23000000 
5698.46000000 
9181.21000000 
5876.68000000 
5970.85000000 
10724.70000000 
21066.58000000 
4054.46000000 
4282.33000000 
5153.39000000 
4573.52000000 
4557.86000000 
4318.98000000 
10124.65000000 
14714.71000000 
13986.91000000 
9345.74000000 
2881.85000000 
5431.86000000 
3350.33000000 
3196.24000000 
2893.82000000 
3964.81000000 
2829.34000000 
1843.42000000 
3110.15000000 
1219.14000000 
10249.00000000 
3127.72000000 
6175.16000000 
2417.84000000 
4843.39000000 
2740.96000000 
4461.12000000 
9412.13000000 
1724.01000000 
1956.06000000 
3399.80000000 
6387.09000000 
4850.52000000 
8932.33000000 
7802.79000000 
4133.80000000 
4831.80000000 
2463.50000000 
4845.22000000 
18655.61000000 
4464.64000000 
3944.35000000 
2120.23000000 
5354.90000000 
10184.64000000 
6266.33000000 
5345.12000000 
13763.99000000 
3367.93000000 
8786.29000000 
4493.53000000 
5572.71000000 
4517.33000000 
1413.34000000 
2035.48000000 
4982.58000000 
3209.70000000 
4464.72000000 
4865.43000000 
4554.87000000 
5209.75000000 
1572.74000000 
3478.93000000 
6663.63000000 
6012.64000000 
7476.51000000 
6774.49000000 
4259.00000000 
6240.44000000 
7406.32000000 
3052.77000000 
7617.83000000 
5472.95000000 
7436.51000000 
7011.63000000 
3353.42000000 
2941.74000000 
5456.32000000 
19842.85000000 
7392.91000000 
6915.62000000 
5407.15000000 
5817.79000000 
5070.51000000 
3099.15000000 
7731.35000000 
5197.94000000 
3466.87000000 
2497.11000000 
5367.90000000 
3091.26000000 
1783.91000000 
5297.75000000 
2968.25000000 
2558.96000000 
1961.47000000 
1570.62000000 
4807.60000000 
2041.93000000 
8578.16000000 
3786.40000000 
2899.05000000 
3488.59000000 
4829.91000000 
7450.74000000 
2318.27000000 
3053.92000000 
2925.79000000 
6027.04000000 
4905.90000000 
2683.98000000 
7851.58000000 
4631.95000000 
1797.49000000 
3489.89000000 
6461.67000000 
2540.17000000 
1784.34000000 
2105.04000000 
3649.68000000 
4688.33000000 
4657.65000000 
1654.26000000 
4521.83000000 
5265.87000000 
6130.71000000 
3882.22000000 
7862.47000000 
4236.07000000 
2616.94000000 
2042.38000000 
4317.99000000 
3603.74000000 
2292.98000000 
4767.84000000 
3322.62000000 
6395.19000000 
14987.16000000 
7049.15000000 
4152.43000000 
3387.43000000 
3186.45000000 
3650.09000000 
2553.54000000 
2377.26000000 
5428.21000000 
2677.95000000 
9463.28000000 
2331.42000000 
1969.74000000 
3222.72000000 
3624.58000000 
3240.30000000 
2736.78000000 
11573.49000000 
2845.66000000 
3045.41000000 
2257.02000000 
3046.80000000 
2977.95000000 
