0.00109030 
0.00108480 
0.00108480 
0.00108920 
0.00108700 
0.00108680 
0.00109110 
0.00109050 
0.00109210 
0.00109150 
0.00109460 
0.00109360 
0.00109400 
0.00109450 
0.00108990 
0.00107690 
0.00108160 
0.00108050 
0.00107500 
0.00108740 
0.00109010 
0.00109460 
0.00109070 
0.00108640 
0.00108450 
0.00108430 
0.00109290 
0.00109100 
0.00108930 
0.00108120 
0.00107600 
0.00106760 
0.00107570 
0.00106190 
0.00106980 
0.00108480 
0.00107550 
0.00107100 
0.00106820 
0.00106880 
0.00106910 
0.00106350 
0.00106250 
0.00105910 
0.00106120 
0.00106570 
0.00106450 
0.00106340 
0.00106800 
0.00106360 
0.00105420 
0.00106890 
0.00105800 
0.00104840 
0.00104780 
0.00104570 
0.00104500 
0.00104130 
0.00104520 
0.00104850 
0.00104550 
0.00103600 
0.00102990 
0.00102970 
0.00103140 
0.00103070 
0.00104000 
0.00103930 
0.00104000 
0.00104220 
0.00104150 
0.00103030 
0.00103680 
0.00102390 
0.00102580 
0.00103090 
0.00102990 
0.00101090 
0.00101240 
0.00100900 
0.00101500 
0.00102800 
0.00103160 
0.00103120 
0.00102240 
0.00102540 
0.00103010 
0.00103390 
0.00103580 
0.00104250 
0.00104220 
0.00104810 
0.00105320 
0.00104720 
0.00104580 
0.00104780 
0.00104120 
0.00105960 
0.00107000 
0.00105990 
0.00106000 
0.00107130 
0.00107480 
0.00107360 
0.00106480 
0.00106530 
0.00106660 
0.00105950 
0.00106030 
0.00105750 
0.00105780 
0.00106450 
0.00105000 
0.00104660 
0.00104890 
0.00104110 
0.00103380 
0.00104890 
0.00104930 
0.00105200 
0.00105920 
0.00106220 
0.00107000 
0.00107580 
0.00107000 
0.00106110 
0.00104060 
0.00103760 
0.00103960 
0.00103780 
0.00103430 
0.00104040 
0.00104900 
0.00104460 
0.00103510 
0.00102940 
0.00103000 
0.00102590 
0.00103010 
0.00103140 
0.00102940 
0.00101730 
0.00102400 
0.00101180 
0.00102280 
0.00102670 
0.00102200 
0.00101950 
0.00102080 
0.00101770 
0.00103060 
0.00101860 
0.00102170 
0.00100740 
0.00100490 
0.00100840 
0.00099960 
0.00098960 
0.00098700 
0.00099040 
0.00099000 
0.00099680 
0.00099500 
0.00098070 
0.00097720 
0.00097360 
0.00098070 
0.00097510 
0.00098440 
0.00098200 
0.00097700 
0.00097920 
0.00097280 
0.00097250 
0.00097650 
0.00097670 
0.00098590 
0.00098170 
0.00097660 
0.00097610 
0.00096990 
0.00096660 
0.00096790 
0.00096600 
0.00096640 
0.00096260 
0.00096380 
0.00096210 
0.00096300 
0.00096140 
0.00096060 
0.00096120 
0.00096640 
0.00096630 
0.00096530 
0.00096600 
0.00096700 
0.00096430 
0.00096490 
0.00096810 
0.00096980 
0.00096910 
0.00097000 
0.00097850 
0.00098350 
0.00097690 
0.00097860 
0.00097670 
0.00097300 
0.00096690 
0.00096400 
0.00096120 
0.00096870 
0.00096680 
0.00096420 
0.00096370 
0.00096360 
0.00096880 
0.00096740 
0.00096630 
0.00097070 
0.00097280 
0.00097210 
0.00097010 
0.00098140 
0.00098710 
0.00098590 
0.00098530 
0.00098770 
0.00099420 
0.00098850 
0.00098800 
0.00098680 
0.00097360 
0.00099430 
0.00100040 
0.00100880 
0.00099500 
0.00097470 
0.00096820 
0.00097260 
0.00097760 
0.00097080 
0.00096950 
0.00097640 
0.00096200 
0.00095450 
0.00095430 
0.00095500 
0.00094860 
0.00094460 
0.00093510 
0.00093970 
0.00094000 
0.00094010 
0.00093640 
0.00093600 
0.00093950 
0.00094240 
0.00094680 
0.00094730 
0.00095270 
0.00095210 
0.00095390 
0.00095600 
0.00095300 
0.00094000 
0.00093830 
0.00093920 
0.00093820 
0.00094280 
0.00094130 
0.00093280 
0.00093640 
0.00093390 
0.00093220 
0.00093300 
0.00093620 
0.00093510 
0.00094720 
0.00093580 
0.00094240 
0.00094590 
0.00094570 
0.00094560 
0.00094760 
0.00094510 
0.00095140 
0.00094970 
0.00094400 
0.00093030 
0.00093510 
0.00094150 
0.00093910 
0.00092330 
0.00092090 
0.00092130 
0.00092030 
0.00092110 
0.00092670 
0.00092640 
0.00092450 
0.00093000 
0.00093130 
0.00093560 
0.00093390 
0.00093150 
0.00093070 
0.00092710 
0.00092830 
0.00093790 
0.00093680 
0.00093690 
0.00095180 
0.00095580 
0.00096010 
0.00094950 
0.00095180 
0.00094990 
0.00093620 
0.00093830 
0.00092840 
0.00092190 
0.00092190 
0.00092240 
0.00092200 
0.00093490 
0.00093120 
0.00092750 
0.00091770 
0.00092140 
0.00091980 
0.00091970 
0.00092180 
0.00092220 
0.00092030 
0.00091970 
0.00091940 
0.00092190 
0.00092490 
0.00092180 
0.00092040 
0.00092350 
0.00092700 
0.00092780 
0.00092700 
0.00092700 
0.00092900 
0.00092610 
0.00092550 
0.00092880 
0.00093010 
0.00092780 
0.00092970 
0.00092240 
0.00093340 
0.00093400 
0.00093170 
0.00093200 
0.00093360 
0.00093890 
0.00094200 
0.00094450 
0.00094520 
0.00094350 
0.00094980 
0.00094520 
0.00093920 
0.00094380 
0.00094500 
0.00095000 
0.00095670 
0.00095700 
0.00095770 
0.00095810 
0.00095750 
0.00095680 
0.00095480 
0.00095540 
0.00095240 
0.00094970 
0.00094680 
0.00094680 
0.00095090 
0.00095040 
0.00095200 
0.00095230 
0.00094890 
0.00094890 
0.00094950 
0.00094940 
0.00095410 
0.00094790 
0.00095170 
0.00095000 
0.00094830 
0.00095080 
0.00095200 
0.00095370 
0.00095480 
0.00094360 
0.00094830 
0.00095130 
0.00095510 
0.00095370 
0.00095470 
0.00096010 
0.00096170 
0.00096400 
0.00095810 
0.00096340 
0.00096530 
0.00096600 
0.00095840 
0.00096230 
0.00096200 
0.00096290 
0.00096180 
0.00096310 
0.00096340 
0.00096740 
0.00097100 
0.00096870 
0.00097140 
0.00097150 
0.00096960 
0.00097110 
0.00097150 
0.00097490 
0.00097550 
0.00097770 
0.00098010 
0.00097300 
0.00097100 
0.00096820 
0.00097300 
0.00097190 
0.00097260 
0.00097400 
0.00097350 
0.00097850 
0.00097800 
0.00097540 
0.00097640 
0.00097420 
0.00097640 
0.00097940 
0.00098140 
0.00097600 
0.00097580 
0.00097400 
0.00097150 
0.00097370 
0.00097600 
0.00097850 
0.00097660 
0.00097100 
0.00096720 
0.00098030 
0.00098940 
0.00098920 
0.00098950 
0.00099100 
0.00099090 
0.00099270 
0.00099010 
0.00099220 
0.00099490 
0.00098460 
0.00098550 
0.00098030 
0.00098250 
0.00098440 
0.00098100 
0.00098400 
0.00098830 
0.00098890 
0.00098470 
0.00098310 
0.00098490 
0.00108910 
0.00108480 
0.00108480 
0.00108920 
0.00108700 
0.00108680 
0.00109110 
0.00109050 
0.00109210 
0.00109150 
0.00109460 
0.00109360 
0.00109400 
0.00109450 
0.00108990 
0.00107690 
0.00108160 
0.00108050 
0.00107500 
0.00108740 
0.00109010 
0.00109460 
0.00109070 
0.00108640 
0.00108450 
0.00108430 
0.00109290 
0.00109100 
0.00108930 
0.00108120 
0.00107600 
0.00106760 
0.00107570 
0.00106190 
0.00106980 
0.00108480 
0.00107550 
0.00107100 
0.00106820 
0.00106880 
0.00106910 
0.00106350 
0.00106250 
0.00105910 
0.00106120 
0.00106570 
0.00106450 
0.00106340 
0.00106800 
0.00106360 
0.00105420 
0.00106890 
0.00105800 
0.00104840 
0.00104780 
0.00104570 
0.00104500 
0.00104130 
0.00104520 
0.00104850 
0.00104550 
0.00103600 
0.00102990 
0.00102970 
0.00103140 
0.00103070 
0.00104000 
0.00103930 
0.00104000 
0.00104220 
0.00104150 
0.00103030 
0.00103680 
0.00102390 
0.00102580 
0.00103090 
0.00102990 
0.00101090 
0.00101240 
0.00100900 
0.00101500 
0.00102800 
0.00103160 
0.00103120 
0.00102240 
0.00102540 
0.00103010 
0.00103390 
0.00103580 
0.00104250 
0.00104220 
0.00104810 
0.00105320 
0.00104720 
0.00104580 
0.00104780 
0.00104120 
0.00105960 
0.00107000 
0.00105990 
0.00106000 
0.00107130 
0.00107480 
0.00107360 
0.00106480 
0.00106530 
0.00106660 
0.00105950 
0.00106030 
0.00105750 
0.00105780 
0.00106450 
0.00105000 
0.00104660 
0.00104890 
0.00104110 
0.00103380 
0.00104890 
0.00104930 
0.00105200 
0.00105920 
0.00106220 
0.00107000 
0.00107580 
0.00107000 
0.00106110 
0.00104060 
0.00103760 
0.00103960 
0.00103780 
0.00103430 
0.00104040 
0.00104900 
0.00104460 
0.00103510 
0.00102940 
0.00103000 
0.00102590 
0.00103010 
0.00103140 
0.00102940 
0.00101730 
0.00102400 
0.00101180 
0.00102280 
0.00102670 
0.00102200 
0.00101950 
0.00102080 
0.00101770 
0.00103060 
0.00101860 
0.00102170 
0.00100740 
0.00100490 
0.00100840 
0.00099960 
0.00098960 
0.00098700 
0.00099040 
0.00099000 
0.00099680 
0.00099500 
0.00098070 
0.00097720 
0.00097360 
0.00098070 
0.00097510 
0.00098440 
0.00098200 
0.00097700 
0.00097920 
0.00097280 
0.00097250 
0.00097650 
0.00097670 
0.00098590 
0.00098170 
0.00097660 
0.00097610 
0.00096990 
0.00096660 
0.00096790 
0.00096600 
0.00096640 
0.00096260 
0.00096380 
0.00096210 
0.00096300 
0.00096140 
0.00096060 
0.00096120 
0.00096640 
0.00096630 
0.00096530 
0.00096600 
0.00096700 
0.00096430 
0.00096490 
0.00096810 
0.00096980 
0.00096910 
0.00097000 
0.00097850 
0.00098350 
0.00097690 
0.00097860 
0.00097670 
0.00097300 
0.00096690 
0.00096400 
0.00096120 
0.00096870 
0.00096680 
0.00096420 
0.00096370 
0.00096360 
0.00096880 
0.00096740 
0.00096630 
0.00097070 
0.00097280 
0.00097210 
0.00097010 
0.00098140 
0.00098710 
0.00098590 
0.00098530 
0.00098770 
0.00099420 
0.00098850 
0.00098800 
0.00098680 
0.00097360 
0.00099430 
0.00100040 
0.00100880 
0.00099500 
0.00097470 
0.00096820 
0.00097260 
0.00097760 
0.00097080 
0.00096950 
0.00097640 
0.00096200 
0.00095450 
0.00095430 
0.00095500 
0.00094860 
0.00094460 
0.00093510 
0.00093970 
0.00094000 
0.00094010 
0.00093640 
0.00093600 
0.00093950 
0.00094240 
0.00094680 
0.00094730 
0.00095270 
0.00095210 
0.00095390 
0.00095600 
0.00095300 
0.00094000 
0.00093830 
0.00093920 
0.00093820 
0.00094280 
0.00094130 
0.00093280 
0.00093640 
0.00093390 
0.00093220 
0.00093300 
0.00093620 
0.00093510 
0.00094720 
0.00093580 
0.00094240 
0.00094590 
0.00094570 
0.00094560 
0.00094760 
0.00094510 
0.00095140 
0.00094970 
0.00094400 
0.00093030 
0.00093510 
0.00094150 
0.00093910 
0.00092330 
0.00092090 
0.00092130 
0.00092030 
0.00092110 
0.00092670 
0.00092640 
0.00092450 
0.00093000 
0.00093130 
0.00093560 
0.00093390 
0.00093150 
0.00093070 
0.00092710 
0.00092830 
0.00093790 
0.00093680 
0.00093690 
0.00095180 
0.00095580 
0.00096010 
0.00094950 
0.00095180 
0.00094990 
0.00093620 
0.00093830 
0.00092840 
0.00092190 
0.00092190 
0.00092240 
0.00092200 
0.00093490 
0.00093120 
0.00092750 
0.00091770 
0.00092140 
0.00091980 
0.00091970 
0.00092180 
0.00092220 
0.00092030 
0.00091970 
0.00091940 
0.00092190 
0.00092490 
0.00092180 
0.00092040 
0.00092350 
0.00092700 
0.00092780 
0.00092700 
0.00092700 
0.00092900 
0.00092610 
0.00092550 
0.00092880 
0.00093010 
0.00092780 
0.00092970 
0.00092240 
0.00093340 
0.00093400 
0.00093170 
0.00093200 
0.00093360 
0.00093890 
0.00094200 
0.00094450 
0.00094520 
0.00094350 
0.00094980 
0.00094520 
0.00093920 
0.00094380 
0.00094500 
0.00095000 
0.00095670 
0.00095700 
0.00095770 
0.00095810 
0.00095750 
0.00095680 
0.00095480 
0.00095540 
0.00095240 
0.00094970 
0.00094680 
0.00094680 
0.00095090 
0.00095040 
0.00095200 
0.00095230 
0.00094890 
0.00094890 
0.00094950 
0.00094940 
0.00095410 
0.00094790 
0.00095170 
0.00095000 
0.00094830 
0.00095080 
0.00095200 
0.00095370 
0.00095480 
0.00094360 
0.00094830 
0.00095130 
0.00095510 
0.00095370 
0.00095470 
0.00096010 
0.00096170 
0.00096400 
0.00095810 
0.00096340 
0.00096530 
0.00096600 
0.00095840 
0.00096230 
0.00096200 
0.00096290 
0.00096180 
0.00096310 
0.00096340 
0.00096740 
0.00097100 
0.00096870 
0.00097140 
0.00097150 
0.00096960 
0.00097110 
0.00097150 
0.00097490 
0.00097550 
0.00097770 
0.00098010 
0.00097300 
0.00097100 
0.00096820 
0.00097300 
0.00097190 
0.00097260 
0.00097400 
0.00097350 
0.00097850 
0.00097800 
0.00097540 
0.00097640 
0.00097420 
0.00097640 
0.00097940 
0.00098140 
0.00097600 
0.00097580 
0.00097400 
0.00097150 
0.00097370 
0.00097600 
0.00097850 
0.00097660 
0.00097100 
0.00096720 
0.00098030 
0.00098940 
0.00098920 
0.00098950 
0.00099100 
0.00099090 
0.00099270 
0.00099010 
0.00099220 
0.00099490 
0.00098460 
0.00098550 
0.00098030 
0.00098250 
0.00098440 
0.00098100 
0.00098400 
0.00098830 
0.00098890 
0.00098470 
0.00098310 
0.00098490 
0.00109080 
0.00108480 
0.00108480 
0.00108920 
0.00108700 
0.00108680 
0.00109110 
0.00109050 
0.00109210 
0.00109150 
0.00109460 
0.00109360 
0.00109400 
0.00109450 
0.00108990 
0.00107690 
0.00108160 
0.00108050 
0.00107500 
0.00108740 
0.00109010 
0.00109460 
0.00109070 
0.00108640 
0.00108450 
0.00108430 
0.00109290 
0.00109100 
0.00108930 
0.00108120 
0.00107600 
0.00106760 
0.00107570 
0.00106190 
0.00106980 
0.00108480 
0.00107550 
0.00107100 
0.00106820 
0.00106880 
0.00106910 
0.00106350 
0.00106250 
0.00105910 
0.00106120 
0.00106570 
0.00106450 
0.00106340 
0.00106800 
0.00106360 
0.00105420 
0.00106890 
0.00105800 
0.00104840 
0.00104780 
0.00104570 
0.00104500 
0.00104130 
0.00104520 
0.00104850 
0.00104550 
0.00103600 
0.00102990 
0.00102970 
0.00103140 
0.00103070 
0.00104000 
0.00103930 
0.00104000 
0.00104220 
0.00104150 
0.00103030 
0.00103680 
0.00102390 
0.00102580 
0.00103090 
0.00102990 
0.00101090 
0.00101240 
0.00100900 
0.00101500 
0.00102800 
0.00103160 
0.00103120 
0.00102240 
0.00102540 
0.00103010 
0.00103390 
0.00103580 
0.00104250 
0.00104220 
0.00104810 
0.00105320 
0.00104720 
0.00104580 
0.00104780 
0.00104120 
0.00105960 
0.00107000 
0.00105990 
0.00106000 
0.00107130 
0.00107480 
0.00107360 
0.00106480 
0.00106530 
0.00106660 
0.00105950 
0.00106030 
0.00105750 
0.00105780 
0.00106450 
0.00105000 
0.00104660 
0.00104890 
0.00104110 
0.00103380 
0.00104890 
0.00104930 
0.00105200 
0.00105920 
0.00106220 
0.00107000 
0.00107580 
0.00107000 
0.00106110 
0.00104060 
0.00103760 
0.00103960 
0.00103780 
0.00103430 
0.00104040 
0.00104900 
0.00104460 
0.00103510 
0.00102940 
0.00103000 
0.00102590 
0.00103010 
0.00103140 
0.00102940 
0.00101730 
0.00102400 
0.00101180 
0.00102280 
0.00102670 
0.00102200 
0.00101950 
0.00102080 
0.00101770 
0.00103060 
0.00101860 
0.00102170 
0.00100740 
0.00100490 
0.00100840 
0.00099960 
0.00098960 
0.00098700 
0.00099040 
0.00099000 
0.00099680 
0.00099500 
0.00098070 
0.00097720 
0.00097360 
0.00098070 
0.00097510 
0.00098440 
0.00098200 
0.00097700 
0.00097920 
0.00097280 
0.00097250 
0.00097650 
0.00097670 
0.00098590 
0.00098170 
0.00097660 
0.00097610 
0.00096990 
0.00096660 
0.00096790 
0.00096600 
0.00096640 
0.00096260 
0.00096380 
0.00096210 
0.00096300 
0.00096140 
0.00096060 
0.00096120 
0.00096640 
0.00096630 
0.00096530 
0.00096600 
0.00096700 
0.00096430 
0.00096490 
0.00096810 
0.00096980 
0.00096910 
0.00097000 
0.00097850 
0.00098350 
0.00097690 
0.00097860 
0.00097670 
0.00097300 
0.00096690 
0.00096400 
0.00096120 
0.00096870 
0.00096680 
0.00096420 
0.00096370 
0.00096360 
0.00096880 
0.00096740 
0.00096630 
0.00097070 
0.00097280 
0.00097210 
0.00097010 
0.00098140 
0.00098710 
0.00098590 
0.00098530 
0.00098770 
0.00099420 
0.00098850 
0.00098800 
0.00098680 
0.00097360 
0.00099430 
0.00100040 
0.00100880 
0.00099500 
0.00097470 
0.00096820 
0.00097260 
0.00097760 
0.00097080 
0.00096950 
0.00097640 
0.00096200 
0.00095450 
0.00095430 
0.00095500 
0.00094860 
0.00094460 
0.00093510 
0.00093970 
0.00094000 
0.00094010 
0.00093640 
0.00093600 
0.00093950 
0.00094240 
0.00094680 
0.00094730 
0.00095270 
0.00095210 
0.00095390 
0.00095600 
0.00095300 
0.00094000 
0.00093830 
0.00093920 
0.00093820 
0.00094280 
0.00094130 
0.00093280 
0.00093640 
0.00093390 
0.00093220 
0.00093300 
0.00093620 
0.00093510 
0.00094720 
0.00093580 
0.00094240 
0.00094590 
0.00094570 
0.00094560 
0.00094760 
0.00094510 
0.00095140 
0.00094970 
0.00094400 
0.00093030 
0.00093510 
0.00094150 
0.00093910 
0.00092330 
0.00092090 
0.00092130 
0.00092030 
0.00092110 
0.00092670 
0.00092640 
0.00092450 
0.00093000 
0.00093130 
0.00093560 
0.00093390 
0.00093150 
0.00093070 
0.00092710 
0.00092830 
0.00093790 
0.00093680 
0.00093690 
0.00095180 
0.00095580 
0.00096010 
0.00094950 
0.00095180 
0.00094990 
0.00093620 
0.00093830 
0.00092840 
0.00092190 
0.00092190 
0.00092240 
0.00092200 
0.00093490 
0.00093120 
0.00092750 
0.00091770 
0.00092140 
0.00091980 
0.00091970 
0.00092180 
0.00092220 
0.00092030 
0.00091970 
0.00091940 
0.00092190 
0.00092490 
0.00092180 
0.00092040 
0.00092350 
0.00092700 
0.00092780 
0.00092700 
0.00092700 
0.00092900 
0.00092610 
0.00092550 
0.00092880 
0.00093010 
0.00092780 
0.00092970 
0.00092240 
0.00093340 
0.00093400 
0.00093170 
0.00093200 
0.00093360 
0.00093890 
0.00094200 
0.00094450 
0.00094520 
0.00094350 
0.00094980 
0.00094520 
0.00093920 
0.00094380 
0.00094500 
0.00095000 
0.00095670 
0.00095700 
0.00095770 
0.00095810 
0.00095750 
0.00095680 
0.00095480 
0.00095540 
0.00095240 
0.00094970 
0.00094680 
0.00094680 
0.00095090 
0.00095040 
0.00095200 
0.00095230 
0.00094890 
0.00094890 
0.00094950 
0.00094940 
0.00095410 
0.00094790 
0.00095170 
0.00095000 
0.00094830 
0.00095080 
0.00095200 
0.00095370 
0.00095480 
0.00094360 
0.00094830 
0.00095130 
0.00095510 
0.00095370 
0.00095470 
0.00096010 
0.00096170 
0.00096400 
0.00095810 
0.00096340 
0.00096530 
0.00096600 
0.00095840 
0.00096230 
0.00096200 
0.00096290 
0.00096180 
0.00096310 
0.00096340 
0.00096740 
0.00097100 
0.00096870 
0.00097140 
0.00097150 
0.00096960 
0.00097110 
0.00097150 
0.00097490 
0.00097550 
0.00097770 
0.00098010 
0.00097300 
0.00097100 
0.00096820 
0.00097300 
0.00097190 
0.00097260 
0.00097400 
0.00097350 
0.00097850 
0.00097800 
0.00097540 
0.00097640 
0.00097420 
0.00097640 
0.00097940 
0.00098140 
0.00097600 
0.00097580 
0.00097400 
0.00097150 
0.00097370 
0.00097600 
0.00097850 
0.00097660 
0.00097100 
0.00096720 
0.00098030 
0.00098940 
0.00098920 
0.00098950 
0.00099100 
0.00099090 
0.00099270 
0.00099010 
0.00099220 
0.00099490 
0.00098460 
0.00098550 
0.00098030 
0.00098250 
0.00098440 
0.00098100 
0.00098400 
0.00098830 
0.00098890 
0.00098470 
0.00098310 
0.00098490 
