0.00061220 
0.00061169 
0.00061169 
0.00061169 
0.00061172 
0.00061118 
0.00061114 
0.00061113 
0.00061113 
0.00061113 
0.00061113 
0.00061114 
0.00060748 
0.00060760 
0.00060751 
0.00060748 
0.00061099 
0.00060912 
0.00061373 
0.00061316 
0.00060818 
0.00061315 
0.00061325 
0.00060874 
0.00060874 
0.00060873 
0.00061364 
0.00060775 
0.00060775 
0.00060768 
0.00061453 
0.00060869 
0.00060903 
0.00060748 
0.00060985 
0.00060982 
0.00060970 
0.00060859 
0.00061200 
0.00060749 
0.00060748 
0.00060748 
0.00060772 
0.00060900 
0.00060900 
0.00060863 
0.00060770 
0.00060770 
0.00060607 
0.00060272 
0.00060429 
0.00060429 
0.00060272 
0.00060289 
0.00060451 
0.00060291 
0.00060290 
0.00060290 
0.00060291 
0.00060291 
0.00060100 
0.00060195 
0.00060195 
0.00060194 
0.00060140 
0.00059767 
0.00060195 
0.00060195 
0.00060389 
0.00060195 
0.00060195 
0.00060195 
0.00060194 
0.00060138 
0.00060231 
0.00059794 
0.00059161 
0.00060231 
0.00060489 
0.00061024 
0.00060661 
0.00061018 
0.00061018 
0.00061018 
0.00061018 
0.00060627 
0.00061094 
0.00061094 
0.00061158 
0.00061158 
0.00061162 
0.00060570 
0.00060570 
0.00060565 
0.00060896 
0.00060896 
0.00060896 
0.00060896 
0.00060896 
0.00060896 
0.00061066 
0.00060609 
0.00060813 
0.00060821 
0.00061565 
0.00061199 
0.00061178 
0.00061179 
0.00061177 
0.00061689 
0.00061689 
0.00061174 
0.00061174 
0.00061672 
0.00061171 
0.00061171 
0.00061260 
0.00061277 
0.00061175 
0.00061176 
0.00061703 
0.00061062 
0.00061062 
0.00061704 
0.00061399 
0.00060618 
0.00060618 
0.00060852 
0.00060808 
0.00060817 
0.00060809 
0.00061427 
0.00061431 
0.00060792 
0.00060761 
0.00060761 
0.00060665 
0.00060994 
0.00060980 
0.00060991 
0.00059769 
0.00060357 
0.00060363 
0.00060731 
0.00061338 
0.00061338 
0.00061342 
0.00060671 
0.00060570 
0.00060919 
0.00061534 
0.00060867 
0.00061000 
0.00061244 
0.00061244 
0.00060594 
0.00060594 
0.00061203 
0.00060664 
0.00060259 
0.00060193 
0.00060756 
0.00060842 
0.00059821 
0.00059711 
0.00060154 
0.00060036 
0.00060305 
0.00059826 
0.00060120 
0.00059850 
0.00059643 
0.00059203 
0.00059428 
0.00058953 
0.00059199 
0.00059099 
0.00059016 
0.00058738 
0.00058850 
0.00058792 
0.00059060 
0.00058738 
0.00058738 
0.00058738 
0.00058727 
0.00058090 
0.00058090 
0.00058434 
0.00057967 
0.00058373 
0.00058392 
0.00058426 
0.00058426 
0.00058025 
0.00058025 
0.00058025 
0.00058025 
0.00058025 
0.00058708 
0.00058260 
0.00058262 
0.00058379 
0.00058379 
0.00058847 
0.00058787 
0.00058791 
0.00058552 
0.00058552 
0.00058602 
0.00057967 
0.00058051 
0.00058073 
0.00058074 
0.00058074 
0.00058440 
0.00058502 
0.00058488 
0.00058813 
0.00058675 
0.00058430 
0.00058386 
0.00058345 
0.00058160 
0.00058160 
0.00058160 
0.00058078 
0.00058272 
0.00058332 
0.00058518 
0.00058563 
0.00058689 
0.00057838 
0.00058952 
0.00058496 
0.00058469 
0.00059064 
0.00059122 
0.00058488 
0.00059065 
0.00058460 
0.00058173 
0.00057997 
0.00057923 
0.00057949 
0.00057949 
0.00057949 
0.00057327 
0.00057327 
0.00057818 
0.00057469 
0.00057376 
0.00057116 
0.00057107 
0.00057107 
0.00057247 
0.00056669 
0.00057248 
0.00057324 
0.00057186 
0.00057228 
0.00056106 
0.00057187 
0.00057400 
0.00057400 
0.00057348 
0.00057185 
0.00057185 
0.00057185 
0.00057185 
0.00057185 
0.00057389 
0.00057112 
0.00057385 
0.00057385 
0.00057261 
0.00057274 
0.00057398 
0.00057307 
0.00057307 
0.00057126 
0.00057126 
0.00057126 
0.00057126 
0.00057700 
0.00057807 
0.00057807 
0.00057813 
0.00057521 
0.00057647 
0.00057500 
0.00057500 
0.00057500 
0.00057350 
0.00057123 
0.00057436 
0.00057123 
0.00057123 
0.00057551 
0.00057551 
0.00057123 
0.00057580 
0.00057646 
0.00057631 
0.00057565 
0.00057507 
0.00058339 
0.00057591 
0.00057599 
0.00057474 
0.00057498 
0.00057788 
0.00058119 
0.00058301 
0.00058301 
0.00058301 
0.00057984 
0.00058382 
0.00058389 
0.00058001 
0.00057975 
0.00057760 
0.00058001 
0.00057628 
0.00058354 
0.00058354 
0.00058313 
0.00057097 
0.00057648 
0.00057779 
0.00058086 
0.00058319 
0.00058488 
0.00058012 
0.00058153 
0.00058245 
0.00058245 
0.00058245 
0.00058247 
0.00058279 
0.00059141 
0.00059141 
0.00059141 
0.00059460 
0.00059460 
0.00058932 
0.00058874 
0.00059273 
0.00059273 
0.00058871 
0.00058931 
0.00059342 
0.00059342 
0.00059344 
0.00059645 
0.00059645 
0.00059645 
0.00059645 
0.00059348 
0.00059461 
0.00059461 
0.00059461 
0.00059703 
0.00059702 
0.00059482 
0.00059827 
0.00059832 
0.00059828 
0.00059976 
0.00059957 
0.00060206 
0.00059919 
0.00059681 
0.00059681 
0.00060100 
0.00059683 
0.00059683 
0.00059683 
0.00059683 
0.00059683 
0.00059683 
0.00059683 
0.00059559 
0.00059559 
0.00059559 
0.00060074 
0.00060074 
0.00060074 
0.00060074 
0.00060330 
0.00060330 
0.00060330 
0.00059383 
0.00060433 
0.00059185 
0.00060701 
0.00060424 
0.00060125 
0.00060125 
0.00060123 
0.00059400 
0.00060264 
0.00060520 
0.00060520 
0.00060520 
0.00060146 
0.00060421 
0.00060451 
0.00060522 
0.00060518 
0.00060517 
0.00060767 
0.00060767 
0.00060802 
0.00060921 
0.00060921 
0.00060921 
0.00060936 
0.00060936 
0.00060936 
0.00060969 
0.00060971 
0.00060971 
0.00060972 
0.00060972 
0.00061116 
0.00061115 
0.00061115 
0.00060841 
0.00060841 
0.00060884 
0.00060884 
0.00060884 
0.00060884 
0.00060884 
0.00061116 
0.00061116 
0.00061000 
0.00061000 
0.00061000 
0.00060944 
0.00060778 
0.00060713 
0.00060601 
0.00060601 
0.00060740 
0.00060740 
0.00060738 
0.00060249 
0.00060279 
0.00060290 
0.00060711 
0.00060873 
0.00061176 
0.00061176 
0.00060873 
0.00060873 
0.00060891 
0.00060891 
0.00061005 
0.00061005 
0.00061005 
0.00061346 
0.00061605 
0.00061346 
0.00061078 
0.00060961 
0.00060923 
0.00060529 
0.00060869 
0.00060848 
0.00060847 
0.00060922 
0.00060381 
0.00060644 
0.00060659 
0.00060289 
0.00060289 
0.00060289 
0.00060291 
0.00061220 
0.00061169 
0.00061169 
0.00061169 
0.00061172 
0.00061118 
0.00061114 
0.00061113 
0.00061113 
0.00061113 
0.00061113 
0.00061114 
0.00060748 
0.00060760 
0.00060751 
0.00060748 
0.00061099 
0.00060912 
0.00061373 
0.00061316 
0.00060818 
0.00061315 
0.00061325 
0.00060874 
0.00060874 
0.00060873 
0.00061364 
0.00060775 
0.00060775 
0.00060768 
0.00061453 
0.00060869 
0.00060903 
0.00060748 
0.00060985 
0.00060982 
0.00060970 
0.00060859 
0.00061200 
0.00060749 
0.00060748 
0.00060748 
0.00060772 
0.00060900 
0.00060900 
0.00060863 
0.00060770 
0.00060770 
0.00060607 
0.00060272 
0.00060429 
0.00060429 
0.00060272 
0.00060289 
0.00060451 
0.00060291 
0.00060290 
0.00060290 
0.00060291 
0.00060291 
0.00060100 
0.00060195 
0.00060195 
0.00060194 
0.00060140 
0.00059767 
0.00060195 
0.00060195 
0.00060389 
0.00060195 
0.00060195 
0.00060195 
0.00060194 
0.00060138 
0.00060231 
0.00059794 
0.00059161 
0.00060231 
0.00060489 
0.00061024 
0.00060661 
0.00061018 
0.00061018 
0.00061018 
0.00061018 
0.00060627 
0.00061094 
0.00061094 
0.00061158 
0.00061158 
0.00061162 
0.00060570 
0.00060570 
0.00060565 
0.00060896 
0.00060896 
0.00060896 
0.00060896 
0.00060896 
0.00060896 
0.00061066 
0.00060609 
0.00060813 
0.00060821 
0.00061565 
0.00061199 
0.00061178 
0.00061179 
0.00061177 
0.00061689 
0.00061689 
0.00061174 
0.00061174 
0.00061672 
0.00061171 
0.00061171 
0.00061260 
0.00061277 
0.00061175 
0.00061176 
0.00061703 
0.00061062 
0.00061062 
0.00061704 
0.00061399 
0.00060618 
0.00060618 
0.00060852 
0.00060808 
0.00060817 
0.00060809 
0.00061427 
0.00061431 
0.00060792 
0.00060761 
0.00060761 
0.00060665 
0.00060994 
0.00060980 
0.00060991 
0.00059769 
0.00060357 
0.00060363 
0.00060731 
0.00061338 
0.00061338 
0.00061342 
0.00060671 
0.00060570 
0.00060919 
0.00061534 
0.00060867 
0.00061000 
0.00061244 
0.00061244 
0.00060594 
0.00060594 
0.00061203 
0.00060664 
0.00060259 
0.00060193 
0.00060756 
0.00060842 
0.00059821 
0.00059711 
0.00060154 
0.00060036 
0.00060305 
0.00059826 
0.00060120 
0.00059850 
0.00059643 
0.00059203 
0.00059428 
0.00058953 
0.00059199 
0.00059099 
0.00059016 
0.00058738 
0.00058850 
0.00058792 
0.00059060 
0.00058738 
0.00058738 
0.00058738 
0.00058727 
0.00058090 
0.00058090 
0.00058434 
0.00057967 
0.00058373 
0.00058392 
0.00058426 
0.00058426 
0.00058025 
0.00058025 
0.00058025 
0.00058025 
0.00058025 
0.00058708 
0.00058260 
0.00058262 
0.00058379 
0.00058379 
0.00058847 
0.00058787 
0.00058791 
0.00058552 
0.00058552 
0.00058602 
0.00057967 
0.00058051 
0.00058073 
0.00058074 
0.00058074 
0.00058440 
0.00058502 
0.00058488 
0.00058813 
0.00058675 
0.00058430 
0.00058386 
0.00058345 
0.00058160 
0.00058160 
0.00058160 
0.00058078 
0.00058272 
0.00058332 
0.00058518 
0.00058563 
0.00058689 
0.00057838 
0.00058952 
0.00058496 
0.00058469 
0.00059064 
0.00059122 
0.00058488 
0.00059065 
0.00058460 
0.00058173 
0.00057997 
0.00057923 
0.00057949 
0.00057949 
0.00057949 
0.00057327 
0.00057327 
0.00057818 
0.00057469 
0.00057376 
0.00057116 
0.00057107 
0.00057107 
0.00057247 
0.00056669 
0.00057248 
0.00057324 
0.00057186 
0.00057228 
0.00056106 
0.00057187 
0.00057400 
0.00057400 
0.00057348 
0.00057185 
0.00057185 
0.00057185 
0.00057185 
0.00057185 
0.00057389 
0.00057112 
0.00057385 
0.00057385 
0.00057261 
0.00057274 
0.00057398 
0.00057307 
0.00057307 
0.00057126 
0.00057126 
0.00057126 
0.00057126 
0.00057700 
0.00057807 
0.00057807 
0.00057813 
0.00057521 
0.00057647 
0.00057500 
0.00057500 
0.00057500 
0.00057350 
0.00057123 
0.00057436 
0.00057123 
0.00057123 
0.00057551 
0.00057551 
0.00057123 
0.00057580 
0.00057646 
0.00057631 
0.00057565 
0.00057507 
0.00058339 
0.00057591 
0.00057599 
0.00057474 
0.00057498 
0.00057788 
0.00058119 
0.00058301 
0.00058301 
0.00058301 
0.00057984 
0.00058382 
0.00058389 
0.00058001 
0.00057975 
0.00057760 
0.00058001 
0.00057628 
0.00058354 
0.00058354 
0.00058313 
0.00057097 
0.00057648 
0.00057779 
0.00058086 
0.00058319 
0.00058488 
0.00058012 
0.00058153 
0.00058245 
0.00058245 
0.00058245 
0.00058247 
0.00058279 
0.00059141 
0.00059141 
0.00059141 
0.00059460 
0.00059460 
0.00058932 
0.00058874 
0.00059273 
0.00059273 
0.00058871 
0.00058931 
0.00059342 
0.00059342 
0.00059344 
0.00059645 
0.00059645 
0.00059645 
0.00059645 
0.00059348 
0.00059461 
0.00059461 
0.00059461 
0.00059703 
0.00059702 
0.00059482 
0.00059827 
0.00059832 
0.00059828 
0.00059976 
0.00059957 
0.00060206 
0.00059919 
0.00059681 
0.00059681 
0.00060100 
0.00059683 
0.00059683 
0.00059683 
0.00059683 
0.00059683 
0.00059683 
0.00059683 
0.00059559 
0.00059559 
0.00059559 
0.00060074 
0.00060074 
0.00060074 
0.00060074 
0.00060330 
0.00060330 
0.00060330 
0.00059383 
0.00060433 
0.00059185 
0.00060701 
0.00060424 
0.00060125 
0.00060125 
0.00060123 
0.00059400 
0.00060264 
0.00060520 
0.00060520 
0.00060520 
0.00060146 
0.00060421 
0.00060451 
0.00060522 
0.00060518 
0.00060517 
0.00060767 
0.00060767 
0.00060802 
0.00060921 
0.00060921 
0.00060921 
0.00060936 
0.00060936 
0.00060936 
0.00060969 
0.00060971 
0.00060971 
0.00060972 
0.00060972 
0.00061116 
0.00061115 
0.00061115 
0.00060841 
0.00060841 
0.00060884 
0.00060884 
0.00060884 
0.00060884 
0.00060884 
0.00061116 
0.00061116 
0.00061000 
0.00061000 
0.00061000 
0.00060944 
0.00060778 
0.00060713 
0.00060601 
0.00060601 
0.00060740 
0.00060740 
0.00060738 
0.00060249 
0.00060279 
0.00060290 
0.00060711 
0.00060873 
0.00061176 
0.00061176 
0.00060873 
0.00060873 
0.00060891 
0.00060891 
0.00061005 
0.00061005 
0.00061005 
0.00061346 
0.00061605 
0.00061346 
0.00061078 
0.00060961 
0.00060923 
0.00060529 
0.00060869 
0.00060848 
0.00060847 
0.00060922 
0.00060381 
0.00060644 
0.00060659 
0.00060289 
0.00060289 
0.00060289 
0.00060291 
0.00061220 
0.00061169 
0.00061169 
0.00061169 
0.00061172 
0.00061118 
0.00061114 
0.00061113 
0.00061113 
0.00061113 
0.00061113 
0.00061114 
0.00060748 
0.00060760 
0.00060751 
0.00060748 
0.00061099 
0.00060912 
0.00061373 
0.00061316 
0.00060818 
0.00061315 
0.00061325 
0.00060874 
0.00060874 
0.00060873 
0.00061364 
0.00060775 
0.00060775 
0.00060768 
0.00061453 
0.00060869 
0.00060903 
0.00060748 
0.00060985 
0.00060982 
0.00060970 
0.00060859 
0.00061200 
0.00060749 
0.00060748 
0.00060748 
0.00060772 
0.00060900 
0.00060900 
0.00060863 
0.00060770 
0.00060770 
0.00060607 
0.00060272 
0.00060429 
0.00060429 
0.00060272 
0.00060289 
0.00060451 
0.00060291 
0.00060290 
0.00060290 
0.00060291 
0.00060291 
0.00060100 
0.00060195 
0.00060195 
0.00060194 
0.00060140 
0.00059767 
0.00060195 
0.00060195 
0.00060389 
0.00060195 
0.00060195 
0.00060195 
0.00060194 
0.00060138 
0.00060231 
0.00059794 
0.00059161 
0.00060231 
0.00060489 
0.00061024 
0.00060661 
0.00061018 
0.00061018 
0.00061018 
0.00061018 
0.00060627 
0.00061094 
0.00061094 
0.00061158 
0.00061158 
0.00061162 
0.00060570 
0.00060570 
0.00060565 
0.00060896 
0.00060896 
0.00060896 
0.00060896 
0.00060896 
0.00060896 
0.00061066 
0.00060609 
0.00060813 
0.00060821 
0.00061565 
0.00061199 
0.00061178 
0.00061179 
0.00061177 
0.00061689 
0.00061689 
0.00061174 
0.00061174 
0.00061672 
0.00061171 
0.00061171 
0.00061260 
0.00061277 
0.00061175 
0.00061176 
0.00061703 
0.00061062 
0.00061062 
0.00061704 
0.00061399 
0.00060618 
0.00060618 
0.00060852 
0.00060808 
0.00060817 
0.00060809 
0.00061427 
0.00061431 
0.00060792 
0.00060761 
0.00060761 
0.00060665 
0.00060994 
0.00060980 
0.00060991 
0.00059769 
0.00060357 
0.00060363 
0.00060731 
0.00061338 
0.00061338 
0.00061342 
0.00060671 
0.00060570 
0.00060919 
0.00061534 
0.00060867 
0.00061000 
0.00061244 
0.00061244 
0.00060594 
0.00060594 
0.00061203 
0.00060664 
0.00060259 
0.00060193 
0.00060756 
0.00060842 
0.00059821 
0.00059711 
0.00060154 
0.00060036 
0.00060305 
0.00059826 
0.00060120 
0.00059850 
0.00059643 
0.00059203 
0.00059428 
0.00058953 
0.00059199 
0.00059099 
0.00059016 
0.00058738 
0.00058850 
0.00058792 
0.00059060 
0.00058738 
0.00058738 
0.00058738 
0.00058727 
0.00058090 
0.00058090 
0.00058434 
0.00057967 
0.00058373 
0.00058392 
0.00058426 
0.00058426 
0.00058025 
0.00058025 
0.00058025 
0.00058025 
0.00058025 
0.00058708 
0.00058260 
0.00058262 
0.00058379 
0.00058379 
0.00058847 
0.00058787 
0.00058791 
0.00058552 
0.00058552 
0.00058602 
0.00057967 
0.00058051 
0.00058073 
0.00058074 
0.00058074 
0.00058440 
0.00058502 
0.00058488 
0.00058813 
0.00058675 
0.00058430 
0.00058386 
0.00058345 
0.00058160 
0.00058160 
0.00058160 
0.00058078 
0.00058272 
0.00058332 
0.00058518 
0.00058563 
0.00058689 
0.00057838 
0.00058952 
0.00058496 
0.00058469 
0.00059064 
0.00059122 
0.00058488 
0.00059065 
0.00058460 
0.00058173 
0.00057997 
0.00057923 
0.00057949 
0.00057949 
0.00057949 
0.00057327 
0.00057327 
0.00057818 
0.00057469 
0.00057376 
0.00057116 
0.00057107 
0.00057107 
0.00057247 
0.00056669 
0.00057248 
0.00057324 
0.00057186 
0.00057228 
0.00056106 
0.00057187 
0.00057400 
0.00057400 
0.00057348 
0.00057185 
0.00057185 
0.00057185 
0.00057185 
0.00057185 
0.00057389 
0.00057112 
0.00057385 
0.00057385 
0.00057261 
0.00057274 
0.00057398 
0.00057307 
0.00057307 
0.00057126 
0.00057126 
0.00057126 
0.00057126 
0.00057700 
0.00057807 
0.00057807 
0.00057813 
0.00057521 
0.00057647 
0.00057500 
0.00057500 
0.00057500 
0.00057350 
0.00057123 
0.00057436 
0.00057123 
0.00057123 
0.00057551 
0.00057551 
0.00057123 
0.00057580 
0.00057646 
0.00057631 
0.00057565 
0.00057507 
0.00058339 
0.00057591 
0.00057599 
0.00057474 
0.00057498 
0.00057788 
0.00058119 
0.00058301 
0.00058301 
0.00058301 
0.00057984 
0.00058382 
0.00058389 
0.00058001 
0.00057975 
0.00057760 
0.00058001 
0.00057628 
0.00058354 
0.00058354 
0.00058313 
0.00057097 
0.00057648 
0.00057779 
0.00058086 
0.00058319 
0.00058488 
0.00058012 
0.00058153 
0.00058245 
0.00058245 
0.00058245 
0.00058247 
0.00058279 
0.00059141 
0.00059141 
0.00059141 
0.00059460 
0.00059460 
0.00058932 
0.00058874 
0.00059273 
0.00059273 
0.00058871 
0.00058931 
0.00059342 
0.00059342 
0.00059344 
0.00059645 
0.00059645 
0.00059645 
0.00059645 
0.00059348 
0.00059461 
0.00059461 
0.00059461 
0.00059703 
0.00059702 
0.00059482 
0.00059827 
0.00059832 
0.00059828 
0.00059976 
0.00059957 
0.00060206 
0.00059919 
0.00059681 
0.00059681 
0.00060100 
0.00059683 
0.00059683 
0.00059683 
0.00059683 
0.00059683 
0.00059683 
0.00059683 
0.00059559 
0.00059559 
0.00059559 
0.00060074 
0.00060074 
0.00060074 
0.00060074 
0.00060330 
0.00060330 
0.00060330 
0.00059383 
0.00060433 
0.00059185 
0.00060701 
0.00060424 
0.00060125 
0.00060125 
0.00060123 
0.00059400 
0.00060264 
0.00060520 
0.00060520 
0.00060520 
0.00060146 
0.00060421 
0.00060451 
0.00060522 
0.00060518 
0.00060517 
0.00060767 
0.00060767 
0.00060802 
0.00060921 
0.00060921 
0.00060921 
0.00060936 
0.00060936 
0.00060936 
0.00060969 
0.00060971 
0.00060971 
0.00060972 
0.00060972 
0.00061116 
0.00061115 
0.00061115 
0.00060841 
0.00060841 
0.00060884 
0.00060884 
0.00060884 
0.00060884 
0.00060884 
0.00061116 
0.00061116 
0.00061000 
0.00061000 
0.00061000 
0.00060944 
0.00060778 
0.00060713 
0.00060601 
0.00060601 
0.00060740 
0.00060740 
0.00060738 
0.00060249 
0.00060279 
0.00060290 
0.00060711 
0.00060873 
0.00061176 
0.00061176 
0.00060873 
0.00060873 
0.00060891 
0.00060891 
0.00061005 
0.00061005 
0.00061005 
0.00061346 
0.00061605 
0.00061346 
0.00061078 
0.00060961 
0.00060923 
0.00060529 
0.00060869 
0.00060848 
0.00060847 
0.00060922 
0.00060381 
0.00060644 
0.00060659 
0.00060289 
0.00060289 
0.00060289 
0.00060291 
