0.00000000 
163.00000000 
0.00000000 
0.00000000 
40.00000000 
266.00000000 
46.00000000 
0.00000000 
18.00000000 
9.00000000 
32.00000000 
228.00000000 
84.00000000 
55.00000000 
5.00000000 
303.00000000 
227.00000000 
845.00000000 
90.00000000 
16.00000000 
5.00000000 
113.00000000 
13.00000000 
32.00000000 
239.00000000 
64.00000000 
278.00000000 
0.00000000 
15.00000000 
0.00000000 
102.00000000 
2.00000000 
41.00000000 
0.00000000 
74.00000000 
173.00000000 
18.00000000 
22.00000000 
27.00000000 
135.00000000 
101.00000000 
135.00000000 
529.00000000 
225.00000000 
0.00000000 
22.00000000 
0.00000000 
132.00000000 
397.00000000 
294.00000000 
0.00000000 
0.00000000 
76.00000000 
14.00000000 
7.00000000 
1.00000000 
45.00000000 
16.00000000 
0.00000000 
32.00000000 
625.00000000 
542.00000000 
0.00000000 
43.00000000 
75.00000000 
68.00000000 
13.00000000 
0.00000000 
111.00000000 
0.00000000 
0.00000000 
0.00000000 
23.00000000 
664.00000000 
0.00000000 
277.00000000 
55.00000000 
506.00000000 
48.00000000 
161.00000000 
91.00000000 
0.00000000 
0.00000000 
0.00000000 
30.00000000 
92.00000000 
0.00000000 
1.00000000 
0.00000000 
0.00000000 
48.00000000 
0.00000000 
10.00000000 
6.00000000 
0.00000000 
0.00000000 
0.00000000 
0.00000000 
0.00000000 
16.00000000 
10.00000000 
42.00000000 
502.00000000 
24.00000000 
93.00000000 
271.00000000 
0.00000000 
70.00000000 
82.00000000 
0.00000000 
0.00000000 
511.00000000 
11.00000000 
48.00000000 
0.00000000 
46.00000000 
511.00000000 
184.00000000 
0.00000000 
58.00000000 
26.00000000 
0.00000000 
10.00000000 
35.00000000 
97.00000000 
0.00000000 
2.00000000 
103.00000000 
26.00000000 
5.00000000 
1.00000000 
16.00000000 
43.00000000 
34.00000000 
0.00000000 
11.00000000 
16.00000000 
174.00000000 
171.00000000 
90.00000000 
0.00000000 
183.00000000 
20.00000000 
319.00000000 
0.00000000 
0.00000000 
55.00000000 
29.00000000 
39.00000000 
55.00000000 
20.00000000 
122.00000000 
241.00000000 
0.00000000 
10.00000000 
0.00000000 
0.00000000 
26.00000000 
175.00000000 
0.00000000 
250.00000000 
16.00000000 
1.00000000 
358.00000000 
42.00000000 
1441.00000000 
366.00000000 
20.00000000 
30.00000000 
10.00000000 
3532.00000000 
90.00000000 
39.00000000 
96.00000000 
30.00000000 
26.00000000 
4.00000000 
623.00000000 
7.00000000 
142.00000000 
497.00000000 
1.00000000 
0.00000000 
0.00000000 
0.00000000 
12.00000000 
0.00000000 
0.00000000 
179.00000000 
179.00000000 
92.00000000 
1.00000000 
0.00000000 
18.00000000 
40.00000000 
0.00000000 
0.00000000 
0.00000000 
18.00000000 
99.00000000 
0.00000000 
128.00000000 
0.00000000 
350.00000000 
0.00000000 
70.00000000 
0.00000000 
317.00000000 
44.00000000 
156.00000000 
325.00000000 
50.00000000 
61.00000000 
14.00000000 
3.00000000 
166.00000000 
135.00000000 
20.00000000 
17.00000000 
12.00000000 
117.00000000 
51.00000000 
64.00000000 
0.00000000 
0.00000000 
2.00000000 
77.00000000 
813.00000000 
305.00000000 
0.00000000 
18.00000000 
3.00000000 
15.00000000 
32.00000000 
820.00000000 
21.00000000 
305.00000000 
16.00000000 
417.00000000 
27.00000000 
29.00000000 
416.00000000 
339.00000000 
38.00000000 
0.00000000 
0.00000000 
1.00000000 
0.00000000 
19.00000000 
17.00000000 
243.00000000 
36.00000000 
86.00000000 
0.00000000 
0.00000000 
167.00000000 
0.00000000 
36.00000000 
31.00000000 
334.00000000 
15.00000000 
0.00000000 
80.00000000 
0.00000000 
0.00000000 
238.00000000 
0.00000000 
0.00000000 
0.00000000 
0.00000000 
34.00000000 
0.00000000 
301.00000000 
0.00000000 
34.00000000 
10.00000000 
16.00000000 
0.00000000 
180.00000000 
19.00000000 
0.00000000 
0.00000000 
37.00000000 
0.00000000 
260.00000000 
3.00000000 
21.00000000 
0.00000000 
38.00000000 
52.00000000 
0.00000000 
0.00000000 
19.00000000 
163.00000000 
30.00000000 
10.00000000 
0.00000000 
91.00000000 
0.00000000 
10.00000000 
13.00000000 
64.00000000 
127.00000000 
35.00000000 
197.00000000 
35.00000000 
13.00000000 
337.00000000 
33.00000000 
46.00000000 
85.00000000 
18.00000000 
3.00000000 
0.00000000 
0.00000000 
42.00000000 
706.00000000 
215.00000000 
51.00000000 
73.00000000 
15.00000000 
25.00000000 
21.00000000 
43.00000000 
0.00000000 
0.00000000 
26.00000000 
98.00000000 
1241.00000000 
160.00000000 
19.00000000 
70.00000000 
23.00000000 
114.00000000 
88.00000000 
0.00000000 
0.00000000 
7.00000000 
285.00000000 
4.00000000 
0.00000000 
0.00000000 
2.00000000 
0.00000000 
0.00000000 
5101.00000000 
290.00000000 
0.00000000 
21.00000000 
0.00000000 
120.00000000 
0.00000000 
0.00000000 
123.00000000 
0.00000000 
0.00000000 
0.00000000 
10.00000000 
51.00000000 
0.00000000 
0.00000000 
10.00000000 
0.00000000 
116.00000000 
32.00000000 
427.00000000 
23.00000000 
1.00000000 
0.00000000 
330.00000000 
9.00000000 
2.00000000 
0.00000000 
0.00000000 
307.00000000 
0.00000000 
0.00000000 
0.00000000 
640.00000000 
0.00000000 
0.00000000 
16.00000000 
0.00000000 
0.00000000 
91.00000000 
0.00000000 
0.00000000 
0.00000000 
704.00000000 
0.00000000 
0.00000000 
10.00000000 
28.00000000 
3.00000000 
71.00000000 
958.00000000 
16.00000000 
0.00000000 
0.00000000 
291.00000000 
22.00000000 
4.00000000 
0.00000000 
0.00000000 
10.00000000 
1584.00000000 
158.00000000 
16.00000000 
104.00000000 
115.00000000 
61.00000000 
0.00000000 
16.00000000 
21.00000000 
0.00000000 
0.00000000 
4.00000000 
7.00000000 
0.00000000 
12.00000000 
1.00000000 
0.00000000 
13.00000000 
103.00000000 
121.00000000 
2.00000000 
0.00000000 
2.00000000 
0.00000000 
211.00000000 
0.00000000 
0.00000000 
0.00000000 
0.00000000 
38.00000000 
21.00000000 
25.00000000 
0.00000000 
0.00000000 
25.00000000 
0.00000000 
214.00000000 
6.00000000 
0.00000000 
5.00000000 
0.00000000 
24.00000000 
2004.00000000 
932.00000000 
19.00000000 
29.00000000 
53.00000000 
122.00000000 
0.00000000 
0.00000000 
19.00000000 
10.00000000 
19.00000000 
81.00000000 
0.00000000 
0.00000000 
88.00000000 
0.00000000 
64.00000000 
111.00000000 
25.00000000 
0.00000000 
13.00000000 
119.00000000 
450.00000000 
0.00000000 
416.00000000 
45.00000000 
0.00000000 
1000.00000000 
4.00000000 
0.00000000 
0.00000000 
0.00000000 
119.00000000 
0.00000000 
163.00000000 
0.00000000 
0.00000000 
40.00000000 
266.00000000 
46.00000000 
0.00000000 
18.00000000 
9.00000000 
32.00000000 
228.00000000 
84.00000000 
55.00000000 
5.00000000 
303.00000000 
227.00000000 
845.00000000 
90.00000000 
16.00000000 
5.00000000 
113.00000000 
13.00000000 
32.00000000 
239.00000000 
64.00000000 
278.00000000 
0.00000000 
15.00000000 
0.00000000 
102.00000000 
2.00000000 
41.00000000 
0.00000000 
74.00000000 
173.00000000 
18.00000000 
22.00000000 
27.00000000 
135.00000000 
101.00000000 
135.00000000 
529.00000000 
225.00000000 
0.00000000 
22.00000000 
0.00000000 
132.00000000 
397.00000000 
294.00000000 
0.00000000 
0.00000000 
76.00000000 
14.00000000 
7.00000000 
1.00000000 
45.00000000 
16.00000000 
0.00000000 
32.00000000 
625.00000000 
542.00000000 
0.00000000 
43.00000000 
75.00000000 
68.00000000 
13.00000000 
0.00000000 
111.00000000 
0.00000000 
0.00000000 
0.00000000 
23.00000000 
664.00000000 
0.00000000 
277.00000000 
55.00000000 
506.00000000 
48.00000000 
161.00000000 
91.00000000 
0.00000000 
0.00000000 
0.00000000 
30.00000000 
92.00000000 
0.00000000 
1.00000000 
0.00000000 
0.00000000 
48.00000000 
0.00000000 
10.00000000 
6.00000000 
0.00000000 
0.00000000 
0.00000000 
0.00000000 
0.00000000 
16.00000000 
10.00000000 
42.00000000 
502.00000000 
24.00000000 
93.00000000 
271.00000000 
0.00000000 
70.00000000 
82.00000000 
0.00000000 
0.00000000 
511.00000000 
11.00000000 
48.00000000 
0.00000000 
46.00000000 
511.00000000 
184.00000000 
0.00000000 
58.00000000 
26.00000000 
0.00000000 
10.00000000 
35.00000000 
97.00000000 
0.00000000 
2.00000000 
103.00000000 
26.00000000 
5.00000000 
1.00000000 
16.00000000 
43.00000000 
34.00000000 
0.00000000 
11.00000000 
16.00000000 
174.00000000 
171.00000000 
90.00000000 
0.00000000 
183.00000000 
20.00000000 
319.00000000 
0.00000000 
0.00000000 
55.00000000 
29.00000000 
39.00000000 
55.00000000 
20.00000000 
122.00000000 
241.00000000 
0.00000000 
10.00000000 
0.00000000 
0.00000000 
26.00000000 
175.00000000 
0.00000000 
250.00000000 
16.00000000 
1.00000000 
358.00000000 
42.00000000 
1441.00000000 
366.00000000 
20.00000000 
30.00000000 
10.00000000 
3532.00000000 
90.00000000 
39.00000000 
96.00000000 
30.00000000 
26.00000000 
4.00000000 
623.00000000 
7.00000000 
142.00000000 
497.00000000 
1.00000000 
0.00000000 
0.00000000 
0.00000000 
12.00000000 
0.00000000 
0.00000000 
179.00000000 
179.00000000 
92.00000000 
1.00000000 
0.00000000 
18.00000000 
40.00000000 
0.00000000 
0.00000000 
0.00000000 
18.00000000 
99.00000000 
0.00000000 
128.00000000 
0.00000000 
350.00000000 
0.00000000 
70.00000000 
0.00000000 
317.00000000 
44.00000000 
156.00000000 
325.00000000 
50.00000000 
61.00000000 
14.00000000 
3.00000000 
166.00000000 
135.00000000 
20.00000000 
17.00000000 
12.00000000 
117.00000000 
51.00000000 
64.00000000 
0.00000000 
0.00000000 
2.00000000 
77.00000000 
813.00000000 
305.00000000 
0.00000000 
18.00000000 
3.00000000 
15.00000000 
32.00000000 
820.00000000 
21.00000000 
305.00000000 
16.00000000 
417.00000000 
27.00000000 
29.00000000 
416.00000000 
339.00000000 
38.00000000 
0.00000000 
0.00000000 
1.00000000 
0.00000000 
19.00000000 
17.00000000 
243.00000000 
36.00000000 
86.00000000 
0.00000000 
0.00000000 
167.00000000 
0.00000000 
36.00000000 
31.00000000 
334.00000000 
15.00000000 
0.00000000 
80.00000000 
0.00000000 
0.00000000 
238.00000000 
0.00000000 
0.00000000 
0.00000000 
0.00000000 
34.00000000 
0.00000000 
301.00000000 
0.00000000 
34.00000000 
10.00000000 
16.00000000 
0.00000000 
180.00000000 
19.00000000 
0.00000000 
0.00000000 
37.00000000 
0.00000000 
260.00000000 
3.00000000 
21.00000000 
0.00000000 
38.00000000 
52.00000000 
0.00000000 
0.00000000 
19.00000000 
163.00000000 
30.00000000 
10.00000000 
0.00000000 
91.00000000 
0.00000000 
10.00000000 
13.00000000 
64.00000000 
127.00000000 
35.00000000 
197.00000000 
35.00000000 
13.00000000 
337.00000000 
33.00000000 
46.00000000 
85.00000000 
18.00000000 
3.00000000 
0.00000000 
0.00000000 
42.00000000 
706.00000000 
215.00000000 
51.00000000 
73.00000000 
15.00000000 
25.00000000 
21.00000000 
43.00000000 
0.00000000 
0.00000000 
26.00000000 
98.00000000 
1241.00000000 
160.00000000 
19.00000000 
70.00000000 
23.00000000 
114.00000000 
88.00000000 
0.00000000 
0.00000000 
7.00000000 
285.00000000 
4.00000000 
0.00000000 
0.00000000 
2.00000000 
0.00000000 
0.00000000 
5101.00000000 
290.00000000 
0.00000000 
21.00000000 
0.00000000 
120.00000000 
0.00000000 
0.00000000 
123.00000000 
0.00000000 
0.00000000 
0.00000000 
10.00000000 
51.00000000 
0.00000000 
0.00000000 
10.00000000 
0.00000000 
116.00000000 
32.00000000 
427.00000000 
23.00000000 
1.00000000 
0.00000000 
330.00000000 
9.00000000 
2.00000000 
0.00000000 
0.00000000 
307.00000000 
0.00000000 
0.00000000 
0.00000000 
640.00000000 
0.00000000 
0.00000000 
16.00000000 
0.00000000 
0.00000000 
91.00000000 
0.00000000 
0.00000000 
0.00000000 
704.00000000 
0.00000000 
0.00000000 
10.00000000 
28.00000000 
3.00000000 
71.00000000 
958.00000000 
16.00000000 
0.00000000 
0.00000000 
291.00000000 
22.00000000 
4.00000000 
0.00000000 
0.00000000 
10.00000000 
1584.00000000 
158.00000000 
16.00000000 
104.00000000 
115.00000000 
61.00000000 
0.00000000 
16.00000000 
21.00000000 
0.00000000 
0.00000000 
4.00000000 
7.00000000 
0.00000000 
12.00000000 
1.00000000 
0.00000000 
13.00000000 
103.00000000 
121.00000000 
2.00000000 
0.00000000 
2.00000000 
0.00000000 
211.00000000 
0.00000000 
0.00000000 
0.00000000 
0.00000000 
38.00000000 
21.00000000 
25.00000000 
0.00000000 
0.00000000 
25.00000000 
0.00000000 
214.00000000 
6.00000000 
0.00000000 
5.00000000 
0.00000000 
24.00000000 
2004.00000000 
932.00000000 
19.00000000 
29.00000000 
53.00000000 
122.00000000 
0.00000000 
0.00000000 
19.00000000 
10.00000000 
19.00000000 
81.00000000 
0.00000000 
0.00000000 
88.00000000 
0.00000000 
64.00000000 
111.00000000 
25.00000000 
0.00000000 
13.00000000 
119.00000000 
450.00000000 
0.00000000 
416.00000000 
45.00000000 
0.00000000 
1000.00000000 
4.00000000 
0.00000000 
0.00000000 
0.00000000 
119.00000000 
0.00000000 
163.00000000 
0.00000000 
0.00000000 
40.00000000 
266.00000000 
46.00000000 
0.00000000 
18.00000000 
9.00000000 
32.00000000 
228.00000000 
84.00000000 
55.00000000 
5.00000000 
303.00000000 
227.00000000 
845.00000000 
90.00000000 
16.00000000 
5.00000000 
113.00000000 
13.00000000 
32.00000000 
239.00000000 
64.00000000 
278.00000000 
0.00000000 
15.00000000 
0.00000000 
102.00000000 
2.00000000 
41.00000000 
0.00000000 
74.00000000 
173.00000000 
18.00000000 
22.00000000 
27.00000000 
135.00000000 
101.00000000 
135.00000000 
529.00000000 
225.00000000 
0.00000000 
22.00000000 
0.00000000 
132.00000000 
397.00000000 
294.00000000 
0.00000000 
0.00000000 
76.00000000 
14.00000000 
7.00000000 
1.00000000 
45.00000000 
16.00000000 
0.00000000 
32.00000000 
625.00000000 
542.00000000 
0.00000000 
43.00000000 
75.00000000 
68.00000000 
13.00000000 
0.00000000 
111.00000000 
0.00000000 
0.00000000 
0.00000000 
23.00000000 
664.00000000 
0.00000000 
277.00000000 
55.00000000 
506.00000000 
48.00000000 
161.00000000 
91.00000000 
0.00000000 
0.00000000 
0.00000000 
30.00000000 
92.00000000 
0.00000000 
1.00000000 
0.00000000 
0.00000000 
48.00000000 
0.00000000 
10.00000000 
6.00000000 
0.00000000 
0.00000000 
0.00000000 
0.00000000 
0.00000000 
16.00000000 
10.00000000 
42.00000000 
502.00000000 
24.00000000 
93.00000000 
271.00000000 
0.00000000 
70.00000000 
82.00000000 
0.00000000 
0.00000000 
511.00000000 
11.00000000 
48.00000000 
0.00000000 
46.00000000 
511.00000000 
184.00000000 
0.00000000 
58.00000000 
26.00000000 
0.00000000 
10.00000000 
35.00000000 
97.00000000 
0.00000000 
2.00000000 
103.00000000 
26.00000000 
5.00000000 
1.00000000 
16.00000000 
43.00000000 
34.00000000 
0.00000000 
11.00000000 
16.00000000 
174.00000000 
171.00000000 
90.00000000 
0.00000000 
183.00000000 
20.00000000 
319.00000000 
0.00000000 
0.00000000 
55.00000000 
29.00000000 
39.00000000 
55.00000000 
20.00000000 
122.00000000 
241.00000000 
0.00000000 
10.00000000 
0.00000000 
0.00000000 
26.00000000 
175.00000000 
0.00000000 
250.00000000 
16.00000000 
1.00000000 
358.00000000 
42.00000000 
1441.00000000 
366.00000000 
20.00000000 
30.00000000 
10.00000000 
3532.00000000 
90.00000000 
39.00000000 
96.00000000 
30.00000000 
26.00000000 
4.00000000 
623.00000000 
7.00000000 
142.00000000 
497.00000000 
1.00000000 
0.00000000 
0.00000000 
0.00000000 
12.00000000 
0.00000000 
0.00000000 
179.00000000 
179.00000000 
92.00000000 
1.00000000 
0.00000000 
18.00000000 
40.00000000 
0.00000000 
0.00000000 
0.00000000 
18.00000000 
99.00000000 
0.00000000 
128.00000000 
0.00000000 
350.00000000 
0.00000000 
70.00000000 
0.00000000 
317.00000000 
44.00000000 
156.00000000 
325.00000000 
50.00000000 
61.00000000 
14.00000000 
3.00000000 
166.00000000 
135.00000000 
20.00000000 
17.00000000 
12.00000000 
117.00000000 
51.00000000 
64.00000000 
0.00000000 
0.00000000 
2.00000000 
77.00000000 
813.00000000 
305.00000000 
0.00000000 
18.00000000 
3.00000000 
15.00000000 
32.00000000 
820.00000000 
21.00000000 
305.00000000 
16.00000000 
417.00000000 
27.00000000 
29.00000000 
416.00000000 
339.00000000 
38.00000000 
0.00000000 
0.00000000 
1.00000000 
0.00000000 
19.00000000 
17.00000000 
243.00000000 
36.00000000 
86.00000000 
0.00000000 
0.00000000 
167.00000000 
0.00000000 
36.00000000 
31.00000000 
334.00000000 
15.00000000 
0.00000000 
80.00000000 
0.00000000 
0.00000000 
238.00000000 
0.00000000 
0.00000000 
0.00000000 
0.00000000 
34.00000000 
0.00000000 
301.00000000 
0.00000000 
34.00000000 
10.00000000 
16.00000000 
0.00000000 
180.00000000 
19.00000000 
0.00000000 
0.00000000 
37.00000000 
0.00000000 
260.00000000 
3.00000000 
21.00000000 
0.00000000 
38.00000000 
52.00000000 
0.00000000 
0.00000000 
19.00000000 
163.00000000 
30.00000000 
10.00000000 
0.00000000 
91.00000000 
0.00000000 
10.00000000 
13.00000000 
64.00000000 
127.00000000 
35.00000000 
197.00000000 
35.00000000 
13.00000000 
337.00000000 
33.00000000 
46.00000000 
85.00000000 
18.00000000 
3.00000000 
0.00000000 
0.00000000 
42.00000000 
706.00000000 
215.00000000 
51.00000000 
73.00000000 
15.00000000 
25.00000000 
21.00000000 
43.00000000 
0.00000000 
0.00000000 
26.00000000 
98.00000000 
1241.00000000 
160.00000000 
19.00000000 
70.00000000 
23.00000000 
114.00000000 
88.00000000 
0.00000000 
0.00000000 
7.00000000 
285.00000000 
4.00000000 
0.00000000 
0.00000000 
2.00000000 
0.00000000 
0.00000000 
5101.00000000 
290.00000000 
0.00000000 
21.00000000 
0.00000000 
120.00000000 
0.00000000 
0.00000000 
123.00000000 
0.00000000 
0.00000000 
0.00000000 
10.00000000 
51.00000000 
0.00000000 
0.00000000 
10.00000000 
0.00000000 
116.00000000 
32.00000000 
427.00000000 
23.00000000 
1.00000000 
0.00000000 
330.00000000 
9.00000000 
2.00000000 
0.00000000 
0.00000000 
307.00000000 
0.00000000 
0.00000000 
0.00000000 
640.00000000 
0.00000000 
0.00000000 
16.00000000 
0.00000000 
0.00000000 
91.00000000 
0.00000000 
0.00000000 
0.00000000 
704.00000000 
0.00000000 
0.00000000 
10.00000000 
28.00000000 
3.00000000 
71.00000000 
958.00000000 
16.00000000 
0.00000000 
0.00000000 
291.00000000 
22.00000000 
4.00000000 
0.00000000 
0.00000000 
10.00000000 
1584.00000000 
158.00000000 
16.00000000 
104.00000000 
115.00000000 
61.00000000 
0.00000000 
16.00000000 
21.00000000 
0.00000000 
0.00000000 
4.00000000 
7.00000000 
0.00000000 
12.00000000 
1.00000000 
0.00000000 
13.00000000 
103.00000000 
121.00000000 
2.00000000 
0.00000000 
2.00000000 
0.00000000 
211.00000000 
0.00000000 
0.00000000 
0.00000000 
0.00000000 
38.00000000 
21.00000000 
25.00000000 
0.00000000 
0.00000000 
25.00000000 
0.00000000 
214.00000000 
6.00000000 
0.00000000 
5.00000000 
0.00000000 
24.00000000 
2004.00000000 
932.00000000 
19.00000000 
29.00000000 
53.00000000 
122.00000000 
0.00000000 
0.00000000 
19.00000000 
10.00000000 
19.00000000 
81.00000000 
0.00000000 
0.00000000 
88.00000000 
0.00000000 
64.00000000 
111.00000000 
25.00000000 
0.00000000 
13.00000000 
119.00000000 
450.00000000 
0.00000000 
416.00000000 
45.00000000 
0.00000000 
1000.00000000 
4.00000000 
0.00000000 
0.00000000 
0.00000000 
119.00000000 
