0.00048304 
0.00048076 
0.00048100 
0.00048048 
0.00048387 
0.00047999 
0.00046699 
0.00047107 
0.00047296 
0.00047627 
0.00047373 
0.00047365 
0.00047444 
0.00047643 
0.00047761 
0.00048017 
0.00048117 
0.00048380 
0.00048125 
0.00047265 
0.00046877 
0.00047098 
0.00047100 
0.00047101 
0.00046704 
0.00046700 
0.00046394 
0.00046393 
0.00046322 
0.00046090 
0.00045890 
0.00045899 
0.00045779 
0.00045700 
0.00046408 
0.00046796 
0.00046999 
0.00046158 
0.00045741 
0.00044951 
0.00044604 
0.00044464 
0.00045400 
0.00045106 
0.00045066 
0.00044699 
0.00045256 
0.00044572 
0.00046231 
0.00046000 
0.00046399 
0.00047246 
0.00047462 
0.00044856 
0.00044389 
0.00044096 
0.00043769 
0.00043596 
0.00043999 
0.00043500 
0.00043888 
0.00042297 
0.00041497 
0.00040883 
0.00040708 
0.00040653 
0.00040653 
0.00040435 
0.00040434 
0.00040383 
0.00040222 
0.00040359 
0.00040248 
0.00040098 
0.00040097 
0.00039750 
0.00039980 
0.00040000 
0.00040001 
0.00040248 
0.00040250 
0.00040142 
0.00040253 
0.00040300 
0.00040252 
0.00040299 
0.00040351 
0.00040652 
0.00040550 
0.00040373 
0.00040702 
0.00040702 
0.00040705 
0.00040706 
0.00040241 
0.00040582 
0.00040381 
0.00040386 
0.00040375 
0.00040810 
0.00041040 
0.00041037 
0.00040978 
0.00040978 
0.00040978 
0.00040984 
0.00040838 
0.00041037 
0.00040684 
0.00041010 
0.00040947 
0.00040593 
0.00040419 
0.00040229 
0.00040229 
0.00039998 
0.00039717 
0.00040243 
0.00040635 
0.00040952 
0.00040767 
0.00040957 
0.00041047 
0.00041249 
0.00041316 
0.00041002 
0.00040936 
0.00040900 
0.00040646 
0.00040653 
0.00040798 
0.00040425 
0.00040425 
0.00040083 
0.00040160 
0.00040747 
0.00040638 
0.00040677 
0.00040566 
0.00040203 
0.00040312 
0.00040176 
0.00040244 
0.00040251 
0.00040497 
0.00040513 
0.00040226 
0.00040565 
0.00040702 
0.00040250 
0.00040175 
0.00040832 
0.00040926 
0.00038827 
0.00038657 
0.00038356 
0.00038604 
0.00038814 
0.00038374 
0.00038714 
0.00038800 
0.00039100 
0.00038977 
0.00039050 
0.00039300 
0.00038817 
0.00038962 
0.00038801 
0.00039167 
0.00039410 
0.00038832 
0.00038300 
0.00038085 
0.00038085 
0.00038082 
0.00038079 
0.00038037 
0.00037710 
0.00038068 
0.00038082 
0.00038082 
0.00038068 
0.00038048 
0.00037748 
0.00037781 
0.00037624 
0.00037798 
0.00037714 
0.00037800 
0.00037943 
0.00037640 
0.00037645 
0.00037645 
0.00037772 
0.00037500 
0.00037401 
0.00037549 
0.00037400 
0.00037359 
0.00037386 
0.00037585 
0.00037530 
0.00037009 
0.00036746 
0.00037009 
0.00036785 
0.00036699 
0.00036861 
0.00036553 
0.00036504 
0.00036341 
0.00036172 
0.00036298 
0.00036506 
0.00035854 
0.00036561 
0.00036760 
0.00037328 
0.00037930 
0.00037931 
0.00038028 
0.00037704 
0.00037700 
0.00038082 
0.00037821 
0.00037730 
0.00037565 
0.00037727 
0.00037561 
0.00037171 
0.00037919 
0.00038342 
0.00038289 
0.00038344 
0.00038819 
0.00037943 
0.00037755 
0.00037995 
0.00037966 
0.00037667 
0.00037668 
0.00037171 
0.00037198 
0.00037429 
0.00037960 
0.00038525 
0.00038529 
0.00039003 
0.00038155 
0.00037552 
0.00037202 
0.00036880 
0.00036760 
0.00036241 
0.00036243 
0.00036005 
0.00035970 
0.00035968 
0.00035970 
0.00035976 
0.00036011 
0.00036011 
0.00035956 
0.00036011 
0.00036011 
0.00036010 
0.00036007 
0.00036011 
0.00035998 
0.00036199 
0.00036233 
0.00036243 
0.00036183 
0.00035855 
0.00035880 
0.00036231 
0.00036244 
0.00036601 
0.00035765 
0.00035238 
0.00036238 
0.00036500 
0.00036200 
0.00036177 
0.00035714 
0.00035625 
0.00035322 
0.00035060 
0.00035050 
0.00035210 
0.00035338 
0.00035510 
0.00035540 
0.00035613 
0.00036106 
0.00035751 
0.00036133 
0.00036159 
0.00036201 
0.00036203 
0.00036346 
0.00036346 
0.00036645 
0.00036855 
0.00036888 
0.00036900 
0.00036899 
0.00036991 
0.00036496 
0.00036806 
0.00036493 
0.00036339 
0.00036188 
0.00036138 
0.00036477 
0.00036511 
0.00035823 
0.00035822 
0.00035793 
0.00035816 
0.00035504 
0.00035504 
0.00035378 
0.00035823 
0.00035163 
0.00034640 
0.00034825 
0.00034720 
0.00034589 
0.00034636 
0.00034910 
0.00034589 
0.00034775 
0.00034848 
0.00034718 
0.00035109 
0.00034893 
0.00034617 
0.00034575 
0.00034575 
0.00034601 
0.00034636 
0.00034601 
0.00034559 
0.00035293 
0.00035763 
0.00035319 
0.00034136 
0.00033855 
0.00033850 
0.00033848 
0.00033851 
0.00034317 
0.00034443 
0.00034504 
0.00034518 
0.00034368 
0.00034626 
0.00034452 
0.00034713 
0.00034444 
0.00034240 
0.00035150 
0.00034603 
0.00034402 
0.00034100 
0.00034323 
0.00034829 
0.00035795 
0.00034690 
0.00034600 
0.00034774 
0.00034770 
0.00034716 
0.00034056 
0.00034410 
0.00034775 
0.00035639 
0.00035518 
0.00035037 
0.00035042 
0.00035002 
0.00035003 
0.00035101 
0.00035241 
0.00035242 
0.00035811 
0.00036096 
0.00036000 
0.00036234 
0.00036072 
0.00036502 
0.00036739 
0.00036800 
0.00036782 
0.00037109 
0.00037152 
0.00037247 
0.00037370 
0.00037562 
0.00037702 
0.00037813 
0.00038047 
0.00037431 
0.00037200 
0.00037592 
0.00037595 
0.00037595 
0.00037595 
0.00037595 
0.00037999 
0.00037950 
0.00037652 
0.00037899 
0.00037756 
0.00037600 
0.00037691 
0.00037742 
0.00038014 
0.00038027 
0.00037886 
0.00037646 
0.00037980 
0.00038227 
0.00037709 
0.00037715 
0.00037868 
0.00038497 
0.00037592 
0.00037610 
0.00037302 
0.00037000 
0.00036727 
0.00036992 
0.00036758 
0.00037195 
0.00036956 
0.00037060 
0.00037061 
0.00037029 
0.00037007 
0.00037277 
0.00037832 
0.00037531 
0.00037838 
0.00037510 
0.00037239 
0.00037517 
0.00037485 
0.00037093 
0.00037870 
0.00038421 
0.00038671 
0.00038146 
0.00038128 
0.00038298 
0.00038587 
0.00038319 
0.00038649 
0.00038734 
0.00039131 
0.00039576 
0.00039232 
0.00039942 
0.00041222 
0.00041620 
0.00041221 
0.00040307 
0.00040223 
0.00040088 
0.00039978 
0.00040653 
0.00038849 
0.00038730 
0.00038910 
0.00038700 
0.00037897 
0.00037856 
0.00038142 
0.00038148 
0.00048304 
0.00048076 
0.00048100 
0.00048048 
0.00048387 
0.00047999 
0.00046699 
0.00047107 
0.00047296 
0.00047627 
0.00047373 
0.00047365 
0.00047444 
0.00047643 
0.00047761 
0.00048017 
0.00048117 
0.00048380 
0.00048125 
0.00047265 
0.00046877 
0.00047098 
0.00047100 
0.00047101 
0.00046704 
0.00046700 
0.00046394 
0.00046393 
0.00046322 
0.00046090 
0.00045890 
0.00045899 
0.00045779 
0.00045700 
0.00046408 
0.00046796 
0.00046999 
0.00046158 
0.00045741 
0.00044951 
0.00044604 
0.00044464 
0.00045400 
0.00045106 
0.00045066 
0.00044699 
0.00045256 
0.00044572 
0.00046231 
0.00046000 
0.00046399 
0.00047246 
0.00047462 
0.00044856 
0.00044389 
0.00044096 
0.00043769 
0.00043596 
0.00043999 
0.00043500 
0.00043888 
0.00042297 
0.00041497 
0.00040883 
0.00040708 
0.00040653 
0.00040653 
0.00040435 
0.00040434 
0.00040383 
0.00040222 
0.00040359 
0.00040248 
0.00040098 
0.00040097 
0.00039750 
0.00039980 
0.00040000 
0.00040001 
0.00040248 
0.00040250 
0.00040142 
0.00040253 
0.00040300 
0.00040252 
0.00040299 
0.00040351 
0.00040652 
0.00040550 
0.00040373 
0.00040702 
0.00040702 
0.00040705 
0.00040706 
0.00040241 
0.00040582 
0.00040381 
0.00040386 
0.00040375 
0.00040810 
0.00041040 
0.00041037 
0.00040978 
0.00040978 
0.00040978 
0.00040984 
0.00040838 
0.00041037 
0.00040684 
0.00041010 
0.00040947 
0.00040593 
0.00040419 
0.00040229 
0.00040229 
0.00039998 
0.00039717 
0.00040243 
0.00040635 
0.00040952 
0.00040767 
0.00040957 
0.00041047 
0.00041249 
0.00041316 
0.00041002 
0.00040936 
0.00040900 
0.00040646 
0.00040653 
0.00040798 
0.00040425 
0.00040425 
0.00040083 
0.00040160 
0.00040747 
0.00040638 
0.00040677 
0.00040566 
0.00040203 
0.00040312 
0.00040176 
0.00040244 
0.00040251 
0.00040497 
0.00040513 
0.00040226 
0.00040565 
0.00040702 
0.00040250 
0.00040175 
0.00040832 
0.00040926 
0.00038827 
0.00038657 
0.00038356 
0.00038604 
0.00038814 
0.00038374 
0.00038714 
0.00038800 
0.00039100 
0.00038977 
0.00039050 
0.00039300 
0.00038817 
0.00038962 
0.00038801 
0.00039167 
0.00039410 
0.00038832 
0.00038300 
0.00038085 
0.00038085 
0.00038082 
0.00038079 
0.00038037 
0.00037710 
0.00038068 
0.00038082 
0.00038082 
0.00038068 
0.00038048 
0.00037748 
0.00037781 
0.00037624 
0.00037798 
0.00037714 
0.00037800 
0.00037943 
0.00037640 
0.00037645 
0.00037645 
0.00037772 
0.00037500 
0.00037401 
0.00037549 
0.00037400 
0.00037359 
0.00037386 
0.00037585 
0.00037530 
0.00037009 
0.00036746 
0.00037009 
0.00036785 
0.00036699 
0.00036861 
0.00036553 
0.00036504 
0.00036341 
0.00036172 
0.00036298 
0.00036506 
0.00035854 
0.00036561 
0.00036760 
0.00037328 
0.00037930 
0.00037931 
0.00038028 
0.00037704 
0.00037700 
0.00038082 
0.00037821 
0.00037730 
0.00037565 
0.00037727 
0.00037561 
0.00037171 
0.00037919 
0.00038342 
0.00038289 
0.00038344 
0.00038819 
0.00037943 
0.00037755 
0.00037995 
0.00037966 
0.00037667 
0.00037668 
0.00037171 
0.00037198 
0.00037429 
0.00037960 
0.00038525 
0.00038529 
0.00039003 
0.00038155 
0.00037552 
0.00037202 
0.00036880 
0.00036760 
0.00036241 
0.00036243 
0.00036005 
0.00035970 
0.00035968 
0.00035970 
0.00035976 
0.00036011 
0.00036011 
0.00035956 
0.00036011 
0.00036011 
0.00036010 
0.00036007 
0.00036011 
0.00035998 
0.00036199 
0.00036233 
0.00036243 
0.00036183 
0.00035855 
0.00035880 
0.00036231 
0.00036244 
0.00036601 
0.00035765 
0.00035238 
0.00036238 
0.00036500 
0.00036200 
0.00036177 
0.00035714 
0.00035625 
0.00035322 
0.00035060 
0.00035050 
0.00035210 
0.00035338 
0.00035510 
0.00035540 
0.00035613 
0.00036106 
0.00035751 
0.00036133 
0.00036159 
0.00036201 
0.00036203 
0.00036346 
0.00036346 
0.00036645 
0.00036855 
0.00036888 
0.00036900 
0.00036899 
0.00036991 
0.00036496 
0.00036806 
0.00036493 
0.00036339 
0.00036188 
0.00036138 
0.00036477 
0.00036511 
0.00035823 
0.00035822 
0.00035793 
0.00035816 
0.00035504 
0.00035504 
0.00035378 
0.00035823 
0.00035163 
0.00034640 
0.00034825 
0.00034720 
0.00034589 
0.00034636 
0.00034910 
0.00034589 
0.00034775 
0.00034848 
0.00034718 
0.00035109 
0.00034893 
0.00034617 
0.00034575 
0.00034575 
0.00034601 
0.00034636 
0.00034601 
0.00034559 
0.00035293 
0.00035763 
0.00035319 
0.00034136 
0.00033855 
0.00033850 
0.00033848 
0.00033851 
0.00034317 
0.00034443 
0.00034504 
0.00034518 
0.00034368 
0.00034626 
0.00034452 
0.00034713 
0.00034444 
0.00034240 
0.00035150 
0.00034603 
0.00034402 
0.00034100 
0.00034323 
0.00034829 
0.00035795 
0.00034690 
0.00034600 
0.00034774 
0.00034770 
0.00034716 
0.00034056 
0.00034410 
0.00034775 
0.00035639 
0.00035518 
0.00035037 
0.00035042 
0.00035002 
0.00035003 
0.00035101 
0.00035241 
0.00035242 
0.00035811 
0.00036096 
0.00036000 
0.00036234 
0.00036072 
0.00036502 
0.00036739 
0.00036800 
0.00036782 
0.00037109 
0.00037152 
0.00037247 
0.00037370 
0.00037562 
0.00037702 
0.00037813 
0.00038047 
0.00037431 
0.00037200 
0.00037592 
0.00037595 
0.00037595 
0.00037595 
0.00037595 
0.00037999 
0.00037950 
0.00037652 
0.00037899 
0.00037756 
0.00037600 
0.00037691 
0.00037742 
0.00038014 
0.00038027 
0.00037886 
0.00037646 
0.00037980 
0.00038227 
0.00037709 
0.00037715 
0.00037868 
0.00038497 
0.00037592 
0.00037610 
0.00037302 
0.00037000 
0.00036727 
0.00036992 
0.00036758 
0.00037195 
0.00036956 
0.00037060 
0.00037061 
0.00037029 
0.00037007 
0.00037277 
0.00037832 
0.00037531 
0.00037838 
0.00037510 
0.00037239 
0.00037517 
0.00037485 
0.00037093 
0.00037870 
0.00038421 
0.00038671 
0.00038146 
0.00038128 
0.00038298 
0.00038587 
0.00038319 
0.00038649 
0.00038734 
0.00039131 
0.00039576 
0.00039232 
0.00039942 
0.00041222 
0.00041620 
0.00041221 
0.00040307 
0.00040223 
0.00040088 
0.00039978 
0.00040653 
0.00038849 
0.00038730 
0.00038910 
0.00038700 
0.00037897 
0.00037856 
0.00038142 
0.00038148 
0.00048304 
0.00048076 
0.00048100 
0.00048048 
0.00048387 
0.00047999 
0.00046699 
0.00047107 
0.00047296 
0.00047627 
0.00047373 
0.00047365 
0.00047444 
0.00047643 
0.00047761 
0.00048017 
0.00048117 
0.00048380 
0.00048125 
0.00047265 
0.00046877 
0.00047098 
0.00047100 
0.00047101 
0.00046704 
0.00046700 
0.00046394 
0.00046393 
0.00046322 
0.00046090 
0.00045890 
0.00045899 
0.00045779 
0.00045700 
0.00046408 
0.00046796 
0.00046999 
0.00046158 
0.00045741 
0.00044951 
0.00044604 
0.00044464 
0.00045400 
0.00045106 
0.00045066 
0.00044699 
0.00045256 
0.00044572 
0.00046231 
0.00046000 
0.00046399 
0.00047246 
0.00047462 
0.00044856 
0.00044389 
0.00044096 
0.00043769 
0.00043596 
0.00043999 
0.00043500 
0.00043888 
0.00042297 
0.00041497 
0.00040883 
0.00040708 
0.00040653 
0.00040653 
0.00040435 
0.00040434 
0.00040383 
0.00040222 
0.00040359 
0.00040248 
0.00040098 
0.00040097 
0.00039750 
0.00039980 
0.00040000 
0.00040001 
0.00040248 
0.00040250 
0.00040142 
0.00040253 
0.00040300 
0.00040252 
0.00040299 
0.00040351 
0.00040652 
0.00040550 
0.00040373 
0.00040702 
0.00040702 
0.00040705 
0.00040706 
0.00040241 
0.00040582 
0.00040381 
0.00040386 
0.00040375 
0.00040810 
0.00041040 
0.00041037 
0.00040978 
0.00040978 
0.00040978 
0.00040984 
0.00040838 
0.00041037 
0.00040684 
0.00041010 
0.00040947 
0.00040593 
0.00040419 
0.00040229 
0.00040229 
0.00039998 
0.00039717 
0.00040243 
0.00040635 
0.00040952 
0.00040767 
0.00040957 
0.00041047 
0.00041249 
0.00041316 
0.00041002 
0.00040936 
0.00040900 
0.00040646 
0.00040653 
0.00040798 
0.00040425 
0.00040425 
0.00040083 
0.00040160 
0.00040747 
0.00040638 
0.00040677 
0.00040566 
0.00040203 
0.00040312 
0.00040176 
0.00040244 
0.00040251 
0.00040497 
0.00040513 
0.00040226 
0.00040565 
0.00040702 
0.00040250 
0.00040175 
0.00040832 
0.00040926 
0.00038827 
0.00038657 
0.00038356 
0.00038604 
0.00038814 
0.00038374 
0.00038714 
0.00038800 
0.00039100 
0.00038977 
0.00039050 
0.00039300 
0.00038817 
0.00038962 
0.00038801 
0.00039167 
0.00039410 
0.00038832 
0.00038300 
0.00038085 
0.00038085 
0.00038082 
0.00038079 
0.00038037 
0.00037710 
0.00038068 
0.00038082 
0.00038082 
0.00038068 
0.00038048 
0.00037748 
0.00037781 
0.00037624 
0.00037798 
0.00037714 
0.00037800 
0.00037943 
0.00037640 
0.00037645 
0.00037645 
0.00037772 
0.00037500 
0.00037401 
0.00037549 
0.00037400 
0.00037359 
0.00037386 
0.00037585 
0.00037530 
0.00037009 
0.00036746 
0.00037009 
0.00036785 
0.00036699 
0.00036861 
0.00036553 
0.00036504 
0.00036341 
0.00036172 
0.00036298 
0.00036506 
0.00035854 
0.00036561 
0.00036760 
0.00037328 
0.00037930 
0.00037931 
0.00038028 
0.00037704 
0.00037700 
0.00038082 
0.00037821 
0.00037730 
0.00037565 
0.00037727 
0.00037561 
0.00037171 
0.00037919 
0.00038342 
0.00038289 
0.00038344 
0.00038819 
0.00037943 
0.00037755 
0.00037995 
0.00037966 
0.00037667 
0.00037668 
0.00037171 
0.00037198 
0.00037429 
0.00037960 
0.00038525 
0.00038529 
0.00039003 
0.00038155 
0.00037552 
0.00037202 
0.00036880 
0.00036760 
0.00036241 
0.00036243 
0.00036005 
0.00035970 
0.00035968 
0.00035970 
0.00035976 
0.00036011 
0.00036011 
0.00035956 
0.00036011 
0.00036011 
0.00036010 
0.00036007 
0.00036011 
0.00035998 
0.00036199 
0.00036233 
0.00036243 
0.00036183 
0.00035855 
0.00035880 
0.00036231 
0.00036244 
0.00036601 
0.00035765 
0.00035238 
0.00036238 
0.00036500 
0.00036200 
0.00036177 
0.00035714 
0.00035625 
0.00035322 
0.00035060 
0.00035050 
0.00035210 
0.00035338 
0.00035510 
0.00035540 
0.00035613 
0.00036106 
0.00035751 
0.00036133 
0.00036159 
0.00036201 
0.00036203 
0.00036346 
0.00036346 
0.00036645 
0.00036855 
0.00036888 
0.00036900 
0.00036899 
0.00036991 
0.00036496 
0.00036806 
0.00036493 
0.00036339 
0.00036188 
0.00036138 
0.00036477 
0.00036511 
0.00035823 
0.00035822 
0.00035793 
0.00035816 
0.00035504 
0.00035504 
0.00035378 
0.00035823 
0.00035163 
0.00034640 
0.00034825 
0.00034720 
0.00034589 
0.00034636 
0.00034910 
0.00034589 
0.00034775 
0.00034848 
0.00034718 
0.00035109 
0.00034893 
0.00034617 
0.00034575 
0.00034575 
0.00034601 
0.00034636 
0.00034601 
0.00034559 
0.00035293 
0.00035763 
0.00035319 
0.00034136 
0.00033855 
0.00033850 
0.00033848 
0.00033851 
0.00034317 
0.00034443 
0.00034504 
0.00034518 
0.00034368 
0.00034626 
0.00034452 
0.00034713 
0.00034444 
0.00034240 
0.00035150 
0.00034603 
0.00034402 
0.00034100 
0.00034323 
0.00034829 
0.00035795 
0.00034690 
0.00034600 
0.00034774 
0.00034770 
0.00034716 
0.00034056 
0.00034410 
0.00034775 
0.00035639 
0.00035518 
0.00035037 
0.00035042 
0.00035002 
0.00035003 
0.00035101 
0.00035241 
0.00035242 
0.00035811 
0.00036096 
0.00036000 
0.00036234 
0.00036072 
0.00036502 
0.00036739 
0.00036800 
0.00036782 
0.00037109 
0.00037152 
0.00037247 
0.00037370 
0.00037562 
0.00037702 
0.00037813 
0.00038047 
0.00037431 
0.00037200 
0.00037592 
0.00037595 
0.00037595 
0.00037595 
0.00037595 
0.00037999 
0.00037950 
0.00037652 
0.00037899 
0.00037756 
0.00037600 
0.00037691 
0.00037742 
0.00038014 
0.00038027 
0.00037886 
0.00037646 
0.00037980 
0.00038227 
0.00037709 
0.00037715 
0.00037868 
0.00038497 
0.00037592 
0.00037610 
0.00037302 
0.00037000 
0.00036727 
0.00036992 
0.00036758 
0.00037195 
0.00036956 
0.00037060 
0.00037061 
0.00037029 
0.00037007 
0.00037277 
0.00037832 
0.00037531 
0.00037838 
0.00037510 
0.00037239 
0.00037517 
0.00037485 
0.00037093 
0.00037870 
0.00038421 
0.00038671 
0.00038146 
0.00038128 
0.00038298 
0.00038587 
0.00038319 
0.00038649 
0.00038734 
0.00039131 
0.00039576 
0.00039232 
0.00039942 
0.00041222 
0.00041620 
0.00041221 
0.00040307 
0.00040223 
0.00040088 
0.00039978 
0.00040653 
0.00038849 
0.00038730 
0.00038910 
0.00038700 
0.00037897 
0.00037856 
0.00038142 
0.00038148 
