6.00000000 
1192.00000000 
6780.00000000 
3587.00000000 
452.00000000 
5254.00000000 
9635.00000000 
1913.00000000 
3653.00000000 
1640.00000000 
667.00000000 
204.00000000 
2770.00000000 
2737.00000000 
1946.00000000 
11647.00000000 
2635.00000000 
6300.00000000 
5082.00000000 
12372.00000000 
4930.00000000 
4052.00000000 
202.00000000 
1229.00000000 
1908.00000000 
6228.00000000 
3170.00000000 
878.00000000 
1045.00000000 
3819.00000000 
3284.00000000 
1905.00000000 
1914.00000000 
2675.00000000 
6487.00000000 
5736.00000000 
4537.00000000 
5225.00000000 
2222.00000000 
3687.00000000 
4372.00000000 
2270.00000000 
1860.00000000 
5121.00000000 
6035.00000000 
4232.00000000 
654.00000000 
2725.00000000 
6479.00000000 
5313.00000000 
6133.00000000 
4706.00000000 
10287.00000000 
16408.00000000 
1338.00000000 
2111.00000000 
2588.00000000 
2096.00000000 
6704.00000000 
6676.00000000 
5439.00000000 
3599.00000000 
472.00000000 
2333.00000000 
650.00000000 
7264.00000000 
429.00000000 
5651.00000000 
164.00000000 
4428.00000000 
903.00000000 
2285.00000000 
2398.00000000 
2818.00000000 
1487.00000000 
3702.00000000 
777.00000000 
650.00000000 
4706.00000000 
1627.00000000 
131.00000000 
1672.00000000 
4678.00000000 
297.00000000 
249.00000000 
2555.00000000 
614.00000000 
367.00000000 
2624.00000000 
785.00000000 
1660.00000000 
994.00000000 
4031.00000000 
769.00000000 
1353.00000000 
878.00000000 
2587.00000000 
18.00000000 
1894.00000000 
3143.00000000 
3142.00000000 
3110.00000000 
1084.00000000 
274.00000000 
310.00000000 
303.00000000 
1066.00000000 
1654.00000000 
860.00000000 
190.00000000 
2333.00000000 
4143.00000000 
2353.00000000 
5508.00000000 
1620.00000000 
2245.00000000 
5827.00000000 
15132.00000000 
9723.00000000 
3438.00000000 
1474.00000000 
1397.00000000 
6976.00000000 
1625.00000000 
620.00000000 
5115.00000000 
12904.00000000 
1750.00000000 
7429.00000000 
10.00000000 
6110.00000000 
4212.00000000 
92.00000000 
2587.00000000 
332.00000000 
313.00000000 
5720.00000000 
1877.00000000 
834.00000000 
2829.00000000 
4202.00000000 
640.00000000 
1001.00000000 
413.00000000 
515.00000000 
193.00000000 
176.00000000 
427.00000000 
1410.00000000 
1237.00000000 
1775.00000000 
2692.00000000 
2222.00000000 
4550.00000000 
158.00000000 
1588.00000000 
2916.00000000 
4608.00000000 
7637.00000000 
2315.00000000 
3722.00000000 
4741.00000000 
1077.00000000 
2588.00000000 
3440.00000000 
8375.00000000 
1754.00000000 
2157.00000000 
1329.00000000 
6979.00000000 
456.00000000 
2286.00000000 
1148.00000000 
898.00000000 
1709.00000000 
696.00000000 
549.00000000 
171.00000000 
33.00000000 
333.00000000 
509.00000000 
21.00000000 
736.00000000 
822.00000000 
214.00000000 
1259.00000000 
360.00000000 
268.00000000 
1200.00000000 
10.00000000 
477.00000000 
312.00000000 
214.00000000 
103.00000000 
238.00000000 
40.00000000 
32.00000000 
599.00000000 
364.00000000 
178.00000000 
1320.00000000 
1393.00000000 
3627.00000000 
8438.00000000 
2303.00000000 
2080.00000000 
924.00000000 
98.00000000 
1027.00000000 
1090.00000000 
3642.00000000 
519.00000000 
1476.00000000 
1831.00000000 
1237.00000000 
16769.00000000 
15245.00000000 
1939.00000000 
1421.00000000 
466.00000000 
2635.00000000 
442.00000000 
1713.00000000 
1507.00000000 
2467.00000000 
502.00000000 
887.00000000 
247.00000000 
1809.00000000 
2137.00000000 
3892.00000000 
6036.00000000 
62.00000000 
1928.00000000 
1193.00000000 
19130.00000000 
700.00000000 
1451.00000000 
1721.00000000 
1024.00000000 
3094.00000000 
2693.00000000 
4405.00000000 
1976.00000000 
1890.00000000 
2904.00000000 
2944.00000000 
91.00000000 
1454.00000000 
4036.00000000 
783.00000000 
247.00000000 
907.00000000 
3244.00000000 
482.00000000 
57.00000000 
2662.00000000 
441.00000000 
532.00000000 
71.00000000 
1795.00000000 
49.00000000 
72.00000000 
0.00000000 
354.00000000 
486.00000000 
375.00000000 
1241.00000000 
103.00000000 
638.00000000 
450.00000000 
1063.00000000 
401.00000000 
997.00000000 
4515.00000000 
3184.00000000 
521.00000000 
249.00000000 
22374.00000000 
4717.00000000 
2976.00000000 
385.00000000 
42.00000000 
1948.00000000 
1352.00000000 
758.00000000 
841.00000000 
784.00000000 
410.00000000 
634.00000000 
34.00000000 
5097.00000000 
847.00000000 
860.00000000 
3387.00000000 
527.00000000 
935.00000000 
897.00000000 
1058.00000000 
1097.00000000 
275.00000000 
1641.00000000 
57.00000000 
527.00000000 
1054.00000000 
713.00000000 
406.00000000 
501.00000000 
266.00000000 
669.00000000 
3478.00000000 
508.00000000 
611.00000000 
2846.00000000 
1086.00000000 
241.00000000 
1437.00000000 
777.00000000 
5408.00000000 
4042.00000000 
922.00000000 
566.00000000 
1438.00000000 
335.00000000 
1535.00000000 
2135.00000000 
4585.00000000 
355.00000000 
3472.00000000 
1093.00000000 
941.00000000 
1942.00000000 
1514.00000000 
881.00000000 
1966.00000000 
2099.00000000 
577.00000000 
678.00000000 
1361.00000000 
623.00000000 
251.00000000 
1232.00000000 
785.00000000 
2222.00000000 
7173.00000000 
447.00000000 
2856.00000000 
6094.00000000 
2263.00000000 
1134.00000000 
1860.00000000 
873.00000000 
549.00000000 
1071.00000000 
12165.00000000 
882.00000000 
1471.00000000 
3217.00000000 
5715.00000000 
8115.00000000 
3972.00000000 
283.00000000 
938.00000000 
160.00000000 
2926.00000000 
1348.00000000 
1169.00000000 
8117.00000000 
4811.00000000 
2658.00000000 
8275.00000000 
406.00000000 
496.00000000 
380.00000000 
573.00000000 
8290.00000000 
2374.00000000 
5478.00000000 
1720.00000000 
479.00000000 
292.00000000 
1292.00000000 
1545.00000000 
639.00000000 
541.00000000 
43.00000000 
36.00000000 
547.00000000 
2155.00000000 
1148.00000000 
700.00000000 
2253.00000000 
130.00000000 
0.00000000 
4619.00000000 
6927.00000000 
34.00000000 
158.00000000 
225.00000000 
655.00000000 
4221.00000000 
5290.00000000 
130.00000000 
1002.00000000 
554.00000000 
1910.00000000 
181.00000000 
1000.00000000 
4.00000000 
469.00000000 
67.00000000 
338.00000000 
355.00000000 
114.00000000 
55.00000000 
159.00000000 
108.00000000 
159.00000000 
75.00000000 
15.00000000 
1341.00000000 
632.00000000 
1115.00000000 
338.00000000 
2370.00000000 
317.00000000 
394.00000000 
763.00000000 
5551.00000000 
97.00000000 
462.00000000 
942.00000000 
1692.00000000 
414.00000000 
3042.00000000 
408.00000000 
1211.00000000 
1457.00000000 
1281.00000000 
551.00000000 
1346.00000000 
362.00000000 
6793.00000000 
611.00000000 
351.00000000 
296.00000000 
1122.00000000 
878.00000000 
1549.00000000 
1466.00000000 
3621.00000000 
3087.00000000 
359.00000000 
1894.00000000 
671.00000000 
1932.00000000 
1538.00000000 
2585.00000000 
1732.00000000 
1281.00000000 
2455.00000000 
755.00000000 
2689.00000000 
1296.00000000 
5312.00000000 
922.00000000 
2018.00000000 
3688.00000000 
613.00000000 
296.00000000 
863.00000000 
3167.00000000 
9523.00000000 
1114.00000000 
1637.00000000 
1780.00000000 
4906.00000000 
915.00000000 
1593.00000000 
1505.00000000 
6.00000000 
1192.00000000 
6780.00000000 
3587.00000000 
452.00000000 
5254.00000000 
9635.00000000 
1913.00000000 
3653.00000000 
1640.00000000 
667.00000000 
204.00000000 
2770.00000000 
2737.00000000 
1946.00000000 
11647.00000000 
2635.00000000 
6300.00000000 
5082.00000000 
12372.00000000 
4930.00000000 
4052.00000000 
202.00000000 
1229.00000000 
1908.00000000 
6228.00000000 
3170.00000000 
878.00000000 
1045.00000000 
3819.00000000 
3284.00000000 
1905.00000000 
1914.00000000 
2675.00000000 
6487.00000000 
5736.00000000 
4537.00000000 
5225.00000000 
2222.00000000 
3687.00000000 
4372.00000000 
2270.00000000 
1860.00000000 
5121.00000000 
6035.00000000 
4232.00000000 
654.00000000 
2725.00000000 
6479.00000000 
5313.00000000 
6133.00000000 
4706.00000000 
10287.00000000 
16408.00000000 
1338.00000000 
2111.00000000 
2588.00000000 
2096.00000000 
6704.00000000 
6676.00000000 
5439.00000000 
3599.00000000 
472.00000000 
2333.00000000 
650.00000000 
7264.00000000 
429.00000000 
5651.00000000 
164.00000000 
4428.00000000 
903.00000000 
2285.00000000 
2398.00000000 
2818.00000000 
1487.00000000 
3702.00000000 
777.00000000 
650.00000000 
4706.00000000 
1627.00000000 
131.00000000 
1672.00000000 
4678.00000000 
297.00000000 
249.00000000 
2555.00000000 
614.00000000 
367.00000000 
2624.00000000 
785.00000000 
1660.00000000 
994.00000000 
4031.00000000 
769.00000000 
1353.00000000 
878.00000000 
2587.00000000 
18.00000000 
1894.00000000 
3143.00000000 
3142.00000000 
3110.00000000 
1084.00000000 
274.00000000 
310.00000000 
303.00000000 
1066.00000000 
1654.00000000 
860.00000000 
190.00000000 
2333.00000000 
4143.00000000 
2353.00000000 
5508.00000000 
1620.00000000 
2245.00000000 
5827.00000000 
15132.00000000 
9723.00000000 
3438.00000000 
1474.00000000 
1397.00000000 
6976.00000000 
1625.00000000 
620.00000000 
5115.00000000 
12904.00000000 
1750.00000000 
7429.00000000 
10.00000000 
6110.00000000 
4212.00000000 
92.00000000 
2587.00000000 
332.00000000 
313.00000000 
5720.00000000 
1877.00000000 
834.00000000 
2829.00000000 
4202.00000000 
640.00000000 
1001.00000000 
413.00000000 
515.00000000 
193.00000000 
176.00000000 
427.00000000 
1410.00000000 
1237.00000000 
1775.00000000 
2692.00000000 
2222.00000000 
4550.00000000 
158.00000000 
1588.00000000 
2916.00000000 
4608.00000000 
7637.00000000 
2315.00000000 
3722.00000000 
4741.00000000 
1077.00000000 
2588.00000000 
3440.00000000 
8375.00000000 
1754.00000000 
2157.00000000 
1329.00000000 
6979.00000000 
456.00000000 
2286.00000000 
1148.00000000 
898.00000000 
1709.00000000 
696.00000000 
549.00000000 
171.00000000 
33.00000000 
333.00000000 
509.00000000 
21.00000000 
736.00000000 
822.00000000 
214.00000000 
1259.00000000 
360.00000000 
268.00000000 
1200.00000000 
10.00000000 
477.00000000 
312.00000000 
214.00000000 
103.00000000 
238.00000000 
40.00000000 
32.00000000 
599.00000000 
364.00000000 
178.00000000 
1320.00000000 
1393.00000000 
3627.00000000 
8438.00000000 
2303.00000000 
2080.00000000 
924.00000000 
98.00000000 
1027.00000000 
1090.00000000 
3642.00000000 
519.00000000 
1476.00000000 
1831.00000000 
1237.00000000 
16769.00000000 
15245.00000000 
1939.00000000 
1421.00000000 
466.00000000 
2635.00000000 
442.00000000 
1713.00000000 
1507.00000000 
2467.00000000 
502.00000000 
887.00000000 
247.00000000 
1809.00000000 
2137.00000000 
3892.00000000 
6036.00000000 
62.00000000 
1928.00000000 
1193.00000000 
19130.00000000 
700.00000000 
1451.00000000 
1721.00000000 
1024.00000000 
3094.00000000 
2693.00000000 
4405.00000000 
1976.00000000 
1890.00000000 
2904.00000000 
2944.00000000 
91.00000000 
1454.00000000 
4036.00000000 
783.00000000 
247.00000000 
907.00000000 
3244.00000000 
482.00000000 
57.00000000 
2662.00000000 
441.00000000 
532.00000000 
71.00000000 
1795.00000000 
49.00000000 
72.00000000 
0.00000000 
354.00000000 
486.00000000 
375.00000000 
1241.00000000 
103.00000000 
638.00000000 
450.00000000 
1063.00000000 
401.00000000 
997.00000000 
4515.00000000 
3184.00000000 
521.00000000 
249.00000000 
22374.00000000 
4717.00000000 
2976.00000000 
385.00000000 
42.00000000 
1948.00000000 
1352.00000000 
758.00000000 
841.00000000 
784.00000000 
410.00000000 
634.00000000 
34.00000000 
5097.00000000 
847.00000000 
860.00000000 
3387.00000000 
527.00000000 
935.00000000 
897.00000000 
1058.00000000 
1097.00000000 
275.00000000 
1641.00000000 
57.00000000 
527.00000000 
1054.00000000 
713.00000000 
406.00000000 
501.00000000 
266.00000000 
669.00000000 
3478.00000000 
508.00000000 
611.00000000 
2846.00000000 
1086.00000000 
241.00000000 
1437.00000000 
777.00000000 
5408.00000000 
4042.00000000 
922.00000000 
566.00000000 
1438.00000000 
335.00000000 
1535.00000000 
2135.00000000 
4585.00000000 
355.00000000 
3472.00000000 
1093.00000000 
941.00000000 
1942.00000000 
1514.00000000 
881.00000000 
1966.00000000 
2099.00000000 
577.00000000 
678.00000000 
1361.00000000 
623.00000000 
251.00000000 
1232.00000000 
785.00000000 
2222.00000000 
7173.00000000 
447.00000000 
2856.00000000 
6094.00000000 
2263.00000000 
1134.00000000 
1860.00000000 
873.00000000 
549.00000000 
1071.00000000 
12165.00000000 
882.00000000 
1471.00000000 
3217.00000000 
5715.00000000 
8115.00000000 
3972.00000000 
283.00000000 
938.00000000 
160.00000000 
2926.00000000 
1348.00000000 
1169.00000000 
8117.00000000 
4811.00000000 
2658.00000000 
8275.00000000 
406.00000000 
496.00000000 
380.00000000 
573.00000000 
8290.00000000 
2374.00000000 
5478.00000000 
1720.00000000 
479.00000000 
292.00000000 
1292.00000000 
1545.00000000 
639.00000000 
541.00000000 
43.00000000 
36.00000000 
547.00000000 
2155.00000000 
1148.00000000 
700.00000000 
2253.00000000 
130.00000000 
0.00000000 
4619.00000000 
6927.00000000 
34.00000000 
158.00000000 
225.00000000 
655.00000000 
4221.00000000 
5290.00000000 
130.00000000 
1002.00000000 
554.00000000 
1910.00000000 
181.00000000 
1000.00000000 
4.00000000 
469.00000000 
67.00000000 
338.00000000 
355.00000000 
114.00000000 
55.00000000 
159.00000000 
108.00000000 
159.00000000 
75.00000000 
15.00000000 
1341.00000000 
632.00000000 
1115.00000000 
338.00000000 
2370.00000000 
317.00000000 
394.00000000 
763.00000000 
5551.00000000 
97.00000000 
462.00000000 
942.00000000 
1692.00000000 
414.00000000 
3042.00000000 
408.00000000 
1211.00000000 
1457.00000000 
1281.00000000 
551.00000000 
1346.00000000 
362.00000000 
6793.00000000 
611.00000000 
351.00000000 
296.00000000 
1122.00000000 
878.00000000 
1549.00000000 
1466.00000000 
3621.00000000 
3087.00000000 
359.00000000 
1894.00000000 
671.00000000 
1932.00000000 
1538.00000000 
2585.00000000 
1732.00000000 
1281.00000000 
2455.00000000 
755.00000000 
2689.00000000 
1296.00000000 
5312.00000000 
922.00000000 
2018.00000000 
3688.00000000 
613.00000000 
296.00000000 
863.00000000 
3167.00000000 
9523.00000000 
1114.00000000 
1637.00000000 
1780.00000000 
4906.00000000 
915.00000000 
1593.00000000 
1505.00000000 
6.00000000 
1192.00000000 
6780.00000000 
3587.00000000 
452.00000000 
5254.00000000 
9635.00000000 
1913.00000000 
3653.00000000 
1640.00000000 
667.00000000 
204.00000000 
2770.00000000 
2737.00000000 
1946.00000000 
11647.00000000 
2635.00000000 
6300.00000000 
5082.00000000 
12372.00000000 
4930.00000000 
4052.00000000 
202.00000000 
1229.00000000 
1908.00000000 
6228.00000000 
3170.00000000 
878.00000000 
1045.00000000 
3819.00000000 
3284.00000000 
1905.00000000 
1914.00000000 
2675.00000000 
6487.00000000 
5736.00000000 
4537.00000000 
5225.00000000 
2222.00000000 
3687.00000000 
4372.00000000 
2270.00000000 
1860.00000000 
5121.00000000 
6035.00000000 
4232.00000000 
654.00000000 
2725.00000000 
6479.00000000 
5313.00000000 
6133.00000000 
4706.00000000 
10287.00000000 
16408.00000000 
1338.00000000 
2111.00000000 
2588.00000000 
2096.00000000 
6704.00000000 
6676.00000000 
5439.00000000 
3599.00000000 
472.00000000 
2333.00000000 
650.00000000 
7264.00000000 
429.00000000 
5651.00000000 
164.00000000 
4428.00000000 
903.00000000 
2285.00000000 
2398.00000000 
2818.00000000 
1487.00000000 
3702.00000000 
777.00000000 
650.00000000 
4706.00000000 
1627.00000000 
131.00000000 
1672.00000000 
4678.00000000 
297.00000000 
249.00000000 
2555.00000000 
614.00000000 
367.00000000 
2624.00000000 
785.00000000 
1660.00000000 
994.00000000 
4031.00000000 
769.00000000 
1353.00000000 
878.00000000 
2587.00000000 
18.00000000 
1894.00000000 
3143.00000000 
3142.00000000 
3110.00000000 
1084.00000000 
274.00000000 
310.00000000 
303.00000000 
1066.00000000 
1654.00000000 
860.00000000 
190.00000000 
2333.00000000 
4143.00000000 
2353.00000000 
5508.00000000 
1620.00000000 
2245.00000000 
5827.00000000 
15132.00000000 
9723.00000000 
3438.00000000 
1474.00000000 
1397.00000000 
6976.00000000 
1625.00000000 
620.00000000 
5115.00000000 
12904.00000000 
1750.00000000 
7429.00000000 
10.00000000 
6110.00000000 
4212.00000000 
92.00000000 
2587.00000000 
332.00000000 
313.00000000 
5720.00000000 
1877.00000000 
834.00000000 
2829.00000000 
4202.00000000 
640.00000000 
1001.00000000 
413.00000000 
515.00000000 
193.00000000 
176.00000000 
427.00000000 
1410.00000000 
1237.00000000 
1775.00000000 
2692.00000000 
2222.00000000 
4550.00000000 
158.00000000 
1588.00000000 
2916.00000000 
4608.00000000 
7637.00000000 
2315.00000000 
3722.00000000 
4741.00000000 
1077.00000000 
2588.00000000 
3440.00000000 
8375.00000000 
1754.00000000 
2157.00000000 
1329.00000000 
6979.00000000 
456.00000000 
2286.00000000 
1148.00000000 
898.00000000 
1709.00000000 
696.00000000 
549.00000000 
171.00000000 
33.00000000 
333.00000000 
509.00000000 
21.00000000 
736.00000000 
822.00000000 
214.00000000 
1259.00000000 
360.00000000 
268.00000000 
1200.00000000 
10.00000000 
477.00000000 
312.00000000 
214.00000000 
103.00000000 
238.00000000 
40.00000000 
32.00000000 
599.00000000 
364.00000000 
178.00000000 
1320.00000000 
1393.00000000 
3627.00000000 
8438.00000000 
2303.00000000 
2080.00000000 
924.00000000 
98.00000000 
1027.00000000 
1090.00000000 
3642.00000000 
519.00000000 
1476.00000000 
1831.00000000 
1237.00000000 
16769.00000000 
15245.00000000 
1939.00000000 
1421.00000000 
466.00000000 
2635.00000000 
442.00000000 
1713.00000000 
1507.00000000 
2467.00000000 
502.00000000 
887.00000000 
247.00000000 
1809.00000000 
2137.00000000 
3892.00000000 
6036.00000000 
62.00000000 
1928.00000000 
1193.00000000 
19130.00000000 
700.00000000 
1451.00000000 
1721.00000000 
1024.00000000 
3094.00000000 
2693.00000000 
4405.00000000 
1976.00000000 
1890.00000000 
2904.00000000 
2944.00000000 
91.00000000 
1454.00000000 
4036.00000000 
783.00000000 
247.00000000 
907.00000000 
3244.00000000 
482.00000000 
57.00000000 
2662.00000000 
441.00000000 
532.00000000 
71.00000000 
1795.00000000 
49.00000000 
72.00000000 
0.00000000 
354.00000000 
486.00000000 
375.00000000 
1241.00000000 
103.00000000 
638.00000000 
450.00000000 
1063.00000000 
401.00000000 
997.00000000 
4515.00000000 
3184.00000000 
521.00000000 
249.00000000 
22374.00000000 
4717.00000000 
2976.00000000 
385.00000000 
42.00000000 
1948.00000000 
1352.00000000 
758.00000000 
841.00000000 
784.00000000 
410.00000000 
634.00000000 
34.00000000 
5097.00000000 
847.00000000 
860.00000000 
3387.00000000 
527.00000000 
935.00000000 
897.00000000 
1058.00000000 
1097.00000000 
275.00000000 
1641.00000000 
57.00000000 
527.00000000 
1054.00000000 
713.00000000 
406.00000000 
501.00000000 
266.00000000 
669.00000000 
3478.00000000 
508.00000000 
611.00000000 
2846.00000000 
1086.00000000 
241.00000000 
1437.00000000 
777.00000000 
5408.00000000 
4042.00000000 
922.00000000 
566.00000000 
1438.00000000 
335.00000000 
1535.00000000 
2135.00000000 
4585.00000000 
355.00000000 
3472.00000000 
1093.00000000 
941.00000000 
1942.00000000 
1514.00000000 
881.00000000 
1966.00000000 
2099.00000000 
577.00000000 
678.00000000 
1361.00000000 
623.00000000 
251.00000000 
1232.00000000 
785.00000000 
2222.00000000 
7173.00000000 
447.00000000 
2856.00000000 
6094.00000000 
2263.00000000 
1134.00000000 
1860.00000000 
873.00000000 
549.00000000 
1071.00000000 
12165.00000000 
882.00000000 
1471.00000000 
3217.00000000 
5715.00000000 
8115.00000000 
3972.00000000 
283.00000000 
938.00000000 
160.00000000 
2926.00000000 
1348.00000000 
1169.00000000 
8117.00000000 
4811.00000000 
2658.00000000 
8275.00000000 
406.00000000 
496.00000000 
380.00000000 
573.00000000 
8290.00000000 
2374.00000000 
5478.00000000 
1720.00000000 
479.00000000 
292.00000000 
1292.00000000 
1545.00000000 
639.00000000 
541.00000000 
43.00000000 
36.00000000 
547.00000000 
2155.00000000 
1148.00000000 
700.00000000 
2253.00000000 
130.00000000 
0.00000000 
4619.00000000 
6927.00000000 
34.00000000 
158.00000000 
225.00000000 
655.00000000 
4221.00000000 
5290.00000000 
130.00000000 
1002.00000000 
554.00000000 
1910.00000000 
181.00000000 
1000.00000000 
4.00000000 
469.00000000 
67.00000000 
338.00000000 
355.00000000 
114.00000000 
55.00000000 
159.00000000 
108.00000000 
159.00000000 
75.00000000 
15.00000000 
1341.00000000 
632.00000000 
1115.00000000 
338.00000000 
2370.00000000 
317.00000000 
394.00000000 
763.00000000 
5551.00000000 
97.00000000 
462.00000000 
942.00000000 
1692.00000000 
414.00000000 
3042.00000000 
408.00000000 
1211.00000000 
1457.00000000 
1281.00000000 
551.00000000 
1346.00000000 
362.00000000 
6793.00000000 
611.00000000 
351.00000000 
296.00000000 
1122.00000000 
878.00000000 
1549.00000000 
1466.00000000 
3621.00000000 
3087.00000000 
359.00000000 
1894.00000000 
671.00000000 
1932.00000000 
1538.00000000 
2585.00000000 
1732.00000000 
1281.00000000 
2455.00000000 
755.00000000 
2689.00000000 
1296.00000000 
5312.00000000 
922.00000000 
2018.00000000 
3688.00000000 
613.00000000 
296.00000000 
863.00000000 
3167.00000000 
9523.00000000 
1114.00000000 
1637.00000000 
1780.00000000 
4906.00000000 
915.00000000 
1593.00000000 
1505.00000000 
