0.00010945 
0.00010974 
0.00010915 
0.00010903 
0.00010916 
0.00010901 
0.00010925 
0.00010916 
0.00010915 
0.00010930 
0.00010886 
0.00010891 
0.00010915 
0.00010924 
0.00010921 
0.00011017 
0.00011017 
0.00011017 
0.00010951 
0.00010873 
0.00010863 
0.00010842 
0.00010831 
0.00010792 
0.00010758 
0.00010835 
0.00010808 
0.00010800 
0.00010800 
0.00010793 
0.00010788 
0.00010793 
0.00010770 
0.00010767 
0.00010758 
0.00010749 
0.00010749 
0.00010768 
0.00010769 
0.00010732 
0.00010799 
0.00010798 
0.00010799 
0.00010797 
0.00010796 
0.00010778 
0.00010764 
0.00010765 
0.00010765 
0.00010766 
0.00010766 
0.00010770 
0.00010685 
0.00010675 
0.00010672 
0.00010660 
0.00010680 
0.00010645 
0.00010644 
0.00010641 
0.00010640 
0.00010622 
0.00010607 
0.00010600 
0.00010568 
0.00010567 
0.00010600 
0.00010638 
0.00010647 
0.00010641 
0.00010637 
0.00010638 
0.00010642 
0.00010641 
0.00010594 
0.00010635 
0.00010660 
0.00010590 
0.00010588 
0.00010537 
0.00010590 
0.00010635 
0.00010657 
0.00010650 
0.00010676 
0.00010649 
0.00010659 
0.00010677 
0.00010632 
0.00010657 
0.00010639 
0.00010639 
0.00010484 
0.00010489 
0.00010484 
0.00010482 
0.00010481 
0.00010487 
0.00010481 
0.00010481 
0.00010518 
0.00010555 
0.00010550 
0.00010560 
0.00010560 
0.00010558 
0.00010595 
0.00010596 
0.00010603 
0.00010603 
0.00010605 
0.00010674 
0.00010697 
0.00010692 
0.00010697 
0.00010688 
0.00010706 
0.00010792 
0.00010786 
0.00010782 
0.00010796 
0.00010783 
0.00010748 
0.00010789 
0.00010784 
0.00010673 
0.00010671 
0.00010666 
0.00010664 
0.00010634 
0.00010622 
0.00010609 
0.00010598 
0.00010598 
0.00010604 
0.00010575 
0.00010574 
0.00010587 
0.00010574 
0.00010565 
0.00010574 
0.00010455 
0.00010510 
0.00010533 
0.00010600 
0.00010631 
0.00010657 
0.00010677 
0.00010679 
0.00010648 
0.00010654 
0.00010648 
0.00010665 
0.00010639 
0.00010608 
0.00010621 
0.00010584 
0.00010571 
0.00010575 
0.00010463 
0.00010457 
0.00010410 
0.00010397 
0.00010331 
0.00010308 
0.00010380 
0.00010386 
0.00010386 
0.00010359 
0.00010289 
0.00010261 
0.00010239 
0.00010245 
0.00010221 
0.00010245 
0.00010240 
0.00010242 
0.00010250 
0.00010245 
0.00010245 
0.00010243 
0.00010237 
0.00010216 
0.00010151 
0.00010235 
0.00010235 
0.00010236 
0.00010129 
0.00010123 
0.00010129 
0.00010137 
0.00010116 
0.00010138 
0.00010067 
0.00010067 
0.00010060 
0.00009984 
0.00009958 
0.00009889 
0.00009919 
0.00009915 
0.00009961 
0.00009973 
0.00009965 
0.00009971 
0.00009980 
0.00009916 
0.00009981 
0.00009990 
0.00010000 
0.00009902 
0.00009964 
0.00009989 
0.00010177 
0.00010280 
0.00010294 
0.00010300 
0.00010326 
0.00010336 
0.00010336 
0.00010373 
0.00010393 
0.00010398 
0.00010394 
0.00010343 
0.00010405 
0.00010402 
0.00010343 
0.00010332 
0.00010357 
0.00010146 
0.00010154 
0.00010125 
0.00010228 
0.00010324 
0.00010330 
0.00010347 
0.00010382 
0.00010386 
0.00010390 
0.00010419 
0.00010419 
0.00010291 
0.00010427 
0.00010117 
0.00010036 
0.00010007 
0.00010009 
0.00009969 
0.00009926 
0.00010026 
0.00010030 
0.00010026 
0.00010031 
0.00009943 
0.00010031 
0.00010012 
0.00009994 
0.00009995 
0.00009993 
0.00009994 
0.00009989 
0.00009996 
0.00009983 
0.00010009 
0.00010006 
0.00010007 
0.00010006 
0.00010000 
0.00009999 
0.00010000 
0.00010007 
0.00009979 
0.00009979 
0.00010039 
0.00009999 
0.00009960 
0.00009935 
0.00009935 
0.00009935 
0.00009933 
0.00009931 
0.00009931 
0.00009896 
0.00009904 
0.00009935 
0.00009873 
0.00009870 
0.00009870 
0.00009852 
0.00009834 
0.00009843 
0.00009852 
0.00009868 
0.00009871 
0.00009904 
0.00009900 
0.00010303 
0.00010426 
0.00010483 
0.00010565 
0.00010479 
0.00010528 
0.00010555 
0.00010024 
0.00010026 
0.00010082 
0.00009371 
0.00009164 
0.00009141 
0.00009212 
0.00009153 
0.00009130 
0.00009348 
0.00009552 
0.00009597 
0.00009316 
0.00009335 
0.00009305 
0.00009307 
0.00009299 
0.00009298 
0.00009303 
0.00009318 
0.00009331 
0.00009307 
0.00009245 
0.00009294 
0.00009267 
0.00009178 
0.00009197 
0.00009201 
0.00009203 
0.00009215 
0.00009203 
0.00009225 
0.00009261 
0.00009291 
0.00009300 
0.00009308 
0.00009312 
0.00009331 
0.00009381 
0.00009390 
0.00009405 
0.00009414 
0.00009383 
0.00009392 
0.00009394 
0.00009414 
0.00009437 
0.00009444 
0.00009450 
0.00009500 
0.00009503 
0.00009518 
0.00009516 
0.00009516 
0.00009509 
0.00009519 
0.00009553 
0.00009519 
0.00009532 
0.00009528 
0.00009519 
0.00009557 
0.00009519 
0.00009594 
0.00009519 
0.00009551 
0.00009502 
0.00009557 
0.00009612 
0.00009647 
0.00009708 
0.00009709 
0.00009833 
0.00009945 
0.00009944 
0.00009972 
0.00009971 
0.00009980 
0.00010052 
0.00009988 
0.00010121 
0.00010156 
0.00010157 
0.00010160 
0.00010161 
0.00010160 
0.00010160 
0.00010194 
0.00010202 
0.00010339 
0.00010423 
0.00010423 
0.00010422 
0.00010415 
0.00010402 
0.00010380 
0.00010360 
0.00010336 
0.00010360 
0.00010336 
0.00010333 
0.00010383 
0.00010418 
0.00010401 
0.00010425 
0.00010375 
0.00010332 
0.00010398 
0.00010395 
0.00010351 
0.00010367 
0.00010336 
0.00010344 
0.00010344 
0.00010348 
0.00010368 
0.00010367 
0.00010442 
0.00010447 
0.00010457 
0.00010473 
0.00010474 
0.00010460 
0.00010480 
0.00010470 
0.00010460 
0.00010441 
0.00010502 
0.00010502 
0.00010526 
0.00010484 
0.00010517 
0.00010540 
0.00010540 
0.00010489 
0.00010487 
0.00010523 
0.00010492 
0.00010491 
0.00010478 
0.00010443 
0.00010453 
0.00010441 
0.00010466 
0.00010460 
0.00010465 
0.00010441 
0.00010556 
0.00010533 
0.00010559 
0.00010404 
0.00010474 
0.00010435 
0.00010447 
0.00010537 
0.00010560 
0.00010503 
0.00010515 
0.00010491 
0.00010520 
0.00010490 
0.00010456 
0.00010474 
0.00010472 
0.00010494 
0.00010500 
0.00010501 
0.00010542 
0.00010494 
0.00010517 
0.00010485 
0.00010477 
0.00010514 
0.00010611 
0.00010500 
0.00010200 
0.00010945 
0.00010974 
0.00010915 
0.00010903 
0.00010916 
0.00010901 
0.00010925 
0.00010916 
0.00010915 
0.00010930 
0.00010886 
0.00010891 
0.00010915 
0.00010924 
0.00010921 
0.00011017 
0.00011017 
0.00011017 
0.00010951 
0.00010873 
0.00010863 
0.00010842 
0.00010831 
0.00010792 
0.00010758 
0.00010835 
0.00010808 
0.00010800 
0.00010800 
0.00010793 
0.00010788 
0.00010793 
0.00010770 
0.00010767 
0.00010758 
0.00010749 
0.00010749 
0.00010768 
0.00010769 
0.00010732 
0.00010799 
0.00010798 
0.00010799 
0.00010797 
0.00010796 
0.00010778 
0.00010764 
0.00010765 
0.00010765 
0.00010766 
0.00010766 
0.00010770 
0.00010685 
0.00010675 
0.00010672 
0.00010660 
0.00010680 
0.00010645 
0.00010644 
0.00010641 
0.00010640 
0.00010622 
0.00010607 
0.00010600 
0.00010568 
0.00010567 
0.00010600 
0.00010638 
0.00010647 
0.00010641 
0.00010637 
0.00010638 
0.00010642 
0.00010641 
0.00010594 
0.00010635 
0.00010660 
0.00010590 
0.00010588 
0.00010537 
0.00010590 
0.00010635 
0.00010657 
0.00010650 
0.00010676 
0.00010649 
0.00010659 
0.00010677 
0.00010632 
0.00010657 
0.00010639 
0.00010639 
0.00010484 
0.00010489 
0.00010484 
0.00010482 
0.00010481 
0.00010487 
0.00010481 
0.00010481 
0.00010518 
0.00010555 
0.00010550 
0.00010560 
0.00010560 
0.00010558 
0.00010595 
0.00010596 
0.00010603 
0.00010603 
0.00010605 
0.00010674 
0.00010697 
0.00010692 
0.00010697 
0.00010688 
0.00010706 
0.00010792 
0.00010786 
0.00010782 
0.00010796 
0.00010783 
0.00010748 
0.00010789 
0.00010784 
0.00010673 
0.00010671 
0.00010666 
0.00010664 
0.00010634 
0.00010622 
0.00010609 
0.00010598 
0.00010598 
0.00010604 
0.00010575 
0.00010574 
0.00010587 
0.00010574 
0.00010565 
0.00010574 
0.00010455 
0.00010510 
0.00010533 
0.00010600 
0.00010631 
0.00010657 
0.00010677 
0.00010679 
0.00010648 
0.00010654 
0.00010648 
0.00010665 
0.00010639 
0.00010608 
0.00010621 
0.00010584 
0.00010571 
0.00010575 
0.00010463 
0.00010457 
0.00010410 
0.00010397 
0.00010331 
0.00010308 
0.00010380 
0.00010386 
0.00010386 
0.00010359 
0.00010289 
0.00010261 
0.00010239 
0.00010245 
0.00010221 
0.00010245 
0.00010240 
0.00010242 
0.00010250 
0.00010245 
0.00010245 
0.00010243 
0.00010237 
0.00010216 
0.00010151 
0.00010235 
0.00010235 
0.00010236 
0.00010129 
0.00010123 
0.00010129 
0.00010137 
0.00010116 
0.00010138 
0.00010067 
0.00010067 
0.00010060 
0.00009984 
0.00009958 
0.00009889 
0.00009919 
0.00009915 
0.00009961 
0.00009973 
0.00009965 
0.00009971 
0.00009980 
0.00009916 
0.00009981 
0.00009990 
0.00010000 
0.00009902 
0.00009964 
0.00009989 
0.00010177 
0.00010280 
0.00010294 
0.00010300 
0.00010326 
0.00010336 
0.00010336 
0.00010373 
0.00010393 
0.00010398 
0.00010394 
0.00010343 
0.00010405 
0.00010402 
0.00010343 
0.00010332 
0.00010357 
0.00010146 
0.00010154 
0.00010125 
0.00010228 
0.00010324 
0.00010330 
0.00010347 
0.00010382 
0.00010386 
0.00010390 
0.00010419 
0.00010419 
0.00010291 
0.00010427 
0.00010117 
0.00010036 
0.00010007 
0.00010009 
0.00009969 
0.00009926 
0.00010026 
0.00010030 
0.00010026 
0.00010031 
0.00009943 
0.00010031 
0.00010012 
0.00009994 
0.00009995 
0.00009993 
0.00009994 
0.00009989 
0.00009996 
0.00009983 
0.00010009 
0.00010006 
0.00010007 
0.00010006 
0.00010000 
0.00009999 
0.00010000 
0.00010007 
0.00009979 
0.00009979 
0.00010039 
0.00009999 
0.00009960 
0.00009935 
0.00009935 
0.00009935 
0.00009933 
0.00009931 
0.00009931 
0.00009896 
0.00009904 
0.00009935 
0.00009873 
0.00009870 
0.00009870 
0.00009852 
0.00009834 
0.00009843 
0.00009852 
0.00009868 
0.00009871 
0.00009904 
0.00009900 
0.00010303 
0.00010426 
0.00010483 
0.00010565 
0.00010479 
0.00010528 
0.00010555 
0.00010024 
0.00010026 
0.00010082 
0.00009371 
0.00009164 
0.00009141 
0.00009212 
0.00009153 
0.00009130 
0.00009348 
0.00009552 
0.00009597 
0.00009316 
0.00009335 
0.00009305 
0.00009307 
0.00009299 
0.00009298 
0.00009303 
0.00009318 
0.00009331 
0.00009307 
0.00009245 
0.00009294 
0.00009267 
0.00009178 
0.00009197 
0.00009201 
0.00009203 
0.00009215 
0.00009203 
0.00009225 
0.00009261 
0.00009291 
0.00009300 
0.00009308 
0.00009312 
0.00009331 
0.00009381 
0.00009390 
0.00009405 
0.00009414 
0.00009383 
0.00009392 
0.00009394 
0.00009414 
0.00009437 
0.00009444 
0.00009450 
0.00009500 
0.00009503 
0.00009518 
0.00009516 
0.00009516 
0.00009509 
0.00009519 
0.00009553 
0.00009519 
0.00009532 
0.00009528 
0.00009519 
0.00009557 
0.00009519 
0.00009594 
0.00009519 
0.00009551 
0.00009502 
0.00009557 
0.00009612 
0.00009647 
0.00009708 
0.00009709 
0.00009833 
0.00009945 
0.00009944 
0.00009972 
0.00009971 
0.00009980 
0.00010052 
0.00009988 
0.00010121 
0.00010156 
0.00010157 
0.00010160 
0.00010161 
0.00010160 
0.00010160 
0.00010194 
0.00010202 
0.00010339 
0.00010423 
0.00010423 
0.00010422 
0.00010415 
0.00010402 
0.00010380 
0.00010360 
0.00010336 
0.00010360 
0.00010336 
0.00010333 
0.00010383 
0.00010418 
0.00010401 
0.00010425 
0.00010375 
0.00010332 
0.00010398 
0.00010395 
0.00010351 
0.00010367 
0.00010336 
0.00010344 
0.00010344 
0.00010348 
0.00010368 
0.00010367 
0.00010442 
0.00010447 
0.00010457 
0.00010473 
0.00010474 
0.00010460 
0.00010480 
0.00010470 
0.00010460 
0.00010441 
0.00010502 
0.00010502 
0.00010526 
0.00010484 
0.00010517 
0.00010540 
0.00010540 
0.00010489 
0.00010487 
0.00010523 
0.00010492 
0.00010491 
0.00010478 
0.00010443 
0.00010453 
0.00010441 
0.00010466 
0.00010460 
0.00010465 
0.00010441 
0.00010556 
0.00010533 
0.00010559 
0.00010404 
0.00010474 
0.00010435 
0.00010447 
0.00010537 
0.00010560 
0.00010503 
0.00010515 
0.00010491 
0.00010520 
0.00010490 
0.00010456 
0.00010474 
0.00010472 
0.00010494 
0.00010500 
0.00010501 
0.00010542 
0.00010494 
0.00010517 
0.00010485 
0.00010477 
0.00010514 
0.00010611 
0.00010500 
0.00010200 
0.00010945 
0.00010974 
0.00010915 
0.00010903 
0.00010916 
0.00010901 
0.00010925 
0.00010916 
0.00010915 
0.00010930 
0.00010886 
0.00010891 
0.00010915 
0.00010924 
0.00010921 
0.00011017 
0.00011017 
0.00011017 
0.00010951 
0.00010873 
0.00010863 
0.00010842 
0.00010831 
0.00010792 
0.00010758 
0.00010835 
0.00010808 
0.00010800 
0.00010800 
0.00010793 
0.00010788 
0.00010793 
0.00010770 
0.00010767 
0.00010758 
0.00010749 
0.00010749 
0.00010768 
0.00010769 
0.00010732 
0.00010799 
0.00010798 
0.00010799 
0.00010797 
0.00010796 
0.00010778 
0.00010764 
0.00010765 
0.00010765 
0.00010766 
0.00010766 
0.00010770 
0.00010685 
0.00010675 
0.00010672 
0.00010660 
0.00010680 
0.00010645 
0.00010644 
0.00010641 
0.00010640 
0.00010622 
0.00010607 
0.00010600 
0.00010568 
0.00010567 
0.00010600 
0.00010638 
0.00010647 
0.00010641 
0.00010637 
0.00010638 
0.00010642 
0.00010641 
0.00010594 
0.00010635 
0.00010660 
0.00010590 
0.00010588 
0.00010537 
0.00010590 
0.00010635 
0.00010657 
0.00010650 
0.00010676 
0.00010649 
0.00010659 
0.00010677 
0.00010632 
0.00010657 
0.00010639 
0.00010639 
0.00010484 
0.00010489 
0.00010484 
0.00010482 
0.00010481 
0.00010487 
0.00010481 
0.00010481 
0.00010518 
0.00010555 
0.00010550 
0.00010560 
0.00010560 
0.00010558 
0.00010595 
0.00010596 
0.00010603 
0.00010603 
0.00010605 
0.00010674 
0.00010697 
0.00010692 
0.00010697 
0.00010688 
0.00010706 
0.00010792 
0.00010786 
0.00010782 
0.00010796 
0.00010783 
0.00010748 
0.00010789 
0.00010784 
0.00010673 
0.00010671 
0.00010666 
0.00010664 
0.00010634 
0.00010622 
0.00010609 
0.00010598 
0.00010598 
0.00010604 
0.00010575 
0.00010574 
0.00010587 
0.00010574 
0.00010565 
0.00010574 
0.00010455 
0.00010510 
0.00010533 
0.00010600 
0.00010631 
0.00010657 
0.00010677 
0.00010679 
0.00010648 
0.00010654 
0.00010648 
0.00010665 
0.00010639 
0.00010608 
0.00010621 
0.00010584 
0.00010571 
0.00010575 
0.00010463 
0.00010457 
0.00010410 
0.00010397 
0.00010331 
0.00010308 
0.00010380 
0.00010386 
0.00010386 
0.00010359 
0.00010289 
0.00010261 
0.00010239 
0.00010245 
0.00010221 
0.00010245 
0.00010240 
0.00010242 
0.00010250 
0.00010245 
0.00010245 
0.00010243 
0.00010237 
0.00010216 
0.00010151 
0.00010235 
0.00010235 
0.00010236 
0.00010129 
0.00010123 
0.00010129 
0.00010137 
0.00010116 
0.00010138 
0.00010067 
0.00010067 
0.00010060 
0.00009984 
0.00009958 
0.00009889 
0.00009919 
0.00009915 
0.00009961 
0.00009973 
0.00009965 
0.00009971 
0.00009980 
0.00009916 
0.00009981 
0.00009990 
0.00010000 
0.00009902 
0.00009964 
0.00009989 
0.00010177 
0.00010280 
0.00010294 
0.00010300 
0.00010326 
0.00010336 
0.00010336 
0.00010373 
0.00010393 
0.00010398 
0.00010394 
0.00010343 
0.00010405 
0.00010402 
0.00010343 
0.00010332 
0.00010357 
0.00010146 
0.00010154 
0.00010125 
0.00010228 
0.00010324 
0.00010330 
0.00010347 
0.00010382 
0.00010386 
0.00010390 
0.00010419 
0.00010419 
0.00010291 
0.00010427 
0.00010117 
0.00010036 
0.00010007 
0.00010009 
0.00009969 
0.00009926 
0.00010026 
0.00010030 
0.00010026 
0.00010031 
0.00009943 
0.00010031 
0.00010012 
0.00009994 
0.00009995 
0.00009993 
0.00009994 
0.00009989 
0.00009996 
0.00009983 
0.00010009 
0.00010006 
0.00010007 
0.00010006 
0.00010000 
0.00009999 
0.00010000 
0.00010007 
0.00009979 
0.00009979 
0.00010039 
0.00009999 
0.00009960 
0.00009935 
0.00009935 
0.00009935 
0.00009933 
0.00009931 
0.00009931 
0.00009896 
0.00009904 
0.00009935 
0.00009873 
0.00009870 
0.00009870 
0.00009852 
0.00009834 
0.00009843 
0.00009852 
0.00009868 
0.00009871 
0.00009904 
0.00009900 
0.00010303 
0.00010426 
0.00010483 
0.00010565 
0.00010479 
0.00010528 
0.00010555 
0.00010024 
0.00010026 
0.00010082 
0.00009371 
0.00009164 
0.00009141 
0.00009212 
0.00009153 
0.00009130 
0.00009348 
0.00009552 
0.00009597 
0.00009316 
0.00009335 
0.00009305 
0.00009307 
0.00009299 
0.00009298 
0.00009303 
0.00009318 
0.00009331 
0.00009307 
0.00009245 
0.00009294 
0.00009267 
0.00009178 
0.00009197 
0.00009201 
0.00009203 
0.00009215 
0.00009203 
0.00009225 
0.00009261 
0.00009291 
0.00009300 
0.00009308 
0.00009312 
0.00009331 
0.00009381 
0.00009390 
0.00009405 
0.00009414 
0.00009383 
0.00009392 
0.00009394 
0.00009414 
0.00009437 
0.00009444 
0.00009450 
0.00009500 
0.00009503 
0.00009518 
0.00009516 
0.00009516 
0.00009509 
0.00009519 
0.00009553 
0.00009519 
0.00009532 
0.00009528 
0.00009519 
0.00009557 
0.00009519 
0.00009594 
0.00009519 
0.00009551 
0.00009502 
0.00009557 
0.00009612 
0.00009647 
0.00009708 
0.00009709 
0.00009833 
0.00009945 
0.00009944 
0.00009972 
0.00009971 
0.00009980 
0.00010052 
0.00009988 
0.00010121 
0.00010156 
0.00010157 
0.00010160 
0.00010161 
0.00010160 
0.00010160 
0.00010194 
0.00010202 
0.00010339 
0.00010423 
0.00010423 
0.00010422 
0.00010415 
0.00010402 
0.00010380 
0.00010360 
0.00010336 
0.00010360 
0.00010336 
0.00010333 
0.00010383 
0.00010418 
0.00010401 
0.00010425 
0.00010375 
0.00010332 
0.00010398 
0.00010395 
0.00010351 
0.00010367 
0.00010336 
0.00010344 
0.00010344 
0.00010348 
0.00010368 
0.00010367 
0.00010442 
0.00010447 
0.00010457 
0.00010473 
0.00010474 
0.00010460 
0.00010480 
0.00010470 
0.00010460 
0.00010441 
0.00010502 
0.00010502 
0.00010526 
0.00010484 
0.00010517 
0.00010540 
0.00010540 
0.00010489 
0.00010487 
0.00010523 
0.00010492 
0.00010491 
0.00010478 
0.00010443 
0.00010453 
0.00010441 
0.00010466 
0.00010460 
0.00010465 
0.00010441 
0.00010556 
0.00010533 
0.00010559 
0.00010404 
0.00010474 
0.00010435 
0.00010447 
0.00010537 
0.00010560 
0.00010503 
0.00010515 
0.00010491 
0.00010520 
0.00010490 
0.00010456 
0.00010474 
0.00010472 
0.00010494 
0.00010500 
0.00010501 
0.00010542 
0.00010494 
0.00010517 
0.00010485 
0.00010477 
0.00010514 
0.00010611 
0.00010500 
0.00010200 
