1557.00000000 
10572.00000000 
13193.00000000 
7402.00000000 
16745.00000000 
11314.00000000 
13473.00000000 
7692.00000000 
12608.00000000 
18064.00000000 
8971.00000000 
14493.00000000 
5564.00000000 
18600.00000000 
25443.00000000 
4810.00000000 
19016.00000000 
14835.00000000 
10309.00000000 
7826.00000000 
9278.00000000 
24281.00000000 
18478.00000000 
28757.00000000 
12414.00000000 
30315.00000000 
27857.00000000 
12530.00000000 
12303.00000000 
5945.00000000 
11992.00000000 
10337.00000000 
1148.00000000 
534.00000000 
5518.00000000 
1471.00000000 
2035.00000000 
1804.00000000 
5733.00000000 
4817.00000000 
6317.00000000 
6394.00000000 
3330.00000000 
2010.00000000 
2829.00000000 
4834.00000000 
2870.00000000 
3339.00000000 
4396.00000000 
2534.00000000 
1963.00000000 
5008.00000000 
4799.00000000 
3850.00000000 
2197.00000000 
11493.00000000 
5776.00000000 
778.00000000 
8765.00000000 
960.00000000 
2033.00000000 
1215.00000000 
2360.00000000 
4696.00000000 
2155.00000000 
7737.00000000 
12575.00000000 
12095.00000000 
3827.00000000 
813.00000000 
318.00000000 
1603.00000000 
860.00000000 
1590.00000000 
1698.00000000 
2547.00000000 
5121.00000000 
4190.00000000 
6020.00000000 
18353.00000000 
11295.00000000 
11357.00000000 
6008.00000000 
17590.00000000 
29698.00000000 
19899.00000000 
25265.00000000 
20429.00000000 
11122.00000000 
27522.00000000 
23424.00000000 
24402.00000000 
16475.00000000 
21818.00000000 
10403.00000000 
13925.00000000 
9039.00000000 
14523.00000000 
6405.00000000 
8094.00000000 
44503.00000000 
28923.00000000 
30802.00000000 
24501.00000000 
20903.00000000 
25562.00000000 
27869.00000000 
38932.00000000 
26307.00000000 
25145.00000000 
23938.00000000 
36030.00000000 
30787.00000000 
37487.00000000 
27976.00000000 
20050.00000000 
11098.00000000 
13278.00000000 
606.00000000 
1131.00000000 
1166.00000000 
1482.00000000 
11813.00000000 
8029.00000000 
16765.00000000 
11751.00000000 
3643.00000000 
10157.00000000 
16927.00000000 
15909.00000000 
12033.00000000 
13025.00000000 
6531.00000000 
21461.00000000 
12457.00000000 
13630.00000000 
14692.00000000 
8475.00000000 
17473.00000000 
10877.00000000 
30979.00000000 
19929.00000000 
8498.00000000 
21854.00000000 
16808.00000000 
23511.00000000 
17717.00000000 
17189.00000000 
7322.00000000 
27254.00000000 
29000.00000000 
11763.00000000 
18903.00000000 
8383.00000000 
14814.00000000 
20158.00000000 
24106.00000000 
21820.00000000 
26291.00000000 
20870.00000000 
25895.00000000 
18672.00000000 
20735.00000000 
11286.00000000 
12297.00000000 
20927.00000000 
24632.00000000 
10506.00000000 
3114.00000000 
2326.00000000 
7651.00000000 
3877.00000000 
4331.00000000 
3518.00000000 
3749.00000000 
3509.00000000 
8881.00000000 
11841.00000000 
8420.00000000 
11273.00000000 
14909.00000000 
15381.00000000 
17956.00000000 
13156.00000000 
20348.00000000 
12243.00000000 
19632.00000000 
33421.00000000 
35254.00000000 
23842.00000000 
11676.00000000 
6157.00000000 
13263.00000000 
18027.00000000 
12533.00000000 
16778.00000000 
11922.00000000 
29123.00000000 
19547.00000000 
17064.00000000 
11559.00000000 
12931.00000000 
6614.00000000 
24234.00000000 
15850.00000000 
17508.00000000 
11268.00000000 
7374.00000000 
2289.00000000 
4695.00000000 
3869.00000000 
3574.00000000 
16174.00000000 
11428.00000000 
591.00000000 
2055.00000000 
704.00000000 
371.00000000 
11036.00000000 
31465.00000000 
33644.00000000 
21879.00000000 
23338.00000000 
14902.00000000 
9786.00000000 
3819.00000000 
7604.00000000 
4759.00000000 
4740.00000000 
19610.00000000 
27977.00000000 
25191.00000000 
24956.00000000 
21248.00000000 
27872.00000000 
11842.00000000 
14148.00000000 
15611.00000000 
17019.00000000 
8634.00000000 
9412.00000000 
8102.00000000 
14838.00000000 
17737.00000000 
6894.00000000 
7391.00000000 
16201.00000000 
26356.00000000 
13134.00000000 
21330.00000000 
9416.00000000 
12623.00000000 
26225.00000000 
17067.00000000 
20923.00000000 
19636.00000000 
16075.00000000 
18623.00000000 
6621.00000000 
4966.00000000 
6450.00000000 
6249.00000000 
7332.00000000 
7827.00000000 
4856.00000000 
3676.00000000 
2085.00000000 
7102.00000000 
5023.00000000 
7521.00000000 
4815.00000000 
6042.00000000 
3603.00000000 
8262.00000000 
8773.00000000 
4187.00000000 
1301.00000000 
58.00000000 
281.00000000 
2584.00000000 
1716.00000000 
306.00000000 
573.00000000 
1476.00000000 
600.00000000 
1174.00000000 
2606.00000000 
9542.00000000 
2502.00000000 
3319.00000000 
2792.00000000 
1755.00000000 
3125.00000000 
1447.00000000 
2040.00000000 
9323.00000000 
3393.00000000 
1975.00000000 
1388.00000000 
2497.00000000 
4411.00000000 
4564.00000000 
4800.00000000 
32295.00000000 
27543.00000000 
21401.00000000 
90060.00000000 
35718.00000000 
9416.00000000 
3032.00000000 
4484.00000000 
11997.00000000 
32220.00000000 
9079.00000000 
6468.00000000 
22585.00000000 
28202.00000000 
14311.00000000 
16347.00000000 
13317.00000000 
2778.00000000 
4721.00000000 
5278.00000000 
3714.00000000 
6392.00000000 
10069.00000000 
10888.00000000 
14822.00000000 
13926.00000000 
8340.00000000 
10509.00000000 
2540.00000000 
5480.00000000 
4491.00000000 
4672.00000000 
7732.00000000 
2637.00000000 
761.00000000 
7735.00000000 
2105.00000000 
4792.00000000 
724.00000000 
3996.00000000 
4788.00000000 
7675.00000000 
5507.00000000 
8858.00000000 
6113.00000000 
4172.00000000 
1125.00000000 
1436.00000000 
1176.00000000 
7975.00000000 
5855.00000000 
3555.00000000 
2138.00000000 
2603.00000000 
1541.00000000 
4607.00000000 
17385.00000000 
16942.00000000 
12692.00000000 
21155.00000000 
25216.00000000 
9724.00000000 
21786.00000000 
5690.00000000 
4822.00000000 
11164.00000000 
12164.00000000 
3844.00000000 
15794.00000000 
17270.00000000 
15886.00000000 
18078.00000000 
17365.00000000 
13562.00000000 
4854.00000000 
2350.00000000 
3498.00000000 
4521.00000000 
3052.00000000 
15695.00000000 
19829.00000000 
18068.00000000 
2208.00000000 
11563.00000000 
12128.00000000 
26.00000000 
375.00000000 
7105.00000000 
7417.00000000 
21313.00000000 
16277.00000000 
32466.00000000 
20999.00000000 
38359.00000000 
22616.00000000 
21412.00000000 
11396.00000000 
10568.00000000 
6931.00000000 
8467.00000000 
6967.00000000 
7881.00000000 
7776.00000000 
7660.00000000 
6000.00000000 
3768.00000000 
4635.00000000 
15336.00000000 
17397.00000000 
22507.00000000 
13364.00000000 
15986.00000000 
8223.00000000 
26761.00000000 
31552.00000000 
31723.00000000 
21767.00000000 
26011.00000000 
10898.00000000 
30749.00000000 
33469.00000000 
30815.00000000 
33526.00000000 
15594.00000000 
14635.00000000 
691.00000000 
5874.00000000 
3160.00000000 
621.00000000 
794.00000000 
843.00000000 
1741.00000000 
930.00000000 
538.00000000 
1173.00000000 
10541.00000000 
14926.00000000 
21143.00000000 
17307.00000000 
19189.00000000 
19515.00000000 
15726.00000000 
10025.00000000 
9054.00000000 
7319.00000000 
8055.00000000 
9152.00000000 
5104.00000000 
994.00000000 
3102.00000000 
5850.00000000 
3480.00000000 
4606.00000000 
17283.00000000 
11030.00000000 
4957.00000000 
16074.00000000 
21129.00000000 
3094.00000000 
2546.00000000 
6282.00000000 
7531.00000000 
9023.00000000 
4637.00000000 
2132.00000000 
473.00000000 
2609.00000000 
2437.00000000 
420.00000000 
11625.00000000 
22878.00000000 
30546.00000000 
48162.00000000 
20001.00000000 
31013.00000000 
35172.00000000 
34842.00000000 
1557.00000000 
10572.00000000 
13193.00000000 
7402.00000000 
16745.00000000 
11314.00000000 
13473.00000000 
7692.00000000 
12608.00000000 
18064.00000000 
8971.00000000 
14493.00000000 
5564.00000000 
18600.00000000 
25443.00000000 
4810.00000000 
19016.00000000 
14835.00000000 
10309.00000000 
7826.00000000 
9278.00000000 
24281.00000000 
18478.00000000 
28757.00000000 
12414.00000000 
30315.00000000 
27857.00000000 
12530.00000000 
12303.00000000 
5945.00000000 
11992.00000000 
10337.00000000 
1148.00000000 
534.00000000 
5518.00000000 
1471.00000000 
2035.00000000 
1804.00000000 
5733.00000000 
4817.00000000 
6317.00000000 
6394.00000000 
3330.00000000 
2010.00000000 
2829.00000000 
4834.00000000 
2870.00000000 
3339.00000000 
4396.00000000 
2534.00000000 
1963.00000000 
5008.00000000 
4799.00000000 
3850.00000000 
2197.00000000 
11493.00000000 
5776.00000000 
778.00000000 
8765.00000000 
960.00000000 
2033.00000000 
1215.00000000 
2360.00000000 
4696.00000000 
2155.00000000 
7737.00000000 
12575.00000000 
12095.00000000 
3827.00000000 
813.00000000 
318.00000000 
1603.00000000 
860.00000000 
1590.00000000 
1698.00000000 
2547.00000000 
5121.00000000 
4190.00000000 
6020.00000000 
18353.00000000 
11295.00000000 
11357.00000000 
6008.00000000 
17590.00000000 
29698.00000000 
19899.00000000 
25265.00000000 
20429.00000000 
11122.00000000 
27522.00000000 
23424.00000000 
24402.00000000 
16475.00000000 
21818.00000000 
10403.00000000 
13925.00000000 
9039.00000000 
14523.00000000 
6405.00000000 
8094.00000000 
44503.00000000 
28923.00000000 
30802.00000000 
24501.00000000 
20903.00000000 
25562.00000000 
27869.00000000 
38932.00000000 
26307.00000000 
25145.00000000 
23938.00000000 
36030.00000000 
30787.00000000 
37487.00000000 
27976.00000000 
20050.00000000 
11098.00000000 
13278.00000000 
606.00000000 
1131.00000000 
1166.00000000 
1482.00000000 
11813.00000000 
8029.00000000 
16765.00000000 
11751.00000000 
3643.00000000 
10157.00000000 
16927.00000000 
15909.00000000 
12033.00000000 
13025.00000000 
6531.00000000 
21461.00000000 
12457.00000000 
13630.00000000 
14692.00000000 
8475.00000000 
17473.00000000 
10877.00000000 
30979.00000000 
19929.00000000 
8498.00000000 
21854.00000000 
16808.00000000 
23511.00000000 
17717.00000000 
17189.00000000 
7322.00000000 
27254.00000000 
29000.00000000 
11763.00000000 
18903.00000000 
8383.00000000 
14814.00000000 
20158.00000000 
24106.00000000 
21820.00000000 
26291.00000000 
20870.00000000 
25895.00000000 
18672.00000000 
20735.00000000 
11286.00000000 
12297.00000000 
20927.00000000 
24632.00000000 
10506.00000000 
3114.00000000 
2326.00000000 
7651.00000000 
3877.00000000 
4331.00000000 
3518.00000000 
3749.00000000 
3509.00000000 
8881.00000000 
11841.00000000 
8420.00000000 
11273.00000000 
14909.00000000 
15381.00000000 
17956.00000000 
13156.00000000 
20348.00000000 
12243.00000000 
19632.00000000 
33421.00000000 
35254.00000000 
23842.00000000 
11676.00000000 
6157.00000000 
13263.00000000 
18027.00000000 
12533.00000000 
16778.00000000 
11922.00000000 
29123.00000000 
19547.00000000 
17064.00000000 
11559.00000000 
12931.00000000 
6614.00000000 
24234.00000000 
15850.00000000 
17508.00000000 
11268.00000000 
7374.00000000 
2289.00000000 
4695.00000000 
3869.00000000 
3574.00000000 
16174.00000000 
11428.00000000 
591.00000000 
2055.00000000 
704.00000000 
371.00000000 
11036.00000000 
31465.00000000 
33644.00000000 
21879.00000000 
23338.00000000 
14902.00000000 
9786.00000000 
3819.00000000 
7604.00000000 
4759.00000000 
4740.00000000 
19610.00000000 
27977.00000000 
25191.00000000 
24956.00000000 
21248.00000000 
27872.00000000 
11842.00000000 
14148.00000000 
15611.00000000 
17019.00000000 
8634.00000000 
9412.00000000 
8102.00000000 
14838.00000000 
17737.00000000 
6894.00000000 
7391.00000000 
16201.00000000 
26356.00000000 
13134.00000000 
21330.00000000 
9416.00000000 
12623.00000000 
26225.00000000 
17067.00000000 
20923.00000000 
19636.00000000 
16075.00000000 
18623.00000000 
6621.00000000 
4966.00000000 
6450.00000000 
6249.00000000 
7332.00000000 
7827.00000000 
4856.00000000 
3676.00000000 
2085.00000000 
7102.00000000 
5023.00000000 
7521.00000000 
4815.00000000 
6042.00000000 
3603.00000000 
8262.00000000 
8773.00000000 
4187.00000000 
1301.00000000 
58.00000000 
281.00000000 
2584.00000000 
1716.00000000 
306.00000000 
573.00000000 
1476.00000000 
600.00000000 
1174.00000000 
2606.00000000 
9542.00000000 
2502.00000000 
3319.00000000 
2792.00000000 
1755.00000000 
3125.00000000 
1447.00000000 
2040.00000000 
9323.00000000 
3393.00000000 
1975.00000000 
1388.00000000 
2497.00000000 
4411.00000000 
4564.00000000 
4800.00000000 
32295.00000000 
27543.00000000 
21401.00000000 
90060.00000000 
35718.00000000 
9416.00000000 
3032.00000000 
4484.00000000 
11997.00000000 
32220.00000000 
9079.00000000 
6468.00000000 
22585.00000000 
28202.00000000 
14311.00000000 
16347.00000000 
13317.00000000 
2778.00000000 
4721.00000000 
5278.00000000 
3714.00000000 
6392.00000000 
10069.00000000 
10888.00000000 
14822.00000000 
13926.00000000 
8340.00000000 
10509.00000000 
2540.00000000 
5480.00000000 
4491.00000000 
4672.00000000 
7732.00000000 
2637.00000000 
761.00000000 
7735.00000000 
2105.00000000 
4792.00000000 
724.00000000 
3996.00000000 
4788.00000000 
7675.00000000 
5507.00000000 
8858.00000000 
6113.00000000 
4172.00000000 
1125.00000000 
1436.00000000 
1176.00000000 
7975.00000000 
5855.00000000 
3555.00000000 
2138.00000000 
2603.00000000 
1541.00000000 
4607.00000000 
17385.00000000 
16942.00000000 
12692.00000000 
21155.00000000 
25216.00000000 
9724.00000000 
21786.00000000 
5690.00000000 
4822.00000000 
11164.00000000 
12164.00000000 
3844.00000000 
15794.00000000 
17270.00000000 
15886.00000000 
18078.00000000 
17365.00000000 
13562.00000000 
4854.00000000 
2350.00000000 
3498.00000000 
4521.00000000 
3052.00000000 
15695.00000000 
19829.00000000 
18068.00000000 
2208.00000000 
11563.00000000 
12128.00000000 
26.00000000 
375.00000000 
7105.00000000 
7417.00000000 
21313.00000000 
16277.00000000 
32466.00000000 
20999.00000000 
38359.00000000 
22616.00000000 
21412.00000000 
11396.00000000 
10568.00000000 
6931.00000000 
8467.00000000 
6967.00000000 
7881.00000000 
7776.00000000 
7660.00000000 
6000.00000000 
3768.00000000 
4635.00000000 
15336.00000000 
17397.00000000 
22507.00000000 
13364.00000000 
15986.00000000 
8223.00000000 
26761.00000000 
31552.00000000 
31723.00000000 
21767.00000000 
26011.00000000 
10898.00000000 
30749.00000000 
33469.00000000 
30815.00000000 
33526.00000000 
15594.00000000 
14635.00000000 
691.00000000 
5874.00000000 
3160.00000000 
621.00000000 
794.00000000 
843.00000000 
1741.00000000 
930.00000000 
538.00000000 
1173.00000000 
10541.00000000 
14926.00000000 
21143.00000000 
17307.00000000 
19189.00000000 
19515.00000000 
15726.00000000 
10025.00000000 
9054.00000000 
7319.00000000 
8055.00000000 
9152.00000000 
5104.00000000 
994.00000000 
3102.00000000 
5850.00000000 
3480.00000000 
4606.00000000 
17283.00000000 
11030.00000000 
4957.00000000 
16074.00000000 
21129.00000000 
3094.00000000 
2546.00000000 
6282.00000000 
7531.00000000 
9023.00000000 
4637.00000000 
2132.00000000 
473.00000000 
2609.00000000 
2437.00000000 
420.00000000 
11625.00000000 
22878.00000000 
30546.00000000 
48162.00000000 
20001.00000000 
31013.00000000 
35172.00000000 
34842.00000000 
1557.00000000 
10572.00000000 
13193.00000000 
7402.00000000 
16745.00000000 
11314.00000000 
13473.00000000 
7692.00000000 
12608.00000000 
18064.00000000 
8971.00000000 
14493.00000000 
5564.00000000 
18600.00000000 
25443.00000000 
4810.00000000 
19016.00000000 
14835.00000000 
10309.00000000 
7826.00000000 
9278.00000000 
24281.00000000 
18478.00000000 
28757.00000000 
12414.00000000 
30315.00000000 
27857.00000000 
12530.00000000 
12303.00000000 
5945.00000000 
11992.00000000 
10337.00000000 
1148.00000000 
534.00000000 
5518.00000000 
1471.00000000 
2035.00000000 
1804.00000000 
5733.00000000 
4817.00000000 
6317.00000000 
6394.00000000 
3330.00000000 
2010.00000000 
2829.00000000 
4834.00000000 
2870.00000000 
3339.00000000 
4396.00000000 
2534.00000000 
1963.00000000 
5008.00000000 
4799.00000000 
3850.00000000 
2197.00000000 
11493.00000000 
5776.00000000 
778.00000000 
8765.00000000 
960.00000000 
2033.00000000 
1215.00000000 
2360.00000000 
4696.00000000 
2155.00000000 
7737.00000000 
12575.00000000 
12095.00000000 
3827.00000000 
813.00000000 
318.00000000 
1603.00000000 
860.00000000 
1590.00000000 
1698.00000000 
2547.00000000 
5121.00000000 
4190.00000000 
6020.00000000 
18353.00000000 
11295.00000000 
11357.00000000 
6008.00000000 
17590.00000000 
29698.00000000 
19899.00000000 
25265.00000000 
20429.00000000 
11122.00000000 
27522.00000000 
23424.00000000 
24402.00000000 
16475.00000000 
21818.00000000 
10403.00000000 
13925.00000000 
9039.00000000 
14523.00000000 
6405.00000000 
8094.00000000 
44503.00000000 
28923.00000000 
30802.00000000 
24501.00000000 
20903.00000000 
25562.00000000 
27869.00000000 
38932.00000000 
26307.00000000 
25145.00000000 
23938.00000000 
36030.00000000 
30787.00000000 
37487.00000000 
27976.00000000 
20050.00000000 
11098.00000000 
13278.00000000 
606.00000000 
1131.00000000 
1166.00000000 
1482.00000000 
11813.00000000 
8029.00000000 
16765.00000000 
11751.00000000 
3643.00000000 
10157.00000000 
16927.00000000 
15909.00000000 
12033.00000000 
13025.00000000 
6531.00000000 
21461.00000000 
12457.00000000 
13630.00000000 
14692.00000000 
8475.00000000 
17473.00000000 
10877.00000000 
30979.00000000 
19929.00000000 
8498.00000000 
21854.00000000 
16808.00000000 
23511.00000000 
17717.00000000 
17189.00000000 
7322.00000000 
27254.00000000 
29000.00000000 
11763.00000000 
18903.00000000 
8383.00000000 
14814.00000000 
20158.00000000 
24106.00000000 
21820.00000000 
26291.00000000 
20870.00000000 
25895.00000000 
18672.00000000 
20735.00000000 
11286.00000000 
12297.00000000 
20927.00000000 
24632.00000000 
10506.00000000 
3114.00000000 
2326.00000000 
7651.00000000 
3877.00000000 
4331.00000000 
3518.00000000 
3749.00000000 
3509.00000000 
8881.00000000 
11841.00000000 
8420.00000000 
11273.00000000 
14909.00000000 
15381.00000000 
17956.00000000 
13156.00000000 
20348.00000000 
12243.00000000 
19632.00000000 
33421.00000000 
35254.00000000 
23842.00000000 
11676.00000000 
6157.00000000 
13263.00000000 
18027.00000000 
12533.00000000 
16778.00000000 
11922.00000000 
29123.00000000 
19547.00000000 
17064.00000000 
11559.00000000 
12931.00000000 
6614.00000000 
24234.00000000 
15850.00000000 
17508.00000000 
11268.00000000 
7374.00000000 
2289.00000000 
4695.00000000 
3869.00000000 
3574.00000000 
16174.00000000 
11428.00000000 
591.00000000 
2055.00000000 
704.00000000 
371.00000000 
11036.00000000 
31465.00000000 
33644.00000000 
21879.00000000 
23338.00000000 
14902.00000000 
9786.00000000 
3819.00000000 
7604.00000000 
4759.00000000 
4740.00000000 
19610.00000000 
27977.00000000 
25191.00000000 
24956.00000000 
21248.00000000 
27872.00000000 
11842.00000000 
14148.00000000 
15611.00000000 
17019.00000000 
8634.00000000 
9412.00000000 
8102.00000000 
14838.00000000 
17737.00000000 
6894.00000000 
7391.00000000 
16201.00000000 
26356.00000000 
13134.00000000 
21330.00000000 
9416.00000000 
12623.00000000 
26225.00000000 
17067.00000000 
20923.00000000 
19636.00000000 
16075.00000000 
18623.00000000 
6621.00000000 
4966.00000000 
6450.00000000 
6249.00000000 
7332.00000000 
7827.00000000 
4856.00000000 
3676.00000000 
2085.00000000 
7102.00000000 
5023.00000000 
7521.00000000 
4815.00000000 
6042.00000000 
3603.00000000 
8262.00000000 
8773.00000000 
4187.00000000 
1301.00000000 
58.00000000 
281.00000000 
2584.00000000 
1716.00000000 
306.00000000 
573.00000000 
1476.00000000 
600.00000000 
1174.00000000 
2606.00000000 
9542.00000000 
2502.00000000 
3319.00000000 
2792.00000000 
1755.00000000 
3125.00000000 
1447.00000000 
2040.00000000 
9323.00000000 
3393.00000000 
1975.00000000 
1388.00000000 
2497.00000000 
4411.00000000 
4564.00000000 
4800.00000000 
32295.00000000 
27543.00000000 
21401.00000000 
90060.00000000 
35718.00000000 
9416.00000000 
3032.00000000 
4484.00000000 
11997.00000000 
32220.00000000 
9079.00000000 
6468.00000000 
22585.00000000 
28202.00000000 
14311.00000000 
16347.00000000 
13317.00000000 
2778.00000000 
4721.00000000 
5278.00000000 
3714.00000000 
6392.00000000 
10069.00000000 
10888.00000000 
14822.00000000 
13926.00000000 
8340.00000000 
10509.00000000 
2540.00000000 
5480.00000000 
4491.00000000 
4672.00000000 
7732.00000000 
2637.00000000 
761.00000000 
7735.00000000 
2105.00000000 
4792.00000000 
724.00000000 
3996.00000000 
4788.00000000 
7675.00000000 
5507.00000000 
8858.00000000 
6113.00000000 
4172.00000000 
1125.00000000 
1436.00000000 
1176.00000000 
7975.00000000 
5855.00000000 
3555.00000000 
2138.00000000 
2603.00000000 
1541.00000000 
4607.00000000 
17385.00000000 
16942.00000000 
12692.00000000 
21155.00000000 
25216.00000000 
9724.00000000 
21786.00000000 
5690.00000000 
4822.00000000 
11164.00000000 
12164.00000000 
3844.00000000 
15794.00000000 
17270.00000000 
15886.00000000 
18078.00000000 
17365.00000000 
13562.00000000 
4854.00000000 
2350.00000000 
3498.00000000 
4521.00000000 
3052.00000000 
15695.00000000 
19829.00000000 
18068.00000000 
2208.00000000 
11563.00000000 
12128.00000000 
26.00000000 
375.00000000 
7105.00000000 
7417.00000000 
21313.00000000 
16277.00000000 
32466.00000000 
20999.00000000 
38359.00000000 
22616.00000000 
21412.00000000 
11396.00000000 
10568.00000000 
6931.00000000 
8467.00000000 
6967.00000000 
7881.00000000 
7776.00000000 
7660.00000000 
6000.00000000 
3768.00000000 
4635.00000000 
15336.00000000 
17397.00000000 
22507.00000000 
13364.00000000 
15986.00000000 
8223.00000000 
26761.00000000 
31552.00000000 
31723.00000000 
21767.00000000 
26011.00000000 
10898.00000000 
30749.00000000 
33469.00000000 
30815.00000000 
33526.00000000 
15594.00000000 
14635.00000000 
691.00000000 
5874.00000000 
3160.00000000 
621.00000000 
794.00000000 
843.00000000 
1741.00000000 
930.00000000 
538.00000000 
1173.00000000 
10541.00000000 
14926.00000000 
21143.00000000 
17307.00000000 
19189.00000000 
19515.00000000 
15726.00000000 
10025.00000000 
9054.00000000 
7319.00000000 
8055.00000000 
9152.00000000 
5104.00000000 
994.00000000 
3102.00000000 
5850.00000000 
3480.00000000 
4606.00000000 
17283.00000000 
11030.00000000 
4957.00000000 
16074.00000000 
21129.00000000 
3094.00000000 
2546.00000000 
6282.00000000 
7531.00000000 
9023.00000000 
4637.00000000 
2132.00000000 
473.00000000 
2609.00000000 
2437.00000000 
420.00000000 
11625.00000000 
22878.00000000 
30546.00000000 
48162.00000000 
20001.00000000 
31013.00000000 
35172.00000000 
34842.00000000 
