0.00010953 
0.00010928 
0.00010908 
0.00010901 
0.00010915 
0.00010932 
0.00010917 
0.00010916 
0.00010913 
0.00010886 
0.00010887 
0.00010901 
0.00010948 
0.00010967 
0.00011017 
0.00011017 
0.00011017 
0.00010953 
0.00010875 
0.00010864 
0.00010846 
0.00010827 
0.00010782 
0.00010786 
0.00010836 
0.00010808 
0.00010799 
0.00010800 
0.00010795 
0.00010800 
0.00010795 
0.00010770 
0.00010766 
0.00010749 
0.00010751 
0.00010753 
0.00010763 
0.00010769 
0.00010732 
0.00010799 
0.00010797 
0.00010798 
0.00010798 
0.00010797 
0.00010796 
0.00010765 
0.00010765 
0.00010770 
0.00010765 
0.00010765 
0.00010762 
0.00010746 
0.00010679 
0.00010667 
0.00010663 
0.00010675 
0.00010647 
0.00010645 
0.00010643 
0.00010645 
0.00010629 
0.00010606 
0.00010598 
0.00010591 
0.00010555 
0.00010618 
0.00010637 
0.00010641 
0.00010646 
0.00010637 
0.00010637 
0.00010647 
0.00010647 
0.00010635 
0.00010636 
0.00010663 
0.00010584 
0.00010585 
0.00010582 
0.00010587 
0.00010634 
0.00010660 
0.00010644 
0.00010679 
0.00010650 
0.00010653 
0.00010676 
0.00010632 
0.00010657 
0.00010657 
0.00010643 
0.00010485 
0.00010489 
0.00010484 
0.00010484 
0.00010484 
0.00010484 
0.00010481 
0.00010481 
0.00010517 
0.00010550 
0.00010555 
0.00010560 
0.00010554 
0.00010558 
0.00010601 
0.00010601 
0.00010601 
0.00010599 
0.00010606 
0.00010671 
0.00010697 
0.00010696 
0.00010692 
0.00010687 
0.00010715 
0.00010791 
0.00010783 
0.00010786 
0.00010794 
0.00010789 
0.00010789 
0.00010790 
0.00010784 
0.00010762 
0.00010667 
0.00010666 
0.00010663 
0.00010636 
0.00010627 
0.00010614 
0.00010598 
0.00010597 
0.00010604 
0.00010574 
0.00010580 
0.00010587 
0.00010585 
0.00010565 
0.00010578 
0.00010460 
0.00010506 
0.00010537 
0.00010597 
0.00010624 
0.00010657 
0.00010677 
0.00010684 
0.00010658 
0.00010654 
0.00010649 
0.00010665 
0.00010645 
0.00010608 
0.00010619 
0.00010589 
0.00010573 
0.00010574 
0.00010471 
0.00010460 
0.00010411 
0.00010393 
0.00010336 
0.00010309 
0.00010380 
0.00010396 
0.00010386 
0.00010360 
0.00010325 
0.00010266 
0.00010239 
0.00010240 
0.00010240 
0.00010250 
0.00010244 
0.00010235 
0.00010242 
0.00010250 
0.00010245 
0.00010231 
0.00010237 
0.00010213 
0.00010231 
0.00010231 
0.00010235 
0.00010236 
0.00010138 
0.00010128 
0.00010122 
0.00010126 
0.00010116 
0.00010109 
0.00010071 
0.00010066 
0.00010053 
0.00009985 
0.00009948 
0.00009889 
0.00009919 
0.00009931 
0.00009961 
0.00009979 
0.00009970 
0.00009966 
0.00009982 
0.00009972 
0.00010001 
0.00010001 
0.00009999 
0.00009976 
0.00009962 
0.00009988 
0.00010155 
0.00010290 
0.00010352 
0.00010294 
0.00010330 
0.00010332 
0.00010330 
0.00010368 
0.00010388 
0.00010396 
0.00010394 
0.00010397 
0.00010404 
0.00010424 
0.00010339 
0.00010331 
0.00010295 
0.00010144 
0.00010154 
0.00010181 
0.00010218 
0.00010316 
0.00010324 
0.00010344 
0.00010382 
0.00010382 
0.00010390 
0.00010416 
0.00010426 
0.00010425 
0.00010426 
0.00010118 
0.00010036 
0.00010013 
0.00010013 
0.00009962 
0.00009932 
0.00010028 
0.00010030 
0.00010031 
0.00010026 
0.00010026 
0.00010030 
0.00010039 
0.00009994 
0.00009995 
0.00009994 
0.00010000 
0.00009992 
0.00009997 
0.00009983 
0.00010008 
0.00010006 
0.00010007 
0.00010007 
0.00010000 
0.00010000 
0.00010006 
0.00010012 
0.00009979 
0.00009979 
0.00010039 
0.00009993 
0.00009987 
0.00009936 
0.00009935 
0.00009936 
0.00009932 
0.00009931 
0.00009926 
0.00009894 
0.00009901 
0.00009936 
0.00009878 
0.00009869 
0.00009870 
0.00009839 
0.00009834 
0.00009843 
0.00009849 
0.00009868 
0.00009883 
0.00009894 
0.00010047 
0.00010299 
0.00010416 
0.00010480 
0.00010551 
0.00010479 
0.00010518 
0.00010669 
0.00010188 
0.00010023 
0.00010127 
0.00009723 
0.00009168 
0.00009169 
0.00009165 
0.00009137 
0.00009113 
0.00009324 
0.00009555 
0.00009571 
0.00009320 
0.00009312 
0.00009307 
0.00009307 
0.00009292 
0.00009298 
0.00009285 
0.00009311 
0.00009303 
0.00009305 
0.00009203 
0.00009310 
0.00009281 
0.00009176 
0.00009181 
0.00009208 
0.00009213 
0.00009205 
0.00009203 
0.00009224 
0.00009212 
0.00009290 
0.00009304 
0.00009300 
0.00009312 
0.00009330 
0.00009400 
0.00009391 
0.00009405 
0.00009413 
0.00009393 
0.00009384 
0.00009384 
0.00009414 
0.00009437 
0.00009446 
0.00009467 
0.00009500 
0.00009503 
0.00009505 
0.00009515 
0.00009517 
0.00009504 
0.00009503 
0.00009537 
0.00009537 
0.00009530 
0.00009538 
0.00009527 
0.00009519 
0.00009554 
0.00009594 
0.00009583 
0.00009518 
0.00009501 
0.00009557 
0.00009596 
0.00009632 
0.00009740 
0.00009709 
0.00009828 
0.00009945 
0.00009956 
0.00009972 
0.00009995 
0.00010000 
0.00010020 
0.00009988 
0.00010101 
0.00010156 
0.00010156 
0.00010160 
0.00010161 
0.00010161 
0.00010160 
0.00010174 
0.00010215 
0.00010335 
0.00010425 
0.00010422 
0.00010422 
0.00010423 
0.00010382 
0.00010388 
0.00010373 
0.00010360 
0.00010360 
0.00010361 
0.00010320 
0.00010380 
0.00010378 
0.00010403 
0.00010400 
0.00010406 
0.00010377 
0.00010404 
0.00010434 
0.00010356 
0.00010350 
0.00010363 
0.00010344 
0.00010344 
0.00010347 
0.00010359 
0.00010392 
0.00010439 
0.00010447 
0.00010441 
0.00010470 
0.00010473 
0.00010469 
0.00010470 
0.00010469 
0.00010459 
0.00010441 
0.00010502 
0.00010501 
0.00010503 
0.00010484 
0.00010501 
0.00010515 
0.00010529 
0.00010505 
0.00010486 
0.00010523 
0.00010492 
0.00010523 
0.00010484 
0.00010465 
0.00010459 
0.00010465 
0.00010464 
0.00010457 
0.00010478 
0.00010455 
0.00010537 
0.00010533 
0.00010595 
0.00010388 
0.00010433 
0.00010432 
0.00010498 
0.00010537 
0.00010565 
0.00010496 
0.00010493 
0.00010491 
0.00010520 
0.00010517 
0.00010469 
0.00010490 
0.00010461 
0.00010492 
0.00010494 
0.00010491 
0.00010542 
0.00010497 
0.00010532 
0.00010506 
0.00010469 
0.00010516 
0.00010570 
0.00010412 
0.00010197 
0.00010263 
0.00010953 
0.00010928 
0.00010908 
0.00010901 
0.00010915 
0.00010932 
0.00010917 
0.00010916 
0.00010913 
0.00010886 
0.00010887 
0.00010901 
0.00010948 
0.00010967 
0.00011017 
0.00011017 
0.00011017 
0.00010953 
0.00010875 
0.00010864 
0.00010846 
0.00010827 
0.00010782 
0.00010786 
0.00010836 
0.00010808 
0.00010799 
0.00010800 
0.00010795 
0.00010800 
0.00010795 
0.00010770 
0.00010766 
0.00010749 
0.00010751 
0.00010753 
0.00010763 
0.00010769 
0.00010732 
0.00010799 
0.00010797 
0.00010798 
0.00010798 
0.00010797 
0.00010796 
0.00010765 
0.00010765 
0.00010770 
0.00010765 
0.00010765 
0.00010762 
0.00010746 
0.00010679 
0.00010667 
0.00010663 
0.00010675 
0.00010647 
0.00010645 
0.00010643 
0.00010645 
0.00010629 
0.00010606 
0.00010598 
0.00010591 
0.00010555 
0.00010618 
0.00010637 
0.00010641 
0.00010646 
0.00010637 
0.00010637 
0.00010647 
0.00010647 
0.00010635 
0.00010636 
0.00010663 
0.00010584 
0.00010585 
0.00010582 
0.00010587 
0.00010634 
0.00010660 
0.00010644 
0.00010679 
0.00010650 
0.00010653 
0.00010676 
0.00010632 
0.00010657 
0.00010657 
0.00010643 
0.00010485 
0.00010489 
0.00010484 
0.00010484 
0.00010484 
0.00010484 
0.00010481 
0.00010481 
0.00010517 
0.00010550 
0.00010555 
0.00010560 
0.00010554 
0.00010558 
0.00010601 
0.00010601 
0.00010601 
0.00010599 
0.00010606 
0.00010671 
0.00010697 
0.00010696 
0.00010692 
0.00010687 
0.00010715 
0.00010791 
0.00010783 
0.00010786 
0.00010794 
0.00010789 
0.00010789 
0.00010790 
0.00010784 
0.00010762 
0.00010667 
0.00010666 
0.00010663 
0.00010636 
0.00010627 
0.00010614 
0.00010598 
0.00010597 
0.00010604 
0.00010574 
0.00010580 
0.00010587 
0.00010585 
0.00010565 
0.00010578 
0.00010460 
0.00010506 
0.00010537 
0.00010597 
0.00010624 
0.00010657 
0.00010677 
0.00010684 
0.00010658 
0.00010654 
0.00010649 
0.00010665 
0.00010645 
0.00010608 
0.00010619 
0.00010589 
0.00010573 
0.00010574 
0.00010471 
0.00010460 
0.00010411 
0.00010393 
0.00010336 
0.00010309 
0.00010380 
0.00010396 
0.00010386 
0.00010360 
0.00010325 
0.00010266 
0.00010239 
0.00010240 
0.00010240 
0.00010250 
0.00010244 
0.00010235 
0.00010242 
0.00010250 
0.00010245 
0.00010231 
0.00010237 
0.00010213 
0.00010231 
0.00010231 
0.00010235 
0.00010236 
0.00010138 
0.00010128 
0.00010122 
0.00010126 
0.00010116 
0.00010109 
0.00010071 
0.00010066 
0.00010053 
0.00009985 
0.00009948 
0.00009889 
0.00009919 
0.00009931 
0.00009961 
0.00009979 
0.00009970 
0.00009966 
0.00009982 
0.00009972 
0.00010001 
0.00010001 
0.00009999 
0.00009976 
0.00009962 
0.00009988 
0.00010155 
0.00010290 
0.00010352 
0.00010294 
0.00010330 
0.00010332 
0.00010330 
0.00010368 
0.00010388 
0.00010396 
0.00010394 
0.00010397 
0.00010404 
0.00010424 
0.00010339 
0.00010331 
0.00010295 
0.00010144 
0.00010154 
0.00010181 
0.00010218 
0.00010316 
0.00010324 
0.00010344 
0.00010382 
0.00010382 
0.00010390 
0.00010416 
0.00010426 
0.00010425 
0.00010426 
0.00010118 
0.00010036 
0.00010013 
0.00010013 
0.00009962 
0.00009932 
0.00010028 
0.00010030 
0.00010031 
0.00010026 
0.00010026 
0.00010030 
0.00010039 
0.00009994 
0.00009995 
0.00009994 
0.00010000 
0.00009992 
0.00009997 
0.00009983 
0.00010008 
0.00010006 
0.00010007 
0.00010007 
0.00010000 
0.00010000 
0.00010006 
0.00010012 
0.00009979 
0.00009979 
0.00010039 
0.00009993 
0.00009987 
0.00009936 
0.00009935 
0.00009936 
0.00009932 
0.00009931 
0.00009926 
0.00009894 
0.00009901 
0.00009936 
0.00009878 
0.00009869 
0.00009870 
0.00009839 
0.00009834 
0.00009843 
0.00009849 
0.00009868 
0.00009883 
0.00009894 
0.00010047 
0.00010299 
0.00010416 
0.00010480 
0.00010551 
0.00010479 
0.00010518 
0.00010669 
0.00010188 
0.00010023 
0.00010127 
0.00009723 
0.00009168 
0.00009169 
0.00009165 
0.00009137 
0.00009113 
0.00009324 
0.00009555 
0.00009571 
0.00009320 
0.00009312 
0.00009307 
0.00009307 
0.00009292 
0.00009298 
0.00009285 
0.00009311 
0.00009303 
0.00009305 
0.00009203 
0.00009310 
0.00009281 
0.00009176 
0.00009181 
0.00009208 
0.00009213 
0.00009205 
0.00009203 
0.00009224 
0.00009212 
0.00009290 
0.00009304 
0.00009300 
0.00009312 
0.00009330 
0.00009400 
0.00009391 
0.00009405 
0.00009413 
0.00009393 
0.00009384 
0.00009384 
0.00009414 
0.00009437 
0.00009446 
0.00009467 
0.00009500 
0.00009503 
0.00009505 
0.00009515 
0.00009517 
0.00009504 
0.00009503 
0.00009537 
0.00009537 
0.00009530 
0.00009538 
0.00009527 
0.00009519 
0.00009554 
0.00009594 
0.00009583 
0.00009518 
0.00009501 
0.00009557 
0.00009596 
0.00009632 
0.00009740 
0.00009709 
0.00009828 
0.00009945 
0.00009956 
0.00009972 
0.00009995 
0.00010000 
0.00010020 
0.00009988 
0.00010101 
0.00010156 
0.00010156 
0.00010160 
0.00010161 
0.00010161 
0.00010160 
0.00010174 
0.00010215 
0.00010335 
0.00010425 
0.00010422 
0.00010422 
0.00010423 
0.00010382 
0.00010388 
0.00010373 
0.00010360 
0.00010360 
0.00010361 
0.00010320 
0.00010380 
0.00010378 
0.00010403 
0.00010400 
0.00010406 
0.00010377 
0.00010404 
0.00010434 
0.00010356 
0.00010350 
0.00010363 
0.00010344 
0.00010344 
0.00010347 
0.00010359 
0.00010392 
0.00010439 
0.00010447 
0.00010441 
0.00010470 
0.00010473 
0.00010469 
0.00010470 
0.00010469 
0.00010459 
0.00010441 
0.00010502 
0.00010501 
0.00010503 
0.00010484 
0.00010501 
0.00010515 
0.00010529 
0.00010505 
0.00010486 
0.00010523 
0.00010492 
0.00010523 
0.00010484 
0.00010465 
0.00010459 
0.00010465 
0.00010464 
0.00010457 
0.00010478 
0.00010455 
0.00010537 
0.00010533 
0.00010595 
0.00010388 
0.00010433 
0.00010432 
0.00010498 
0.00010537 
0.00010565 
0.00010496 
0.00010493 
0.00010491 
0.00010520 
0.00010517 
0.00010469 
0.00010490 
0.00010461 
0.00010492 
0.00010494 
0.00010491 
0.00010542 
0.00010497 
0.00010532 
0.00010506 
0.00010469 
0.00010516 
0.00010570 
0.00010412 
0.00010197 
0.00010263 
0.00010953 
0.00010928 
0.00010908 
0.00010901 
0.00010915 
0.00010932 
0.00010917 
0.00010916 
0.00010913 
0.00010886 
0.00010887 
0.00010901 
0.00010948 
0.00010967 
0.00011017 
0.00011017 
0.00011017 
0.00010953 
0.00010875 
0.00010864 
0.00010846 
0.00010827 
0.00010782 
0.00010786 
0.00010836 
0.00010808 
0.00010799 
0.00010800 
0.00010795 
0.00010800 
0.00010795 
0.00010770 
0.00010766 
0.00010749 
0.00010751 
0.00010753 
0.00010763 
0.00010769 
0.00010732 
0.00010799 
0.00010797 
0.00010798 
0.00010798 
0.00010797 
0.00010796 
0.00010765 
0.00010765 
0.00010770 
0.00010765 
0.00010765 
0.00010762 
0.00010746 
0.00010679 
0.00010667 
0.00010663 
0.00010675 
0.00010647 
0.00010645 
0.00010643 
0.00010645 
0.00010629 
0.00010606 
0.00010598 
0.00010591 
0.00010555 
0.00010618 
0.00010637 
0.00010641 
0.00010646 
0.00010637 
0.00010637 
0.00010647 
0.00010647 
0.00010635 
0.00010636 
0.00010663 
0.00010584 
0.00010585 
0.00010582 
0.00010587 
0.00010634 
0.00010660 
0.00010644 
0.00010679 
0.00010650 
0.00010653 
0.00010676 
0.00010632 
0.00010657 
0.00010657 
0.00010643 
0.00010485 
0.00010489 
0.00010484 
0.00010484 
0.00010484 
0.00010484 
0.00010481 
0.00010481 
0.00010517 
0.00010550 
0.00010555 
0.00010560 
0.00010554 
0.00010558 
0.00010601 
0.00010601 
0.00010601 
0.00010599 
0.00010606 
0.00010671 
0.00010697 
0.00010696 
0.00010692 
0.00010687 
0.00010715 
0.00010791 
0.00010783 
0.00010786 
0.00010794 
0.00010789 
0.00010789 
0.00010790 
0.00010784 
0.00010762 
0.00010667 
0.00010666 
0.00010663 
0.00010636 
0.00010627 
0.00010614 
0.00010598 
0.00010597 
0.00010604 
0.00010574 
0.00010580 
0.00010587 
0.00010585 
0.00010565 
0.00010578 
0.00010460 
0.00010506 
0.00010537 
0.00010597 
0.00010624 
0.00010657 
0.00010677 
0.00010684 
0.00010658 
0.00010654 
0.00010649 
0.00010665 
0.00010645 
0.00010608 
0.00010619 
0.00010589 
0.00010573 
0.00010574 
0.00010471 
0.00010460 
0.00010411 
0.00010393 
0.00010336 
0.00010309 
0.00010380 
0.00010396 
0.00010386 
0.00010360 
0.00010325 
0.00010266 
0.00010239 
0.00010240 
0.00010240 
0.00010250 
0.00010244 
0.00010235 
0.00010242 
0.00010250 
0.00010245 
0.00010231 
0.00010237 
0.00010213 
0.00010231 
0.00010231 
0.00010235 
0.00010236 
0.00010138 
0.00010128 
0.00010122 
0.00010126 
0.00010116 
0.00010109 
0.00010071 
0.00010066 
0.00010053 
0.00009985 
0.00009948 
0.00009889 
0.00009919 
0.00009931 
0.00009961 
0.00009979 
0.00009970 
0.00009966 
0.00009982 
0.00009972 
0.00010001 
0.00010001 
0.00009999 
0.00009976 
0.00009962 
0.00009988 
0.00010155 
0.00010290 
0.00010352 
0.00010294 
0.00010330 
0.00010332 
0.00010330 
0.00010368 
0.00010388 
0.00010396 
0.00010394 
0.00010397 
0.00010404 
0.00010424 
0.00010339 
0.00010331 
0.00010295 
0.00010144 
0.00010154 
0.00010181 
0.00010218 
0.00010316 
0.00010324 
0.00010344 
0.00010382 
0.00010382 
0.00010390 
0.00010416 
0.00010426 
0.00010425 
0.00010426 
0.00010118 
0.00010036 
0.00010013 
0.00010013 
0.00009962 
0.00009932 
0.00010028 
0.00010030 
0.00010031 
0.00010026 
0.00010026 
0.00010030 
0.00010039 
0.00009994 
0.00009995 
0.00009994 
0.00010000 
0.00009992 
0.00009997 
0.00009983 
0.00010008 
0.00010006 
0.00010007 
0.00010007 
0.00010000 
0.00010000 
0.00010006 
0.00010012 
0.00009979 
0.00009979 
0.00010039 
0.00009993 
0.00009987 
0.00009936 
0.00009935 
0.00009936 
0.00009932 
0.00009931 
0.00009926 
0.00009894 
0.00009901 
0.00009936 
0.00009878 
0.00009869 
0.00009870 
0.00009839 
0.00009834 
0.00009843 
0.00009849 
0.00009868 
0.00009883 
0.00009894 
0.00010047 
0.00010299 
0.00010416 
0.00010480 
0.00010551 
0.00010479 
0.00010518 
0.00010669 
0.00010188 
0.00010023 
0.00010127 
0.00009723 
0.00009168 
0.00009169 
0.00009165 
0.00009137 
0.00009113 
0.00009324 
0.00009555 
0.00009571 
0.00009320 
0.00009312 
0.00009307 
0.00009307 
0.00009292 
0.00009298 
0.00009285 
0.00009311 
0.00009303 
0.00009305 
0.00009203 
0.00009310 
0.00009281 
0.00009176 
0.00009181 
0.00009208 
0.00009213 
0.00009205 
0.00009203 
0.00009224 
0.00009212 
0.00009290 
0.00009304 
0.00009300 
0.00009312 
0.00009330 
0.00009400 
0.00009391 
0.00009405 
0.00009413 
0.00009393 
0.00009384 
0.00009384 
0.00009414 
0.00009437 
0.00009446 
0.00009467 
0.00009500 
0.00009503 
0.00009505 
0.00009515 
0.00009517 
0.00009504 
0.00009503 
0.00009537 
0.00009537 
0.00009530 
0.00009538 
0.00009527 
0.00009519 
0.00009554 
0.00009594 
0.00009583 
0.00009518 
0.00009501 
0.00009557 
0.00009596 
0.00009632 
0.00009740 
0.00009709 
0.00009828 
0.00009945 
0.00009956 
0.00009972 
0.00009995 
0.00010000 
0.00010020 
0.00009988 
0.00010101 
0.00010156 
0.00010156 
0.00010160 
0.00010161 
0.00010161 
0.00010160 
0.00010174 
0.00010215 
0.00010335 
0.00010425 
0.00010422 
0.00010422 
0.00010423 
0.00010382 
0.00010388 
0.00010373 
0.00010360 
0.00010360 
0.00010361 
0.00010320 
0.00010380 
0.00010378 
0.00010403 
0.00010400 
0.00010406 
0.00010377 
0.00010404 
0.00010434 
0.00010356 
0.00010350 
0.00010363 
0.00010344 
0.00010344 
0.00010347 
0.00010359 
0.00010392 
0.00010439 
0.00010447 
0.00010441 
0.00010470 
0.00010473 
0.00010469 
0.00010470 
0.00010469 
0.00010459 
0.00010441 
0.00010502 
0.00010501 
0.00010503 
0.00010484 
0.00010501 
0.00010515 
0.00010529 
0.00010505 
0.00010486 
0.00010523 
0.00010492 
0.00010523 
0.00010484 
0.00010465 
0.00010459 
0.00010465 
0.00010464 
0.00010457 
0.00010478 
0.00010455 
0.00010537 
0.00010533 
0.00010595 
0.00010388 
0.00010433 
0.00010432 
0.00010498 
0.00010537 
0.00010565 
0.00010496 
0.00010493 
0.00010491 
0.00010520 
0.00010517 
0.00010469 
0.00010490 
0.00010461 
0.00010492 
0.00010494 
0.00010491 
0.00010542 
0.00010497 
0.00010532 
0.00010506 
0.00010469 
0.00010516 
0.00010570 
0.00010412 
0.00010197 
0.00010263 
