7800.00000000 
7793.20000000 
7800.00000000 
7760.00000000 
7759.93000000 
7811.94000000 
7769.95000000 
7735.31000000 
7739.99000000 
7774.34000000 
7799.45000000 
7789.98000000 
7840.90000000 
7864.97000000 
7856.96000000 
7829.96000000 
7850.00000000 
7800.00000000 
7777.24000000 
7732.00000000 
7720.99000000 
7696.91000000 
7662.50000000 
7647.87000000 
7660.96000000 
7707.36000000 
7700.00000000 
7696.99000000 
7660.02000000 
7671.00000000 
7678.53000000 
7675.00000000 
7652.00000000 
7602.59000000 
7576.99000000 
7570.00000000 
7588.58000000 
7621.00000000 
7616.37000000 
7589.00000000 
7649.44000000 
7656.08000000 
7621.07000000 
7592.99000000 
7584.63000000 
7619.02000000 
7610.00000000 
7559.44000000 
7477.02000000 
7470.00000000 
7494.81000000 
7479.95000000 
7511.00000000 
7543.00000000 
7541.07000000 
7571.76000000 
7569.72000000 
7564.69000000 
7600.00000000 
7590.00000000 
7598.00000000 
7539.99000000 
7614.44000000 
7612.08000000 
7670.00000000 
7729.99000000 
7732.54000000 
7740.00000000 
7745.98000000 
7749.00000000 
7749.87000000 
7740.01000000 
7735.02000000 
7780.52000000 
7755.00000000 
7755.95000000 
7743.98000000 
7713.00000000 
7672.00000000 
7719.98000000 
7685.03000000 
7669.99000000 
7629.99000000 
7622.65000000 
7630.05000000 
7630.14000000 
7617.72000000 
7600.04000000 
7660.00000000 
7635.73000000 
7645.02000000 
7660.00000000 
7614.07000000 
7655.00000000 
7618.99000000 
7606.67000000 
7557.07000000 
7561.02000000 
7539.93000000 
7539.91000000 
7514.55000000 
7451.13000000 
7450.01000000 
7477.41000000 
7477.28000000 
7568.94000000 
7575.00000000 
7559.01000000 
7543.18000000 
7470.00000000 
7498.00000000 
7540.00000000 
7589.00000000 
7620.44000000 
7590.00000000 
7575.00000000 
7569.98000000 
7550.00000000 
7509.91000000 
7481.00000000 
7440.00000000 
7439.99000000 
7440.01000000 
7419.42000000 
7390.00000000 
7389.00000000 
7390.00000000 
7383.27000000 
7364.00000000 
7380.00000000 
7359.00000000 
7322.70000000 
7298.41000000 
7285.22000000 
7304.06000000 
7270.00000000 
7288.91000000 
7293.35000000 
7302.80000000 
7283.69000000 
7289.06000000 
7290.98000000 
7305.14000000 
7278.01000000 
7331.50000000 
7312.97000000 
7297.61000000 
7281.00000000 
7263.82000000 
7243.94000000 
7228.54000000 
7195.01000000 
7235.00000000 
7214.89000000 
7208.00000000 
7253.04000000 
7234.83000000 
7269.96000000 
7275.05000000 
7278.00000000 
7260.00000000 
7248.99000000 
7201.04000000 
7250.28000000 
7220.54000000 
7190.10000000 
7178.02000000 
7187.68000000 
7180.01000000 
7179.03000000 
7137.50000000 
7127.87000000 
7136.10000000 
7139.50000000 
7134.94000000 
7151.22000000 
7100.69000000 
7117.88000000 
7159.99000000 
7181.61000000 
7180.01000000 
7172.06000000 
7171.53000000 
7180.37000000 
7129.56000000 
7185.01000000 
7153.95000000 
7106.01000000 
7140.00000000 
7129.99000000 
7124.41000000 
7100.00000000 
7089.19000000 
7019.66000000 
7048.73000000 
7034.98000000 
7005.00000000 
7063.65000000 
7003.12000000 
7002.00000000 
7033.97000000 
6973.01000000 
7007.00000000 
7027.80000000 
7019.68000000 
7086.00000000 
7086.66000000 
7093.00000000 
7094.99000000 
7100.03000000 
7104.95000000 
7121.54000000 
7108.00000000 
7110.00000000 
7090.44000000 
7057.00000000 
7085.33000000 
7063.32000000 
7099.75000000 
7097.99000000 
7146.74000000 
7118.86000000 
7114.93000000 
7154.13000000 
7126.77000000 
7075.45000000 
7094.95000000 
7048.65000000 
7009.41000000 
6959.39000000 
6910.01000000 
6899.81000000 
6932.41000000 
6949.98000000 
6928.77000000 
6955.01000000 
6969.96000000 
6914.17000000 
6820.06000000 
6808.41000000 
6808.00000000 
6803.53000000 
6798.52000000 
6844.97000000 
6807.07000000 
6819.93000000 
6815.00000000 
6849.78000000 
6842.18000000 
6820.58000000 
6824.62000000 
6850.69000000 
6854.18000000 
6870.08000000 
6867.00000000 
6898.35000000 
6923.68000000 
6911.03000000 
6979.99000000 
7000.11000000 
7000.00000000 
6980.07000000 
6990.02000000 
6935.50000000 
6922.24000000 
6918.99000000 
6900.00000000 
6927.74000000 
6903.44000000 
6960.00000000 
6920.00000000 
6965.02000000 
6967.19000000 
7003.03000000 
7018.98000000 
7001.00000000 
7022.65000000 
7067.02000000 
7030.05000000 
7054.02000000 
7031.19000000 
7024.14000000 
7000.06000000 
7039.45000000 
7019.99000000 
7050.52000000 
7098.54000000 
7115.21000000 
7111.79000000 
7098.19000000 
7081.80000000 
7150.00000000 
7137.41000000 
7121.00000000 
7080.72000000 
7142.02000000 
7103.33000000 
7074.11000000 
7028.15000000 
7024.47000000 
7007.37000000 
6979.94000000 
6985.00000000 
7023.41000000 
7069.02000000 
7055.34000000 
7017.99000000 
7000.01000000 
6979.48000000 
7012.81000000 
6951.00000000 
7000.59000000 
7036.96000000 
7070.08000000 
7019.86000000 
7063.35000000 
7107.27000000 
7110.00000000 
7166.20000000 
7187.03000000 
7213.60000000 
7192.95000000 
7150.01000000 
7145.18000000 
7134.30000000 
7135.26000000 
7115.02000000 
7154.93000000 
7165.99000000 
7204.03000000 
7164.42000000 
7152.07000000 
7183.27000000 
7230.01000000 
7280.00000000 
7279.32000000 
7276.30000000 
7275.07000000 
7285.01000000 
7276.59000000 
7272.77000000 
7311.11000000 
7345.00000000 
7370.13000000 
7376.65000000 
7378.57000000 
7388.97000000 
7330.01000000 
7299.99000000 
7291.25000000 
7335.00000000 
7269.11000000 
7311.99000000 
7288.19000000 
7265.71000000 
7229.97000000 
7170.02000000 
7100.50000000 
7126.02000000 
7159.94000000 
7160.00000000 
7183.12000000 
7238.65000000 
7254.14000000 
7264.53000000 
7235.27000000 
7256.00000000 
7297.30000000 
7307.20000000 
7300.01000000 
7333.80000000 
7379.99000000 
7390.75000000 
7395.67000000 
7399.93000000 
7385.00000000 
7407.52000000 
7415.95000000 
7404.00000000 
7444.00000000 
7430.09000000 
7390.17000000 
7415.00000000 
7422.00000000 
7361.24000000 
7330.00000000 
7294.98000000 
7259.78000000 
7242.13000000 
7249.00000000 
7220.20000000 
7249.00000000 
7239.99000000 
7189.97000000 
7150.00000000 
7078.46000000 
7075.19000000 
7100.33000000 
7115.00000000 
7089.01000000 
7099.34000000 
7056.98000000 
7060.66000000 
7076.73000000 
7071.21000000 
7102.02000000 
7130.00000000 
7140.00000000 
7167.93000000 
7179.97000000 
7105.00000000 
7083.55000000 
7115.00000000 
7080.17000000 
7039.99000000 
7039.89000000 
7056.61000000 
7034.89000000 
7110.00000000 
7069.62000000 
7020.05000000 
6973.52000000 
6990.00000000 
6940.93000000 
6904.00000000 
6942.00000000 
6966.99000000 
6935.94000000 
7005.00000000 
6993.96000000 
7051.19000000 
7000.00000000 
6929.95000000 
6870.08000000 
6845.98000000 
6885.00000000 
6949.25000000 
6955.00000000 
6868.51000000 
6930.99000000 
6991.00000000 
7023.01000000 
7050.00000000 
7088.01000000 
7088.04000000 
7130.00000000 
7098.99000000 
7164.05000000 
7134.79000000 
7174.02000000 
7149.99000000 
7123.06000000 
7083.52000000 
7069.98000000 
7124.03000000 
7118.90000000 
7177.00000000 
7082.25000000 
7117.12000000 
7222.50000000 
7314.51000000 
7305.00000000 
7279.88000000 
7235.00000000 
7194.94000000 
7232.01000000 
7288.99000000 
7210.39000000 
7170.80000000 
7139.99000000 
7178.03000000 
7127.89000000 
7065.80000000 
7120.69000000 
7175.00000000 
7182.20000000 
7219.99000000 
7144.32000000 
7100.05000000 
7120.23000000 
7042.95000000 
6990.00000000 
6990.01000000 
7050.00000000 
7025.95000000 
6967.99000000 
6910.00000000 
6959.90000000 
6976.21000000 
6925.02000000 
6889.33000000 
6870.07000000 
6830.21000000 
6870.10000000 
6877.99000000 
6910.00000000 
6877.24000000 
6878.49000000 
6841.88000000 
6798.12000000 
6818.87000000 
6770.13000000 
6773.63000000 
6770.00000000 
6832.98000000 
6782.01000000 
6830.00000000 
6850.01000000 
6925.00000000 
6899.79000000 
6859.92000000 
6921.99000000 
6985.91000000 
7049.99000000 
6987.12000000 
6945.00000000 
6938.99000000 
6919.93000000 
6925.00000000 
6860.00000000 
6833.15000000 
6824.59000000 
6808.73000000 
6830.05000000 
6835.00000000 
6803.01000000 
6814.73000000 
6797.84000000 
6719.07000000 
6751.00000000 
6799.79000000 
6815.19000000 
6800.00000000 
6788.33000000 
6799.00000000 
6769.79000000 
6801.68000000 
6753.25000000 
6699.68000000 
6728.78000000 
6740.00000000 
6694.99000000 
6707.60000000 
6667.77000000 
6639.68000000 
6647.37000000 
6621.86000000 
6665.00000000 
6679.97000000 
6691.74000000 
6736.09000000 
6708.95000000 
6744.99000000 
6730.00000000 
6631.00000000 
6675.22000000 
6650.02000000 
6583.99000000 
6557.07000000 
6557.31000000 
6529.80000000 
6535.81000000 
6567.82000000 
6551.52000000 
6499.99000000 
6492.83000000 
6501.52000000 
6512.40000000 
6510.19000000 
6498.85000000 
6469.13000000 
6494.98000000 
6500.01000000 
6474.29000000 
6501.60000000 
6467.94000000 
6516.39000000 
6490.83000000 
6550.01000000 
6526.45000000 
6561.08000000 
6650.95000000 
6642.00000000 
6619.28000000 
6569.73000000 
6540.56000000 
6546.88000000 
6562.56000000 
6559.00000000 
6499.87000000 
6435.00000000 
6406.02000000 
6393.40000000 
6435.68000000 
6411.54000000 
6420.14000000 
6382.00000000 
6363.24000000 
6372.90000000 
6361.27000000 
6389.90000000 
6360.01000000 
6326.87000000 
6318.13000000 
6282.71000000 
6299.80000000 
6340.20000000 
6307.96000000 
6320.14000000 
6353.38000000 
6369.61000000 
6375.12000000 
6402.68000000 
6358.55000000 
6445.00000000 
6460.18000000 
6422.80000000 
6369.06000000 
6350.14000000 
6326.26000000 
6314.92000000 
6311.64000000 
6300.64000000 
6340.30000000 
6351.01000000 
6319.97000000 
6273.93000000 
6321.02000000 
6288.01000000 
6310.00000000 
6307.96000000 
6327.53000000 
6320.07000000 
6381.02000000 
6373.82000000 
6400.00000000 
6405.00000000 
6444.07000000 
6467.75000000 
6515.79000000 
6525.87000000 
6536.82000000 
6538.88000000 
6530.15000000 
6554.24000000 
6527.99000000 
6570.71000000 
6577.00000000 
6526.88000000 
6472.01000000 
6438.34000000 
6414.92000000 
6429.95000000 
6430.00000000 
6430.56000000 
6455.16000000 
6488.31000000 
6460.30000000 
6456.61000000 
6465.36000000 
6520.18000000 
6490.34000000 
6516.50000000 
6471.05000000 
6515.00000000 
6539.80000000 
6541.90000000 
6565.00000000 
6540.00000000 
6529.60000000 
6575.01000000 
6609.21000000 
6603.17000000 
6590.89000000 
6664.99000000 
6594.57000000 
6565.38000000 
6589.99000000 
6600.01000000 
6576.25000000 
6630.48000000 
6657.08000000 
6671.38000000 
6669.97000000 
6700.00000000 
6725.00000000 
6690.01000000 
6699.95000000 
6688.00000000 
6688.88000000 
6710.10000000 
6760.01000000 
6709.51000000 
6672.29000000 
6717.13000000 
6728.00000000 
6800.00000000 
6759.89000000 
6860.00000000 
6829.97000000 
6750.00000000 
6725.93000000 
6759.90000000 
6700.40000000 
6643.08000000 
6575.86000000 
6600.59000000 
6627.06000000 
6671.08000000 
6671.08000000 
6695.82000000 
6630.09000000 
6667.24000000 
6728.72000000 
6810.11000000 
6795.00000000 
6686.94000000 
6750.27000000 
6808.90000000 
6851.02000000 
6903.00000000 
6939.99000000 
6900.00000000 
6833.00000000 
6763.31000000 
6723.00000000 
6717.06000000 
6653.55000000 
6715.59000000 
6687.07000000 
6724.93000000 
6845.00000000 
6861.91000000 
6749.23000000 
6690.01000000 
6646.83000000 
6600.00000000 
6543.52000000 
6538.98000000 
6561.70000000 
6577.42000000 
6499.11000000 
6474.10000000 
6461.86000000 
6390.33000000 
6349.99000000 
6370.20000000 
6408.53000000 
6378.90000000 
6380.04000000 
6412.45000000 
6379.99000000 
6439.23000000 
6458.07000000 
6463.40000000 
6467.80000000 
6450.08000000 
6400.00000000 
6311.77000000 
6279.91000000 
6280.00000000 
6250.00000000 
6224.01000000 
6187.17000000 
6213.08000000 
6191.93000000 
6178.00000000 
6140.01000000 
6146.98000000 
6159.99000000 
6162.99000000 
6167.10000000 
6167.00000000 
6164.98000000 
6155.75000000 
6148.80000000 
6162.52000000 
6150.02000000 
6126.05000000 
6108.53000000 
6127.91000000 
6134.62000000 
6136.55000000 
6110.28000000 
6125.93000000 
6110.39000000 
6160.05000000 
6182.96000000 
6180.01000000 
6176.03000000 
6179.34000000 
6211.89000000 
6220.43000000 
6220.96000000 
6218.30000000 
6242.69000000 
6241.20000000 
6219.50000000 
6209.89000000 
6198.87000000 
6176.00000000 
6199.98000000 
6234.25000000 
6258.28000000 
6217.05000000 
6199.58000000 
6220.00000000 
6184.99000000 
6153.59000000 
6148.90000000 
6159.29000000 
6162.21000000 
6161.98000000 
6123.34000000 
6138.09000000 
6150.07000000 
6170.72000000 
6175.57000000 
6150.00000000 
6189.97000000 
6168.88000000 
6191.01000000 
6200.60000000 
6260.00000000 
6179.99000000 
6100.00000000 
6086.54000000 
6097.93000000 
6040.98000000 
6006.00000000 
6004.75000000 
6050.00000000 
6052.21000000 
6062.90000000 
6056.03000000 
6066.41000000 
6062.76000000 
6096.08000000 
6087.92000000 
6103.00000000 
6100.01000000 
6120.00000000 
6128.00000000 
6100.00000000 
6130.00000000 
6132.89000000 
6118.49000000 
6160.90000000 
6060.13000000 
6052.00000000 
6055.00000000 
6080.03000000 
6116.97000000 
6068.56000000 
6064.99000000 
6081.73000000 
6131.04000000 
6161.01000000 
6169.02000000 
6170.00000000 
6185.65000000 
6196.66000000 
6173.07000000 
6199.80000000 
6189.68000000 
6211.79000000 
6183.87000000 
6174.00000000 
6199.99000000 
6190.00000000 
6202.18000000 
6214.60000000 
6255.01000000 
6279.14000000 
6300.00000000 
6330.00000000 
6356.00000000 
6300.50000000 
6329.01000000 
6289.75000000 
6274.12000000 
6248.80000000 
6232.32000000 
6208.10000000 
6225.00000000 
6196.42000000 
6240.96000000 
6226.21000000 
6250.79000000 
6259.99000000 
6210.00000000 
6165.45000000 
6161.73000000 
6150.00000000 
6166.00000000 
6151.89000000 
6141.08000000 
6139.99000000 
6159.91000000 
6174.01000000 
6153.98000000 
6150.00000000 
6186.28000000 
6160.00000000 
6143.87000000 
6140.00000000 
6169.83000000 
6169.30000000 
6180.00000000 
6196.05000000 
6249.93000000 
6231.98000000 
6276.34000000 
6239.98000000 
6209.93000000 
6169.15000000 
6180.03000000 
6138.99000000 
6169.86000000 
6155.88000000 
6163.76000000 
6173.25000000 
6215.00000000 
6179.26000000 
6198.76000000 
6200.03000000 
6218.39000000 
6263.47000000 
6251.00000000 
6270.20000000 
6340.51000000 
6365.06000000 
6369.97000000 
6355.00000000 
6331.40000000 
6305.17000000 
6315.00000000 
6300.00000000 
6307.99000000 
6338.74000000 
6345.33000000 
6362.69000000 
6304.99000000 
6360.97000000 
6383.47000000 
6380.25000000 
6414.23000000 
6426.95000000 
6507.99000000 
6541.08000000 
6514.40000000 
6528.00000000 
6586.09000000 
6528.56000000 
6596.11000000 
6635.00000000 
6581.00000000 
6577.13000000 
6518.95000000 
6545.88000000 
6485.26000000 
6495.00000000 
6444.99000000 
6484.19000000 
6470.01000000 
6551.82000000 
6589.99000000 
6641.53000000 
6559.14000000 
6437.04000000 
6436.91000000 
6400.00000000 
6330.75000000 
6343.77000000 
6317.90000000 
6265.01000000 
6309.87000000 
6266.35000000 
6268.25000000 
6297.99000000 
6249.98000000 
6298.79000000 
6337.00000000 
6269.09000000 
6333.42000000 
6272.21000000 
6337.98000000 
6299.97000000 
6300.05000000 
6380.24000000 
6326.96000000 
6376.60000000 
6494.25000000 
6380.00000000 
6279.76000000 
6136.97000000 
6026.94000000 
6022.00000000 
6032.06000000 
6039.33000000 
6049.94000000 
6065.20000000 
6085.00000000 
6062.92000000 
6094.99000000 
6101.00000000 
6099.32000000 
6125.08000000 
6109.08000000 
6109.99000000 
6130.01000000 
6143.34000000 
6131.60000000 
6130.07000000 
6139.51000000 
6135.00000000 
6117.78000000 
6163.85000000 
6160.94000000 
6179.94000000 
6168.96000000 
6158.00000000 
6159.94000000 
6126.23000000 
6182.87000000 
6129.98000000 
6141.25000000 
6141.09000000 
6156.11000000 
6160.41000000 
6136.20000000 
6184.32000000 
6160.00000000 
6200.34000000 
6208.11000000 
6215.00000000 
6216.95000000 
6167.32000000 
6195.00000000 
6235.85000000 
6233.00000000 
6246.22000000 
6187.58000000 
6199.00000000 
6150.00000000 
6119.86000000 
6149.87000000 
6150.00000000 
6170.04000000 
6175.12000000 
6199.00000000 
6226.64000000 
6226.39000000 
6252.06000000 
6221.99000000 
6226.64000000 
6243.33000000 
6244.48000000 
6233.63000000 
6233.66000000 
6258.70000000 
6259.72000000 
6259.86000000 
6234.00000000 
6251.02000000 
6279.49000000 
6300.42000000 
6333.96000000 
6317.80000000 
6350.00000000 
6290.00000000 
6248.57000000 
6245.07000000 
6219.77000000 
6205.00000000 
6224.09000000 
6244.97000000 
6289.00000000 
6268.29000000 
6236.96000000 
6229.22000000 
6207.96000000 
6247.41000000 
6224.76000000 
6199.97000000 
6219.91000000 
6200.00000000 
6237.90000000 
6179.97000000 
6221.77000000 
6199.92000000 
6257.93000000 
6187.80000000 
6190.00000000 
6175.00000000 
6202.93000000 
6207.00000000 
6192.03000000 
6207.67000000 
6200.02000000 
6202.00000000 
6223.01000000 
6260.96000000 
6325.99000000 
6291.31000000 
6369.08000000 
6317.90000000 
6305.00000000 
6257.42000000 
6250.00000000 
6239.00000000 
6228.01000000 
6257.82000000 
6247.90000000 
6263.75000000 
6255.79000000 
6251.00000000 
6275.03000000 
6275.04000000 
6255.88000000 
6303.42000000 
6329.72000000 
6360.00000000 
6331.00000000 
6311.05000000 
6334.75000000 
6329.81000000 
6369.97000000 
6387.95000000 
6375.97000000 
6412.65000000 
6403.84000000 
6438.53000000 
6436.02000000 
6440.03000000 
6431.02000000 
6473.50000000 
6479.00000000 
6497.01000000 
6462.08000000 
6501.54000000 
6530.86000000 
6521.21000000 
6555.94000000 
6518.44000000 
6510.07000000 
6484.61000000 
6467.26000000 
6526.97000000 
6482.75000000 
6437.92000000 
6465.67000000 
6481.29000000 
6473.95000000 
6450.00000000 
6476.97000000 
6450.00000000 
6458.97000000 
6399.99000000 
6350.26000000 
6355.13000000 
6380.05000000 
6413.00000000 
6413.01000000 
6440.81000000 
6428.98000000 
6453.22000000 
6415.96000000 
6436.30000000 
6462.01000000 
6468.92000000 
6430.91000000 
6430.88000000 
6430.87000000 
6457.91000000 
6483.23000000 
6498.97000000 
6533.01000000 
6456.51000000 
6491.12000000 
6534.98000000 
6537.67000000 
6578.02000000 
6555.11000000 
6633.75000000 
6551.52000000 
6524.00000000 
6500.00000000 
6446.16000000 
6450.02000000 
6458.58000000 
6505.01000000 
6549.99000000 
6490.01000000 
6489.60000000 
6469.38000000 
6504.83000000 
6537.38000000 
6519.99000000 
6574.22000000 
6555.03000000 
6528.99000000 
6538.04000000 
6561.00000000 
6560.32000000 
6586.00000000 
6635.43000000 
6600.00000000 
6591.55000000 
6623.99000000 
6631.01000000 
6690.68000000 
6703.40000000 
6688.00000000 
6750.01000000 
6697.99000000 
6650.68000000 
6663.00000000 
6676.79000000 
6676.76000000 
6710.01000000 
6700.00000000 
6758.54000000 
6732.05000000 
6679.00000000 
6765.48000000 
6710.04000000 
6743.84000000 
6769.85000000 
6799.01000000 
6848.67000000 
6847.17000000 
6834.34000000 
6869.00000000 
6851.57000000 
6864.65000000 
6912.80000000 
6865.00000000 
6853.01000000 
6866.84000000 
6880.00000000 
6898.99000000 
6921.02000000 
6956.94000000 
6960.12000000 
6948.19000000 
6929.97000000 
6927.30000000 
6983.18000000 
6992.32000000 
6992.03000000 
7001.85000000 
7019.99000000 
7012.00000000 
6979.40000000 
6994.86000000 
6984.54000000 
7030.62000000 
6998.92000000 
7002.03000000 
7059.94000000 
7065.00000000 
7059.00000000 
7041.04000000 
7016.85000000 
7000.00000000 
7012.12000000 
6993.03000000 
6974.03000000 
6971.19000000 
6971.39000000 
6994.01000000 
6983.15000000 
7010.38000000 
6989.02000000 
6960.00000000 
6920.83000000 
6879.00000000 
6928.83000000 
6964.93000000 
6973.12000000 
6978.52000000 
6945.00000000 
6968.48000000 
6960.65000000 
7006.03000000 
7000.02000000 
7058.00000000 
7073.52000000 
7071.26000000 
7055.79000000 
7050.33000000 
7063.98000000 
7010.02000000 
7076.11000000 
7070.95000000 
7125.02000000 
7141.95000000 
7130.16000000 
7095.00000000 
7076.06000000 
7040.01000000 
7091.00000000 
7040.08000000 
7033.45000000 
7115.34000000 
7050.00000000 
6994.92000000 
6939.63000000 
6946.02000000 
6918.58000000 
6915.51000000 
6936.00000000 
6912.49000000 
6929.95000000 
6889.99000000 
6890.66000000 
6886.44000000 
6879.96000000 
6853.21000000 
6850.04000000 
6841.09000000 
6860.00000000 
6923.94000000 
6889.97000000 
6927.98000000 
6920.67000000 
6955.00000000 
6909.76000000 
6961.99000000 
6913.80000000 
6929.00000000 
6885.00000000 
6933.00000000 
6829.69000000 
6830.01000000 
6814.08000000 
6789.02000000 
6850.10000000 
6825.37000000 
6821.01000000 
6792.81000000 
6766.76000000 
6800.00000000 
6800.01000000 
6808.00000000 
6834.25000000 
6899.93000000 
6860.00000000 
6930.00000000 
6946.00000000 
6918.62000000 
6959.01000000 
6965.19000000 
6899.97000000 
6929.90000000 
6950.00000000 
6910.00000000 
6871.23000000 
6849.97000000 
6897.96000000 
6870.11000000 
6898.83000000 
6826.00000000 
6875.00000000 
6752.04000000 
6781.01000000 
6815.00000000 
6851.05000000 
6881.06000000 
6900.99000000 
6934.01000000 
6897.62000000 
6900.14000000 
6860.00000000 
6875.14000000 
6880.05000000 
6943.29000000 
6940.00000000 
6910.01000000 
6983.13000000 
7020.12000000 
7040.00000000 
7112.86000000 
7143.89000000 
7057.00000000 
7075.00000000 
7114.17000000 
7150.00000000 
7190.00000000 
7209.58000000 
7209.78000000 
7232.99000000 
7220.00000000 
7199.94000000 
7268.75000000 
7282.85000000 
7299.98000000 
7248.78000000 
7272.10000000 
7229.10000000 
7274.42000000 
7263.08000000 
7259.01000000 
7315.01000000 
7321.99000000 
7319.68000000 
7314.13000000 
7327.93000000 
7314.20000000 
7279.98000000 
7297.99000000 
7283.00000000 
7233.91000000 
7259.90000000 
7268.57000000 
7207.35000000 
7250.09000000 
7196.93000000 
7193.00000000 
7165.93000000 
7196.00000000 
7163.12000000 
7194.81000000 
7130.04000000 
7150.00000000 
7198.99000000 
7199.80000000 
7135.76000000 
7185.68000000 
7215.05000000 
7220.00000000 
7272.43000000 
7256.71000000 
7285.02000000 
7268.46000000 
7252.98000000 
7281.48000000 
7250.02000000 
7319.90000000 
7329.71000000 
7258.52000000 
7273.00000000 
7236.52000000 
7185.75000000 
7199.80000000 
7229.50000000 
7229.99000000 
7249.99000000 
7221.12000000 
7169.98000000 
7236.59000000 
7218.92000000 
7252.08000000 
7266.00000000 
7264.01000000 
7292.00000000 
7360.03000000 
7346.20000000 
7339.90000000 
7270.04000000 
7235.00000000 
7176.79000000 
7214.07000000 
7239.00000000 
7239.01000000 
7153.63000000 
7165.85000000 
7222.16000000 
7250.01000000 
7230.76000000 
7133.47000000 
7050.01000000 
7053.86000000 
6990.01000000 
7085.01000000 
7015.04000000 
7030.00000000 
7096.90000000 
7151.04000000 
7094.99000000 
7151.18000000 
7125.69000000 
7149.02000000 
7060.00000000 
7107.00000000 
7173.07000000 
7247.41000000 
7199.24000000 
7300.06000000 
7228.00000000 
7273.96000000 
7314.97000000 
7400.03000000 
7381.00000000 
7432.02000000 
7399.99000000 
7380.00000000 
7514.80000000 
7500.03000000 
7430.00000000 
7378.94000000 
7348.86000000 
7289.48000000 
7271.99000000 
7330.00000000 
7347.96000000 
7205.03000000 
7334.22000000 
7376.17000000 
7400.00000000 
7329.95000000 
7222.03000000 
7216.10000000 
7399.00000000 
7380.50000000 
7390.00000000 
7332.00000000 
7242.90000000 
7200.00000000 
7085.00000000 
7027.05000000 
7045.02000000 
6987.33000000 
7087.94000000 
7000.65000000 
6979.94000000 
6931.22000000 
6915.05000000 
6934.93000000 
6888.82000000 
6817.24000000 
6850.05000000 
6795.01000000 
6868.08000000 
6967.20000000 
6949.99000000 
7030.00000000 
6905.84000000 
6963.71000000 
7141.45000000 
7130.00000000 
6988.25000000 
6924.99000000 
6844.59000000 
6747.50000000 
6632.83000000 
6636.01000000 
6680.76000000 
6630.00000000 
6633.96000000 
6650.05000000 
6663.47000000 
6684.39000000 
6636.12000000 
6650.01000000 
6720.00000000 
6665.99000000 
6679.99000000 
6690.00000000 
6715.32000000 
6718.01000000 
6719.01000000 
6720.59000000 
6769.89000000 
6731.03000000 
6770.93000000 
6790.35000000 
6838.48000000 
6878.99000000 
6823.09000000 
6773.98000000 
6776.15000000 
6758.06000000 
6779.65000000 
6791.07000000 
6822.53000000 
6824.79000000 
6861.02000000 
6867.98000000 
6880.66000000 
6830.87000000 
6836.42000000 
6844.99000000 
6827.90000000 
6857.00000000 
6879.00000000 
6911.00000000 
6938.95000000 
6940.68000000 
6949.19000000 
6956.68000000 
6977.68000000 
6947.45000000 
6960.02000000 
6952.64000000 
7009.01000000 
6972.00000000 
6960.03000000 
6946.03000000 
6914.89000000 
6935.79000000 
6950.15000000 
6930.01000000 
6936.20000000 
6969.87000000 
6969.83000000 
6993.77000000 
6966.46000000 
7000.55000000 
7008.99000000 
7050.01000000 
7024.52000000 
7010.00000000 
7006.00000000 
7020.00000000 
7038.82000000 
7058.00000000 
7049.24000000 
7065.62000000 
7102.05000000 
7089.02000000 
7073.24000000 
7085.00000000 
7120.00000000 
7114.90000000 
7158.01000000 
7137.94000000 
7124.97000000 
7112.89000000 
7150.00000000 
7211.03000000 
7190.00000000 
7147.75000000 
7056.93000000 
7060.81000000 
7065.26000000 
7054.97000000 
7049.93000000 
7100.00000000 
7072.00000000 
7075.07000000 
7163.60000000 
7090.00000000 
7070.00000000 
7000.01000000 
7010.88000000 
7027.00000000 
7078.37000000 
7024.96000000 
7025.00000000 
7025.17000000 
7041.98000000 
7026.01000000 
7020.58000000 
7031.00000000 
7070.00000000 
7075.08000000 
7041.99000000 
7075.00000000 
7099.99000000 
7129.93000000 
7099.92000000 
7148.37000000 
7200.00000000 
7127.88000000 
7064.99000000 
7071.00000000 
7089.98000000 
7082.09000000 
7109.91000000 
7149.26000000 
7119.21000000 
7123.08000000 
7156.61000000 
7189.83000000 
7160.02000000 
7170.00000000 
7185.43000000 
7200.92000000 
7202.99000000 
7220.00000000 
7190.06000000 
7193.93000000 
7249.99000000 
7202.08000000 
7223.86000000 
7240.98000000 
7227.14000000 
7243.96000000 
7279.94000000 
7257.94000000 
7287.17000000 
7267.00000000 
7278.74000000 
7269.99000000 
7260.22000000 
7274.01000000 
7322.00000000 
7313.15000000 
7251.11000000 
7250.00000000 
7247.34000000 
7220.00000000 
7235.00000000 
7244.91000000 
7229.98000000 
7256.82000000 
7237.08000000 
7264.77000000 
7271.26000000 
7228.03000000 
7214.00000000 
7241.77000000 
7242.25000000 
7239.08000000 
7250.00000000 
7254.98000000 
7269.02000000 
7281.00000000 
7291.98000000 
7275.01000000 
7291.95000000 
7314.47000000 
7292.20000000 
7270.02000000 
7278.38000000 
7254.07000000 
7296.37000000 
7230.06000000 
7258.04000000 
7291.56000000 
7263.26000000 
7320.00000000 
7330.96000000 
7329.42000000 
7331.97000000 
7333.00000000 
7337.08000000 
7333.03000000 
7316.04000000 
7335.15000000 
7350.08000000 
7361.10000000 
7371.99000000 
7349.00000000 
7364.58000000 
7332.23000000 
7357.00000000 
7332.21000000 
7342.00000000 
7319.00000000 
7294.96000000 
7312.03000000 
7290.72000000 
7299.98000000 
7349.00000000 
7378.00000000 
7371.00000000 
7389.17000000 
7413.05000000 
7411.04000000 
7429.96000000 
7400.11000000 
7437.99000000 
7473.44000000 
7489.04000000 
7480.00000000 
7501.72000000 
7490.05000000 
7505.30000000 
7483.95000000 
7489.94000000 
7451.10000000 
7435.86000000 
7396.86000000 
7409.87000000 
7410.00000000 
7410.11000000 
7399.00000000 
7393.00000000 
7413.10000000 
7390.01000000 
7435.07000000 
7418.07000000 
7432.20000000 
7467.15000000 
7429.03000000 
7375.49000000 
7390.10000000 
7345.00000000 
7376.19000000 
7395.00000000 
7391.86000000 
7439.94000000 
7413.34000000 
7347.55000000 
7372.11000000 
7390.34000000 
7398.99000000 
7449.75000000 
7537.30000000 
7542.53000000 
7473.19000000 
7426.21000000 
7398.79000000 
7394.85000000 
7400.00000000 
7414.00000000 
7400.02000000 
7370.00000000 
7308.15000000 
7250.00000000 
7258.31000000 
7250.12000000 
7244.91000000 
7265.40000000 
7279.20000000 
7330.00000000 
7239.89000000 
7239.96000000 
7197.00000000 
7245.00000000 
7275.00000000 
7280.16000000 
7200.00000000 
7212.00000000 
7226.95000000 
7266.70000000 
7265.03000000 
7278.87000000 
7280.29000000 
7315.91000000 
7285.00000000 
7326.00000000 
7265.99000000 
7300.00000000 
7344.96000000 
7364.77000000 
7319.99000000 
7321.00000000 
7302.71000000 
7245.00000000 
7250.01000000 
7255.98000000 
7301.27000000 
7310.01000000 
7313.00000000 
7329.72000000 
7311.19000000 
7325.00000000 
7347.40000000 
7324.83000000 
7339.99000000 
7315.00000000 
7349.95000000 
7351.01000000 
7338.81000000 
7353.76000000 
7379.18000000 
7383.97000000 
7361.90000000 
7379.98000000 
7359.99000000 
7383.99000000 
7360.00000000 
7387.03000000 
7399.93000000 
7427.09000000 
7475.06000000 
7420.00000000 
7470.00000000 
7415.00000000 
7379.96000000 
7377.05000000 
7430.51000000 
7419.97000000 
7348.97000000 
7335.05000000 
7348.00000000 
7360.00000000 
7379.71000000 
7447.79000000 
7374.96000000 
7368.53000000 
7448.02000000 
7379.99000000 
7366.23000000 
7364.22000000 
7401.03000000 
7412.98000000 
7435.00000000 
7456.02000000 
7462.79000000 
7476.05000000 
7500.01000000 
7505.00000000 
7475.88000000 
7548.03000000 
7507.82000000 
7510.00000000 
7531.99000000 
7531.14000000 
7539.97000000 
7560.00000000 
7593.33000000 
7609.97000000 
7616.73000000 
7625.98000000 
7634.85000000 
7628.26000000 
7635.00000000 
7612.73000000 
7609.68000000 
7613.34000000 
7608.00000000 
7600.00000000 
7614.93000000 
7589.97000000 
7609.86000000 
7610.27000000 
7647.15000000 
7669.32000000 
7645.00000000 
7640.00000000 
7654.60000000 
7662.86000000 
7688.35000000 
7670.03000000 
7681.13000000 
7684.99000000 
7698.99000000 
7717.61000000 
7716.06000000 
7699.96000000 
7739.94000000 
7718.42000000 
7682.34000000 
7679.99000000 
7677.00000000 
7669.96000000 
7670.86000000 
7640.23000000 
7640.00000000 
7658.15000000 
7647.01000000 
7650.00000000 
7670.62000000 
7690.02000000 
7678.98000000 
7662.85000000 
7654.92000000 
7621.77000000 
7650.21000000 
7612.00000000 
7625.66000000 
7659.08000000 
7673.42000000 
7671.06000000 
7662.39000000 
7659.99000000 
7690.03000000 
7665.73000000 
7676.15000000 
7710.21000000 
7743.40000000 
7740.55000000 
7730.15000000 
7682.05000000 
7710.00000000 
7748.00000000 
7720.09000000 
7750.01000000 
7777.06000000 
7754.75000000 
7726.07000000 
7674.34000000 
7628.40000000 
7622.01000000 
7576.04000000 
7570.01000000 
7575.85000000 
7571.00000000 
7558.60000000 
7569.43000000 
7557.99000000 
7550.01000000 
7574.97000000 
7584.99000000 
7572.42000000 
7563.47000000 
7554.00000000 
7542.00000000 
7550.01000000 
7563.76000000 
7559.59000000 
7555.01000000 
7621.02000000 
7628.99000000 
7634.95000000 
7643.97000000 
7648.76000000 
7643.88000000 
7666.58000000 
7627.50000000 
7633.82000000 
7618.84000000 
7610.13000000 
7612.76000000 
7649.97000000 
7614.04000000 
7628.44000000 
7598.95000000 
7600.00000000 
7611.05000000 
7667.56000000 
7590.71000000 
7649.99000000 
7678.96000000 
7650.04000000 
7697.96000000 
7670.00000000 
7729.44000000 
7745.62000000 
7700.00000000 
7736.21000000 
7672.57000000 
7599.99000000 
7572.32000000 
7530.87000000 
7520.96000000 
7536.81000000 
7528.00000000 
7550.31000000 
7559.01000000 
7572.72000000 
7542.05000000 
7558.01000000 
7563.15000000 
7586.58000000 
7566.00000000 
7583.04000000 
7576.00000000 
7582.98000000 
7577.75000000 
7610.00000000 
7595.06000000 
7601.88000000 
7581.00000000 
7610.83000000 
7610.00000000 
7605.04000000 
7648.54000000 
7674.13000000 
7647.79000000 
7659.77000000 
7684.94000000 
7696.40000000 
7655.00000000 
7637.08000000 
7610.81000000 
7617.00000000 
7626.99000000 
7641.60000000 
7620.01000000 
7631.00000000 
7626.00000000 
7647.08000000 
7684.98000000 
7653.03000000 
7680.01000000 
7683.45000000 
7650.01000000 
7649.90000000 
7650.36000000 
7649.94000000 
7669.98000000 
7650.00000000 
7709.99000000 
7727.05000000 
7739.36000000 
7740.47000000 
7715.41000000 
7770.00000000 
7750.00000000 
7695.18000000 
7680.00000000 
7705.33000000 
7685.05000000 
7705.03000000 
7720.00000000 
7701.00000000 
7703.82000000 
7706.00000000 
7722.63000000 
7731.00000000 
7788.96000000 
7744.79000000 
7734.56000000 
7759.00000000 
7761.02000000 
7760.01000000 
7801.18000000 
7805.00000000 
7780.90000000 
7770.08000000 
7782.90000000 
7792.06000000 
7805.27000000 
7788.34000000 
7811.09000000 
7807.60000000 
7803.74000000 
7810.07000000 
7777.02000000 
7796.07000000 
7827.68000000 
7839.87000000 
7845.52000000 
7847.55000000 
7814.03000000 
7822.57000000 
7875.00000000 
7889.99000000 
7894.99000000 
7881.01000000 
7887.64000000 
7881.72000000 
7904.48000000 
7874.76000000 
7834.00000000 
7832.01000000 
7859.78000000 
7842.36000000 
7834.99000000 
7841.96000000 
7825.73000000 
7835.00000000 
7835.37000000 
7849.64000000 
7870.00000000 
7840.99000000 
7862.23000000 
7852.57000000 
7869.99000000 
7884.87000000 
7859.22000000 
7877.54000000 
7869.97000000 
7891.94000000 
7892.20000000 
7901.10000000 
7909.97000000 
7929.72000000 
7916.69000000 
7931.91000000 
7921.00000000 
7924.62000000 
7960.00000000 
7963.85000000 
7952.66000000 
7935.96000000 
7900.09000000 
7898.47000000 
7935.40000000 
7915.98000000 
7941.97000000 
7923.92000000 
7934.38000000 
7940.74000000 
7929.55000000 
7930.44000000 
7958.73000000 
7930.17000000 
7912.92000000 
7949.87000000 
7962.53000000 
7939.99000000 
7938.64000000 
7959.00000000 
7986.98000000 
7992.01000000 
7986.84000000 
8034.74000000 
8019.97000000 
8011.19000000 
8029.00000000 
7979.89000000 
7980.81000000 
7978.31000000 
7959.97000000 
7938.99000000 
7949.85000000 
7884.06000000 
7930.51000000 
7944.00000000 
7940.00000000 
7970.00000000 
7920.15000000 
7918.02000000 
7980.50000000 
7937.00000000 
7900.00000000 
7847.94000000 
7809.61000000 
7765.13000000 
7728.08000000 
7770.00000000 
7801.00000000 
7827.92000000 
7830.00000000 
7845.53000000 
7808.95000000 
7836.28000000 
7810.01000000 
7819.81000000 
7822.01000000 
7821.96000000 
7831.42000000 
7859.96000000 
7822.00000000 
7801.02000000 
7822.00000000 
7839.99000000 
7850.00000000 
7868.47000000 
7870.97000000 
7893.03000000 
7899.99000000 
7910.10000000 
7901.85000000 
7918.99000000 
7950.02000000 
7907.06000000 
7927.03000000 
7918.09000000 
7939.96000000 
7905.27000000 
7975.73000000 
7947.96000000 
7880.02000000 
7935.57000000 
7899.00000000 
7887.99000000 
7862.01000000 
7855.00000000 
7839.00000000 
7809.00000000 
7824.98000000 
7814.89000000 
7820.00000000 
7866.13000000 
7822.38000000 
7827.23000000 
7865.79000000 
7910.01000000 
7944.22000000 
7936.97000000 
7952.09000000 
7931.34000000 
7950.00000000 
7929.91000000 
7926.82000000 
7936.91000000 
7955.92000000 
7975.00000000 
7973.87000000 
7974.53000000 
7965.01000000 
7956.48000000 
7995.81000000 
7990.00000000 
7983.87000000 
7940.00000000 
7950.00000000 
7954.94000000 
7983.88000000 
7979.29000000 
7921.01000000 
7976.06000000 
8000.00000000 
8019.79000000 
8009.86000000 
8052.80000000 
8038.00000000 
8037.00000000 
8045.41000000 
8057.18000000 
8037.00000000 
8036.01000000 
8050.06000000 
8039.00000000 
8021.02000000 
8010.00000000 
8030.00000000 
8022.11000000 
8016.00000000 
7989.40000000 
8012.00000000 
8030.00000000 
7995.33000000 
7999.47000000 
8001.01000000 
8019.99000000 
8008.79000000 
8045.00000000 
8025.05000000 
8025.00000000 
8004.58000000 
8005.00000000 
8003.85000000 
8017.91000000 
7997.93000000 
7968.00000000 
7985.00000000 
8000.00000000 
8030.66000000 
7999.45000000 
8008.05000000 
8039.07000000 
8069.91000000 
8082.13000000 
8112.43000000 
8077.05000000 
8116.72000000 
8100.04000000 
8091.87000000 
8099.93000000 
8059.74000000 
8047.00000000 
8086.24000000 
8069.93000000 
8078.01000000 
8118.12000000 
8070.06000000 
8120.10000000 
8144.94000000 
8173.55000000 
8169.95000000 
8210.86000000 
8204.00000000 
8225.00000000 
8239.23000000 
8240.92000000 
8261.03000000 
8256.96000000 
8248.00000000 
8250.00000000 
8246.98000000 
8220.01000000 
8227.10000000 
8246.10000000 
8241.73000000 
8220.00000000 
8220.00000000 
8210.00000000 
8206.00000000 
8236.90000000 
8253.13000000 
8261.63000000 
8261.11000000 
8270.08000000 
8270.01000000 
8270.01000000 
8267.64000000 
8272.96000000 
8238.89000000 
8231.42000000 
8279.97000000 
8236.06000000 
8248.14000000 
8263.60000000 
8278.25000000 
8272.24000000 
8296.90000000 
8279.88000000 
8269.16000000 
8275.15000000 
8270.21000000 
8278.92000000 
8280.88000000 
8251.00000000 
8232.96000000 
8224.79000000 
8220.00000000 
8229.09000000 
8205.11000000 
8184.99000000 
8179.90000000 
8200.84000000 
8215.00000000 
8237.56000000 
8240.96000000 
8235.31000000 
8220.03000000 
8231.00000000 
8221.08000000 
8247.00000000 
8250.00000000 
8258.82000000 
8264.85000000 
8255.11000000 
8259.99000000 
8295.45000000 
8310.00000000 
8305.37000000 
8294.95000000 
8279.22000000 
8295.80000000 
8258.87000000 
8223.00000000 
8237.02000000 
8241.01000000 
8266.05000000 
8249.99000000 
8259.99000000 
8284.15000000 
8292.34000000 
8290.23000000 
8290.24000000 
8265.00000000 
8279.86000000 
8274.41000000 
8280.03000000 
8300.00000000 
8331.04000000 
8345.00000000 
8350.00000000 
8364.79000000 
8369.20000000 
8348.75000000 
8324.05000000 
8340.00000000 
8319.71000000 
8359.40000000 
8346.00000000 
8340.43000000 
8310.00000000 
8303.49000000 
8275.20000000 
8260.89000000 
8270.74000000 
8285.19000000 
8285.13000000 
8300.01000000 
8292.17000000 
8278.23000000 
8279.99000000 
8300.03000000 
8299.98000000 
8264.86000000 
8329.94000000 
8293.03000000 
8275.95000000 
8246.00000000 
8244.98000000 
8243.99000000 
8235.95000000 
8180.17000000 
8180.07000000 
8206.00000000 
8259.99000000 
8260.40000000 
8243.00000000 
8247.98000000 
8235.00000000 
8231.68000000 
8260.00000000 
8249.43000000 
8227.05000000 
8178.96000000 
8170.22000000 
8163.87000000 
8158.87000000 
8148.10000000 
8154.43000000 
8173.68000000 
8166.27000000 
8118.02000000 
8179.76000000 
8150.04000000 
8136.99000000 
8133.64000000 
8160.78000000 
8158.24000000 
8164.95000000 
8129.89000000 
8098.78000000 
8064.83000000 
8065.02000000 
8066.74000000 
8080.22000000 
8080.12000000 
8089.08000000 
8088.14000000 
8065.00000000 
8049.92000000 
8008.22000000 
8033.74000000 
8050.00000000 
8077.98000000 
8083.29000000 
8099.99000000 
8096.16000000 
8111.00000000 
8132.20000000 
8124.03000000 
8139.89000000 
8148.83000000 
8150.00000000 
8144.08000000 
8138.33000000 
8124.99000000 
8110.80000000 
8126.23000000 
8126.03000000 
8121.44000000 
8133.24000000 
8079.02000000 
8100.00000000 
8108.80000000 
8136.30000000 
8160.00000000 
8165.02000000 
8185.44000000 
8204.02000000 
8189.08000000 
8184.03000000 
8209.00000000 
8203.00000000 
8200.00000000 
8203.70000000 
8175.00000000 
8165.00000000 
8151.15000000 
8147.26000000 
8167.09000000 
8174.59000000 
8213.55000000 
8200.09000000 
8230.86000000 
8201.86000000 
8210.00000000 
8180.00000000 
8145.91000000 
8134.99000000 
8129.25000000 
8121.68000000 
8147.61000000 
8133.66000000 
8168.00000000 
8139.79000000 
8163.01000000 
8180.07000000 
8198.95000000 
8194.18000000 
8231.96000000 
8199.96000000 
8173.99000000 
8196.71000000 
8190.00000000 
8080.07000000 
8097.77000000 
8095.00000000 
8093.00000000 
8083.14000000 
8094.97000000 
8078.87000000 
8047.07000000 
8078.89000000 
8077.00000000 
8081.06000000 
8047.16000000 
8027.99000000 
7999.95000000 
7953.85000000 
7953.40000000 
7960.00000000 
7980.00000000 
7991.15000000 
7999.00000000 
7990.87000000 
8000.99000000 
8011.25000000 
8005.00000000 
7991.15000000 
7961.88000000 
7968.11000000 
7979.75000000 
7977.59000000 
7965.98000000 
7927.97000000 
7964.18000000 
7926.00000000 
7925.00000000 
7960.00000000 
7996.00000000 
8006.01000000 
8037.08000000 
8044.14000000 
8049.16000000 
8052.17000000 
8031.10000000 
8053.32000000 
8044.88000000 
8065.03000000 
8067.00000000 
8052.05000000 
8012.05000000 
8023.04000000 
8012.02000000 
8063.13000000 
8020.01000000 
8054.04000000 
8086.59000000 
8118.15000000 
8108.89000000 
8081.97000000 
8109.83000000 
8133.00000000 
8146.90000000 
8160.65000000 
8150.13000000 
8176.19000000 
8125.00000000 
8119.10000000 
8117.86000000 
8095.95000000 
8104.07000000 
8119.00000000 
8130.00000000 
8141.03000000 
8117.99000000 
8104.11000000 
8135.74000000 
8099.94000000 
8054.00000000 
8034.16000000 
8014.99000000 
8032.29000000 
8029.99000000 
8033.95000000 
8056.80000000 
8040.00000000 
8006.01000000 
8015.00000000 
8051.99000000 
8049.99000000 
8099.99000000 
8054.98000000 
7989.01000000 
8040.78000000 
7992.07000000 
7991.01000000 
8015.90000000 
8017.67000000 
8065.09000000 
8051.01000000 
8029.11000000 
7996.89000000 
8015.06000000 
8060.89000000 
8061.00000000 
8083.87000000 
8062.34000000 
8079.93000000 
8097.03000000 
8079.94000000 
8093.98000000 
8121.65000000 
8123.90000000 
8130.67000000 
8119.00000000 
8125.26000000 
8123.00000000 
8122.36000000 
8145.21000000 
8155.74000000 
8136.00000000 
8121.79000000 
8110.00000000 
8111.06000000 
8145.32000000 
8169.90000000 
8149.94000000 
8196.25000000 
8199.91000000 
8219.96000000 
8220.88000000 
8242.84000000 
8256.40000000 
8256.88000000 
8250.00000000 
8266.94000000 
8263.71000000 
8238.52000000 
8239.99000000 
8243.99000000 
8247.99000000 
8249.62000000 
8236.20000000 
8246.37000000 
8227.08000000 
8264.06000000 
8280.25000000 
8272.16000000 
8260.07000000 
8259.84000000 
8269.97000000 
8314.32000000 
8297.79000000 
8298.00000000 
8298.00000000 
8296.89000000 
8302.09000000 
8300.00000000 
8316.75000000 
8305.00000000 
8293.65000000 
8289.71000000 
8292.17000000 
8301.16000000 
8287.03000000 
8289.76000000 
8280.91000000 
8247.95000000 
8239.94000000 
8262.18000000 
8275.54000000 
8310.93000000 
8316.00000000 
8326.71000000 
8316.05000000 
8313.81000000 
8304.99000000 
8313.17000000 
8333.02000000 
8289.56000000 
8275.00000000 
8262.75000000 
8278.98000000 
8246.15000000 
8270.25000000 
8270.00000000 
8266.76000000 
8238.59000000 
8219.95000000 
8209.00000000 
8179.99000000 
8190.00000000 
8166.11000000 
8185.00000000 
8189.50000000 
8210.96000000 
8220.88000000 
8248.90000000 
8220.00000000 
8208.09000000 
8228.49000000 
8254.99000000 
8275.00000000 
8309.99000000 
8314.00000000 
8325.90000000 
8312.49000000 
8302.23000000 
8314.41000000 
8278.00000000 
8280.71000000 
8332.86000000 
8309.01000000 
8300.28000000 
8347.24000000 
8351.79000000 
8342.00000000 
8324.17000000 
8339.34000000 
8336.99000000 
8329.91000000 
8322.00000000 
8312.02000000 
8269.78000000 
8254.65000000 
8255.32000000 
8286.87000000 
8274.60000000 
8261.06000000 
8238.97000000 
8263.49000000 
8286.85000000 
8325.36000000 
8352.35000000 
8350.03000000 
8338.00000000 
8338.27000000 
8368.44000000 
8359.98000000 
8368.56000000 
8355.03000000 
8350.11000000 
8320.78000000 
8338.00000000 
8350.09000000 
8394.99000000 
8369.99000000 
8396.12000000 
8431.51000000 
8449.80000000 
8444.25000000 
8424.34000000 
8400.00000000 
8360.05000000 
8339.29000000 
8391.21000000 
8367.74000000 
8348.98000000 
8307.57000000 
8310.00000000 
8308.37000000 
8318.82000000 
8336.79000000 
8301.82000000 
8354.99000000 
8356.00000000 
8350.00000000 
8375.97000000 
8382.66000000 
8351.68000000 
8328.53000000 
8384.64000000 
8400.08000000 
8429.00000000 
8435.22000000 
8380.96000000 
8455.93000000 
8420.02000000 
8398.95000000 
8354.48000000 
8310.00000000 
8288.00000000 
8263.00000000 
8264.89000000 
8289.75000000 
8280.00000000 
8280.55000000 
8228.18000000 
8210.00000000 
8194.17000000 
8164.60000000 
8184.62000000 
8187.94000000 
8178.99000000 
8173.22000000 
8167.91000000 
8140.60000000 
8125.34000000 
8150.91000000 
8150.00000000 
8133.00000000 
8103.87000000 
8114.00000000 
8107.69000000 
8100.00000000 
8106.35000000 
8070.00000000 
8061.25000000 
8070.00000000 
8071.71000000 
8081.82000000 
8096.23000000 
8074.68000000 
8066.00000000 
8076.83000000 
8122.60000000 
8075.00000000 
8140.00000000 
8175.89000000 
8185.00000000 
8194.55000000 
8183.04000000 
8190.02000000 
8203.33000000 
8181.93000000 
8170.00000000 
8189.00000000 
8198.98000000 
8200.00000000 
8189.21000000 
8162.08000000 
8178.37000000 
8200.08000000 
8203.29000000 
8208.00000000 
8206.42000000 
8227.30000000 
8191.20000000 
8232.99000000 
8219.30000000 
8240.00000000 
8227.57000000 
8230.00000000 
8191.51000000 
8198.00000000 
8211.13000000 
8229.99000000 
8203.10000000 
8183.87000000 
8207.07000000 
8205.16000000 
8237.99000000 
8200.00000000 
8235.71000000 
8241.07000000 
8199.88000000 
8203.48000000 
8199.89000000 
8174.91000000 
8155.15000000 
8114.62000000 
8114.08000000 
8125.00000000 
8100.17000000 
8083.94000000 
8101.14000000 
8070.01000000 
8100.00000000 
8161.01000000 
8174.67000000 
8217.00000000 
8203.83000000 
8169.55000000 
8233.76000000 
8157.00000000 
8120.54000000 
8090.04000000 
8089.84000000 
8089.98000000 
8110.60000000 
8074.24000000 
8040.20000000 
8103.31000000 
8102.00000000 
8135.00000000 
8138.63000000 
8155.00000000 
8096.63000000 
8149.92000000 
8130.00000000 
8057.78000000 
8000.00000000 
8096.98000000 
8025.74000000 
7947.37000000 
7979.44000000 
8010.04000000 
8011.77000000 
8018.00000000 
8032.02000000 
8039.04000000 
8099.88000000 
8100.02000000 
8036.00000000 
8048.90000000 
8048.13000000 
8045.00000000 
8051.10000000 
8069.91000000 
8050.00000000 
8071.74000000 
8045.00000000 
8083.13000000 
8083.10000000 
8065.00000000 
8073.55000000 
8065.97000000 
8150.00000000 
8143.97000000 
8068.05000000 
8096.21000000 
8050.07000000 
8065.91000000 
8118.63000000 
8106.82000000 
8090.00000000 
8139.99000000 
8151.00000000 
8201.00000000 
8241.02000000 
8264.19000000 
8226.20000000 
8245.00000000 
8277.13000000 
8268.81000000 
8292.00000000 
8285.00000000 
8285.14000000 
8290.00000000 
8316.33000000 
8324.84000000 
8341.46000000 
8298.00000000 
8323.36000000 
8305.02000000 
8311.89000000 
8355.01000000 
8325.30000000 
8272.17000000 
8279.92000000 
8275.79000000 
8299.97000000 
8300.68000000 
8300.00000000 
8300.00000000 
8285.05000000 
8306.09000000 
8243.95000000 
8329.90000000 
8230.08000000 
8188.01000000 
8212.14000000 
8207.58000000 
8212.03000000 
8217.08000000 
8256.46000000 
8236.03000000 
8250.00000000 
8255.71000000 
8274.50000000 
8284.07000000 
8259.05000000 
8297.01000000 
8305.00000000 
8319.99000000 
8291.75000000 
8307.54000000 
8305.00000000 
8306.08000000 
8275.29000000 
8318.55000000 
8308.97000000 
8265.52000000 
8317.04000000 
8337.47000000 
8264.68000000 
8284.01000000 
8312.00000000 
8323.29000000 
8344.74000000 
8359.99000000 
8347.91000000 
8367.12000000 
8356.64000000 
8379.81000000 
8367.46000000 
8334.18000000 
8314.19000000 
8373.33000000 
8301.00000000 
8336.00000000 
8323.94000000 
8358.88000000 
8350.00000000 
8352.76000000 
8399.94000000 
8376.86000000 
8345.22000000 
8398.35000000 
8375.01000000 
8380.11000000 
8382.00000000 
8318.67000000 
8400.01000000 
8341.88000000 
8337.84000000 
8358.27000000 
8369.91000000 
8415.09000000 
8394.81000000 
8400.02000000 
8435.98000000 
8448.31000000 
8494.81000000 
8440.89000000 
8440.00000000 
8449.00000000 
8482.31000000 
8530.66000000 
8516.30000000 
8540.77000000 
8535.61000000 
8554.89000000 
8548.53000000 
8551.51000000 
8568.97000000 
8559.04000000 
8561.36000000 
8520.01000000 
8539.99000000 
8543.00000000 
8559.33000000 
8573.00000000 
8555.93000000 
8533.31000000 
8517.96000000 
8526.09000000 
8537.44000000 
8521.00000000 
8509.86000000 
8474.68000000 
8470.00000000 
8484.08000000 
8476.00000000 
8473.57000000 
8487.99000000 
8468.02000000 
8450.89000000 
8473.44000000 
8497.82000000 
8497.91000000 
8502.21000000 
8509.97000000 
8519.95000000 
8504.81000000 
8527.01000000 
8510.00000000 
8495.13000000 
8481.74000000 
8485.38000000 
8497.75000000 
8482.50000000 
8479.45000000 
8478.92000000 
8479.00000000 
8480.00000000 
8455.28000000 
8435.66000000 
8410.25000000 
8463.00000000 
8487.98000000 
8498.83000000 
8489.99000000 
8512.21000000 
8530.13000000 
8525.01000000 
8543.00000000 
8518.06000000 
8500.09000000 
8544.00000000 
8540.70000000 
8535.25000000 
8500.08000000 
8550.03000000 
8544.98000000 
8543.98000000 
8548.45000000 
8501.90000000 
8513.40000000 
8554.80000000 
8543.00000000 
8547.70000000 
8527.05000000 
8483.62000000 
8575.53000000 
8556.05000000 
8500.06000000 
8494.00000000 
8465.57000000 
8475.85000000 
8500.00000000 
8445.00000000 
8427.33000000 
8383.07000000 
8414.00000000 
8423.73000000 
8422.98000000 
8414.03000000 
8427.33000000 
8447.20000000 
8414.68000000 
8380.40000000 
8390.00000000 
8411.00000000 
8445.64000000 
8441.29000000 
8455.00000000 
8465.63000000 
8471.01000000 
8468.96000000 
8464.15000000 
8445.80000000 
8411.37000000 
8434.97000000 
8473.79000000 
8458.03000000 
8471.97000000 
8468.00000000 
8465.00000000 
8474.99000000 
8476.38000000 
8400.00000000 
8350.00000000 
8340.00000000 
8330.63000000 
8301.02000000 
8330.00000000 
8355.28000000 
8333.02000000 
8352.00000000 
8415.02000000 
8389.90000000 
8399.93000000 
8386.73000000 
8392.00000000 
8386.77000000 
8430.02000000 
8439.00000000 
8418.76000000 
8370.00000000 
8402.00000000 
8427.37000000 
8458.00000000 
8454.98000000 
8462.09000000 
8494.83000000 
8462.06000000 
8516.55000000 
8505.41000000 
8438.99000000 
8419.96000000 
8410.30000000 
8418.15000000 
8429.17000000 
8452.41000000 
8442.50000000 
8444.04000000 
8471.00000000 
8469.85000000 
8422.11000000 
8451.35000000 
8450.06000000 
8428.06000000 
8440.00000000 
8450.01000000 
8383.00000000 
8368.88000000 
8382.05000000 
8389.88000000 
8381.16000000 
8427.32000000 
8460.00000000 
8480.07000000 
8504.56000000 
8520.07000000 
8535.98000000 
8550.00000000 
8509.97000000 
8505.01000000 
8510.00000000 
8566.97000000 
8529.18000000 
8480.12000000 
8500.01000000 
8520.10000000 
8559.98000000 
8538.02000000 
8534.91000000 
8548.99000000 
8575.13000000 
8601.57000000 
8653.59000000 
8687.46000000 
8688.23000000 
8691.03000000 
8673.77000000 
8660.98000000 
8655.11000000 
8642.05000000 
8640.31000000 
8670.80000000 
8687.23000000 
8708.16000000 
8694.98000000 
8675.25000000 
8726.15000000 
8699.00000000 
8666.94000000 
8662.59000000 
8646.00000000 
8630.00000000 
8629.99000000 
8645.91000000 
8626.33000000 
8680.99000000 
8665.00000000 
8666.05000000 
8700.00000000 
8718.32000000 
8727.05000000 
8730.00000000 
8749.90000000 
8731.41000000 
8750.07000000 
8731.28000000 
8751.48000000 
8769.99000000 
8761.08000000 
8798.15000000 
8801.38000000 
8801.31000000 
8810.44000000 
8815.00000000 
8820.00000000 
8830.00000000 
8826.03000000 
8810.75000000 
8825.00000000 
8809.89000000 
8790.00000000 
8756.11000000 
8779.99000000 
8800.00000000 
8809.08000000 
8801.63000000 
8859.89000000 
8849.90000000 
8840.70000000 
8817.46000000 
8800.07000000 
8817.41000000 
8809.99000000 
8850.26000000 
8852.01000000 
8876.70000000 
8839.86000000 
8815.28000000 
8825.00000000 
8815.00000000 
8768.01000000 
8782.23000000 
8776.45000000 
8800.01000000 
8805.00000000 
8843.53000000 
8820.77000000 
8767.00000000 
8703.58000000 
8708.00000000 
8694.36000000 
8681.15000000 
8678.80000000 
8677.60000000 
8670.05000000 
8690.95000000 
8690.00000000 
8697.00000000 
8668.68000000 
8699.99000000 
8710.00000000 
8690.03000000 
8689.99000000 
8640.58000000 
8626.38000000 
8624.99000000 
8618.01000000 
8633.88000000 
8659.99000000 
8618.00000000 
8669.92000000 
8641.91000000 
8601.03000000 
8617.65000000 
8646.89000000 
8670.00000000 
8676.91000000 
8666.35000000 
8670.00000000 
8652.94000000 
8700.09000000 
8722.73000000 
8703.12000000 
8730.02000000 
8720.05000000 
8703.53000000 
8749.08000000 
8755.43000000 
8697.36000000 
8675.82000000 
8679.91000000 
8662.37000000 
8645.84000000 
8629.15000000 
8600.00000000 
8614.11000000 
8672.97000000 
8690.26000000 
8698.00000000 
8745.88000000 
8699.99000000 
8690.02000000 
8681.25000000 
8698.97000000 
8724.00000000 
8730.00000000 
8709.98000000 
8734.90000000 
8731.00000000 
8697.37000000 
8670.07000000 
8745.93000000 
8719.95000000 
8713.29000000 
8678.40000000 
8663.00000000 
8627.71000000 
8575.59000000 
8576.00000000 
8583.01000000 
8600.00000000 
8575.40000000 
8569.96000000 
8639.98000000 
8654.97000000 
8600.03000000 
8575.91000000 
8578.99000000 
8560.87000000 
8567.52000000 
8553.83000000 
8525.99000000 
8531.15000000 
8530.04000000 
8494.29000000 
8485.00000000 
8490.00000000 
8462.95000000 
8520.01000000 
8520.00000000 
8515.01000000 
8430.00000000 
8451.35000000 
8470.00000000 
8521.01000000 
8535.82000000 
8536.52000000 
8637.08000000 
8648.90000000 
8635.02000000 
8612.48000000 
8569.37000000 
8569.39000000 
8541.05000000 
8580.95000000 
8580.02000000 
8557.98000000 
8572.10000000 
8550.99000000 
8502.02000000 
8520.00000000 
8560.00000000 
8566.00000000 
8622.34000000 
8648.70000000 
8601.30000000 
8561.00000000 
8562.08000000 
8582.46000000 
8630.00000000 
8651.99000000 
8691.99000000 
8736.93000000 
8766.06000000 
8759.82000000 
8765.00000000 
8796.55000000 
8830.01000000 
8832.60000000 
8841.05000000 
8860.00000000 
8866.66000000 
8867.00000000 
8888.13000000 
8899.95000000 
8902.75000000 
8899.99000000 
8888.00000000 
8913.97000000 
8940.38000000 
8940.06000000 
8947.42000000 
8965.97000000 
8995.00000000 
8985.94000000 
8968.01000000 
8965.00000000 
8958.35000000 
8947.52000000 
8924.12000000 
8931.00000000 
8930.00000000 
8928.26000000 
8930.07000000 
8927.95000000 
8944.01000000 
8950.03000000 
8950.59000000 
8934.33000000 
8922.54000000 
8911.90000000 
8890.00000000 
8899.81000000 
8911.81000000 
8920.30000000 
8940.01000000 
8960.17000000 
8941.95000000 
8946.35000000 
8989.23000000 
8978.34000000 
8941.97000000 
8913.72000000 
8878.97000000 
8817.94000000 
8799.87000000 
8790.00000000 
8791.00000000 
8802.24000000 
8836.25000000 
8824.99000000 
8848.53000000 
8823.89000000 
8801.79000000 
8803.86000000 
8791.53000000 
8779.99000000 
8784.00000000 
8789.98000000 
8786.01000000 
8760.00000000 
8739.91000000 
8760.98000000 
8764.04000000 
8775.00000000 
8799.95000000 
8831.00000000 
8859.90000000 
8860.85000000 
8861.00000000 
8843.33000000 
8840.00000000 
8860.00000000 
8861.00000000 
8863.15000000 
8869.81000000 
8859.84000000 
8860.02000000 
8851.04000000 
8878.05000000 
8780.00000000 
8759.96000000 
8751.00000000 
8757.00000000 
8757.97000000 
8750.13000000 
8750.01000000 
8742.00000000 
8749.98000000 
8774.88000000 
8762.69000000 
8738.45000000 
8756.99000000 
8775.99000000 
8780.00000000 
8797.87000000 
8797.88000000 
8795.00000000 
8788.98000000 
8792.16000000 
8796.73000000 
8806.38000000 
8783.83000000 
8777.91000000 
8780.00000000 
8785.00000000 
8819.61000000 
8820.00000000 
8826.02000000 
8829.94000000 
8825.22000000 
8825.10000000 
8828.00000000 
8807.18000000 
8770.00000000 
8789.98000000 
8798.93000000 
8825.01000000 
8840.99000000 
8840.99000000 
8819.99000000 
8820.00000000 
8808.89000000 
8751.01000000 
8770.00000000 
8780.91000000 
8787.99000000 
8799.00000000 
8838.86000000 
8862.60000000 
8801.01000000 
8803.49000000 
8795.00000000 
8788.80000000 
8803.80000000 
8810.00000000 
8818.99000000 
8841.06000000 
8890.90000000 
8849.98000000 
8906.00000000 
8910.00000000 
8888.38000000 
8861.08000000 
8900.05000000 
8920.00000000 
8945.79000000 
9002.08000000 
9020.00000000 
9031.99000000 
9033.00000000 
9040.94000000 
9034.93000000 
9009.00000000 
9007.20000000 
9011.90000000 
9007.00000000 
9025.00000000 
9013.97000000 
8983.99000000 
8971.18000000 
9017.00000000 
9015.00000000 
9010.00000000 
9002.41000000 
9001.02000000 
9013.00000000 
9050.00000000 
9059.83000000 
9077.24000000 
9107.45000000 
9110.00000000 
9129.99000000 
9126.00000000 
9120.04000000 
9130.21000000 
9124.30000000 
9119.00000000 
9112.15000000 
9113.07000000 
9112.18000000 
9132.00000000 
9111.08000000 
9120.00000000 
9111.04000000 
9115.94000000 
9120.00000000 
9114.90000000 
9090.00000000 
9085.81000000 
9081.00000000 
9087.50000000 
9084.94000000 
9078.39000000 
9070.01000000 
9080.43000000 
9083.81000000 
9095.95000000 
9078.01000000 
9066.01000000 
9066.01000000 
9087.06000000 
9116.99000000 
9125.10000000 
9130.07000000 
9120.00000000 
9116.33000000 
9114.99000000 
9105.02000000 
9120.00000000 
9140.83000000 
9111.61000000 
9110.00000000 
9124.16000000 
9145.02000000 
9144.02000000 
9141.84000000 
9147.97000000 
9164.00000000 
9174.01000000 
9170.18000000 
9190.02000000 
9194.81000000 
9200.00000000 
9200.27000000 
9196.37000000 
9215.90000000 
9210.00000000 
9200.00000000 
9195.00000000 
9199.00000000 
9200.00000000 
9209.82000000 
9219.00000000 
9205.03000000 
9195.40000000 
9181.01000000 
9178.22000000 
9170.01000000 
9169.82000000 
9160.74000000 
9170.00000000 
9175.00000000 
9189.98000000 
9175.33000000 
9181.08000000 
9190.51000000 
9197.32000000 
9200.01000000 
9174.52000000 
9174.31000000 
9181.09000000 
9209.00000000 
9221.80000000 
9226.99000000 
9237.69000000 
9238.00000000 
9227.02000000 
9230.18000000 
9244.20000000 
9261.21000000 
9244.46000000 
9255.24000000 
9254.99000000 
9270.00000000 
9270.62000000 
9284.23000000 
9285.01000000 
9285.00000000 
9290.80000000 
9297.07000000 
9290.74000000 
9297.08000000 
9296.66000000 
9299.99000000 
9300.28000000 
9306.23000000 
9320.66000000 
9325.25000000 
9324.00000000 
9320.17000000 
9327.47000000 
9330.00000000 
9313.43000000 
9310.00000000 
9304.52000000 
9287.00000000 
9282.17000000 
9297.00000000 
9275.63000000 
9278.00000000 
9279.95000000 
9272.52000000 
9290.31000000 
9300.00000000 
9312.00000000 
9300.10000000 
9308.53000000 
9309.94000000 
9315.46000000 
9311.08000000 
9284.62000000 
9281.00000000 
9279.61000000 
9295.00000000 
9306.06000000 
9312.00000000 
9321.00000000 
9320.07000000 
9325.24000000 
9314.37000000 
9322.30000000 
9317.00000000 
9321.93000000 
9331.44000000 
9299.10000000 
9309.86000000 
9314.05000000 
9333.99000000 
9319.37000000 
9325.03000000 
9355.03000000 
9350.00000000 
9349.95000000 
9338.00000000 
9335.00000000 
9334.99000000 
9325.12000000 
9320.75000000 
9279.78000000 
9297.45000000 
9300.00000000 
9319.29000000 
9327.93000000 
9328.62000000 
9299.99000000 
9295.09000000 
9294.08000000 
9303.38000000 
9310.00000000 
9311.08000000 
9309.47000000 
9309.95000000 
9320.99000000 
9325.00000000 
9330.25000000 
9340.00000000 
9325.00000000 
9335.03000000 
9300.98000000 
9284.84000000 
9260.32000000 
9215.00000000 
9217.00000000 
9200.11000000 
9200.00000000 
9221.20000000 
9217.32000000 
9214.94000000 
9206.00000000 
9205.04000000 
9209.00000000 
9205.05000000 
9200.00000000 
9202.05000000 
9217.00000000 
9211.00000000 
9200.51000000 
9209.88000000 
9204.90000000 
9200.26000000 
9199.97000000 
9206.00000000 
9208.93000000 
9209.89000000 
9182.03000000 
9190.94000000 
9193.00000000 
9199.99000000 
9200.00000000 
9190.58000000 
9218.98000000 
9210.02000000 
9215.00000000 
9190.57000000 
9194.28000000 
9208.57000000 
9195.01000000 
9217.91000000 
9208.02000000 
9192.72000000 
9185.08000000 
9180.92000000 
9200.00000000 
9191.14000000 
9170.03000000 
9151.85000000 
9150.00000000 
9142.31000000 
9145.07000000 
9127.33000000 
9149.92000000 
9140.01000000 
9149.98000000 
9131.88000000 
9126.00000000 
9118.52000000 
9111.06000000 
9119.73000000 
9101.29000000 
9104.90000000 
9104.47000000 
9108.69000000 
9120.42000000 
9100.63000000 
9119.97000000 
9126.29000000 
9137.85000000 
9125.38000000 
9138.00000000 
9137.02000000 
9116.05000000 
9108.00000000 
9136.88000000 
9158.00000000 
9168.66000000 
9146.59000000 
9145.87000000 
9146.43000000 
9146.84000000 
9169.10000000 
9160.00000000 
9159.84000000 
9159.40000000 
9123.05000000 
9135.00000000 
9119.04000000 
9124.72000000 
9104.69000000 
9138.15000000 
9104.61000000 
9080.74000000 
9107.29000000 
9113.66000000 
9121.93000000 
9147.83000000 
9123.64000000 
9118.94000000 
9112.73000000 
9108.57000000 
9143.05000000 
9148.90000000 
9147.05000000 
9150.01000000 
9175.27000000 
9167.25000000 
9130.01000000 
9150.00000000 
9160.02000000 
9184.47000000 
9208.32000000 
9220.00000000 
9225.00000000 
9221.87000000 
9224.20000000 
9232.50000000 
9231.66000000 
9226.69000000 
9237.36000000 
9222.00000000 
9221.00000000 
9219.19000000 
9205.15000000 
9201.85000000 
9208.37000000 
9190.07000000 
9204.00000000 
9211.00000000 
9229.54000000 
9231.00000000 
9230.00000000 
9235.69000000 
9245.00000000 
9242.74000000 
9235.88000000 
9234.11000000 
9244.00000000 
9233.01000000 
9234.06000000 
9242.03000000 
9222.01000000 
9209.06000000 
9190.00000000 
9195.90000000 
9185.00000000 
9211.44000000 
9211.74000000 
9228.22000000 
9244.85000000 
9240.00000000 
9230.72000000 
9230.77000000 
9220.00000000 
9220.00000000 
9189.00000000 
9189.00000000 
9171.00000000 
9166.55000000 
9152.14000000 
9149.99000000 
9138.18000000 
9124.51000000 
9106.99000000 
9136.09000000 
9125.00000000 
9127.00000000 
9124.10000000 
9167.51000000 
9167.33000000 
9159.06000000 
9159.59000000 
9147.01000000 
9134.14000000 
9155.01000000 
9151.05000000 
9148.68000000 
9139.93000000 
9160.99000000 
9100.02000000 
9088.75000000 
9087.18000000 
9081.19000000 
9074.08000000 
9065.00000000 
9065.00000000 
9065.59000000 
9059.84000000 
9059.90000000 
9052.07000000 
9079.00000000 
9067.46000000 
9059.01000000 
9059.45000000 
9059.00000000 
9063.82000000 
9080.41000000 
9090.00000000 
9080.91000000 
9090.00000000 
9050.12000000 
9024.00000000 
9019.98000000 
9020.00000000 
9024.99000000 
8993.99000000 
8980.05000000 
8982.04000000 
9004.07000000 
9000.57000000 
8995.60000000 
8975.67000000 
8985.77000000 
9011.18000000 
9032.70000000 
9052.00000000 
9032.01000000 
9033.86000000 
9014.10000000 
9051.95000000 
9068.91000000 
9052.14000000 
9059.96000000 
9057.33000000 
9048.90000000 
9049.88000000 
9020.05000000 
8990.01000000 
8983.62000000 
8967.91000000 
8968.83000000 
8958.01000000 
8972.98000000 
8977.00000000 
8977.77000000 
8946.54000000 
8980.10000000 
8969.40000000 
8987.83000000 
9000.20000000 
8981.99000000 
8944.01000000 
8920.00000000 
8937.43000000 
8951.00000000 
8980.00000000 
8975.43000000 
9000.00000000 
8982.00000000 
8980.00000000 
8974.00000000 
9031.00000000 
9050.72000000 
9067.38000000 
9075.01000000 
9080.00000000 
9071.01000000 
9090.92000000 
9086.49000000 
9076.02000000 
9086.62000000 
9090.00000000 
9090.00000000 
9086.94000000 
9079.99000000 
9072.00000000 
9066.00000000 
9067.82000000 
9080.00000000 
9077.25000000 
9080.00000000 
9077.21000000 
9098.72000000 
9099.98000000 
9109.00000000 
9106.03000000 
9106.03000000 
9106.00000000 
9106.33000000 
9082.03000000 
9081.01000000 
9067.55000000 
9060.00000000 
9070.00000000 
9079.98000000 
9079.97000000 
9093.05000000 
9107.00000000 
9109.96000000 
9101.00000000 
9101.00000000 
9107.97000000 
9090.28000000 
9101.35000000 
9100.02000000 
9092.20000000 
9084.73000000 
9077.69000000 
9040.03000000 
9041.02000000 
9041.04000000 
9041.01000000 
9057.26000000 
9067.76000000 
9059.89000000 
9058.98000000 
9059.90000000 
9038.68000000 
9062.99000000 
9065.90000000 
9073.98000000 
9070.10000000 
9083.28000000 
9069.49000000 
9073.99000000 
9068.48000000 
9071.13000000 
9090.00000000 
9093.04000000 
9110.06000000 
9116.99000000 
9108.00000000 
9115.75000000 
9106.00000000 
9115.96000000 
9115.88000000 
9140.00000000 
9150.01000000 
9133.57000000 
9093.15000000 
9093.14000000 
9097.08000000 
9137.00000000 
9138.01000000 
9138.01000000 
9136.05000000 
9133.11000000 
9130.04000000 
9145.66000000 
9158.32000000 
9180.57000000 
9189.01000000 
9193.72000000 
9184.99000000 
9205.00000000 
9201.34000000 
9210.00000000 
9199.99000000 
9183.14000000 
9186.93000000 
9180.00000000 
9187.00000000 
9186.96000000 
9198.90000000 
9179.99000000 
9179.76000000 
9175.00000000 
9178.99000000 
9179.90000000 
9160.83000000 
9183.46000000 
9179.10000000 
9199.96000000 
9199.99000000 
9210.30000000 
9199.99000000 
9199.99000000 
9175.44000000 
9171.13000000 
9209.10000000 
9189.92000000 
9159.32000000 
9125.04000000 
9102.15000000 
9080.10000000 
9080.07000000 
9079.00000000 
9084.00000000 
9090.00000000 
9082.66000000 
9082.51000000 
9075.22000000 
9070.00000000 
9065.19000000 
9091.03000000 
9090.24000000 
9100.01000000 
9099.95000000 
9095.99000000 
9076.10000000 
9099.99000000 
9051.13000000 
9049.66000000 
9069.00000000 
9080.93000000 
9090.01000000 
9090.00000000 
9093.96000000 
9089.83000000 
9115.19000000 
9128.08000000 
9116.62000000 
9108.96000000 
9088.11000000 
9040.12000000 
9030.00000000 
9035.00000000 
9036.00000000 
9035.00000000 
9032.69000000 
9036.90000000 
9037.01000000 
9039.99000000 
9036.01000000 
9035.00000000 
9025.05000000 
9030.00000000 
9033.00000000 
9034.03000000 
9047.98000000 
9067.80000000 
9078.00000000 
9080.49000000 
9091.19000000 
9109.98000000 
9107.00000000 
9116.94000000 
9107.50000000 
9097.55000000 
9083.21000000 
9081.00000000 
9082.00000000 
9082.99000000 
9086.91000000 
9070.00000000 
9078.73000000 
9125.21000000 
9167.87000000 
9167.87000000 
9158.77000000 
9155.20000000 
9167.95000000 
9161.01000000 
9169.99000000 
9163.69000000 
9146.73000000 
9148.00000000 
9162.18000000 
9148.00000000 
9140.00000000 
9130.77000000 
9123.34000000 
9127.98000000 
9155.97000000 
9146.00000000 
9135.00000000 
9126.00000000 
9120.07000000 
9109.98000000 
9103.00000000 
9096.25000000 
9109.09000000 
9110.04000000 
9093.88000000 
9070.01000000 
9076.00000000 
9076.08000000 
9078.00000000 
9086.45000000 
9090.86000000 
9110.00000000 
9109.41000000 
9112.00000000 
9119.98000000 
9127.00000000 
9134.99000000 
9136.08000000 
9159.83000000 
9193.50000000 
9167.37000000 
9149.00000000 
9123.11000000 
9154.96000000 
9148.14000000 
9148.14000000 
9120.00000000 
9118.00000000 
9135.00000000 
9175.00000000 
9182.74000000 
9179.57000000 
9184.67000000 
9184.68000000 
9200.26000000 
