7803.21000000 
7800.00000000 
7805.73000000 
7800.00000000 
7760.00000000 
7760.00000000 
7811.97000000 
7760.11000000 
7743.23000000 
7739.99000000 
7788.03000000 
7800.00000000 
7774.19000000 
7847.76000000 
7864.99000000 
7851.61000000 
7829.96000000 
7850.00000000 
7802.99000000 
7777.24000000 
7732.00000000 
7711.00000000 
7696.91000000 
7662.50000000 
7626.12000000 
7662.50000000 
7700.24000000 
7695.00000000 
7689.99000000 
7660.03000000 
7671.00000000 
7675.00000000 
7670.00000000 
7650.00000000 
7606.00000000 
7577.01000000 
7570.00000000 
7595.69000000 
7624.00000000 
7616.55000000 
7589.00000000 
7635.67000000 
7656.08000000 
7621.07000000 
7592.99000000 
7573.65000000 
7629.89000000 
7600.88000000 
7559.44000000 
7486.00000000 
7470.00000000 
7494.89000000 
7479.95000000 
7508.31000000 
7543.00000000 
7541.07000000 
7569.62000000 
7569.72000000 
7564.69000000 
7612.00000000 
7590.00000000 
7598.00000000 
7516.05000000 
7614.45000000 
7621.00000000 
7670.00000000 
7729.99000000 
7740.00000000 
7740.00000000 
7747.00000000 
7749.00000000 
7730.00000000 
7749.95000000 
7735.02000000 
7780.52000000 
7755.00000000 
7750.00000000 
7739.98000000 
7713.00000000 
7670.02000000 
7704.02000000 
7685.00000000 
7669.98000000 
7629.99000000 
7610.98000000 
7630.00000000 
7639.80000000 
7607.81000000 
7600.01000000 
7660.64000000 
7639.80000000 
7640.00000000 
7655.00000000 
7620.00000000 
7655.00000000 
7612.00000000 
7606.73000000 
7569.74000000 
7574.51000000 
7540.00000000 
7539.93000000 
7501.00000000 
7460.56000000 
7450.00000000 
7477.46000000 
7477.25000000 
7568.94000000 
7575.00000000 
7559.01000000 
7544.93000000 
7470.00000000 
7498.00000000 
7549.93000000 
7570.09000000 
7621.21000000 
7590.00000000 
7575.00000000 
7570.00000000 
7550.00000000 
7500.00000000 
7477.98000000 
7440.01000000 
7439.99000000 
7440.01000000 
7420.00000000 
7389.16000000 
7389.00000000 
7390.00000000 
7382.01000000 
7364.00000000 
7379.99000000 
7352.51000000 
7320.00000000 
7298.41000000 
7265.00000000 
7304.03000000 
7259.75000000 
7298.41000000 
7293.36000000 
7302.80000000 
7288.59000000 
7289.00000000 
7304.95000000 
7305.28000000 
7277.99000000 
7331.53000000 
7300.00000000 
7297.00000000 
7281.00000000 
7263.82000000 
7243.99000000 
7235.00000000 
7194.97000000 
7235.00000000 
7210.02000000 
7209.98000000 
7253.02000000 
7229.00000000 
7259.92000000 
7288.99000000 
7270.04000000 
7260.00000000 
7248.99000000 
7213.94000000 
7250.00000000 
7220.54000000 
7190.10000000 
7173.01000000 
7180.27000000 
7180.01000000 
7179.03000000 
7137.50000000 
7124.37000000 
7137.18000000 
7130.00000000 
7134.94000000 
7159.00000000 
7100.17000000 
7117.88000000 
7152.03000000 
7175.94000000 
7180.01000000 
7179.84000000 
7171.46000000 
7156.75000000 
7129.56000000 
7180.29000000 
7150.00000000 
7105.66000000 
7140.00000000 
7124.41000000 
7118.00000000 
7098.99000000 
7090.08000000 
7019.66000000 
7047.88000000 
7034.98000000 
7009.92000000 
7063.66000000 
7003.06000000 
7001.15000000 
7030.00000000 
6973.04000000 
7007.00000000 
7029.99000000 
7019.68000000 
7089.77000000 
7086.66000000 
7099.89000000 
7087.00000000 
7100.03000000 
7105.00000000 
7119.85000000 
7106.88000000 
7110.00000000 
7090.38000000 
7053.00000000 
7085.00000000 
7050.00000000 
7099.77000000 
7086.37000000 
7146.78000000 
7121.79000000 
7114.94000000 
7150.25000000 
7120.02000000 
7075.45000000 
7080.00000000 
7040.00000000 
7007.03000000 
6953.00000000 
6910.01000000 
6899.81000000 
6940.32000000 
6930.54000000 
6949.95000000 
6955.02000000 
6975.00000000 
6914.17000000 
6820.06000000 
6808.36000000 
6805.00000000 
6803.53000000 
6797.83000000 
6844.96000000 
6808.82000000 
6817.77000000 
6815.00000000 
6849.78000000 
6844.98000000 
6820.58000000 
6824.62000000 
6835.00000000 
6854.19000000 
6879.34000000 
6860.00000000 
6895.77000000 
6923.80000000 
6919.00000000 
6988.97000000 
7000.28000000 
7002.00000000 
6988.97000000 
6973.05000000 
6947.07000000 
6918.98000000 
6929.09000000 
6890.00000000 
6927.74000000 
6901.00000000 
6958.69000000 
6914.33000000 
6974.94000000 
6967.19000000 
7003.03000000 
7006.85000000 
7001.00000000 
7021.02000000 
7067.02000000 
7030.05000000 
7054.08000000 
7030.00000000 
7024.68000000 
7001.00000000 
7040.26000000 
7011.00000000 
7050.53000000 
7085.28000000 
7115.03000000 
7111.78000000 
7098.20000000 
7090.58000000 
7150.00000000 
7137.61000000 
7121.00000000 
7080.70000000 
7142.01000000 
7103.33000000 
7052.15000000 
7028.08000000 
7024.44000000 
7007.35000000 
6972.32000000 
6987.96000000 
7023.40000000 
7070.00000000 
7055.34000000 
7017.99000000 
6999.00000000 
6966.85000000 
7012.80000000 
6951.00000000 
7000.00000000 
7020.02000000 
7070.13000000 
7015.12000000 
7050.11000000 
7107.27000000 
7107.27000000 
7166.00000000 
7187.03000000 
7218.33000000 
7192.00000000 
7150.65000000 
7145.00000000 
7135.15000000 
7141.02000000 
7112.00000000 
7164.87000000 
7165.99000000 
7204.03000000 
7160.00000000 
7152.07000000 
7183.12000000 
7236.97000000 
7280.00000000 
7279.32000000 
7286.48000000 
7275.00000000 
7290.43000000 
7279.98000000 
7267.37000000 
7314.85000000 
7350.00000000 
7376.64000000 
7379.95000000 
7378.56000000 
7388.98000000 
7330.95000000 
7290.61000000 
7284.71000000 
7335.00000000 
7270.28000000 
7310.65000000 
7288.19000000 
7253.15000000 
7229.98000000 
7179.50000000 
7100.01000000 
7130.00000000 
7161.58000000 
7160.00000000 
7200.00000000 
7230.97000000 
7254.97000000 
7257.40000000 
7235.27000000 
7256.00000000 
7282.75000000 
7305.53000000 
7300.00000000 
7330.02000000 
7380.00000000 
7390.81000000 
7385.99000000 
7399.93000000 
7380.00000000 
7407.52000000 
7415.95000000 
7419.94000000 
7444.00000000 
7445.00000000 
7390.17000000 
7409.72000000 
7420.39000000 
7360.00000000 
7330.00000000 
7295.00000000 
7260.00000000 
7236.89000000 
7249.00000000 
7229.89000000 
7249.00000000 
7230.27000000 
7181.13000000 
7150.00000000 
7078.45000000 
7079.07000000 
7100.33000000 
7115.00000000 
7098.05000000 
7099.35000000 
7071.26000000 
7062.00000000 
7081.79000000 
7070.00000000 
7102.02000000 
7129.80000000 
7140.00000000 
7160.08000000 
7170.05000000 
7105.00000000 
7083.55000000 
7115.06000000 
7080.17000000 
7039.99000000 
7026.00000000 
7069.68000000 
7024.00000000 
7117.99000000 
7069.62000000 
7004.48000000 
6970.01000000 
6990.00000000 
6938.10000000 
6916.22000000 
6942.00000000 
6966.99000000 
6956.97000000 
7005.00000000 
6994.01000000 
7060.00000000 
7000.00000000 
6929.95000000 
6870.08000000 
6843.22000000 
6880.11000000 
6950.06000000 
6955.00000000 
6868.51000000 
6925.00000000 
6991.00000000 
7023.01000000 
7050.13000000 
7088.01000000 
7097.61000000 
7130.00000000 
7099.00000000 
7170.00000000 
7122.52000000 
7174.02000000 
7150.00000000 
7123.06000000 
7095.88000000 
7069.98000000 
7111.00000000 
7128.98000000 
7177.00000000 
7077.39000000 
7105.05000000 
7220.00000000 
7314.46000000 
7300.52000000 
7279.88000000 
7235.00000000 
7198.11000000 
7201.01000000 
7281.53000000 
7208.58000000 
7177.13000000 
7139.99000000 
7178.03000000 
7120.01000000 
7048.43000000 
7130.99000000 
7175.00000000 
7200.00000000 
7219.99000000 
7144.32000000 
7110.00000000 
7110.00000000 
7042.95000000 
6990.00000000 
6990.01000000 
7050.00000000 
7020.89000000 
6963.52000000 
6910.00000000 
6959.90000000 
6976.21000000 
6930.00000000 
6868.90000000 
6870.07000000 
6830.21000000 
6844.87000000 
6877.99000000 
6910.00000000 
6877.24000000 
6878.49000000 
6841.88000000 
6798.12000000 
6818.87000000 
6782.00000000 
6771.04000000 
6770.00000000 
6823.01000000 
6782.02000000 
6830.00000000 
6850.01000000 
6934.71000000 
6888.34000000 
6859.93000000 
6921.99000000 
6989.99000000 
7050.00000000 
6987.98000000 
6950.00000000 
6923.31000000 
6919.71000000 
6916.64000000 
6860.00000000 
6835.66000000 
6824.59000000 
6805.00000000 
6827.01000000 
6835.27000000 
6807.12000000 
6815.07000000 
6787.13000000 
6719.07000000 
6757.03000000 
6799.79000000 
6815.17000000 
6800.00000000 
6788.33000000 
6811.30000000 
6755.13000000 
6810.05000000 
6750.00000000 
6699.68000000 
6728.78000000 
6740.00000000 
6689.96000000 
6707.60000000 
6667.77000000 
6639.69000000 
6625.98000000 
6625.98000000 
6665.00000000 
6679.97000000 
6699.92000000 
6722.99000000 
6695.66000000 
6744.98000000 
6730.00000000 
6631.00000000 
6675.22000000 
6659.97000000 
6583.99000000 
6554.00000000 
6550.00000000 
6532.33000000 
6536.75000000 
6575.00000000 
6551.54000000 
6500.00000000 
6484.19000000 
6488.75000000 
6512.33000000 
6510.20000000 
6498.91000000 
6469.19000000 
6495.86000000 
6500.01000000 
6474.29000000 
6501.60000000 
6483.53000000 
6516.39000000 
6490.83000000 
6542.72000000 
6526.50000000 
6561.00000000 
6642.09000000 
6642.00000000 
6610.02000000 
6561.00000000 
6540.57000000 
6532.23000000 
6562.54000000 
6559.00000000 
6500.00000000 
6420.54000000 
6406.02000000 
6393.41000000 
6435.72000000 
6419.75000000 
6420.00000000 
6382.00000000 
6363.31000000 
6379.89000000 
6399.00000000 
6389.99000000 
6360.01000000 
6335.00000000 
6331.21000000 
6282.65000000 
6289.05000000 
6340.20000000 
6296.00000000 
6335.94000000 
6353.38000000 
6369.61000000 
6390.59000000 
6402.75000000 
6358.55000000 
6445.00000000 
6452.69000000 
6422.80000000 
6353.28000000 
6350.00000000 
6330.25000000 
6311.00000000 
6311.69000000 
6299.93000000 
6356.50000000 
6369.83000000 
6319.97000000 
6273.93000000 
6320.00000000 
6293.38000000 
6310.05000000 
6317.81000000 
6327.53000000 
6320.07000000 
6376.45000000 
6384.18000000 
6400.00000000 
6405.01000000 
6454.82000000 
6467.70000000 
6518.00000000 
6532.21000000 
6525.62000000 
6538.88000000 
6530.03000000 
6554.24000000 
6520.00000000 
6570.69000000 
6578.77000000 
6526.95000000 
6470.00000000 
6438.01000000 
6414.96000000 
6429.96000000 
6430.00000000 
6427.22000000 
6455.15000000 
6484.38000000 
6460.30000000 
6451.00000000 
6477.36000000 
6515.18000000 
6490.35000000 
6516.50000000 
6481.01000000 
6515.00000000 
6539.77000000 
6541.90000000 
6565.00000000 
6540.00000000 
6529.60000000 
6562.67000000 
6600.00000000 
6603.15000000 
6600.00000000 
6664.99000000 
6594.57000000 
6564.59000000 
6589.98000000 
6600.01000000 
6576.23000000 
6630.74000000 
6657.08000000 
6671.35000000 
6665.01000000 
6718.01000000 
6724.99000000 
6677.00000000 
6699.95000000 
6688.00000000 
6701.06000000 
6710.06000000 
6760.00000000 
6709.53000000 
6672.28000000 
6724.99000000 
6749.88000000 
6800.00000000 
6752.18000000 
6860.00000000 
6830.00000000 
6750.00000000 
6725.28000000 
6759.90000000 
6700.01000000 
6643.08000000 
6575.87000000 
6600.00000000 
6636.00000000 
6668.77000000 
6671.08000000 
6682.78000000 
6631.18000000 
6667.24000000 
6735.25000000 
6810.11000000 
6795.00000000 
6686.94000000 
6750.27000000 
6808.90000000 
6857.99000000 
6901.86000000 
6948.98000000 
6900.00000000 
6833.00000000 
6763.31000000 
6723.00000000 
6721.26000000 
6653.55000000 
6715.59000000 
6687.07000000 
6724.85000000 
6849.99000000 
6839.98000000 
6750.00000000 
6690.00000000 
6646.83000000 
6600.00000000 
6539.37000000 
6538.98000000 
6550.23000000 
6575.00000000 
6499.11000000 
6475.00000000 
6470.00000000 
6399.87000000 
6328.65000000 
6380.59000000 
6401.00000000 
6378.90000000 
6380.05000000 
6412.45000000 
6380.00000000 
6453.13000000 
6457.68000000 
6463.45000000 
6459.00000000 
6450.08000000 
6400.00000000 
6311.77000000 
6278.01000000 
6280.00000000 
6250.00000000 
6224.01000000 
6198.10000000 
6213.03000000 
6191.93000000 
6179.31000000 
6144.50000000 
6147.00000000 
6160.00000000 
6165.02000000 
6167.10000000 
6167.00000000 
6164.98000000 
6155.76000000 
6148.82000000 
6162.52000000 
6153.07000000 
6134.59000000 
6112.93000000 
6125.91000000 
6134.75000000 
6129.27000000 
6100.01000000 
6125.93000000 
6110.44000000 
6160.05000000 
6180.75000000 
6180.01000000 
6176.03000000 
6192.16000000 
6211.97000000 
6218.11000000 
6220.78000000 
6218.35000000 
6242.67000000 
6241.21000000 
6219.14000000 
6190.03000000 
6199.94000000 
6181.00000000 
6200.00000000 
6226.03000000 
6258.27000000 
6237.03000000 
6200.78000000 
6220.00000000 
6184.97000000 
6152.74000000 
6159.53000000 
6159.29000000 
6164.85000000 
6164.00000000 
6123.40000000 
6146.88000000 
6150.05000000 
6150.78000000 
6181.88000000 
6157.57000000 
6190.00000000 
6168.95000000 
6180.00000000 
6200.60000000 
6260.00000000 
6179.99000000 
6100.00000000 
6099.97000000 
6084.51000000 
6043.00000000 
6002.00000000 
6002.00000000 
6050.00000000 
6052.21000000 
6056.19000000 
6062.91000000 
6063.05000000 
6062.84000000 
6100.13000000 
6089.93000000 
6104.00000000 
6100.01000000 
6120.00000000 
6125.00000000 
6100.00000000 
6126.86000000 
6132.91000000 
6118.47000000 
6160.90000000 
6068.90000000 
6052.00000000 
6055.00000000 
6080.04000000 
6116.98000000 
6079.92000000 
6064.99000000 
6094.97000000 
6132.00000000 
6161.01000000 
6169.02000000 
6171.01000000 
6187.18000000 
6186.56000000 
6173.07000000 
6199.82000000 
6189.76000000 
6201.11000000 
6169.76000000 
6180.00000000 
6199.99000000 
6190.05000000 
6214.62000000 
6202.02000000 
6255.01000000 
6282.54000000 
6300.00000000 
6330.00000000 
6360.04000000 
6300.50000000 
6326.94000000 
6285.04000000 
6274.11000000 
6248.80000000 
6220.78000000 
6200.03000000 
6225.00000000 
6213.57000000 
6228.76000000 
6226.20000000 
6250.79000000 
6260.00000000 
6211.49000000 
6165.45000000 
6161.84000000 
6153.98000000 
6169.93000000 
6151.89000000 
6142.32000000 
6133.67000000 
6148.05000000 
6174.00000000 
6159.14000000 
6149.98000000 
6186.32000000 
6160.00000000 
6143.87000000 
6140.00000000 
6170.00000000 
6179.62000000 
6179.99000000 
6205.78000000 
6249.99000000 
6230.03000000 
6275.01000000 
6227.50000000 
6190.53000000 
6169.15000000 
6194.72000000 
6139.00000000 
6169.86000000 
6155.97000000 
6163.75000000 
6173.28000000 
6219.99000000 
6179.13000000 
6198.77000000 
6200.00000000 
6207.00000000 
6262.22000000 
6250.00000000 
6271.45000000 
6335.37000000 
6365.06000000 
6370.00000000 
6358.00000000 
6336.76000000 
6324.14000000 
6310.56000000 
6300.00000000 
6307.12000000 
6332.99000000 
6342.02000000 
6362.68000000 
6304.99000000 
6360.90000000 
6380.02000000 
6361.06000000 
6429.95000000 
6427.04000000 
6497.98000000 
6554.21000000 
6519.95000000 
6528.00000000 
6586.09000000 
6528.57000000 
6583.17000000 
6635.00000000 
6578.99000000 
6577.13000000 
6528.60000000 
6545.88000000 
6472.25000000 
6495.00000000 
6444.99000000 
6465.59000000 
6500.00000000 
6570.97000000 
6590.00000000 
6641.53000000 
6550.08000000 
6416.79000000 
6441.01000000 
6405.97000000 
6334.86000000 
6343.77000000 
6317.90000000 
6270.20000000 
6309.96000000 
6283.71000000 
6250.72000000 
6298.00000000 
6249.99000000 
6298.79000000 
6337.00000000 
6269.10000000 
6330.00000000 
6282.91000000 
6350.00000000 
6299.97000000 
6298.92000000 
6396.27000000 
6312.31000000 
6393.18000000 
6494.25000000 
6380.00000000 
6279.76000000 
6150.00000000 
6026.97000000 
6027.00000000 
6027.00000000 
6039.29000000 
6049.94000000 
6065.20000000 
6084.99000000 
6060.00000000 
6085.13000000 
6090.11000000 
6110.77000000 
6124.98000000 
6109.08000000 
6109.00000000 
6137.10000000 
6136.00000000 
6143.27000000 
6147.67000000 
6139.53000000 
6135.00000000 
6117.78000000 
6170.07000000 
6168.98000000 
6179.92000000 
6168.99000000 
6161.54000000 
6159.95000000 
6139.22000000 
6182.87000000 
6129.98000000 
6140.02000000 
6150.14000000 
6156.11000000 
6160.00000000 
6136.48000000 
6172.86000000 
6160.64000000 
6204.96000000 
6224.28000000 
6215.00000000 
6210.16000000 
6167.36000000 
6195.00000000 
6235.84000000 
6232.73000000 
6234.91000000 
6179.53000000 
6199.00000000 
6150.08000000 
6120.00000000 
6149.93000000 
6150.00000000 
6175.00000000 
6175.12000000 
6199.00000000 
6226.64000000 
6237.53000000 
6245.55000000 
6221.99000000 
6220.00000000 
6252.03000000 
6243.78000000 
6233.63000000 
6234.33000000 
6258.83000000 
6259.75000000 
6259.86000000 
6245.48000000 
6251.02000000 
6279.49000000 
6302.78000000 
6334.39000000 
6327.05000000 
6350.27000000 
6290.00000000 
6248.57000000 
6245.07000000 
6219.90000000 
6205.00000000 
6224.09000000 
6244.98000000 
6289.00000000 
6268.29000000 
6221.01000000 
6229.22000000 
6207.96000000 
6246.00000000 
6224.77000000 
6199.97000000 
6219.93000000 
6195.00000000 
6227.82000000 
6179.97000000 
6204.99000000 
6190.00000000 
6267.97000000 
6187.78000000 
6192.00000000 
6176.95000000 
6203.00000000 
6207.00000000 
6187.03000000 
6209.00000000 
6200.00000000 
6202.00000000 
6223.00000000 
6250.00000000 
6314.91000000 
6300.05000000 
6370.00000000 
6317.81000000 
6285.56000000 
6257.41000000 
6253.72000000 
6239.00000000 
6232.48000000 
6257.82000000 
6248.00000000 
6263.76000000 
6255.79000000 
6251.00000000 
6275.03000000 
6274.75000000 
6255.86000000 
6303.42000000 
6329.72000000 
6360.00000000 
6331.00000000 
6324.03000000 
6333.32000000 
6329.81000000 
6369.98000000 
6373.58000000 
6375.99000000 
6412.64000000 
6415.69000000 
6440.67000000 
6435.00000000 
6455.00000000 
6439.95000000 
6477.08000000 
6479.00000000 
6506.41000000 
6462.03000000 
6512.52000000 
6530.87000000 
6521.21000000 
6555.94000000 
6518.58000000 
6510.03000000 
6500.02000000 
6467.27000000 
6503.60000000 
6482.73000000 
6428.96000000 
6454.14000000 
6481.28000000 
6488.93000000 
6451.00000000 
6476.97000000 
6450.00000000 
6458.98000000 
6399.98000000 
6368.42000000 
6355.07000000 
6379.00000000 
6413.00000000 
6420.01000000 
6440.81000000 
6411.04000000 
6453.22000000 
6410.09000000 
6433.67000000 
6462.01000000 
6468.92000000 
6430.91000000 
6430.88000000 
6420.00000000 
6455.38000000 
6483.23000000 
6498.97000000 
6519.67000000 
6466.82000000 
6498.99000000 
6534.00000000 
6537.69000000 
6578.00000000 
6555.11000000 
6633.75000000 
6551.52000000 
6521.01000000 
6497.83000000 
6446.17000000 
6450.01000000 
6456.55000000 
6519.91000000 
6549.99000000 
6490.01000000 
6474.27000000 
6469.38000000 
6506.83000000 
6540.00000000 
6529.97000000 
6570.43000000 
6548.57000000 
6515.82000000 
6538.04000000 
6561.00000000 
6560.32000000 
6586.00000000 
6628.07000000 
6600.00000000 
6591.56000000 
6623.99000000 
6647.90000000 
6699.99000000 
6715.00000000 
6690.01000000 
6750.01000000 
6690.07000000 
6650.68000000 
6663.00000000 
6676.79000000 
6676.71000000 
6710.01000000 
6705.64000000 
6758.54000000 
6729.99000000 
6677.95000000 
6780.98000000 
6726.94000000 
6743.84000000 
6761.01000000 
6799.00000000 
6848.73000000 
6850.00000000 
6834.34000000 
6868.80000000 
6851.54000000 
6852.27000000 
6929.53000000 
6860.00000000 
6853.02000000 
6875.00000000 
6873.01000000 
6899.96000000 
6909.99000000 
6956.94000000 
6960.12000000 
6948.88000000 
6922.00000000 
6938.91000000 
6983.17000000 
6992.32000000 
6999.97000000 
6990.00000000 
7018.98000000 
7011.05000000 
6979.40000000 
6994.96000000 
7009.00000000 
7030.62000000 
6995.00000000 
7002.02000000 
7059.96000000 
7069.60000000 
7059.00000000 
7041.04000000 
7016.00000000 
7001.97000000 
7001.23000000 
6993.00000000 
6974.03000000 
6975.00000000 
6961.20000000 
6986.14000000 
6970.01000000 
7010.38000000 
6994.00000000 
6959.50000000 
6949.46000000 
6879.00000000 
6928.84000000 
6979.98000000 
6950.53000000 
6978.46000000 
6945.00000000 
6984.33000000 
6960.63000000 
7019.95000000 
7019.79000000 
7058.00000000 
7073.52000000 
7071.24000000 
7050.00000000 
7050.00000000 
7065.00000000 
7010.03000000 
7076.11000000 
7052.02000000 
7136.62000000 
7141.95000000 
7130.08000000 
7099.00000000 
7059.28000000 
7050.00000000 
7091.00000000 
7040.08000000 
7033.23000000 
7109.00000000 
7059.99000000 
6987.00000000 
6939.99000000 
6946.02000000 
6909.00000000 
6915.52000000 
6936.00000000 
6912.52000000 
6917.55000000 
6890.00000000 
6884.83000000 
6900.00000000 
6879.11000000 
6868.15000000 
6850.04000000 
6864.13000000 
6860.00000000 
6910.61000000 
6889.98000000 
6927.98000000 
6929.99000000 
6949.96000000 
6920.00000000 
6962.00000000 
6932.46000000 
6929.00000000 
6885.00000000 
6895.00000000 
6841.75000000 
6838.33000000 
6815.06000000 
6766.03000000 
6850.10000000 
6820.02000000 
6821.01000000 
6792.80000000 
6759.99000000 
6800.00000000 
6808.07000000 
6808.00000000 
6836.34000000 
6880.32000000 
6860.75000000 
6926.07000000 
6939.36000000 
6927.65000000 
6968.96000000 
6970.00000000 
6899.97000000 
6940.00000000 
6950.00000000 
6910.00000000 
6880.00000000 
6844.63000000 
6887.20000000 
6883.14000000 
6880.02000000 
6826.00000000 
6875.00000000 
6752.04000000 
6781.01000000 
6815.00000000 
6859.98000000 
6881.00000000 
6901.00000000 
6934.02000000 
6882.64000000 
6924.20000000 
6861.00000000 
6893.20000000 
6901.49000000 
6943.30000000 
6940.00000000 
6910.01000000 
6983.13000000 
7020.19000000 
7023.11000000 
7100.00000000 
7139.97000000 
7056.00000000 
7087.99000000 
7114.17000000 
7137.60000000 
7190.00000000 
7210.86000000 
7222.59000000 
7222.63000000 
7228.71000000 
7193.35000000 
7268.75000000 
7293.04000000 
7299.98000000 
7248.79000000 
7272.10000000 
7230.02000000 
7259.00000000 
7274.47000000 
7259.02000000 
7315.01000000 
7316.86000000 
7312.15000000 
7315.00000000 
7320.00000000 
7316.23000000 
7279.98000000 
7296.39000000 
7283.00000000 
7220.75000000 
7259.92000000 
7268.31000000 
7212.29000000 
7250.09000000 
7196.93000000 
7185.94000000 
7176.44000000 
7192.84000000 
7163.11000000 
7197.92000000 
7130.05000000 
7158.97000000 
7198.99000000 
7200.01000000 
7147.97000000 
7185.68000000 
7215.05000000 
7213.00000000 
7280.56000000 
7259.60000000 
7285.01000000 
7268.33000000 
7253.74000000 
7291.41000000 
7250.02000000 
7301.73000000 
7329.00000000 
7258.43000000 
7270.01000000 
7231.76000000 
7185.75000000 
7199.88000000 
7229.80000000 
7205.04000000 
7254.00000000 
7220.03000000 
7177.15000000 
7235.00000000 
7219.00000000 
7250.05000000 
7251.09000000 
7274.15000000 
7292.00000000 
7354.00000000 
7338.00000000 
7339.90000000 
7270.01000000 
7232.26000000 
7199.97000000 
7224.75000000 
7239.01000000 
7232.17000000 
7159.91000000 
7099.97000000 
7237.63000000 
7250.01000000 
7220.01000000 
7131.34000000 
7065.23000000 
7070.90000000 
7000.00000000 
7085.00000000 
7034.11000000 
7030.00000000 
7086.42000000 
7151.03000000 
7094.99000000 
7148.14000000 
7125.69000000 
7170.04000000 
7060.00000000 
7107.00000000 
7172.98000000 
7247.40000000 
7188.38000000 
7300.05000000 
7230.00000000 
7273.96000000 
7314.98000000 
7400.03000000 
7380.81000000 
7432.02000000 
7400.04000000 
7390.00000000 
7514.80000000 
7500.03000000 
7430.80000000 
7378.94000000 
7348.51000000 
7280.04000000 
7272.34000000 
7321.00000000 
7326.66000000 
7205.03000000 
7348.96000000 
7360.07000000 
7400.00000000 
7329.96000000 
7222.03000000 
7216.10000000 
7399.01000000 
7380.50000000 
7390.00000000 
7319.01000000 
7250.00000000 
7200.00000000 
7085.00000000 
7027.03000000 
7045.02000000 
6999.92000000 
7087.94000000 
7000.20000000 
6983.24000000 
6920.26000000 
6917.00000000 
6934.93000000 
6888.00000000 
6829.65000000 
6850.00000000 
6811.02000000 
6868.08000000 
6970.00000000 
6946.37000000 
7029.58000000 
6905.84000000 
6990.79000000 
7147.00000000 
7130.00000000 
6991.98000000 
6924.99000000 
6844.59000000 
6747.50000000 
6632.83000000 
6636.01000000 
6698.33000000 
6625.00000000 
6625.40000000 
6650.00000000 
6663.47000000 
6684.39000000 
6635.00000000 
6650.00000000 
6720.00000000 
6665.99000000 
6676.50000000 
6690.00000000 
6715.32000000 
6718.00000000 
6724.99000000 
6712.51000000 
6769.96000000 
6737.63000000 
6762.00000000 
6777.00000000 
6837.15000000 
6879.00000000 
6826.71000000 
6773.98000000 
6776.15000000 
6769.98000000 
6779.00000000 
6791.07000000 
6822.53000000 
6824.79000000 
6869.91000000 
6867.93000000 
6880.66000000 
6836.00000000 
6831.00000000 
6850.00000000 
6831.07000000 
6860.72000000 
6879.00000000 
6911.00000000 
6938.96000000 
6944.71000000 
6947.73000000 
6940.00000000 
6977.68000000 
6947.45000000 
6979.35000000 
6940.00000000 
7005.00000000 
6974.98000000 
6960.02000000 
6945.56000000 
6915.00000000 
6915.14000000 
6950.15000000 
6931.06000000 
6922.23000000 
6969.87000000 
6969.83000000 
7006.64000000 
6965.13000000 
7000.55000000 
7004.02000000 
7050.01000000 
7029.95000000 
7010.00000000 
7006.00000000 
7020.00000000 
7038.82000000 
7058.00000000 
7049.25000000 
7065.62000000 
7102.05000000 
7089.02000000 
7073.26000000 
7071.91000000 
7120.00000000 
7114.90000000 
7159.15000000 
7137.94000000 
7105.98000000 
7120.00000000 
7150.00000000 
7210.03000000 
7190.00000000 
7146.99000000 
7071.00000000 
7060.80000000 
7060.01000000 
7054.97000000 
7049.93000000 
7100.00000000 
7071.97000000 
7099.81000000 
7163.60000000 
7090.00000000 
7070.00000000 
7000.01000000 
7010.99000000 
7022.00000000 
7078.37000000 
7041.96000000 
7025.00000000 
7025.14000000 
7028.00000000 
7026.00000000 
7028.96000000 
7040.99000000 
7069.99000000 
7075.06000000 
7041.99000000 
7074.99000000 
7099.99000000 
7129.98000000 
7100.00000000 
7148.39000000 
7200.00000000 
7127.88000000 
7065.00000000 
7071.00000000 
7089.99000000 
7082.04000000 
7102.00000000 
7149.28000000 
7119.20000000 
7123.08000000 
7156.61000000 
7189.83000000 
7169.97000000 
7172.98000000 
7185.54000000 
7200.00000000 
7202.99000000 
7220.00000000 
7199.94000000 
7193.94000000 
7249.99000000 
7209.90000000 
7223.86000000 
7236.00000000 
7229.84000000 
7251.63000000 
7279.95000000 
7257.94000000 
7295.99000000 
7267.00000000 
7278.74000000 
7270.00000000 
7260.09000000 
7293.56000000 
7329.42000000 
7313.15000000 
7261.16000000 
7254.23000000 
7245.00000000 
7228.89000000 
7234.20000000 
7234.00000000 
7230.00000000 
7256.85000000 
7237.06000000 
7264.81000000 
7271.26000000 
7240.33000000 
7222.16000000 
7241.81000000 
7231.52000000 
7224.00000000 
7255.00000000 
7254.98000000 
7258.78000000 
7290.07000000 
7291.99000000 
7275.00000000 
7291.95000000 
7314.45000000 
7270.25000000 
7270.00000000 
7262.03000000 
7249.99000000 
7295.01000000 
7230.06000000 
7278.99000000 
7291.56000000 
7263.26000000 
7317.83000000 
7320.02000000 
7320.00000000 
7337.13000000 
7333.00000000 
7335.00000000 
7334.05000000 
7329.55000000 
7320.00000000 
7354.80000000 
7362.44000000 
7371.98000000 
7345.05000000 
7351.05000000 
7334.53000000 
7357.01000000 
7320.00000000 
7342.00000000 
7319.00000000 
7294.96000000 
7324.94000000 
7290.72000000 
7299.99000000 
7343.58000000 
7377.99000000 
7370.59000000 
7403.44000000 
7415.09000000 
7429.26000000 
7439.99000000 
7395.00000000 
7423.01000000 
7473.44000000 
7494.87000000 
7480.22000000 
7510.17000000 
7500.00000000 
7520.00000000 
7485.00000000 
7474.03000000 
7472.57000000 
7425.00000000 
7408.00000000 
7409.85000000 
7405.09000000 
7410.05000000 
7390.77000000 
7393.00000000 
7425.02000000 
7401.00000000 
7435.07000000 
7429.72000000 
7433.00000000 
7460.92000000 
7433.99000000 
7384.85000000 
7390.10000000 
7340.05000000 
7376.18000000 
7391.95000000 
7418.35000000 
7439.96000000 
7413.34000000 
7347.55000000 
7383.73000000 
7390.34000000 
7399.00000000 
7457.22000000 
7547.99000000 
7535.44000000 
7478.98000000 
7420.00000000 
7391.83000000 
7382.00000000 
7389.21000000 
7414.00000000 
7419.99000000 
7370.00000000 
7308.15000000 
7250.00000000 
7258.31000000 
7249.99000000 
7244.91000000 
7265.40000000 
7276.27000000 
7329.98000000 
7245.00000000 
7239.96000000 
7196.99000000 
7247.54000000 
7275.12000000 
7290.00000000 
7220.04000000 
7219.97000000 
7238.09000000 
7266.70000000 
7266.38000000 
7279.99000000 
7289.89000000 
7315.91000000 
7284.71000000 
7326.00000000 
7265.99000000 
7300.00000000 
7344.96000000 
7364.77000000 
7319.99000000 
7321.00000000 
7310.00000000 
7240.01000000 
7259.98000000 
7260.00000000 
7301.26000000 
7310.01000000 
7313.00000000 
7310.16000000 
7319.97000000 
7325.00000000 
7350.38000000 
7324.83000000 
7322.83000000 
7310.05000000 
7349.98000000 
7346.80000000 
7350.80000000 
7353.76000000 
7366.00000000 
7383.98000000 
7377.83000000 
7376.00000000 
7350.00000000 
7369.61000000 
7351.07000000 
7401.62000000 
7400.00000000 
7427.09000000 
7479.50000000 
7402.09000000 
7467.00000000 
7429.34000000 
7379.96000000 
7395.23000000 
7430.51000000 
7419.98000000 
7348.98000000 
7335.05000000 
7350.00000000 
7356.01000000 
7379.69000000 
7434.99000000 
7369.71000000 
7384.96000000 
7450.00000000 
7380.00000000 
7366.23000000 
7362.00000000 
7400.02000000 
7429.99000000 
7435.00000000 
7455.98000000 
7450.00000000 
7476.05000000 
7500.00000000 
7509.91000000 
7496.86000000 
7537.31000000 
7507.80000000 
7507.79000000 
7531.99000000 
7531.14000000 
7540.00000000 
7563.93000000 
7602.20000000 
7606.04000000 
7587.37000000 
7636.18000000 
7634.85000000 
7640.00000000 
7628.27000000 
7609.78000000 
7609.68000000 
7611.02000000 
7608.00000000 
7607.00000000 
7614.98000000 
7597.23000000 
7600.29000000 
7610.23000000 
7647.12000000 
7658.90000000 
7645.00000000 
7640.00000000 
7655.00000000 
7662.84000000 
7688.35000000 
7670.01000000 
7681.01000000 
7680.01000000 
7693.57000000 
7717.62000000 
7716.65000000 
7700.00000000 
7726.98000000 
7718.42000000 
7682.34000000 
7680.00000000 
7677.00000000 
7669.96000000 
7670.85000000 
7640.23000000 
7648.07000000 
7658.00000000 
7647.01000000 
7650.00000000 
7670.62000000 
7693.39000000 
7678.98000000 
7659.90000000 
7662.86000000 
7629.97000000 
7650.17000000 
7612.00000000 
7625.66000000 
7659.11000000 
7673.43000000 
7682.47000000 
7660.49000000 
7659.99000000 
7700.93000000 
7672.12000000 
7676.16000000 
7710.21000000 
7741.19000000 
7740.55000000 
7710.92000000 
7682.05000000 
7720.00000000 
7748.00000000 
7725.00000000 
7748.56000000 
7779.57000000 
7754.52000000 
7726.07000000 
7674.26000000 
7628.40000000 
7622.00000000 
7576.04000000 
7570.00000000 
7568.25000000 
7571.00000000 
7558.68000000 
7575.32000000 
7557.99000000 
7559.93000000 
7575.00000000 
7585.00000000 
7572.42000000 
7575.23000000 
7554.00000000 
7542.40000000 
7550.01000000 
7550.07000000 
7559.59000000 
7568.47000000 
7618.06000000 
7629.99000000 
7634.97000000 
7636.00000000 
7643.99000000 
7651.98000000 
7666.58000000 
7622.05000000 
7633.82000000 
7618.00000000 
7619.99000000 
7611.99000000 
7632.02000000 
7618.40000000 
7628.44000000 
7598.95000000 
7600.00000000 
7628.66000000 
7662.17000000 
7590.71000000 
7650.00000000 
7672.00000000 
7655.01000000 
7697.96000000 
7666.56000000 
7711.12000000 
7745.62000000 
7692.36000000 
7733.85000000 
7670.01000000 
7586.67000000 
7578.00000000 
7530.87000000 
7520.96000000 
7536.87000000 
7528.00000000 
7550.31000000 
7569.77000000 
7578.89000000 
7542.05000000 
7555.00000000 
7574.99000000 
7587.00000000 
7566.00000000 
7582.89000000 
7578.99000000 
7582.99000000 
7591.58000000 
7615.75000000 
7602.43000000 
7597.96000000 
7581.20000000 
7618.49000000 
7619.00000000 
7618.16000000 
7648.54000000 
7660.00000000 
7647.87000000 
7659.79000000 
7663.96000000 
7700.00000000 
7660.05000000 
7637.62000000 
7615.97000000 
7614.01000000 
7630.00000000 
7641.57000000 
7615.97000000 
7631.14000000 
7625.97000000 
7647.08000000 
7674.82000000 
7664.93000000 
7680.00000000 
7692.11000000 
7650.01000000 
7649.99000000 
7650.36000000 
7635.04000000 
7660.00000000 
7650.00000000 
7709.99000000 
7703.14000000 
7750.00000000 
7745.67000000 
7691.12000000 
7771.00000000 
7744.32000000 
7695.18000000 
7680.00000000 
7705.33000000 
7699.99000000 
7705.00000000 
7720.00000000 
7701.00000000 
7703.82000000 
7710.00000000 
7722.64000000 
7731.00000000 
7788.99000000 
7741.39000000 
7749.99000000 
7759.00000000 
7761.02000000 
7768.74000000 
7801.18000000 
7810.00000000 
7794.91000000 
7788.20000000 
7782.92000000 
7798.70000000 
7804.72000000 
7788.34000000 
7811.09000000 
7807.58000000 
7803.74000000 
7826.13000000 
7777.00000000 
7781.97000000 
7827.68000000 
7826.00000000 
7847.20000000 
7829.65000000 
7819.99000000 
7829.54000000 
7870.00000000 
7875.00000000 
7894.99000000 
7898.92000000 
7872.69000000 
7881.65000000 
7908.42000000 
7880.51000000 
7845.92000000 
7832.01000000 
7859.78000000 
7851.96000000 
7834.99000000 
7841.96000000 
7827.10000000 
7835.00000000 
7845.99000000 
7846.00000000 
7865.39000000 
7840.99000000 
7872.00000000 
7864.00000000 
7870.00000000 
7884.84000000 
7875.01000000 
7877.54000000 
7857.18000000 
7891.94000000 
7893.62000000 
7901.03000000 
7901.02000000 
7929.72000000 
7916.69000000 
7934.93000000 
7920.41000000 
7904.03000000 
7950.00000000 
7960.00000000 
7952.69000000 
7918.00000000 
7900.01000000 
7898.47000000 
7925.34000000 
7915.99000000 
7930.01000000 
7937.09000000 
7922.67000000 
7940.74000000 
7929.65000000 
7925.00000000 
7953.08000000 
7932.43000000 
7922.98000000 
7949.98000000 
7962.53000000 
7939.99000000 
7948.00000000 
7959.00000000 
7986.95000000 
7995.08000000 
7981.82000000 
8023.00000000 
8019.99000000 
8041.39000000 
8029.00000000 
7979.09000000 
7989.21000000 
7987.41000000 
7959.97000000 
7948.73000000 
7940.12000000 
7887.52000000 
7936.33000000 
7944.00000000 
7940.00000000 
7970.00000000 
7954.98000000 
7919.62000000 
7980.50000000 
7937.00000000 
7900.00000000 
7847.95000000 
7809.61000000 
7765.13000000 
7728.07000000 
7770.00000000 
7800.00000000 
7828.24000000 
7831.77000000 
7846.00000000 
7808.95000000 
7847.64000000 
7819.90000000 
7805.01000000 
7822.00000000 
7821.98000000 
7823.51000000 
7859.98000000 
7839.96000000 
7801.00000000 
7822.00000000 
7839.99000000 
7850.00000000 
7868.47000000 
7870.97000000 
7894.00000000 
7899.99000000 
7920.00000000 
7900.00000000 
7918.99000000 
7942.34000000 
7907.07000000 
7927.02000000 
7918.09000000 
7933.19000000 
7905.27000000 
7975.74000000 
7947.97000000 
7880.02000000 
7920.00000000 
7900.00000000 
7879.33000000 
7862.01000000 
7855.00000000 
7839.00000000 
7811.75000000 
7824.99000000 
7814.89000000 
7820.00000000 
7866.13000000 
7822.37000000 
7827.23000000 
7865.50000000 
7910.01000000 
7945.00000000 
7936.98000000 
7952.09000000 
7931.34000000 
7952.11000000 
7929.99000000 
7926.82000000 
7945.70000000 
7955.95000000 
7975.00000000 
7970.00000000 
7985.72000000 
7965.01000000 
7972.32000000 
7995.81000000 
7994.98000000 
7983.87000000 
7930.01000000 
7950.00000000 
7940.00000000 
7983.94000000 
7979.29000000 
7921.01000000 
7981.51000000 
8000.00000000 
8027.60000000 
8009.87000000 
8038.00000000 
8048.00000000 
8037.97000000 
8048.00000000 
8059.55000000 
8037.00000000 
8036.00000000 
8050.05000000 
8031.01000000 
8027.62000000 
8020.00000000 
8030.03000000 
8022.11000000 
8017.01000000 
7980.00000000 
8012.61000000 
8030.00000000 
7995.33000000 
7999.47000000 
8001.01000000 
8026.10000000 
8026.10000000 
8051.80000000 
8025.00000000 
8018.00000000 
8004.58000000 
8013.98000000 
7980.14000000 
8002.00000000 
7985.74000000 
7973.00000000 
7985.00000000 
8000.00000000 
8030.68000000 
7999.44000000 
8027.25000000 
8039.07000000 
8076.19000000 
8085.51000000 
8112.43000000 
8077.00000000 
8116.71000000 
8104.63000000 
8085.37000000 
8098.01000000 
8069.00000000 
8054.71000000 
8091.74000000 
8055.05000000 
8078.00000000 
8116.58000000 
8097.59000000 
8120.23000000 
8144.96000000 
8184.90000000 
8169.96000000 
8210.86000000 
8204.31000000 
8225.00000000 
8239.21000000 
8240.92000000 
8242.73000000 
8257.00000000 
8242.83000000 
8250.00000000 
8246.98000000 
8220.01000000 
8239.76000000 
8250.00000000 
8255.63000000 
8220.00000000 
8215.00000000 
8205.00000000 
8205.01000000 
8249.24000000 
8253.13000000 
8259.41000000 
8250.00000000 
8276.99000000 
8270.01000000 
8270.01000000 
8280.99000000 
8272.93000000 
8226.11000000 
8222.04000000 
8279.97000000 
8245.92000000 
8248.15000000 
8255.04000000 
8278.24000000 
8289.69000000 
8279.24000000 
8279.61000000 
8268.01000000 
8265.71000000 
8258.67000000 
8263.13000000 
8280.75000000 
8255.00000000 
8229.23000000 
8224.79000000 
8215.09000000 
8229.12000000 
8205.10000000 
8184.99000000 
8179.93000000 
8196.74000000 
8215.01000000 
8245.00000000 
8240.96000000 
8235.31000000 
8220.00000000 
8231.00000000 
8222.00000000 
8257.90000000 
8250.00000000 
8258.81000000 
8250.00000000 
8261.94000000 
8259.99000000 
8295.64000000 
8310.00000000 
8305.37000000 
8282.50000000 
8279.22000000 
8295.80000000 
8258.86000000 
8225.18000000 
8237.00000000 
8250.68000000 
8266.05000000 
8249.99000000 
8265.01000000 
8292.44000000 
8292.32000000 
8290.23000000 
8290.17000000 
8267.00000000 
8271.14000000 
8287.77000000 
8282.39000000 
8300.00000000 
8331.03000000 
8345.00000000 
8350.00000000 
8364.98000000 
8369.18000000 
8337.72000000 
8347.92000000 
8340.00000000 
8319.74000000 
8360.28000000 
8346.00000000 
8327.30000000 
8310.00000000 
8303.48000000 
8275.16000000 
8260.89000000 
8270.74000000 
8285.02000000 
8285.13000000 
8309.00000000 
8305.00000000 
8279.77000000 
8280.00000000 
8300.03000000 
8299.98000000 
8264.87000000 
8316.19000000 
8300.01000000 
8276.05000000 
8235.53000000 
8225.54000000 
8230.01000000 
8250.05000000 
8180.17000000 
8197.99000000 
8211.00000000 
8250.04000000 
8271.40000000 
8244.00000000 
8247.98000000 
8234.77000000 
8237.25000000 
8259.89000000 
8249.43000000 
8227.05000000 
8170.51000000 
8170.22000000 
8151.99000000 
8158.87000000 
8134.86000000 
8167.42000000 
8174.94000000 
8149.21000000 
8118.24000000 
8180.53000000 
8150.00000000 
8136.99000000 
8147.98000000 
8165.02000000 
8158.25000000 
8164.95000000 
8132.00000000 
8098.78000000 
8061.17000000 
8065.02000000 
8078.86000000 
8080.20000000 
8093.94000000 
8078.08000000 
8088.14000000 
8058.69000000 
8049.92000000 
8008.22000000 
8025.26000000 
8040.08000000 
8061.96000000 
8093.37000000 
8098.03000000 
8096.23000000 
8111.11000000 
8120.02000000 
8140.00000000 
8139.90000000 
8137.23000000 
8148.94000000 
8150.61000000 
8128.30000000 
8124.99000000 
8126.19000000 
8126.21000000 
8126.04000000 
8110.00000000 
8133.23000000 
8079.05000000 
8100.00000000 
8120.01000000 
8136.30000000 
8160.00000000 
8165.01000000 
8184.75000000 
8210.20000000 
8195.86000000 
8189.51000000 
8209.12000000 
8203.00000000 
8205.00000000 
8203.68000000 
8182.25000000 
8165.00000000 
8164.98000000 
8147.26000000 
8167.09000000 
8174.59000000 
8209.03000000 
8200.08000000 
8230.86000000 
8201.86000000 
8210.00000000 
8180.00000000 
8133.03000000 
8134.15000000 
8129.32000000 
8121.62000000 
8147.61000000 
8133.66000000 
8168.00000000 
8147.30000000 
8180.09000000 
8190.01000000 
8198.95000000 
8199.57000000 
8217.00000000 
8199.95000000 
8161.55000000 
8196.71000000 
8168.97000000 
8097.53000000 
8098.87000000 
8095.00000000 
8093.00000000 
8083.11000000 
8094.98000000 
8085.00000000 
8038.62000000 
8068.99000000 
8069.81000000 
8077.50000000 
8047.17000000 
8020.22000000 
7999.95000000 
7953.85000000 
7950.10000000 
7960.00000000 
7976.44000000 
7995.00000000 
7999.95000000 
8000.00000000 
8001.08000000 
8016.69000000 
8005.00000000 
7990.00000000 
7961.88000000 
7968.13000000 
7987.01000000 
7977.59000000 
7966.00000000 
7940.71000000 
7964.18000000 
7926.00000000 
7920.35000000 
7950.01000000 
7997.80000000 
8006.01000000 
8037.09000000 
8044.14000000 
8050.00000000 
8052.17000000 
8031.10000000 
8064.94000000 
8044.97000000 
8065.03000000 
8067.00000000 
8060.00000000 
8012.05000000 
8035.44000000 
8012.02000000 
8063.13000000 
8028.99000000 
8070.47000000 
8086.59000000 
8122.10000000 
8108.96000000 
8069.50000000 
8100.00000000 
8139.97000000 
8146.94000000 
8161.99000000 
8166.65000000 
8176.20000000 
8124.41000000 
8119.10000000 
8110.95000000 
8095.95000000 
8104.08000000 
8118.93000000 
8130.00000000 
8144.58000000 
8117.99000000 
8119.83000000 
8135.77000000 
8099.94000000 
8040.35000000 
8047.98000000 
8014.98000000 
8034.07000000 
8021.71000000 
8031.59000000 
8062.49000000 
8040.00000000 
8006.01000000 
8014.11000000 
8044.00000000 
8050.00000000 
8098.25000000 
8055.00000000 
7989.00000000 
8040.77000000 
8000.97000000 
7991.00000000 
8011.63000000 
8020.00000000 
8078.44000000 
8051.00000000 
8026.98000000 
7996.88000000 
8026.49000000 
8052.03000000 
8067.70000000 
8083.85000000 
8061.21000000 
8079.93000000 
8097.05000000 
8098.93000000 
8093.99000000 
8110.95000000 
8129.00000000 
8130.67000000 
8118.00000000 
8125.26000000 
8125.11000000 
8111.08000000 
8155.00000000 
8155.74000000 
8136.00000000 
8121.58000000 
8101.00000000 
8111.06000000 
8125.05000000 
8169.90000000 
8149.95000000 
8196.25000000 
8199.93000000 
8203.02000000 
8229.89000000 
8242.85000000 
8256.40000000 
8240.47000000 
8250.00000000 
8266.95000000 
8268.23000000 
8238.56000000 
8240.00000000 
8244.21000000 
8247.99000000 
8249.62000000 
8249.64000000 
8234.04000000 
8227.08000000 
8263.76000000 
8294.23000000 
8272.16000000 
8259.99000000 
8259.84000000 
8259.00000000 
8316.00000000 
8297.79000000 
8300.00000000 
8296.72000000 
8309.99000000 
8305.00000000 
8296.10000000 
8316.75000000 
8305.00000000 
8290.85000000 
8274.09000000 
8296.36000000 
8305.00000000 
8284.00000000 
8293.29000000 
8289.08000000 
8254.90000000 
8239.94000000 
8274.97000000 
8292.08000000 
8309.99000000 
8316.00000000 
8313.89000000 
8316.05000000 
8313.82000000 
8300.08000000 
8315.00000000 
8342.01000000 
8298.58000000 
8275.00000000 
8269.93000000 
8272.18000000 
8239.99000000 
8271.98000000 
8270.31000000 
8253.77000000 
8237.27000000 
8210.13000000 
8209.00000000 
8184.81000000 
8188.99000000 
8164.01000000 
8185.00000000 
8190.00000000 
8210.11000000 
8220.88000000 
8241.01000000 
8220.50000000 
8220.00000000 
8228.52000000 
8254.99000000 
8275.00000000 
8310.00000000 
8314.00000000 
8316.08000000 
8312.49000000 
8303.01000000 
8314.40000000 
8278.37000000 
8279.00000000 
8312.90000000 
8324.17000000 
8314.91000000 
8331.55000000 
8351.81000000 
8342.40000000 
8324.17000000 
8342.48000000 
8336.99000000 
8330.00000000 
8321.99000000 
8305.91000000 
8269.76000000 
8248.82000000 
8258.45000000 
8286.87000000 
8267.67000000 
8235.14000000 
8239.00000000 
8299.89000000 
8263.41000000 
8308.00000000 
8356.34000000 
8350.00000000 
8338.00000000 
8349.00000000 
8368.44000000 
8360.00000000 
8368.54000000 
8364.00000000 
8360.00000000 
8329.97000000 
8338.00000000 
8350.10000000 
8394.99000000 
8370.00000000 
8400.70000000 
8431.62000000 
8420.73000000 
8444.00000000 
8424.43000000 
8400.00000000 
8371.46000000 
8330.32000000 
8391.28000000 
8363.94000000 
8348.98000000 
8307.72000000 
8310.00000000 
8319.32000000 
8300.10000000 
8333.46000000 
8300.02000000 
8345.23000000 
8355.51000000 
8350.00000000 
8362.02000000 
8362.11000000 
8350.00000000 
8328.01000000 
8384.91000000 
8400.09000000 
8430.23000000 
8450.87000000 
8393.73000000 
8455.93000000 
8420.02000000 
8398.99000000 
8365.00000000 
8310.00000000 
8288.00000000 
8270.00000000 
8264.87000000 
8294.91000000 
8280.05000000 
8280.00000000 
8228.14000000 
8210.00000000 
8190.00000000 
8172.10000000 
8170.00000000 
8188.53000000 
8171.01000000 
8173.20000000 
8162.06000000 
8122.88000000 
8125.34000000 
8151.00000000 
8150.00000000 
8133.00000000 
8103.87000000 
8113.97000000 
8099.88000000 
8100.00000000 
8106.35000000 
8070.00000000 
8062.00000000 
8074.01000000 
8076.98000000 
8081.83000000 
8096.23000000 
8085.24000000 
8073.00000000 
8096.95000000 
8139.22000000 
8075.00000000 
8137.03000000 
8182.70000000 
8185.00000000 
8177.70000000 
8192.00000000 
8190.01000000 
8203.34000000 
8198.92000000 
8169.00000000 
8189.00000000 
8198.98000000 
8200.00000000 
8171.75000000 
8160.59000000 
8192.60000000 
8200.01000000 
8203.33000000 
8203.34000000 
8206.45000000 
8227.30000000 
8190.00000000 
8232.99000000 
8219.30000000 
8235.00000000 
8224.04000000 
8230.00000000 
8198.00000000 
8199.94000000 
8210.00000000 
8218.04000000 
8214.95000000 
8183.87000000 
8207.05000000 
8205.16000000 
8237.99000000 
8200.12000000 
8235.67000000 
8218.29000000 
8199.96000000 
8220.00000000 
8199.95000000 
8200.00000000 
8148.91000000 
8100.00000000 
8117.96000000 
8109.28000000 
8120.94000000 
8097.83000000 
8125.35000000 
8070.01000000 
8093.54000000 
8171.99000000 
8151.17000000 
8204.02000000 
8188.95000000 
8157.07000000 
8233.76000000 
8156.00000000 
8115.00000000 
8110.60000000 
8078.23000000 
8103.21000000 
8111.25000000 
8074.24000000 
8050.10000000 
8103.33000000 
8102.00000000 
8135.01000000 
8121.66000000 
8150.00000000 
8096.62000000 
8149.92000000 
8130.00000000 
8020.65000000 
8000.00000000 
8097.01000000 
8010.02000000 
7939.00000000 
7970.00000000 
8010.04000000 
8011.12000000 
8018.00000000 
8032.02000000 
8050.00000000 
8100.00000000 
8090.09000000 
8036.00000000 
8049.00000000 
8059.00000000 
8049.99000000 
8059.99000000 
8069.91000000 
8050.00000000 
8073.33000000 
8045.00000000 
8083.13000000 
8073.56000000 
8064.99000000 
8079.93000000 
8069.87000000 
8145.72000000 
8122.74000000 
8068.05000000 
8096.21000000 
8050.00000000 
8051.28000000 
8118.63000000 
8106.85000000 
8090.00000000 
8139.99000000 
8154.96000000 
8202.99000000 
8241.02000000 
8264.20000000 
8226.11000000 
8247.54000000 
8277.13000000 
8289.96000000 
8292.00000000 
8285.00000000 
8308.72000000 
8290.00000000 
8316.33000000 
8325.63000000 
8340.01000000 
8297.70000000 
8310.12000000 
8303.00000000 
8311.88000000 
8355.01000000 
8310.25000000 
8287.86000000 
8270.11000000 
8275.78000000 
8300.00000000 
8301.35000000 
8300.02000000 
8300.00000000 
8285.03000000 
8310.00000000 
8243.96000000 
8318.05000000 
8230.08000000 
8199.94000000 
8212.14000000 
8207.58000000 
8219.96000000 
8225.85000000 
8263.74000000 
8235.80000000 
8250.00000000 
8261.59000000 
8291.04000000 
8299.99000000 
8272.60000000 
8310.37000000 
8292.05000000 
8319.95000000 
8280.00000000 
8307.51000000 
8305.00000000 
8304.55000000 
8270.38000000 
8318.55000000 
8293.38000000 
8272.45000000 
8317.04000000 
8337.48000000 
8264.68000000 
8284.98000000 
8312.00000000 
8341.40000000 
8345.61000000 
8349.04000000 
8357.59000000 
8353.93000000 
8364.93000000 
8365.05000000 
8360.00000000 
8334.15000000 
8344.07000000 
8373.33000000 
8301.00000000 
8310.66000000 
8346.34000000 
8351.01000000 
8364.90000000 
8352.82000000 
8399.95000000 
8373.15000000 
8360.09000000 
8389.01000000 
8386.00000000 
8360.38000000 
8375.82000000 
8318.71000000 
8406.33000000 
8336.41000000 
8337.83000000 
8358.27000000 
8369.91000000 
8416.04000000 
8391.12000000 
8400.02000000 
8421.31000000 
8429.34000000 
8494.84000000 
8443.92000000 
8447.71000000 
8440.00000000 
8482.31000000 
8530.57000000 
8516.30000000 
8530.00000000 
8535.62000000 
8554.99000000 
8544.22000000 
8556.44000000 
8569.78000000 
8553.82000000 
8579.08000000 
8520.01000000 
8540.00000000 
8550.00000000 
8537.16000000 
8579.90000000 
8555.93000000 
8530.58000000 
8517.99000000 
8525.98000000 
8537.19000000 
8521.00000000 
8511.87000000 
8481.95000000 
8467.01000000 
8490.26000000 
8475.35000000 
8486.87000000 
8487.99000000 
8467.33000000 
8450.05000000 
8491.25000000 
8495.26000000 
8499.91000000 
8502.21000000 
8499.91000000 
8512.66000000 
8529.13000000 
8527.01000000 
8503.55000000 
8478.24000000 
8486.68000000 
8485.56000000 
8497.75000000 
8489.87000000 
8475.00000000 
8483.72000000 
8478.97000000 
8480.00000000 
8455.38000000 
8435.66000000 
8425.99000000 
8467.00000000 
8475.36000000 
8498.83000000 
8489.99000000 
8512.21000000 
8520.00000000 
8520.00000000 
8540.06000000 
8515.00000000 
8500.09000000 
8544.49000000 
8543.00000000 
8543.35000000 
8505.36000000 
8545.01000000 
8544.98000000 
8543.98000000 
8548.53000000 
8530.15000000 
8511.00000000 
8540.19000000 
8539.47000000 
8547.70000000 
8510.07000000 
8484.05000000 
8570.05000000 
8556.05000000 
8499.01000000 
8486.01000000 
8465.57000000 
8475.85000000 
8500.00000000 
8445.00000000 
8429.00000000 
8400.01000000 
8400.00000000 
8423.72000000 
8423.76000000 
8414.03000000 
8408.83000000 
8440.02000000 
8414.69000000 
8375.08000000 
8390.00000000 
8411.00000000 
8447.89000000 
8467.62000000 
8450.90000000 
8465.66000000 
8469.52000000 
8461.72000000 
8451.77000000 
8450.00000000 
8410.87000000 
8434.97000000 
8473.80000000 
8465.00000000 
8472.00000000 
8466.00000000 
8469.87000000 
8474.99000000 
8450.06000000 
8400.00000000 
8350.00000000 
8330.63000000 
8340.86000000 
8304.36000000 
8330.00000000 
8352.88000000 
8354.41000000 
8351.01000000 
8413.49000000 
8389.89000000 
8399.93000000 
8365.02000000 
8398.90000000 
8386.77000000 
8430.01000000 
8435.71000000 
8418.79000000 
8365.01000000 
8402.00000000 
8445.38000000 
8452.04000000 
8447.24000000 
8462.09000000 
8494.82000000 
8459.11000000 
8516.55000000 
8516.26000000 
8438.99000000 
8419.96000000 
8412.31000000 
8418.15000000 
8439.92000000 
8452.41000000 
8442.50000000 
8444.01000000 
8471.22000000 
8457.65000000 
8439.93000000 
8451.35000000 
8450.06000000 
8437.98000000 
8439.00000000 
8450.00000000 
8389.96000000 
8370.00000000 
8382.05000000 
8382.02000000 
8381.16000000 
8427.32000000 
8457.00000000 
8478.76000000 
8510.99000000 
8512.15000000 
8537.45000000 
8550.00000000 
8509.96000000 
8502.00000000 
8514.73000000 
8566.98000000 
8541.19000000 
8480.12000000 
8500.01000000 
8520.10000000 
8548.12000000 
8544.07000000 
8521.03000000 
8549.00000000 
8585.98000000 
8601.58000000 
8655.00000000 
8687.49000000 
8676.18000000 
8672.16000000 
8658.31000000 
8660.98000000 
8660.00000000 
8641.60000000 
8640.00000000 
8670.83000000 
8695.00000000 
8708.23000000 
8689.90000000 
8675.10000000 
8712.92000000 
8697.75000000 
8667.04000000 
8662.59000000 
8646.00000000 
8630.00000000 
8630.00000000 
8645.91000000 
8630.00000000 
8680.98000000 
8668.06000000 
8666.07000000 
8710.00000000 
8720.56000000 
8727.00000000 
8730.00000000 
8749.92000000 
8737.78000000 
8750.05000000 
8723.39000000 
8751.48000000 
8760.01000000 
8751.15000000 
8786.27000000 
8801.38000000 
8808.87000000 
8810.08000000 
8815.00000000 
8820.00000000 
8830.00000000 
8822.91000000 
8810.00000000 
8825.00000000 
8800.04000000 
8797.30000000 
8756.09000000 
8778.63000000 
8810.01000000 
8826.86000000 
8800.68000000 
8844.99000000 
8849.90000000 
8840.70000000 
8815.00000000 
8800.01000000 
8785.44000000 
8810.00000000 
8854.00000000 
8869.88000000 
8878.00000000 
8850.00000000 
8829.13000000 
8825.00000000 
8815.00000000 
8768.01000000 
8771.04000000 
8776.37000000 
8800.01000000 
8805.00000000 
8845.09000000 
8820.77000000 
8767.00000000 
8725.01000000 
8710.60000000 
8694.36000000 
8681.00000000 
8678.79000000 
8684.90000000 
8670.04000000 
8691.85000000 
8696.73000000 
8698.41000000 
8661.19000000 
8699.99000000 
8710.00000000 
8690.01000000 
8690.00000000 
8646.00000000 
8643.59000000 
8624.99000000 
8626.84000000 
8616.85000000 
8659.99000000 
8619.05000000 
8672.08000000 
8641.91000000 
8601.03000000 
8608.61000000 
8640.14000000 
8662.43000000 
8662.47000000 
8680.00000000 
8665.65000000 
8653.00000000 
8709.99000000 
8706.00000000 
8703.03000000 
8730.03000000 
8720.04000000 
8703.53000000 
8765.26000000 
8755.00000000 
8697.99000000 
8675.00000000 
8679.97000000 
8680.00000000 
8645.84000000 
8644.50000000 
8620.00000000 
8616.84000000 
8666.00000000 
8688.90000000 
8699.98000000 
8739.02000000 
8699.99000000 
8693.25000000 
8681.25000000 
8683.00000000 
8719.03000000 
8739.59000000 
8697.53000000 
8710.75000000 
8720.01000000 
8697.37000000 
8670.07000000 
8745.93000000 
8719.99000000 
8705.00000000 
8670.56000000 
8665.00000000 
8630.00000000 
8575.59000000 
8576.10000000 
8590.00000000 
8600.00000000 
8575.37000000 
8559.62000000 
8624.44000000 
8654.97000000 
8600.01000000 
8579.16000000 
8577.60000000 
8560.87000000 
8567.53000000 
8553.83000000 
8516.67000000 
8536.52000000 
8530.02000000 
8497.19000000 
8485.00000000 
8490.00000000 
8462.95000000 
8521.04000000 
8522.00000000 
8515.00000000 
8430.00000000 
8451.35000000 
8473.65000000 
8521.01000000 
8535.82000000 
8557.37000000 
8637.07000000 
8631.02000000 
8644.99000000 
8612.48000000 
8569.37000000 
8555.05000000 
8532.08000000 
8577.97000000 
8580.03000000 
8557.00000000 
8563.23000000 
8551.79000000 
8502.00000000 
8520.11000000 
8554.00000000 
8566.15000000 
8622.27000000 
8649.99000000 
8601.29000000 
8561.00000000 
8562.06000000 
8591.99000000 
8630.00000000 
8657.60000000 
8691.99000000 
8736.93000000 
8760.08000000 
8759.82000000 
8765.00000000 
8789.10000000 
8830.01000000 
8826.69000000 
8843.27000000 
8860.00000000 
8866.66000000 
8869.98000000 
8890.00000000 
8899.95000000 
8902.75000000 
8894.07000000 
8882.09000000 
8914.00000000 
8949.72000000 
8940.03000000 
8920.00000000 
8965.98000000 
8997.00000000 
8979.11000000 
8968.01000000 
8962.20000000 
8958.35000000 
8947.63000000 
8924.07000000 
8931.00000000 
8928.25000000 
8910.42000000 
8930.07000000 
8929.13000000 
8944.01000000 
8955.01000000 
8950.00000000 
8938.98000000 
8938.38000000 
8906.44000000 
8880.00000000 
8900.00000000 
8911.81000000 
8920.48000000 
8949.94000000 
8965.54000000 
8950.00000000 
8946.36000000 
8989.23000000 
8978.34000000 
8930.00000000 
8913.69000000 
8878.99000000 
8817.94000000 
8796.11000000 
8789.94000000 
8785.01000000 
8807.48000000 
8836.25000000 
8824.99000000 
8849.97000000 
8821.67000000 
8811.14000000 
8803.85000000 
8791.56000000 
8779.98000000 
8779.00000000 
8799.97000000 
8789.20000000 
8760.00000000 
8740.00000000 
8754.99000000 
8762.09000000 
8776.99000000 
8799.95000000 
8831.00000000 
8850.02000000 
8860.00000000 
8860.00000000 
8841.06000000 
8840.00000000 
8860.00000000 
8867.00000000 
8860.00000000 
8869.83000000 
8859.85000000 
8869.75000000 
8851.01000000 
8878.06000000 
8780.00000000 
8760.00000000 
8751.00000000 
8757.00000000 
8757.99000000 
8758.00000000 
8749.00000000 
8748.91000000 
8749.98000000 
8774.99000000 
8763.36000000 
8735.00000000 
8756.99000000 
8773.00000000 
8780.00000000 
8795.00000000 
8806.15000000 
8795.00000000 
8786.00000000 
8786.00000000 
8807.76000000 
8800.01000000 
8775.00000000 
8770.90000000 
8780.01000000 
8784.98000000 
8808.34000000 
8820.00000000 
8830.00000000 
8829.93000000 
8825.22000000 
8829.99000000 
8828.00000000 
8807.14000000 
8770.00000000 
8789.98000000 
8798.93000000 
8825.05000000 
8844.99000000 
8840.99000000 
8822.00000000 
8820.00000000 
8808.89000000 
8751.01000000 
8765.04000000 
8780.82000000 
8798.74000000 
8791.74000000 
8838.86000000 
8857.62000000 
8801.01000000 
8801.00000000 
8795.00000000 
8788.80000000 
8803.80000000 
8814.99000000 
8808.00000000 
8851.98000000 
8882.03000000 
8832.05000000 
8906.00000000 
8909.69000000 
8888.36000000 
8861.08000000 
8900.05000000 
8920.00000000 
8948.00000000 
9002.06000000 
9011.98000000 
9031.99000000 
9033.00000000 
9040.94000000 
9034.94000000 
9002.06000000 
9015.00000000 
9011.90000000 
9007.00000000 
9025.00000000 
9013.97000000 
9008.80000000 
8971.18000000 
9017.00000000 
9014.04000000 
9009.97000000 
9002.00000000 
9001.73000000 
9013.00000000 
9050.00000000 
9060.02000000 
9078.33000000 
9107.45000000 
9110.00000000 
9129.99000000 
9125.99000000 
9120.00000000 
9130.18000000 
9139.59000000 
9119.92000000 
9120.00000000 
9113.06000000 
9112.10000000 
9131.05000000 
9111.03000000 
9124.99000000 
9111.03000000 
9120.00000000 
9118.01000000 
9102.02000000 
9086.00000000 
9085.81000000 
9081.00000000 
9087.50000000 
9078.45000000 
9078.34000000 
9070.00000000 
9080.41000000 
9080.00000000 
9095.86000000 
9078.01000000 
9065.06000000 
9065.00000000 
9087.06000000 
9116.33000000 
9125.07000000 
9130.03000000 
9120.36000000 
9116.33000000 
9115.00000000 
9101.00000000 
9120.00000000 
9129.69000000 
9101.04000000 
9110.00000000 
9126.57000000 
9145.02000000 
9143.00000000 
9141.82000000 
9147.98000000 
9164.00000000 
9178.00000000 
9170.02000000 
9190.02000000 
9194.81000000 
9200.00000000 
9200.22000000 
9196.35000000 
9215.90000000 
9201.08000000 
9200.00000000 
9200.00000000 
9200.00000000 
9200.00000000 
9195.51000000 
9210.01000000 
9205.03000000 
9195.40000000 
9180.01000000 
9174.50000000 
9170.01000000 
9169.82000000 
9168.00000000 
9165.34000000 
9175.28000000 
9185.00000000 
9175.26000000 
9181.10000000 
9186.93000000 
9199.94000000 
9200.00000000 
9174.48000000 
9174.31000000 
9180.68000000 
9207.16000000 
9220.04000000 
9227.00000000 
9236.50000000 
9243.80000000 
9231.43000000 
9220.72000000 
9250.00000000 
9261.50000000 
9244.45000000 
9244.17000000 
9251.06000000 
9270.00000000 
9270.60000000 
9284.23000000 
9285.01000000 
9285.00000000 
9284.23000000 
9297.07000000 
9291.60000000 
9297.08000000 
9287.00000000 
9299.99000000 
9300.15000000 
9306.23000000 
9319.11000000 
9325.20000000 
9320.64000000 
9320.17000000 
9320.26000000 
9319.24000000 
9313.43000000 
9310.00000000 
9304.52000000 
9289.99000000 
9291.67000000 
9291.65000000 
9277.00000000 
9279.00000000 
9270.08000000 
9272.63000000 
9289.95000000 
9297.62000000 
9312.00000000 
9300.10000000 
9308.63000000 
9297.51000000 
9315.49000000 
9306.18000000 
9284.49000000 
9287.60000000 
9279.59000000 
9295.00000000 
9306.16000000 
9312.00000000 
9321.00000000 
9320.07000000 
9323.00000000 
9314.44000000 
9317.05000000 
9316.25000000 
9316.30000000 
9325.00000000 
9300.02000000 
9309.96000000 
9314.05000000 
9311.96000000 
9319.37000000 
9329.96000000 
9350.00000000 
9350.00000000 
9341.00000000 
9342.99000000 
9335.01000000 
9337.87000000 
9325.00000000 
9320.68000000 
9290.01000000 
9297.18000000 
9300.00000000 
9327.00000000 
9318.49000000 
9320.00000000 
9300.00000000 
9295.09000000 
9294.08000000 
9297.33000000 
9309.90000000 
9311.05000000 
9309.47000000 
9300.00000000 
9320.99000000 
9321.40000000 
9330.25000000 
9335.00000000 
9320.12000000 
9346.57000000 
9300.00000000 
9285.97000000 
9260.42000000 
9216.90000000 
9216.99000000 
9200.00000000 
9200.09000000 
9211.13000000 
9222.00000000 
9206.00000000 
9205.04000000 
9205.11000000 
9209.00000000 
9205.05000000 
9200.00000000 
9200.04000000 
9217.00000000 
9219.95000000 
9194.93000000 
9200.59000000 
9200.15000000 
9204.90000000 
9200.00000000 
9206.00000000 
9208.93000000 
9209.99000000 
9187.90000000 
9175.00000000 
9193.00000000 
9190.27000000 
9200.00000000 
9190.53000000 
9218.98000000 
9210.02000000 
9215.00000000 
9214.49000000 
9194.28000000 
9208.57000000 
9195.09000000 
9217.96000000 
9207.97000000 
9204.15000000 
9185.02000000 
9173.63000000 
9199.99000000 
9191.25000000 
9185.00000000 
9149.00000000 
9143.26000000 
9142.31000000 
9145.07000000 
9134.99000000 
9149.92000000 
9140.00000000 
9149.99000000 
9130.47000000 
9125.14000000 
9118.62000000 
9111.00000000 
9119.73000000 
9101.29000000 
9105.00000000 
9104.47000000 
9108.88000000 
9108.61000000 
9105.96000000 
9108.00000000 
9126.13000000 
9137.84000000 
9131.39000000 
9138.00000000 
9135.93000000 
9132.10000000 
9110.00000000 
9136.97000000 
9157.19000000 
9168.72000000 
9145.85000000 
9145.90000000 
9146.43000000 
9149.00000000 
9169.10000000 
9159.94000000 
9151.01000000 
9159.40000000 
9128.99000000 
9135.00000000 
9129.95000000 
9125.00000000 
9098.29000000 
9133.66000000 
9104.57000000 
9090.00000000 
9108.05000000 
9110.01000000 
9121.93000000 
9147.87000000 
9123.64000000 
9108.06000000 
9121.00000000 
9108.53000000 
9143.05000000 
9147.05000000 
9142.00000000 
9150.73000000 
9184.51000000 
9167.34000000 
9130.00000000 
9150.00000000 
9160.00000000 
9184.51000000 
9206.07000000 
9220.00000000 
9225.00000000 
9210.20000000 
9224.20000000 
9232.46000000 
9231.55000000 
9232.95000000 
9239.00000000 
9222.00000000 
9221.00000000 
9219.18000000 
9205.14000000 
9201.08000000 
9208.37000000 
9190.07000000 
9209.08000000 
9210.08000000 
9220.10000000 
9231.94000000 
9230.00000000 
9235.69000000 
9249.98000000 
9242.74000000 
9236.00000000 
9235.03000000 
9244.00000000 
9233.00000000 
9244.52000000 
9242.03000000 
9222.00000000 
9209.05000000 
9193.38000000 
9195.99000000 
9201.78000000 
9219.98000000 
9211.74000000 
9225.00000000 
9246.87000000 
9240.00000000 
9230.00000000 
9226.00000000 
9219.99000000 
9220.00000000 
9188.23000000 
9189.00000000 
9171.00000000 
9175.33000000 
9152.14000000 
9150.00000000 
9124.84000000 
9124.59000000 
9106.99000000 
9125.26000000 
9125.00000000 
9126.07000000 
9130.70000000 
9167.51000000 
9167.33000000 
9159.06000000 
9159.06000000 
9147.03000000 
9134.14000000 
9155.01000000 
9165.99000000 
9148.38000000 
9139.93000000 
9149.92000000 
9101.83000000 
9087.00000000 
9087.18000000 
9081.18000000 
9074.08000000 
9065.00000000 
9065.00000000 
9070.88000000 
9059.84000000 
9058.41000000 
9052.07000000 
9079.00000000 
9061.96000000 
9069.05000000 
9059.45000000 
9059.45000000 
9063.82000000 
9084.09000000 
9089.00000000 
9096.00000000 
9090.00000000 
9050.00000000 
9025.00000000 
9020.00000000 
9010.26000000 
9025.00000000 
8982.40000000 
8980.05000000 
8982.03000000 
9004.05000000 
9000.35000000 
8995.60000000 
8985.80000000 
8965.39000000 
9018.14000000 
9049.83000000 
9052.00000000 
9035.00000000 
9033.86000000 
9010.82000000 
9076.39000000 
9069.00000000 
9052.13000000 
9062.90000000 
9057.33000000 
9041.08000000 
9040.00000000 
9020.00000000 
8991.44000000 
8980.00000000 
8967.91000000 
8963.01000000 
8957.90000000 
8972.98000000 
8977.77000000 
8977.76000000 
8946.66000000 
8970.06000000 
8987.82000000 
8987.83000000 
8982.08000000 
8982.00000000 
8944.01000000 
8920.00000000 
8937.46000000 
8951.01000000 
8993.18000000 
8968.86000000 
9000.00000000 
8987.00000000 
8980.00000000 
8974.00000000 
9038.00000000 
9050.72000000 
9066.60000000 
9071.00000000 
9080.00000000 
9077.45000000 
9095.88000000 
9076.10000000 
9076.01000000 
9086.56000000 
9090.00000000 
9090.00000000 
9086.94000000 
9072.13000000 
9065.63000000 
9066.00000000 
9067.81000000 
9080.00000000 
9077.25000000 
9083.88000000 
9077.21000000 
9089.03000000 
9099.98000000 
9106.08000000 
9106.03000000 
9106.03000000 
9105.05000000 
9106.33000000 
9080.00000000 
9090.96000000 
9065.63000000 
9060.00000000 
9074.93000000 
9079.98000000 
9079.98000000 
9093.05000000 
9107.00000000 
9109.98000000 
9101.00000000 
9109.00000000 
9107.97000000 
9090.27000000 
9090.05000000 
9100.02000000 
9099.00000000 
9097.50000000 
9072.64000000 
9040.02000000 
9041.02000000 
9041.01000000 
9041.00000000 
9057.26000000 
9070.05000000 
9059.89000000 
9058.99000000 
9050.04000000 
9038.68000000 
9064.84000000 
9065.90000000 
9083.39000000 
9070.10000000 
9070.03000000 
9069.48000000 
9062.00000000 
9068.47000000 
9072.58000000 
9081.12000000 
9090.00000000 
9115.75000000 
9115.75000000 
9108.00000000 
9115.75000000 
9105.56000000 
9104.11000000 
9134.09000000 
9140.00000000 
9150.01000000 
9133.50000000 
9095.00000000 
9093.14000000 
9094.70000000 
9137.02000000 
9138.01000000 
9137.03000000 
9136.07000000 
9150.00000000 
9130.02000000 
9147.91000000 
9159.92000000 
9180.57000000 
9199.89000000 
9193.72000000 
9176.30000000 
9215.00000000 
9201.35000000 
9210.00000000 
9199.99000000 
9183.14000000 
9175.14000000 
9178.00000000 
9187.00000000 
9176.50000000 
9199.00000000 
9179.99000000 
9166.24000000 
9175.00000000 
9178.99000000 
9180.00000000 
9170.41000000 
9183.46000000 
9160.91000000 
9199.96000000 
9199.99000000 
9205.00000000 
9198.97000000 
9200.00000000 
9162.24000000 
9175.13000000 
9209.10000000 
9171.07000000 
9159.32000000 
9132.27000000 
9098.91000000 
9080.10000000 
9080.01000000 
9079.00000000 
9084.99000000 
9094.15000000 
9091.50000000 
9082.59000000 
9075.22000000 
9070.00000000 
9065.19000000 
9091.03000000 
9090.01000000 
9100.00000000 
9090.00000000 
9096.97000000 
9075.78000000 
9094.32000000 
9051.13000000 
9056.99000000 
9069.00000000 
9076.00000000 
9100.01000000 
9090.01000000 
9090.00000000 
9075.31000000 
9115.19000000 
9115.24000000 
9121.95000000 
9108.96000000 
9088.11000000 
9040.10000000 
9030.00000000 
9035.00000000 
9036.00000000 
9035.00000000 
9032.69000000 
9036.90000000 
9037.01000000 
9040.00000000 
9036.01000000 
9033.95000000 
9039.92000000 
9025.03000000 
9033.00000000 
9034.00000000 
9040.00000000 
9067.80000000 
9080.49000000 
9080.49000000 
9091.15000000 
9100.29000000 
9102.13000000 
9116.94000000 
9106.94000000 
9104.61000000 
9091.10000000 
9079.01000000 
9079.00000000 
9082.99000000 
9086.91000000 
9070.00000000 
9087.59000000 
9125.21000000 
9156.70000000 
9167.87000000 
9167.60000000 
9155.20000000 
9167.95000000 
9169.00000000 
9170.17000000 
9163.70000000 
9146.73000000 
9149.99000000 
9171.12000000 
9148.00000000 
9140.00000000 
9130.77000000 
9125.00000000 
9129.98000000 
9150.07000000 
9146.00000000 
9135.00000000 
9126.00000000 
9111.09000000 
9110.00000000 
9093.91000000 
9103.00000000 
9109.00000000 
9110.00000000 
9100.00000000 
9069.02000000 
9076.00000000 
9076.04000000 
9078.00000000 
9080.00000000 
9093.11000000 
9109.00000000 
9109.41000000 
9109.41000000 
9116.00000000 
9127.00000000 
9120.00000000 
9136.16000000 
9159.83000000 
9175.01000000 
9174.05000000 
9135.15000000 
9115.34000000 
9154.96000000 
9150.00000000 
9150.00000000 
9120.00000000 
9118.00000000 
9123.00000000 
9175.00000000 
9182.73000000 
9184.26000000 
9182.14000000 
9190.00000000 
