4383.00000000 
31320.00000000 
26969.00000000 
28876.00000000 
30117.00000000 
21496.00000000 
23411.00000000 
60488.00000000 
38966.00000000 
11998.00000000 
12252.00000000 
10486.00000000 
10738.00000000 
48038.00000000 
46210.00000000 
27680.00000000 
34140.00000000 
49434.00000000 
74988.00000000 
98072.00000000 
62760.00000000 
88548.00000000 
93943.00000000 
57835.00000000 
12944.00000000 
41390.00000000 
19011.00000000 
63770.00000000 
176983.00000000 
107834.00000000 
25872.00000000 
16617.00000000 
24257.00000000 
50346.00000000 
22135.00000000 
33757.00000000 
18082.00000000 
91865.00000000 
23098.00000000 
28747.00000000 
13851.00000000 
36894.00000000 
38430.00000000 
43095.00000000 
9060.00000000 
16939.00000000 
5255.00000000 
12607.00000000 
20565.00000000 
23018.00000000 
47527.00000000 
15267.00000000 
10029.00000000 
14323.00000000 
32343.00000000 
19150.00000000 
8302.00000000 
3752.00000000 
10321.00000000 
8848.00000000 
21181.00000000 
24378.00000000 
44861.00000000 
22500.00000000 
19183.00000000 
22317.00000000 
84567.00000000 
19635.00000000 
31533.00000000 
45574.00000000 
3382.00000000 
12589.00000000 
37366.00000000 
15182.00000000 
14738.00000000 
9174.00000000 
18821.00000000 
15003.00000000 
7541.00000000 
17011.00000000 
27410.00000000 
10450.00000000 
17709.00000000 
71120.00000000 
39949.00000000 
63465.00000000 
116450.00000000 
51846.00000000 
46454.00000000 
60375.00000000 
38391.00000000 
116031.00000000 
59196.00000000 
33037.00000000 
161353.00000000 
42628.00000000 
13027.00000000 
56366.00000000 
26096.00000000 
61354.00000000 
44047.00000000 
42402.00000000 
76107.00000000 
105759.00000000 
95108.00000000 
35666.00000000 
87699.00000000 
146739.00000000 
92570.00000000 
79324.00000000 
53038.00000000 
63586.00000000 
17361.00000000 
92765.00000000 
95690.00000000 
47046.00000000 
105206.00000000 
35561.00000000 
73013.00000000 
50188.00000000 
123989.00000000 
35281.00000000 
68824.00000000 
80353.00000000 
87247.00000000 
64543.00000000 
92094.00000000 
58018.00000000 
25192.00000000 
17888.00000000 
69451.00000000 
34536.00000000 
18965.00000000 
24588.00000000 
17236.00000000 
10983.00000000 
15141.00000000 
14042.00000000 
23589.00000000 
38240.00000000 
89039.00000000 
59622.00000000 
105960.00000000 
216584.00000000 
42444.00000000 
89528.00000000 
57622.00000000 
40830.00000000 
38920.00000000 
61156.00000000 
36478.00000000 
106731.00000000 
66933.00000000 
38174.00000000 
67032.00000000 
55713.00000000 
81673.00000000 
115664.00000000 
20423.00000000 
18771.00000000 
33621.00000000 
106000.00000000 
101987.00000000 
70012.00000000 
25975.00000000 
24252.00000000 
87382.00000000 
78029.00000000 
23392.00000000 
33219.00000000 
65593.00000000 
77100.00000000 
55306.00000000 
95822.00000000 
74247.00000000 
154682.00000000 
238065.00000000 
42343.00000000 
128741.00000000 
21863.00000000 
26414.00000000 
17508.00000000 
22911.00000000 
14158.00000000 
10546.00000000 
30533.00000000 
12477.00000000 
24382.00000000 
9849.00000000 
13972.00000000 
34700.00000000 
10098.00000000 
19563.00000000 
8689.00000000 
59196.00000000 
1075.00000000 
26602.00000000 
1020.00000000 
19521.00000000 
17146.00000000 
22363.00000000 
39367.00000000 
12357.00000000 
110260.00000000 
12277.00000000 
25554.00000000 
9398.00000000 
47962.00000000 
22348.00000000 
15752.00000000 
5190.00000000 
17947.00000000 
26161.00000000 
29140.00000000 
27997.00000000 
56793.00000000 
14524.00000000 
2785.00000000 
21402.00000000 
109360.00000000 
54974.00000000 
101919.00000000 
29742.00000000 
59117.00000000 
40415.00000000 
190161.00000000 
35676.00000000 
48655.00000000 
113183.00000000 
73342.00000000 
16623.00000000 
15367.00000000 
119200.00000000 
67520.00000000 
27998.00000000 
65186.00000000 
63897.00000000 
40397.00000000 
27410.00000000 
50476.00000000 
46333.00000000 
53777.00000000 
79032.00000000 
54068.00000000 
30976.00000000 
44577.00000000 
52734.00000000 
56068.00000000 
149215.00000000 
14016.00000000 
38792.00000000 
4370.00000000 
10635.00000000 
36375.00000000 
9514.00000000 
2641.00000000 
16960.00000000 
16644.00000000 
25163.00000000 
4139.00000000 
7900.00000000 
99341.00000000 
33131.00000000 
7486.00000000 
80197.00000000 
54444.00000000 
31013.00000000 
15253.00000000 
52016.00000000 
131552.00000000 
26358.00000000 
20815.00000000 
45469.00000000 
46761.00000000 
33643.00000000 
64808.00000000 
35680.00000000 
99952.00000000 
122679.00000000 
365692.00000000 
93210.00000000 
102701.00000000 
11741.00000000 
16766.00000000 
9149.00000000 
46344.00000000 
21465.00000000 
83039.00000000 
59850.00000000 
20888.00000000 
18157.00000000 
23218.00000000 
42897.00000000 
28670.00000000 
47327.00000000 
52010.00000000 
61034.00000000 
42718.00000000 
36936.00000000 
9318.00000000 
82796.00000000 
21056.00000000 
15214.00000000 
36668.00000000 
109425.00000000 
44345.00000000 
54656.00000000 
70511.00000000 
62948.00000000 
38203.00000000 
57380.00000000 
61180.00000000 
60336.00000000 
6303.00000000 
113816.00000000 
61331.00000000 
68859.00000000 
128944.00000000 
63276.00000000 
131108.00000000 
31744.00000000 
23659.00000000 
219819.00000000 
52781.00000000 
138002.00000000 
84852.00000000 
158751.00000000 
193694.00000000 
28170.00000000 
69219.00000000 
53560.00000000 
115261.00000000 
24944.00000000 
147894.00000000 
62708.00000000 
22917.00000000 
9264.00000000 
34746.00000000 
6995.00000000 
21456.00000000 
17140.00000000 
65920.00000000 
32292.00000000 
8092.00000000 
62932.00000000 
56401.00000000 
87852.00000000 
11037.00000000 
64603.00000000 
112106.00000000 
64994.00000000 
15921.00000000 
42901.00000000 
14569.00000000 
4284.00000000 
63182.00000000 
130749.00000000 
25313.00000000 
47252.00000000 
8495.00000000 
55968.00000000 
17265.00000000 
85893.00000000 
154375.00000000 
82447.00000000 
74055.00000000 
16493.00000000 
56929.00000000 
252151.00000000 
106552.00000000 
199257.00000000 
55211.00000000 
135754.00000000 
24119.00000000 
31812.00000000 
29998.00000000 
60011.00000000 
33649.00000000 
80912.00000000 
49841.00000000 
132188.00000000 
88866.00000000 
83777.00000000 
101708.00000000 
119215.00000000 
95276.00000000 
72967.00000000 
26808.00000000 
47469.00000000 
106000.00000000 
88154.00000000 
64228.00000000 
69134.00000000 
25529.00000000 
48459.00000000 
74872.00000000 
131204.00000000 
258801.00000000 
259846.00000000 
93156.00000000 
100892.00000000 
100856.00000000 
188798.00000000 
141075.00000000 
76229.00000000 
98354.00000000 
106446.00000000 
33851.00000000 
38210.00000000 
36306.00000000 
7236.00000000 
79583.00000000 
9092.00000000 
37660.00000000 
17593.00000000 
11899.00000000 
17826.00000000 
47891.00000000 
193060.00000000 
35509.00000000 
56565.00000000 
34272.00000000 
16703.00000000 
14998.00000000 
29670.00000000 
27202.00000000 
74516.00000000 
21620.00000000 
16801.00000000 
17054.00000000 
10664.00000000 
18499.00000000 
31209.00000000 
4873.00000000 
4376.00000000 
33401.00000000 
31428.00000000 
44423.00000000 
2449.00000000 
9261.00000000 
11650.00000000 
45082.00000000 
109915.00000000 
72544.00000000 
19249.00000000 
35245.00000000 
33785.00000000 
15566.00000000 
41427.00000000 
51824.00000000 
35756.00000000 
14172.00000000 
12052.00000000 
32470.00000000 
38720.00000000 
24717.00000000 
32858.00000000 
13616.00000000 
7081.00000000 
63874.00000000 
85187.00000000 
6054.00000000 
7719.00000000 
15982.00000000 
13565.00000000 
44226.00000000 
16071.00000000 
5027.00000000 
2438.00000000 
10666.00000000 
2725.00000000 
7450.00000000 
25789.00000000 
20697.00000000 
1991.00000000 
59227.00000000 
13578.00000000 
4620.00000000 
16814.00000000 
36266.00000000 
4383.00000000 
31320.00000000 
26969.00000000 
28876.00000000 
30117.00000000 
21496.00000000 
23411.00000000 
60488.00000000 
38966.00000000 
11998.00000000 
12252.00000000 
10486.00000000 
10738.00000000 
48038.00000000 
46210.00000000 
27680.00000000 
34140.00000000 
49434.00000000 
74988.00000000 
98072.00000000 
62760.00000000 
88548.00000000 
93943.00000000 
57835.00000000 
12944.00000000 
41390.00000000 
19011.00000000 
63770.00000000 
176983.00000000 
107834.00000000 
25872.00000000 
16617.00000000 
24257.00000000 
50346.00000000 
22135.00000000 
33757.00000000 
18082.00000000 
91865.00000000 
23098.00000000 
28747.00000000 
13851.00000000 
36894.00000000 
38430.00000000 
43095.00000000 
9060.00000000 
16939.00000000 
5255.00000000 
12607.00000000 
20565.00000000 
23018.00000000 
47527.00000000 
15267.00000000 
10029.00000000 
14323.00000000 
32343.00000000 
19150.00000000 
8302.00000000 
3752.00000000 
10321.00000000 
8848.00000000 
21181.00000000 
24378.00000000 
44861.00000000 
22500.00000000 
19183.00000000 
22317.00000000 
84567.00000000 
19635.00000000 
31533.00000000 
45574.00000000 
3382.00000000 
12589.00000000 
37366.00000000 
15182.00000000 
14738.00000000 
9174.00000000 
18821.00000000 
15003.00000000 
7541.00000000 
17011.00000000 
27410.00000000 
10450.00000000 
17709.00000000 
71120.00000000 
39949.00000000 
63465.00000000 
116450.00000000 
51846.00000000 
46454.00000000 
60375.00000000 
38391.00000000 
116031.00000000 
59196.00000000 
33037.00000000 
161353.00000000 
42628.00000000 
13027.00000000 
56366.00000000 
26096.00000000 
61354.00000000 
44047.00000000 
42402.00000000 
76107.00000000 
105759.00000000 
95108.00000000 
35666.00000000 
87699.00000000 
146739.00000000 
92570.00000000 
79324.00000000 
53038.00000000 
63586.00000000 
17361.00000000 
92765.00000000 
95690.00000000 
47046.00000000 
105206.00000000 
35561.00000000 
73013.00000000 
50188.00000000 
123989.00000000 
35281.00000000 
68824.00000000 
80353.00000000 
87247.00000000 
64543.00000000 
92094.00000000 
58018.00000000 
25192.00000000 
17888.00000000 
69451.00000000 
34536.00000000 
18965.00000000 
24588.00000000 
17236.00000000 
10983.00000000 
15141.00000000 
14042.00000000 
23589.00000000 
38240.00000000 
89039.00000000 
59622.00000000 
105960.00000000 
216584.00000000 
42444.00000000 
89528.00000000 
57622.00000000 
40830.00000000 
38920.00000000 
61156.00000000 
36478.00000000 
106731.00000000 
66933.00000000 
38174.00000000 
67032.00000000 
55713.00000000 
81673.00000000 
115664.00000000 
20423.00000000 
18771.00000000 
33621.00000000 
106000.00000000 
101987.00000000 
70012.00000000 
25975.00000000 
24252.00000000 
87382.00000000 
78029.00000000 
23392.00000000 
33219.00000000 
65593.00000000 
77100.00000000 
55306.00000000 
95822.00000000 
74247.00000000 
154682.00000000 
238065.00000000 
42343.00000000 
128741.00000000 
21863.00000000 
26414.00000000 
17508.00000000 
22911.00000000 
14158.00000000 
10546.00000000 
30533.00000000 
12477.00000000 
24382.00000000 
9849.00000000 
13972.00000000 
34700.00000000 
10098.00000000 
19563.00000000 
8689.00000000 
59196.00000000 
1075.00000000 
26602.00000000 
1020.00000000 
19521.00000000 
17146.00000000 
22363.00000000 
39367.00000000 
12357.00000000 
110260.00000000 
12277.00000000 
25554.00000000 
9398.00000000 
47962.00000000 
22348.00000000 
15752.00000000 
5190.00000000 
17947.00000000 
26161.00000000 
29140.00000000 
27997.00000000 
56793.00000000 
14524.00000000 
2785.00000000 
21402.00000000 
109360.00000000 
54974.00000000 
101919.00000000 
29742.00000000 
59117.00000000 
40415.00000000 
190161.00000000 
35676.00000000 
48655.00000000 
113183.00000000 
73342.00000000 
16623.00000000 
15367.00000000 
119200.00000000 
67520.00000000 
27998.00000000 
65186.00000000 
63897.00000000 
40397.00000000 
27410.00000000 
50476.00000000 
46333.00000000 
53777.00000000 
79032.00000000 
54068.00000000 
30976.00000000 
44577.00000000 
52734.00000000 
56068.00000000 
149215.00000000 
14016.00000000 
38792.00000000 
4370.00000000 
10635.00000000 
36375.00000000 
9514.00000000 
2641.00000000 
16960.00000000 
16644.00000000 
25163.00000000 
4139.00000000 
7900.00000000 
99341.00000000 
33131.00000000 
7486.00000000 
80197.00000000 
54444.00000000 
31013.00000000 
15253.00000000 
52016.00000000 
131552.00000000 
26358.00000000 
20815.00000000 
45469.00000000 
46761.00000000 
33643.00000000 
64808.00000000 
35680.00000000 
99952.00000000 
122679.00000000 
365692.00000000 
93210.00000000 
102701.00000000 
11741.00000000 
16766.00000000 
9149.00000000 
46344.00000000 
21465.00000000 
83039.00000000 
59850.00000000 
20888.00000000 
18157.00000000 
23218.00000000 
42897.00000000 
28670.00000000 
47327.00000000 
52010.00000000 
61034.00000000 
42718.00000000 
36936.00000000 
9318.00000000 
82796.00000000 
21056.00000000 
15214.00000000 
36668.00000000 
109425.00000000 
44345.00000000 
54656.00000000 
70511.00000000 
62948.00000000 
38203.00000000 
57380.00000000 
61180.00000000 
60336.00000000 
6303.00000000 
113816.00000000 
61331.00000000 
68859.00000000 
128944.00000000 
63276.00000000 
131108.00000000 
31744.00000000 
23659.00000000 
219819.00000000 
52781.00000000 
138002.00000000 
84852.00000000 
158751.00000000 
193694.00000000 
28170.00000000 
69219.00000000 
53560.00000000 
115261.00000000 
24944.00000000 
147894.00000000 
62708.00000000 
22917.00000000 
9264.00000000 
34746.00000000 
6995.00000000 
21456.00000000 
17140.00000000 
65920.00000000 
32292.00000000 
8092.00000000 
62932.00000000 
56401.00000000 
87852.00000000 
11037.00000000 
64603.00000000 
112106.00000000 
64994.00000000 
15921.00000000 
42901.00000000 
14569.00000000 
4284.00000000 
63182.00000000 
130749.00000000 
25313.00000000 
47252.00000000 
8495.00000000 
55968.00000000 
17265.00000000 
85893.00000000 
154375.00000000 
82447.00000000 
74055.00000000 
16493.00000000 
56929.00000000 
252151.00000000 
106552.00000000 
199257.00000000 
55211.00000000 
135754.00000000 
24119.00000000 
31812.00000000 
29998.00000000 
60011.00000000 
33649.00000000 
80912.00000000 
49841.00000000 
132188.00000000 
88866.00000000 
83777.00000000 
101708.00000000 
119215.00000000 
95276.00000000 
72967.00000000 
26808.00000000 
47469.00000000 
106000.00000000 
88154.00000000 
64228.00000000 
69134.00000000 
25529.00000000 
48459.00000000 
74872.00000000 
131204.00000000 
258801.00000000 
259846.00000000 
93156.00000000 
100892.00000000 
100856.00000000 
188798.00000000 
141075.00000000 
76229.00000000 
98354.00000000 
106446.00000000 
33851.00000000 
38210.00000000 
36306.00000000 
7236.00000000 
79583.00000000 
9092.00000000 
37660.00000000 
17593.00000000 
11899.00000000 
17826.00000000 
47891.00000000 
193060.00000000 
35509.00000000 
56565.00000000 
34272.00000000 
16703.00000000 
14998.00000000 
29670.00000000 
27202.00000000 
74516.00000000 
21620.00000000 
16801.00000000 
17054.00000000 
10664.00000000 
18499.00000000 
31209.00000000 
4873.00000000 
4376.00000000 
33401.00000000 
31428.00000000 
44423.00000000 
2449.00000000 
9261.00000000 
11650.00000000 
45082.00000000 
109915.00000000 
72544.00000000 
19249.00000000 
35245.00000000 
33785.00000000 
15566.00000000 
41427.00000000 
51824.00000000 
35756.00000000 
14172.00000000 
12052.00000000 
32470.00000000 
38720.00000000 
24717.00000000 
32858.00000000 
13616.00000000 
7081.00000000 
63874.00000000 
85187.00000000 
6054.00000000 
7719.00000000 
15982.00000000 
13565.00000000 
44226.00000000 
16071.00000000 
5027.00000000 
2438.00000000 
10666.00000000 
2725.00000000 
7450.00000000 
25789.00000000 
20697.00000000 
1991.00000000 
59227.00000000 
13578.00000000 
4620.00000000 
16814.00000000 
36266.00000000 
4383.00000000 
31320.00000000 
26969.00000000 
28876.00000000 
30117.00000000 
21496.00000000 
23411.00000000 
60488.00000000 
38966.00000000 
11998.00000000 
12252.00000000 
10486.00000000 
10738.00000000 
48038.00000000 
46210.00000000 
27680.00000000 
34140.00000000 
49434.00000000 
74988.00000000 
98072.00000000 
62760.00000000 
88548.00000000 
93943.00000000 
57835.00000000 
12944.00000000 
41390.00000000 
19011.00000000 
63770.00000000 
176983.00000000 
107834.00000000 
25872.00000000 
16617.00000000 
24257.00000000 
50346.00000000 
22135.00000000 
33757.00000000 
18082.00000000 
91865.00000000 
23098.00000000 
28747.00000000 
13851.00000000 
36894.00000000 
38430.00000000 
43095.00000000 
9060.00000000 
16939.00000000 
5255.00000000 
12607.00000000 
20565.00000000 
23018.00000000 
47527.00000000 
15267.00000000 
10029.00000000 
14323.00000000 
32343.00000000 
19150.00000000 
8302.00000000 
3752.00000000 
10321.00000000 
8848.00000000 
21181.00000000 
24378.00000000 
44861.00000000 
22500.00000000 
19183.00000000 
22317.00000000 
84567.00000000 
19635.00000000 
31533.00000000 
45574.00000000 
3382.00000000 
12589.00000000 
37366.00000000 
15182.00000000 
14738.00000000 
9174.00000000 
18821.00000000 
15003.00000000 
7541.00000000 
17011.00000000 
27410.00000000 
10450.00000000 
17709.00000000 
71120.00000000 
39949.00000000 
63465.00000000 
116450.00000000 
51846.00000000 
46454.00000000 
60375.00000000 
38391.00000000 
116031.00000000 
59196.00000000 
33037.00000000 
161353.00000000 
42628.00000000 
13027.00000000 
56366.00000000 
26096.00000000 
61354.00000000 
44047.00000000 
42402.00000000 
76107.00000000 
105759.00000000 
95108.00000000 
35666.00000000 
87699.00000000 
146739.00000000 
92570.00000000 
79324.00000000 
53038.00000000 
63586.00000000 
17361.00000000 
92765.00000000 
95690.00000000 
47046.00000000 
105206.00000000 
35561.00000000 
73013.00000000 
50188.00000000 
123989.00000000 
35281.00000000 
68824.00000000 
80353.00000000 
87247.00000000 
64543.00000000 
92094.00000000 
58018.00000000 
25192.00000000 
17888.00000000 
69451.00000000 
34536.00000000 
18965.00000000 
24588.00000000 
17236.00000000 
10983.00000000 
15141.00000000 
14042.00000000 
23589.00000000 
38240.00000000 
89039.00000000 
59622.00000000 
105960.00000000 
216584.00000000 
42444.00000000 
89528.00000000 
57622.00000000 
40830.00000000 
38920.00000000 
61156.00000000 
36478.00000000 
106731.00000000 
66933.00000000 
38174.00000000 
67032.00000000 
55713.00000000 
81673.00000000 
115664.00000000 
20423.00000000 
18771.00000000 
33621.00000000 
106000.00000000 
101987.00000000 
70012.00000000 
25975.00000000 
24252.00000000 
87382.00000000 
78029.00000000 
23392.00000000 
33219.00000000 
65593.00000000 
77100.00000000 
55306.00000000 
95822.00000000 
74247.00000000 
154682.00000000 
238065.00000000 
42343.00000000 
128741.00000000 
21863.00000000 
26414.00000000 
17508.00000000 
22911.00000000 
14158.00000000 
10546.00000000 
30533.00000000 
12477.00000000 
24382.00000000 
9849.00000000 
13972.00000000 
34700.00000000 
10098.00000000 
19563.00000000 
8689.00000000 
59196.00000000 
1075.00000000 
26602.00000000 
1020.00000000 
19521.00000000 
17146.00000000 
22363.00000000 
39367.00000000 
12357.00000000 
110260.00000000 
12277.00000000 
25554.00000000 
9398.00000000 
47962.00000000 
22348.00000000 
15752.00000000 
5190.00000000 
17947.00000000 
26161.00000000 
29140.00000000 
27997.00000000 
56793.00000000 
14524.00000000 
2785.00000000 
21402.00000000 
109360.00000000 
54974.00000000 
101919.00000000 
29742.00000000 
59117.00000000 
40415.00000000 
190161.00000000 
35676.00000000 
48655.00000000 
113183.00000000 
73342.00000000 
16623.00000000 
15367.00000000 
119200.00000000 
67520.00000000 
27998.00000000 
65186.00000000 
63897.00000000 
40397.00000000 
27410.00000000 
50476.00000000 
46333.00000000 
53777.00000000 
79032.00000000 
54068.00000000 
30976.00000000 
44577.00000000 
52734.00000000 
56068.00000000 
149215.00000000 
14016.00000000 
38792.00000000 
4370.00000000 
10635.00000000 
36375.00000000 
9514.00000000 
2641.00000000 
16960.00000000 
16644.00000000 
25163.00000000 
4139.00000000 
7900.00000000 
99341.00000000 
33131.00000000 
7486.00000000 
80197.00000000 
54444.00000000 
31013.00000000 
15253.00000000 
52016.00000000 
131552.00000000 
26358.00000000 
20815.00000000 
45469.00000000 
46761.00000000 
33643.00000000 
64808.00000000 
35680.00000000 
99952.00000000 
122679.00000000 
365692.00000000 
93210.00000000 
102701.00000000 
11741.00000000 
16766.00000000 
9149.00000000 
46344.00000000 
21465.00000000 
83039.00000000 
59850.00000000 
20888.00000000 
18157.00000000 
23218.00000000 
42897.00000000 
28670.00000000 
47327.00000000 
52010.00000000 
61034.00000000 
42718.00000000 
36936.00000000 
9318.00000000 
82796.00000000 
21056.00000000 
15214.00000000 
36668.00000000 
109425.00000000 
44345.00000000 
54656.00000000 
70511.00000000 
62948.00000000 
38203.00000000 
57380.00000000 
61180.00000000 
60336.00000000 
6303.00000000 
113816.00000000 
61331.00000000 
68859.00000000 
128944.00000000 
63276.00000000 
131108.00000000 
31744.00000000 
23659.00000000 
219819.00000000 
52781.00000000 
138002.00000000 
84852.00000000 
158751.00000000 
193694.00000000 
28170.00000000 
69219.00000000 
53560.00000000 
115261.00000000 
24944.00000000 
147894.00000000 
62708.00000000 
22917.00000000 
9264.00000000 
34746.00000000 
6995.00000000 
21456.00000000 
17140.00000000 
65920.00000000 
32292.00000000 
8092.00000000 
62932.00000000 
56401.00000000 
87852.00000000 
11037.00000000 
64603.00000000 
112106.00000000 
64994.00000000 
15921.00000000 
42901.00000000 
14569.00000000 
4284.00000000 
63182.00000000 
130749.00000000 
25313.00000000 
47252.00000000 
8495.00000000 
55968.00000000 
17265.00000000 
85893.00000000 
154375.00000000 
82447.00000000 
74055.00000000 
16493.00000000 
56929.00000000 
252151.00000000 
106552.00000000 
199257.00000000 
55211.00000000 
135754.00000000 
24119.00000000 
31812.00000000 
29998.00000000 
60011.00000000 
33649.00000000 
80912.00000000 
49841.00000000 
132188.00000000 
88866.00000000 
83777.00000000 
101708.00000000 
119215.00000000 
95276.00000000 
72967.00000000 
26808.00000000 
47469.00000000 
106000.00000000 
88154.00000000 
64228.00000000 
69134.00000000 
25529.00000000 
48459.00000000 
74872.00000000 
131204.00000000 
258801.00000000 
259846.00000000 
93156.00000000 
100892.00000000 
100856.00000000 
188798.00000000 
141075.00000000 
76229.00000000 
98354.00000000 
106446.00000000 
33851.00000000 
38210.00000000 
36306.00000000 
7236.00000000 
79583.00000000 
9092.00000000 
37660.00000000 
17593.00000000 
11899.00000000 
17826.00000000 
47891.00000000 
193060.00000000 
35509.00000000 
56565.00000000 
34272.00000000 
16703.00000000 
14998.00000000 
29670.00000000 
27202.00000000 
74516.00000000 
21620.00000000 
16801.00000000 
17054.00000000 
10664.00000000 
18499.00000000 
31209.00000000 
4873.00000000 
4376.00000000 
33401.00000000 
31428.00000000 
44423.00000000 
2449.00000000 
9261.00000000 
11650.00000000 
45082.00000000 
109915.00000000 
72544.00000000 
19249.00000000 
35245.00000000 
33785.00000000 
15566.00000000 
41427.00000000 
51824.00000000 
35756.00000000 
14172.00000000 
12052.00000000 
32470.00000000 
38720.00000000 
24717.00000000 
32858.00000000 
13616.00000000 
7081.00000000 
63874.00000000 
85187.00000000 
6054.00000000 
7719.00000000 
15982.00000000 
13565.00000000 
44226.00000000 
16071.00000000 
5027.00000000 
2438.00000000 
10666.00000000 
2725.00000000 
7450.00000000 
25789.00000000 
20697.00000000 
1991.00000000 
59227.00000000 
13578.00000000 
4620.00000000 
16814.00000000 
36266.00000000 
