0.00002946 
0.00002925 
0.00002927 
0.00002911 
0.00002909 
0.00002910 
0.00002923 
0.00002927 
0.00002965 
0.00002958 
0.00002951 
0.00002949 
0.00002948 
0.00002947 
0.00002957 
0.00002949 
0.00002966 
0.00002969 
0.00002976 
0.00002981 
0.00002988 
0.00003008 
0.00002965 
0.00002955 
0.00002941 
0.00002941 
0.00002949 
0.00002950 
0.00002944 
0.00002947 
0.00002932 
0.00002929 
0.00002918 
0.00002920 
0.00002925 
0.00002909 
0.00002922 
0.00002920 
0.00002902 
0.00002907 
0.00002908 
0.00002899 
0.00002884 
0.00002877 
0.00002888 
0.00002891 
0.00002875 
0.00002887 
0.00002887 
0.00002895 
0.00002892 
0.00002887 
0.00002886 
0.00002886 
0.00002876 
0.00002876 
0.00002884 
0.00002881 
0.00002881 
0.00002866 
0.00002863 
0.00002863 
0.00002858 
0.00002845 
0.00002860 
0.00002855 
0.00002848 
0.00002850 
0.00002854 
0.00002845 
0.00002843 
0.00002835 
0.00002826 
0.00002825 
0.00002814 
0.00002823 
0.00002830 
0.00002831 
0.00002812 
0.00002816 
0.00002815 
0.00002818 
0.00002818 
0.00002799 
0.00002803 
0.00002805 
0.00002812 
0.00002827 
0.00002835 
0.00002840 
0.00002829 
0.00002836 
0.00002840 
0.00002840 
0.00002854 
0.00002853 
0.00002856 
0.00002863 
0.00002867 
0.00002879 
0.00002891 
0.00002897 
0.00002902 
0.00002899 
0.00002913 
0.00002928 
0.00002939 
0.00002939 
0.00002930 
0.00002944 
0.00002948 
0.00002940 
0.00002938 
0.00002925 
0.00002918 
0.00002913 
0.00002904 
0.00002923 
0.00002915 
0.00002928 
0.00002933 
0.00002945 
0.00002941 
0.00002940 
0.00002944 
0.00002947 
0.00002944 
0.00002928 
0.00002946 
0.00002948 
0.00002936 
0.00002930 
0.00002930 
0.00002925 
0.00002930 
0.00002931 
0.00002931 
0.00002908 
0.00002912 
0.00002912 
0.00002890 
0.00002918 
0.00002906 
0.00002940 
0.00002950 
0.00002951 
0.00002954 
0.00002956 
0.00002975 
0.00002974 
0.00002979 
0.00002953 
0.00002954 
0.00002949 
0.00002980 
0.00002951 
0.00002925 
0.00002909 
0.00002906 
0.00002887 
0.00002888 
0.00002875 
0.00002879 
0.00002880 
0.00002904 
0.00002930 
0.00002931 
0.00002971 
0.00002960 
0.00002928 
0.00002935 
0.00002928 
0.00002918 
0.00002937 
0.00002920 
0.00002895 
0.00002870 
0.00002849 
0.00002853 
0.00002850 
0.00002848 
0.00002831 
0.00002844 
0.00002841 
0.00002832 
0.00002813 
0.00002822 
0.00002822 
0.00002823 
0.00002817 
0.00002816 
0.00002808 
0.00002815 
0.00002805 
0.00002801 
0.00002803 
0.00002791 
0.00002803 
0.00002792 
0.00002799 
0.00002775 
0.00002777 
0.00002767 
0.00002789 
0.00002805 
0.00002806 
0.00002805 
0.00002813 
0.00002828 
0.00002830 
0.00002820 
0.00002805 
0.00002799 
0.00002800 
0.00002810 
0.00002809 
0.00002804 
0.00002793 
0.00002799 
0.00002821 
0.00002825 
0.00002821 
0.00002834 
0.00002830 
0.00002829 
0.00002838 
0.00002848 
0.00002854 
0.00002836 
0.00002807 
0.00002822 
0.00002805 
0.00002799 
0.00002834 
0.00002883 
0.00002880 
0.00002843 
0.00002824 
0.00002805 
0.00002830 
0.00002832 
0.00002843 
0.00002821 
0.00002820 
0.00002793 
0.00002794 
0.00002804 
0.00002743 
0.00002746 
0.00002738 
0.00002729 
0.00002719 
0.00002729 
0.00002716 
0.00002721 
0.00002720 
0.00002722 
0.00002710 
0.00002712 
0.00002710 
0.00002713 
0.00002694 
0.00002690 
0.00002687 
0.00002711 
0.00002735 
0.00002736 
0.00002740 
0.00002712 
0.00002727 
0.00002732 
0.00002703 
0.00002705 
0.00002702 
0.00002699 
0.00002700 
0.00002702 
0.00002699 
0.00002691 
0.00002722 
0.00002741 
0.00002778 
0.00002780 
0.00002791 
0.00002800 
0.00002806 
0.00002799 
0.00002789 
0.00002808 
0.00002801 
0.00002801 
0.00002795 
0.00002792 
0.00002775 
0.00002767 
0.00002787 
0.00002777 
0.00002768 
0.00002770 
0.00002775 
0.00002760 
0.00002760 
0.00002757 
0.00002765 
0.00002771 
0.00002782 
0.00002781 
0.00002768 
0.00002782 
0.00002785 
0.00002786 
0.00002802 
0.00002820 
0.00002828 
0.00002832 
0.00002813 
0.00002816 
0.00002822 
0.00002822 
0.00002814 
0.00002787 
0.00002788 
0.00002784 
0.00002775 
0.00002762 
0.00002757 
0.00002770 
0.00002723 
0.00002690 
0.00002689 
0.00002699 
0.00002697 
0.00002678 
0.00002699 
0.00002716 
0.00002706 
0.00002714 
0.00002705 
0.00002717 
0.00002715 
0.00002715 
0.00002715 
0.00002714 
0.00002698 
0.00002711 
0.00002710 
0.00002723 
0.00002711 
0.00002730 
0.00002746 
0.00002765 
0.00002762 
0.00002781 
0.00002760 
0.00002766 
0.00002753 
0.00002715 
0.00002707 
0.00002730 
0.00002735 
0.00002742 
0.00002736 
0.00002743 
0.00002731 
0.00002739 
0.00002727 
0.00002729 
0.00002720 
0.00002735 
0.00002759 
0.00002773 
0.00002796 
0.00002793 
0.00002801 
0.00002789 
0.00002797 
0.00002769 
0.00002779 
0.00002775 
0.00002768 
0.00002763 
0.00002768 
0.00002750 
0.00002775 
0.00002774 
0.00002759 
0.00002780 
0.00002770 
0.00002771 
0.00002797 
0.00002775 
0.00002748 
0.00002760 
0.00002752 
0.00002735 
0.00002731 
0.00002734 
0.00002766 
0.00002769 
0.00002793 
0.00002801 
0.00002807 
0.00002821 
0.00002853 
0.00002876 
0.00002882 
0.00002928 
0.00002922 
0.00002928 
0.00002928 
0.00002934 
0.00002954 
0.00002947 
0.00002940 
0.00002947 
0.00002934 
0.00002933 
0.00002947 
0.00002944 
0.00002936 
0.00002942 
0.00002930 
0.00002934 
0.00002934 
0.00002928 
0.00002933 
0.00002932 
0.00002941 
0.00002936 
0.00002913 
0.00002920 
0.00002898 
0.00002886 
0.00002893 
0.00002883 
0.00002883 
0.00002897 
0.00002892 
0.00002883 
0.00002883 
0.00002863 
0.00002866 
0.00002869 
0.00002895 
0.00002891 
0.00002910 
0.00002890 
0.00002892 
0.00002892 
0.00002884 
0.00002891 
0.00002894 
0.00002882 
0.00002913 
0.00002900 
0.00002949 
0.00002943 
0.00002941 
0.00002934 
0.00002959 
0.00002963 
0.00002967 
0.00002948 
0.00002945 
0.00002945 
0.00002982 
0.00002988 
0.00002988 
0.00002992 
0.00002981 
0.00002996 
0.00002995 
0.00003010 
0.00003006 
0.00003015 
0.00003020 
0.00003021 
0.00003028 
0.00003024 
0.00003015 
0.00002946 
0.00002925 
0.00002927 
0.00002911 
0.00002909 
0.00002910 
0.00002923 
0.00002927 
0.00002965 
0.00002958 
0.00002951 
0.00002949 
0.00002948 
0.00002947 
0.00002957 
0.00002949 
0.00002966 
0.00002969 
0.00002976 
0.00002981 
0.00002988 
0.00003008 
0.00002965 
0.00002955 
0.00002941 
0.00002941 
0.00002949 
0.00002950 
0.00002944 
0.00002947 
0.00002932 
0.00002929 
0.00002918 
0.00002920 
0.00002925 
0.00002909 
0.00002922 
0.00002920 
0.00002902 
0.00002907 
0.00002908 
0.00002899 
0.00002884 
0.00002877 
0.00002888 
0.00002891 
0.00002875 
0.00002887 
0.00002887 
0.00002895 
0.00002892 
0.00002887 
0.00002886 
0.00002886 
0.00002876 
0.00002876 
0.00002884 
0.00002881 
0.00002881 
0.00002866 
0.00002863 
0.00002863 
0.00002858 
0.00002845 
0.00002860 
0.00002855 
0.00002848 
0.00002850 
0.00002854 
0.00002845 
0.00002843 
0.00002835 
0.00002826 
0.00002825 
0.00002814 
0.00002823 
0.00002830 
0.00002831 
0.00002812 
0.00002816 
0.00002815 
0.00002818 
0.00002818 
0.00002799 
0.00002803 
0.00002805 
0.00002812 
0.00002827 
0.00002835 
0.00002840 
0.00002829 
0.00002836 
0.00002840 
0.00002840 
0.00002854 
0.00002853 
0.00002856 
0.00002863 
0.00002867 
0.00002879 
0.00002891 
0.00002897 
0.00002902 
0.00002899 
0.00002913 
0.00002928 
0.00002939 
0.00002939 
0.00002930 
0.00002944 
0.00002948 
0.00002940 
0.00002938 
0.00002925 
0.00002918 
0.00002913 
0.00002904 
0.00002923 
0.00002915 
0.00002928 
0.00002933 
0.00002945 
0.00002941 
0.00002940 
0.00002944 
0.00002947 
0.00002944 
0.00002928 
0.00002946 
0.00002948 
0.00002936 
0.00002930 
0.00002930 
0.00002925 
0.00002930 
0.00002931 
0.00002931 
0.00002908 
0.00002912 
0.00002912 
0.00002890 
0.00002918 
0.00002906 
0.00002940 
0.00002950 
0.00002951 
0.00002954 
0.00002956 
0.00002975 
0.00002974 
0.00002979 
0.00002953 
0.00002954 
0.00002949 
0.00002980 
0.00002951 
0.00002925 
0.00002909 
0.00002906 
0.00002887 
0.00002888 
0.00002875 
0.00002879 
0.00002880 
0.00002904 
0.00002930 
0.00002931 
0.00002971 
0.00002960 
0.00002928 
0.00002935 
0.00002928 
0.00002918 
0.00002937 
0.00002920 
0.00002895 
0.00002870 
0.00002849 
0.00002853 
0.00002850 
0.00002848 
0.00002831 
0.00002844 
0.00002841 
0.00002832 
0.00002813 
0.00002822 
0.00002822 
0.00002823 
0.00002817 
0.00002816 
0.00002808 
0.00002815 
0.00002805 
0.00002801 
0.00002803 
0.00002791 
0.00002803 
0.00002792 
0.00002799 
0.00002775 
0.00002777 
0.00002767 
0.00002789 
0.00002805 
0.00002806 
0.00002805 
0.00002813 
0.00002828 
0.00002830 
0.00002820 
0.00002805 
0.00002799 
0.00002800 
0.00002810 
0.00002809 
0.00002804 
0.00002793 
0.00002799 
0.00002821 
0.00002825 
0.00002821 
0.00002834 
0.00002830 
0.00002829 
0.00002838 
0.00002848 
0.00002854 
0.00002836 
0.00002807 
0.00002822 
0.00002805 
0.00002799 
0.00002834 
0.00002883 
0.00002880 
0.00002843 
0.00002824 
0.00002805 
0.00002830 
0.00002832 
0.00002843 
0.00002821 
0.00002820 
0.00002793 
0.00002794 
0.00002804 
0.00002743 
0.00002746 
0.00002738 
0.00002729 
0.00002719 
0.00002729 
0.00002716 
0.00002721 
0.00002720 
0.00002722 
0.00002710 
0.00002712 
0.00002710 
0.00002713 
0.00002694 
0.00002690 
0.00002687 
0.00002711 
0.00002735 
0.00002736 
0.00002740 
0.00002712 
0.00002727 
0.00002732 
0.00002703 
0.00002705 
0.00002702 
0.00002699 
0.00002700 
0.00002702 
0.00002699 
0.00002691 
0.00002722 
0.00002741 
0.00002778 
0.00002780 
0.00002791 
0.00002800 
0.00002806 
0.00002799 
0.00002789 
0.00002808 
0.00002801 
0.00002801 
0.00002795 
0.00002792 
0.00002775 
0.00002767 
0.00002787 
0.00002777 
0.00002768 
0.00002770 
0.00002775 
0.00002760 
0.00002760 
0.00002757 
0.00002765 
0.00002771 
0.00002782 
0.00002781 
0.00002768 
0.00002782 
0.00002785 
0.00002786 
0.00002802 
0.00002820 
0.00002828 
0.00002832 
0.00002813 
0.00002816 
0.00002822 
0.00002822 
0.00002814 
0.00002787 
0.00002788 
0.00002784 
0.00002775 
0.00002762 
0.00002757 
0.00002770 
0.00002723 
0.00002690 
0.00002689 
0.00002699 
0.00002697 
0.00002678 
0.00002699 
0.00002716 
0.00002706 
0.00002714 
0.00002705 
0.00002717 
0.00002715 
0.00002715 
0.00002715 
0.00002714 
0.00002698 
0.00002711 
0.00002710 
0.00002723 
0.00002711 
0.00002730 
0.00002746 
0.00002765 
0.00002762 
0.00002781 
0.00002760 
0.00002766 
0.00002753 
0.00002715 
0.00002707 
0.00002730 
0.00002735 
0.00002742 
0.00002736 
0.00002743 
0.00002731 
0.00002739 
0.00002727 
0.00002729 
0.00002720 
0.00002735 
0.00002759 
0.00002773 
0.00002796 
0.00002793 
0.00002801 
0.00002789 
0.00002797 
0.00002769 
0.00002779 
0.00002775 
0.00002768 
0.00002763 
0.00002768 
0.00002750 
0.00002775 
0.00002774 
0.00002759 
0.00002780 
0.00002770 
0.00002771 
0.00002797 
0.00002775 
0.00002748 
0.00002760 
0.00002752 
0.00002735 
0.00002731 
0.00002734 
0.00002766 
0.00002769 
0.00002793 
0.00002801 
0.00002807 
0.00002821 
0.00002853 
0.00002876 
0.00002882 
0.00002928 
0.00002922 
0.00002928 
0.00002928 
0.00002934 
0.00002954 
0.00002947 
0.00002940 
0.00002947 
0.00002934 
0.00002933 
0.00002947 
0.00002944 
0.00002936 
0.00002942 
0.00002930 
0.00002934 
0.00002934 
0.00002928 
0.00002933 
0.00002932 
0.00002941 
0.00002936 
0.00002913 
0.00002920 
0.00002898 
0.00002886 
0.00002893 
0.00002883 
0.00002883 
0.00002897 
0.00002892 
0.00002883 
0.00002883 
0.00002863 
0.00002866 
0.00002869 
0.00002895 
0.00002891 
0.00002910 
0.00002890 
0.00002892 
0.00002892 
0.00002884 
0.00002891 
0.00002894 
0.00002882 
0.00002913 
0.00002900 
0.00002949 
0.00002943 
0.00002941 
0.00002934 
0.00002959 
0.00002963 
0.00002967 
0.00002948 
0.00002945 
0.00002945 
0.00002982 
0.00002988 
0.00002988 
0.00002992 
0.00002981 
0.00002996 
0.00002995 
0.00003010 
0.00003006 
0.00003015 
0.00003020 
0.00003021 
0.00003028 
0.00003024 
0.00003015 
0.00002946 
0.00002925 
0.00002927 
0.00002911 
0.00002909 
0.00002910 
0.00002923 
0.00002927 
0.00002965 
0.00002958 
0.00002951 
0.00002949 
0.00002948 
0.00002947 
0.00002957 
0.00002949 
0.00002966 
0.00002969 
0.00002976 
0.00002981 
0.00002988 
0.00003008 
0.00002965 
0.00002955 
0.00002941 
0.00002941 
0.00002949 
0.00002950 
0.00002944 
0.00002947 
0.00002932 
0.00002929 
0.00002918 
0.00002920 
0.00002925 
0.00002909 
0.00002922 
0.00002920 
0.00002902 
0.00002907 
0.00002908 
0.00002899 
0.00002884 
0.00002877 
0.00002888 
0.00002891 
0.00002875 
0.00002887 
0.00002887 
0.00002895 
0.00002892 
0.00002887 
0.00002886 
0.00002886 
0.00002876 
0.00002876 
0.00002884 
0.00002881 
0.00002881 
0.00002866 
0.00002863 
0.00002863 
0.00002858 
0.00002845 
0.00002860 
0.00002855 
0.00002848 
0.00002850 
0.00002854 
0.00002845 
0.00002843 
0.00002835 
0.00002826 
0.00002825 
0.00002814 
0.00002823 
0.00002830 
0.00002831 
0.00002812 
0.00002816 
0.00002815 
0.00002818 
0.00002818 
0.00002799 
0.00002803 
0.00002805 
0.00002812 
0.00002827 
0.00002835 
0.00002840 
0.00002829 
0.00002836 
0.00002840 
0.00002840 
0.00002854 
0.00002853 
0.00002856 
0.00002863 
0.00002867 
0.00002879 
0.00002891 
0.00002897 
0.00002902 
0.00002899 
0.00002913 
0.00002928 
0.00002939 
0.00002939 
0.00002930 
0.00002944 
0.00002948 
0.00002940 
0.00002938 
0.00002925 
0.00002918 
0.00002913 
0.00002904 
0.00002923 
0.00002915 
0.00002928 
0.00002933 
0.00002945 
0.00002941 
0.00002940 
0.00002944 
0.00002947 
0.00002944 
0.00002928 
0.00002946 
0.00002948 
0.00002936 
0.00002930 
0.00002930 
0.00002925 
0.00002930 
0.00002931 
0.00002931 
0.00002908 
0.00002912 
0.00002912 
0.00002890 
0.00002918 
0.00002906 
0.00002940 
0.00002950 
0.00002951 
0.00002954 
0.00002956 
0.00002975 
0.00002974 
0.00002979 
0.00002953 
0.00002954 
0.00002949 
0.00002980 
0.00002951 
0.00002925 
0.00002909 
0.00002906 
0.00002887 
0.00002888 
0.00002875 
0.00002879 
0.00002880 
0.00002904 
0.00002930 
0.00002931 
0.00002971 
0.00002960 
0.00002928 
0.00002935 
0.00002928 
0.00002918 
0.00002937 
0.00002920 
0.00002895 
0.00002870 
0.00002849 
0.00002853 
0.00002850 
0.00002848 
0.00002831 
0.00002844 
0.00002841 
0.00002832 
0.00002813 
0.00002822 
0.00002822 
0.00002823 
0.00002817 
0.00002816 
0.00002808 
0.00002815 
0.00002805 
0.00002801 
0.00002803 
0.00002791 
0.00002803 
0.00002792 
0.00002799 
0.00002775 
0.00002777 
0.00002767 
0.00002789 
0.00002805 
0.00002806 
0.00002805 
0.00002813 
0.00002828 
0.00002830 
0.00002820 
0.00002805 
0.00002799 
0.00002800 
0.00002810 
0.00002809 
0.00002804 
0.00002793 
0.00002799 
0.00002821 
0.00002825 
0.00002821 
0.00002834 
0.00002830 
0.00002829 
0.00002838 
0.00002848 
0.00002854 
0.00002836 
0.00002807 
0.00002822 
0.00002805 
0.00002799 
0.00002834 
0.00002883 
0.00002880 
0.00002843 
0.00002824 
0.00002805 
0.00002830 
0.00002832 
0.00002843 
0.00002821 
0.00002820 
0.00002793 
0.00002794 
0.00002804 
0.00002743 
0.00002746 
0.00002738 
0.00002729 
0.00002719 
0.00002729 
0.00002716 
0.00002721 
0.00002720 
0.00002722 
0.00002710 
0.00002712 
0.00002710 
0.00002713 
0.00002694 
0.00002690 
0.00002687 
0.00002711 
0.00002735 
0.00002736 
0.00002740 
0.00002712 
0.00002727 
0.00002732 
0.00002703 
0.00002705 
0.00002702 
0.00002699 
0.00002700 
0.00002702 
0.00002699 
0.00002691 
0.00002722 
0.00002741 
0.00002778 
0.00002780 
0.00002791 
0.00002800 
0.00002806 
0.00002799 
0.00002789 
0.00002808 
0.00002801 
0.00002801 
0.00002795 
0.00002792 
0.00002775 
0.00002767 
0.00002787 
0.00002777 
0.00002768 
0.00002770 
0.00002775 
0.00002760 
0.00002760 
0.00002757 
0.00002765 
0.00002771 
0.00002782 
0.00002781 
0.00002768 
0.00002782 
0.00002785 
0.00002786 
0.00002802 
0.00002820 
0.00002828 
0.00002832 
0.00002813 
0.00002816 
0.00002822 
0.00002822 
0.00002814 
0.00002787 
0.00002788 
0.00002784 
0.00002775 
0.00002762 
0.00002757 
0.00002770 
0.00002723 
0.00002690 
0.00002689 
0.00002699 
0.00002697 
0.00002678 
0.00002699 
0.00002716 
0.00002706 
0.00002714 
0.00002705 
0.00002717 
0.00002715 
0.00002715 
0.00002715 
0.00002714 
0.00002698 
0.00002711 
0.00002710 
0.00002723 
0.00002711 
0.00002730 
0.00002746 
0.00002765 
0.00002762 
0.00002781 
0.00002760 
0.00002766 
0.00002753 
0.00002715 
0.00002707 
0.00002730 
0.00002735 
0.00002742 
0.00002736 
0.00002743 
0.00002731 
0.00002739 
0.00002727 
0.00002729 
0.00002720 
0.00002735 
0.00002759 
0.00002773 
0.00002796 
0.00002793 
0.00002801 
0.00002789 
0.00002797 
0.00002769 
0.00002779 
0.00002775 
0.00002768 
0.00002763 
0.00002768 
0.00002750 
0.00002775 
0.00002774 
0.00002759 
0.00002780 
0.00002770 
0.00002771 
0.00002797 
0.00002775 
0.00002748 
0.00002760 
0.00002752 
0.00002735 
0.00002731 
0.00002734 
0.00002766 
0.00002769 
0.00002793 
0.00002801 
0.00002807 
0.00002821 
0.00002853 
0.00002876 
0.00002882 
0.00002928 
0.00002922 
0.00002928 
0.00002928 
0.00002934 
0.00002954 
0.00002947 
0.00002940 
0.00002947 
0.00002934 
0.00002933 
0.00002947 
0.00002944 
0.00002936 
0.00002942 
0.00002930 
0.00002934 
0.00002934 
0.00002928 
0.00002933 
0.00002932 
0.00002941 
0.00002936 
0.00002913 
0.00002920 
0.00002898 
0.00002886 
0.00002893 
0.00002883 
0.00002883 
0.00002897 
0.00002892 
0.00002883 
0.00002883 
0.00002863 
0.00002866 
0.00002869 
0.00002895 
0.00002891 
0.00002910 
0.00002890 
0.00002892 
0.00002892 
0.00002884 
0.00002891 
0.00002894 
0.00002882 
0.00002913 
0.00002900 
0.00002949 
0.00002943 
0.00002941 
0.00002934 
0.00002959 
0.00002963 
0.00002967 
0.00002948 
0.00002945 
0.00002945 
0.00002982 
0.00002988 
0.00002988 
0.00002992 
0.00002981 
0.00002996 
0.00002995 
0.00003010 
0.00003006 
0.00003015 
0.00003020 
0.00003021 
0.00003028 
0.00003024 
0.00003015 
