656.00000000 
3313.00000000 
15709.00000000 
1411.00000000 
24474.00000000 
5070.00000000 
25334.00000000 
5786.00000000 
4072.00000000 
0.00000000 
19467.00000000 
39138.00000000 
3635.00000000 
65671.00000000 
134007.00000000 
83047.00000000 
164937.00000000 
13013.00000000 
72117.00000000 
61782.00000000 
34334.00000000 
3647.00000000 
15305.00000000 
34292.00000000 
5708.00000000 
13466.00000000 
6760.00000000 
38645.00000000 
5330.00000000 
7095.00000000 
1023.00000000 
2848.00000000 
1266.00000000 
3723.00000000 
14370.00000000 
5915.00000000 
5229.00000000 
2730.00000000 
20545.00000000 
11788.00000000 
2560.00000000 
4503.00000000 
1862.00000000 
9407.00000000 
4.00000000 
31.00000000 
3034.00000000 
425.00000000 
2711.00000000 
30185.00000000 
0.00000000 
2160.00000000 
1975.00000000 
5826.00000000 
36501.00000000 
25400.00000000 
36927.00000000 
41426.00000000 
35490.00000000 
170.00000000 
10000.00000000 
37711.00000000 
23259.00000000 
2813.00000000 
4565.00000000 
1765.00000000 
1012.00000000 
1368.00000000 
313.00000000 
4219.00000000 
2718.00000000 
1203.00000000 
580.00000000 
6942.00000000 
1395.00000000 
383.00000000 
39477.00000000 
4764.00000000 
31995.00000000 
15678.00000000 
17571.00000000 
2227.00000000 
3241.00000000 
10.00000000 
29415.00000000 
5665.00000000 
42653.00000000 
25012.00000000 
3515.00000000 
2710.00000000 
6401.00000000 
23591.00000000 
14482.00000000 
4916.00000000 
18840.00000000 
23450.00000000 
44149.00000000 
46717.00000000 
12720.00000000 
23015.00000000 
40302.00000000 
11500.00000000 
190961.00000000 
21640.00000000 
36869.00000000 
318.00000000 
60062.00000000 
16699.00000000 
10211.00000000 
29697.00000000 
55209.00000000 
11034.00000000 
41088.00000000 
64577.00000000 
21286.00000000 
3230.00000000 
2611.00000000 
656.00000000 
28519.00000000 
39805.00000000 
50257.00000000 
9334.00000000 
7693.00000000 
33072.00000000 
37556.00000000 
125717.00000000 
33783.00000000 
35984.00000000 
40331.00000000 
48910.00000000 
877.00000000 
1868.00000000 
40606.00000000 
5269.00000000 
27366.00000000 
34459.00000000 
16517.00000000 
127.00000000 
12435.00000000 
2519.00000000 
4627.00000000 
4209.00000000 
17494.00000000 
3135.00000000 
11986.00000000 
24785.00000000 
8572.00000000 
107.00000000 
13454.00000000 
19420.00000000 
12999.00000000 
48731.00000000 
16454.00000000 
49448.00000000 
95376.00000000 
153972.00000000 
35304.00000000 
68303.00000000 
26413.00000000 
17071.00000000 
218662.00000000 
5145.00000000 
6835.00000000 
508.00000000 
2749.00000000 
50515.00000000 
140657.00000000 
20201.00000000 
158842.00000000 
10916.00000000 
63002.00000000 
11519.00000000 
0.00000000 
716.00000000 
7537.00000000 
8056.00000000 
3116.00000000 
13041.00000000 
20027.00000000 
7176.00000000 
18128.00000000 
21222.00000000 
204.00000000 
5196.00000000 
34144.00000000 
286.00000000 
11639.00000000 
0.00000000 
18474.00000000 
0.00000000 
1118.00000000 
1243.00000000 
0.00000000 
3987.00000000 
17448.00000000 
7887.00000000 
2091.00000000 
0.00000000 
0.00000000 
0.00000000 
1798.00000000 
7865.00000000 
9608.00000000 
4548.00000000 
20238.00000000 
109373.00000000 
1998.00000000 
0.00000000 
1226.00000000 
249.00000000 
0.00000000 
180.00000000 
333.00000000 
1782.00000000 
1053.00000000 
6212.00000000 
2403.00000000 
122909.00000000 
4657.00000000 
0.00000000 
4558.00000000 
623.00000000 
14313.00000000 
2212.00000000 
18157.00000000 
8646.00000000 
5850.00000000 
18210.00000000 
61497.00000000 
26990.00000000 
7206.00000000 
10224.00000000 
0.00000000 
18347.00000000 
3403.00000000 
16101.00000000 
97687.00000000 
1157.00000000 
87.00000000 
3500.00000000 
28955.00000000 
300.00000000 
5464.00000000 
483.00000000 
3139.00000000 
8674.00000000 
6144.00000000 
11259.00000000 
5421.00000000 
1584.00000000 
0.00000000 
514.00000000 
15.00000000 
17337.00000000 
777.00000000 
19048.00000000 
4898.00000000 
10.00000000 
0.00000000 
0.00000000 
0.00000000 
185.00000000 
27196.00000000 
2967.00000000 
2040.00000000 
11013.00000000 
6782.00000000 
2121.00000000 
450.00000000 
0.00000000 
41181.00000000 
32548.00000000 
200.00000000 
1771.00000000 
9251.00000000 
552.00000000 
3868.00000000 
1370.00000000 
4605.00000000 
3666.00000000 
519.00000000 
17963.00000000 
8155.00000000 
5503.00000000 
62172.00000000 
4140.00000000 
290.00000000 
4042.00000000 
9140.00000000 
20344.00000000 
35656.00000000 
12728.00000000 
0.00000000 
0.00000000 
2614.00000000 
2000.00000000 
19499.00000000 
3771.00000000 
4618.00000000 
19387.00000000 
784.00000000 
0.00000000 
10981.00000000 
6762.00000000 
1129.00000000 
0.00000000 
49248.00000000 
241.00000000 
2.00000000 
9006.00000000 
5161.00000000 
0.00000000 
10501.00000000 
1000.00000000 
27540.00000000 
53302.00000000 
69665.00000000 
83247.00000000 
304964.00000000 
47775.00000000 
6298.00000000 
8220.00000000 
59175.00000000 
39456.00000000 
112973.00000000 
9438.00000000 
56403.00000000 
49431.00000000 
43681.00000000 
4860.00000000 
0.00000000 
6723.00000000 
60245.00000000 
50507.00000000 
5439.00000000 
5385.00000000 
1842.00000000 
35702.00000000 
23611.00000000 
1125.00000000 
7349.00000000 
38483.00000000 
3200.00000000 
3237.00000000 
0.00000000 
2987.00000000 
6000.00000000 
0.00000000 
14978.00000000 
204.00000000 
41103.00000000 
311.00000000 
0.00000000 
21581.00000000 
21608.00000000 
3316.00000000 
144444.00000000 
24525.00000000 
14829.00000000 
14744.00000000 
62762.00000000 
0.00000000 
7444.00000000 
8928.00000000 
15864.00000000 
2565.00000000 
8303.00000000 
0.00000000 
39737.00000000 
15285.00000000 
8309.00000000 
17459.00000000 
3859.00000000 
32811.00000000 
2345.00000000 
10000.00000000 
22486.00000000 
8718.00000000 
20858.00000000 
53288.00000000 
24178.00000000 
49755.00000000 
2185.00000000 
29824.00000000 
2317.00000000 
8924.00000000 
3572.00000000 
8377.00000000 
6256.00000000 
6563.00000000 
26657.00000000 
179847.00000000 
19207.00000000 
3081.00000000 
8719.00000000 
39772.00000000 
3631.00000000 
10193.00000000 
24564.00000000 
23914.00000000 
17785.00000000 
1904.00000000 
20354.00000000 
3635.00000000 
17687.00000000 
5678.00000000 
9056.00000000 
5009.00000000 
15396.00000000 
12016.00000000 
65172.00000000 
0.00000000 
8296.00000000 
17880.00000000 
71596.00000000 
411.00000000 
7951.00000000 
26007.00000000 
681.00000000 
1157.00000000 
555.00000000 
7070.00000000 
11067.00000000 
15686.00000000 
74525.00000000 
6501.00000000 
563.00000000 
1140.00000000 
0.00000000 
2502.00000000 
263.00000000 
98153.00000000 
691.00000000 
176216.00000000 
5302.00000000 
448.00000000 
2197.00000000 
574.00000000 
1148.00000000 
37632.00000000 
5163.00000000 
2001.00000000 
5000.00000000 
382.00000000 
476.00000000 
10236.00000000 
6804.00000000 
13476.00000000 
0.00000000 
3459.00000000 
569.00000000 
8659.00000000 
164.00000000 
21617.00000000 
0.00000000 
5977.00000000 
10559.00000000 
1510.00000000 
15891.00000000 
1926.00000000 
6915.00000000 
14341.00000000 
3317.00000000 
0.00000000 
14988.00000000 
0.00000000 
0.00000000 
1850.00000000 
0.00000000 
340.00000000 
135.00000000 
1693.00000000 
0.00000000 
135886.00000000 
31686.00000000 
211.00000000 
1597.00000000 
4305.00000000 
10931.00000000 
4306.00000000 
656.00000000 
3313.00000000 
15709.00000000 
1411.00000000 
24474.00000000 
5070.00000000 
25334.00000000 
5786.00000000 
4072.00000000 
0.00000000 
19467.00000000 
39138.00000000 
3635.00000000 
65671.00000000 
134007.00000000 
83047.00000000 
164937.00000000 
13013.00000000 
72117.00000000 
61782.00000000 
34334.00000000 
3647.00000000 
15305.00000000 
34292.00000000 
5708.00000000 
13466.00000000 
6760.00000000 
38645.00000000 
5330.00000000 
7095.00000000 
1023.00000000 
2848.00000000 
1266.00000000 
3723.00000000 
14370.00000000 
5915.00000000 
5229.00000000 
2730.00000000 
20545.00000000 
11788.00000000 
2560.00000000 
4503.00000000 
1862.00000000 
9407.00000000 
4.00000000 
31.00000000 
3034.00000000 
425.00000000 
2711.00000000 
30185.00000000 
0.00000000 
2160.00000000 
1975.00000000 
5826.00000000 
36501.00000000 
25400.00000000 
36927.00000000 
41426.00000000 
35490.00000000 
170.00000000 
10000.00000000 
37711.00000000 
23259.00000000 
2813.00000000 
4565.00000000 
1765.00000000 
1012.00000000 
1368.00000000 
313.00000000 
4219.00000000 
2718.00000000 
1203.00000000 
580.00000000 
6942.00000000 
1395.00000000 
383.00000000 
39477.00000000 
4764.00000000 
31995.00000000 
15678.00000000 
17571.00000000 
2227.00000000 
3241.00000000 
10.00000000 
29415.00000000 
5665.00000000 
42653.00000000 
25012.00000000 
3515.00000000 
2710.00000000 
6401.00000000 
23591.00000000 
14482.00000000 
4916.00000000 
18840.00000000 
23450.00000000 
44149.00000000 
46717.00000000 
12720.00000000 
23015.00000000 
40302.00000000 
11500.00000000 
190961.00000000 
21640.00000000 
36869.00000000 
318.00000000 
60062.00000000 
16699.00000000 
10211.00000000 
29697.00000000 
55209.00000000 
11034.00000000 
41088.00000000 
64577.00000000 
21286.00000000 
3230.00000000 
2611.00000000 
656.00000000 
28519.00000000 
39805.00000000 
50257.00000000 
9334.00000000 
7693.00000000 
33072.00000000 
37556.00000000 
125717.00000000 
33783.00000000 
35984.00000000 
40331.00000000 
48910.00000000 
877.00000000 
1868.00000000 
40606.00000000 
5269.00000000 
27366.00000000 
34459.00000000 
16517.00000000 
127.00000000 
12435.00000000 
2519.00000000 
4627.00000000 
4209.00000000 
17494.00000000 
3135.00000000 
11986.00000000 
24785.00000000 
8572.00000000 
107.00000000 
13454.00000000 
19420.00000000 
12999.00000000 
48731.00000000 
16454.00000000 
49448.00000000 
95376.00000000 
153972.00000000 
35304.00000000 
68303.00000000 
26413.00000000 
17071.00000000 
218662.00000000 
5145.00000000 
6835.00000000 
508.00000000 
2749.00000000 
50515.00000000 
140657.00000000 
20201.00000000 
158842.00000000 
10916.00000000 
63002.00000000 
11519.00000000 
0.00000000 
716.00000000 
7537.00000000 
8056.00000000 
3116.00000000 
13041.00000000 
20027.00000000 
7176.00000000 
18128.00000000 
21222.00000000 
204.00000000 
5196.00000000 
34144.00000000 
286.00000000 
11639.00000000 
0.00000000 
18474.00000000 
0.00000000 
1118.00000000 
1243.00000000 
0.00000000 
3987.00000000 
17448.00000000 
7887.00000000 
2091.00000000 
0.00000000 
0.00000000 
0.00000000 
1798.00000000 
7865.00000000 
9608.00000000 
4548.00000000 
20238.00000000 
109373.00000000 
1998.00000000 
0.00000000 
1226.00000000 
249.00000000 
0.00000000 
180.00000000 
333.00000000 
1782.00000000 
1053.00000000 
6212.00000000 
2403.00000000 
122909.00000000 
4657.00000000 
0.00000000 
4558.00000000 
623.00000000 
14313.00000000 
2212.00000000 
18157.00000000 
8646.00000000 
5850.00000000 
18210.00000000 
61497.00000000 
26990.00000000 
7206.00000000 
10224.00000000 
0.00000000 
18347.00000000 
3403.00000000 
16101.00000000 
97687.00000000 
1157.00000000 
87.00000000 
3500.00000000 
28955.00000000 
300.00000000 
5464.00000000 
483.00000000 
3139.00000000 
8674.00000000 
6144.00000000 
11259.00000000 
5421.00000000 
1584.00000000 
0.00000000 
514.00000000 
15.00000000 
17337.00000000 
777.00000000 
19048.00000000 
4898.00000000 
10.00000000 
0.00000000 
0.00000000 
0.00000000 
185.00000000 
27196.00000000 
2967.00000000 
2040.00000000 
11013.00000000 
6782.00000000 
2121.00000000 
450.00000000 
0.00000000 
41181.00000000 
32548.00000000 
200.00000000 
1771.00000000 
9251.00000000 
552.00000000 
3868.00000000 
1370.00000000 
4605.00000000 
3666.00000000 
519.00000000 
17963.00000000 
8155.00000000 
5503.00000000 
62172.00000000 
4140.00000000 
290.00000000 
4042.00000000 
9140.00000000 
20344.00000000 
35656.00000000 
12728.00000000 
0.00000000 
0.00000000 
2614.00000000 
2000.00000000 
19499.00000000 
3771.00000000 
4618.00000000 
19387.00000000 
784.00000000 
0.00000000 
10981.00000000 
6762.00000000 
1129.00000000 
0.00000000 
49248.00000000 
241.00000000 
2.00000000 
9006.00000000 
5161.00000000 
0.00000000 
10501.00000000 
1000.00000000 
27540.00000000 
53302.00000000 
69665.00000000 
83247.00000000 
304964.00000000 
47775.00000000 
6298.00000000 
8220.00000000 
59175.00000000 
39456.00000000 
112973.00000000 
9438.00000000 
56403.00000000 
49431.00000000 
43681.00000000 
4860.00000000 
0.00000000 
6723.00000000 
60245.00000000 
50507.00000000 
5439.00000000 
5385.00000000 
1842.00000000 
35702.00000000 
23611.00000000 
1125.00000000 
7349.00000000 
38483.00000000 
3200.00000000 
3237.00000000 
0.00000000 
2987.00000000 
6000.00000000 
0.00000000 
14978.00000000 
204.00000000 
41103.00000000 
311.00000000 
0.00000000 
21581.00000000 
21608.00000000 
3316.00000000 
144444.00000000 
24525.00000000 
14829.00000000 
14744.00000000 
62762.00000000 
0.00000000 
7444.00000000 
8928.00000000 
15864.00000000 
2565.00000000 
8303.00000000 
0.00000000 
39737.00000000 
15285.00000000 
8309.00000000 
17459.00000000 
3859.00000000 
32811.00000000 
2345.00000000 
10000.00000000 
22486.00000000 
8718.00000000 
20858.00000000 
53288.00000000 
24178.00000000 
49755.00000000 
2185.00000000 
29824.00000000 
2317.00000000 
8924.00000000 
3572.00000000 
8377.00000000 
6256.00000000 
6563.00000000 
26657.00000000 
179847.00000000 
19207.00000000 
3081.00000000 
8719.00000000 
39772.00000000 
3631.00000000 
10193.00000000 
24564.00000000 
23914.00000000 
17785.00000000 
1904.00000000 
20354.00000000 
3635.00000000 
17687.00000000 
5678.00000000 
9056.00000000 
5009.00000000 
15396.00000000 
12016.00000000 
65172.00000000 
0.00000000 
8296.00000000 
17880.00000000 
71596.00000000 
411.00000000 
7951.00000000 
26007.00000000 
681.00000000 
1157.00000000 
555.00000000 
7070.00000000 
11067.00000000 
15686.00000000 
74525.00000000 
6501.00000000 
563.00000000 
1140.00000000 
0.00000000 
2502.00000000 
263.00000000 
98153.00000000 
691.00000000 
176216.00000000 
5302.00000000 
448.00000000 
2197.00000000 
574.00000000 
1148.00000000 
37632.00000000 
5163.00000000 
2001.00000000 
5000.00000000 
382.00000000 
476.00000000 
10236.00000000 
6804.00000000 
13476.00000000 
0.00000000 
3459.00000000 
569.00000000 
8659.00000000 
164.00000000 
21617.00000000 
0.00000000 
5977.00000000 
10559.00000000 
1510.00000000 
15891.00000000 
1926.00000000 
6915.00000000 
14341.00000000 
3317.00000000 
0.00000000 
14988.00000000 
0.00000000 
0.00000000 
1850.00000000 
0.00000000 
340.00000000 
135.00000000 
1693.00000000 
0.00000000 
135886.00000000 
31686.00000000 
211.00000000 
1597.00000000 
4305.00000000 
10931.00000000 
4306.00000000 
656.00000000 
3313.00000000 
15709.00000000 
1411.00000000 
24474.00000000 
5070.00000000 
25334.00000000 
5786.00000000 
4072.00000000 
0.00000000 
19467.00000000 
39138.00000000 
3635.00000000 
65671.00000000 
134007.00000000 
83047.00000000 
164937.00000000 
13013.00000000 
72117.00000000 
61782.00000000 
34334.00000000 
3647.00000000 
15305.00000000 
34292.00000000 
5708.00000000 
13466.00000000 
6760.00000000 
38645.00000000 
5330.00000000 
7095.00000000 
1023.00000000 
2848.00000000 
1266.00000000 
3723.00000000 
14370.00000000 
5915.00000000 
5229.00000000 
2730.00000000 
20545.00000000 
11788.00000000 
2560.00000000 
4503.00000000 
1862.00000000 
9407.00000000 
4.00000000 
31.00000000 
3034.00000000 
425.00000000 
2711.00000000 
30185.00000000 
0.00000000 
2160.00000000 
1975.00000000 
5826.00000000 
36501.00000000 
25400.00000000 
36927.00000000 
41426.00000000 
35490.00000000 
170.00000000 
10000.00000000 
37711.00000000 
23259.00000000 
2813.00000000 
4565.00000000 
1765.00000000 
1012.00000000 
1368.00000000 
313.00000000 
4219.00000000 
2718.00000000 
1203.00000000 
580.00000000 
6942.00000000 
1395.00000000 
383.00000000 
39477.00000000 
4764.00000000 
31995.00000000 
15678.00000000 
17571.00000000 
2227.00000000 
3241.00000000 
10.00000000 
29415.00000000 
5665.00000000 
42653.00000000 
25012.00000000 
3515.00000000 
2710.00000000 
6401.00000000 
23591.00000000 
14482.00000000 
4916.00000000 
18840.00000000 
23450.00000000 
44149.00000000 
46717.00000000 
12720.00000000 
23015.00000000 
40302.00000000 
11500.00000000 
190961.00000000 
21640.00000000 
36869.00000000 
318.00000000 
60062.00000000 
16699.00000000 
10211.00000000 
29697.00000000 
55209.00000000 
11034.00000000 
41088.00000000 
64577.00000000 
21286.00000000 
3230.00000000 
2611.00000000 
656.00000000 
28519.00000000 
39805.00000000 
50257.00000000 
9334.00000000 
7693.00000000 
33072.00000000 
37556.00000000 
125717.00000000 
33783.00000000 
35984.00000000 
40331.00000000 
48910.00000000 
877.00000000 
1868.00000000 
40606.00000000 
5269.00000000 
27366.00000000 
34459.00000000 
16517.00000000 
127.00000000 
12435.00000000 
2519.00000000 
4627.00000000 
4209.00000000 
17494.00000000 
3135.00000000 
11986.00000000 
24785.00000000 
8572.00000000 
107.00000000 
13454.00000000 
19420.00000000 
12999.00000000 
48731.00000000 
16454.00000000 
49448.00000000 
95376.00000000 
153972.00000000 
35304.00000000 
68303.00000000 
26413.00000000 
17071.00000000 
218662.00000000 
5145.00000000 
6835.00000000 
508.00000000 
2749.00000000 
50515.00000000 
140657.00000000 
20201.00000000 
158842.00000000 
10916.00000000 
63002.00000000 
11519.00000000 
0.00000000 
716.00000000 
7537.00000000 
8056.00000000 
3116.00000000 
13041.00000000 
20027.00000000 
7176.00000000 
18128.00000000 
21222.00000000 
204.00000000 
5196.00000000 
34144.00000000 
286.00000000 
11639.00000000 
0.00000000 
18474.00000000 
0.00000000 
1118.00000000 
1243.00000000 
0.00000000 
3987.00000000 
17448.00000000 
7887.00000000 
2091.00000000 
0.00000000 
0.00000000 
0.00000000 
1798.00000000 
7865.00000000 
9608.00000000 
4548.00000000 
20238.00000000 
109373.00000000 
1998.00000000 
0.00000000 
1226.00000000 
249.00000000 
0.00000000 
180.00000000 
333.00000000 
1782.00000000 
1053.00000000 
6212.00000000 
2403.00000000 
122909.00000000 
4657.00000000 
0.00000000 
4558.00000000 
623.00000000 
14313.00000000 
2212.00000000 
18157.00000000 
8646.00000000 
5850.00000000 
18210.00000000 
61497.00000000 
26990.00000000 
7206.00000000 
10224.00000000 
0.00000000 
18347.00000000 
3403.00000000 
16101.00000000 
97687.00000000 
1157.00000000 
87.00000000 
3500.00000000 
28955.00000000 
300.00000000 
5464.00000000 
483.00000000 
3139.00000000 
8674.00000000 
6144.00000000 
11259.00000000 
5421.00000000 
1584.00000000 
0.00000000 
514.00000000 
15.00000000 
17337.00000000 
777.00000000 
19048.00000000 
4898.00000000 
10.00000000 
0.00000000 
0.00000000 
0.00000000 
185.00000000 
27196.00000000 
2967.00000000 
2040.00000000 
11013.00000000 
6782.00000000 
2121.00000000 
450.00000000 
0.00000000 
41181.00000000 
32548.00000000 
200.00000000 
1771.00000000 
9251.00000000 
552.00000000 
3868.00000000 
1370.00000000 
4605.00000000 
3666.00000000 
519.00000000 
17963.00000000 
8155.00000000 
5503.00000000 
62172.00000000 
4140.00000000 
290.00000000 
4042.00000000 
9140.00000000 
20344.00000000 
35656.00000000 
12728.00000000 
0.00000000 
0.00000000 
2614.00000000 
2000.00000000 
19499.00000000 
3771.00000000 
4618.00000000 
19387.00000000 
784.00000000 
0.00000000 
10981.00000000 
6762.00000000 
1129.00000000 
0.00000000 
49248.00000000 
241.00000000 
2.00000000 
9006.00000000 
5161.00000000 
0.00000000 
10501.00000000 
1000.00000000 
27540.00000000 
53302.00000000 
69665.00000000 
83247.00000000 
304964.00000000 
47775.00000000 
6298.00000000 
8220.00000000 
59175.00000000 
39456.00000000 
112973.00000000 
9438.00000000 
56403.00000000 
49431.00000000 
43681.00000000 
4860.00000000 
0.00000000 
6723.00000000 
60245.00000000 
50507.00000000 
5439.00000000 
5385.00000000 
1842.00000000 
35702.00000000 
23611.00000000 
1125.00000000 
7349.00000000 
38483.00000000 
3200.00000000 
3237.00000000 
0.00000000 
2987.00000000 
6000.00000000 
0.00000000 
14978.00000000 
204.00000000 
41103.00000000 
311.00000000 
0.00000000 
21581.00000000 
21608.00000000 
3316.00000000 
144444.00000000 
24525.00000000 
14829.00000000 
14744.00000000 
62762.00000000 
0.00000000 
7444.00000000 
8928.00000000 
15864.00000000 
2565.00000000 
8303.00000000 
0.00000000 
39737.00000000 
15285.00000000 
8309.00000000 
17459.00000000 
3859.00000000 
32811.00000000 
2345.00000000 
10000.00000000 
22486.00000000 
8718.00000000 
20858.00000000 
53288.00000000 
24178.00000000 
49755.00000000 
2185.00000000 
29824.00000000 
2317.00000000 
8924.00000000 
3572.00000000 
8377.00000000 
6256.00000000 
6563.00000000 
26657.00000000 
179847.00000000 
19207.00000000 
3081.00000000 
8719.00000000 
39772.00000000 
3631.00000000 
10193.00000000 
24564.00000000 
23914.00000000 
17785.00000000 
1904.00000000 
20354.00000000 
3635.00000000 
17687.00000000 
5678.00000000 
9056.00000000 
5009.00000000 
15396.00000000 
12016.00000000 
65172.00000000 
0.00000000 
8296.00000000 
17880.00000000 
71596.00000000 
411.00000000 
7951.00000000 
26007.00000000 
681.00000000 
1157.00000000 
555.00000000 
7070.00000000 
11067.00000000 
15686.00000000 
74525.00000000 
6501.00000000 
563.00000000 
1140.00000000 
0.00000000 
2502.00000000 
263.00000000 
98153.00000000 
691.00000000 
176216.00000000 
5302.00000000 
448.00000000 
2197.00000000 
574.00000000 
1148.00000000 
37632.00000000 
5163.00000000 
2001.00000000 
5000.00000000 
382.00000000 
476.00000000 
10236.00000000 
6804.00000000 
13476.00000000 
0.00000000 
3459.00000000 
569.00000000 
8659.00000000 
164.00000000 
21617.00000000 
0.00000000 
5977.00000000 
10559.00000000 
1510.00000000 
15891.00000000 
1926.00000000 
6915.00000000 
14341.00000000 
3317.00000000 
0.00000000 
14988.00000000 
0.00000000 
0.00000000 
1850.00000000 
0.00000000 
340.00000000 
135.00000000 
1693.00000000 
0.00000000 
135886.00000000 
31686.00000000 
211.00000000 
1597.00000000 
4305.00000000 
10931.00000000 
4306.00000000 
