5735.00000000 
6122.00000000 
23312.00000000 
9648.00000000 
11745.00000000 
29430.00000000 
11991.00000000 
37475.00000000 
8099.00000000 
1455.00000000 
80431.00000000 
4986.00000000 
12258.00000000 
10305.00000000 
33622.00000000 
11991.00000000 
5000.00000000 
4003.00000000 
32040.00000000 
11967.00000000 
6687.00000000 
11251.00000000 
10431.00000000 
24710.00000000 
15844.00000000 
13238.00000000 
1884.00000000 
6894.00000000 
24686.00000000 
35860.00000000 
4833.00000000 
3193.00000000 
5505.00000000 
16312.00000000 
10892.00000000 
40263.00000000 
62651.00000000 
14763.00000000 
819.00000000 
7801.00000000 
46820.00000000 
6207.00000000 
45184.00000000 
10847.00000000 
6727.00000000 
115438.00000000 
14119.00000000 
415.00000000 
11014.00000000 
0.00000000 
9411.00000000 
15754.00000000 
8705.00000000 
2419.00000000 
627.00000000 
25173.00000000 
8998.00000000 
2115.00000000 
876.00000000 
3140.00000000 
1857.00000000 
4350.00000000 
17215.00000000 
0.00000000 
1168.00000000 
16827.00000000 
89.00000000 
3519.00000000 
2164.00000000 
1114.00000000 
3786.00000000 
31542.00000000 
19195.00000000 
189.00000000 
231.00000000 
13609.00000000 
692.00000000 
11723.00000000 
12460.00000000 
11554.00000000 
43549.00000000 
8870.00000000 
9431.00000000 
4821.00000000 
11032.00000000 
5735.00000000 
5829.00000000 
59658.00000000 
6488.00000000 
5028.00000000 
9423.00000000 
9722.00000000 
6076.00000000 
11109.00000000 
21746.00000000 
2338.00000000 
5278.00000000 
3080.00000000 
8994.00000000 
11681.00000000 
128560.00000000 
7401.00000000 
2229.00000000 
25671.00000000 
46536.00000000 
7952.00000000 
3778.00000000 
53880.00000000 
29896.00000000 
20051.00000000 
19122.00000000 
36713.00000000 
24945.00000000 
33822.00000000 
33045.00000000 
13947.00000000 
5307.00000000 
2889.00000000 
11156.00000000 
59863.00000000 
24637.00000000 
12340.00000000 
46327.00000000 
43642.00000000 
32665.00000000 
19661.00000000 
12161.00000000 
6500.00000000 
20982.00000000 
14437.00000000 
5594.00000000 
4841.00000000 
10047.00000000 
11408.00000000 
22613.00000000 
8056.00000000 
3017.00000000 
12853.00000000 
15365.00000000 
58731.00000000 
22262.00000000 
28577.00000000 
8547.00000000 
42161.00000000 
23738.00000000 
42072.00000000 
23089.00000000 
32207.00000000 
8168.00000000 
41378.00000000 
28218.00000000 
7367.00000000 
118773.00000000 
18453.00000000 
14722.00000000 
57941.00000000 
8724.00000000 
20590.00000000 
14001.00000000 
12666.00000000 
36293.00000000 
14596.00000000 
27278.00000000 
8913.00000000 
17750.00000000 
67197.00000000 
20586.00000000 
54978.00000000 
87015.00000000 
39512.00000000 
30420.00000000 
7453.00000000 
23193.00000000 
18782.00000000 
8546.00000000 
10032.00000000 
13364.00000000 
5625.00000000 
8295.00000000 
521.00000000 
17904.00000000 
10589.00000000 
1961.00000000 
2761.00000000 
4305.00000000 
7161.00000000 
8208.00000000 
9140.00000000 
5094.00000000 
995.00000000 
13580.00000000 
1675.00000000 
4281.00000000 
1019.00000000 
211.00000000 
0.00000000 
16507.00000000 
6249.00000000 
2282.00000000 
7980.00000000 
8502.00000000 
7541.00000000 
10076.00000000 
1245.00000000 
45158.00000000 
5862.00000000 
5798.00000000 
11652.00000000 
14565.00000000 
1.00000000 
64554.00000000 
54.00000000 
39190.00000000 
10263.00000000 
3167.00000000 
37780.00000000 
10946.00000000 
4063.00000000 
1708.00000000 
69919.00000000 
22664.00000000 
1701.00000000 
10038.00000000 
18259.00000000 
9078.00000000 
10915.00000000 
2159.00000000 
14399.00000000 
30780.00000000 
22918.00000000 
32189.00000000 
34647.00000000 
18488.00000000 
18563.00000000 
16905.00000000 
23139.00000000 
47490.00000000 
201482.00000000 
6055.00000000 
20194.00000000 
60568.00000000 
4467.00000000 
18185.00000000 
19681.00000000 
33164.00000000 
10689.00000000 
328.00000000 
28677.00000000 
2174.00000000 
17075.00000000 
36680.00000000 
69405.00000000 
1684.00000000 
2085.00000000 
554.00000000 
105309.00000000 
40890.00000000 
39506.00000000 
123284.00000000 
15633.00000000 
1316.00000000 
508.00000000 
17718.00000000 
1884.00000000 
16828.00000000 
7773.00000000 
8101.00000000 
5994.00000000 
5282.00000000 
2697.00000000 
94.00000000 
17400.00000000 
0.00000000 
45637.00000000 
4870.00000000 
6959.00000000 
52.00000000 
696.00000000 
3064.00000000 
12139.00000000 
38271.00000000 
23492.00000000 
7513.00000000 
29608.00000000 
10375.00000000 
11400.00000000 
23106.00000000 
48849.00000000 
3870.00000000 
29757.00000000 
29958.00000000 
1706.00000000 
500.00000000 
12499.00000000 
722.00000000 
11641.00000000 
1605.00000000 
16624.00000000 
0.00000000 
556.00000000 
54965.00000000 
4364.00000000 
810.00000000 
5125.00000000 
2800.00000000 
14860.00000000 
0.00000000 
2568.00000000 
27403.00000000 
5427.00000000 
2398.00000000 
5159.00000000 
28575.00000000 
2798.00000000 
3205.00000000 
8884.00000000 
31065.00000000 
37210.00000000 
3074.00000000 
5997.00000000 
28362.00000000 
34401.00000000 
10459.00000000 
10016.00000000 
14233.00000000 
17309.00000000 
64764.00000000 
9322.00000000 
57599.00000000 
58424.00000000 
210926.00000000 
22779.00000000 
21986.00000000 
8848.00000000 
42260.00000000 
14391.00000000 
26865.00000000 
13231.00000000 
544.00000000 
6259.00000000 
9670.00000000 
113614.00000000 
22025.00000000 
10462.00000000 
4745.00000000 
6145.00000000 
35953.00000000 
5388.00000000 
0.00000000 
9305.00000000 
35234.00000000 
14401.00000000 
56200.00000000 
37669.00000000 
9264.00000000 
12156.00000000 
8120.00000000 
7980.00000000 
9628.00000000 
12429.00000000 
7589.00000000 
15740.00000000 
27127.00000000 
24877.00000000 
8728.00000000 
84074.00000000 
16537.00000000 
66761.00000000 
38395.00000000 
67021.00000000 
2442.00000000 
47619.00000000 
42442.00000000 
11642.00000000 
679.00000000 
1065.00000000 
145.00000000 
61191.00000000 
8805.00000000 
12160.00000000 
1151.00000000 
5585.00000000 
54816.00000000 
29054.00000000 
9574.00000000 
13588.00000000 
6681.00000000 
14967.00000000 
29883.00000000 
15436.00000000 
15101.00000000 
6794.00000000 
6962.00000000 
13187.00000000 
3255.00000000 
2593.00000000 
36708.00000000 
10852.00000000 
20401.00000000 
7679.00000000 
5152.00000000 
0.00000000 
1344.00000000 
2451.00000000 
3006.00000000 
18630.00000000 
10829.00000000 
605.00000000 
0.00000000 
8219.00000000 
22837.00000000 
12674.00000000 
13805.00000000 
13807.00000000 
1991.00000000 
341.00000000 
1506.00000000 
2533.00000000 
10776.00000000 
2722.00000000 
786.00000000 
5166.00000000 
6573.00000000 
2246.00000000 
24711.00000000 
16719.00000000 
468.00000000 
253.00000000 
4620.00000000 
18838.00000000 
0.00000000 
3300.00000000 
2833.00000000 
9865.00000000 
27617.00000000 
1935.00000000 
495.00000000 
4052.00000000 
436.00000000 
4785.00000000 
3149.00000000 
0.00000000 
10018.00000000 
0.00000000 
0.00000000 
201.00000000 
350.00000000 
16982.00000000 
15080.00000000 
2815.00000000 
6703.00000000 
52061.00000000 
28925.00000000 
1551.00000000 
3566.00000000 
4841.00000000 
481.00000000 
15686.00000000 
10728.00000000 
196.00000000 
389.00000000 
3223.00000000 
13403.00000000 
15401.00000000 
153.00000000 
100.00000000 
6649.00000000 
2320.00000000 
11724.00000000 
2103.00000000 
0.00000000 
2050.00000000 
709.00000000 
0.00000000 
945.00000000 
8916.00000000 
4349.00000000 
455.00000000 
2492.00000000 
639.00000000 
5735.00000000 
6122.00000000 
23312.00000000 
9648.00000000 
11745.00000000 
29430.00000000 
11991.00000000 
37475.00000000 
8099.00000000 
1455.00000000 
80431.00000000 
4986.00000000 
12258.00000000 
10305.00000000 
33622.00000000 
11991.00000000 
5000.00000000 
4003.00000000 
32040.00000000 
11967.00000000 
6687.00000000 
11251.00000000 
10431.00000000 
24710.00000000 
15844.00000000 
13238.00000000 
1884.00000000 
6894.00000000 
24686.00000000 
35860.00000000 
4833.00000000 
3193.00000000 
5505.00000000 
16312.00000000 
10892.00000000 
40263.00000000 
62651.00000000 
14763.00000000 
819.00000000 
7801.00000000 
46820.00000000 
6207.00000000 
45184.00000000 
10847.00000000 
6727.00000000 
115438.00000000 
14119.00000000 
415.00000000 
11014.00000000 
0.00000000 
9411.00000000 
15754.00000000 
8705.00000000 
2419.00000000 
627.00000000 
25173.00000000 
8998.00000000 
2115.00000000 
876.00000000 
3140.00000000 
1857.00000000 
4350.00000000 
17215.00000000 
0.00000000 
1168.00000000 
16827.00000000 
89.00000000 
3519.00000000 
2164.00000000 
1114.00000000 
3786.00000000 
31542.00000000 
19195.00000000 
189.00000000 
231.00000000 
13609.00000000 
692.00000000 
11723.00000000 
12460.00000000 
11554.00000000 
43549.00000000 
8870.00000000 
9431.00000000 
4821.00000000 
11032.00000000 
5735.00000000 
5829.00000000 
59658.00000000 
6488.00000000 
5028.00000000 
9423.00000000 
9722.00000000 
6076.00000000 
11109.00000000 
21746.00000000 
2338.00000000 
5278.00000000 
3080.00000000 
8994.00000000 
11681.00000000 
128560.00000000 
7401.00000000 
2229.00000000 
25671.00000000 
46536.00000000 
7952.00000000 
3778.00000000 
53880.00000000 
29896.00000000 
20051.00000000 
19122.00000000 
36713.00000000 
24945.00000000 
33822.00000000 
33045.00000000 
13947.00000000 
5307.00000000 
2889.00000000 
11156.00000000 
59863.00000000 
24637.00000000 
12340.00000000 
46327.00000000 
43642.00000000 
32665.00000000 
19661.00000000 
12161.00000000 
6500.00000000 
20982.00000000 
14437.00000000 
5594.00000000 
4841.00000000 
10047.00000000 
11408.00000000 
22613.00000000 
8056.00000000 
3017.00000000 
12853.00000000 
15365.00000000 
58731.00000000 
22262.00000000 
28577.00000000 
8547.00000000 
42161.00000000 
23738.00000000 
42072.00000000 
23089.00000000 
32207.00000000 
8168.00000000 
41378.00000000 
28218.00000000 
7367.00000000 
118773.00000000 
18453.00000000 
14722.00000000 
57941.00000000 
8724.00000000 
20590.00000000 
14001.00000000 
12666.00000000 
36293.00000000 
14596.00000000 
27278.00000000 
8913.00000000 
17750.00000000 
67197.00000000 
20586.00000000 
54978.00000000 
87015.00000000 
39512.00000000 
30420.00000000 
7453.00000000 
23193.00000000 
18782.00000000 
8546.00000000 
10032.00000000 
13364.00000000 
5625.00000000 
8295.00000000 
521.00000000 
17904.00000000 
10589.00000000 
1961.00000000 
2761.00000000 
4305.00000000 
7161.00000000 
8208.00000000 
9140.00000000 
5094.00000000 
995.00000000 
13580.00000000 
1675.00000000 
4281.00000000 
1019.00000000 
211.00000000 
0.00000000 
16507.00000000 
6249.00000000 
2282.00000000 
7980.00000000 
8502.00000000 
7541.00000000 
10076.00000000 
1245.00000000 
45158.00000000 
5862.00000000 
5798.00000000 
11652.00000000 
14565.00000000 
1.00000000 
64554.00000000 
54.00000000 
39190.00000000 
10263.00000000 
3167.00000000 
37780.00000000 
10946.00000000 
4063.00000000 
1708.00000000 
69919.00000000 
22664.00000000 
1701.00000000 
10038.00000000 
18259.00000000 
9078.00000000 
10915.00000000 
2159.00000000 
14399.00000000 
30780.00000000 
22918.00000000 
32189.00000000 
34647.00000000 
18488.00000000 
18563.00000000 
16905.00000000 
23139.00000000 
47490.00000000 
201482.00000000 
6055.00000000 
20194.00000000 
60568.00000000 
4467.00000000 
18185.00000000 
19681.00000000 
33164.00000000 
10689.00000000 
328.00000000 
28677.00000000 
2174.00000000 
17075.00000000 
36680.00000000 
69405.00000000 
1684.00000000 
2085.00000000 
554.00000000 
105309.00000000 
40890.00000000 
39506.00000000 
123284.00000000 
15633.00000000 
1316.00000000 
508.00000000 
17718.00000000 
1884.00000000 
16828.00000000 
7773.00000000 
8101.00000000 
5994.00000000 
5282.00000000 
2697.00000000 
94.00000000 
17400.00000000 
0.00000000 
45637.00000000 
4870.00000000 
6959.00000000 
52.00000000 
696.00000000 
3064.00000000 
12139.00000000 
38271.00000000 
23492.00000000 
7513.00000000 
29608.00000000 
10375.00000000 
11400.00000000 
23106.00000000 
48849.00000000 
3870.00000000 
29757.00000000 
29958.00000000 
1706.00000000 
500.00000000 
12499.00000000 
722.00000000 
11641.00000000 
1605.00000000 
16624.00000000 
0.00000000 
556.00000000 
54965.00000000 
4364.00000000 
810.00000000 
5125.00000000 
2800.00000000 
14860.00000000 
0.00000000 
2568.00000000 
27403.00000000 
5427.00000000 
2398.00000000 
5159.00000000 
28575.00000000 
2798.00000000 
3205.00000000 
8884.00000000 
31065.00000000 
37210.00000000 
3074.00000000 
5997.00000000 
28362.00000000 
34401.00000000 
10459.00000000 
10016.00000000 
14233.00000000 
17309.00000000 
64764.00000000 
9322.00000000 
57599.00000000 
58424.00000000 
210926.00000000 
22779.00000000 
21986.00000000 
8848.00000000 
42260.00000000 
14391.00000000 
26865.00000000 
13231.00000000 
544.00000000 
6259.00000000 
9670.00000000 
113614.00000000 
22025.00000000 
10462.00000000 
4745.00000000 
6145.00000000 
35953.00000000 
5388.00000000 
0.00000000 
9305.00000000 
35234.00000000 
14401.00000000 
56200.00000000 
37669.00000000 
9264.00000000 
12156.00000000 
8120.00000000 
7980.00000000 
9628.00000000 
12429.00000000 
7589.00000000 
15740.00000000 
27127.00000000 
24877.00000000 
8728.00000000 
84074.00000000 
16537.00000000 
66761.00000000 
38395.00000000 
67021.00000000 
2442.00000000 
47619.00000000 
42442.00000000 
11642.00000000 
679.00000000 
1065.00000000 
145.00000000 
61191.00000000 
8805.00000000 
12160.00000000 
1151.00000000 
5585.00000000 
54816.00000000 
29054.00000000 
9574.00000000 
13588.00000000 
6681.00000000 
14967.00000000 
29883.00000000 
15436.00000000 
15101.00000000 
6794.00000000 
6962.00000000 
13187.00000000 
3255.00000000 
2593.00000000 
36708.00000000 
10852.00000000 
20401.00000000 
7679.00000000 
5152.00000000 
0.00000000 
1344.00000000 
2451.00000000 
3006.00000000 
18630.00000000 
10829.00000000 
605.00000000 
0.00000000 
8219.00000000 
22837.00000000 
12674.00000000 
13805.00000000 
13807.00000000 
1991.00000000 
341.00000000 
1506.00000000 
2533.00000000 
10776.00000000 
2722.00000000 
786.00000000 
5166.00000000 
6573.00000000 
2246.00000000 
24711.00000000 
16719.00000000 
468.00000000 
253.00000000 
4620.00000000 
18838.00000000 
0.00000000 
3300.00000000 
2833.00000000 
9865.00000000 
27617.00000000 
1935.00000000 
495.00000000 
4052.00000000 
436.00000000 
4785.00000000 
3149.00000000 
0.00000000 
10018.00000000 
0.00000000 
0.00000000 
201.00000000 
350.00000000 
16982.00000000 
15080.00000000 
2815.00000000 
6703.00000000 
52061.00000000 
28925.00000000 
1551.00000000 
3566.00000000 
4841.00000000 
481.00000000 
15686.00000000 
10728.00000000 
196.00000000 
389.00000000 
3223.00000000 
13403.00000000 
15401.00000000 
153.00000000 
100.00000000 
6649.00000000 
2320.00000000 
11724.00000000 
2103.00000000 
0.00000000 
2050.00000000 
709.00000000 
0.00000000 
945.00000000 
8916.00000000 
4349.00000000 
455.00000000 
2492.00000000 
639.00000000 
5735.00000000 
6122.00000000 
23312.00000000 
9648.00000000 
11745.00000000 
29430.00000000 
11991.00000000 
37475.00000000 
8099.00000000 
1455.00000000 
80431.00000000 
4986.00000000 
12258.00000000 
10305.00000000 
33622.00000000 
11991.00000000 
5000.00000000 
4003.00000000 
32040.00000000 
11967.00000000 
6687.00000000 
11251.00000000 
10431.00000000 
24710.00000000 
15844.00000000 
13238.00000000 
1884.00000000 
6894.00000000 
24686.00000000 
35860.00000000 
4833.00000000 
3193.00000000 
5505.00000000 
16312.00000000 
10892.00000000 
40263.00000000 
62651.00000000 
14763.00000000 
819.00000000 
7801.00000000 
46820.00000000 
6207.00000000 
45184.00000000 
10847.00000000 
6727.00000000 
115438.00000000 
14119.00000000 
415.00000000 
11014.00000000 
0.00000000 
9411.00000000 
15754.00000000 
8705.00000000 
2419.00000000 
627.00000000 
25173.00000000 
8998.00000000 
2115.00000000 
876.00000000 
3140.00000000 
1857.00000000 
4350.00000000 
17215.00000000 
0.00000000 
1168.00000000 
16827.00000000 
89.00000000 
3519.00000000 
2164.00000000 
1114.00000000 
3786.00000000 
31542.00000000 
19195.00000000 
189.00000000 
231.00000000 
13609.00000000 
692.00000000 
11723.00000000 
12460.00000000 
11554.00000000 
43549.00000000 
8870.00000000 
9431.00000000 
4821.00000000 
11032.00000000 
5735.00000000 
5829.00000000 
59658.00000000 
6488.00000000 
5028.00000000 
9423.00000000 
9722.00000000 
6076.00000000 
11109.00000000 
21746.00000000 
2338.00000000 
5278.00000000 
3080.00000000 
8994.00000000 
11681.00000000 
128560.00000000 
7401.00000000 
2229.00000000 
25671.00000000 
46536.00000000 
7952.00000000 
3778.00000000 
53880.00000000 
29896.00000000 
20051.00000000 
19122.00000000 
36713.00000000 
24945.00000000 
33822.00000000 
33045.00000000 
13947.00000000 
5307.00000000 
2889.00000000 
11156.00000000 
59863.00000000 
24637.00000000 
12340.00000000 
46327.00000000 
43642.00000000 
32665.00000000 
19661.00000000 
12161.00000000 
6500.00000000 
20982.00000000 
14437.00000000 
5594.00000000 
4841.00000000 
10047.00000000 
11408.00000000 
22613.00000000 
8056.00000000 
3017.00000000 
12853.00000000 
15365.00000000 
58731.00000000 
22262.00000000 
28577.00000000 
8547.00000000 
42161.00000000 
23738.00000000 
42072.00000000 
23089.00000000 
32207.00000000 
8168.00000000 
41378.00000000 
28218.00000000 
7367.00000000 
118773.00000000 
18453.00000000 
14722.00000000 
57941.00000000 
8724.00000000 
20590.00000000 
14001.00000000 
12666.00000000 
36293.00000000 
14596.00000000 
27278.00000000 
8913.00000000 
17750.00000000 
67197.00000000 
20586.00000000 
54978.00000000 
87015.00000000 
39512.00000000 
30420.00000000 
7453.00000000 
23193.00000000 
18782.00000000 
8546.00000000 
10032.00000000 
13364.00000000 
5625.00000000 
8295.00000000 
521.00000000 
17904.00000000 
10589.00000000 
1961.00000000 
2761.00000000 
4305.00000000 
7161.00000000 
8208.00000000 
9140.00000000 
5094.00000000 
995.00000000 
13580.00000000 
1675.00000000 
4281.00000000 
1019.00000000 
211.00000000 
0.00000000 
16507.00000000 
6249.00000000 
2282.00000000 
7980.00000000 
8502.00000000 
7541.00000000 
10076.00000000 
1245.00000000 
45158.00000000 
5862.00000000 
5798.00000000 
11652.00000000 
14565.00000000 
1.00000000 
64554.00000000 
54.00000000 
39190.00000000 
10263.00000000 
3167.00000000 
37780.00000000 
10946.00000000 
4063.00000000 
1708.00000000 
69919.00000000 
22664.00000000 
1701.00000000 
10038.00000000 
18259.00000000 
9078.00000000 
10915.00000000 
2159.00000000 
14399.00000000 
30780.00000000 
22918.00000000 
32189.00000000 
34647.00000000 
18488.00000000 
18563.00000000 
16905.00000000 
23139.00000000 
47490.00000000 
201482.00000000 
6055.00000000 
20194.00000000 
60568.00000000 
4467.00000000 
18185.00000000 
19681.00000000 
33164.00000000 
10689.00000000 
328.00000000 
28677.00000000 
2174.00000000 
17075.00000000 
36680.00000000 
69405.00000000 
1684.00000000 
2085.00000000 
554.00000000 
105309.00000000 
40890.00000000 
39506.00000000 
123284.00000000 
15633.00000000 
1316.00000000 
508.00000000 
17718.00000000 
1884.00000000 
16828.00000000 
7773.00000000 
8101.00000000 
5994.00000000 
5282.00000000 
2697.00000000 
94.00000000 
17400.00000000 
0.00000000 
45637.00000000 
4870.00000000 
6959.00000000 
52.00000000 
696.00000000 
3064.00000000 
12139.00000000 
38271.00000000 
23492.00000000 
7513.00000000 
29608.00000000 
10375.00000000 
11400.00000000 
23106.00000000 
48849.00000000 
3870.00000000 
29757.00000000 
29958.00000000 
1706.00000000 
500.00000000 
12499.00000000 
722.00000000 
11641.00000000 
1605.00000000 
16624.00000000 
0.00000000 
556.00000000 
54965.00000000 
4364.00000000 
810.00000000 
5125.00000000 
2800.00000000 
14860.00000000 
0.00000000 
2568.00000000 
27403.00000000 
5427.00000000 
2398.00000000 
5159.00000000 
28575.00000000 
2798.00000000 
3205.00000000 
8884.00000000 
31065.00000000 
37210.00000000 
3074.00000000 
5997.00000000 
28362.00000000 
34401.00000000 
10459.00000000 
10016.00000000 
14233.00000000 
17309.00000000 
64764.00000000 
9322.00000000 
57599.00000000 
58424.00000000 
210926.00000000 
22779.00000000 
21986.00000000 
8848.00000000 
42260.00000000 
14391.00000000 
26865.00000000 
13231.00000000 
544.00000000 
6259.00000000 
9670.00000000 
113614.00000000 
22025.00000000 
10462.00000000 
4745.00000000 
6145.00000000 
35953.00000000 
5388.00000000 
0.00000000 
9305.00000000 
35234.00000000 
14401.00000000 
56200.00000000 
37669.00000000 
9264.00000000 
12156.00000000 
8120.00000000 
7980.00000000 
9628.00000000 
12429.00000000 
7589.00000000 
15740.00000000 
27127.00000000 
24877.00000000 
8728.00000000 
84074.00000000 
16537.00000000 
66761.00000000 
38395.00000000 
67021.00000000 
2442.00000000 
47619.00000000 
42442.00000000 
11642.00000000 
679.00000000 
1065.00000000 
145.00000000 
61191.00000000 
8805.00000000 
12160.00000000 
1151.00000000 
5585.00000000 
54816.00000000 
29054.00000000 
9574.00000000 
13588.00000000 
6681.00000000 
14967.00000000 
29883.00000000 
15436.00000000 
15101.00000000 
6794.00000000 
6962.00000000 
13187.00000000 
3255.00000000 
2593.00000000 
36708.00000000 
10852.00000000 
20401.00000000 
7679.00000000 
5152.00000000 
0.00000000 
1344.00000000 
2451.00000000 
3006.00000000 
18630.00000000 
10829.00000000 
605.00000000 
0.00000000 
8219.00000000 
22837.00000000 
12674.00000000 
13805.00000000 
13807.00000000 
1991.00000000 
341.00000000 
1506.00000000 
2533.00000000 
10776.00000000 
2722.00000000 
786.00000000 
5166.00000000 
6573.00000000 
2246.00000000 
24711.00000000 
16719.00000000 
468.00000000 
253.00000000 
4620.00000000 
18838.00000000 
0.00000000 
3300.00000000 
2833.00000000 
9865.00000000 
27617.00000000 
1935.00000000 
495.00000000 
4052.00000000 
436.00000000 
4785.00000000 
3149.00000000 
0.00000000 
10018.00000000 
0.00000000 
0.00000000 
201.00000000 
350.00000000 
16982.00000000 
15080.00000000 
2815.00000000 
6703.00000000 
52061.00000000 
28925.00000000 
1551.00000000 
3566.00000000 
4841.00000000 
481.00000000 
15686.00000000 
10728.00000000 
196.00000000 
389.00000000 
3223.00000000 
13403.00000000 
15401.00000000 
153.00000000 
100.00000000 
6649.00000000 
2320.00000000 
11724.00000000 
2103.00000000 
0.00000000 
2050.00000000 
709.00000000 
0.00000000 
945.00000000 
8916.00000000 
4349.00000000 
455.00000000 
2492.00000000 
639.00000000 
