0.00002174 
0.00002159 
0.00002164 
0.00002172 
0.00002142 
0.00002159 
0.00002130 
0.00002150 
0.00002157 
0.00002151 
0.00002130 
0.00002139 
0.00002139 
0.00002135 
0.00002135 
0.00002139 
0.00002141 
0.00002134 
0.00002145 
0.00002140 
0.00002135 
0.00002153 
0.00002145 
0.00002148 
0.00002150 
0.00002145 
0.00002145 
0.00002152 
0.00002139 
0.00002150 
0.00002138 
0.00002155 
0.00002154 
0.00002144 
0.00002143 
0.00002157 
0.00002149 
0.00002140 
0.00002126 
0.00002142 
0.00002149 
0.00002133 
0.00002144 
0.00002135 
0.00002139 
0.00002125 
0.00002127 
0.00002129 
0.00002132 
0.00002132 
0.00002132 
0.00002127 
0.00002127 
0.00002125 
0.00002123 
0.00002111 
0.00002100 
0.00002101 
0.00002103 
0.00002102 
0.00002100 
0.00002113 
0.00002099 
0.00002094 
0.00002099 
0.00002099 
0.00002104 
0.00002111 
0.00002096 
0.00002098 
0.00002097 
0.00002100 
0.00002090 
0.00002098 
0.00002099 
0.00002094 
0.00002080 
0.00002082 
0.00002087 
0.00002087 
0.00002083 
0.00002097 
0.00002102 
0.00002102 
0.00002102 
0.00002103 
0.00002117 
0.00002122 
0.00002130 
0.00002123 
0.00002126 
0.00002131 
0.00002123 
0.00002115 
0.00002121 
0.00002125 
0.00002120 
0.00002120 
0.00002116 
0.00002120 
0.00002121 
0.00002123 
0.00002127 
0.00002118 
0.00002127 
0.00002139 
0.00002130 
0.00002142 
0.00002148 
0.00002150 
0.00002143 
0.00002148 
0.00002142 
0.00002132 
0.00002128 
0.00002106 
0.00002130 
0.00002132 
0.00002133 
0.00002144 
0.00002145 
0.00002150 
0.00002148 
0.00002147 
0.00002131 
0.00002117 
0.00002106 
0.00002102 
0.00002104 
0.00002109 
0.00002102 
0.00002108 
0.00002112 
0.00002106 
0.00002107 
0.00002121 
0.00002119 
0.00002103 
0.00002102 
0.00002094 
0.00002089 
0.00002077 
0.00002061 
0.00002094 
0.00002100 
0.00002107 
0.00002094 
0.00002113 
0.00002124 
0.00002111 
0.00002111 
0.00002107 
0.00002105 
0.00002095 
0.00002094 
0.00002079 
0.00002072 
0.00002067 
0.00002057 
0.00002057 
0.00002058 
0.00002064 
0.00002057 
0.00002048 
0.00002041 
0.00002056 
0.00002065 
0.00002079 
0.00002072 
0.00002070 
0.00002059 
0.00002053 
0.00002042 
0.00002046 
0.00002055 
0.00002037 
0.00002031 
0.00002030 
0.00002029 
0.00002029 
0.00002025 
0.00002016 
0.00002029 
0.00002028 
0.00002018 
0.00002019 
0.00002014 
0.00002018 
0.00002010 
0.00002015 
0.00002014 
0.00002000 
0.00002000 
0.00002000 
0.00002016 
0.00002000 
0.00002000 
0.00001998 
0.00001994 
0.00001999 
0.00001999 
0.00001999 
0.00002010 
0.00002014 
0.00002015 
0.00002015 
0.00002023 
0.00002017 
0.00002016 
0.00002018 
0.00002016 
0.00002023 
0.00002014 
0.00002018 
0.00002023 
0.00002023 
0.00002020 
0.00002020 
0.00002027 
0.00002041 
0.00002036 
0.00002048 
0.00002034 
0.00002059 
0.00002060 
0.00002060 
0.00002056 
0.00002060 
0.00002066 
0.00002066 
0.00002051 
0.00002048 
0.00002031 
0.00002058 
0.00002059 
0.00002062 
0.00002087 
0.00002015 
0.00002020 
0.00002010 
0.00002017 
0.00002012 
0.00002000 
0.00001989 
0.00001976 
0.00001965 
0.00001972 
0.00001964 
0.00001976 
0.00001975 
0.00001955 
0.00001951 
0.00001953 
0.00001959 
0.00001959 
0.00001959 
0.00001954 
0.00001959 
0.00001963 
0.00001962 
0.00001962 
0.00001968 
0.00001972 
0.00001961 
0.00001973 
0.00001962 
0.00001965 
0.00001966 
0.00001965 
0.00001966 
0.00001966 
0.00001977 
0.00001977 
0.00001964 
0.00001972 
0.00001964 
0.00001964 
0.00001977 
0.00001962 
0.00001963 
0.00001967 
0.00001975 
0.00001976 
0.00001965 
0.00001966 
0.00001964 
0.00001963 
0.00001971 
0.00001977 
0.00002003 
0.00001994 
0.00001994 
0.00002003 
0.00001997 
0.00002000 
0.00002003 
0.00001997 
0.00002003 
0.00002012 
0.00002012 
0.00002007 
0.00002010 
0.00002013 
0.00002014 
0.00002022 
0.00002023 
0.00002036 
0.00002020 
0.00002013 
0.00002013 
0.00002021 
0.00002025 
0.00002036 
0.00002046 
0.00002035 
0.00002025 
0.00002023 
0.00002035 
0.00002019 
0.00002005 
0.00001998 
0.00001999 
0.00001998 
0.00001986 
0.00001988 
0.00001993 
0.00002000 
0.00001998 
0.00001990 
0.00002001 
0.00002012 
0.00002019 
0.00002019 
0.00002017 
0.00002028 
0.00002029 
0.00002016 
0.00002034 
0.00002037 
0.00002035 
0.00002019 
0.00002029 
0.00002033 
0.00002034 
0.00002039 
0.00002031 
0.00002040 
0.00002050 
0.00002050 
0.00002046 
0.00002048 
0.00002053 
0.00002058 
0.00002053 
0.00002061 
0.00002064 
0.00002066 
0.00002067 
0.00002070 
0.00002079 
0.00002069 
0.00002067 
0.00002075 
0.00002088 
0.00002093 
0.00002093 
0.00002093 
0.00002099 
0.00002094 
0.00002098 
0.00002098 
0.00002098 
0.00002100 
0.00002109 
0.00002109 
0.00002111 
0.00002111 
0.00002100 
0.00002092 
0.00002097 
0.00002097 
0.00002097 
0.00002100 
0.00002109 
0.00002104 
0.00002106 
0.00002111 
0.00002127 
0.00002118 
0.00002119 
0.00002137 
0.00002134 
0.00002125 
0.00002150 
0.00002160 
0.00002164 
0.00002149 
0.00002149 
0.00002166 
0.00002166 
0.00002152 
0.00002148 
0.00002149 
0.00002149 
0.00002161 
0.00002168 
0.00002166 
0.00002179 
0.00002167 
0.00002167 
0.00002168 
0.00002170 
0.00002170 
0.00002175 
0.00002174 
0.00002169 
0.00002169 
0.00002175 
0.00002169 
0.00002173 
0.00002173 
0.00002167 
0.00002175 
0.00002167 
0.00002166 
0.00002180 
0.00002180 
0.00002180 
0.00002179 
0.00002174 
0.00002174 
0.00002173 
0.00002162 
0.00002160 
0.00002157 
0.00002159 
0.00002180 
0.00002178 
0.00002179 
0.00002180 
0.00002182 
0.00002119 
0.00002159 
0.00002186 
0.00002186 
0.00002185 
0.00002166 
0.00002159 
0.00002147 
0.00002143 
0.00002151 
0.00002142 
0.00002159 
0.00002165 
0.00002180 
0.00002190 
0.00002183 
0.00002209 
0.00002200 
0.00002209 
0.00002200 
0.00002197 
0.00002204 
0.00002214 
0.00002207 
0.00002200 
0.00002197 
0.00002200 
0.00002207 
0.00002178 
0.00002191 
0.00002190 
0.00002177 
0.00002177 
0.00002181 
0.00002179 
0.00002191 
0.00002191 
0.00002179 
0.00002179 
0.00002174 
0.00002159 
0.00002164 
0.00002172 
0.00002142 
0.00002159 
0.00002130 
0.00002150 
0.00002157 
0.00002151 
0.00002130 
0.00002139 
0.00002139 
0.00002135 
0.00002135 
0.00002139 
0.00002141 
0.00002134 
0.00002145 
0.00002140 
0.00002135 
0.00002153 
0.00002145 
0.00002148 
0.00002150 
0.00002145 
0.00002145 
0.00002152 
0.00002139 
0.00002150 
0.00002138 
0.00002155 
0.00002154 
0.00002144 
0.00002143 
0.00002157 
0.00002149 
0.00002140 
0.00002126 
0.00002142 
0.00002149 
0.00002133 
0.00002144 
0.00002135 
0.00002139 
0.00002125 
0.00002127 
0.00002129 
0.00002132 
0.00002132 
0.00002132 
0.00002127 
0.00002127 
0.00002125 
0.00002123 
0.00002111 
0.00002100 
0.00002101 
0.00002103 
0.00002102 
0.00002100 
0.00002113 
0.00002099 
0.00002094 
0.00002099 
0.00002099 
0.00002104 
0.00002111 
0.00002096 
0.00002098 
0.00002097 
0.00002100 
0.00002090 
0.00002098 
0.00002099 
0.00002094 
0.00002080 
0.00002082 
0.00002087 
0.00002087 
0.00002083 
0.00002097 
0.00002102 
0.00002102 
0.00002102 
0.00002103 
0.00002117 
0.00002122 
0.00002130 
0.00002123 
0.00002126 
0.00002131 
0.00002123 
0.00002115 
0.00002121 
0.00002125 
0.00002120 
0.00002120 
0.00002116 
0.00002120 
0.00002121 
0.00002123 
0.00002127 
0.00002118 
0.00002127 
0.00002139 
0.00002130 
0.00002142 
0.00002148 
0.00002150 
0.00002143 
0.00002148 
0.00002142 
0.00002132 
0.00002128 
0.00002106 
0.00002130 
0.00002132 
0.00002133 
0.00002144 
0.00002145 
0.00002150 
0.00002148 
0.00002147 
0.00002131 
0.00002117 
0.00002106 
0.00002102 
0.00002104 
0.00002109 
0.00002102 
0.00002108 
0.00002112 
0.00002106 
0.00002107 
0.00002121 
0.00002119 
0.00002103 
0.00002102 
0.00002094 
0.00002089 
0.00002077 
0.00002061 
0.00002094 
0.00002100 
0.00002107 
0.00002094 
0.00002113 
0.00002124 
0.00002111 
0.00002111 
0.00002107 
0.00002105 
0.00002095 
0.00002094 
0.00002079 
0.00002072 
0.00002067 
0.00002057 
0.00002057 
0.00002058 
0.00002064 
0.00002057 
0.00002048 
0.00002041 
0.00002056 
0.00002065 
0.00002079 
0.00002072 
0.00002070 
0.00002059 
0.00002053 
0.00002042 
0.00002046 
0.00002055 
0.00002037 
0.00002031 
0.00002030 
0.00002029 
0.00002029 
0.00002025 
0.00002016 
0.00002029 
0.00002028 
0.00002018 
0.00002019 
0.00002014 
0.00002018 
0.00002010 
0.00002015 
0.00002014 
0.00002000 
0.00002000 
0.00002000 
0.00002016 
0.00002000 
0.00002000 
0.00001998 
0.00001994 
0.00001999 
0.00001999 
0.00001999 
0.00002010 
0.00002014 
0.00002015 
0.00002015 
0.00002023 
0.00002017 
0.00002016 
0.00002018 
0.00002016 
0.00002023 
0.00002014 
0.00002018 
0.00002023 
0.00002023 
0.00002020 
0.00002020 
0.00002027 
0.00002041 
0.00002036 
0.00002048 
0.00002034 
0.00002059 
0.00002060 
0.00002060 
0.00002056 
0.00002060 
0.00002066 
0.00002066 
0.00002051 
0.00002048 
0.00002031 
0.00002058 
0.00002059 
0.00002062 
0.00002087 
0.00002015 
0.00002020 
0.00002010 
0.00002017 
0.00002012 
0.00002000 
0.00001989 
0.00001976 
0.00001965 
0.00001972 
0.00001964 
0.00001976 
0.00001975 
0.00001955 
0.00001951 
0.00001953 
0.00001959 
0.00001959 
0.00001959 
0.00001954 
0.00001959 
0.00001963 
0.00001962 
0.00001962 
0.00001968 
0.00001972 
0.00001961 
0.00001973 
0.00001962 
0.00001965 
0.00001966 
0.00001965 
0.00001966 
0.00001966 
0.00001977 
0.00001977 
0.00001964 
0.00001972 
0.00001964 
0.00001964 
0.00001977 
0.00001962 
0.00001963 
0.00001967 
0.00001975 
0.00001976 
0.00001965 
0.00001966 
0.00001964 
0.00001963 
0.00001971 
0.00001977 
0.00002003 
0.00001994 
0.00001994 
0.00002003 
0.00001997 
0.00002000 
0.00002003 
0.00001997 
0.00002003 
0.00002012 
0.00002012 
0.00002007 
0.00002010 
0.00002013 
0.00002014 
0.00002022 
0.00002023 
0.00002036 
0.00002020 
0.00002013 
0.00002013 
0.00002021 
0.00002025 
0.00002036 
0.00002046 
0.00002035 
0.00002025 
0.00002023 
0.00002035 
0.00002019 
0.00002005 
0.00001998 
0.00001999 
0.00001998 
0.00001986 
0.00001988 
0.00001993 
0.00002000 
0.00001998 
0.00001990 
0.00002001 
0.00002012 
0.00002019 
0.00002019 
0.00002017 
0.00002028 
0.00002029 
0.00002016 
0.00002034 
0.00002037 
0.00002035 
0.00002019 
0.00002029 
0.00002033 
0.00002034 
0.00002039 
0.00002031 
0.00002040 
0.00002050 
0.00002050 
0.00002046 
0.00002048 
0.00002053 
0.00002058 
0.00002053 
0.00002061 
0.00002064 
0.00002066 
0.00002067 
0.00002070 
0.00002079 
0.00002069 
0.00002067 
0.00002075 
0.00002088 
0.00002093 
0.00002093 
0.00002093 
0.00002099 
0.00002094 
0.00002098 
0.00002098 
0.00002098 
0.00002100 
0.00002109 
0.00002109 
0.00002111 
0.00002111 
0.00002100 
0.00002092 
0.00002097 
0.00002097 
0.00002097 
0.00002100 
0.00002109 
0.00002104 
0.00002106 
0.00002111 
0.00002127 
0.00002118 
0.00002119 
0.00002137 
0.00002134 
0.00002125 
0.00002150 
0.00002160 
0.00002164 
0.00002149 
0.00002149 
0.00002166 
0.00002166 
0.00002152 
0.00002148 
0.00002149 
0.00002149 
0.00002161 
0.00002168 
0.00002166 
0.00002179 
0.00002167 
0.00002167 
0.00002168 
0.00002170 
0.00002170 
0.00002175 
0.00002174 
0.00002169 
0.00002169 
0.00002175 
0.00002169 
0.00002173 
0.00002173 
0.00002167 
0.00002175 
0.00002167 
0.00002166 
0.00002180 
0.00002180 
0.00002180 
0.00002179 
0.00002174 
0.00002174 
0.00002173 
0.00002162 
0.00002160 
0.00002157 
0.00002159 
0.00002180 
0.00002178 
0.00002179 
0.00002180 
0.00002182 
0.00002119 
0.00002159 
0.00002186 
0.00002186 
0.00002185 
0.00002166 
0.00002159 
0.00002147 
0.00002143 
0.00002151 
0.00002142 
0.00002159 
0.00002165 
0.00002180 
0.00002190 
0.00002183 
0.00002209 
0.00002200 
0.00002209 
0.00002200 
0.00002197 
0.00002204 
0.00002214 
0.00002207 
0.00002200 
0.00002197 
0.00002200 
0.00002207 
0.00002178 
0.00002191 
0.00002190 
0.00002177 
0.00002177 
0.00002181 
0.00002179 
0.00002191 
0.00002191 
0.00002179 
0.00002179 
0.00002174 
0.00002159 
0.00002164 
0.00002172 
0.00002142 
0.00002159 
0.00002130 
0.00002150 
0.00002157 
0.00002151 
0.00002130 
0.00002139 
0.00002139 
0.00002135 
0.00002135 
0.00002139 
0.00002141 
0.00002134 
0.00002145 
0.00002140 
0.00002135 
0.00002153 
0.00002145 
0.00002148 
0.00002150 
0.00002145 
0.00002145 
0.00002152 
0.00002139 
0.00002150 
0.00002138 
0.00002155 
0.00002154 
0.00002144 
0.00002143 
0.00002157 
0.00002149 
0.00002140 
0.00002126 
0.00002142 
0.00002149 
0.00002133 
0.00002144 
0.00002135 
0.00002139 
0.00002125 
0.00002127 
0.00002129 
0.00002132 
0.00002132 
0.00002132 
0.00002127 
0.00002127 
0.00002125 
0.00002123 
0.00002111 
0.00002100 
0.00002101 
0.00002103 
0.00002102 
0.00002100 
0.00002113 
0.00002099 
0.00002094 
0.00002099 
0.00002099 
0.00002104 
0.00002111 
0.00002096 
0.00002098 
0.00002097 
0.00002100 
0.00002090 
0.00002098 
0.00002099 
0.00002094 
0.00002080 
0.00002082 
0.00002087 
0.00002087 
0.00002083 
0.00002097 
0.00002102 
0.00002102 
0.00002102 
0.00002103 
0.00002117 
0.00002122 
0.00002130 
0.00002123 
0.00002126 
0.00002131 
0.00002123 
0.00002115 
0.00002121 
0.00002125 
0.00002120 
0.00002120 
0.00002116 
0.00002120 
0.00002121 
0.00002123 
0.00002127 
0.00002118 
0.00002127 
0.00002139 
0.00002130 
0.00002142 
0.00002148 
0.00002150 
0.00002143 
0.00002148 
0.00002142 
0.00002132 
0.00002128 
0.00002106 
0.00002130 
0.00002132 
0.00002133 
0.00002144 
0.00002145 
0.00002150 
0.00002148 
0.00002147 
0.00002131 
0.00002117 
0.00002106 
0.00002102 
0.00002104 
0.00002109 
0.00002102 
0.00002108 
0.00002112 
0.00002106 
0.00002107 
0.00002121 
0.00002119 
0.00002103 
0.00002102 
0.00002094 
0.00002089 
0.00002077 
0.00002061 
0.00002094 
0.00002100 
0.00002107 
0.00002094 
0.00002113 
0.00002124 
0.00002111 
0.00002111 
0.00002107 
0.00002105 
0.00002095 
0.00002094 
0.00002079 
0.00002072 
0.00002067 
0.00002057 
0.00002057 
0.00002058 
0.00002064 
0.00002057 
0.00002048 
0.00002041 
0.00002056 
0.00002065 
0.00002079 
0.00002072 
0.00002070 
0.00002059 
0.00002053 
0.00002042 
0.00002046 
0.00002055 
0.00002037 
0.00002031 
0.00002030 
0.00002029 
0.00002029 
0.00002025 
0.00002016 
0.00002029 
0.00002028 
0.00002018 
0.00002019 
0.00002014 
0.00002018 
0.00002010 
0.00002015 
0.00002014 
0.00002000 
0.00002000 
0.00002000 
0.00002016 
0.00002000 
0.00002000 
0.00001998 
0.00001994 
0.00001999 
0.00001999 
0.00001999 
0.00002010 
0.00002014 
0.00002015 
0.00002015 
0.00002023 
0.00002017 
0.00002016 
0.00002018 
0.00002016 
0.00002023 
0.00002014 
0.00002018 
0.00002023 
0.00002023 
0.00002020 
0.00002020 
0.00002027 
0.00002041 
0.00002036 
0.00002048 
0.00002034 
0.00002059 
0.00002060 
0.00002060 
0.00002056 
0.00002060 
0.00002066 
0.00002066 
0.00002051 
0.00002048 
0.00002031 
0.00002058 
0.00002059 
0.00002062 
0.00002087 
0.00002015 
0.00002020 
0.00002010 
0.00002017 
0.00002012 
0.00002000 
0.00001989 
0.00001976 
0.00001965 
0.00001972 
0.00001964 
0.00001976 
0.00001975 
0.00001955 
0.00001951 
0.00001953 
0.00001959 
0.00001959 
0.00001959 
0.00001954 
0.00001959 
0.00001963 
0.00001962 
0.00001962 
0.00001968 
0.00001972 
0.00001961 
0.00001973 
0.00001962 
0.00001965 
0.00001966 
0.00001965 
0.00001966 
0.00001966 
0.00001977 
0.00001977 
0.00001964 
0.00001972 
0.00001964 
0.00001964 
0.00001977 
0.00001962 
0.00001963 
0.00001967 
0.00001975 
0.00001976 
0.00001965 
0.00001966 
0.00001964 
0.00001963 
0.00001971 
0.00001977 
0.00002003 
0.00001994 
0.00001994 
0.00002003 
0.00001997 
0.00002000 
0.00002003 
0.00001997 
0.00002003 
0.00002012 
0.00002012 
0.00002007 
0.00002010 
0.00002013 
0.00002014 
0.00002022 
0.00002023 
0.00002036 
0.00002020 
0.00002013 
0.00002013 
0.00002021 
0.00002025 
0.00002036 
0.00002046 
0.00002035 
0.00002025 
0.00002023 
0.00002035 
0.00002019 
0.00002005 
0.00001998 
0.00001999 
0.00001998 
0.00001986 
0.00001988 
0.00001993 
0.00002000 
0.00001998 
0.00001990 
0.00002001 
0.00002012 
0.00002019 
0.00002019 
0.00002017 
0.00002028 
0.00002029 
0.00002016 
0.00002034 
0.00002037 
0.00002035 
0.00002019 
0.00002029 
0.00002033 
0.00002034 
0.00002039 
0.00002031 
0.00002040 
0.00002050 
0.00002050 
0.00002046 
0.00002048 
0.00002053 
0.00002058 
0.00002053 
0.00002061 
0.00002064 
0.00002066 
0.00002067 
0.00002070 
0.00002079 
0.00002069 
0.00002067 
0.00002075 
0.00002088 
0.00002093 
0.00002093 
0.00002093 
0.00002099 
0.00002094 
0.00002098 
0.00002098 
0.00002098 
0.00002100 
0.00002109 
0.00002109 
0.00002111 
0.00002111 
0.00002100 
0.00002092 
0.00002097 
0.00002097 
0.00002097 
0.00002100 
0.00002109 
0.00002104 
0.00002106 
0.00002111 
0.00002127 
0.00002118 
0.00002119 
0.00002137 
0.00002134 
0.00002125 
0.00002150 
0.00002160 
0.00002164 
0.00002149 
0.00002149 
0.00002166 
0.00002166 
0.00002152 
0.00002148 
0.00002149 
0.00002149 
0.00002161 
0.00002168 
0.00002166 
0.00002179 
0.00002167 
0.00002167 
0.00002168 
0.00002170 
0.00002170 
0.00002175 
0.00002174 
0.00002169 
0.00002169 
0.00002175 
0.00002169 
0.00002173 
0.00002173 
0.00002167 
0.00002175 
0.00002167 
0.00002166 
0.00002180 
0.00002180 
0.00002180 
0.00002179 
0.00002174 
0.00002174 
0.00002173 
0.00002162 
0.00002160 
0.00002157 
0.00002159 
0.00002180 
0.00002178 
0.00002179 
0.00002180 
0.00002182 
0.00002119 
0.00002159 
0.00002186 
0.00002186 
0.00002185 
0.00002166 
0.00002159 
0.00002147 
0.00002143 
0.00002151 
0.00002142 
0.00002159 
0.00002165 
0.00002180 
0.00002190 
0.00002183 
0.00002209 
0.00002200 
0.00002209 
0.00002200 
0.00002197 
0.00002204 
0.00002214 
0.00002207 
0.00002200 
0.00002197 
0.00002200 
0.00002207 
0.00002178 
0.00002191 
0.00002190 
0.00002177 
0.00002177 
0.00002181 
0.00002179 
0.00002191 
0.00002191 
0.00002179 
0.00002179 
