59372.00000000 
85251.00000000 
79995.00000000 
27346.00000000 
10630.00000000 
14259.00000000 
9470.00000000 
17213.00000000 
32441.00000000 
47932.00000000 
62055.00000000 
33171.00000000 
23039.00000000 
23566.00000000 
12179.00000000 
13331.00000000 
47810.00000000 
206111.00000000 
29258.00000000 
28040.00000000 
52863.00000000 
249471.00000000 
142116.00000000 
150458.00000000 
94139.00000000 
53362.00000000 
88047.00000000 
102823.00000000 
193484.00000000 
188198.00000000 
18293.00000000 
50763.00000000 
15077.00000000 
59230.00000000 
72808.00000000 
57528.00000000 
183576.00000000 
116958.00000000 
80399.00000000 
55880.00000000 
125237.00000000 
14772.00000000 
112143.00000000 
12290.00000000 
27495.00000000 
3958.00000000 
31106.00000000 
20921.00000000 
15922.00000000 
13137.00000000 
20020.00000000 
113389.00000000 
5964.00000000 
42987.00000000 
30609.00000000 
35229.00000000 
15915.00000000 
33206.00000000 
54998.00000000 
33554.00000000 
12889.00000000 
19892.00000000 
65123.00000000 
31978.00000000 
46228.00000000 
4189.00000000 
12514.00000000 
4426.00000000 
3998.00000000 
13353.00000000 
89767.00000000 
184495.00000000 
43846.00000000 
57022.00000000 
15214.00000000 
58327.00000000 
13254.00000000 
43409.00000000 
33772.00000000 
61628.00000000 
86604.00000000 
27013.00000000 
21331.00000000 
42134.00000000 
30783.00000000 
69143.00000000 
119158.00000000 
26709.00000000 
7916.00000000 
21534.00000000 
88721.00000000 
98721.00000000 
196967.00000000 
69593.00000000 
11448.00000000 
55240.00000000 
20154.00000000 
68542.00000000 
118973.00000000 
237878.00000000 
78883.00000000 
83894.00000000 
83104.00000000 
151353.00000000 
133509.00000000 
190372.00000000 
104296.00000000 
98365.00000000 
79439.00000000 
11754.00000000 
45417.00000000 
110296.00000000 
56361.00000000 
54814.00000000 
164553.00000000 
238015.00000000 
165831.00000000 
91574.00000000 
120582.00000000 
85996.00000000 
484069.00000000 
192306.00000000 
204065.00000000 
80271.00000000 
224071.00000000 
115826.00000000 
159812.00000000 
71874.00000000 
9387.00000000 
65648.00000000 
112545.00000000 
93999.00000000 
118882.00000000 
208417.00000000 
112539.00000000 
119262.00000000 
76887.00000000 
104012.00000000 
71529.00000000 
143723.00000000 
143758.00000000 
204214.00000000 
211313.00000000 
174297.00000000 
261833.00000000 
116905.00000000 
149655.00000000 
208437.00000000 
111387.00000000 
234222.00000000 
556085.00000000 
263209.00000000 
263980.00000000 
49325.00000000 
37097.00000000 
191622.00000000 
114673.00000000 
82189.00000000 
110059.00000000 
88601.00000000 
63905.00000000 
23076.00000000 
61040.00000000 
28742.00000000 
18735.00000000 
222114.00000000 
26516.00000000 
42101.00000000 
106015.00000000 
150387.00000000 
97089.00000000 
110461.00000000 
13970.00000000 
82545.00000000 
85328.00000000 
33821.00000000 
15388.00000000 
51309.00000000 
17164.00000000 
118355.00000000 
48761.00000000 
57768.00000000 
46576.00000000 
43737.00000000 
59778.00000000 
46361.00000000 
74517.00000000 
67427.00000000 
93239.00000000 
100716.00000000 
53878.00000000 
46085.00000000 
83035.00000000 
25131.00000000 
13202.00000000 
29013.00000000 
7002.00000000 
18399.00000000 
89521.00000000 
6775.00000000 
1904.00000000 
116399.00000000 
24979.00000000 
3117.00000000 
21541.00000000 
1430.00000000 
39743.00000000 
11402.00000000 
29823.00000000 
145215.00000000 
2053.00000000 
32253.00000000 
42063.00000000 
14576.00000000 
34478.00000000 
21451.00000000 
68689.00000000 
2927.00000000 
89712.00000000 
32232.00000000 
37779.00000000 
52615.00000000 
82557.00000000 
61414.00000000 
78655.00000000 
108900.00000000 
16722.00000000 
23009.00000000 
27695.00000000 
15410.00000000 
110592.00000000 
172421.00000000 
235169.00000000 
128246.00000000 
249499.00000000 
209449.00000000 
293155.00000000 
405740.00000000 
226084.00000000 
161028.00000000 
80629.00000000 
70240.00000000 
206671.00000000 
53342.00000000 
100647.00000000 
45712.00000000 
32034.00000000 
29534.00000000 
33201.00000000 
24245.00000000 
78702.00000000 
67086.00000000 
41813.00000000 
27896.00000000 
46471.00000000 
108881.00000000 
33510.00000000 
62133.00000000 
16828.00000000 
95997.00000000 
22676.00000000 
78402.00000000 
35895.00000000 
74477.00000000 
212832.00000000 
30280.00000000 
130666.00000000 
52670.00000000 
10754.00000000 
31111.00000000 
71326.00000000 
60759.00000000 
279913.00000000 
118357.00000000 
265250.00000000 
22287.00000000 
57405.00000000 
177840.00000000 
37424.00000000 
47916.00000000 
401256.00000000 
135699.00000000 
111145.00000000 
68584.00000000 
225213.00000000 
144741.00000000 
76314.00000000 
43769.00000000 
69525.00000000 
38690.00000000 
44381.00000000 
9228.00000000 
48259.00000000 
99668.00000000 
17584.00000000 
19061.00000000 
85648.00000000 
128721.00000000 
48413.00000000 
167671.00000000 
35023.00000000 
1076326.00000000 
169480.00000000 
38005.00000000 
16282.00000000 
28932.00000000 
4069.00000000 
12685.00000000 
13939.00000000 
25251.00000000 
33089.00000000 
66174.00000000 
37126.00000000 
27529.00000000 
109723.00000000 
24707.00000000 
51847.00000000 
105416.00000000 
96402.00000000 
57149.00000000 
102393.00000000 
26040.00000000 
32139.00000000 
28172.00000000 
27059.00000000 
57553.00000000 
145221.00000000 
147829.00000000 
93930.00000000 
50523.00000000 
46175.00000000 
30346.00000000 
25989.00000000 
150273.00000000 
30283.00000000 
65463.00000000 
53143.00000000 
126432.00000000 
145947.00000000 
68223.00000000 
60552.00000000 
73487.00000000 
30254.00000000 
86602.00000000 
171539.00000000 
23927.00000000 
18880.00000000 
57225.00000000 
40038.00000000 
58739.00000000 
54471.00000000 
51426.00000000 
30916.00000000 
139640.00000000 
318414.00000000 
53474.00000000 
69863.00000000 
148536.00000000 
68064.00000000 
57915.00000000 
50262.00000000 
197553.00000000 
52630.00000000 
105711.00000000 
40415.00000000 
130012.00000000 
85855.00000000 
239060.00000000 
97828.00000000 
426210.00000000 
164799.00000000 
37409.00000000 
47338.00000000 
23694.00000000 
119529.00000000 
30416.00000000 
19653.00000000 
36161.00000000 
85174.00000000 
79181.00000000 
129438.00000000 
64703.00000000 
113804.00000000 
71386.00000000 
68397.00000000 
50330.00000000 
200773.00000000 
45540.00000000 
27707.00000000 
38936.00000000 
25087.00000000 
139438.00000000 
34565.00000000 
57975.00000000 
158878.00000000 
15139.00000000 
37976.00000000 
50735.00000000 
68424.00000000 
6002.00000000 
29218.00000000 
31777.00000000 
14907.00000000 
22307.00000000 
9238.00000000 
9908.00000000 
6034.00000000 
25298.00000000 
7014.00000000 
226059.00000000 
36483.00000000 
219114.00000000 
75093.00000000 
76444.00000000 
148944.00000000 
4012.00000000 
6860.00000000 
82332.00000000 
12523.00000000 
49554.00000000 
27573.00000000 
2835.00000000 
8062.00000000 
37325.00000000 
20561.00000000 
20226.00000000 
19598.00000000 
44831.00000000 
57542.00000000 
128933.00000000 
69397.00000000 
32426.00000000 
132725.00000000 
39247.00000000 
26009.00000000 
18542.00000000 
7950.00000000 
5854.00000000 
65047.00000000 
4196.00000000 
117335.00000000 
66228.00000000 
17681.00000000 
91128.00000000 
252212.00000000 
44603.00000000 
9113.00000000 
62726.00000000 
19648.00000000 
9010.00000000 
3230.00000000 
31782.00000000 
364862.00000000 
32414.00000000 
108136.00000000 
116912.00000000 
20315.00000000 
146278.00000000 
12130.00000000 
33497.00000000 
29019.00000000 
84948.00000000 
69133.00000000 
55759.00000000 
5143.00000000 
7367.00000000 
27607.00000000 
58594.00000000 
70988.00000000 
112575.00000000 
189677.00000000 
133292.00000000 
2490.00000000 
58216.00000000 
11202.00000000 
28365.00000000 
11077.00000000 
23171.00000000 
39571.00000000 
14032.00000000 
59372.00000000 
85251.00000000 
79995.00000000 
27346.00000000 
10630.00000000 
14259.00000000 
9470.00000000 
17213.00000000 
32441.00000000 
47932.00000000 
62055.00000000 
33171.00000000 
23039.00000000 
23566.00000000 
12179.00000000 
13331.00000000 
47810.00000000 
206111.00000000 
29258.00000000 
28040.00000000 
52863.00000000 
249471.00000000 
142116.00000000 
150458.00000000 
94139.00000000 
53362.00000000 
88047.00000000 
102823.00000000 
193484.00000000 
188198.00000000 
18293.00000000 
50763.00000000 
15077.00000000 
59230.00000000 
72808.00000000 
57528.00000000 
183576.00000000 
116958.00000000 
80399.00000000 
55880.00000000 
125237.00000000 
14772.00000000 
112143.00000000 
12290.00000000 
27495.00000000 
3958.00000000 
31106.00000000 
20921.00000000 
15922.00000000 
13137.00000000 
20020.00000000 
113389.00000000 
5964.00000000 
42987.00000000 
30609.00000000 
35229.00000000 
15915.00000000 
33206.00000000 
54998.00000000 
33554.00000000 
12889.00000000 
19892.00000000 
65123.00000000 
31978.00000000 
46228.00000000 
4189.00000000 
12514.00000000 
4426.00000000 
3998.00000000 
13353.00000000 
89767.00000000 
184495.00000000 
43846.00000000 
57022.00000000 
15214.00000000 
58327.00000000 
13254.00000000 
43409.00000000 
33772.00000000 
61628.00000000 
86604.00000000 
27013.00000000 
21331.00000000 
42134.00000000 
30783.00000000 
69143.00000000 
119158.00000000 
26709.00000000 
7916.00000000 
21534.00000000 
88721.00000000 
98721.00000000 
196967.00000000 
69593.00000000 
11448.00000000 
55240.00000000 
20154.00000000 
68542.00000000 
118973.00000000 
237878.00000000 
78883.00000000 
83894.00000000 
83104.00000000 
151353.00000000 
133509.00000000 
190372.00000000 
104296.00000000 
98365.00000000 
79439.00000000 
11754.00000000 
45417.00000000 
110296.00000000 
56361.00000000 
54814.00000000 
164553.00000000 
238015.00000000 
165831.00000000 
91574.00000000 
120582.00000000 
85996.00000000 
484069.00000000 
192306.00000000 
204065.00000000 
80271.00000000 
224071.00000000 
115826.00000000 
159812.00000000 
71874.00000000 
9387.00000000 
65648.00000000 
112545.00000000 
93999.00000000 
118882.00000000 
208417.00000000 
112539.00000000 
119262.00000000 
76887.00000000 
104012.00000000 
71529.00000000 
143723.00000000 
143758.00000000 
204214.00000000 
211313.00000000 
174297.00000000 
261833.00000000 
116905.00000000 
149655.00000000 
208437.00000000 
111387.00000000 
234222.00000000 
556085.00000000 
263209.00000000 
263980.00000000 
49325.00000000 
37097.00000000 
191622.00000000 
114673.00000000 
82189.00000000 
110059.00000000 
88601.00000000 
63905.00000000 
23076.00000000 
61040.00000000 
28742.00000000 
18735.00000000 
222114.00000000 
26516.00000000 
42101.00000000 
106015.00000000 
150387.00000000 
97089.00000000 
110461.00000000 
13970.00000000 
82545.00000000 
85328.00000000 
33821.00000000 
15388.00000000 
51309.00000000 
17164.00000000 
118355.00000000 
48761.00000000 
57768.00000000 
46576.00000000 
43737.00000000 
59778.00000000 
46361.00000000 
74517.00000000 
67427.00000000 
93239.00000000 
100716.00000000 
53878.00000000 
46085.00000000 
83035.00000000 
25131.00000000 
13202.00000000 
29013.00000000 
7002.00000000 
18399.00000000 
89521.00000000 
6775.00000000 
1904.00000000 
116399.00000000 
24979.00000000 
3117.00000000 
21541.00000000 
1430.00000000 
39743.00000000 
11402.00000000 
29823.00000000 
145215.00000000 
2053.00000000 
32253.00000000 
42063.00000000 
14576.00000000 
34478.00000000 
21451.00000000 
68689.00000000 
2927.00000000 
89712.00000000 
32232.00000000 
37779.00000000 
52615.00000000 
82557.00000000 
61414.00000000 
78655.00000000 
108900.00000000 
16722.00000000 
23009.00000000 
27695.00000000 
15410.00000000 
110592.00000000 
172421.00000000 
235169.00000000 
128246.00000000 
249499.00000000 
209449.00000000 
293155.00000000 
405740.00000000 
226084.00000000 
161028.00000000 
80629.00000000 
70240.00000000 
206671.00000000 
53342.00000000 
100647.00000000 
45712.00000000 
32034.00000000 
29534.00000000 
33201.00000000 
24245.00000000 
78702.00000000 
67086.00000000 
41813.00000000 
27896.00000000 
46471.00000000 
108881.00000000 
33510.00000000 
62133.00000000 
16828.00000000 
95997.00000000 
22676.00000000 
78402.00000000 
35895.00000000 
74477.00000000 
212832.00000000 
30280.00000000 
130666.00000000 
52670.00000000 
10754.00000000 
31111.00000000 
71326.00000000 
60759.00000000 
279913.00000000 
118357.00000000 
265250.00000000 
22287.00000000 
57405.00000000 
177840.00000000 
37424.00000000 
47916.00000000 
401256.00000000 
135699.00000000 
111145.00000000 
68584.00000000 
225213.00000000 
144741.00000000 
76314.00000000 
43769.00000000 
69525.00000000 
38690.00000000 
44381.00000000 
9228.00000000 
48259.00000000 
99668.00000000 
17584.00000000 
19061.00000000 
85648.00000000 
128721.00000000 
48413.00000000 
167671.00000000 
35023.00000000 
1076326.00000000 
169480.00000000 
38005.00000000 
16282.00000000 
28932.00000000 
4069.00000000 
12685.00000000 
13939.00000000 
25251.00000000 
33089.00000000 
66174.00000000 
37126.00000000 
27529.00000000 
109723.00000000 
24707.00000000 
51847.00000000 
105416.00000000 
96402.00000000 
57149.00000000 
102393.00000000 
26040.00000000 
32139.00000000 
28172.00000000 
27059.00000000 
57553.00000000 
145221.00000000 
147829.00000000 
93930.00000000 
50523.00000000 
46175.00000000 
30346.00000000 
25989.00000000 
150273.00000000 
30283.00000000 
65463.00000000 
53143.00000000 
126432.00000000 
145947.00000000 
68223.00000000 
60552.00000000 
73487.00000000 
30254.00000000 
86602.00000000 
171539.00000000 
23927.00000000 
18880.00000000 
57225.00000000 
40038.00000000 
58739.00000000 
54471.00000000 
51426.00000000 
30916.00000000 
139640.00000000 
318414.00000000 
53474.00000000 
69863.00000000 
148536.00000000 
68064.00000000 
57915.00000000 
50262.00000000 
197553.00000000 
52630.00000000 
105711.00000000 
40415.00000000 
130012.00000000 
85855.00000000 
239060.00000000 
97828.00000000 
426210.00000000 
164799.00000000 
37409.00000000 
47338.00000000 
23694.00000000 
119529.00000000 
30416.00000000 
19653.00000000 
36161.00000000 
85174.00000000 
79181.00000000 
129438.00000000 
64703.00000000 
113804.00000000 
71386.00000000 
68397.00000000 
50330.00000000 
200773.00000000 
45540.00000000 
27707.00000000 
38936.00000000 
25087.00000000 
139438.00000000 
34565.00000000 
57975.00000000 
158878.00000000 
15139.00000000 
37976.00000000 
50735.00000000 
68424.00000000 
6002.00000000 
29218.00000000 
31777.00000000 
14907.00000000 
22307.00000000 
9238.00000000 
9908.00000000 
6034.00000000 
25298.00000000 
7014.00000000 
226059.00000000 
36483.00000000 
219114.00000000 
75093.00000000 
76444.00000000 
148944.00000000 
4012.00000000 
6860.00000000 
82332.00000000 
12523.00000000 
49554.00000000 
27573.00000000 
2835.00000000 
8062.00000000 
37325.00000000 
20561.00000000 
20226.00000000 
19598.00000000 
44831.00000000 
57542.00000000 
128933.00000000 
69397.00000000 
32426.00000000 
132725.00000000 
39247.00000000 
26009.00000000 
18542.00000000 
7950.00000000 
5854.00000000 
65047.00000000 
4196.00000000 
117335.00000000 
66228.00000000 
17681.00000000 
91128.00000000 
252212.00000000 
44603.00000000 
9113.00000000 
62726.00000000 
19648.00000000 
9010.00000000 
3230.00000000 
31782.00000000 
364862.00000000 
32414.00000000 
108136.00000000 
116912.00000000 
20315.00000000 
146278.00000000 
12130.00000000 
33497.00000000 
29019.00000000 
84948.00000000 
69133.00000000 
55759.00000000 
5143.00000000 
7367.00000000 
27607.00000000 
58594.00000000 
70988.00000000 
112575.00000000 
189677.00000000 
133292.00000000 
2490.00000000 
58216.00000000 
11202.00000000 
28365.00000000 
11077.00000000 
23171.00000000 
39571.00000000 
14032.00000000 
59372.00000000 
85251.00000000 
79995.00000000 
27346.00000000 
10630.00000000 
14259.00000000 
9470.00000000 
17213.00000000 
32441.00000000 
47932.00000000 
62055.00000000 
33171.00000000 
23039.00000000 
23566.00000000 
12179.00000000 
13331.00000000 
47810.00000000 
206111.00000000 
29258.00000000 
28040.00000000 
52863.00000000 
249471.00000000 
142116.00000000 
150458.00000000 
94139.00000000 
53362.00000000 
88047.00000000 
102823.00000000 
193484.00000000 
188198.00000000 
18293.00000000 
50763.00000000 
15077.00000000 
59230.00000000 
72808.00000000 
57528.00000000 
183576.00000000 
116958.00000000 
80399.00000000 
55880.00000000 
125237.00000000 
14772.00000000 
112143.00000000 
12290.00000000 
27495.00000000 
3958.00000000 
31106.00000000 
20921.00000000 
15922.00000000 
13137.00000000 
20020.00000000 
113389.00000000 
5964.00000000 
42987.00000000 
30609.00000000 
35229.00000000 
15915.00000000 
33206.00000000 
54998.00000000 
33554.00000000 
12889.00000000 
19892.00000000 
65123.00000000 
31978.00000000 
46228.00000000 
4189.00000000 
12514.00000000 
4426.00000000 
3998.00000000 
13353.00000000 
89767.00000000 
184495.00000000 
43846.00000000 
57022.00000000 
15214.00000000 
58327.00000000 
13254.00000000 
43409.00000000 
33772.00000000 
61628.00000000 
86604.00000000 
27013.00000000 
21331.00000000 
42134.00000000 
30783.00000000 
69143.00000000 
119158.00000000 
26709.00000000 
7916.00000000 
21534.00000000 
88721.00000000 
98721.00000000 
196967.00000000 
69593.00000000 
11448.00000000 
55240.00000000 
20154.00000000 
68542.00000000 
118973.00000000 
237878.00000000 
78883.00000000 
83894.00000000 
83104.00000000 
151353.00000000 
133509.00000000 
190372.00000000 
104296.00000000 
98365.00000000 
79439.00000000 
11754.00000000 
45417.00000000 
110296.00000000 
56361.00000000 
54814.00000000 
164553.00000000 
238015.00000000 
165831.00000000 
91574.00000000 
120582.00000000 
85996.00000000 
484069.00000000 
192306.00000000 
204065.00000000 
80271.00000000 
224071.00000000 
115826.00000000 
159812.00000000 
71874.00000000 
9387.00000000 
65648.00000000 
112545.00000000 
93999.00000000 
118882.00000000 
208417.00000000 
112539.00000000 
119262.00000000 
76887.00000000 
104012.00000000 
71529.00000000 
143723.00000000 
143758.00000000 
204214.00000000 
211313.00000000 
174297.00000000 
261833.00000000 
116905.00000000 
149655.00000000 
208437.00000000 
111387.00000000 
234222.00000000 
556085.00000000 
263209.00000000 
263980.00000000 
49325.00000000 
37097.00000000 
191622.00000000 
114673.00000000 
82189.00000000 
110059.00000000 
88601.00000000 
63905.00000000 
23076.00000000 
61040.00000000 
28742.00000000 
18735.00000000 
222114.00000000 
26516.00000000 
42101.00000000 
106015.00000000 
150387.00000000 
97089.00000000 
110461.00000000 
13970.00000000 
82545.00000000 
85328.00000000 
33821.00000000 
15388.00000000 
51309.00000000 
17164.00000000 
118355.00000000 
48761.00000000 
57768.00000000 
46576.00000000 
43737.00000000 
59778.00000000 
46361.00000000 
74517.00000000 
67427.00000000 
93239.00000000 
100716.00000000 
53878.00000000 
46085.00000000 
83035.00000000 
25131.00000000 
13202.00000000 
29013.00000000 
7002.00000000 
18399.00000000 
89521.00000000 
6775.00000000 
1904.00000000 
116399.00000000 
24979.00000000 
3117.00000000 
21541.00000000 
1430.00000000 
39743.00000000 
11402.00000000 
29823.00000000 
145215.00000000 
2053.00000000 
32253.00000000 
42063.00000000 
14576.00000000 
34478.00000000 
21451.00000000 
68689.00000000 
2927.00000000 
89712.00000000 
32232.00000000 
37779.00000000 
52615.00000000 
82557.00000000 
61414.00000000 
78655.00000000 
108900.00000000 
16722.00000000 
23009.00000000 
27695.00000000 
15410.00000000 
110592.00000000 
172421.00000000 
235169.00000000 
128246.00000000 
249499.00000000 
209449.00000000 
293155.00000000 
405740.00000000 
226084.00000000 
161028.00000000 
80629.00000000 
70240.00000000 
206671.00000000 
53342.00000000 
100647.00000000 
45712.00000000 
32034.00000000 
29534.00000000 
33201.00000000 
24245.00000000 
78702.00000000 
67086.00000000 
41813.00000000 
27896.00000000 
46471.00000000 
108881.00000000 
33510.00000000 
62133.00000000 
16828.00000000 
95997.00000000 
22676.00000000 
78402.00000000 
35895.00000000 
74477.00000000 
212832.00000000 
30280.00000000 
130666.00000000 
52670.00000000 
10754.00000000 
31111.00000000 
71326.00000000 
60759.00000000 
279913.00000000 
118357.00000000 
265250.00000000 
22287.00000000 
57405.00000000 
177840.00000000 
37424.00000000 
47916.00000000 
401256.00000000 
135699.00000000 
111145.00000000 
68584.00000000 
225213.00000000 
144741.00000000 
76314.00000000 
43769.00000000 
69525.00000000 
38690.00000000 
44381.00000000 
9228.00000000 
48259.00000000 
99668.00000000 
17584.00000000 
19061.00000000 
85648.00000000 
128721.00000000 
48413.00000000 
167671.00000000 
35023.00000000 
1076326.00000000 
169480.00000000 
38005.00000000 
16282.00000000 
28932.00000000 
4069.00000000 
12685.00000000 
13939.00000000 
25251.00000000 
33089.00000000 
66174.00000000 
37126.00000000 
27529.00000000 
109723.00000000 
24707.00000000 
51847.00000000 
105416.00000000 
96402.00000000 
57149.00000000 
102393.00000000 
26040.00000000 
32139.00000000 
28172.00000000 
27059.00000000 
57553.00000000 
145221.00000000 
147829.00000000 
93930.00000000 
50523.00000000 
46175.00000000 
30346.00000000 
25989.00000000 
150273.00000000 
30283.00000000 
65463.00000000 
53143.00000000 
126432.00000000 
145947.00000000 
68223.00000000 
60552.00000000 
73487.00000000 
30254.00000000 
86602.00000000 
171539.00000000 
23927.00000000 
18880.00000000 
57225.00000000 
40038.00000000 
58739.00000000 
54471.00000000 
51426.00000000 
30916.00000000 
139640.00000000 
318414.00000000 
53474.00000000 
69863.00000000 
148536.00000000 
68064.00000000 
57915.00000000 
50262.00000000 
197553.00000000 
52630.00000000 
105711.00000000 
40415.00000000 
130012.00000000 
85855.00000000 
239060.00000000 
97828.00000000 
426210.00000000 
164799.00000000 
37409.00000000 
47338.00000000 
23694.00000000 
119529.00000000 
30416.00000000 
19653.00000000 
36161.00000000 
85174.00000000 
79181.00000000 
129438.00000000 
64703.00000000 
113804.00000000 
71386.00000000 
68397.00000000 
50330.00000000 
200773.00000000 
45540.00000000 
27707.00000000 
38936.00000000 
25087.00000000 
139438.00000000 
34565.00000000 
57975.00000000 
158878.00000000 
15139.00000000 
37976.00000000 
50735.00000000 
68424.00000000 
6002.00000000 
29218.00000000 
31777.00000000 
14907.00000000 
22307.00000000 
9238.00000000 
9908.00000000 
6034.00000000 
25298.00000000 
7014.00000000 
226059.00000000 
36483.00000000 
219114.00000000 
75093.00000000 
76444.00000000 
148944.00000000 
4012.00000000 
6860.00000000 
82332.00000000 
12523.00000000 
49554.00000000 
27573.00000000 
2835.00000000 
8062.00000000 
37325.00000000 
20561.00000000 
20226.00000000 
19598.00000000 
44831.00000000 
57542.00000000 
128933.00000000 
69397.00000000 
32426.00000000 
132725.00000000 
39247.00000000 
26009.00000000 
18542.00000000 
7950.00000000 
5854.00000000 
65047.00000000 
4196.00000000 
117335.00000000 
66228.00000000 
17681.00000000 
91128.00000000 
252212.00000000 
44603.00000000 
9113.00000000 
62726.00000000 
19648.00000000 
9010.00000000 
3230.00000000 
31782.00000000 
364862.00000000 
32414.00000000 
108136.00000000 
116912.00000000 
20315.00000000 
146278.00000000 
12130.00000000 
33497.00000000 
29019.00000000 
84948.00000000 
69133.00000000 
55759.00000000 
5143.00000000 
7367.00000000 
27607.00000000 
58594.00000000 
70988.00000000 
112575.00000000 
189677.00000000 
133292.00000000 
2490.00000000 
58216.00000000 
11202.00000000 
28365.00000000 
11077.00000000 
23171.00000000 
39571.00000000 
14032.00000000 
