0.00009568 
0.00009568 
0.00009584 
0.00009684 
0.00009684 
0.00009679 
0.00009678 
0.00009679 
0.00009585 
0.00009501 
0.00009501 
0.00009579 
0.00009515 
0.00009523 
0.00009486 
0.00009639 
0.00009642 
0.00009695 
0.00009695 
0.00009650 
0.00009672 
0.00009616 
0.00009672 
0.00009677 
0.00009667 
0.00009631 
0.00009630 
0.00009594 
0.00009683 
0.00009693 
0.00009681 
0.00009681 
0.00009645 
0.00009683 
0.00009679 
0.00009800 
0.00009812 
0.00009810 
0.00009810 
0.00009752 
0.00009755 
0.00009693 
0.00009777 
0.00009681 
0.00009679 
0.00009700 
0.00009679 
0.00009744 
0.00009660 
0.00009637 
0.00009641 
0.00009741 
0.00009569 
0.00009564 
0.00009500 
0.00009540 
0.00009568 
0.00009634 
0.00009676 
0.00009650 
0.00009660 
0.00009708 
0.00009569 
0.00009569 
0.00009505 
0.00009560 
0.00009502 
0.00009531 
0.00009523 
0.00009530 
0.00009531 
0.00009531 
0.00009531 
0.00009523 
0.00009435 
0.00009511 
0.00009519 
0.00009511 
0.00009520 
0.00009520 
0.00009527 
0.00009529 
0.00009434 
0.00009521 
0.00009521 
0.00009569 
0.00009514 
0.00009511 
0.00009434 
0.00009427 
0.00009400 
0.00009427 
0.00009352 
0.00009356 
0.00009345 
0.00009325 
0.00009400 
0.00009607 
0.00009606 
0.00009602 
0.00009643 
0.00009792 
0.00009733 
0.00009741 
0.00009643 
0.00009604 
0.00009556 
0.00009439 
0.00009500 
0.00009486 
0.00009449 
0.00009421 
0.00009444 
0.00009390 
0.00009389 
0.00009299 
0.00009299 
0.00009298 
0.00009214 
0.00009298 
0.00009275 
0.00009263 
0.00009175 
0.00009365 
0.00009357 
0.00009259 
0.00009300 
0.00009380 
0.00009382 
0.00009382 
0.00009296 
0.00009371 
0.00009290 
0.00009314 
0.00009307 
0.00009249 
0.00009250 
0.00009250 
0.00009249 
0.00009250 
0.00009241 
0.00009248 
0.00009246 
0.00009299 
0.00009348 
0.00009427 
0.00009453 
0.00009453 
0.00009453 
0.00009527 
0.00009577 
0.00009526 
0.00009526 
0.00009526 
0.00009527 
0.00009532 
0.00009424 
0.00009409 
0.00009423 
0.00009437 
0.00009441 
0.00009446 
0.00009488 
0.00009495 
0.00009601 
0.00009601 
0.00009669 
0.00009425 
0.00009457 
0.00009425 
0.00009250 
0.00009124 
0.00009054 
0.00009048 
0.00009063 
0.00008994 
0.00009061 
0.00009071 
0.00009071 
0.00009065 
0.00008993 
0.00008992 
0.00008991 
0.00009069 
0.00009001 
0.00008987 
0.00009000 
0.00009008 
0.00008865 
0.00008865 
0.00008865 
0.00008847 
0.00008840 
0.00008794 
0.00008756 
0.00008763 
0.00008763 
0.00008730 
0.00008730 
0.00008772 
0.00008730 
0.00008726 
0.00008725 
0.00008693 
0.00008693 
0.00008723 
0.00008692 
0.00008695 
0.00008692 
0.00008692 
0.00008700 
0.00008752 
0.00008752 
0.00008701 
0.00008752 
0.00008752 
0.00008753 
0.00008786 
0.00008783 
0.00008783 
0.00008707 
0.00008849 
0.00008849 
0.00008890 
0.00008856 
0.00008817 
0.00008800 
0.00008717 
0.00008746 
0.00008810 
0.00008750 
0.00008807 
0.00008723 
0.00008769 
0.00008777 
0.00008950 
0.00008900 
0.00008900 
0.00008975 
0.00008899 
0.00008965 
0.00008920 
0.00008802 
0.00008807 
0.00008791 
0.00008800 
0.00008718 
0.00008822 
0.00008739 
0.00008780 
0.00008785 
0.00009020 
0.00008989 
0.00008998 
0.00008880 
0.00008736 
0.00008769 
0.00008771 
0.00008661 
0.00008655 
0.00008669 
0.00008625 
0.00008777 
0.00008776 
0.00008741 
0.00008901 
0.00009041 
0.00009016 
0.00008899 
0.00008780 
0.00008681 
0.00008488 
0.00008376 
0.00008318 
0.00008338 
0.00008909 
0.00009065 
0.00009673 
0.00008232 
0.00008235 
0.00008234 
0.00008270 
0.00008332 
0.00008431 
0.00008287 
0.00008331 
0.00008265 
0.00008339 
0.00008266 
0.00008148 
0.00008111 
0.00008102 
0.00008100 
0.00008102 
0.00008032 
0.00008032 
0.00008039 
0.00008032 
0.00008060 
0.00008139 
0.00008080 
0.00008007 
0.00008020 
0.00008100 
0.00008058 
0.00008097 
0.00008096 
0.00008086 
0.00008231 
0.00008321 
0.00008271 
0.00008264 
0.00008276 
0.00008311 
0.00008333 
0.00008335 
0.00008263 
0.00008263 
0.00008305 
0.00008264 
0.00008255 
0.00008261 
0.00008253 
0.00008289 
0.00008318 
0.00008254 
0.00008306 
0.00008300 
0.00008240 
0.00008306 
0.00008310 
0.00008402 
0.00008421 
0.00008420 
0.00008448 
0.00008457 
0.00008495 
0.00008485 
0.00008494 
0.00008553 
0.00008496 
0.00008537 
0.00008582 
0.00008532 
0.00008550 
0.00008637 
0.00008635 
0.00008566 
0.00008483 
0.00008467 
0.00008529 
0.00008512 
0.00008455 
0.00008371 
0.00008496 
0.00008455 
0.00008572 
0.00008510 
0.00008494 
0.00008423 
0.00008452 
0.00008563 
0.00008597 
0.00008681 
0.00008597 
0.00008604 
0.00008686 
0.00008686 
0.00008687 
0.00008686 
0.00008687 
0.00008689 
0.00008786 
0.00008765 
0.00008787 
0.00008732 
0.00008732 
0.00008733 
0.00008707 
0.00008654 
0.00008662 
0.00008581 
0.00008674 
0.00008784 
0.00008784 
0.00008749 
0.00008715 
0.00008730 
0.00008736 
0.00008802 
0.00008752 
0.00008667 
0.00008666 
0.00008664 
0.00008672 
0.00008754 
0.00008756 
0.00008650 
0.00008698 
0.00008695 
0.00008746 
0.00008746 
0.00008741 
0.00008746 
0.00008751 
0.00008752 
0.00008807 
0.00008812 
0.00008827 
0.00008830 
0.00008818 
0.00008821 
0.00008821 
0.00008820 
0.00008820 
0.00008743 
0.00008822 
0.00008816 
0.00008782 
0.00008824 
0.00008810 
0.00008783 
0.00008826 
0.00008791 
0.00008792 
0.00008834 
0.00008833 
0.00008833 
0.00008801 
0.00008816 
0.00008898 
0.00008870 
0.00008865 
0.00008942 
0.00008942 
0.00008942 
0.00009068 
0.00008908 
0.00008846 
0.00008884 
0.00008914 
0.00008898 
0.00008848 
0.00008910 
0.00009090 
0.00009090 
0.00009153 
0.00009128 
0.00009092 
0.00008973 
0.00009105 
0.00008829 
0.00008936 
0.00009004 
0.00009032 
0.00008968 
0.00009077 
0.00008980 
0.00009193 
0.00009196 
0.00009187 
0.00009172 
0.00009173 
0.00009221 
0.00009220 
0.00009307 
0.00009260 
0.00009295 
0.00009291 
0.00009224 
0.00009280 
0.00009223 
0.00009184 
0.00009138 
0.00009123 
0.00009123 
0.00009119 
0.00009119 
0.00009030 
0.00008983 
0.00009568 
0.00009568 
0.00009584 
0.00009684 
0.00009684 
0.00009679 
0.00009678 
0.00009679 
0.00009585 
0.00009501 
0.00009501 
0.00009579 
0.00009515 
0.00009523 
0.00009486 
0.00009639 
0.00009642 
0.00009695 
0.00009695 
0.00009650 
0.00009672 
0.00009616 
0.00009672 
0.00009677 
0.00009667 
0.00009631 
0.00009630 
0.00009594 
0.00009683 
0.00009693 
0.00009681 
0.00009681 
0.00009645 
0.00009683 
0.00009679 
0.00009800 
0.00009812 
0.00009810 
0.00009810 
0.00009752 
0.00009755 
0.00009693 
0.00009777 
0.00009681 
0.00009679 
0.00009700 
0.00009679 
0.00009744 
0.00009660 
0.00009637 
0.00009641 
0.00009741 
0.00009569 
0.00009564 
0.00009500 
0.00009540 
0.00009568 
0.00009634 
0.00009676 
0.00009650 
0.00009660 
0.00009708 
0.00009569 
0.00009569 
0.00009505 
0.00009560 
0.00009502 
0.00009531 
0.00009523 
0.00009530 
0.00009531 
0.00009531 
0.00009531 
0.00009523 
0.00009435 
0.00009511 
0.00009519 
0.00009511 
0.00009520 
0.00009520 
0.00009527 
0.00009529 
0.00009434 
0.00009521 
0.00009521 
0.00009569 
0.00009514 
0.00009511 
0.00009434 
0.00009427 
0.00009400 
0.00009427 
0.00009352 
0.00009356 
0.00009345 
0.00009325 
0.00009400 
0.00009607 
0.00009606 
0.00009602 
0.00009643 
0.00009792 
0.00009733 
0.00009741 
0.00009643 
0.00009604 
0.00009556 
0.00009439 
0.00009500 
0.00009486 
0.00009449 
0.00009421 
0.00009444 
0.00009390 
0.00009389 
0.00009299 
0.00009299 
0.00009298 
0.00009214 
0.00009298 
0.00009275 
0.00009263 
0.00009175 
0.00009365 
0.00009357 
0.00009259 
0.00009300 
0.00009380 
0.00009382 
0.00009382 
0.00009296 
0.00009371 
0.00009290 
0.00009314 
0.00009307 
0.00009249 
0.00009250 
0.00009250 
0.00009249 
0.00009250 
0.00009241 
0.00009248 
0.00009246 
0.00009299 
0.00009348 
0.00009427 
0.00009453 
0.00009453 
0.00009453 
0.00009527 
0.00009577 
0.00009526 
0.00009526 
0.00009526 
0.00009527 
0.00009532 
0.00009424 
0.00009409 
0.00009423 
0.00009437 
0.00009441 
0.00009446 
0.00009488 
0.00009495 
0.00009601 
0.00009601 
0.00009669 
0.00009425 
0.00009457 
0.00009425 
0.00009250 
0.00009124 
0.00009054 
0.00009048 
0.00009063 
0.00008994 
0.00009061 
0.00009071 
0.00009071 
0.00009065 
0.00008993 
0.00008992 
0.00008991 
0.00009069 
0.00009001 
0.00008987 
0.00009000 
0.00009008 
0.00008865 
0.00008865 
0.00008865 
0.00008847 
0.00008840 
0.00008794 
0.00008756 
0.00008763 
0.00008763 
0.00008730 
0.00008730 
0.00008772 
0.00008730 
0.00008726 
0.00008725 
0.00008693 
0.00008693 
0.00008723 
0.00008692 
0.00008695 
0.00008692 
0.00008692 
0.00008700 
0.00008752 
0.00008752 
0.00008701 
0.00008752 
0.00008752 
0.00008753 
0.00008786 
0.00008783 
0.00008783 
0.00008707 
0.00008849 
0.00008849 
0.00008890 
0.00008856 
0.00008817 
0.00008800 
0.00008717 
0.00008746 
0.00008810 
0.00008750 
0.00008807 
0.00008723 
0.00008769 
0.00008777 
0.00008950 
0.00008900 
0.00008900 
0.00008975 
0.00008899 
0.00008965 
0.00008920 
0.00008802 
0.00008807 
0.00008791 
0.00008800 
0.00008718 
0.00008822 
0.00008739 
0.00008780 
0.00008785 
0.00009020 
0.00008989 
0.00008998 
0.00008880 
0.00008736 
0.00008769 
0.00008771 
0.00008661 
0.00008655 
0.00008669 
0.00008625 
0.00008777 
0.00008776 
0.00008741 
0.00008901 
0.00009041 
0.00009016 
0.00008899 
0.00008780 
0.00008681 
0.00008488 
0.00008376 
0.00008318 
0.00008338 
0.00008909 
0.00009065 
0.00009673 
0.00008232 
0.00008235 
0.00008234 
0.00008270 
0.00008332 
0.00008431 
0.00008287 
0.00008331 
0.00008265 
0.00008339 
0.00008266 
0.00008148 
0.00008111 
0.00008102 
0.00008100 
0.00008102 
0.00008032 
0.00008032 
0.00008039 
0.00008032 
0.00008060 
0.00008139 
0.00008080 
0.00008007 
0.00008020 
0.00008100 
0.00008058 
0.00008097 
0.00008096 
0.00008086 
0.00008231 
0.00008321 
0.00008271 
0.00008264 
0.00008276 
0.00008311 
0.00008333 
0.00008335 
0.00008263 
0.00008263 
0.00008305 
0.00008264 
0.00008255 
0.00008261 
0.00008253 
0.00008289 
0.00008318 
0.00008254 
0.00008306 
0.00008300 
0.00008240 
0.00008306 
0.00008310 
0.00008402 
0.00008421 
0.00008420 
0.00008448 
0.00008457 
0.00008495 
0.00008485 
0.00008494 
0.00008553 
0.00008496 
0.00008537 
0.00008582 
0.00008532 
0.00008550 
0.00008637 
0.00008635 
0.00008566 
0.00008483 
0.00008467 
0.00008529 
0.00008512 
0.00008455 
0.00008371 
0.00008496 
0.00008455 
0.00008572 
0.00008510 
0.00008494 
0.00008423 
0.00008452 
0.00008563 
0.00008597 
0.00008681 
0.00008597 
0.00008604 
0.00008686 
0.00008686 
0.00008687 
0.00008686 
0.00008687 
0.00008689 
0.00008786 
0.00008765 
0.00008787 
0.00008732 
0.00008732 
0.00008733 
0.00008707 
0.00008654 
0.00008662 
0.00008581 
0.00008674 
0.00008784 
0.00008784 
0.00008749 
0.00008715 
0.00008730 
0.00008736 
0.00008802 
0.00008752 
0.00008667 
0.00008666 
0.00008664 
0.00008672 
0.00008754 
0.00008756 
0.00008650 
0.00008698 
0.00008695 
0.00008746 
0.00008746 
0.00008741 
0.00008746 
0.00008751 
0.00008752 
0.00008807 
0.00008812 
0.00008827 
0.00008830 
0.00008818 
0.00008821 
0.00008821 
0.00008820 
0.00008820 
0.00008743 
0.00008822 
0.00008816 
0.00008782 
0.00008824 
0.00008810 
0.00008783 
0.00008826 
0.00008791 
0.00008792 
0.00008834 
0.00008833 
0.00008833 
0.00008801 
0.00008816 
0.00008898 
0.00008870 
0.00008865 
0.00008942 
0.00008942 
0.00008942 
0.00009068 
0.00008908 
0.00008846 
0.00008884 
0.00008914 
0.00008898 
0.00008848 
0.00008910 
0.00009090 
0.00009090 
0.00009153 
0.00009128 
0.00009092 
0.00008973 
0.00009105 
0.00008829 
0.00008936 
0.00009004 
0.00009032 
0.00008968 
0.00009077 
0.00008980 
0.00009193 
0.00009196 
0.00009187 
0.00009172 
0.00009173 
0.00009221 
0.00009220 
0.00009307 
0.00009260 
0.00009295 
0.00009291 
0.00009224 
0.00009280 
0.00009223 
0.00009184 
0.00009138 
0.00009123 
0.00009123 
0.00009119 
0.00009119 
0.00009030 
0.00008983 
0.00009568 
0.00009568 
0.00009584 
0.00009684 
0.00009684 
0.00009679 
0.00009678 
0.00009679 
0.00009585 
0.00009501 
0.00009501 
0.00009579 
0.00009515 
0.00009523 
0.00009486 
0.00009639 
0.00009642 
0.00009695 
0.00009695 
0.00009650 
0.00009672 
0.00009616 
0.00009672 
0.00009677 
0.00009667 
0.00009631 
0.00009630 
0.00009594 
0.00009683 
0.00009693 
0.00009681 
0.00009681 
0.00009645 
0.00009683 
0.00009679 
0.00009800 
0.00009812 
0.00009810 
0.00009810 
0.00009752 
0.00009755 
0.00009693 
0.00009777 
0.00009681 
0.00009679 
0.00009700 
0.00009679 
0.00009744 
0.00009660 
0.00009637 
0.00009641 
0.00009741 
0.00009569 
0.00009564 
0.00009500 
0.00009540 
0.00009568 
0.00009634 
0.00009676 
0.00009650 
0.00009660 
0.00009708 
0.00009569 
0.00009569 
0.00009505 
0.00009560 
0.00009502 
0.00009531 
0.00009523 
0.00009530 
0.00009531 
0.00009531 
0.00009531 
0.00009523 
0.00009435 
0.00009511 
0.00009519 
0.00009511 
0.00009520 
0.00009520 
0.00009527 
0.00009529 
0.00009434 
0.00009521 
0.00009521 
0.00009569 
0.00009514 
0.00009511 
0.00009434 
0.00009427 
0.00009400 
0.00009427 
0.00009352 
0.00009356 
0.00009345 
0.00009325 
0.00009400 
0.00009607 
0.00009606 
0.00009602 
0.00009643 
0.00009792 
0.00009733 
0.00009741 
0.00009643 
0.00009604 
0.00009556 
0.00009439 
0.00009500 
0.00009486 
0.00009449 
0.00009421 
0.00009444 
0.00009390 
0.00009389 
0.00009299 
0.00009299 
0.00009298 
0.00009214 
0.00009298 
0.00009275 
0.00009263 
0.00009175 
0.00009365 
0.00009357 
0.00009259 
0.00009300 
0.00009380 
0.00009382 
0.00009382 
0.00009296 
0.00009371 
0.00009290 
0.00009314 
0.00009307 
0.00009249 
0.00009250 
0.00009250 
0.00009249 
0.00009250 
0.00009241 
0.00009248 
0.00009246 
0.00009299 
0.00009348 
0.00009427 
0.00009453 
0.00009453 
0.00009453 
0.00009527 
0.00009577 
0.00009526 
0.00009526 
0.00009526 
0.00009527 
0.00009532 
0.00009424 
0.00009409 
0.00009423 
0.00009437 
0.00009441 
0.00009446 
0.00009488 
0.00009495 
0.00009601 
0.00009601 
0.00009669 
0.00009425 
0.00009457 
0.00009425 
0.00009250 
0.00009124 
0.00009054 
0.00009048 
0.00009063 
0.00008994 
0.00009061 
0.00009071 
0.00009071 
0.00009065 
0.00008993 
0.00008992 
0.00008991 
0.00009069 
0.00009001 
0.00008987 
0.00009000 
0.00009008 
0.00008865 
0.00008865 
0.00008865 
0.00008847 
0.00008840 
0.00008794 
0.00008756 
0.00008763 
0.00008763 
0.00008730 
0.00008730 
0.00008772 
0.00008730 
0.00008726 
0.00008725 
0.00008693 
0.00008693 
0.00008723 
0.00008692 
0.00008695 
0.00008692 
0.00008692 
0.00008700 
0.00008752 
0.00008752 
0.00008701 
0.00008752 
0.00008752 
0.00008753 
0.00008786 
0.00008783 
0.00008783 
0.00008707 
0.00008849 
0.00008849 
0.00008890 
0.00008856 
0.00008817 
0.00008800 
0.00008717 
0.00008746 
0.00008810 
0.00008750 
0.00008807 
0.00008723 
0.00008769 
0.00008777 
0.00008950 
0.00008900 
0.00008900 
0.00008975 
0.00008899 
0.00008965 
0.00008920 
0.00008802 
0.00008807 
0.00008791 
0.00008800 
0.00008718 
0.00008822 
0.00008739 
0.00008780 
0.00008785 
0.00009020 
0.00008989 
0.00008998 
0.00008880 
0.00008736 
0.00008769 
0.00008771 
0.00008661 
0.00008655 
0.00008669 
0.00008625 
0.00008777 
0.00008776 
0.00008741 
0.00008901 
0.00009041 
0.00009016 
0.00008899 
0.00008780 
0.00008681 
0.00008488 
0.00008376 
0.00008318 
0.00008338 
0.00008909 
0.00009065 
0.00009673 
0.00008232 
0.00008235 
0.00008234 
0.00008270 
0.00008332 
0.00008431 
0.00008287 
0.00008331 
0.00008265 
0.00008339 
0.00008266 
0.00008148 
0.00008111 
0.00008102 
0.00008100 
0.00008102 
0.00008032 
0.00008032 
0.00008039 
0.00008032 
0.00008060 
0.00008139 
0.00008080 
0.00008007 
0.00008020 
0.00008100 
0.00008058 
0.00008097 
0.00008096 
0.00008086 
0.00008231 
0.00008321 
0.00008271 
0.00008264 
0.00008276 
0.00008311 
0.00008333 
0.00008335 
0.00008263 
0.00008263 
0.00008305 
0.00008264 
0.00008255 
0.00008261 
0.00008253 
0.00008289 
0.00008318 
0.00008254 
0.00008306 
0.00008300 
0.00008240 
0.00008306 
0.00008310 
0.00008402 
0.00008421 
0.00008420 
0.00008448 
0.00008457 
0.00008495 
0.00008485 
0.00008494 
0.00008553 
0.00008496 
0.00008537 
0.00008582 
0.00008532 
0.00008550 
0.00008637 
0.00008635 
0.00008566 
0.00008483 
0.00008467 
0.00008529 
0.00008512 
0.00008455 
0.00008371 
0.00008496 
0.00008455 
0.00008572 
0.00008510 
0.00008494 
0.00008423 
0.00008452 
0.00008563 
0.00008597 
0.00008681 
0.00008597 
0.00008604 
0.00008686 
0.00008686 
0.00008687 
0.00008686 
0.00008687 
0.00008689 
0.00008786 
0.00008765 
0.00008787 
0.00008732 
0.00008732 
0.00008733 
0.00008707 
0.00008654 
0.00008662 
0.00008581 
0.00008674 
0.00008784 
0.00008784 
0.00008749 
0.00008715 
0.00008730 
0.00008736 
0.00008802 
0.00008752 
0.00008667 
0.00008666 
0.00008664 
0.00008672 
0.00008754 
0.00008756 
0.00008650 
0.00008698 
0.00008695 
0.00008746 
0.00008746 
0.00008741 
0.00008746 
0.00008751 
0.00008752 
0.00008807 
0.00008812 
0.00008827 
0.00008830 
0.00008818 
0.00008821 
0.00008821 
0.00008820 
0.00008820 
0.00008743 
0.00008822 
0.00008816 
0.00008782 
0.00008824 
0.00008810 
0.00008783 
0.00008826 
0.00008791 
0.00008792 
0.00008834 
0.00008833 
0.00008833 
0.00008801 
0.00008816 
0.00008898 
0.00008870 
0.00008865 
0.00008942 
0.00008942 
0.00008942 
0.00009068 
0.00008908 
0.00008846 
0.00008884 
0.00008914 
0.00008898 
0.00008848 
0.00008910 
0.00009090 
0.00009090 
0.00009153 
0.00009128 
0.00009092 
0.00008973 
0.00009105 
0.00008829 
0.00008936 
0.00009004 
0.00009032 
0.00008968 
0.00009077 
0.00008980 
0.00009193 
0.00009196 
0.00009187 
0.00009172 
0.00009173 
0.00009221 
0.00009220 
0.00009307 
0.00009260 
0.00009295 
0.00009291 
0.00009224 
0.00009280 
0.00009223 
0.00009184 
0.00009138 
0.00009123 
0.00009123 
0.00009119 
0.00009119 
0.00009030 
0.00008983 
