0.00009568 
0.00009568 
0.00009565 
0.00009609 
0.00009684 
0.00009684 
0.00009682 
0.00009676 
0.00009643 
0.00009579 
0.00009501 
0.00009501 
0.00009501 
0.00009530 
0.00009522 
0.00009506 
0.00009651 
0.00009596 
0.00009651 
0.00009651 
0.00009640 
0.00009672 
0.00009690 
0.00009591 
0.00009668 
0.00009594 
0.00009630 
0.00009632 
0.00009593 
0.00009613 
0.00009691 
0.00009681 
0.00009645 
0.00009654 
0.00009684 
0.00009680 
0.00009806 
0.00009808 
0.00009810 
0.00009763 
0.00009688 
0.00009727 
0.00009692 
0.00009774 
0.00009689 
0.00009704 
0.00009711 
0.00009778 
0.00009744 
0.00009581 
0.00009637 
0.00009638 
0.00009644 
0.00009569 
0.00009500 
0.00009540 
0.00009540 
0.00009561 
0.00009676 
0.00009676 
0.00009656 
0.00009662 
0.00009700 
0.00009569 
0.00009504 
0.00009560 
0.00009570 
0.00009531 
0.00009531 
0.00009530 
0.00009531 
0.00009531 
0.00009500 
0.00009531 
0.00009520 
0.00009434 
0.00009519 
0.00009519 
0.00009520 
0.00009520 
0.00009527 
0.00009527 
0.00009434 
0.00009434 
0.00009521 
0.00009570 
0.00009541 
0.00009513 
0.00009511 
0.00009427 
0.00009538 
0.00009400 
0.00009398 
0.00009363 
0.00009358 
0.00009311 
0.00009338 
0.00009457 
0.00009607 
0.00009606 
0.00009602 
0.00009603 
0.00009790 
0.00009741 
0.00009655 
0.00009618 
0.00009643 
0.00009555 
0.00009534 
0.00009452 
0.00009486 
0.00009446 
0.00009421 
0.00009412 
0.00009318 
0.00009379 
0.00009250 
0.00009299 
0.00009300 
0.00009300 
0.00009195 
0.00009300 
0.00009263 
0.00009175 
0.00009357 
0.00009365 
0.00009256 
0.00009291 
0.00009382 
0.00009382 
0.00009382 
0.00009377 
0.00009300 
0.00009284 
0.00009314 
0.00009249 
0.00009249 
0.00009250 
0.00009250 
0.00009250 
0.00009250 
0.00009239 
0.00009259 
0.00009160 
0.00009370 
0.00009487 
0.00009427 
0.00009420 
0.00009453 
0.00009466 
0.00009560 
0.00009502 
0.00009526 
0.00009526 
0.00009578 
0.00009570 
0.00009536 
0.00009541 
0.00009409 
0.00009423 
0.00009441 
0.00009441 
0.00009442 
0.00009495 
0.00009488 
0.00009523 
0.00009601 
0.00009601 
0.00009476 
0.00009432 
0.00009462 
0.00009146 
0.00009011 
0.00008995 
0.00009064 
0.00008993 
0.00009069 
0.00009071 
0.00009071 
0.00009071 
0.00008993 
0.00008993 
0.00008991 
0.00008991 
0.00009001 
0.00008987 
0.00008953 
0.00008922 
0.00008922 
0.00008865 
0.00008865 
0.00008822 
0.00008847 
0.00008840 
0.00008756 
0.00008763 
0.00008763 
0.00008763 
0.00008730 
0.00008772 
0.00008772 
0.00008726 
0.00008725 
0.00008725 
0.00008693 
0.00008725 
0.00008692 
0.00008725 
0.00008692 
0.00008692 
0.00008748 
0.00008752 
0.00008752 
0.00008701 
0.00008752 
0.00008753 
0.00008722 
0.00008879 
0.00008700 
0.00008783 
0.00008700 
0.00008733 
0.00008849 
0.00008899 
0.00008900 
0.00008856 
0.00008817 
0.00008799 
0.00008714 
0.00008812 
0.00008810 
0.00008807 
0.00008807 
0.00008702 
0.00008847 
0.00008769 
0.00008950 
0.00008900 
0.00008899 
0.00008968 
0.00008899 
0.00008883 
0.00008929 
0.00008778 
0.00008771 
0.00008707 
0.00008800 
0.00008812 
0.00008738 
0.00008739 
0.00008654 
0.00008918 
0.00008995 
0.00008989 
0.00008979 
0.00008822 
0.00008772 
0.00008771 
0.00008669 
0.00008655 
0.00008669 
0.00008669 
0.00008537 
0.00008684 
0.00008787 
0.00008742 
0.00008899 
0.00009126 
0.00009022 
0.00008899 
0.00008780 
0.00008675 
0.00008374 
0.00008334 
0.00008162 
0.00008399 
0.00008909 
0.00009252 
0.00009673 
0.00008189 
0.00008250 
0.00008246 
0.00008269 
0.00008398 
0.00008398 
0.00008287 
0.00008331 
0.00008339 
0.00008339 
0.00008352 
0.00008111 
0.00008103 
0.00008102 
0.00008100 
0.00008032 
0.00008032 
0.00008038 
0.00008103 
0.00008061 
0.00008139 
0.00008080 
0.00008085 
0.00007950 
0.00008102 
0.00008100 
0.00008056 
0.00008097 
0.00008096 
0.00008084 
0.00008230 
0.00008321 
0.00008308 
0.00008265 
0.00008311 
0.00008311 
0.00008335 
0.00008262 
0.00008263 
0.00008346 
0.00008298 
0.00008264 
0.00008264 
0.00008253 
0.00008253 
0.00008249 
0.00008351 
0.00008251 
0.00008300 
0.00008298 
0.00008240 
0.00008306 
0.00008391 
0.00008400 
0.00008442 
0.00008420 
0.00008457 
0.00008457 
0.00008495 
0.00008494 
0.00008494 
0.00008496 
0.00008500 
0.00008582 
0.00008532 
0.00008512 
0.00008550 
0.00008570 
0.00008635 
0.00008483 
0.00008466 
0.00008609 
0.00008466 
0.00008463 
0.00008379 
0.00008371 
0.00008505 
0.00008455 
0.00008512 
0.00008510 
0.00008423 
0.00008516 
0.00008402 
0.00008556 
0.00008682 
0.00008597 
0.00008604 
0.00008604 
0.00008686 
0.00008686 
0.00008686 
0.00008686 
0.00008687 
0.00008784 
0.00008726 
0.00008765 
0.00008732 
0.00008732 
0.00008726 
0.00008715 
0.00008585 
0.00008716 
0.00008651 
0.00008583 
0.00008679 
0.00008784 
0.00008784 
0.00008749 
0.00008610 
0.00008725 
0.00008726 
0.00008808 
0.00008666 
0.00008666 
0.00008666 
0.00008664 
0.00008672 
0.00008753 
0.00008750 
0.00008705 
0.00008698 
0.00008710 
0.00008715 
0.00008746 
0.00008746 
0.00008750 
0.00008752 
0.00008807 
0.00008773 
0.00008834 
0.00008830 
0.00008831 
0.00008818 
0.00008821 
0.00008821 
0.00008820 
0.00008793 
0.00008817 
0.00008743 
0.00008737 
0.00008824 
0.00008824 
0.00008826 
0.00008815 
0.00008832 
0.00008791 
0.00008833 
0.00008801 
0.00008833 
0.00008833 
0.00008801 
0.00008844 
0.00008932 
0.00008831 
0.00008782 
0.00008942 
0.00008945 
0.00009068 
0.00009068 
0.00008846 
0.00008846 
0.00008881 
0.00008894 
0.00008846 
0.00008840 
0.00008996 
0.00009090 
0.00009090 
0.00009153 
0.00009128 
0.00009006 
0.00009105 
0.00009116 
0.00008895 
0.00008903 
0.00009033 
0.00009166 
0.00008964 
0.00009077 
0.00008979 
0.00009195 
0.00009196 
0.00009206 
0.00009173 
0.00009173 
0.00009220 
0.00009307 
0.00009307 
0.00009250 
0.00009294 
0.00009224 
0.00009292 
0.00009223 
0.00009216 
0.00009184 
0.00009140 
0.00009123 
0.00009120 
0.00009119 
0.00009030 
0.00009030 
0.00009568 
0.00009568 
0.00009565 
0.00009609 
0.00009684 
0.00009684 
0.00009682 
0.00009676 
0.00009643 
0.00009579 
0.00009501 
0.00009501 
0.00009501 
0.00009530 
0.00009522 
0.00009506 
0.00009651 
0.00009596 
0.00009651 
0.00009651 
0.00009640 
0.00009672 
0.00009690 
0.00009591 
0.00009668 
0.00009594 
0.00009630 
0.00009632 
0.00009593 
0.00009613 
0.00009691 
0.00009681 
0.00009645 
0.00009654 
0.00009684 
0.00009680 
0.00009806 
0.00009808 
0.00009810 
0.00009763 
0.00009688 
0.00009727 
0.00009692 
0.00009774 
0.00009689 
0.00009704 
0.00009711 
0.00009778 
0.00009744 
0.00009581 
0.00009637 
0.00009638 
0.00009644 
0.00009569 
0.00009500 
0.00009540 
0.00009540 
0.00009561 
0.00009676 
0.00009676 
0.00009656 
0.00009662 
0.00009700 
0.00009569 
0.00009504 
0.00009560 
0.00009570 
0.00009531 
0.00009531 
0.00009530 
0.00009531 
0.00009531 
0.00009500 
0.00009531 
0.00009520 
0.00009434 
0.00009519 
0.00009519 
0.00009520 
0.00009520 
0.00009527 
0.00009527 
0.00009434 
0.00009434 
0.00009521 
0.00009570 
0.00009541 
0.00009513 
0.00009511 
0.00009427 
0.00009538 
0.00009400 
0.00009398 
0.00009363 
0.00009358 
0.00009311 
0.00009338 
0.00009457 
0.00009607 
0.00009606 
0.00009602 
0.00009603 
0.00009790 
0.00009741 
0.00009655 
0.00009618 
0.00009643 
0.00009555 
0.00009534 
0.00009452 
0.00009486 
0.00009446 
0.00009421 
0.00009412 
0.00009318 
0.00009379 
0.00009250 
0.00009299 
0.00009300 
0.00009300 
0.00009195 
0.00009300 
0.00009263 
0.00009175 
0.00009357 
0.00009365 
0.00009256 
0.00009291 
0.00009382 
0.00009382 
0.00009382 
0.00009377 
0.00009300 
0.00009284 
0.00009314 
0.00009249 
0.00009249 
0.00009250 
0.00009250 
0.00009250 
0.00009250 
0.00009239 
0.00009259 
0.00009160 
0.00009370 
0.00009487 
0.00009427 
0.00009420 
0.00009453 
0.00009466 
0.00009560 
0.00009502 
0.00009526 
0.00009526 
0.00009578 
0.00009570 
0.00009536 
0.00009541 
0.00009409 
0.00009423 
0.00009441 
0.00009441 
0.00009442 
0.00009495 
0.00009488 
0.00009523 
0.00009601 
0.00009601 
0.00009476 
0.00009432 
0.00009462 
0.00009146 
0.00009011 
0.00008995 
0.00009064 
0.00008993 
0.00009069 
0.00009071 
0.00009071 
0.00009071 
0.00008993 
0.00008993 
0.00008991 
0.00008991 
0.00009001 
0.00008987 
0.00008953 
0.00008922 
0.00008922 
0.00008865 
0.00008865 
0.00008822 
0.00008847 
0.00008840 
0.00008756 
0.00008763 
0.00008763 
0.00008763 
0.00008730 
0.00008772 
0.00008772 
0.00008726 
0.00008725 
0.00008725 
0.00008693 
0.00008725 
0.00008692 
0.00008725 
0.00008692 
0.00008692 
0.00008748 
0.00008752 
0.00008752 
0.00008701 
0.00008752 
0.00008753 
0.00008722 
0.00008879 
0.00008700 
0.00008783 
0.00008700 
0.00008733 
0.00008849 
0.00008899 
0.00008900 
0.00008856 
0.00008817 
0.00008799 
0.00008714 
0.00008812 
0.00008810 
0.00008807 
0.00008807 
0.00008702 
0.00008847 
0.00008769 
0.00008950 
0.00008900 
0.00008899 
0.00008968 
0.00008899 
0.00008883 
0.00008929 
0.00008778 
0.00008771 
0.00008707 
0.00008800 
0.00008812 
0.00008738 
0.00008739 
0.00008654 
0.00008918 
0.00008995 
0.00008989 
0.00008979 
0.00008822 
0.00008772 
0.00008771 
0.00008669 
0.00008655 
0.00008669 
0.00008669 
0.00008537 
0.00008684 
0.00008787 
0.00008742 
0.00008899 
0.00009126 
0.00009022 
0.00008899 
0.00008780 
0.00008675 
0.00008374 
0.00008334 
0.00008162 
0.00008399 
0.00008909 
0.00009252 
0.00009673 
0.00008189 
0.00008250 
0.00008246 
0.00008269 
0.00008398 
0.00008398 
0.00008287 
0.00008331 
0.00008339 
0.00008339 
0.00008352 
0.00008111 
0.00008103 
0.00008102 
0.00008100 
0.00008032 
0.00008032 
0.00008038 
0.00008103 
0.00008061 
0.00008139 
0.00008080 
0.00008085 
0.00007950 
0.00008102 
0.00008100 
0.00008056 
0.00008097 
0.00008096 
0.00008084 
0.00008230 
0.00008321 
0.00008308 
0.00008265 
0.00008311 
0.00008311 
0.00008335 
0.00008262 
0.00008263 
0.00008346 
0.00008298 
0.00008264 
0.00008264 
0.00008253 
0.00008253 
0.00008249 
0.00008351 
0.00008251 
0.00008300 
0.00008298 
0.00008240 
0.00008306 
0.00008391 
0.00008400 
0.00008442 
0.00008420 
0.00008457 
0.00008457 
0.00008495 
0.00008494 
0.00008494 
0.00008496 
0.00008500 
0.00008582 
0.00008532 
0.00008512 
0.00008550 
0.00008570 
0.00008635 
0.00008483 
0.00008466 
0.00008609 
0.00008466 
0.00008463 
0.00008379 
0.00008371 
0.00008505 
0.00008455 
0.00008512 
0.00008510 
0.00008423 
0.00008516 
0.00008402 
0.00008556 
0.00008682 
0.00008597 
0.00008604 
0.00008604 
0.00008686 
0.00008686 
0.00008686 
0.00008686 
0.00008687 
0.00008784 
0.00008726 
0.00008765 
0.00008732 
0.00008732 
0.00008726 
0.00008715 
0.00008585 
0.00008716 
0.00008651 
0.00008583 
0.00008679 
0.00008784 
0.00008784 
0.00008749 
0.00008610 
0.00008725 
0.00008726 
0.00008808 
0.00008666 
0.00008666 
0.00008666 
0.00008664 
0.00008672 
0.00008753 
0.00008750 
0.00008705 
0.00008698 
0.00008710 
0.00008715 
0.00008746 
0.00008746 
0.00008750 
0.00008752 
0.00008807 
0.00008773 
0.00008834 
0.00008830 
0.00008831 
0.00008818 
0.00008821 
0.00008821 
0.00008820 
0.00008793 
0.00008817 
0.00008743 
0.00008737 
0.00008824 
0.00008824 
0.00008826 
0.00008815 
0.00008832 
0.00008791 
0.00008833 
0.00008801 
0.00008833 
0.00008833 
0.00008801 
0.00008844 
0.00008932 
0.00008831 
0.00008782 
0.00008942 
0.00008945 
0.00009068 
0.00009068 
0.00008846 
0.00008846 
0.00008881 
0.00008894 
0.00008846 
0.00008840 
0.00008996 
0.00009090 
0.00009090 
0.00009153 
0.00009128 
0.00009006 
0.00009105 
0.00009116 
0.00008895 
0.00008903 
0.00009033 
0.00009166 
0.00008964 
0.00009077 
0.00008979 
0.00009195 
0.00009196 
0.00009206 
0.00009173 
0.00009173 
0.00009220 
0.00009307 
0.00009307 
0.00009250 
0.00009294 
0.00009224 
0.00009292 
0.00009223 
0.00009216 
0.00009184 
0.00009140 
0.00009123 
0.00009120 
0.00009119 
0.00009030 
0.00009030 
0.00009568 
0.00009568 
0.00009565 
0.00009609 
0.00009684 
0.00009684 
0.00009682 
0.00009676 
0.00009643 
0.00009579 
0.00009501 
0.00009501 
0.00009501 
0.00009530 
0.00009522 
0.00009506 
0.00009651 
0.00009596 
0.00009651 
0.00009651 
0.00009640 
0.00009672 
0.00009690 
0.00009591 
0.00009668 
0.00009594 
0.00009630 
0.00009632 
0.00009593 
0.00009613 
0.00009691 
0.00009681 
0.00009645 
0.00009654 
0.00009684 
0.00009680 
0.00009806 
0.00009808 
0.00009810 
0.00009763 
0.00009688 
0.00009727 
0.00009692 
0.00009774 
0.00009689 
0.00009704 
0.00009711 
0.00009778 
0.00009744 
0.00009581 
0.00009637 
0.00009638 
0.00009644 
0.00009569 
0.00009500 
0.00009540 
0.00009540 
0.00009561 
0.00009676 
0.00009676 
0.00009656 
0.00009662 
0.00009700 
0.00009569 
0.00009504 
0.00009560 
0.00009570 
0.00009531 
0.00009531 
0.00009530 
0.00009531 
0.00009531 
0.00009500 
0.00009531 
0.00009520 
0.00009434 
0.00009519 
0.00009519 
0.00009520 
0.00009520 
0.00009527 
0.00009527 
0.00009434 
0.00009434 
0.00009521 
0.00009570 
0.00009541 
0.00009513 
0.00009511 
0.00009427 
0.00009538 
0.00009400 
0.00009398 
0.00009363 
0.00009358 
0.00009311 
0.00009338 
0.00009457 
0.00009607 
0.00009606 
0.00009602 
0.00009603 
0.00009790 
0.00009741 
0.00009655 
0.00009618 
0.00009643 
0.00009555 
0.00009534 
0.00009452 
0.00009486 
0.00009446 
0.00009421 
0.00009412 
0.00009318 
0.00009379 
0.00009250 
0.00009299 
0.00009300 
0.00009300 
0.00009195 
0.00009300 
0.00009263 
0.00009175 
0.00009357 
0.00009365 
0.00009256 
0.00009291 
0.00009382 
0.00009382 
0.00009382 
0.00009377 
0.00009300 
0.00009284 
0.00009314 
0.00009249 
0.00009249 
0.00009250 
0.00009250 
0.00009250 
0.00009250 
0.00009239 
0.00009259 
0.00009160 
0.00009370 
0.00009487 
0.00009427 
0.00009420 
0.00009453 
0.00009466 
0.00009560 
0.00009502 
0.00009526 
0.00009526 
0.00009578 
0.00009570 
0.00009536 
0.00009541 
0.00009409 
0.00009423 
0.00009441 
0.00009441 
0.00009442 
0.00009495 
0.00009488 
0.00009523 
0.00009601 
0.00009601 
0.00009476 
0.00009432 
0.00009462 
0.00009146 
0.00009011 
0.00008995 
0.00009064 
0.00008993 
0.00009069 
0.00009071 
0.00009071 
0.00009071 
0.00008993 
0.00008993 
0.00008991 
0.00008991 
0.00009001 
0.00008987 
0.00008953 
0.00008922 
0.00008922 
0.00008865 
0.00008865 
0.00008822 
0.00008847 
0.00008840 
0.00008756 
0.00008763 
0.00008763 
0.00008763 
0.00008730 
0.00008772 
0.00008772 
0.00008726 
0.00008725 
0.00008725 
0.00008693 
0.00008725 
0.00008692 
0.00008725 
0.00008692 
0.00008692 
0.00008748 
0.00008752 
0.00008752 
0.00008701 
0.00008752 
0.00008753 
0.00008722 
0.00008879 
0.00008700 
0.00008783 
0.00008700 
0.00008733 
0.00008849 
0.00008899 
0.00008900 
0.00008856 
0.00008817 
0.00008799 
0.00008714 
0.00008812 
0.00008810 
0.00008807 
0.00008807 
0.00008702 
0.00008847 
0.00008769 
0.00008950 
0.00008900 
0.00008899 
0.00008968 
0.00008899 
0.00008883 
0.00008929 
0.00008778 
0.00008771 
0.00008707 
0.00008800 
0.00008812 
0.00008738 
0.00008739 
0.00008654 
0.00008918 
0.00008995 
0.00008989 
0.00008979 
0.00008822 
0.00008772 
0.00008771 
0.00008669 
0.00008655 
0.00008669 
0.00008669 
0.00008537 
0.00008684 
0.00008787 
0.00008742 
0.00008899 
0.00009126 
0.00009022 
0.00008899 
0.00008780 
0.00008675 
0.00008374 
0.00008334 
0.00008162 
0.00008399 
0.00008909 
0.00009252 
0.00009673 
0.00008189 
0.00008250 
0.00008246 
0.00008269 
0.00008398 
0.00008398 
0.00008287 
0.00008331 
0.00008339 
0.00008339 
0.00008352 
0.00008111 
0.00008103 
0.00008102 
0.00008100 
0.00008032 
0.00008032 
0.00008038 
0.00008103 
0.00008061 
0.00008139 
0.00008080 
0.00008085 
0.00007950 
0.00008102 
0.00008100 
0.00008056 
0.00008097 
0.00008096 
0.00008084 
0.00008230 
0.00008321 
0.00008308 
0.00008265 
0.00008311 
0.00008311 
0.00008335 
0.00008262 
0.00008263 
0.00008346 
0.00008298 
0.00008264 
0.00008264 
0.00008253 
0.00008253 
0.00008249 
0.00008351 
0.00008251 
0.00008300 
0.00008298 
0.00008240 
0.00008306 
0.00008391 
0.00008400 
0.00008442 
0.00008420 
0.00008457 
0.00008457 
0.00008495 
0.00008494 
0.00008494 
0.00008496 
0.00008500 
0.00008582 
0.00008532 
0.00008512 
0.00008550 
0.00008570 
0.00008635 
0.00008483 
0.00008466 
0.00008609 
0.00008466 
0.00008463 
0.00008379 
0.00008371 
0.00008505 
0.00008455 
0.00008512 
0.00008510 
0.00008423 
0.00008516 
0.00008402 
0.00008556 
0.00008682 
0.00008597 
0.00008604 
0.00008604 
0.00008686 
0.00008686 
0.00008686 
0.00008686 
0.00008687 
0.00008784 
0.00008726 
0.00008765 
0.00008732 
0.00008732 
0.00008726 
0.00008715 
0.00008585 
0.00008716 
0.00008651 
0.00008583 
0.00008679 
0.00008784 
0.00008784 
0.00008749 
0.00008610 
0.00008725 
0.00008726 
0.00008808 
0.00008666 
0.00008666 
0.00008666 
0.00008664 
0.00008672 
0.00008753 
0.00008750 
0.00008705 
0.00008698 
0.00008710 
0.00008715 
0.00008746 
0.00008746 
0.00008750 
0.00008752 
0.00008807 
0.00008773 
0.00008834 
0.00008830 
0.00008831 
0.00008818 
0.00008821 
0.00008821 
0.00008820 
0.00008793 
0.00008817 
0.00008743 
0.00008737 
0.00008824 
0.00008824 
0.00008826 
0.00008815 
0.00008832 
0.00008791 
0.00008833 
0.00008801 
0.00008833 
0.00008833 
0.00008801 
0.00008844 
0.00008932 
0.00008831 
0.00008782 
0.00008942 
0.00008945 
0.00009068 
0.00009068 
0.00008846 
0.00008846 
0.00008881 
0.00008894 
0.00008846 
0.00008840 
0.00008996 
0.00009090 
0.00009090 
0.00009153 
0.00009128 
0.00009006 
0.00009105 
0.00009116 
0.00008895 
0.00008903 
0.00009033 
0.00009166 
0.00008964 
0.00009077 
0.00008979 
0.00009195 
0.00009196 
0.00009206 
0.00009173 
0.00009173 
0.00009220 
0.00009307 
0.00009307 
0.00009250 
0.00009294 
0.00009224 
0.00009292 
0.00009223 
0.00009216 
0.00009184 
0.00009140 
0.00009123 
0.00009120 
0.00009119 
0.00009030 
0.00009030 
