0.00000000 
22.00000000 
197.00000000 
697.00000000 
414.00000000 
863.00000000 
654.00000000 
559.00000000 
1982.00000000 
2336.00000000 
146.00000000 
1146.00000000 
623.00000000 
5258.00000000 
5723.00000000 
18017.00000000 
4825.00000000 
1828.00000000 
627.00000000 
1000.00000000 
200.00000000 
1003.00000000 
6267.00000000 
1575.00000000 
950.00000000 
906.00000000 
137.00000000 
4220.00000000 
827.00000000 
379.00000000 
271.00000000 
2368.00000000 
8.00000000 
1028.00000000 
757.00000000 
1961.00000000 
13868.00000000 
1157.00000000 
141.00000000 
1509.00000000 
1484.00000000 
207.00000000 
1111.00000000 
7720.00000000 
1067.00000000 
1438.00000000 
2376.00000000 
7498.00000000 
974.00000000 
799.00000000 
230.00000000 
221.00000000 
3421.00000000 
485.00000000 
268.00000000 
0.00000000 
1553.00000000 
554.00000000 
0.00000000 
472.00000000 
915.00000000 
562.00000000 
2125.00000000 
104.00000000 
717.00000000 
154.00000000 
165.00000000 
527.00000000 
2745.00000000 
39.00000000 
0.00000000 
488.00000000 
386.00000000 
3586.00000000 
3403.00000000 
112.00000000 
0.00000000 
237.00000000 
0.00000000 
153.00000000 
0.00000000 
179.00000000 
0.00000000 
401.00000000 
3235.00000000 
45.00000000 
395.00000000 
1153.00000000 
565.00000000 
11.00000000 
1747.00000000 
206.00000000 
2234.00000000 
6933.00000000 
107.00000000 
1269.00000000 
3745.00000000 
31746.00000000 
3734.00000000 
9595.00000000 
4128.00000000 
8278.00000000 
1443.00000000 
102.00000000 
1077.00000000 
1882.00000000 
811.00000000 
3498.00000000 
321.00000000 
975.00000000 
1379.00000000 
233.00000000 
152.00000000 
7502.00000000 
11126.00000000 
894.00000000 
2760.00000000 
915.00000000 
894.00000000 
517.00000000 
3443.00000000 
771.00000000 
3338.00000000 
14628.00000000 
11.00000000 
3082.00000000 
3339.00000000 
370.00000000 
0.00000000 
0.00000000 
99.00000000 
106.00000000 
3651.00000000 
1696.00000000 
50.00000000 
426.00000000 
821.00000000 
9777.00000000 
4341.00000000 
186.00000000 
1756.00000000 
610.00000000 
2529.00000000 
20960.00000000 
1561.00000000 
3013.00000000 
1602.00000000 
4814.00000000 
45.00000000 
158.00000000 
3016.00000000 
1241.00000000 
285.00000000 
1899.00000000 
3388.00000000 
920.00000000 
1075.00000000 
660.00000000 
2862.00000000 
546.00000000 
0.00000000 
545.00000000 
7099.00000000 
609.00000000 
1227.00000000 
883.00000000 
14316.00000000 
4019.00000000 
3174.00000000 
509.00000000 
8714.00000000 
1120.00000000 
7454.00000000 
2201.00000000 
214.00000000 
9234.00000000 
5302.00000000 
0.00000000 
110.00000000 
110.00000000 
159.00000000 
1241.00000000 
148.00000000 
443.00000000 
292.00000000 
54.00000000 
3466.00000000 
1840.00000000 
3298.00000000 
55.00000000 
3594.00000000 
1004.00000000 
204.00000000 
389.00000000 
662.00000000 
0.00000000 
465.00000000 
274.00000000 
523.00000000 
0.00000000 
133.00000000 
470.00000000 
0.00000000 
3290.00000000 
56.00000000 
170.00000000 
169.00000000 
2139.00000000 
1626.00000000 
374.00000000 
260.00000000 
426.00000000 
38.00000000 
1676.00000000 
139.00000000 
885.00000000 
1012.00000000 
1136.00000000 
2007.00000000 
30.00000000 
1428.00000000 
838.00000000 
613.00000000 
337.00000000 
518.00000000 
9551.00000000 
516.00000000 
518.00000000 
171.00000000 
113.00000000 
574.00000000 
0.00000000 
875.00000000 
1608.00000000 
2085.00000000 
4469.00000000 
506.00000000 
1550.00000000 
2517.00000000 
2296.00000000 
978.00000000 
118.00000000 
7766.00000000 
154.00000000 
3730.00000000 
442.00000000 
147.00000000 
3224.00000000 
1030.00000000 
2518.00000000 
3826.00000000 
14214.00000000 
4304.00000000 
3686.00000000 
4808.00000000 
2013.00000000 
2819.00000000 
242.00000000 
2891.00000000 
28.00000000 
0.00000000 
236.00000000 
1227.00000000 
80.00000000 
389.00000000 
3823.00000000 
890.00000000 
1018.00000000 
902.00000000 
6479.00000000 
6152.00000000 
5445.00000000 
8301.00000000 
12198.00000000 
10840.00000000 
21415.00000000 
18361.00000000 
21519.00000000 
129871.00000000 
535.00000000 
1612.00000000 
11753.00000000 
372.00000000 
329.00000000 
320.00000000 
2365.00000000 
2012.00000000 
7432.00000000 
628.00000000 
5492.00000000 
935.00000000 
5063.00000000 
3386.00000000 
2688.00000000 
0.00000000 
242.00000000 
1481.00000000 
2396.00000000 
13962.00000000 
2600.00000000 
41.00000000 
384.00000000 
5167.00000000 
3662.00000000 
3277.00000000 
1465.00000000 
2534.00000000 
2630.00000000 
3518.00000000 
12018.00000000 
2783.00000000 
6241.00000000 
1605.00000000 
0.00000000 
9530.00000000 
119.00000000 
1066.00000000 
624.00000000 
490.00000000 
108.00000000 
1796.00000000 
420.00000000 
0.00000000 
1506.00000000 
2491.00000000 
334.00000000 
2626.00000000 
987.00000000 
4713.00000000 
5151.00000000 
20621.00000000 
9635.00000000 
2393.00000000 
891.00000000 
150.00000000 
95.00000000 
128.00000000 
416.00000000 
0.00000000 
22885.00000000 
350.00000000 
126.00000000 
28.00000000 
949.00000000 
2936.00000000 
5758.00000000 
205.00000000 
8221.00000000 
383.00000000 
58.00000000 
2421.00000000 
959.00000000 
595.00000000 
2154.00000000 
10942.00000000 
832.00000000 
4244.00000000 
178.00000000 
1765.00000000 
694.00000000 
5937.00000000 
49204.00000000 
12733.00000000 
430.00000000 
470.00000000 
0.00000000 
5229.00000000 
1203.00000000 
2005.00000000 
4461.00000000 
1905.00000000 
4217.00000000 
614.00000000 
7595.00000000 
3616.00000000 
977.00000000 
114.00000000 
4924.00000000 
1054.00000000 
136.00000000 
9385.00000000 
22456.00000000 
11234.00000000 
2993.00000000 
2890.00000000 
2333.00000000 
1932.00000000 
7172.00000000 
4831.00000000 
917.00000000 
2048.00000000 
606.00000000 
0.00000000 
5454.00000000 
8028.00000000 
609.00000000 
1642.00000000 
10436.00000000 
177.00000000 
8493.00000000 
9089.00000000 
97.00000000 
1667.00000000 
935.00000000 
2183.00000000 
1202.00000000 
12.00000000 
226.00000000 
4017.00000000 
12.00000000 
1837.00000000 
210.00000000 
0.00000000 
5530.00000000 
51.00000000 
1410.00000000 
181.00000000 
1944.00000000 
1345.00000000 
0.00000000 
16.00000000 
182.00000000 
593.00000000 
826.00000000 
1945.00000000 
11605.00000000 
2616.00000000 
3997.00000000 
4995.00000000 
2931.00000000 
8132.00000000 
206.00000000 
884.00000000 
12443.00000000 
33.00000000 
304.00000000 
0.00000000 
496.00000000 
0.00000000 
16947.00000000 
3114.00000000 
9747.00000000 
5222.00000000 
11219.00000000 
14329.00000000 
0.00000000 
119.00000000 
2143.00000000 
11262.00000000 
15192.00000000 
939.00000000 
4229.00000000 
14462.00000000 
1738.00000000 
506.00000000 
2708.00000000 
11243.00000000 
489.00000000 
12058.00000000 
1604.00000000 
626.00000000 
196.00000000 
35.00000000 
4581.00000000 
222.00000000 
3318.00000000 
135.00000000 
120.00000000 
2230.00000000 
439.00000000 
799.00000000 
859.00000000 
4991.00000000 
1612.00000000 
136.00000000 
100.00000000 
1335.00000000 
27.00000000 
0.00000000 
3826.00000000 
0.00000000 
22.00000000 
197.00000000 
697.00000000 
414.00000000 
863.00000000 
654.00000000 
559.00000000 
1982.00000000 
2336.00000000 
146.00000000 
1146.00000000 
623.00000000 
5258.00000000 
5723.00000000 
18017.00000000 
4825.00000000 
1828.00000000 
627.00000000 
1000.00000000 
200.00000000 
1003.00000000 
6267.00000000 
1575.00000000 
950.00000000 
906.00000000 
137.00000000 
4220.00000000 
827.00000000 
379.00000000 
271.00000000 
2368.00000000 
8.00000000 
1028.00000000 
757.00000000 
1961.00000000 
13868.00000000 
1157.00000000 
141.00000000 
1509.00000000 
1484.00000000 
207.00000000 
1111.00000000 
7720.00000000 
1067.00000000 
1438.00000000 
2376.00000000 
7498.00000000 
974.00000000 
799.00000000 
230.00000000 
221.00000000 
3421.00000000 
485.00000000 
268.00000000 
0.00000000 
1553.00000000 
554.00000000 
0.00000000 
472.00000000 
915.00000000 
562.00000000 
2125.00000000 
104.00000000 
717.00000000 
154.00000000 
165.00000000 
527.00000000 
2745.00000000 
39.00000000 
0.00000000 
488.00000000 
386.00000000 
3586.00000000 
3403.00000000 
112.00000000 
0.00000000 
237.00000000 
0.00000000 
153.00000000 
0.00000000 
179.00000000 
0.00000000 
401.00000000 
3235.00000000 
45.00000000 
395.00000000 
1153.00000000 
565.00000000 
11.00000000 
1747.00000000 
206.00000000 
2234.00000000 
6933.00000000 
107.00000000 
1269.00000000 
3745.00000000 
31746.00000000 
3734.00000000 
9595.00000000 
4128.00000000 
8278.00000000 
1443.00000000 
102.00000000 
1077.00000000 
1882.00000000 
811.00000000 
3498.00000000 
321.00000000 
975.00000000 
1379.00000000 
233.00000000 
152.00000000 
7502.00000000 
11126.00000000 
894.00000000 
2760.00000000 
915.00000000 
894.00000000 
517.00000000 
3443.00000000 
771.00000000 
3338.00000000 
14628.00000000 
11.00000000 
3082.00000000 
3339.00000000 
370.00000000 
0.00000000 
0.00000000 
99.00000000 
106.00000000 
3651.00000000 
1696.00000000 
50.00000000 
426.00000000 
821.00000000 
9777.00000000 
4341.00000000 
186.00000000 
1756.00000000 
610.00000000 
2529.00000000 
20960.00000000 
1561.00000000 
3013.00000000 
1602.00000000 
4814.00000000 
45.00000000 
158.00000000 
3016.00000000 
1241.00000000 
285.00000000 
1899.00000000 
3388.00000000 
920.00000000 
1075.00000000 
660.00000000 
2862.00000000 
546.00000000 
0.00000000 
545.00000000 
7099.00000000 
609.00000000 
1227.00000000 
883.00000000 
14316.00000000 
4019.00000000 
3174.00000000 
509.00000000 
8714.00000000 
1120.00000000 
7454.00000000 
2201.00000000 
214.00000000 
9234.00000000 
5302.00000000 
0.00000000 
110.00000000 
110.00000000 
159.00000000 
1241.00000000 
148.00000000 
443.00000000 
292.00000000 
54.00000000 
3466.00000000 
1840.00000000 
3298.00000000 
55.00000000 
3594.00000000 
1004.00000000 
204.00000000 
389.00000000 
662.00000000 
0.00000000 
465.00000000 
274.00000000 
523.00000000 
0.00000000 
133.00000000 
470.00000000 
0.00000000 
3290.00000000 
56.00000000 
170.00000000 
169.00000000 
2139.00000000 
1626.00000000 
374.00000000 
260.00000000 
426.00000000 
38.00000000 
1676.00000000 
139.00000000 
885.00000000 
1012.00000000 
1136.00000000 
2007.00000000 
30.00000000 
1428.00000000 
838.00000000 
613.00000000 
337.00000000 
518.00000000 
9551.00000000 
516.00000000 
518.00000000 
171.00000000 
113.00000000 
574.00000000 
0.00000000 
875.00000000 
1608.00000000 
2085.00000000 
4469.00000000 
506.00000000 
1550.00000000 
2517.00000000 
2296.00000000 
978.00000000 
118.00000000 
7766.00000000 
154.00000000 
3730.00000000 
442.00000000 
147.00000000 
3224.00000000 
1030.00000000 
2518.00000000 
3826.00000000 
14214.00000000 
4304.00000000 
3686.00000000 
4808.00000000 
2013.00000000 
2819.00000000 
242.00000000 
2891.00000000 
28.00000000 
0.00000000 
236.00000000 
1227.00000000 
80.00000000 
389.00000000 
3823.00000000 
890.00000000 
1018.00000000 
902.00000000 
6479.00000000 
6152.00000000 
5445.00000000 
8301.00000000 
12198.00000000 
10840.00000000 
21415.00000000 
18361.00000000 
21519.00000000 
129871.00000000 
535.00000000 
1612.00000000 
11753.00000000 
372.00000000 
329.00000000 
320.00000000 
2365.00000000 
2012.00000000 
7432.00000000 
628.00000000 
5492.00000000 
935.00000000 
5063.00000000 
3386.00000000 
2688.00000000 
0.00000000 
242.00000000 
1481.00000000 
2396.00000000 
13962.00000000 
2600.00000000 
41.00000000 
384.00000000 
5167.00000000 
3662.00000000 
3277.00000000 
1465.00000000 
2534.00000000 
2630.00000000 
3518.00000000 
12018.00000000 
2783.00000000 
6241.00000000 
1605.00000000 
0.00000000 
9530.00000000 
119.00000000 
1066.00000000 
624.00000000 
490.00000000 
108.00000000 
1796.00000000 
420.00000000 
0.00000000 
1506.00000000 
2491.00000000 
334.00000000 
2626.00000000 
987.00000000 
4713.00000000 
5151.00000000 
20621.00000000 
9635.00000000 
2393.00000000 
891.00000000 
150.00000000 
95.00000000 
128.00000000 
416.00000000 
0.00000000 
22885.00000000 
350.00000000 
126.00000000 
28.00000000 
949.00000000 
2936.00000000 
5758.00000000 
205.00000000 
8221.00000000 
383.00000000 
58.00000000 
2421.00000000 
959.00000000 
595.00000000 
2154.00000000 
10942.00000000 
832.00000000 
4244.00000000 
178.00000000 
1765.00000000 
694.00000000 
5937.00000000 
49204.00000000 
12733.00000000 
430.00000000 
470.00000000 
0.00000000 
5229.00000000 
1203.00000000 
2005.00000000 
4461.00000000 
1905.00000000 
4217.00000000 
614.00000000 
7595.00000000 
3616.00000000 
977.00000000 
114.00000000 
4924.00000000 
1054.00000000 
136.00000000 
9385.00000000 
22456.00000000 
11234.00000000 
2993.00000000 
2890.00000000 
2333.00000000 
1932.00000000 
7172.00000000 
4831.00000000 
917.00000000 
2048.00000000 
606.00000000 
0.00000000 
5454.00000000 
8028.00000000 
609.00000000 
1642.00000000 
10436.00000000 
177.00000000 
8493.00000000 
9089.00000000 
97.00000000 
1667.00000000 
935.00000000 
2183.00000000 
1202.00000000 
12.00000000 
226.00000000 
4017.00000000 
12.00000000 
1837.00000000 
210.00000000 
0.00000000 
5530.00000000 
51.00000000 
1410.00000000 
181.00000000 
1944.00000000 
1345.00000000 
0.00000000 
16.00000000 
182.00000000 
593.00000000 
826.00000000 
1945.00000000 
11605.00000000 
2616.00000000 
3997.00000000 
4995.00000000 
2931.00000000 
8132.00000000 
206.00000000 
884.00000000 
12443.00000000 
33.00000000 
304.00000000 
0.00000000 
496.00000000 
0.00000000 
16947.00000000 
3114.00000000 
9747.00000000 
5222.00000000 
11219.00000000 
14329.00000000 
0.00000000 
119.00000000 
2143.00000000 
11262.00000000 
15192.00000000 
939.00000000 
4229.00000000 
14462.00000000 
1738.00000000 
506.00000000 
2708.00000000 
11243.00000000 
489.00000000 
12058.00000000 
1604.00000000 
626.00000000 
196.00000000 
35.00000000 
4581.00000000 
222.00000000 
3318.00000000 
135.00000000 
120.00000000 
2230.00000000 
439.00000000 
799.00000000 
859.00000000 
4991.00000000 
1612.00000000 
136.00000000 
100.00000000 
1335.00000000 
27.00000000 
0.00000000 
3826.00000000 
0.00000000 
22.00000000 
197.00000000 
697.00000000 
414.00000000 
863.00000000 
654.00000000 
559.00000000 
1982.00000000 
2336.00000000 
146.00000000 
1146.00000000 
623.00000000 
5258.00000000 
5723.00000000 
18017.00000000 
4825.00000000 
1828.00000000 
627.00000000 
1000.00000000 
200.00000000 
1003.00000000 
6267.00000000 
1575.00000000 
950.00000000 
906.00000000 
137.00000000 
4220.00000000 
827.00000000 
379.00000000 
271.00000000 
2368.00000000 
8.00000000 
1028.00000000 
757.00000000 
1961.00000000 
13868.00000000 
1157.00000000 
141.00000000 
1509.00000000 
1484.00000000 
207.00000000 
1111.00000000 
7720.00000000 
1067.00000000 
1438.00000000 
2376.00000000 
7498.00000000 
974.00000000 
799.00000000 
230.00000000 
221.00000000 
3421.00000000 
485.00000000 
268.00000000 
0.00000000 
1553.00000000 
554.00000000 
0.00000000 
472.00000000 
915.00000000 
562.00000000 
2125.00000000 
104.00000000 
717.00000000 
154.00000000 
165.00000000 
527.00000000 
2745.00000000 
39.00000000 
0.00000000 
488.00000000 
386.00000000 
3586.00000000 
3403.00000000 
112.00000000 
0.00000000 
237.00000000 
0.00000000 
153.00000000 
0.00000000 
179.00000000 
0.00000000 
401.00000000 
3235.00000000 
45.00000000 
395.00000000 
1153.00000000 
565.00000000 
11.00000000 
1747.00000000 
206.00000000 
2234.00000000 
6933.00000000 
107.00000000 
1269.00000000 
3745.00000000 
31746.00000000 
3734.00000000 
9595.00000000 
4128.00000000 
8278.00000000 
1443.00000000 
102.00000000 
1077.00000000 
1882.00000000 
811.00000000 
3498.00000000 
321.00000000 
975.00000000 
1379.00000000 
233.00000000 
152.00000000 
7502.00000000 
11126.00000000 
894.00000000 
2760.00000000 
915.00000000 
894.00000000 
517.00000000 
3443.00000000 
771.00000000 
3338.00000000 
14628.00000000 
11.00000000 
3082.00000000 
3339.00000000 
370.00000000 
0.00000000 
0.00000000 
99.00000000 
106.00000000 
3651.00000000 
1696.00000000 
50.00000000 
426.00000000 
821.00000000 
9777.00000000 
4341.00000000 
186.00000000 
1756.00000000 
610.00000000 
2529.00000000 
20960.00000000 
1561.00000000 
3013.00000000 
1602.00000000 
4814.00000000 
45.00000000 
158.00000000 
3016.00000000 
1241.00000000 
285.00000000 
1899.00000000 
3388.00000000 
920.00000000 
1075.00000000 
660.00000000 
2862.00000000 
546.00000000 
0.00000000 
545.00000000 
7099.00000000 
609.00000000 
1227.00000000 
883.00000000 
14316.00000000 
4019.00000000 
3174.00000000 
509.00000000 
8714.00000000 
1120.00000000 
7454.00000000 
2201.00000000 
214.00000000 
9234.00000000 
5302.00000000 
0.00000000 
110.00000000 
110.00000000 
159.00000000 
1241.00000000 
148.00000000 
443.00000000 
292.00000000 
54.00000000 
3466.00000000 
1840.00000000 
3298.00000000 
55.00000000 
3594.00000000 
1004.00000000 
204.00000000 
389.00000000 
662.00000000 
0.00000000 
465.00000000 
274.00000000 
523.00000000 
0.00000000 
133.00000000 
470.00000000 
0.00000000 
3290.00000000 
56.00000000 
170.00000000 
169.00000000 
2139.00000000 
1626.00000000 
374.00000000 
260.00000000 
426.00000000 
38.00000000 
1676.00000000 
139.00000000 
885.00000000 
1012.00000000 
1136.00000000 
2007.00000000 
30.00000000 
1428.00000000 
838.00000000 
613.00000000 
337.00000000 
518.00000000 
9551.00000000 
516.00000000 
518.00000000 
171.00000000 
113.00000000 
574.00000000 
0.00000000 
875.00000000 
1608.00000000 
2085.00000000 
4469.00000000 
506.00000000 
1550.00000000 
2517.00000000 
2296.00000000 
978.00000000 
118.00000000 
7766.00000000 
154.00000000 
3730.00000000 
442.00000000 
147.00000000 
3224.00000000 
1030.00000000 
2518.00000000 
3826.00000000 
14214.00000000 
4304.00000000 
3686.00000000 
4808.00000000 
2013.00000000 
2819.00000000 
242.00000000 
2891.00000000 
28.00000000 
0.00000000 
236.00000000 
1227.00000000 
80.00000000 
389.00000000 
3823.00000000 
890.00000000 
1018.00000000 
902.00000000 
6479.00000000 
6152.00000000 
5445.00000000 
8301.00000000 
12198.00000000 
10840.00000000 
21415.00000000 
18361.00000000 
21519.00000000 
129871.00000000 
535.00000000 
1612.00000000 
11753.00000000 
372.00000000 
329.00000000 
320.00000000 
2365.00000000 
2012.00000000 
7432.00000000 
628.00000000 
5492.00000000 
935.00000000 
5063.00000000 
3386.00000000 
2688.00000000 
0.00000000 
242.00000000 
1481.00000000 
2396.00000000 
13962.00000000 
2600.00000000 
41.00000000 
384.00000000 
5167.00000000 
3662.00000000 
3277.00000000 
1465.00000000 
2534.00000000 
2630.00000000 
3518.00000000 
12018.00000000 
2783.00000000 
6241.00000000 
1605.00000000 
0.00000000 
9530.00000000 
119.00000000 
1066.00000000 
624.00000000 
490.00000000 
108.00000000 
1796.00000000 
420.00000000 
0.00000000 
1506.00000000 
2491.00000000 
334.00000000 
2626.00000000 
987.00000000 
4713.00000000 
5151.00000000 
20621.00000000 
9635.00000000 
2393.00000000 
891.00000000 
150.00000000 
95.00000000 
128.00000000 
416.00000000 
0.00000000 
22885.00000000 
350.00000000 
126.00000000 
28.00000000 
949.00000000 
2936.00000000 
5758.00000000 
205.00000000 
8221.00000000 
383.00000000 
58.00000000 
2421.00000000 
959.00000000 
595.00000000 
2154.00000000 
10942.00000000 
832.00000000 
4244.00000000 
178.00000000 
1765.00000000 
694.00000000 
5937.00000000 
49204.00000000 
12733.00000000 
430.00000000 
470.00000000 
0.00000000 
5229.00000000 
1203.00000000 
2005.00000000 
4461.00000000 
1905.00000000 
4217.00000000 
614.00000000 
7595.00000000 
3616.00000000 
977.00000000 
114.00000000 
4924.00000000 
1054.00000000 
136.00000000 
9385.00000000 
22456.00000000 
11234.00000000 
2993.00000000 
2890.00000000 
2333.00000000 
1932.00000000 
7172.00000000 
4831.00000000 
917.00000000 
2048.00000000 
606.00000000 
0.00000000 
5454.00000000 
8028.00000000 
609.00000000 
1642.00000000 
10436.00000000 
177.00000000 
8493.00000000 
9089.00000000 
97.00000000 
1667.00000000 
935.00000000 
2183.00000000 
1202.00000000 
12.00000000 
226.00000000 
4017.00000000 
12.00000000 
1837.00000000 
210.00000000 
0.00000000 
5530.00000000 
51.00000000 
1410.00000000 
181.00000000 
1944.00000000 
1345.00000000 
0.00000000 
16.00000000 
182.00000000 
593.00000000 
826.00000000 
1945.00000000 
11605.00000000 
2616.00000000 
3997.00000000 
4995.00000000 
2931.00000000 
8132.00000000 
206.00000000 
884.00000000 
12443.00000000 
33.00000000 
304.00000000 
0.00000000 
496.00000000 
0.00000000 
16947.00000000 
3114.00000000 
9747.00000000 
5222.00000000 
11219.00000000 
14329.00000000 
0.00000000 
119.00000000 
2143.00000000 
11262.00000000 
15192.00000000 
939.00000000 
4229.00000000 
14462.00000000 
1738.00000000 
506.00000000 
2708.00000000 
11243.00000000 
489.00000000 
12058.00000000 
1604.00000000 
626.00000000 
196.00000000 
35.00000000 
4581.00000000 
222.00000000 
3318.00000000 
135.00000000 
120.00000000 
2230.00000000 
439.00000000 
799.00000000 
859.00000000 
4991.00000000 
1612.00000000 
136.00000000 
100.00000000 
1335.00000000 
27.00000000 
0.00000000 
3826.00000000 
