2.56600000 
2.22700000 
81.81800000 
25.45400000 
0.77900000 
0.14600000 
0.17200000 
1.59200000 
2.54400000 
2.17800000 
5.30900000 
17.32000000 
37.69700000 
0.56300000 
1.90200000 
7.96600000 
2.45700000 
4.78900000 
21.78100000 
2.55500000 
2.92900000 
1.25200000 
1.26700000 
0.42400000 
4.16300000 
6.73100000 
1.92200000 
2.82600000 
2.45600000 
0.89000000 
1.44400000 
0.44100000 
0.46900000 
3.33600000 
17.21500000 
9.48900000 
3.31400000 
1.74400000 
1.66500000 
0.47900000 
5.28800000 
1.05100000 
0.48000000 
4.21800000 
0.60400000 
2.62500000 
0.29400000 
3.67200000 
3.81700000 
3.03200000 
18.39700000 
4.34500000 
3.20000000 
3.78600000 
8.68900000 
4.88200000 
2.33500000 
3.19900000 
0.44100000 
1.47200000 
5.88500000 
3.54600000 
3.64300000 
2.48200000 
2.32900000 
8.21600000 
8.59600000 
7.89600000 
4.19100000 
4.74200000 
7.27800000 
7.48500000 
15.42800000 
13.93500000 
2.90800000 
3.36200000 
11.80700000 
2.41700000 
21.30500000 
15.26300000 
18.45600000 
19.90100000 
23.35000000 
30.07300000 
30.71600000 
4.73700000 
0.33700000 
2.37000000 
2.24900000 
11.59300000 
9.71400000 
13.49200000 
9.83900000 
4.98200000 
13.49200000 
4.76300000 
4.43300000 
5.04200000 
31.29700000 
2.48400000 
6.06200000 
6.13600000 
21.36400000 
1.80000000 
0.98800000 
16.04000000 
5.60500000 
7.90400000 
5.27300000 
5.36700000 
2.62800000 
1.92100000 
4.04000000 
15.98600000 
2.66200000 
9.21100000 
11.67700000 
2.89200000 
7.36200000 
2.55300000 
0.60100000 
4.29600000 
2.14600000 
2.84100000 
2.45800000 
8.42100000 
1.43400000 
2.22500000 
16.39600000 
1.10200000 
13.95800000 
5.24000000 
0.56700000 
1.67300000 
0.92100000 
2.29800000 
3.12900000 
0.14900000 
1.97700000 
0.21300000 
0.25200000 
0.00000000 
1.65700000 
2.28100000 
4.30900000 
9.29100000 
19.42800000 
6.73500000 
0.14900000 
0.22700000 
9.78700000 
0.97000000 
2.32700000 
21.75500000 
0.47300000 
8.53700000 
0.32000000 
0.36500000 
3.84000000 
4.06900000 
3.74900000 
0.47100000 
0.00000000 
0.30000000 
0.80200000 
2.07400000 
1.48900000 
6.32400000 
0.70400000 
1.07800000 
3.54400000 
1.43400000 
0.75100000 
0.38800000 
0.45000000 
2.18300000 
0.15100000 
0.15100000 
0.43500000 
3.20100000 
0.66100000 
0.01000000 
0.07500000 
0.30200000 
0.50400000 
0.62900000 
0.02500000 
0.72400000 
0.78600000 
0.77100000 
0.74300000 
3.86700000 
4.71700000 
16.20300000 
1.20300000 
0.97700000 
0.88700000 
0.11900000 
2.76200000 
0.45200000 
0.51600000 
0.35300000 
0.45700000 
2.25600000 
4.95500000 
1.30200000 
2.01100000 
1.61800000 
0.45300000 
0.30200000 
1.43300000 
1.71000000 
0.55900000 
7.26100000 
2.14600000 
0.15100000 
0.69600000 
0.15200000 
0.79000000 
7.50200000 
0.30400000 
0.35400000 
1.99900000 
2.03300000 
0.78200000 
0.95600000 
1.00000000 
2.25000000 
1.16300000 
1.66100000 
2.06700000 
4.95100000 
13.26300000 
1.04900000 
4.52700000 
0.40600000 
2.76600000 
3.39900000 
3.59500000 
17.35000000 
2.06000000 
5.13600000 
4.47800000 
2.74200000 
3.45400000 
6.15100000 
17.24200000 
7.07300000 
0.60800000 
0.65800000 
2.64900000 
1.60800000 
7.55900000 
0.00000000 
4.61500000 
1.43500000 
5.59100000 
3.32700000 
1.48200000 
1.04700000 
1.36500000 
1.60400000 
0.47700000 
0.37500000 
3.38200000 
1.88100000 
0.70600000 
3.79700000 
1.05400000 
1.16200000 
3.85100000 
0.15200000 
0.34100000 
2.47300000 
5.70300000 
0.73300000 
2.14000000 
0.87300000 
1.63000000 
0.44500000 
0.30500000 
0.47400000 
2.09500000 
0.49400000 
0.64300000 
0.76000000 
2.21000000 
1.17100000 
0.52900000 
8.40800000 
2.28600000 
9.40200000 
2.39900000 
11.77900000 
0.50100000 
4.95800000 
2.79700000 
1.57600000 
3.80000000 
1.65000000 
8.26700000 
2.49600000 
5.35400000 
1.90700000 
3.70400000 
1.63200000 
10.34700000 
3.22600000 
2.35500000 
4.87900000 
30.79200000 
2.75200000 
2.87600000 
14.15000000 
5.32900000 
1.64100000 
1.28600000 
3.56400000 
1.01400000 
0.54400000 
1.10700000 
1.03600000 
20.97300000 
5.57500000 
10.09600000 
5.03000000 
2.19600000 
1.71600000 
1.00200000 
2.15100000 
1.65200000 
2.45200000 
13.64800000 
2.58400000 
7.58100000 
5.36300000 
12.55400000 
11.11300000 
1.02800000 
2.73800000 
7.93800000 
11.03600000 
15.46700000 
23.96700000 
18.61200000 
3.29900000 
2.31100000 
21.37600000 
4.53600000 
9.02500000 
17.23100000 
10.51700000 
9.56600000 
21.13300000 
10.66900000 
2.69600000 
35.72700000 
6.10600000 
4.24100000 
4.33600000 
1.70000000 
3.06000000 
8.25600000 
2.87600000 
6.81000000 
0.89300000 
9.13300000 
2.42700000 
3.19900000 
6.02700000 
4.30000000 
6.02900000 
3.16700000 
0.54200000 
1.70700000 
3.56500000 
3.04500000 
2.85600000 
0.17200000 
2.18500000 
10.50700000 
5.76200000 
5.26500000 
3.22900000 
4.52300000 
1.65700000 
1.99800000 
0.19100000 
2.43000000 
2.53400000 
4.22100000 
0.88200000 
2.00800000 
17.12000000 
23.22400000 
3.70000000 
13.32400000 
6.03000000 
4.88500000 
1.10900000 
1.46600000 
0.30700000 
1.11700000 
5.86000000 
13.63600000 
5.92500000 
0.47000000 
2.37000000 
3.02400000 
3.96100000 
2.37600000 
0.61100000 
1.32700000 
1.10400000 
0.97900000 
0.56000000 
0.74800000 
2.19700000 
2.61100000 
13.83900000 
11.84800000 
3.69700000 
2.41700000 
4.12000000 
2.44300000 
2.32900000 
0.60700000 
2.22200000 
1.07800000 
1.08300000 
4.47500000 
1.21100000 
4.10300000 
2.67800000 
5.57600000 
2.68900000 
2.80200000 
3.20400000 
3.05800000 
6.21200000 
1.69000000 
0.75700000 
1.65700000 
3.07100000 
2.71900000 
0.91100000 
0.37900000 
1.67800000 
2.17100000 
2.54400000 
1.31400000 
7.24700000 
1.75900000 
2.38700000 
7.22200000 
0.80500000 
19.11000000 
2.93100000 
1.71100000 
6.12100000 
10.15200000 
6.44700000 
11.12500000 
4.05900000 
1.04800000 
0.34900000 
5.24400000 
6.23600000 
2.73000000 
0.83000000 
1.43900000 
11.14800000 
2.05500000 
2.09700000 
1.60500000 
3.52600000 
3.68200000 
4.18400000 
7.81100000 
4.01500000 
9.12000000 
9.35800000 
0.21200000 
2.51900000 
73.54200000 
22.26500000 
5.44800000 
2.86000000 
3.20400000 
14.69200000 
16.86600000 
18.09400000 
1.78100000 
14.20100000 
4.35700000 
3.87800000 
1.36600000 
8.82100000 
5.07300000 
9.86000000 
4.75900000 
2.54700000 
3.56900000 
2.14100000 
8.12800000 
1.15900000 
0.76700000 
5.24600000 
12.43000000 
5.72400000 
4.49900000 
21.69500000 
2.81000000 
7.36800000 
35.73300000 
3.65700000 
4.47700000 
1.97600000 
2.84100000 
21.43600000 
4.12300000 
0.61600000 
0.34100000 
0.69200000 
2.27200000 
1.95400000 
0.37200000 
2.08400000 
2.25900000 
3.45400000 
5.52700000 
0.31000000 
7.70500000 
7.79900000 
0.34100000 
0.23400000 
0.14900000 
0.83500000 
3.11500000 
2.95700000 
0.92100000 
1.16300000 
1.70500000 
0.23500000 
3.43300000 
7.28500000 
3.87200000 
0.70600000 
11.15700000 
2.85200000 
8.22900000 
3.63400000 
3.52200000 
8.78700000 
4.21400000 
10.55700000 
6.80400000 
3.59800000 
3.00500000 
0.44500000 
1.31200000 
0.19000000 
1.82100000 
0.05000000 
0.65200000 
0.19200000 
0.00100000 
0.25900000 
0.00000000 
5.40700000 
0.82900000 
0.27000000 
3.74500000 
0.03500000 
0.95100000 
0.00000000 
0.04800000 
1.99200000 
1.06500000 
0.05600000 
4.69300000 
13.12000000 
0.31600000 
17.00700000 
2.17000000 
0.30700000 
2.75900000 
0.19500000 
0.15900000 
17.29200000 
3.70200000 
7.71000000 
1.95900000 
0.00000000 
0.61200000 
1.34900000 
1.00000000 
1.12900000 
0.52400000 
0.15400000 
0.61500000 
2.85100000 
2.72600000 
0.00000000 
0.53100000 
0.99000000 
3.08200000 
2.55400000 
0.81500000 
1.54800000 
0.05100000 
0.24200000 
1.50800000 
4.79400000 
2.79000000 
2.08500000 
0.08200000 
0.47000000 
1.15800000 
0.13300000 
0.24300000 
0.47400000 
0.02000000 
7.10100000 
0.49200000 
2.51200000 
1.68600000 
2.69500000 
2.02900000 
13.51100000 
0.05500000 
7.25100000 
0.22200000 
0.71600000 
0.29800000 
1.38400000 
0.42600000 
3.08500000 
1.32900000 
1.81200000 
0.05000000 
0.50000000 
0.59600000 
0.84200000 
0.06200000 
0.00000000 
1.01000000 
0.19400000 
0.26000000 
3.99200000 
1.57700000 
1.59700000 
1.14700000 
0.06000000 
4.28300000 
0.89000000 
1.23100000 
4.74300000 
0.83100000 
3.37800000 
0.96100000 
9.01100000 
0.92800000 
25.74200000 
2.09300000 
0.46300000 
5.65100000 
11.54100000 
12.16600000 
3.31700000 
0.89700000 
2.43700000 
7.37400000 
2.09300000 
11.14400000 
3.32800000 
4.59300000 
2.81000000 
16.76000000 
2.75700000 
12.06500000 
2.13300000 
5.89900000 
0.93600000 
3.45300000 
1.51800000 
4.24900000 
2.18800000 
0.34800000 
2.61400000 
1.22300000 
2.61400000 
0.46800000 
0.40900000 
1.86300000 
0.14300000 
0.34600000 
5.45900000 
2.15100000 
7.68000000 
3.85000000 
2.86500000 
1.86600000 
5.71800000 
4.21400000 
0.77700000 
5.07200000 
0.91900000 
2.14700000 
2.88300000 
2.97900000 
7.93300000 
4.85000000 
4.97200000 
6.20800000 
1.08900000 
1.32500000 
6.14400000 
2.28700000 
6.82400000 
4.83000000 
2.20000000 
6.59600000 
6.68900000 
10.63400000 
1.24400000 
5.37600000 
1.24600000 
3.22100000 
7.03200000 
3.54800000 
9.33600000 
2.88900000 
2.76900000 
1.19000000 
0.45400000 
3.94700000 
0.60900000 
9.57900000 
3.74300000 
0.96600000 
0.66300000 
6.59600000 
5.49100000 
7.43700000 
5.66500000 
5.61100000 
2.30200000 
4.42100000 
5.07800000 
21.23700000 
1.21800000 
8.09700000 
3.29100000 
0.56400000 
0.65800000 
0.00000000 
3.38100000 
0.63900000 
4.90600000 
9.31400000 
6.54300000 
0.70700000 
2.94000000 
1.77500000 
0.05800000 
1.18000000 
0.63400000 
14.82200000 
0.59600000 
1.29500000 
0.60500000 
4.44300000 
4.73800000 
8.55500000 
1.75800000 
0.12300000 
1.01100000 
5.64300000 
0.56700000 
0.75200000 
0.21100000 
6.60100000 
2.05500000 
0.61600000 
7.83700000 
30.91400000 
0.03400000 
2.56200000 
2.50600000 
4.78900000 
0.27400000 
0.15700000 
0.19100000 
3.13000000 
9.17400000 
0.84400000 
0.33900000 
3.27000000 
0.27300000 
1.76500000 
0.08000000 
0.29800000 
0.60100000 
0.61900000 
1.47600000 
11.20500000 
4.23800000 
10.47400000 
1.70600000 
0.04300000 
2.35300000 
0.00000000 
0.31000000 
0.00000000 
0.15500000 
0.82200000 
1.86400000 
0.52300000 
0.03000000 
0.03400000 
1.62100000 
0.00000000 
3.85300000 
1.22500000 
10.48800000 
1.08100000 
2.33700000 
2.40000000 
3.15000000 
11.14900000 
4.36300000 
2.90700000 
0.15500000 
0.31000000 
3.13700000 
8.55700000 
0.81500000 
1.09800000 
2.12600000 
7.58100000 
1.58600000 
0.60700000 
1.15600000 
0.01800000 
0.99400000 
0.00000000 
0.31000000 
0.22100000 
0.43500000 
9.44800000 
1.95700000 
0.55300000 
0.31000000 
1.23900000 
0.61200000 
0.04100000 
0.15500000 
0.00000000 
0.30000000 
1.05100000 
0.88100000 
2.26800000 
0.46600000 
1.82100000 
0.10300000 
0.99700000 
1.39300000 
1.43100000 
0.31200000 
0.17700000 
0.88300000 
1.21200000 
2.23200000 
3.78200000 
1.04000000 
0.60900000 
0.45800000 
42.74500000 
21.24500000 
1.49700000 
0.58100000 
0.13400000 
4.57200000 
0.28500000 
0.62100000 
0.00000000 
0.40900000 
2.86800000 
1.62400000 
5.34000000 
29.66700000 
4.09200000 
0.24700000 
0.03400000 
1.21900000 
0.00000000 
6.31200000 
1.77700000 
0.16300000 
1.35800000 
1.09500000 
1.03400000 
1.78600000 
0.57200000 
3.95400000 
0.12600000 
3.11500000 
7.60900000 
21.12000000 
0.00000000 
0.27900000 
1.89500000 
6.00600000 
2.20500000 
4.29800000 
1.24400000 
0.21100000 
0.49400000 
0.28000000 
0.08500000 
0.84700000 
3.14500000 
0.57100000 
8.51900000 
2.04300000 
1.88400000 
1.35400000 
0.00000000 
1.32300000 
0.15100000 
20.56200000 
2.17100000 
1.78500000 
0.00000000 
2.31100000 
2.02700000 
0.15200000 
1.37800000 
5.45200000 
0.17000000 
2.61500000 
2.76200000 
3.14300000 
0.51700000 
0.61800000 
1.90400000 
14.35700000 
4.33400000 
0.16100000 
1.09400000 
6.92700000 
1.28200000 
1.60200000 
0.52100000 
0.37300000 
2.84500000 
3.19200000 
2.21700000 
1.33200000 
7.14800000 
1.40200000 
3.73800000 
0.15200000 
3.23500000 
9.48700000 
4.06800000 
5.77600000 
2.00500000 
9.61400000 
1.80700000 
0.87900000 
2.13700000 
3.92700000 
2.60900000 
3.66900000 
2.31100000 
0.36300000 
19.57000000 
2.06300000 
0.99900000 
0.75300000 
4.09500000 
14.85700000 
3.15400000 
1.35900000 
2.63700000 
2.17200000 
1.93500000 
4.65400000 
5.14000000 
26.24000000 
13.06100000 
11.57200000 
1.97400000 
7.38100000 
38.32200000 
3.61300000 
7.62400000 
13.91000000 
1.52700000 
5.65000000 
0.39900000 
3.70600000 
35.50000000 
2.39400000 
0.95900000 
5.82000000 
47.39300000 
1.80800000 
1.73100000 
8.93500000 
8.25400000 
8.17900000 
13.91600000 
6.02500000 
27.30400000 
14.31600000 
8.23900000 
83.00500000 
6.61200000 
54.57900000 
2.20000000 
0.75200000 
3.26600000 
5.06500000 
2.54000000 
3.07100000 
3.56900000 
2.15700000 
1.39000000 
2.53300000 
1.08200000 
3.70300000 
4.90800000 
2.33400000 
3.42700000 
1.50600000 
8.08200000 
1.64100000 
1.43500000 
2.14600000 
0.56300000 
2.36500000 
3.51400000 
2.04000000 
6.24000000 
0.13000000 
0.80900000 
2.30400000 
1.02300000 
1.09600000 
0.00000000 
0.91500000 
7.32900000 
3.99100000 
12.03000000 
3.78300000 
0.79800000 
0.53900000 
0.58800000 
5.06200000 
0.00000000 
1.42600000 
1.46000000 
0.90400000 
0.00100000 
4.24400000 
0.42000000 
0.53900000 
5.25500000 
3.25700000 
2.25300000 
0.15400000 
4.24500000 
2.83800000 
4.88600000 
0.32500000 
1.36200000 
2.33900000 
1.30300000 
2.57800000 
0.00000000 
0.94000000 
2.33200000 
2.18600000 
0.14200000 
0.15200000 
0.31000000 
0.34200000 
3.99300000 
2.58900000 
4.76900000 
0.51800000 
12.98700000 
3.27800000 
3.98500000 
0.34400000 
5.31400000 
1.04000000 
1.33700000 
0.39400000 
9.00000000 
1.22500000 
0.29800000 
16.80800000 
0.23200000 
9.61800000 
2.12600000 
2.62900000 
0.58500000 
1.18700000 
0.18300000 
1.03100000 
1.42000000 
0.22600000 
20.40500000 
1.32300000 
0.89000000 
0.79400000 
1.66000000 
2.65100000 
0.75900000 
0.99200000 
2.22200000 
6.22900000 
0.07500000 
2.83400000 
4.30600000 
6.81100000 
7.79600000 
0.14500000 
1.20700000 
5.07900000 
1.27200000 
0.26700000 
1.04500000 
8.62700000 
2.70600000 
0.00000000 
7.54600000 
3.86300000 
1.33000000 
0.37000000 
3.63900000 
1.13300000 
0.37400000 
1.54800000 
1.48100000 
2.42200000 
0.41600000 
1.99000000 
13.67500000 
4.96300000 
0.70700000 
9.53000000 
3.77100000 
4.76400000 
8.25200000 
3.11100000 
0.21800000 
1.88900000 
0.00000000 
3.25400000 
0.15500000 
0.46500000 
0.38600000 
1.51400000 
4.24400000 
1.36100000 
2.56100000 
0.31200000 
0.04300000 
0.01200000 
1.40200000 
3.75200000 
1.14000000 
0.00000000 
0.19000000 
0.00000000 
9.08000000 
4.95300000 
0.00000000 
0.71700000 
0.00000000 
9.01300000 
2.86700000 
1.44300000 
0.00000000 
1.44300000 
0.61900000 
1.96500000 
0.15400000 
0.27500000 
1.23200000 
6.25100000 
0.46200000 
1.80600000 
0.30800000 
1.97900000 
1.00000000 
3.24800000 
1.78200000 
1.85500000 
8.91100000 
15.84800000 
0.42000000 
0.43500000 
1.26500000 
2.28100000 
2.13000000 
5.36000000 
1.35500000 
0.28300000 
1.08200000 
1.88900000 
3.29500000 
3.00900000 
0.51800000 
0.95600000 
1.58900000 
1.21200000 
3.15100000 
0.30800000 
1.49400000 
20.14700000 
3.32100000 
0.71700000 
1.92700000 
2.70300000 
1.55400000 
7.16900000 
1.45600000 
2.55300000 
3.15600000 
0.85300000 
1.55700000 
0.68700000 
4.18000000 
0.69600000 
11.84700000 
10.33800000 
0.15300000 
0.45900000 
2.96400000 
1.45900000 
2.70000000 
1.12100000 
1.48000000 
2.81700000 
3.22500000 
4.00500000 
10.32300000 
1.07200000 
0.59900000 
0.30800000 
0.04900000 
1.00000000 
3.57400000 
1.66900000 
1.03600000 
0.00000000 
0.00000000 
6.45100000 
0.00000000 
0.39000000 
0.84400000 
1.18500000 
0.70300000 
1.12200000 
1.12600000 
0.35400000 
1.48800000 
0.59100000 
1.87100000 
1.36600000 
1.00100000 
0.00000000 
1.66100000 
1.44000000 
0.73000000 
1.30800000 
0.32000000 
5.04300000 
0.15400000 
0.45200000 
0.25400000 
0.39400000 
0.24000000 
0.00000000 
0.41000000 
1.13200000 
2.52600000 
0.15400000 
1.37300000 
0.15300000 
3.32000000 
3.74500000 
2.74900000 
0.46200000 
0.85200000 
2.34000000 
1.00000000 
0.01600000 
2.75000000 
0.11500000 
0.52800000 
1.87300000 
0.44200000 
3.00400000 
0.00000000 
0.01900000 
0.59500000 
0.46200000 
0.00000000 
0.00000000 
0.25000000 
1.56900000 
2.15200000 
1.51000000 
0.03000000 
3.45300000 
0.50000000 
1.45200000 
5.00700000 
0.09800000 
0.00000000 
0.00000000 
0.25000000 
2.31700000 
1.64200000 
2.77500000 
1.10400000 
0.29200000 
4.02300000 
2.26500000 
0.10000000 
0.00000000 
1.56200000 
0.65200000 
0.00000000 
5.22900000 
1.00000000 
1.93500000 
1.25000000 
1.43000000 
0.18700000 
3.94500000 
3.32600000 
0.00000000 
0.77600000 
0.77400000 
0.00000000 
2.88800000 
0.00000000 
0.52000000 
0.69200000 
0.51300000 
0.53500000 
0.15500000 
1.63500000 
4.02200000 
5.45700000 
1.16800000 
0.04900000 
0.00000000 
0.71400000 
4.03200000 
2.70500000 
0.71700000 
0.34000000 
0.00000000 
1.05900000 
0.25800000 
0.54300000 
4.65500000 
14.83000000 
1.03400000 
3.31600000 
2.35800000 
2.00000000 
24.81800000 
1.00800000 
0.28500000 
0.07700000 
0.19000000 
9.26200000 
0.47200000 
2.55200000 
0.48000000 
1.63800000 
0.48100000 
0.15500000 
0.00000000 
2.69700000 
0.59200000 
0.54900000 
0.49200000 
1.15400000 
0.28700000 
0.70000000 
0.39200000 
0.67200000 
1.17100000 
3.06400000 
0.32300000 
3.56200000 
1.98500000 
0.42900000 
0.89100000 
2.54500000 
1.50100000 
4.83000000 
10.71700000 
7.29800000 
3.18900000 
1.40200000 
4.37900000 
2.60100000 
2.33400000 
4.16900000 
2.68400000 
5.60000000 
2.45300000 
1.93800000 
1.34700000 
0.15600000 
0.67600000 
1.17500000 
0.43700000 
0.62000000 
0.50800000 
0.31000000 
2.97400000 
0.65600000 
0.20200000 
0.15500000 
0.77500000 
1.26600000 
6.08000000 
1.57500000 
1.18000000 
2.19500000 
5.38000000 
1.23600000 
8.90400000 
2.26600000 
0.67300000 
8.27400000 
0.66600000 
1.08500000 
0.12000000 
0.97600000 
2.11800000 
1.11300000 
2.25600000 
1.60800000 
0.25400000 
1.18700000 
6.41100000 
4.66900000 
10.49600000 
0.75300000 
3.20500000 
2.29600000 
7.64400000 
5.15100000 
5.56800000 
2.38300000 
6.63700000 
6.83100000 
13.87800000 
0.37400000 
1.93300000 
7.23500000 
2.49400000 
9.06400000 
5.43800000 
6.38800000 
0.67700000 
0.84900000 
3.06500000 
18.94200000 
6.00400000 
2.95500000 
18.81300000 
3.05600000 
1.07400000 
3.53000000 
1.97600000 
2.08900000 
3.82200000 
1.49600000 
3.17400000 
3.06600000 
7.05900000 
9.27100000 
1.62400000 
3.19700000 
4.88100000 
1.96900000 
7.63300000 
3.34800000 
2.48800000 
1.80700000 
1.17100000 
5.33500000 
2.46800000 
5.70800000 
8.98300000 
1.87800000 
7.96500000 
4.28900000 
4.54000000 
11.53700000 
8.90100000 
1.70200000 
1.42700000 
26.11600000 
0.55600000 
19.42600000 
2.46000000 
9.02100000 
0.00000000 
0.48700000 
0.80300000 
1.06000000 
11.23600000 
0.61200000 
2.55600000 
0.03300000 
1.67300000 
4.93700000 
16.40100000 
9.52500000 
2.70600000 
18.12500000 
1.46600000 
0.04900000 
5.63200000 
2.83800000 
5.99000000 
9.20400000 
17.18700000 
1.79100000 
2.94100000 
2.67100000 
9.59800000 
1.44100000 
0.64200000 
1.25700000 
5.92500000 
3.07700000 
0.24500000 
0.87900000 
0.14500000 
0.70600000 
2.03500000 
0.02700000 
3.51500000 
4.93700000 
4.52300000 
2.39400000 
15.71900000 
2.03400000 
0.29400000 
10.29100000 
2.09400000 
1.31100000 
0.71500000 
6.08400000 
4.05100000 
3.14500000 
1.13500000 
8.91600000 
3.26800000 
7.09700000 
0.20300000 
0.50000000 
0.09900000 
0.25000000 
1.62000000 
1.53100000 
1.26000000 
1.19500000 
14.48600000 
1.00000000 
0.56000000 
28.29800000 
2.15600000 
0.17000000 
0.50700000 
1.22800000 
0.14400000 
0.21900000 
4.65400000 
4.52400000 
2.13700000 
3.78800000 
0.76900000 
0.40000000 
0.33300000 
11.11300000 
1.58100000 
0.19000000 
6.65200000 
1.47000000 
1.53200000 
3.21600000 
21.25000000 
11.45400000 
0.45900000 
1.82100000 
0.17100000 
2.46700000 
4.85900000 
1.10200000 
0.25300000 
2.71000000 
2.95200000 
5.08600000 
0.68700000 
0.64900000 
0.01900000 
4.44000000 
2.80400000 
0.07000000 
0.56500000 
0.97000000 
0.71300000 
2.44300000 
0.30700000 
1.83800000 
2.99700000 
1.01200000 
6.67700000 
0.79600000 
0.00000000 
29.02100000 
1.44200000 
9.37300000 
8.07700000 
0.00000000 
1.73300000 
2.47800000 
7.36700000 
11.42100000 
4.51100000 
14.59000000 
3.30700000 
3.75000000 
1.97600000 
1.99400000 
0.96600000 
0.65500000 
0.46600000 
0.54800000 
2.67300000 
0.20000000 
1.22500000 
6.69600000 
0.03700000 
2.43100000 
12.74400000 
0.30000000 
5.67100000 
3.78600000 
9.33700000 
20.46100000 
1.77500000 
1.54800000 
6.01700000 
14.59000000 
20.65400000 
1.57500000 
11.11300000 
12.08100000 
8.55800000 
55.28100000 
7.75800000 
4.34900000 
11.62400000 
2.74300000 
6.49700000 
11.52500000 
0.00900000 
0.28500000 
2.72600000 
0.18600000 
2.11700000 
4.56900000 
0.00000000 
0.49500000 
0.00000000 
1.78800000 
2.69500000 
2.57800000 
0.34600000 
0.15000000 
0.79400000 
12.94000000 
1.26100000 
5.71000000 
0.00000000 
0.43400000 
1.88600000 
0.24900000 
5.38600000 
28.70000000 
0.15500000 
3.90400000 
21.61700000 
0.94200000 
2.87500000 
0.60000000 
0.37800000 
0.00000000 
0.14900000 
0.22400000 
0.19800000 
1.51900000 
0.49200000 
2.68900000 
4.32900000 
3.17700000 
2.29100000 
3.26100000 
7.64600000 
9.97100000 
1.29200000 
10.16700000 
0.90800000 
0.00000000 
1.65700000 
0.46300000 
2.82500000 
0.29100000 
2.47900000 
0.29500000 
1.48700000 
5.45400000 
8.43300000 
3.74800000 
7.22400000 
2.03500000 
10.64300000 
4.08300000 
4.79900000 
11.94200000 
10.46000000 
16.05500000 
31.19500000 
0.03600000 
0.15000000 
9.16400000 
18.52000000 
0.75400000 
3.84700000 
6.17600000 
1.21500000 
11.83900000 
81.13700000 
1.38400000 
2.74100000 
0.39300000 
1.15100000 
0.04400000 
1.51000000 
14.90700000 
5.24900000 
2.00000000 
1.37100000 
3.38400000 
1.38400000 
1.04800000 
0.66700000 
4.37400000 
23.87700000 
4.14000000 
7.73600000 
0.00000000 
0.71400000 
0.84600000 
1.72800000 
1.52400000 
1.41300000 
7.85600000 
1.04900000 
5.23800000 
2.22600000 
1.00000000 
0.15200000 
0.36100000 
3.10700000 
0.09200000 
0.39900000 
0.09800000 
5.08600000 
0.00000000 
4.50100000 
22.13300000 
3.28000000 
1.45200000 
3.00200000 
0.56600000 
7.34400000 
0.07900000 
3.48700000 
3.75200000 
0.54300000 
2.47900000 
2.64900000 
6.54600000 
14.06800000 
32.14400000 
4.73200000 
8.90200000 
8.64600000 
1.69300000 
27.55900000 
4.05900000 
0.43400000 
4.51900000 
3.50000000 
1.25700000 
6.62200000 
1.05600000 
5.90100000 
8.48700000 
3.51400000 
0.31200000 
3.24400000 
3.97100000 
8.88900000 
21.19800000 
10.12900000 
3.28100000 
0.56200000 
1.26300000 
3.33800000 
3.62100000 
2.47200000 
2.76400000 
0.32200000 
1.51300000 
3.12800000 
2.36200000 
0.07600000 
5.77400000 
1.01000000 
0.00000000 
1.42800000 
2.60200000 
4.73700000 
1.99800000 
2.15100000 
6.18200000 
0.93400000 
29.51300000 
7.13800000 
7.60000000 
0.25200000 
0.65900000 
0.55200000 
12.64100000 
0.15200000 
1.94400000 
8.78300000 
0.02500000 
0.83400000 
0.20500000 
1.29200000 
0.09200000 
2.22000000 
0.18500000 
0.23300000 
1.48800000 
1.53100000 
6.25500000 
1.38900000 
0.12000000 
1.35100000 
0.35000000 
5.10700000 
0.30200000 
1.13600000 
11.96600000 
1.08100000 
2.25700000 
1.30500000 
2.77900000 
2.31600000 
0.05000000 
0.30500000 
0.43500000 
1.48300000 
2.26900000 
2.07000000 
0.35000000 
0.28500000 
12.68300000 
11.96200000 
3.72400000 
1.94300000 
1.58100000 
0.08700000 
0.51100000 
1.51600000 
1.10500000 
0.00000000 
2.41700000 
3.34600000 
12.86800000 
8.53700000 
5.14700000 
1.90700000 
48.31200000 
3.95500000 
858.54300000 
0.15100000 
0.19000000 
5.95100000 
0.08500000 
0.02000000 
0.03600000 
12.82100000 
10.68600000 
99.78100000 
1.70400000 
0.30200000 
1.54200000 
2.14400000 
10.31300000 
18.22200000 
0.13900000 
1.14100000 
0.00000000 
1.62300000 
0.16500000 
0.06700000 
0.08600000 
0.71000000 
0.14500000 
0.15100000 
0.00000000 
0.54300000 
3.95100000 
0.30200000 
0.40400000 
0.30200000 
4.35200000 
0.57000000 
0.28600000 
2.48600000 
0.03600000 
1.68200000 
0.00000000 
0.41400000 
0.27500000 
0.00000000 
0.58000000 
1.44200000 
1.00000000 
1.77600000 
1.00000000 
6.11400000 
0.64700000 
12.73800000 
1.01000000 
3.63800000 
0.32600000 
0.40200000 
7.10700000 
0.65300000 
1.56000000 
8.07400000 
1.45700000 
2.21400000 
1.42000000 
0.76300000 
0.00000000 
0.03300000 
0.18500000 
0.17400000 
1.35000000 
0.99900000 
0.00000000 
0.12600000 
2.61900000 
0.53600000 
1.20900000 
0.53000000 
0.51600000 
3.06800000 
0.48500000 
0.00500000 
4.04600000 
1.36000000 
3.41600000 
1.48100000 
0.00000000 
0.75800000 
12.15800000 
0.22600000 
114.93600000 
0.47000000 
0.16200000 
6.89100000 
2.48200000 
3.69900000 
1.49400000 
1.54000000 
0.22500000 
2.43900000 
6.62800000 
1.81400000 
2.38900000 
4.18100000 
7.43500000 
1.59700000 
0.00000000 
0.00000000 
0.99900000 
1.00800000 
0.40100000 
0.16100000 
2.84800000 
8.85700000 
7.21600000 
50.16000000 
0.14000000 
0.19900000 
5.97100000 
11.93200000 
0.00000000 
0.30200000 
0.00000000 
0.21500000 
1.02200000 
0.22700000 
0.26500000 
2.29800000 
0.90400000 
0.18000000 
0.20000000 
15.27400000 
0.83500000 
0.15100000 
1.73000000 
0.15100000 
0.90900000 
1.11800000 
0.05900000 
0.00000000 
0.36200000 
0.44100000 
0.01600000 
0.15100000 
0.43900000 
0.00000000 
0.64000000 
4.90200000 
1.81300000 
0.57500000 
1.00000000 
0.19600000 
0.72300000 
1.67800000 
0.00000000 
0.39300000 
1.10000000 
0.15100000 
0.99800000 
0.31000000 
0.55600000 
1.89600000 
1.00000000 
0.16100000 
12.75500000 
9.28900000 
3.18300000 
24.09500000 
27.00000000 
0.00100000 
0.19100000 
0.92400000 
0.14500000 
2.53600000 
2.16300000 
9.03300000 
12.88500000 
0.14200000 
3.45400000 
0.29400000 
3.75500000 
8.92200000 
0.00000000 
0.15100000 
0.85700000 
0.12100000 
0.70900000 
2.36800000 
1.03200000 
2.30900000 
5.56200000 
2.72700000 
2.79500000 
1.66000000 
0.32200000 
0.30400000 
0.00000000 
0.42600000 
0.00000000 
0.10000000 
0.75800000 
5.23900000 
0.00000000 
0.29200000 
0.15200000 
0.15200000 
0.14000000 
0.40400000 
1.26700000 
0.00000000 
0.77500000 
0.00000000 
0.03500000 
0.26900000 
0.00000000 
5.40800000 
4.07000000 
1.05000000 
6.11200000 
2.10800000 
0.00000000 
0.37600000 
0.22300000 
0.45900000 
0.11700000 
0.00000000 
0.00000000 
0.10000000 
0.05100000 
2.35900000 
0.00000000 
2.39600000 
1.46100000 
0.00000000 
0.00000000 
0.25000000 
0.00000000 
0.31900000 
0.00000000 
0.15200000 
0.00000000 
1.70100000 
0.15200000 
0.24800000 
0.00000000 
0.00900000 
4.69200000 
0.03500000 
0.47000000 
0.32000000 
0.37700000 
0.57600000 
3.56700000 
0.14000000 
1.83500000 
0.20400000 
0.69400000 
0.00000000 
0.68400000 
5.79800000 
0.33100000 
1.38400000 
0.00000000 
0.10000000 
5.22200000 
1.10600000 
0.00000000 
1.39800000 
0.53700000 
3.27700000 
2.40000000 
2.00000000 
0.55000000 
1.38400000 
0.35500000 
2.00500000 
0.12200000 
0.40000000 
0.20000000 
0.00000000 
2.10000000 
0.59000000 
4.64200000 
3.11800000 
7.85400000 
1.66100000 
15.17700000 
3.03600000 
3.75300000 
2.01500000 
1.36700000 
3.49000000 
36.49000000 
71.71300000 
5.15200000 
0.00000000 
0.32000000 
0.91800000 
7.42200000 
2.88100000 
7.49300000 
0.11300000 
5.90600000 
6.68300000 
14.90100000 
0.47300000 
0.00000000 
8.83700000 
0.44000000 
0.06200000 
0.32300000 
0.69000000 
0.00000000 
0.85400000 
0.28100000 
0.15200000 
0.00000000 
1.96400000 
0.00000000 
0.00000000 
0.33400000 
0.00000000 
0.12300000 
2.00000000 
0.00000000 
0.26400000 
0.00800000 
0.00500000 
0.00000000 
0.14300000 
0.68400000 
0.76500000 
9.63000000 
0.30200000 
0.00000000 
3.04200000 
2.99700000 
0.00000000 
0.06400000 
0.44400000 
0.13700000 
2.78800000 
1.43300000 
0.19100000 
0.00000000 
1.33100000 
0.23400000 
0.67100000 
1.39700000 
0.26100000 
2.21600000 
2.41700000 
2.28300000 
0.99200000 
0.10000000 
0.19400000 
0.28100000 
0.26300000 
2.29600000 
0.30200000 
0.00000000 
0.66100000 
0.70400000 
0.09900000 
1.54500000 
2.32700000 
0.00000000 
0.28600000 
0.14500000 
0.11200000 
0.00000000 
0.89300000 
2.65000000 
0.91100000 
0.04800000 
26.06900000 
1.35900000 
0.71900000 
0.62800000 
7.54600000 
0.00000000 
20.38300000 
2.66800000 
0.60600000 
0.60400000 
3.24500000 
0.00000000 
0.24300000 
0.02900000 
5.65100000 
8.08700000 
0.00000000 
2.31800000 
0.30200000 
0.01800000 
13.06900000 
0.23500000 
3.78000000 
0.01000000 
0.15100000 
1.60400000 
0.04600000 
0.03600000 
0.00000000 
12.19800000 
3.45200000 
1.32800000 
2.56800000 
10.75600000 
0.68600000 
0.00000000 
0.15100000 
0.00000000 
0.10000000 
0.15000000 
0.00000000 
0.15000000 
1.96000000 
0.15000000 
0.00000000 
0.34100000 
18.06200000 
0.00000000 
0.30000000 
0.42100000 
0.38900000 
12.35000000 
0.35000000 
0.00000000 
0.15000000 
0.15000000 
0.00000000 
2.00000000 
2.50300000 
17.14200000 
0.36100000 
0.13000000 
1.05000000 
0.00000000 
2.97800000 
0.00000000 
0.51900000 
0.00000000 
14.95100000 
3.80900000 
0.16700000 
0.00000000 
0.30000000 
0.30000000 
0.63300000 
0.55600000 
0.30000000 
0.10300000 
0.00000000 
1.05600000 
0.21500000 
0.00000000 
1.71000000 
0.00000000 
0.15000000 
0.15600000 
0.95000000 
0.26700000 
0.30000000 
0.80400000 
0.58400000 
1.13300000 
0.15100000 
1.97000000 
0.09700000 
0.41400000 
0.30000000 
0.41300000 
0.15000000 
0.00000000 
0.63500000 
0.15000000 
1.44200000 
0.00000000 
0.75200000 
1.74000000 
2.24400000 
0.00000000 
0.15100000 
8.18400000 
0.30100000 
0.38800000 
0.36500000 
0.00000000 
0.51900000 
0.95200000 
1.00000000 
2.91600000 
10.18100000 
0.45600000 
0.11000000 
0.27800000 
0.93400000 
0.00000000 
1.17500000 
0.09100000 
0.00000000 
0.50500000 
0.18300000 
1.03800000 
0.26900000 
0.30400000 
2.59500000 
0.76000000 
0.00000000 
0.90400000 
8.19500000 
1.21100000 
1.06000000 
2.45300000 
0.31900000 
1.73500000 
1.21100000 
0.30200000 
1.20900000 
0.38000000 
1.09100000 
0.91400000 
2.33000000 
0.00000000 
0.84800000 
0.00000000 
1.43800000 
1.03200000 
0.55800000 
0.92500000 
0.50400000 
0.10400000 
0.45400000 
0.84800000 
0.54000000 
0.71900000 
0.00000000 
0.80000000 
2.67100000 
6.39300000 
1.30400000 
1.46300000 
0.00000000 
0.00000000 
0.49500000 
0.00000000 
1.03900000 
2.31500000 
1.07200000 
0.19500000 
1.67200000 
0.00100000 
0.80400000 
1.64700000 
8.24400000 
13.25900000 
10.99500000 
0.15200000 
0.04800000 
40.60800000 
1.52300000 
15.00900000 
6.40500000 
1.82600000 
0.14500000 
0.00000000 
0.29800000 
0.15200000 
1.49800000 
0.00000000 
0.61000000 
7.80300000 
0.90100000 
1.65900000 
0.42800000 
0.04700000 
0.35800000 
1.81000000 
0.72600000 
3.42900000 
0.61700000 
0.08000000 
1.87000000 
0.94300000 
2.40500000 
4.48300000 
0.04900000 
0.00000000 
0.00000000 
0.48800000 
0.73300000 
0.37500000 
0.44200000 
0.60400000 
0.13900000 
0.06000000 
0.42300000 
3.03700000 
0.56000000 
0.20400000 
0.15100000 
0.10800000 
1.53600000 
0.49100000 
0.43500000 
0.05000000 
0.00000000 
0.00000000 
0.00000000 
6.13100000 
0.00000000 
0.09000000 
1.88700000 
1.59400000 
0.30200000 
1.61600000 
1.66400000 
0.00000000 
0.04800000 
0.24800000 
2.89700000 
4.66900000 
0.00000000 
0.15100000 
3.63800000 
2.62800000 
1.00000000 
0.00000000 
1.05300000 
0.00000000 
0.00000000 
0.17500000 
0.39600000 
0.85700000 
0.35000000 
0.00000000 
0.15100000 
0.00000000 
0.96200000 
0.07800000 
0.00000000 
0.19400000 
1.90900000 
0.00000000 
0.57300000 
1.38000000 
7.61400000 
8.77600000 
2.00600000 
0.03500000 
2.25700000 
0.45000000 
0.15100000 
0.15100000 
0.29400000 
1.41300000 
4.79500000 
1.42600000 
1.90700000 
10.00100000 
0.00000000 
4.56100000 
0.45000000 
0.00000000 
0.15000000 
0.00000000 
0.30000000 
0.00000000 
0.00000000 
0.20000000 
0.30200000 
0.00000000 
0.61300000 
0.00000000 
2.15000000 
1.00000000 
4.72700000 
0.00000000 
4.10500000 
6.75500000 
1.54700000 
3.01300000 
3.30500000 
0.50500000 
0.04800000 
0.25800000 
4.38500000 
2.56500000 
0.29600000 
17.27900000 
2.94500000 
1.37500000 
8.40000000 
6.85300000 
0.00000000 
10.26800000 
41.94400000 
1.49300000 
0.86300000 
1.00000000 
0.00000000 
2.14800000 
2.98400000 
1.00000000 
0.58900000 
0.00000000 
0.35300000 
0.00000000 
0.98900000 
0.45200000 
1.28100000 
0.30000000 
0.25400000 
5.65900000 
0.73800000 
1.10000000 
0.00000000 
0.00000000 
1.24300000 
3.51500000 
0.47500000 
0.00000000 
1.81300000 
0.30300000 
22.19500000 
1.14700000 
0.30500000 
0.54300000 
0.34200000 
2.53700000 
0.58700000 
1.90500000 
13.53300000 
0.00000000 
1.83100000 
0.69700000 
0.30000000 
0.00000000 
1.11800000 
7.00300000 
0.33800000 
0.00000000 
0.35300000 
0.15000000 
4.89600000 
0.45200000 
2.63700000 
1.38500000 
0.46400000 
1.70300000 
4.34700000 
1.60000000 
1.38100000 
0.15000000 
0.30000000 
0.19000000 
4.37600000 
0.43800000 
2.04500000 
1.17600000 
1.05300000 
0.08800000 
0.14200000 
0.00000000 
0.36400000 
1.58400000 
0.15000000 
0.00000000 
0.15000000 
0.23600000 
0.15000000 
0.14200000 
1.35300000 
0.66500000 
0.40500000 
0.01200000 
0.00000000 
0.00000000 
1.65600000 
0.00000000 
0.81100000 
1.18000000 
0.09000000 
0.00000000 
0.00000000 
0.00000000 
0.59100000 
0.27000000 
2.19000000 
0.00000000 
1.99200000 
0.00000000 
2.26800000 
1.14000000 
0.45000000 
0.00000000 
0.00000000 
3.71700000 
0.00000000 
5.00000000 
0.45300000 
0.19400000 
0.15000000 
2.41800000 
0.38800000 
0.30000000 
0.47500000 
0.73800000 
0.00000000 
0.97400000 
1.09100000 
0.22300000 
0.15000000 
0.77000000 
0.45700000 
0.30000000 
0.30000000 
0.63700000 
0.30000000 
0.10600000 
0.00000000 
1.25200000 
0.18700000 
2.93600000 
0.37300000 
1.06900000 
0.24800000 
0.06500000 
0.00200000 
2.24400000 
0.15000000 
6.31700000 
0.74000000 
1.30600000 
0.27200000 
0.09600000 
7.41600000 
0.06000000 
5.40900000 
1.22900000 
2.51700000 
0.65000000 
1.11000000 
0.70200000 
1.12000000 
0.04400000 
0.10000000 
3.52000000 
4.69300000 
0.06900000 
0.06900000 
1.07500000 
0.00000000 
0.08800000 
0.33100000 
0.03000000 
0.06800000 
0.00000000 
0.00000000 
0.14300000 
0.19000000 
0.36700000 
2.10400000 
1.10200000 
0.42200000 
0.45800000 
3.39300000 
1.63600000 
0.07000000 
1.06000000 
1.07900000 
0.07900000 
0.00000000 
0.00000000 
2.23600000 
0.28100000 
0.28700000 
1.00900000 
0.24900000 
0.21500000 
1.25700000 
0.00000000 
0.09900000 
0.90500000 
1.19600000 
0.25000000 
0.88300000 
1.62700000 
1.49700000 
0.04000000 
5.48700000 
0.24000000 
1.25400000 
2.09600000 
3.49800000 
0.02100000 
0.00000000 
1.52300000 
0.00000000 
0.74800000 
1.63500000 
0.24700000 
0.17500000 
0.14900000 
0.29800000 
0.60100000 
0.00000000 
0.52300000 
0.83800000 
0.78800000 
0.13100000 
6.09400000 
0.32500000 
0.03000000 
1.37300000 
0.95900000 
0.14900000 
0.00000000 
0.80500000 
1.18500000 
0.39100000 
0.03000000 
0.98100000 
2.12700000 
0.85200000 
2.60300000 
0.50800000 
0.27900000 
0.90100000 
1.21300000 
0.95600000 
6.24800000 
2.97500000 
2.25600000 
1.64000000 
2.25500000 
8.40400000 
13.91600000 
8.12000000 
10.17000000 
9.72700000 
5.49500000 
4.98900000 
2.19000000 
2.08600000 
0.04400000 
1.53900000 
1.50200000 
0.48400000 
0.85200000 
5.70900000 
0.44900000 
0.00000000 
0.14900000 
2.13600000 
0.42300000 
0.99700000 
0.49300000 
1.08200000 
13.95100000 
0.70800000 
1.42200000 
0.64800000 
0.00000000 
0.23700000 
1.71700000 
2.00000000 
1.13200000 
0.17900000 
1.31700000 
1.35600000 
0.00000000 
3.10600000 
0.73100000 
2.93300000 
0.05900000 
0.39800000 
1.22600000 
5.00500000 
1.84600000 
2.87000000 
2.29900000 
0.53200000 
0.95100000 
2.54100000 
0.15400000 
0.00000000 
4.04900000 
1.87900000 
3.45200000 
0.33000000 
6.05200000 
3.34700000 
4.39600000 
0.52300000 
0.33400000 
2.35600000 
0.27500000 
22.49200000 
51.64900000 
104.72100000 
6.17400000 
53.96200000 
9.28900000 
20.74000000 
21.07900000 
33.01000000 
37.86200000 
11.08800000 
2.86500000 
14.50400000 
2.29400000 
0.12800000 
1.20200000 
0.86800000 
0.58500000 
0.45600000 
3.00200000 
6.10000000 
10.42700000 
2.00000000 
0.00000000 
1.25800000 
2.85100000 
15.05200000 
0.86700000 
0.81500000 
0.03700000 
1.75800000 
5.60400000 
0.84300000 
4.48100000 
3.73000000 
39.45200000 
16.99900000 
9.19600000 
18.48500000 
10.98700000 
0.83600000 
5.82700000 
6.77400000 
3.15100000 
1.51000000 
0.14700000 
0.23900000 
0.06900000 
1.80300000 
0.00000000 
1.10000000 
0.29600000 
0.04100000 
0.64700000 
0.24800000 
8.39800000 
0.98100000 
0.26900000 
0.88700000 
6.21200000 
0.29300000 
0.00000000 
0.17300000 
0.75900000 
3.77200000 
2.84900000 
37.41700000 
16.33900000 
0.99100000 
1.91000000 
2.45400000 
0.10000000 
1.91800000 
0.11000000 
0.13100000 
3.47600000 
0.60700000 
1.17100000 
4.12700000 
1.27700000 
0.39400000 
0.29200000 
1.02900000 
0.14100000 
1.99300000 
11.30500000 
3.27100000 
2.31000000 
1.71800000 
0.28800000 
0.60100000 
1.39400000 
2.95500000 
1.06600000 
1.28300000 
8.16900000 
0.14600000 
0.58500000 
0.55400000 
1.16800000 
3.72800000 
0.00000000 
2.31000000 
15.37500000 
1.82500000 
20.62500000 
0.03600000 
8.21400000 
0.24500000 
0.00000000 
1.74900000 
4.31900000 
4.82400000 
5.33500000 
2.71300000 
2.83300000 
0.15000000 
1.62700000 
0.71800000 
8.68200000 
5.98800000 
3.36000000 
6.08100000 
1.98100000 
8.52100000 
2.73800000 
0.08200000 
0.55800000 
6.24300000 
2.48100000 
0.00000000 
1.40700000 
0.72500000 
0.00000000 
0.00000000 
6.26000000 
0.02500000 
0.27800000 
0.22900000 
1.03700000 
0.80200000 
2.09400000 
0.82500000 
1.16000000 
1.25400000 
3.11100000 
0.55700000 
1.06300000 
0.44400000 
0.94200000 
0.48400000 
1.68400000 
0.47600000 
10.03500000 
10.60300000 
0.00000000 
0.86800000 
1.46200000 
14.89700000 
0.98700000 
5.89700000 
64.47600000 
12.84200000 
13.05100000 
0.20400000 
15.78200000 
2.03000000 
0.07400000 
0.55700000 
1.42400000 
0.44900000 
3.86600000 
2.64400000 
1.07600000 
0.27900000 
0.68800000 
0.14500000 
1.56100000 
2.39100000 
17.10100000 
0.05400000 
1.52000000 
2.28400000 
5.50500000 
0.00000000 
0.22600000 
0.58400000 
0.00000000 
2.10500000 
2.98400000 
0.60300000 
0.86000000 
0.75200000 
1.27700000 
1.22600000 
0.00000000 
0.23300000 
0.20400000 
0.00400000 
0.60600000 
0.87300000 
0.94700000 
0.28900000 
1.38700000 
0.00000000 
0.00000000 
0.03500000 
1.81100000 
1.21000000 
0.50300000 
0.43200000 
4.72900000 
1.90400000 
0.93300000 
4.09600000 
4.02100000 
2.65700000 
0.56500000 
0.26900000 
8.40600000 
3.08000000 
6.51400000 
4.33300000 
1.34900000 
1.63600000 
6.75800000 
27.79300000 
2.27400000 
5.74500000 
1.20800000 
1.14900000 
6.66500000 
3.30900000 
1.29900000 
0.91300000 
2.40100000 
3.30300000 
8.20400000 
5.13600000 
2.96200000 
1.90100000 
3.05200000 
0.87500000 
6.56500000 
0.92100000 
4.97700000 
0.85900000 
0.55000000 
0.41900000 
2.35700000 
1.73800000 
4.67600000 
2.61100000 
0.02500000 
0.44700000 
0.29800000 
0.05800000 
0.09100000 
0.04300000 
0.47200000 
0.62600000 
0.72100000 
0.10500000 
0.00000000 
1.27900000 
1.04800000 
1.19100000 
0.24700000 
6.95300000 
0.00000000 
0.00000000 
1.25500000 
0.38100000 
1.10700000 
0.14900000 
0.05500000 
0.31000000 
0.09800000 
0.34300000 
0.00000000 
0.00000000 
0.00000000 
0.00000000 
0.00000000 
0.79000000 
3.39600000 
2.86000000 
0.48000000 
0.00000000 
0.00000000 
0.29800000 
0.00000000 
0.14900000 
0.72500000 
0.15400000 
3.34200000 
0.73000000 
0.14200000 
0.15000000 
0.38300000 
1.34800000 
1.52400000 
1.13500000 
2.39400000 
0.15000000 
0.29300000 
4.13700000 
1.89700000 
0.28300000 
0.22400000 
0.00000000 
0.53700000 
2.34900000 
1.71400000 
0.15800000 
5.98000000 
2.06500000 
0.60100000 
1.61600000 
1.88700000 
0.62600000 
0.30900000 
0.55600000 
1.04500000 
0.15100000 
4.96600000 
1.14800000 
7.69000000 
3.29400000 
0.35400000 
10.08300000 
11.81600000 
2.62200000 
2.52900000 
0.00000000 
3.05100000 
1.34200000 
0.09200000 
1.94300000 
0.66700000 
0.15000000 
0.24400000 
0.00000000 
0.05800000 
0.00000000 
0.00000000 
0.45300000 
1.18800000 
0.15100000 
2.06000000 
0.46600000 
1.13000000 
0.00000000 
0.25600000 
0.19900000 
0.03200000 
3.66800000 
3.69900000 
4.32900000 
1.39400000 
2.93000000 
8.16900000 
2.37200000 
0.00000000 
0.00000000 
0.44300000 
0.10500000 
1.36200000 
0.09600000 
10.10400000 
2.42900000 
2.71500000 
1.37000000 
0.00000000 
0.69700000 
1.03600000 
0.18600000 
1.34000000 
8.50000000 
0.14500000 
0.29500000 
1.36400000 
1.45300000 
2.69600000 
0.00000000 
0.00200000 
0.44700000 
1.87900000 
0.45000000 
0.09600000 
0.00000000 
1.88800000 
1.03100000 
0.27800000 
1.80200000 
0.00000000 
1.55000000 
0.15000000 
2.33500000 
0.00000000 
0.64500000 
0.00000000 
0.14900000 
4.05400000 
0.14500000 
0.00000000 
1.20800000 
3.00800000 
0.12400000 
0.00000000 
0.29800000 
0.94900000 
0.00000000 
0.02000000 
0.97000000 
0.11100000 
2.47200000 
1.24600000 
0.30200000 
1.99500000 
0.26900000 
1.01200000 
0.00000000 
0.10800000 
0.18100000 
0.64700000 
0.33700000 
4.01300000 
0.52000000 
0.24800000 
0.29600000 
1.39800000 
2.06400000 
0.00000000 
0.70000000 
1.03500000 
0.56300000 
2.34800000 
3.45900000 
0.14800000 
2.99700000 
0.44200000 
0.76400000 
0.88900000 
0.14700000 
0.00000000 
0.33500000 
0.00000000 
1.75500000 
0.00000000 
0.32400000 
2.25600000 
1.66000000 
2.72700000 
1.40000000 
4.03500000 
1.30200000 
1.59000000 
4.74500000 
0.96200000 
0.14700000 
0.57400000 
1.23400000 
2.20300000 
2.34500000 
1.28200000 
0.22700000 
2.50600000 
0.00000000 
0.08100000 
0.00000000 
0.13800000 
0.00000000 
0.00000000 
1.47400000 
1.61300000 
0.00000000 
1.20400000 
1.23400000 
0.00000000 
0.68800000 
0.00000000 
1.31600000 
1.10000000 
1.85500000 
4.13500000 
1.23400000 
2.41900000 
0.61300000 
2.33100000 
3.78800000 
0.00000000 
0.89200000 
0.04000000 
0.73500000 
5.50400000 
6.09600000 
0.12900000 
0.29800000 
1.63700000 
0.58000000 
4.70600000 
0.49400000 
0.19200000 
0.00000000 
1.32000000 
0.93700000 
0.22000000 
0.27500000 
0.00100000 
1.09600000 
11.63100000 
4.04200000 
0.04300000 
0.53900000 
0.00000000 
0.06100000 
0.49600000 
1.67100000 
2.98700000 
1.45000000 
1.34400000 
4.16600000 
1.22600000 
1.82900000 
1.14800000 
2.55000000 
1.38900000 
1.01200000 
1.29900000 
7.77600000 
2.74900000 
1.27000000 
1.64900000 
0.57000000 
2.22400000 
1.51300000 
1.52100000 
3.12300000 
0.39400000 
0.96500000 
8.05700000 
5.51100000 
13.10600000 
9.62500000 
1.47400000 
5.03500000 
4.48900000 
2.45300000 
9.04600000 
9.75700000 
5.39900000 
3.28200000 
0.83800000 
0.00000000 
0.53300000 
4.21700000 
0.02300000 
0.14600000 
0.32600000 
4.28400000 
1.63200000 
0.20400000 
0.00000000 
0.43400000 
0.66900000 
1.12300000 
1.37000000 
0.44100000 
0.00000000 
0.29400000 
0.00000000 
0.25200000 
0.20700000 
0.14700000 
0.11100000 
0.32700000 
0.69100000 
1.34300000 
1.37400000 
4.00300000 
0.68200000 
0.16800000 
0.86900000 
6.85300000 
2.10400000 
0.87500000 
0.82900000 
0.75600000 
0.58100000 
6.97000000 
3.27000000 
3.24400000 
0.12800000 
0.33600000 
0.18000000 
0.97400000 
1.32000000 
1.31600000 
0.07100000 
1.45900000 
1.19000000 
0.97300000 
0.58500000 
0.14600000 
0.17600000 
2.67600000 
1.47800000 
0.51600000 
2.83200000 
0.29200000 
0.14600000 
0.29200000 
0.08400000 
0.14600000 
0.88800000 
0.00000000 
0.14600000 
0.29200000 
3.01900000 
3.47800000 
0.00000000 
0.07500000 
0.14600000 
0.43800000 
9.86300000 
1.91800000 
10.04600000 
1.78700000 
5.12500000 
4.08400000 
2.68000000 
0.00000000 
0.14500000 
0.58000000 
0.00000000 
0.14500000 
14.07900000 
0.14600000 
1.52100000 
1.72700000 
0.18700000 
0.29400000 
1.03600000 
2.68400000 
2.99200000 
2.95200000 
1.39300000 
1.35100000 
0.00000000 
0.29200000 
0.43800000 
1.89200000 
0.00000000 
0.24600000 
2.12400000 
0.14600000 
0.63400000 
7.11900000 
3.75200000 
1.85100000 
1.84400000 
1.22000000 
0.58400000 
0.58500000 
2.78400000 
8.67100000 
0.29200000 
0.80900000 
0.58400000 
0.29200000 
0.68400000 
0.43800000 
0.51300000 
0.54000000 
0.73700000 
8.29100000 
0.58400000 
1.43800000 
7.43200000 
0.00000000 
0.00000000 
0.47400000 
1.54700000 
1.02500000 
0.53100000 
0.29900000 
0.95300000 
0.29200000 
2.10200000 
5.20900000 
0.91000000 
8.01000000 
0.37500000 
3.93000000 
1.18100000 
1.74500000 
0.43500000 
2.85900000 
9.94700000 
2.36200000 
0.72500000 
2.73900000 
2.29200000 
0.97900000 
3.28800000 
3.35200000 
1.28800000 
0.14100000 
1.11000000 
1.43600000 
2.41600000 
0.87200000 
0.61400000 
0.73000000 
1.49000000 
0.14500000 
0.34300000 
0.43200000 
0.28800000 
0.83800000 
0.29000000 
0.00000000 
0.39600000 
0.00000000 
0.33800000 
0.35600000 
0.14500000 
2.50100000 
3.07500000 
4.06500000 
2.56300000 
7.93700000 
3.11000000 
0.18700000 
1.09300000 
0.27900000 
0.29000000 
2.52200000 
1.70800000 
0.84700000 
10.40100000 
1.36100000 
1.13900000 
0.43500000 
0.61900000 
1.97300000 
1.81300000 
1.01700000 
7.32800000 
1.19300000 
1.86400000 
3.69700000 
1.16000000 
1.97800000 
0.43200000 
0.00000000 
1.43400000 
1.55500000 
0.19400000 
0.57100000 
0.72000000 
0.04600000 
0.57600000 
0.65400000 
0.51100000 
2.04500000 
1.06800000 
2.32400000 
1.48500000 
0.43200000 
0.33100000 
1.03500000 
0.04900000 
2.28000000 
5.91700000 
1.17900000 
0.40300000 
2.06500000 
23.18300000 
6.88000000 
12.51900000 
11.30800000 
12.02100000 
22.15800000 
39.10300000 
20.47900000 
61.16400000 
36.00700000 
83.71300000 
103.57700000 
71.80300000 
144.79100000 
54.07000000 
2.28300000 
2.09200000 
2.38400000 
0.52000000 
0.81300000 
1.25200000 
0.35200000 
0.40100000 
0.37500000 
0.07200000 
0.13400000 
62.20200000 
3.50700000 
0.14300000 
0.13800000 
0.43100000 
0.14300000 
0.99500000 
1.04500000 
1.98200000 
3.43000000 
2.30100000 
1.56600000 
0.79800000 
0.28600000 
1.45400000 
4.06800000 
0.46700000 
0.28600000 
0.45800000 
0.14500000 
0.45800000 
2.20700000 
0.57200000 
0.64300000 
0.28600000 
5.29400000 
0.42900000 
0.85800000 
0.79400000 
0.43200000 
2.24000000 
0.28800000 
0.42500000 
3.45400000 
3.17400000 
0.80700000 
2.33900000 
1.71400000 
0.59100000 
1.78100000 
0.16800000 
1.92900000 
0.48200000 
1.28600000 
1.50700000 
2.42300000 
1.29600000 
1.30400000 
11.35200000 
0.97700000 
2.25900000 
1.37800000 
0.71500000 
0.71700000 
1.79100000 
6.26400000 
1.35800000 
3.18600000 
0.75400000 
0.28600000 
2.03600000 
0.49400000 
0.47100000 
3.69800000 
0.42900000 
0.92000000 
0.48500000 
1.05500000 
3.26800000 
0.28600000 
1.28900000 
0.63000000 
1.19500000 
2.14500000 
0.78900000 
8.65100000 
4.70900000 
1.65100000 
5.69700000 
2.88800000 
0.28600000 
4.87100000 
0.43500000 
3.27900000 
2.56000000 
1.00400000 
2.59300000 
0.43100000 
4.19100000 
0.14500000 
0.28800000 
0.48500000 
1.95300000 
6.01000000 
3.40400000 
8.01900000 
4.94100000 
8.12100000 
0.91400000 
2.07700000 
1.28600000 
3.39500000 
6.71700000 
0.39400000 
0.57700000 
1.78200000 
0.59200000 
3.40000000 
4.55500000 
3.60600000 
4.68300000 
4.19000000 
0.80200000 
0.57200000 
0.28400000 
3.12100000 
2.23800000 
3.45200000 
0.12500000 
0.00000000 
0.74000000 
0.37100000 
0.37100000 
1.68500000 
2.14800000 
11.11800000 
1.49600000 
0.67500000 
1.02600000 
0.76100000 
0.28600000 
0.28600000 
0.57500000 
5.25200000 
4.19800000 
1.28700000 
2.18600000 
1.47100000 
3.06800000 
4.08200000 
1.39700000 
1.56600000 
2.61800000 
0.72600000 
0.56300000 
1.85400000 
1.09300000 
2.78800000 
5.16900000 
0.95300000 
0.28800000 
1.20000000 
1.08800000 
5.77100000 
3.23400000 
2.61900000 
0.26900000 
0.70800000 
1.31900000 
0.71900000 
1.86200000 
6.31300000 
13.90400000 
8.86300000 
12.28300000 
4.65200000 
4.34900000 
9.07700000 
1.58600000 
0.71000000 
0.57700000 
5.67200000 
2.70700000 
3.24900000 
0.48800000 
0.28600000 
0.57200000 
1.24500000 
0.86600000 
0.00000000 
0.28800000 
0.43200000 
0.57600000 
1.57600000 
3.97900000 
2.47400000 
0.28600000 
1.19300000 
1.63600000 
0.14300000 
1.72100000 
1.30200000 
0.28600000 
10.33700000 
0.66300000 
2.19500000 
0.98200000 
3.84900000 
3.00400000 
8.89700000 
2.83600000 
16.76600000 
4.87600000 
5.10600000 
2.60900000 
2.05500000 
1.24600000 
0.28600000 
2.44700000 
0.84100000 
0.29700000 
0.42900000 
1.14400000 
0.00000000 
1.04100000 
1.32300000 
2.89100000 
5.85100000 
2.14800000 
2.28700000 
1.10100000 
0.43200000 
2.10800000 
5.93200000 
20.20800000 
0.52700000 
3.93700000 
20.39300000 
1.46400000 
15.02400000 
15.92100000 
0.69100000 
2.44700000 
2.88000000 
0.24800000 
7.66800000 
1.94400000 
1.04200000 
0.90600000 
2.48900000 
2.12900000 
0.26700000 
0.53200000 
5.89400000 
6.95000000 
0.94400000 
2.49500000 
6.63400000 
0.60300000 
3.19100000 
0.91200000 
1.97300000 
1.00800000 
1.97400000 
12.89000000 
3.17200000 
0.93100000 
1.12000000 
1.10100000 
0.58400000 
1.89800000 
1.31900000 
6.74500000 
2.05100000 
1.29900000 
1.13400000 
11.61100000 
1.28400000 
1.69200000 
3.28900000 
3.42800000 
10.93000000 
0.58500000 
3.48500000 
2.25800000 
1.45500000 
5.88000000 
6.08300000 
5.76100000 
7.80800000 
4.84200000 
8.39400000 
5.53800000 
0.76100000 
14.12100000 
1.27700000 
0.92900000 
2.22100000 
0.00000000 
10.88600000 
4.54200000 
1.91100000 
4.24100000 
3.23400000 
0.80000000 
0.72600000 
3.01200000 
1.00800000 
0.86100000 
6.67800000 
2.70800000 
1.18500000 
1.25900000 
1.03900000 
0.94200000 
0.62200000 
2.17700000 
0.87000000 
0.71600000 
1.17200000 
5.55000000 
9.13300000 
14.89000000 
18.44400000 
11.37700000 
14.67400000 
13.32100000 
5.57400000 
6.02100000 
6.74100000 
11.91000000 
20.34500000 
22.17900000 
6.05100000 
7.83100000 
6.75600000 
7.93700000 
20.82600000 
17.09600000 
15.66600000 
17.47400000 
20.68800000 
20.90700000 
16.23400000 
26.05900000 
19.30800000 
17.75500000 
17.72700000 
24.10600000 
17.80600000 
20.22900000 
21.99500000 
18.31000000 
18.47400000 
27.74200000 
20.05400000 
22.66300000 
18.62000000 
4.89900000 
4.92900000 
0.23800000 
16.43600000 
3.44500000 
1.78700000 
3.96500000 
1.10500000 
2.70900000 
1.42400000 
0.68000000 
1.92300000 
11.55400000 
8.52400000 
0.69700000 
0.71000000 
0.44800000 
3.07500000 
2.05600000 
15.52700000 
0.68900000 
0.22300000 
6.60100000 
0.31600000 
0.18600000 
2.03400000 
0.68600000 
1.34000000 
0.61900000 
0.82700000 
1.76400000 
3.71200000 
3.51900000 
1.56700000 
1.66300000 
0.44700000 
0.13000000 
0.26500000 
18.14200000 
1.99400000 
0.29900000 
0.72400000 
38.62100000 
4.67500000 
0.42700000 
1.32900000 
0.57700000 
0.52400000 
1.76400000 
1.80700000 
0.56800000 
2.37300000 
4.27700000 
7.09000000 
1.60900000 
8.44800000 
5.30000000 
3.28400000 
1.12400000 
1.68700000 
0.91500000 
5.23000000 
1.86800000 
1.61800000 
3.70900000 
1.28600000 
1.17200000 
2.02700000 
0.69200000 
0.50000000 
2.47000000 
1.37900000 
3.48500000 
0.41100000 
0.91300000 
0.00000000 
0.28600000 
1.92800000 
2.34100000 
0.28300000 
5.92100000 
2.00700000 
0.53500000 
2.81000000 
0.45000000 
0.28600000 
1.08200000 
0.16200000 
0.45800000 
0.14300000 
1.07000000 
1.06800000 
1.96000000 
0.57200000 
2.89100000 
2.29600000 
2.50000000 
2.03800000 
9.05600000 
2.00300000 
0.30100000 
0.00000000 
0.14400000 
0.14400000 
3.23200000 
3.75800000 
2.47200000 
4.19200000 
1.73400000 
0.28800000 
0.33200000 
1.11300000 
3.93400000 
0.91200000 
3.73000000 
5.27100000 
5.45200000 
1.45200000 
0.15400000 
1.00800000 
3.92100000 
1.52500000 
0.14400000 
0.18000000 
2.13400000 
1.21900000 
1.82100000 
0.72000000 
0.39100000 
0.43200000 
1.76200000 
1.01800000 
1.29600000 
0.14400000 
0.14200000 
0.57600000 
1.27400000 
1.77700000 
2.16900000 
0.57600000 
0.26400000 
0.57600000 
0.70800000 
0.43200000 
0.49000000 
1.12000000 
1.77300000 
0.61100000 
3.99700000 
0.86200000 
0.28900000 
0.44900000 
0.41700000 
3.22500000 
0.28600000 
1.00100000 
0.44100000 
0.72900000 
0.14400000 
0.36200000 
0.28800000 
2.99800000 
0.14400000 
0.49700000 
1.07000000 
0.77900000 
0.14200000 
3.68400000 
1.67300000 
1.12000000 
2.14800000 
3.97500000 
2.20100000 
2.49400000 
0.22900000 
0.57700000 
0.28800000 
0.86400000 
2.35200000 
2.56200000 
3.39400000 
1.07200000 
2.42200000 
1.70000000 
5.44100000 
0.14400000 
0.43300000 
0.72000000 
1.59400000 
0.86600000 
6.99100000 
3.40400000 
1.95900000 
0.28800000 
3.44500000 
0.49200000 
0.43200000 
0.28800000 
0.48900000 
12.14400000 
1.01500000 
0.32200000 
0.86400000 
1.75300000 
2.79100000 
0.29000000 
0.57600000 
0.28800000 
0.04500000 
2.44900000 
0.57600000 
1.36800000 
0.14400000 
1.01100000 
0.14400000 
0.76300000 
0.63500000 
1.23700000 
0.46300000 
1.39100000 
1.54100000 
0.57600000 
0.32800000 
0.88000000 
0.14400000 
4.76000000 
1.16100000 
2.78200000 
0.57600000 
0.43200000 
2.88900000 
0.18900000 
0.42900000 
0.43200000 
0.45000000 
0.82700000 
0.50200000 
0.44400000 
2.50700000 
0.67100000 
10.48100000 
14.30100000 
16.30700000 
20.03000000 
12.96200000 
2.17800000 
5.73400000 
4.72000000 
0.98000000 
0.58000000 
5.55400000 
1.29400000 
2.07800000 
1.81100000 
