0.02734900 
0.02738500 
0.02751000 
0.02759900 
0.02768300 
0.02783100 
0.02783800 
0.02778400 
0.02760700 
0.02780500 
0.02766000 
0.02763600 
0.02739800 
0.02739800 
0.02741700 
0.02739400 
0.02770100 
0.02771100 
0.02787500 
0.02805800 
0.02818100 
0.02805800 
0.02798100 
0.02852200 
0.02846700 
0.02840000 
0.02800000 
0.02786300 
0.02790600 
0.02785100 
0.02770100 
0.02750000 
0.02752100 
0.02754300 
0.02751700 
0.02765000 
0.02749800 
0.02735800 
0.02725100 
0.02729200 
0.02715100 
0.02713700 
0.02719000 
0.02716200 
0.02730200 
0.02730300 
0.02730300 
0.02739600 
0.02713200 
0.02742800 
0.02726300 
0.02750000 
0.02752100 
0.02750000 
0.02741100 
0.02734300 
0.02751900 
0.02758600 
0.02760500 
0.02760900 
0.02760600 
0.02752500 
0.02776900 
0.02780000 
0.02797500 
0.02800000 
0.02799600 
0.02799000 
0.02792800 
0.02805500 
0.02810000 
0.02806100 
0.02814400 
0.02805500 
0.02796000 
0.02817300 
0.02788100 
0.02788200 
0.02795900 
0.02828200 
0.02834600 
0.02834900 
0.02844000 
0.02847900 
0.02848300 
0.02858800 
0.02862300 
0.02866000 
0.02860200 
0.02858400 
0.02843200 
0.02835500 
0.02850000 
0.02833200 
0.02832500 
0.02845000 
0.02832000 
0.02813400 
0.02813100 
0.02809700 
0.02800000 
0.02829100 
0.02835000 
0.02838100 
0.02796500 
0.02813400 
0.02805600 
0.02805800 
0.02807900 
0.02815500 
0.02821700 
0.02835400 
0.02830200 
0.02817300 
0.02816300 
0.02818000 
0.02777700 
0.02783000 
0.02804700 
0.02824500 
0.02839100 
0.02830000 
0.02850000 
0.02874400 
0.02910000 
0.02919500 
0.02912000 
0.02922000 
0.02910000 
0.02863600 
0.02866000 
0.02880000 
0.02915700 
0.02926000 
0.02834700 
0.02808000 
0.02810800 
0.02800000 
0.02758500 
0.02776900 
0.02792100 
0.02759200 
0.02786900 
0.02771500 
0.02810800 
0.02825300 
0.02745000 
0.02731900 
0.02739900 
0.02749200 
0.02748400 
0.02757300 
0.02750100 
0.02730100 
0.02744000 
0.02699900 
0.02768700 
0.02769600 
0.02767000 
0.02761300 
0.02778200 
0.02769100 
0.02783200 
0.02789800 
0.02770400 
0.02770500 
0.02797100 
0.02810000 
0.02839500 
0.02839900 
0.02835800 
0.02838300 
0.02835400 
0.02814300 
0.02810000 
0.02795700 
0.02800000 
0.02800000 
0.02790100 
0.02782500 
0.02796900 
0.02783700 
0.02789600 
0.02789900 
0.02781400 
0.02782000 
0.02779900 
0.02779900 
0.02754400 
0.02750000 
0.02752300 
0.02751600 
0.02760200 
0.02764000 
0.02711500 
0.02723400 
0.02706800 
0.02687800 
0.02697200 
0.02715100 
0.02678500 
0.02677500 
0.02670600 
0.02676700 
0.02670100 
0.02675000 
0.02680700 
0.02684200 
0.02693000 
0.02700100 
0.02707600 
0.02709200 
0.02709300 
0.02722900 
0.02700000 
0.02729200 
0.02745100 
0.02738500 
0.02738400 
0.02747300 
0.02734900 
0.02755700 
0.02737900 
0.02747900 
0.02775900 
0.02798200 
0.02809800 
0.02812200 
0.02810000 
0.02812800 
0.02804000 
0.02802600 
0.02825100 
0.02799900 
0.02800000 
0.02819200 
0.02850000 
0.02853500 
0.02800000 
0.02793700 
0.02750000 
0.02745000 
0.02745000 
0.02744700 
0.02740000 
0.02735000 
0.02729600 
0.02726800 
0.02733900 
0.02730500 
0.02744900 
0.02744900 
0.02734900 
0.02730600 
0.02714700 
0.02733400 
0.02730600 
0.02727100 
0.02717400 
0.02727700 
0.02730000 
0.02727800 
0.02727100 
0.02739400 
0.02712000 
0.02714900 
0.02715000 
0.02715000 
0.02715300 
0.02721500 
0.02724400 
0.02720000 
0.02714400 
0.02710100 
0.02711900 
0.02713000 
0.02694600 
0.02692400 
0.02692200 
0.02685400 
0.02690900 
0.02671700 
0.02685600 
0.02685000 
0.02670800 
0.02694400 
0.02688400 
0.02661500 
0.02687000 
0.02660000 
0.02690000 
0.02690900 
0.02674900 
0.02672700 
0.02664700 
0.02671900 
0.02664700 
0.02678700 
0.02678800 
0.02686000 
0.02705800 
0.02700500 
0.02697400 
0.02691900 
0.02699900 
0.02726300 
0.02737000 
0.02750000 
0.02749000 
0.02755200 
0.02728200 
0.02736400 
0.02755400 
0.02762700 
0.02757400 
0.02767900 
0.02755400 
0.02749900 
0.02767600 
0.02750500 
0.02683700 
0.02662900 
0.02677100 
0.02668300 
0.02652800 
0.02698900 
0.02679400 
0.02666600 
0.02682500 
0.02669800 
0.02680000 
0.02701100 
0.02702000 
0.02708100 
0.02715600 
0.02729900 
0.02730200 
0.02730000 
0.02730000 
0.02736100 
0.02736000 
0.02736000 
0.02736000 
0.02741200 
0.02736100 
0.02743700 
0.02749600 
0.02750200 
0.02758400 
0.02757100 
0.02753000 
0.02770200 
0.02772900 
0.02761000 
0.02741600 
0.02740200 
0.02740000 
0.02736800 
0.02760000 
0.02776700 
0.02788800 
0.02765500 
0.02728200 
0.02718700 
0.02719500 
0.02728000 
0.02709900 
0.02701200 
0.02704300 
0.02701300 
0.02710000 
0.02749700 
0.02766300 
0.02774300 
0.02775700 
0.02778900 
0.02787700 
0.02800800 
0.02750000 
0.02799100 
0.02780100 
0.02778000 
0.02717800 
0.02705400 
0.02706900 
0.02734500 
0.02737700 
0.02749300 
0.02764900 
0.02748200 
0.02825200 
0.02810900 
0.02809100 
0.02834700 
0.02879200 
0.02847200 
0.02889900 
0.02889000 
0.02870000 
0.02900000 
0.02908600 
0.02910000 
0.02928200 
0.02951000 
0.02954900 
0.02960900 
0.02986500 
0.02985600 
0.02998000 
0.02998300 
0.02998600 
0.03013900 
0.03028600 
0.03035800 
0.03030200 
0.03030200 
0.03033800 
0.03048200 
0.03049800 
0.03047000 
0.03048200 
0.03048600 
0.03058700 
0.03027500 
0.03017200 
0.03058800 
0.03054200 
0.03027900 
0.03060000 
0.03055000 
0.03058200 
0.03064300 
0.03046300 
0.03050000 
0.03046400 
0.03071200 
0.03079900 
0.03069900 
0.03069500 
0.03081400 
0.03080800 
0.03055100 
0.03070000 
0.03070000 
0.03052600 
0.03078500 
0.03071300 
0.03063300 
0.03044800 
0.03038500 
0.03025100 
0.03025200 
0.03029000 
0.03034700 
0.03019400 
0.03020300 
0.03022100 
0.03056000 
0.03077600 
0.03097100 
0.03098400 
0.03097900 
0.03150900 
0.03150800 
0.03146300 
0.03129000 
0.03117900 
0.03089400 
0.03089600 
0.03085300 
0.03059400 
0.03065800 
0.03084800 
0.03089500 
0.03060800 
0.03068300 
0.03086300 
0.03070000 
0.03093200 
0.03093200 
0.02735000 
0.02738500 
0.02751000 
0.02759900 
0.02768300 
0.02783100 
0.02783800 
0.02778400 
0.02760700 
0.02780500 
0.02766000 
0.02763600 
0.02739800 
0.02739800 
0.02741700 
0.02739400 
0.02770100 
0.02771100 
0.02787500 
0.02805800 
0.02818100 
0.02805800 
0.02798100 
0.02852200 
0.02846700 
0.02840000 
0.02800000 
0.02786300 
0.02790600 
0.02785100 
0.02770100 
0.02750000 
0.02752100 
0.02754300 
0.02751700 
0.02765000 
0.02749800 
0.02735800 
0.02725100 
0.02729200 
0.02715100 
0.02713700 
0.02719000 
0.02716200 
0.02730200 
0.02730300 
0.02730300 
0.02739600 
0.02713200 
0.02742800 
0.02726300 
0.02750000 
0.02752100 
0.02750000 
0.02741100 
0.02734300 
0.02751900 
0.02758600 
0.02760500 
0.02760900 
0.02760600 
0.02752500 
0.02776900 
0.02780000 
0.02797500 
0.02800000 
0.02799600 
0.02799000 
0.02792800 
0.02805500 
0.02810000 
0.02806100 
0.02814400 
0.02805500 
0.02796000 
0.02817300 
0.02788100 
0.02788200 
0.02795900 
0.02828200 
0.02834600 
0.02834900 
0.02844000 
0.02847900 
0.02848300 
0.02858800 
0.02862300 
0.02866000 
0.02860200 
0.02858400 
0.02843200 
0.02835500 
0.02850000 
0.02833200 
0.02832500 
0.02845000 
0.02832000 
0.02813400 
0.02813100 
0.02809700 
0.02800000 
0.02829100 
0.02835000 
0.02838100 
0.02796500 
0.02813400 
0.02805600 
0.02805800 
0.02807900 
0.02815500 
0.02821700 
0.02835400 
0.02830200 
0.02817300 
0.02816300 
0.02818000 
0.02777700 
0.02783000 
0.02804700 
0.02824500 
0.02839100 
0.02830000 
0.02850000 
0.02874400 
0.02910000 
0.02919500 
0.02912000 
0.02922000 
0.02910000 
0.02863600 
0.02866000 
0.02880000 
0.02915700 
0.02926000 
0.02834700 
0.02808000 
0.02810800 
0.02800000 
0.02758500 
0.02776900 
0.02792100 
0.02759200 
0.02786900 
0.02771500 
0.02810800 
0.02825300 
0.02745000 
0.02731900 
0.02739900 
0.02749200 
0.02748400 
0.02757300 
0.02750100 
0.02730100 
0.02744000 
0.02699900 
0.02768700 
0.02769600 
0.02767000 
0.02761300 
0.02778200 
0.02769100 
0.02783200 
0.02789800 
0.02770400 
0.02770500 
0.02797100 
0.02810000 
0.02839500 
0.02839900 
0.02835800 
0.02838300 
0.02835400 
0.02814300 
0.02810000 
0.02795700 
0.02800000 
0.02800000 
0.02790100 
0.02782500 
0.02796900 
0.02783700 
0.02789600 
0.02789900 
0.02781400 
0.02782000 
0.02779900 
0.02779900 
0.02754400 
0.02750000 
0.02752300 
0.02751600 
0.02760200 
0.02764000 
0.02711500 
0.02723400 
0.02706800 
0.02687800 
0.02697200 
0.02715100 
0.02678500 
0.02677500 
0.02670600 
0.02676700 
0.02670100 
0.02675000 
0.02680700 
0.02684200 
0.02693000 
0.02700100 
0.02707600 
0.02709200 
0.02709300 
0.02722900 
0.02700000 
0.02729200 
0.02745100 
0.02738500 
0.02738400 
0.02747300 
0.02734900 
0.02755700 
0.02737900 
0.02747900 
0.02775900 
0.02798200 
0.02809800 
0.02812200 
0.02810000 
0.02812800 
0.02804000 
0.02802600 
0.02825100 
0.02799900 
0.02800000 
0.02819200 
0.02850000 
0.02853500 
0.02800000 
0.02793700 
0.02750000 
0.02745000 
0.02745000 
0.02744700 
0.02740000 
0.02735000 
0.02729600 
0.02726800 
0.02733900 
0.02730500 
0.02744900 
0.02744900 
0.02734900 
0.02730600 
0.02714700 
0.02733400 
0.02730600 
0.02727100 
0.02717400 
0.02727700 
0.02730000 
0.02727800 
0.02727100 
0.02739400 
0.02712000 
0.02714900 
0.02715000 
0.02715000 
0.02715300 
0.02721500 
0.02724400 
0.02720000 
0.02714400 
0.02710100 
0.02711900 
0.02713000 
0.02694600 
0.02692400 
0.02692200 
0.02685400 
0.02690900 
0.02671700 
0.02685600 
0.02685000 
0.02670800 
0.02694400 
0.02688400 
0.02661500 
0.02687000 
0.02660000 
0.02690000 
0.02690900 
0.02674900 
0.02672700 
0.02664700 
0.02671900 
0.02664700 
0.02678700 
0.02678800 
0.02686000 
0.02705800 
0.02700500 
0.02697400 
0.02691900 
0.02699900 
0.02726300 
0.02737000 
0.02750000 
0.02749000 
0.02755200 
0.02728200 
0.02736400 
0.02755400 
0.02762700 
0.02757400 
0.02767900 
0.02755400 
0.02749900 
0.02767600 
0.02750500 
0.02683700 
0.02662900 
0.02677100 
0.02668300 
0.02652800 
0.02698900 
0.02679400 
0.02666600 
0.02682500 
0.02669800 
0.02680000 
0.02701100 
0.02702000 
0.02708100 
0.02715600 
0.02729900 
0.02730200 
0.02730000 
0.02730000 
0.02736100 
0.02736000 
0.02736000 
0.02736000 
0.02741200 
0.02736100 
0.02743700 
0.02749600 
0.02750200 
0.02758400 
0.02757100 
0.02753000 
0.02770200 
0.02772900 
0.02761000 
0.02741600 
0.02740200 
0.02740000 
0.02736800 
0.02760000 
0.02776700 
0.02788800 
0.02765500 
0.02728200 
0.02718700 
0.02719500 
0.02728000 
0.02709900 
0.02701200 
0.02704300 
0.02701300 
0.02710000 
0.02749700 
0.02766300 
0.02774300 
0.02775700 
0.02778900 
0.02787700 
0.02800800 
0.02750000 
0.02799100 
0.02780100 
0.02778000 
0.02717800 
0.02705400 
0.02706900 
0.02734500 
0.02737700 
0.02749300 
0.02764900 
0.02748200 
0.02825200 
0.02810900 
0.02809100 
0.02834700 
0.02879200 
0.02847200 
0.02889900 
0.02889000 
0.02870000 
0.02900000 
0.02908600 
0.02910000 
0.02928200 
0.02951000 
0.02954900 
0.02960900 
0.02986500 
0.02985600 
0.02998000 
0.02998300 
0.02998600 
0.03013900 
0.03028600 
0.03035800 
0.03030200 
0.03030200 
0.03033800 
0.03048200 
0.03049800 
0.03047000 
0.03048200 
0.03048600 
0.03058700 
0.03027500 
0.03017200 
0.03058800 
0.03054200 
0.03027900 
0.03060000 
0.03055000 
0.03058200 
0.03064300 
0.03046300 
0.03050000 
0.03046400 
0.03071200 
0.03079900 
0.03069900 
0.03069500 
0.03081400 
0.03080800 
0.03055100 
0.03070000 
0.03070000 
0.03052600 
0.03078500 
0.03071300 
0.03063300 
0.03044800 
0.03038500 
0.03025100 
0.03025200 
0.03029000 
0.03034700 
0.03019400 
0.03020300 
0.03022100 
0.03056000 
0.03077600 
0.03097100 
0.03098400 
0.03097900 
0.03150900 
0.03150800 
0.03146300 
0.03129000 
0.03117900 
0.03089400 
0.03089600 
0.03085300 
0.03059400 
0.03065800 
0.03084800 
0.03089500 
0.03060800 
0.03068300 
0.03086300 
0.03070000 
0.03093200 
0.03093200 
0.02735000 
0.02738500 
0.02751000 
0.02759900 
0.02768300 
0.02783100 
0.02783800 
0.02778400 
0.02760700 
0.02780500 
0.02766000 
0.02763600 
0.02739800 
0.02739800 
0.02741700 
0.02739400 
0.02770100 
0.02771100 
0.02787500 
0.02805800 
0.02818100 
0.02805800 
0.02798100 
0.02852200 
0.02846700 
0.02840000 
0.02800000 
0.02786300 
0.02790600 
0.02785100 
0.02770100 
0.02750000 
0.02752100 
0.02754300 
0.02751700 
0.02765000 
0.02749800 
0.02735800 
0.02725100 
0.02729200 
0.02715100 
0.02713700 
0.02719000 
0.02716200 
0.02730200 
0.02730300 
0.02730300 
0.02739600 
0.02713200 
0.02742800 
0.02726300 
0.02750000 
0.02752100 
0.02750000 
0.02741100 
0.02734300 
0.02751900 
0.02758600 
0.02760500 
0.02760900 
0.02760600 
0.02752500 
0.02776900 
0.02780000 
0.02797500 
0.02800000 
0.02799600 
0.02799000 
0.02792800 
0.02805500 
0.02810000 
0.02806100 
0.02814400 
0.02805500 
0.02796000 
0.02817300 
0.02788100 
0.02788200 
0.02795900 
0.02828200 
0.02834600 
0.02834900 
0.02844000 
0.02847900 
0.02848300 
0.02858800 
0.02862300 
0.02866000 
0.02860200 
0.02858400 
0.02843200 
0.02835500 
0.02850000 
0.02833200 
0.02832500 
0.02845000 
0.02832000 
0.02813400 
0.02813100 
0.02809700 
0.02800000 
0.02829100 
0.02835000 
0.02838100 
0.02796500 
0.02813400 
0.02805600 
0.02805800 
0.02807900 
0.02815500 
0.02821700 
0.02835400 
0.02830200 
0.02817300 
0.02816300 
0.02818000 
0.02777700 
0.02783000 
0.02804700 
0.02824500 
0.02839100 
0.02830000 
0.02850000 
0.02874400 
0.02910000 
0.02919500 
0.02912000 
0.02922000 
0.02910000 
0.02863600 
0.02866000 
0.02880000 
0.02915700 
0.02926000 
0.02834700 
0.02808000 
0.02810800 
0.02800000 
0.02758500 
0.02776900 
0.02792100 
0.02759200 
0.02786900 
0.02771500 
0.02810800 
0.02825300 
0.02745000 
0.02731900 
0.02739900 
0.02749200 
0.02748400 
0.02757300 
0.02750100 
0.02730100 
0.02744000 
0.02699900 
0.02768700 
0.02769600 
0.02767000 
0.02761300 
0.02778200 
0.02769100 
0.02783200 
0.02789800 
0.02770400 
0.02770500 
0.02797100 
0.02810000 
0.02839500 
0.02839900 
0.02835800 
0.02838300 
0.02835400 
0.02814300 
0.02810000 
0.02795700 
0.02800000 
0.02800000 
0.02790100 
0.02782500 
0.02796900 
0.02783700 
0.02789600 
0.02789900 
0.02781400 
0.02782000 
0.02779900 
0.02779900 
0.02754400 
0.02750000 
0.02752300 
0.02751600 
0.02760200 
0.02764000 
0.02711500 
0.02723400 
0.02706800 
0.02687800 
0.02697200 
0.02715100 
0.02678500 
0.02677500 
0.02670600 
0.02676700 
0.02670100 
0.02675000 
0.02680700 
0.02684200 
0.02693000 
0.02700100 
0.02707600 
0.02709200 
0.02709300 
0.02722900 
0.02700000 
0.02729200 
0.02745100 
0.02738500 
0.02738400 
0.02747300 
0.02734900 
0.02755700 
0.02737900 
0.02747900 
0.02775900 
0.02798200 
0.02809800 
0.02812200 
0.02810000 
0.02812800 
0.02804000 
0.02802600 
0.02825100 
0.02799900 
0.02800000 
0.02819200 
0.02850000 
0.02853500 
0.02800000 
0.02793700 
0.02750000 
0.02745000 
0.02745000 
0.02744700 
0.02740000 
0.02735000 
0.02729600 
0.02726800 
0.02733900 
0.02730500 
0.02744900 
0.02744900 
0.02734900 
0.02730600 
0.02714700 
0.02733400 
0.02730600 
0.02727100 
0.02717400 
0.02727700 
0.02730000 
0.02727800 
0.02727100 
0.02739400 
0.02712000 
0.02714900 
0.02715000 
0.02715000 
0.02715300 
0.02721500 
0.02724400 
0.02720000 
0.02714400 
0.02710100 
0.02711900 
0.02713000 
0.02694600 
0.02692400 
0.02692200 
0.02685400 
0.02690900 
0.02671700 
0.02685600 
0.02685000 
0.02670800 
0.02694400 
0.02688400 
0.02661500 
0.02687000 
0.02660000 
0.02690000 
0.02690900 
0.02674900 
0.02672700 
0.02664700 
0.02671900 
0.02664700 
0.02678700 
0.02678800 
0.02686000 
0.02705800 
0.02700500 
0.02697400 
0.02691900 
0.02699900 
0.02726300 
0.02737000 
0.02750000 
0.02749000 
0.02755200 
0.02728200 
0.02736400 
0.02755400 
0.02762700 
0.02757400 
0.02767900 
0.02755400 
0.02749900 
0.02767600 
0.02750500 
0.02683700 
0.02662900 
0.02677100 
0.02668300 
0.02652800 
0.02698900 
0.02679400 
0.02666600 
0.02682500 
0.02669800 
0.02680000 
0.02701100 
0.02702000 
0.02708100 
0.02715600 
0.02729900 
0.02730200 
0.02730000 
0.02730000 
0.02736100 
0.02736000 
0.02736000 
0.02736000 
0.02741200 
0.02736100 
0.02743700 
0.02749600 
0.02750200 
0.02758400 
0.02757100 
0.02753000 
0.02770200 
0.02772900 
0.02761000 
0.02741600 
0.02740200 
0.02740000 
0.02736800 
0.02760000 
0.02776700 
0.02788800 
0.02765500 
0.02728200 
0.02718700 
0.02719500 
0.02728000 
0.02709900 
0.02701200 
0.02704300 
0.02701300 
0.02710000 
0.02749700 
0.02766300 
0.02774300 
0.02775700 
0.02778900 
0.02787700 
0.02800800 
0.02750000 
0.02799100 
0.02780100 
0.02778000 
0.02717800 
0.02705400 
0.02706900 
0.02734500 
0.02737700 
0.02749300 
0.02764900 
0.02748200 
0.02825200 
0.02810900 
0.02809100 
0.02834700 
0.02879200 
0.02847200 
0.02889900 
0.02889000 
0.02870000 
0.02900000 
0.02908600 
0.02910000 
0.02928200 
0.02951000 
0.02954900 
0.02960900 
0.02986500 
0.02985600 
0.02998000 
0.02998300 
0.02998600 
0.03013900 
0.03028600 
0.03035800 
0.03030200 
0.03030200 
0.03033800 
0.03048200 
0.03049800 
0.03047000 
0.03048200 
0.03048600 
0.03058700 
0.03027500 
0.03017200 
0.03058800 
0.03054200 
0.03027900 
0.03060000 
0.03055000 
0.03058200 
0.03064300 
0.03046300 
0.03050000 
0.03046400 
0.03071200 
0.03079900 
0.03069900 
0.03069500 
0.03081400 
0.03080800 
0.03055100 
0.03070000 
0.03070000 
0.03052600 
0.03078500 
0.03071300 
0.03063300 
0.03044800 
0.03038500 
0.03025100 
0.03025200 
0.03029000 
0.03034700 
0.03019400 
0.03020300 
0.03022100 
0.03056000 
0.03077600 
0.03097100 
0.03098400 
0.03097900 
0.03150900 
0.03150800 
0.03146300 
0.03129000 
0.03117900 
0.03089400 
0.03089600 
0.03085300 
0.03059400 
0.03065800 
0.03084800 
0.03089500 
0.03060800 
0.03068300 
0.03086300 
0.03070000 
0.03093200 
0.03093200 
