101.29400000 
59.76500000 
133.61400000 
202.14700000 
58.13000000 
127.76500000 
26.18000000 
49.56400000 
108.03800000 
67.02500000 
29.41300000 
28.87200000 
90.31600000 
136.11400000 
99.82400000 
121.70700000 
53.64200000 
86.62100000 
59.29300000 
61.78900000 
41.96500000 
101.17000000 
151.19800000 
86.90100000 
98.61000000 
312.08700000 
73.67400000 
80.29900000 
74.62100000 
71.02400000 
46.95900000 
41.62000000 
53.33800000 
53.76500000 
78.73400000 
126.50500000 
35.94800000 
98.66700000 
36.81900000 
101.74400000 
109.27700000 
51.96800000 
35.06700000 
38.76700000 
50.76200000 
32.93300000 
20.23900000 
75.68900000 
46.14300000 
24.76400000 
34.01700000 
22.36300000 
21.54800000 
101.06500000 
257.74600000 
386.34100000 
334.45000000 
28.83400000 
20.94600000 
20.92500000 
56.95800000 
169.19100000 
14.46300000 
94.98700000 
234.30900000 
43.61300000 
14.57800000 
27.38800000 
85.75600000 
8.48500000 
7.01400000 
37.05200000 
4.99000000 
20.38100000 
18.82800000 
37.27700000 
16.07100000 
43.25500000 
107.46500000 
48.67600000 
39.57700000 
77.70900000 
19.22000000 
55.89600000 
47.32100000 
143.00900000 
13.67700000 
25.22400000 
57.45400000 
40.43000000 
70.37500000 
34.35400000 
105.43400000 
14.78300000 
18.11900000 
62.76600000 
7.55800000 
17.42900000 
19.07700000 
24.10300000 
101.62800000 
171.39300000 
37.99200000 
36.99300000 
90.24600000 
52.56200000 
47.73000000 
106.73100000 
34.55400000 
98.99300000 
19.24800000 
93.32800000 
33.00100000 
69.00500000 
56.09500000 
118.85600000 
88.82100000 
165.65900000 
208.95900000 
135.19900000 
83.37300000 
94.44300000 
155.30500000 
65.23400000 
137.72900000 
86.10200000 
73.52100000 
74.10500000 
35.94600000 
59.41400000 
82.18700000 
92.28800000 
136.09300000 
351.70500000 
90.45400000 
87.07400000 
34.24900000 
125.66200000 
53.50100000 
118.83700000 
56.87900000 
91.65700000 
51.35600000 
64.64800000 
174.27800000 
280.84400000 
145.60900000 
54.14000000 
128.98600000 
76.27500000 
105.05000000 
70.89500000 
117.34200000 
90.79200000 
122.67800000 
275.96000000 
60.50800000 
37.16600000 
57.03800000 
107.98100000 
40.87800000 
31.30400000 
25.11600000 
12.06700000 
54.81400000 
41.09900000 
35.53400000 
171.10900000 
226.07800000 
185.89200000 
86.88600000 
24.21200000 
94.61600000 
69.05300000 
74.12500000 
37.42600000 
47.96900000 
35.00400000 
32.11000000 
37.11800000 
16.90500000 
44.00200000 
4.63700000 
31.42500000 
12.77700000 
12.25000000 
19.18000000 
19.55500000 
56.65900000 
61.36700000 
23.24000000 
16.58600000 
39.38400000 
93.57900000 
44.20200000 
26.58200000 
26.62300000 
19.16300000 
78.73200000 
61.75500000 
49.83300000 
28.44100000 
16.59700000 
15.93700000 
16.18100000 
40.93100000 
44.29500000 
84.26500000 
79.39400000 
26.94900000 
3.99900000 
23.39700000 
30.13000000 
99.00100000 
78.07500000 
339.93100000 
39.66300000 
35.20400000 
24.96600000 
6.14400000 
17.74600000 
69.09700000 
66.90100000 
48.53300000 
167.24800000 
17.57900000 
23.53700000 
48.88700000 
107.65300000 
49.55200000 
31.15200000 
72.15900000 
100.10300000 
143.72000000 
265.12000000 
262.85200000 
273.43900000 
233.04900000 
46.71400000 
137.76400000 
454.79000000 
403.88000000 
255.79700000 
56.47000000 
42.88500000 
17.32900000 
65.33400000 
42.05400000 
40.96300000 
20.55600000 
35.83400000 
22.39700000 
23.32900000 
24.12400000 
10.01500000 
14.16700000 
49.51700000 
101.03300000 
8.97200000 
5.97300000 
38.93000000 
83.76000000 
15.52200000 
22.28600000 
67.44500000 
10.39500000 
6.87700000 
24.42000000 
97.79300000 
17.98200000 
41.52600000 
65.29800000 
47.66200000 
88.38600000 
20.25700000 
62.83800000 
38.42900000 
13.59600000 
48.47000000 
37.68400000 
36.43900000 
47.61100000 
32.02600000 
6.07600000 
89.12300000 
7.43200000 
24.25800000 
48.65900000 
114.92700000 
198.04500000 
15.93600000 
165.81900000 
61.03800000 
63.43500000 
68.52600000 
12.88700000 
104.64300000 
6.89400000 
68.53800000 
87.59800000 
84.93600000 
6.72000000 
3.82700000 
50.07100000 
222.13900000 
27.99100000 
81.86700000 
31.85100000 
24.93700000 
44.43300000 
141.21200000 
69.88900000 
154.65100000 
73.63200000 
50.83600000 
36.45300000 
57.48600000 
213.18500000 
212.96500000 
161.01600000 
39.01000000 
168.52700000 
98.34800000 
27.45400000 
32.32300000 
75.26700000 
110.26700000 
291.24700000 
112.76800000 
116.18900000 
377.70900000 
58.31900000 
102.31400000 
108.20400000 
19.34300000 
31.61000000 
8.28800000 
87.05200000 
91.90300000 
22.82300000 
62.33900000 
73.31700000 
36.45100000 
14.66900000 
48.38100000 
16.94200000 
25.69600000 
31.11100000 
6.43800000 
75.80600000 
34.99500000 
32.96500000 
39.14600000 
22.51300000 
11.28300000 
74.80500000 
42.09400000 
84.81700000 
36.44600000 
84.78200000 
126.06900000 
210.07500000 
43.47100000 
40.08200000 
34.77100000 
62.87700000 
76.04000000 
43.79400000 
46.02800000 
140.53200000 
70.41200000 
25.79200000 
41.32600000 
55.04600000 
15.07800000 
89.77800000 
73.65200000 
157.78200000 
124.72400000 
49.14900000 
88.28400000 
128.61200000 
131.28100000 
76.21800000 
92.57500000 
116.58800000 
46.45200000 
53.23700000 
71.66000000 
644.43400000 
119.68500000 
220.39500000 
382.31800000 
120.88300000 
94.98300000 
138.61200000 
55.07000000 
68.33200000 
151.42400000 
104.31500000 
71.70900000 
117.96000000 
81.51200000 
76.41600000 
75.01600000 
176.32000000 
21.94600000 
27.85900000 
7.69000000 
94.67300000 
47.80600000 
74.81500000 
148.40100000 
10.29600000 
0.26400000 
17.97600000 
35.07500000 
15.96800000 
33.73600000 
34.73800000 
22.36500000 
12.10600000 
5.00100000 
12.03200000 
79.87200000 
15.60700000 
31.64500000 
47.34100000 
17.36200000 
43.68000000 
17.81300000 
19.04400000 
180.90500000 
23.56900000 
43.53500000 
32.81700000 
39.72200000 
29.63900000 
41.97200000 
25.42800000 
61.08700000 
15.06600000 
18.80600000 
123.04300000 
175.16800000 
41.97600000 
28.14100000 
46.07800000 
43.94300000 
36.49200000 
2.63200000 
67.16500000 
70.79600000 
67.90600000 
46.76400000 
92.67800000 
121.99100000 
109.21800000 
148.83300000 
113.51800000 
63.94900000 
226.20100000 
129.09800000 
169.40300000 
153.78100000 
202.62700000 
95.88200000 
46.52100000 
17.28000000 
38.66400000 
64.07200000 
20.99300000 
23.50400000 
35.34900000 
49.45600000 
22.89400000 
69.19500000 
50.84800000 
69.10300000 
125.83500000 
104.39500000 
59.76500000 
133.61400000 
202.14700000 
58.13000000 
127.76500000 
26.18000000 
49.56400000 
108.03800000 
67.02500000 
29.41300000 
28.87200000 
90.31600000 
136.11400000 
99.82400000 
121.70700000 
53.64200000 
86.62100000 
59.29300000 
61.78900000 
41.96500000 
101.17000000 
151.19800000 
86.90100000 
98.61000000 
312.08700000 
73.67400000 
80.29900000 
74.62100000 
71.02400000 
46.95900000 
41.62000000 
53.33800000 
53.76500000 
78.73400000 
126.50500000 
35.94800000 
98.66700000 
36.81900000 
101.74400000 
109.27700000 
51.96800000 
35.06700000 
38.76700000 
50.76200000 
32.93300000 
20.23900000 
75.68900000 
46.14300000 
24.76400000 
34.01700000 
22.36300000 
21.54800000 
101.06500000 
257.74600000 
386.34100000 
334.45000000 
28.83400000 
20.94600000 
20.92500000 
56.95800000 
169.19100000 
14.46300000 
94.98700000 
234.30900000 
43.61300000 
14.57800000 
27.38800000 
85.75600000 
8.48500000 
7.01400000 
37.05200000 
4.99000000 
20.38100000 
18.82800000 
37.27700000 
16.07100000 
43.25500000 
107.46500000 
48.67600000 
39.57700000 
77.70900000 
19.22000000 
55.89600000 
47.32100000 
143.00900000 
13.67700000 
25.22400000 
57.45400000 
40.43000000 
70.37500000 
34.35400000 
105.43400000 
14.78300000 
18.11900000 
62.76600000 
7.55800000 
17.42900000 
19.07700000 
24.10300000 
101.62800000 
171.39300000 
37.99200000 
36.99300000 
90.24600000 
52.56200000 
47.73000000 
106.73100000 
34.55400000 
98.99300000 
19.24800000 
93.32800000 
33.00100000 
69.00500000 
56.09500000 
118.85600000 
88.82100000 
165.65900000 
208.95900000 
135.19900000 
83.37300000 
94.44300000 
155.30500000 
65.23400000 
137.72900000 
86.10200000 
73.52100000 
74.10500000 
35.94600000 
59.41400000 
82.18700000 
92.28800000 
136.09300000 
351.70500000 
90.45400000 
87.07400000 
34.24900000 
125.66200000 
53.50100000 
118.83700000 
56.87900000 
91.65700000 
51.35600000 
64.64800000 
174.27800000 
280.84400000 
145.60900000 
54.14000000 
128.98600000 
76.27500000 
105.05000000 
70.89500000 
117.34200000 
90.79200000 
122.67800000 
275.96000000 
60.50800000 
37.16600000 
57.03800000 
107.98100000 
40.87800000 
31.30400000 
25.11600000 
12.06700000 
54.81400000 
41.09900000 
35.53400000 
171.10900000 
226.07800000 
185.89200000 
86.88600000 
24.21200000 
94.61600000 
69.05300000 
74.12500000 
37.42600000 
47.96900000 
35.00400000 
32.11000000 
37.11800000 
16.90500000 
44.00200000 
4.63700000 
31.42500000 
12.77700000 
12.25000000 
19.18000000 
19.55500000 
56.65900000 
61.36700000 
23.24000000 
16.58600000 
39.38400000 
93.57900000 
44.20200000 
26.58200000 
26.62300000 
19.16300000 
78.73200000 
61.75500000 
49.83300000 
28.44100000 
16.59700000 
15.93700000 
16.18100000 
40.93100000 
44.29500000 
84.26500000 
79.39400000 
26.94900000 
3.99900000 
23.39700000 
30.13000000 
99.00100000 
78.07500000 
339.93100000 
39.66300000 
35.20400000 
24.96600000 
6.14400000 
17.74600000 
69.09700000 
66.90100000 
48.53300000 
167.24800000 
17.57900000 
23.53700000 
48.88700000 
107.65300000 
49.55200000 
31.15200000 
72.15900000 
100.10300000 
143.72000000 
265.12000000 
262.85200000 
273.43900000 
233.04900000 
46.71400000 
137.76400000 
454.79000000 
403.88000000 
255.79700000 
56.47000000 
42.88500000 
17.32900000 
65.33400000 
42.05400000 
40.96300000 
20.55600000 
35.83400000 
22.39700000 
23.32900000 
24.12400000 
10.01500000 
14.16700000 
49.51700000 
101.03300000 
8.97200000 
5.97300000 
38.93000000 
83.76000000 
15.52200000 
22.28600000 
67.44500000 
10.39500000 
6.87700000 
24.42000000 
97.79300000 
17.98200000 
41.52600000 
65.29800000 
47.66200000 
88.38600000 
20.25700000 
62.83800000 
38.42900000 
13.59600000 
48.47000000 
37.68400000 
36.43900000 
47.61100000 
32.02600000 
6.07600000 
89.12300000 
7.43200000 
24.25800000 
48.65900000 
114.92700000 
198.04500000 
15.93600000 
165.81900000 
61.03800000 
63.43500000 
68.52600000 
12.88700000 
104.64300000 
6.89400000 
68.53800000 
87.59800000 
84.93600000 
6.72000000 
3.82700000 
50.07100000 
222.13900000 
27.99100000 
81.86700000 
31.85100000 
24.93700000 
44.43300000 
141.21200000 
69.88900000 
154.65100000 
73.63200000 
50.83600000 
36.45300000 
57.48600000 
213.18500000 
212.96500000 
161.01600000 
39.01000000 
168.52700000 
98.34800000 
27.45400000 
32.32300000 
75.26700000 
110.26700000 
291.24700000 
112.76800000 
116.18900000 
377.70900000 
58.31900000 
102.31400000 
108.20400000 
19.34300000 
31.61000000 
8.28800000 
87.05200000 
91.90300000 
22.82300000 
62.33900000 
73.31700000 
36.45100000 
14.66900000 
48.38100000 
16.94200000 
25.69600000 
31.11100000 
6.43800000 
75.80600000 
34.99500000 
32.96500000 
39.14600000 
22.51300000 
11.28300000 
74.80500000 
42.09400000 
84.81700000 
36.44600000 
84.78200000 
126.06900000 
210.07500000 
43.47100000 
40.08200000 
34.77100000 
62.87700000 
76.04000000 
43.79400000 
46.02800000 
140.53200000 
70.41200000 
25.79200000 
41.32600000 
55.04600000 
15.07800000 
89.77800000 
73.65200000 
157.78200000 
124.72400000 
49.14900000 
88.28400000 
128.61200000 
131.28100000 
76.21800000 
92.57500000 
116.58800000 
46.45200000 
53.23700000 
71.66000000 
644.43400000 
119.68500000 
220.39500000 
382.31800000 
120.88300000 
94.98300000 
138.61200000 
55.07000000 
68.33200000 
151.42400000 
104.31500000 
71.70900000 
117.96000000 
81.51200000 
76.41600000 
75.01600000 
176.32000000 
21.94600000 
27.85900000 
7.69000000 
94.67300000 
47.80600000 
74.81500000 
148.40100000 
10.29600000 
0.26400000 
17.97600000 
35.07500000 
15.96800000 
33.73600000 
34.73800000 
22.36500000 
12.10600000 
5.00100000 
12.03200000 
79.87200000 
15.60700000 
31.64500000 
47.34100000 
17.36200000 
43.68000000 
17.81300000 
19.04400000 
180.90500000 
23.56900000 
43.53500000 
32.81700000 
39.72200000 
29.63900000 
41.97200000 
25.42800000 
61.08700000 
15.06600000 
18.80600000 
123.04300000 
175.16800000 
41.97600000 
28.14100000 
46.07800000 
43.94300000 
36.49200000 
2.63200000 
67.16500000 
70.79600000 
67.90600000 
46.76400000 
92.67800000 
121.99100000 
109.21800000 
148.83300000 
113.51800000 
63.94900000 
226.20100000 
129.09800000 
169.40300000 
153.78100000 
202.62700000 
95.88200000 
46.52100000 
17.28000000 
38.66400000 
64.07200000 
20.99300000 
23.50400000 
35.34900000 
49.45600000 
22.89400000 
69.19500000 
50.84800000 
69.10300000 
125.83500000 
104.39500000 
59.76500000 
133.61400000 
202.14700000 
58.13000000 
127.76500000 
26.18000000 
49.56400000 
108.03800000 
67.02500000 
29.41300000 
28.87200000 
90.31600000 
136.11400000 
99.82400000 
121.70700000 
53.64200000 
86.62100000 
59.29300000 
61.78900000 
41.96500000 
101.17000000 
151.19800000 
86.90100000 
98.61000000 
312.08700000 
73.67400000 
80.29900000 
74.62100000 
71.02400000 
46.95900000 
41.62000000 
53.33800000 
53.76500000 
78.73400000 
126.50500000 
35.94800000 
98.66700000 
36.81900000 
101.74400000 
109.27700000 
51.96800000 
35.06700000 
38.76700000 
50.76200000 
32.93300000 
20.23900000 
75.68900000 
46.14300000 
24.76400000 
34.01700000 
22.36300000 
21.54800000 
101.06500000 
257.74600000 
386.34100000 
334.45000000 
28.83400000 
20.94600000 
20.92500000 
56.95800000 
169.19100000 
14.46300000 
94.98700000 
234.30900000 
43.61300000 
14.57800000 
27.38800000 
85.75600000 
8.48500000 
7.01400000 
37.05200000 
4.99000000 
20.38100000 
18.82800000 
37.27700000 
16.07100000 
43.25500000 
107.46500000 
48.67600000 
39.57700000 
77.70900000 
19.22000000 
55.89600000 
47.32100000 
143.00900000 
13.67700000 
25.22400000 
57.45400000 
40.43000000 
70.37500000 
34.35400000 
105.43400000 
14.78300000 
18.11900000 
62.76600000 
7.55800000 
17.42900000 
19.07700000 
24.10300000 
101.62800000 
171.39300000 
37.99200000 
36.99300000 
90.24600000 
52.56200000 
47.73000000 
106.73100000 
34.55400000 
98.99300000 
19.24800000 
93.32800000 
33.00100000 
69.00500000 
56.09500000 
118.85600000 
88.82100000 
165.65900000 
208.95900000 
135.19900000 
83.37300000 
94.44300000 
155.30500000 
65.23400000 
137.72900000 
86.10200000 
73.52100000 
74.10500000 
35.94600000 
59.41400000 
82.18700000 
92.28800000 
136.09300000 
351.70500000 
90.45400000 
87.07400000 
34.24900000 
125.66200000 
53.50100000 
118.83700000 
56.87900000 
91.65700000 
51.35600000 
64.64800000 
174.27800000 
280.84400000 
145.60900000 
54.14000000 
128.98600000 
76.27500000 
105.05000000 
70.89500000 
117.34200000 
90.79200000 
122.67800000 
275.96000000 
60.50800000 
37.16600000 
57.03800000 
107.98100000 
40.87800000 
31.30400000 
25.11600000 
12.06700000 
54.81400000 
41.09900000 
35.53400000 
171.10900000 
226.07800000 
185.89200000 
86.88600000 
24.21200000 
94.61600000 
69.05300000 
74.12500000 
37.42600000 
47.96900000 
35.00400000 
32.11000000 
37.11800000 
16.90500000 
44.00200000 
4.63700000 
31.42500000 
12.77700000 
12.25000000 
19.18000000 
19.55500000 
56.65900000 
61.36700000 
23.24000000 
16.58600000 
39.38400000 
93.57900000 
44.20200000 
26.58200000 
26.62300000 
19.16300000 
78.73200000 
61.75500000 
49.83300000 
28.44100000 
16.59700000 
15.93700000 
16.18100000 
40.93100000 
44.29500000 
84.26500000 
79.39400000 
26.94900000 
3.99900000 
23.39700000 
30.13000000 
99.00100000 
78.07500000 
339.93100000 
39.66300000 
35.20400000 
24.96600000 
6.14400000 
17.74600000 
69.09700000 
66.90100000 
48.53300000 
167.24800000 
17.57900000 
23.53700000 
48.88700000 
107.65300000 
49.55200000 
31.15200000 
72.15900000 
100.10300000 
143.72000000 
265.12000000 
262.85200000 
273.43900000 
233.04900000 
46.71400000 
137.76400000 
454.79000000 
403.88000000 
255.79700000 
56.47000000 
42.88500000 
17.32900000 
65.33400000 
42.05400000 
40.96300000 
20.55600000 
35.83400000 
22.39700000 
23.32900000 
24.12400000 
10.01500000 
14.16700000 
49.51700000 
101.03300000 
8.97200000 
5.97300000 
38.93000000 
83.76000000 
15.52200000 
22.28600000 
67.44500000 
10.39500000 
6.87700000 
24.42000000 
97.79300000 
17.98200000 
41.52600000 
65.29800000 
47.66200000 
88.38600000 
20.25700000 
62.83800000 
38.42900000 
13.59600000 
48.47000000 
37.68400000 
36.43900000 
47.61100000 
32.02600000 
6.07600000 
89.12300000 
7.43200000 
24.25800000 
48.65900000 
114.92700000 
198.04500000 
15.93600000 
165.81900000 
61.03800000 
63.43500000 
68.52600000 
12.88700000 
104.64300000 
6.89400000 
68.53800000 
87.59800000 
84.93600000 
6.72000000 
3.82700000 
50.07100000 
222.13900000 
27.99100000 
81.86700000 
31.85100000 
24.93700000 
44.43300000 
141.21200000 
69.88900000 
154.65100000 
73.63200000 
50.83600000 
36.45300000 
57.48600000 
213.18500000 
212.96500000 
161.01600000 
39.01000000 
168.52700000 
98.34800000 
27.45400000 
32.32300000 
75.26700000 
110.26700000 
291.24700000 
112.76800000 
116.18900000 
377.70900000 
58.31900000 
102.31400000 
108.20400000 
19.34300000 
31.61000000 
8.28800000 
87.05200000 
91.90300000 
22.82300000 
62.33900000 
73.31700000 
36.45100000 
14.66900000 
48.38100000 
16.94200000 
25.69600000 
31.11100000 
6.43800000 
75.80600000 
34.99500000 
32.96500000 
39.14600000 
22.51300000 
11.28300000 
74.80500000 
42.09400000 
84.81700000 
36.44600000 
84.78200000 
126.06900000 
210.07500000 
43.47100000 
40.08200000 
34.77100000 
62.87700000 
76.04000000 
43.79400000 
46.02800000 
140.53200000 
70.41200000 
25.79200000 
41.32600000 
55.04600000 
15.07800000 
89.77800000 
73.65200000 
157.78200000 
124.72400000 
49.14900000 
88.28400000 
128.61200000 
131.28100000 
76.21800000 
92.57500000 
116.58800000 
46.45200000 
53.23700000 
71.66000000 
644.43400000 
119.68500000 
220.39500000 
382.31800000 
120.88300000 
94.98300000 
138.61200000 
55.07000000 
68.33200000 
151.42400000 
104.31500000 
71.70900000 
117.96000000 
81.51200000 
76.41600000 
75.01600000 
176.32000000 
21.94600000 
27.85900000 
7.69000000 
94.67300000 
47.80600000 
74.81500000 
148.40100000 
10.29600000 
0.26400000 
17.97600000 
35.07500000 
15.96800000 
33.73600000 
34.73800000 
22.36500000 
12.10600000 
5.00100000 
12.03200000 
79.87200000 
15.60700000 
31.64500000 
47.34100000 
17.36200000 
43.68000000 
17.81300000 
19.04400000 
180.90500000 
23.56900000 
43.53500000 
32.81700000 
39.72200000 
29.63900000 
41.97200000 
25.42800000 
61.08700000 
15.06600000 
18.80600000 
123.04300000 
175.16800000 
41.97600000 
28.14100000 
46.07800000 
43.94300000 
36.49200000 
2.63200000 
67.16500000 
70.79600000 
67.90600000 
46.76400000 
92.67800000 
121.99100000 
109.21800000 
148.83300000 
113.51800000 
63.94900000 
226.20100000 
129.09800000 
169.40300000 
153.78100000 
202.62700000 
95.88200000 
46.52100000 
17.28000000 
38.66400000 
64.07200000 
20.99300000 
23.50400000 
35.34900000 
49.45600000 
22.89400000 
69.19500000 
50.84800000 
69.10300000 
125.83500000 
