0.02738500 
0.02750600 
0.02751600 
0.02765000 
0.02779900 
0.02784000 
0.02778200 
0.02760700 
0.02780500 
0.02766000 
0.02763800 
0.02739700 
0.02739800 
0.02741600 
0.02739400 
0.02778800 
0.02771100 
0.02787600 
0.02805600 
0.02816700 
0.02806000 
0.02788000 
0.02852300 
0.02842500 
0.02841600 
0.02800000 
0.02786400 
0.02792100 
0.02788900 
0.02775500 
0.02756800 
0.02750000 
0.02763300 
0.02751700 
0.02765100 
0.02749800 
0.02735800 
0.02728700 
0.02728100 
0.02715100 
0.02713700 
0.02719000 
0.02729300 
0.02735600 
0.02730300 
0.02730300 
0.02739500 
0.02713200 
0.02725700 
0.02731300 
0.02750000 
0.02758400 
0.02750000 
0.02741100 
0.02731800 
0.02751900 
0.02758700 
0.02759600 
0.02761000 
0.02760500 
0.02752400 
0.02760000 
0.02780000 
0.02807500 
0.02800000 
0.02799600 
0.02798800 
0.02792900 
0.02805500 
0.02812600 
0.02814100 
0.02805900 
0.02808100 
0.02796000 
0.02817200 
0.02788200 
0.02788200 
0.02795700 
0.02827700 
0.02834900 
0.02834900 
0.02844000 
0.02844300 
0.02848600 
0.02858800 
0.02862300 
0.02866100 
0.02860200 
0.02865300 
0.02842500 
0.02833700 
0.02835500 
0.02833100 
0.02832500 
0.02839100 
0.02823500 
0.02813000 
0.02813100 
0.02815200 
0.02800000 
0.02824700 
0.02832100 
0.02837600 
0.02796500 
0.02812600 
0.02805700 
0.02805300 
0.02807900 
0.02815400 
0.02821700 
0.02835300 
0.02831000 
0.02817200 
0.02816200 
0.02818000 
0.02780200 
0.02784100 
0.02804700 
0.02824500 
0.02835000 
0.02830000 
0.02869000 
0.02874400 
0.02890600 
0.02915900 
0.02919500 
0.02923900 
0.02910000 
0.02863600 
0.02879500 
0.02877200 
0.02915500 
0.02925100 
0.02834800 
0.02808100 
0.02810800 
0.02800000 
0.02730200 
0.02778700 
0.02792400 
0.02787700 
0.02786900 
0.02771500 
0.02837600 
0.02824900 
0.02745000 
0.02738900 
0.02740000 
0.02749000 
0.02752800 
0.02760300 
0.02750100 
0.02739100 
0.02737200 
0.02699900 
0.02764300 
0.02769500 
0.02768400 
0.02767000 
0.02776000 
0.02773000 
0.02783000 
0.02789100 
0.02760900 
0.02773600 
0.02797400 
0.02810000 
0.02839500 
0.02839900 
0.02835800 
0.02838300 
0.02835400 
0.02826600 
0.02802000 
0.02795700 
0.02800000 
0.02800000 
0.02794900 
0.02782500 
0.02795700 
0.02783700 
0.02788500 
0.02781500 
0.02781300 
0.02785000 
0.02779900 
0.02779900 
0.02754400 
0.02757400 
0.02758000 
0.02748900 
0.02763900 
0.02764000 
0.02711500 
0.02710300 
0.02723900 
0.02709900 
0.02694500 
0.02715500 
0.02688700 
0.02677500 
0.02670700 
0.02676700 
0.02675000 
0.02671500 
0.02680000 
0.02684200 
0.02685500 
0.02700000 
0.02707500 
0.02709500 
0.02709700 
0.02722900 
0.02700000 
0.02711100 
0.02745100 
0.02749900 
0.02738400 
0.02736100 
0.02750100 
0.02754200 
0.02739400 
0.02746900 
0.02775200 
0.02798200 
0.02809800 
0.02805200 
0.02810000 
0.02818300 
0.02805600 
0.02815300 
0.02818800 
0.02800000 
0.02800000 
0.02819800 
0.02850100 
0.02844100 
0.02800000 
0.02794400 
0.02750000 
0.02745000 
0.02737000 
0.02744700 
0.02742000 
0.02735000 
0.02735000 
0.02717000 
0.02732000 
0.02730500 
0.02744900 
0.02735200 
0.02734800 
0.02731900 
0.02714800 
0.02733400 
0.02735000 
0.02725000 
0.02720000 
0.02712400 
0.02727800 
0.02734600 
0.02730700 
0.02725900 
0.02725400 
0.02714900 
0.02714900 
0.02715000 
0.02715300 
0.02721500 
0.02721800 
0.02720000 
0.02719000 
0.02710100 
0.02710000 
0.02704800 
0.02700000 
0.02697000 
0.02692300 
0.02689900 
0.02690700 
0.02673600 
0.02685600 
0.02685000 
0.02683600 
0.02681100 
0.02684400 
0.02684400 
0.02681800 
0.02660100 
0.02689200 
0.02690600 
0.02678700 
0.02672800 
0.02664700 
0.02671600 
0.02665000 
0.02665000 
0.02663100 
0.02687100 
0.02706100 
0.02699300 
0.02697400 
0.02697500 
0.02699000 
0.02720900 
0.02736700 
0.02738600 
0.02746700 
0.02750400 
0.02728100 
0.02736400 
0.02755400 
0.02768500 
0.02761600 
0.02769800 
0.02766600 
0.02741100 
0.02764500 
0.02750500 
0.02675200 
0.02669900 
0.02676800 
0.02664200 
0.02674700 
0.02698300 
0.02680500 
0.02666700 
0.02682200 
0.02669800 
0.02680000 
0.02701100 
0.02705600 
0.02705200 
0.02710200 
0.02723600 
0.02730000 
0.02730000 
0.02730000 
0.02736000 
0.02736900 
0.02736000 
0.02736000 
0.02741100 
0.02736000 
0.02736700 
0.02749600 
0.02755200 
0.02758400 
0.02757100 
0.02755900 
0.02769400 
0.02763900 
0.02763700 
0.02741600 
0.02740500 
0.02739300 
0.02751500 
0.02753800 
0.02776600 
0.02790000 
0.02765500 
0.02728200 
0.02718700 
0.02719500 
0.02728000 
0.02709900 
0.02701200 
0.02709900 
0.02701400 
0.02710000 
0.02742500 
0.02766300 
0.02776800 
0.02770000 
0.02769900 
0.02775800 
0.02800900 
0.02750000 
0.02798900 
0.02780100 
0.02779100 
0.02717800 
0.02705400 
0.02706900 
0.02734200 
0.02737700 
0.02750700 
0.02764900 
0.02748400 
0.02825100 
0.02810900 
0.02807900 
0.02841300 
0.02879100 
0.02847200 
0.02889900 
0.02889000 
0.02865100 
0.02900000 
0.02908700 
0.02904800 
0.02928200 
0.02951000 
0.02960800 
0.02954800 
0.02986600 
0.02975000 
0.02998300 
0.02998200 
0.02998200 
0.03003200 
0.03027900 
0.03035300 
0.03030200 
0.03030200 
0.03036900 
0.03048200 
0.03049800 
0.03046900 
0.03048200 
0.03048400 
0.03058600 
0.03058600 
0.03026100 
0.03058700 
0.03041500 
0.03059900 
0.03050300 
0.03062800 
0.03058200 
0.03064200 
0.03041000 
0.03046400 
0.03044800 
0.03073000 
0.03079900 
0.03069900 
0.03069400 
0.03081400 
0.03081200 
0.03063900 
0.03069900 
0.03074800 
0.03066500 
0.03078700 
0.03071500 
0.03063600 
0.03059300 
0.03039000 
0.03025000 
0.03020700 
0.03017100 
0.03034700 
0.03019200 
0.03020300 
0.03029900 
0.03056000 
0.03079200 
0.03100000 
0.03099900 
0.03097900 
0.03137900 
0.03155000 
0.03142000 
0.03129000 
0.03117900 
0.03098100 
0.03089600 
0.03089400 
0.03068200 
0.03065700 
0.03084800 
0.03089500 
0.03050000 
0.03060500 
0.03084900 
0.03065500 
0.03093200 
0.03088200 
0.03098000 
0.02738500 
0.02750600 
0.02751600 
0.02765000 
0.02779900 
0.02784000 
0.02778200 
0.02760700 
0.02780500 
0.02766000 
0.02763800 
0.02739700 
0.02739800 
0.02741600 
0.02739400 
0.02778800 
0.02771100 
0.02787600 
0.02805600 
0.02816700 
0.02806000 
0.02788000 
0.02852300 
0.02842500 
0.02841600 
0.02800000 
0.02786400 
0.02792100 
0.02788900 
0.02775500 
0.02756800 
0.02750000 
0.02763300 
0.02751700 
0.02765100 
0.02749800 
0.02735800 
0.02728700 
0.02728100 
0.02715100 
0.02713700 
0.02719000 
0.02729300 
0.02735600 
0.02730300 
0.02730300 
0.02739500 
0.02713200 
0.02725700 
0.02731300 
0.02750000 
0.02758400 
0.02750000 
0.02741100 
0.02731800 
0.02751900 
0.02758700 
0.02759600 
0.02761000 
0.02760500 
0.02752400 
0.02760000 
0.02780000 
0.02807500 
0.02800000 
0.02799600 
0.02798800 
0.02792900 
0.02805500 
0.02812600 
0.02814100 
0.02805900 
0.02808100 
0.02796000 
0.02817200 
0.02788200 
0.02788200 
0.02795700 
0.02827700 
0.02834900 
0.02834900 
0.02844000 
0.02844300 
0.02848600 
0.02858800 
0.02862300 
0.02866100 
0.02860200 
0.02865300 
0.02842500 
0.02833700 
0.02835500 
0.02833100 
0.02832500 
0.02839100 
0.02823500 
0.02813000 
0.02813100 
0.02815200 
0.02800000 
0.02824700 
0.02832100 
0.02837600 
0.02796500 
0.02812600 
0.02805700 
0.02805300 
0.02807900 
0.02815400 
0.02821700 
0.02835300 
0.02831000 
0.02817200 
0.02816200 
0.02818000 
0.02780200 
0.02784100 
0.02804700 
0.02824500 
0.02835000 
0.02830000 
0.02869000 
0.02874400 
0.02890600 
0.02915900 
0.02919500 
0.02923900 
0.02910000 
0.02863600 
0.02879500 
0.02877200 
0.02915500 
0.02925100 
0.02834800 
0.02808100 
0.02810800 
0.02800000 
0.02730200 
0.02778700 
0.02792400 
0.02787700 
0.02786900 
0.02771500 
0.02837600 
0.02824900 
0.02745000 
0.02738900 
0.02740000 
0.02749000 
0.02752800 
0.02760300 
0.02750100 
0.02739100 
0.02737200 
0.02699900 
0.02764300 
0.02769500 
0.02768400 
0.02767000 
0.02776000 
0.02773000 
0.02783000 
0.02789100 
0.02760900 
0.02773600 
0.02797400 
0.02810000 
0.02839500 
0.02839900 
0.02835800 
0.02838300 
0.02835400 
0.02826600 
0.02802000 
0.02795700 
0.02800000 
0.02800000 
0.02794900 
0.02782500 
0.02795700 
0.02783700 
0.02788500 
0.02781500 
0.02781300 
0.02785000 
0.02779900 
0.02779900 
0.02754400 
0.02757400 
0.02758000 
0.02748900 
0.02763900 
0.02764000 
0.02711500 
0.02710300 
0.02723900 
0.02709900 
0.02694500 
0.02715500 
0.02688700 
0.02677500 
0.02670700 
0.02676700 
0.02675000 
0.02671500 
0.02680000 
0.02684200 
0.02685500 
0.02700000 
0.02707500 
0.02709500 
0.02709700 
0.02722900 
0.02700000 
0.02711100 
0.02745100 
0.02749900 
0.02738400 
0.02736100 
0.02750100 
0.02754200 
0.02739400 
0.02746900 
0.02775200 
0.02798200 
0.02809800 
0.02805200 
0.02810000 
0.02818300 
0.02805600 
0.02815300 
0.02818800 
0.02800000 
0.02800000 
0.02819800 
0.02850100 
0.02844100 
0.02800000 
0.02794400 
0.02750000 
0.02745000 
0.02737000 
0.02744700 
0.02742000 
0.02735000 
0.02735000 
0.02717000 
0.02732000 
0.02730500 
0.02744900 
0.02735200 
0.02734800 
0.02731900 
0.02714800 
0.02733400 
0.02735000 
0.02725000 
0.02720000 
0.02712400 
0.02727800 
0.02734600 
0.02730700 
0.02725900 
0.02725400 
0.02714900 
0.02714900 
0.02715000 
0.02715300 
0.02721500 
0.02721800 
0.02720000 
0.02719000 
0.02710100 
0.02710000 
0.02704800 
0.02700000 
0.02697000 
0.02692300 
0.02689900 
0.02690700 
0.02673600 
0.02685600 
0.02685000 
0.02683600 
0.02681100 
0.02684400 
0.02684400 
0.02681800 
0.02660100 
0.02689200 
0.02690600 
0.02678700 
0.02672800 
0.02664700 
0.02671600 
0.02665000 
0.02665000 
0.02663100 
0.02687100 
0.02706100 
0.02699300 
0.02697400 
0.02697500 
0.02699000 
0.02720900 
0.02736700 
0.02738600 
0.02746700 
0.02750400 
0.02728100 
0.02736400 
0.02755400 
0.02768500 
0.02761600 
0.02769800 
0.02766600 
0.02741100 
0.02764500 
0.02750500 
0.02675200 
0.02669900 
0.02676800 
0.02664200 
0.02674700 
0.02698300 
0.02680500 
0.02666700 
0.02682200 
0.02669800 
0.02680000 
0.02701100 
0.02705600 
0.02705200 
0.02710200 
0.02723600 
0.02730000 
0.02730000 
0.02730000 
0.02736000 
0.02736900 
0.02736000 
0.02736000 
0.02741100 
0.02736000 
0.02736700 
0.02749600 
0.02755200 
0.02758400 
0.02757100 
0.02755900 
0.02769400 
0.02763900 
0.02763700 
0.02741600 
0.02740500 
0.02739300 
0.02751500 
0.02753800 
0.02776600 
0.02790000 
0.02765500 
0.02728200 
0.02718700 
0.02719500 
0.02728000 
0.02709900 
0.02701200 
0.02709900 
0.02701400 
0.02710000 
0.02742500 
0.02766300 
0.02776800 
0.02770000 
0.02769900 
0.02775800 
0.02800900 
0.02750000 
0.02798900 
0.02780100 
0.02779100 
0.02717800 
0.02705400 
0.02706900 
0.02734200 
0.02737700 
0.02750700 
0.02764900 
0.02748400 
0.02825100 
0.02810900 
0.02807900 
0.02841300 
0.02879100 
0.02847200 
0.02889900 
0.02889000 
0.02865100 
0.02900000 
0.02908700 
0.02904800 
0.02928200 
0.02951000 
0.02960800 
0.02954800 
0.02986600 
0.02975000 
0.02998300 
0.02998200 
0.02998200 
0.03003200 
0.03027900 
0.03035300 
0.03030200 
0.03030200 
0.03036900 
0.03048200 
0.03049800 
0.03046900 
0.03048200 
0.03048400 
0.03058600 
0.03058600 
0.03026100 
0.03058700 
0.03041500 
0.03059900 
0.03050300 
0.03062800 
0.03058200 
0.03064200 
0.03041000 
0.03046400 
0.03044800 
0.03073000 
0.03079900 
0.03069900 
0.03069400 
0.03081400 
0.03081200 
0.03063900 
0.03069900 
0.03074800 
0.03066500 
0.03078700 
0.03071500 
0.03063600 
0.03059300 
0.03039000 
0.03025000 
0.03020700 
0.03017100 
0.03034700 
0.03019200 
0.03020300 
0.03029900 
0.03056000 
0.03079200 
0.03100000 
0.03099900 
0.03097900 
0.03137900 
0.03155000 
0.03142000 
0.03129000 
0.03117900 
0.03098100 
0.03089600 
0.03089400 
0.03068200 
0.03065700 
0.03084800 
0.03089500 
0.03050000 
0.03060500 
0.03084900 
0.03065500 
0.03093200 
0.03088200 
0.03098000 
0.02738500 
0.02750600 
0.02751600 
0.02765000 
0.02779900 
0.02784000 
0.02778200 
0.02760700 
0.02780500 
0.02766000 
0.02763800 
0.02739700 
0.02739800 
0.02741600 
0.02739400 
0.02778800 
0.02771100 
0.02787600 
0.02805600 
0.02816700 
0.02806000 
0.02788000 
0.02852300 
0.02842500 
0.02841600 
0.02800000 
0.02786400 
0.02792100 
0.02788900 
0.02775500 
0.02756800 
0.02750000 
0.02763300 
0.02751700 
0.02765100 
0.02749800 
0.02735800 
0.02728700 
0.02728100 
0.02715100 
0.02713700 
0.02719000 
0.02729300 
0.02735600 
0.02730300 
0.02730300 
0.02739500 
0.02713200 
0.02725700 
0.02731300 
0.02750000 
0.02758400 
0.02750000 
0.02741100 
0.02731800 
0.02751900 
0.02758700 
0.02759600 
0.02761000 
0.02760500 
0.02752400 
0.02760000 
0.02780000 
0.02807500 
0.02800000 
0.02799600 
0.02798800 
0.02792900 
0.02805500 
0.02812600 
0.02814100 
0.02805900 
0.02808100 
0.02796000 
0.02817200 
0.02788200 
0.02788200 
0.02795700 
0.02827700 
0.02834900 
0.02834900 
0.02844000 
0.02844300 
0.02848600 
0.02858800 
0.02862300 
0.02866100 
0.02860200 
0.02865300 
0.02842500 
0.02833700 
0.02835500 
0.02833100 
0.02832500 
0.02839100 
0.02823500 
0.02813000 
0.02813100 
0.02815200 
0.02800000 
0.02824700 
0.02832100 
0.02837600 
0.02796500 
0.02812600 
0.02805700 
0.02805300 
0.02807900 
0.02815400 
0.02821700 
0.02835300 
0.02831000 
0.02817200 
0.02816200 
0.02818000 
0.02780200 
0.02784100 
0.02804700 
0.02824500 
0.02835000 
0.02830000 
0.02869000 
0.02874400 
0.02890600 
0.02915900 
0.02919500 
0.02923900 
0.02910000 
0.02863600 
0.02879500 
0.02877200 
0.02915500 
0.02925100 
0.02834800 
0.02808100 
0.02810800 
0.02800000 
0.02730200 
0.02778700 
0.02792400 
0.02787700 
0.02786900 
0.02771500 
0.02837600 
0.02824900 
0.02745000 
0.02738900 
0.02740000 
0.02749000 
0.02752800 
0.02760300 
0.02750100 
0.02739100 
0.02737200 
0.02699900 
0.02764300 
0.02769500 
0.02768400 
0.02767000 
0.02776000 
0.02773000 
0.02783000 
0.02789100 
0.02760900 
0.02773600 
0.02797400 
0.02810000 
0.02839500 
0.02839900 
0.02835800 
0.02838300 
0.02835400 
0.02826600 
0.02802000 
0.02795700 
0.02800000 
0.02800000 
0.02794900 
0.02782500 
0.02795700 
0.02783700 
0.02788500 
0.02781500 
0.02781300 
0.02785000 
0.02779900 
0.02779900 
0.02754400 
0.02757400 
0.02758000 
0.02748900 
0.02763900 
0.02764000 
0.02711500 
0.02710300 
0.02723900 
0.02709900 
0.02694500 
0.02715500 
0.02688700 
0.02677500 
0.02670700 
0.02676700 
0.02675000 
0.02671500 
0.02680000 
0.02684200 
0.02685500 
0.02700000 
0.02707500 
0.02709500 
0.02709700 
0.02722900 
0.02700000 
0.02711100 
0.02745100 
0.02749900 
0.02738400 
0.02736100 
0.02750100 
0.02754200 
0.02739400 
0.02746900 
0.02775200 
0.02798200 
0.02809800 
0.02805200 
0.02810000 
0.02818300 
0.02805600 
0.02815300 
0.02818800 
0.02800000 
0.02800000 
0.02819800 
0.02850100 
0.02844100 
0.02800000 
0.02794400 
0.02750000 
0.02745000 
0.02737000 
0.02744700 
0.02742000 
0.02735000 
0.02735000 
0.02717000 
0.02732000 
0.02730500 
0.02744900 
0.02735200 
0.02734800 
0.02731900 
0.02714800 
0.02733400 
0.02735000 
0.02725000 
0.02720000 
0.02712400 
0.02727800 
0.02734600 
0.02730700 
0.02725900 
0.02725400 
0.02714900 
0.02714900 
0.02715000 
0.02715300 
0.02721500 
0.02721800 
0.02720000 
0.02719000 
0.02710100 
0.02710000 
0.02704800 
0.02700000 
0.02697000 
0.02692300 
0.02689900 
0.02690700 
0.02673600 
0.02685600 
0.02685000 
0.02683600 
0.02681100 
0.02684400 
0.02684400 
0.02681800 
0.02660100 
0.02689200 
0.02690600 
0.02678700 
0.02672800 
0.02664700 
0.02671600 
0.02665000 
0.02665000 
0.02663100 
0.02687100 
0.02706100 
0.02699300 
0.02697400 
0.02697500 
0.02699000 
0.02720900 
0.02736700 
0.02738600 
0.02746700 
0.02750400 
0.02728100 
0.02736400 
0.02755400 
0.02768500 
0.02761600 
0.02769800 
0.02766600 
0.02741100 
0.02764500 
0.02750500 
0.02675200 
0.02669900 
0.02676800 
0.02664200 
0.02674700 
0.02698300 
0.02680500 
0.02666700 
0.02682200 
0.02669800 
0.02680000 
0.02701100 
0.02705600 
0.02705200 
0.02710200 
0.02723600 
0.02730000 
0.02730000 
0.02730000 
0.02736000 
0.02736900 
0.02736000 
0.02736000 
0.02741100 
0.02736000 
0.02736700 
0.02749600 
0.02755200 
0.02758400 
0.02757100 
0.02755900 
0.02769400 
0.02763900 
0.02763700 
0.02741600 
0.02740500 
0.02739300 
0.02751500 
0.02753800 
0.02776600 
0.02790000 
0.02765500 
0.02728200 
0.02718700 
0.02719500 
0.02728000 
0.02709900 
0.02701200 
0.02709900 
0.02701400 
0.02710000 
0.02742500 
0.02766300 
0.02776800 
0.02770000 
0.02769900 
0.02775800 
0.02800900 
0.02750000 
0.02798900 
0.02780100 
0.02779100 
0.02717800 
0.02705400 
0.02706900 
0.02734200 
0.02737700 
0.02750700 
0.02764900 
0.02748400 
0.02825100 
0.02810900 
0.02807900 
0.02841300 
0.02879100 
0.02847200 
0.02889900 
0.02889000 
0.02865100 
0.02900000 
0.02908700 
0.02904800 
0.02928200 
0.02951000 
0.02960800 
0.02954800 
0.02986600 
0.02975000 
0.02998300 
0.02998200 
0.02998200 
0.03003200 
0.03027900 
0.03035300 
0.03030200 
0.03030200 
0.03036900 
0.03048200 
0.03049800 
0.03046900 
0.03048200 
0.03048400 
0.03058600 
0.03058600 
0.03026100 
0.03058700 
0.03041500 
0.03059900 
0.03050300 
0.03062800 
0.03058200 
0.03064200 
0.03041000 
0.03046400 
0.03044800 
0.03073000 
0.03079900 
0.03069900 
0.03069400 
0.03081400 
0.03081200 
0.03063900 
0.03069900 
0.03074800 
0.03066500 
0.03078700 
0.03071500 
0.03063600 
0.03059300 
0.03039000 
0.03025000 
0.03020700 
0.03017100 
0.03034700 
0.03019200 
0.03020300 
0.03029900 
0.03056000 
0.03079200 
0.03100000 
0.03099900 
0.03097900 
0.03137900 
0.03155000 
0.03142000 
0.03129000 
0.03117900 
0.03098100 
0.03089600 
0.03089400 
0.03068200 
0.03065700 
0.03084800 
0.03089500 
0.03050000 
0.03060500 
0.03084900 
0.03065500 
0.03093200 
0.03088200 
0.03098000 
