2002.00000000 
1960.00000000 
2882.00000000 
2913.00000000 
238.00000000 
3661.00000000 
1705.00000000 
46.00000000 
78.00000000 
492.00000000 
3883.00000000 
1397.00000000 
1233.00000000 
6221.00000000 
1381.00000000 
1946.00000000 
3669.00000000 
1405.00000000 
6063.00000000 
1383.00000000 
52.00000000 
4897.00000000 
1453.00000000 
3172.00000000 
635.00000000 
4696.00000000 
946.00000000 
2533.00000000 
6818.00000000 
9532.00000000 
10671.00000000 
3407.00000000 
2716.00000000 
2124.00000000 
3470.00000000 
10443.00000000 
29104.00000000 
63925.00000000 
13898.00000000 
96720.00000000 
22161.00000000 
2947.00000000 
13345.00000000 
220.00000000 
558.00000000 
63223.00000000 
1876.00000000 
686.00000000 
23584.00000000 
1152.00000000 
9903.00000000 
23567.00000000 
4492.00000000 
1535.00000000 
31.00000000 
0.00000000 
2272.00000000 
1873.00000000 
1000.00000000 
3352.00000000 
1912.00000000 
263.00000000 
2962.00000000 
5000.00000000 
507.00000000 
0.00000000 
1343.00000000 
4259.00000000 
12641.00000000 
261.00000000 
906.00000000 
455.00000000 
10127.00000000 
46.00000000 
2800.00000000 
599.00000000 
540.00000000 
2672.00000000 
628.00000000 
105859.00000000 
1565.00000000 
4410.00000000 
3642.00000000 
5431.00000000 
459.00000000 
0.00000000 
1250.00000000 
410.00000000 
2669.00000000 
271.00000000 
3364.00000000 
296.00000000 
5469.00000000 
1968.00000000 
273.00000000 
920.00000000 
100.00000000 
393.00000000 
4447.00000000 
136.00000000 
1471.00000000 
1702.00000000 
730.00000000 
1441.00000000 
4463.00000000 
47391.00000000 
24653.00000000 
1138.00000000 
2466.00000000 
3556.00000000 
681.00000000 
3592.00000000 
2362.00000000 
13621.00000000 
3655.00000000 
14972.00000000 
21574.00000000 
16843.00000000 
20211.00000000 
2623.00000000 
2232.00000000 
5763.00000000 
8660.00000000 
3217.00000000 
4354.00000000 
14401.00000000 
36691.00000000 
6030.00000000 
750.00000000 
3922.00000000 
9856.00000000 
2802.00000000 
3232.00000000 
7255.00000000 
1277.00000000 
3087.00000000 
12526.00000000 
2074.00000000 
9765.00000000 
10860.00000000 
11789.00000000 
1088.00000000 
3875.00000000 
10471.00000000 
1690.00000000 
8798.00000000 
1120.00000000 
254.00000000 
1226.00000000 
2875.00000000 
1017.00000000 
955.00000000 
0.00000000 
2600.00000000 
3732.00000000 
1234.00000000 
6237.00000000 
284.00000000 
541.00000000 
1447.00000000 
100.00000000 
0.00000000 
317.00000000 
2084.00000000 
6480.00000000 
0.00000000 
7728.00000000 
3319.00000000 
17753.00000000 
9965.00000000 
180.00000000 
773.00000000 
200.00000000 
2115.00000000 
856.00000000 
1307.00000000 
58.00000000 
3894.00000000 
539.00000000 
328.00000000 
1648.00000000 
4870.00000000 
1884.00000000 
22256.00000000 
0.00000000 
63.00000000 
2062.00000000 
100.00000000 
7391.00000000 
6107.00000000 
15852.00000000 
0.00000000 
0.00000000 
45.00000000 
0.00000000 
0.00000000 
0.00000000 
468.00000000 
0.00000000 
184.00000000 
2613.00000000 
1774.00000000 
60.00000000 
1571.00000000 
0.00000000 
289.00000000 
9146.00000000 
0.00000000 
1856.00000000 
2177.00000000 
3366.00000000 
372.00000000 
2094.00000000 
3959.00000000 
1810.00000000 
877.00000000 
646.00000000 
2674.00000000 
1833.00000000 
3247.00000000 
774.00000000 
0.00000000 
587.00000000 
1460.00000000 
1784.00000000 
1949.00000000 
1504.00000000 
365.00000000 
989.00000000 
8044.00000000 
1054.00000000 
4737.00000000 
3101.00000000 
619.00000000 
834.00000000 
3775.00000000 
4595.00000000 
10128.00000000 
288.00000000 
16288.00000000 
7276.00000000 
1128.00000000 
1347.00000000 
1432.00000000 
5595.00000000 
830.00000000 
174.00000000 
766.00000000 
3235.00000000 
141.00000000 
2720.00000000 
0.00000000 
109.00000000 
4888.00000000 
1104.00000000 
1339.00000000 
1186.00000000 
2.00000000 
277.00000000 
1547.00000000 
1415.00000000 
0.00000000 
3268.00000000 
2674.00000000 
110.00000000 
15.00000000 
693.00000000 
976.00000000 
1104.00000000 
0.00000000 
0.00000000 
40.00000000 
0.00000000 
0.00000000 
0.00000000 
489.00000000 
1064.00000000 
0.00000000 
1163.00000000 
13274.00000000 
1376.00000000 
1192.00000000 
885.00000000 
276.00000000 
1047.00000000 
124.00000000 
39.00000000 
1565.00000000 
7246.00000000 
2128.00000000 
33.00000000 
35579.00000000 
8074.00000000 
2427.00000000 
2410.00000000 
541.00000000 
2126.00000000 
0.00000000 
731.00000000 
11052.00000000 
15954.00000000 
7256.00000000 
298.00000000 
878.00000000 
1473.00000000 
378.00000000 
726.00000000 
1240.00000000 
126.00000000 
1944.00000000 
500.00000000 
6511.00000000 
580.00000000 
4111.00000000 
1522.00000000 
15109.00000000 
8092.00000000 
23669.00000000 
0.00000000 
5346.00000000 
906.00000000 
4253.00000000 
32782.00000000 
2238.00000000 
2246.00000000 
4188.00000000 
5982.00000000 
2336.00000000 
2662.00000000 
3079.00000000 
1667.00000000 
6202.00000000 
8941.00000000 
7367.00000000 
99.00000000 
1014.00000000 
97.00000000 
3455.00000000 
436.00000000 
1.00000000 
165.00000000 
3326.00000000 
25274.00000000 
100.00000000 
200.00000000 
1329.00000000 
683.00000000 
697.00000000 
3108.00000000 
0.00000000 
163.00000000 
9112.00000000 
33.00000000 
305.00000000 
477.00000000 
0.00000000 
1098.00000000 
6590.00000000 
4852.00000000 
41516.00000000 
11515.00000000 
93542.00000000 
0.00000000 
231.00000000 
55.00000000 
1256.00000000 
2662.00000000 
5589.00000000 
194.00000000 
2069.00000000 
50.00000000 
435.00000000 
441.00000000 
139.00000000 
429.00000000 
0.00000000 
0.00000000 
1.00000000 
0.00000000 
3728.00000000 
2955.00000000 
1233.00000000 
285.00000000 
0.00000000 
590.00000000 
0.00000000 
414.00000000 
55.00000000 
0.00000000 
0.00000000 
55.00000000 
1367.00000000 
4959.00000000 
79.00000000 
575.00000000 
108.00000000 
0.00000000 
3831.00000000 
88.00000000 
3662.00000000 
801.00000000 
133.00000000 
2886.00000000 
928.00000000 
1205.00000000 
3844.00000000 
663.00000000 
0.00000000 
866.00000000 
777.00000000 
45579.00000000 
274.00000000 
2005.00000000 
2278.00000000 
215.00000000 
0.00000000 
0.00000000 
0.00000000 
2640.00000000 
295.00000000 
0.00000000 
130.00000000 
1258.00000000 
0.00000000 
278.00000000 
1.00000000 
1826.00000000 
25227.00000000 
0.00000000 
0.00000000 
0.00000000 
611.00000000 
3389.00000000 
569.00000000 
42.00000000 
0.00000000 
0.00000000 
0.00000000 
0.00000000 
0.00000000 
0.00000000 
332.00000000 
224.00000000 
1472.00000000 
538.00000000 
0.00000000 
626.00000000 
811.00000000 
651.00000000 
2740.00000000 
3288.00000000 
2306.00000000 
5215.00000000 
1484.00000000 
658.00000000 
769.00000000 
781.00000000 
3503.00000000 
76.00000000 
233.00000000 
721.00000000 
0.00000000 
4297.00000000 
1424.00000000 
2422.00000000 
782.00000000 
2744.00000000 
8716.00000000 
30.00000000 
852.00000000 
97.00000000 
846.00000000 
1328.00000000 
366.00000000 
50.00000000 
2572.00000000 
1943.00000000 
1761.00000000 
370.00000000 
1706.00000000 
2002.00000000 
1960.00000000 
2882.00000000 
2913.00000000 
238.00000000 
3661.00000000 
1705.00000000 
46.00000000 
78.00000000 
492.00000000 
3883.00000000 
1397.00000000 
1233.00000000 
6221.00000000 
1381.00000000 
1946.00000000 
3669.00000000 
1405.00000000 
6063.00000000 
1383.00000000 
52.00000000 
4897.00000000 
1453.00000000 
3172.00000000 
635.00000000 
4696.00000000 
946.00000000 
2533.00000000 
6818.00000000 
9532.00000000 
10671.00000000 
3407.00000000 
2716.00000000 
2124.00000000 
3470.00000000 
10443.00000000 
29104.00000000 
63925.00000000 
13898.00000000 
96720.00000000 
22161.00000000 
2947.00000000 
13345.00000000 
220.00000000 
558.00000000 
63223.00000000 
1876.00000000 
686.00000000 
23584.00000000 
1152.00000000 
9903.00000000 
23567.00000000 
4492.00000000 
1535.00000000 
31.00000000 
0.00000000 
2272.00000000 
1873.00000000 
1000.00000000 
3352.00000000 
1912.00000000 
263.00000000 
2962.00000000 
5000.00000000 
507.00000000 
0.00000000 
1343.00000000 
4259.00000000 
12641.00000000 
261.00000000 
906.00000000 
455.00000000 
10127.00000000 
46.00000000 
2800.00000000 
599.00000000 
540.00000000 
2672.00000000 
628.00000000 
105859.00000000 
1565.00000000 
4410.00000000 
3642.00000000 
5431.00000000 
459.00000000 
0.00000000 
1250.00000000 
410.00000000 
2669.00000000 
271.00000000 
3364.00000000 
296.00000000 
5469.00000000 
1968.00000000 
273.00000000 
920.00000000 
100.00000000 
393.00000000 
4447.00000000 
136.00000000 
1471.00000000 
1702.00000000 
730.00000000 
1441.00000000 
4463.00000000 
47391.00000000 
24653.00000000 
1138.00000000 
2466.00000000 
3556.00000000 
681.00000000 
3592.00000000 
2362.00000000 
13621.00000000 
3655.00000000 
14972.00000000 
21574.00000000 
16843.00000000 
20211.00000000 
2623.00000000 
2232.00000000 
5763.00000000 
8660.00000000 
3217.00000000 
4354.00000000 
14401.00000000 
36691.00000000 
6030.00000000 
750.00000000 
3922.00000000 
9856.00000000 
2802.00000000 
3232.00000000 
7255.00000000 
1277.00000000 
3087.00000000 
12526.00000000 
2074.00000000 
9765.00000000 
10860.00000000 
11789.00000000 
1088.00000000 
3875.00000000 
10471.00000000 
1690.00000000 
8798.00000000 
1120.00000000 
254.00000000 
1226.00000000 
2875.00000000 
1017.00000000 
955.00000000 
0.00000000 
2600.00000000 
3732.00000000 
1234.00000000 
6237.00000000 
284.00000000 
541.00000000 
1447.00000000 
100.00000000 
0.00000000 
317.00000000 
2084.00000000 
6480.00000000 
0.00000000 
7728.00000000 
3319.00000000 
17753.00000000 
9965.00000000 
180.00000000 
773.00000000 
200.00000000 
2115.00000000 
856.00000000 
1307.00000000 
58.00000000 
3894.00000000 
539.00000000 
328.00000000 
1648.00000000 
4870.00000000 
1884.00000000 
22256.00000000 
0.00000000 
63.00000000 
2062.00000000 
100.00000000 
7391.00000000 
6107.00000000 
15852.00000000 
0.00000000 
0.00000000 
45.00000000 
0.00000000 
0.00000000 
0.00000000 
468.00000000 
0.00000000 
184.00000000 
2613.00000000 
1774.00000000 
60.00000000 
1571.00000000 
0.00000000 
289.00000000 
9146.00000000 
0.00000000 
1856.00000000 
2177.00000000 
3366.00000000 
372.00000000 
2094.00000000 
3959.00000000 
1810.00000000 
877.00000000 
646.00000000 
2674.00000000 
1833.00000000 
3247.00000000 
774.00000000 
0.00000000 
587.00000000 
1460.00000000 
1784.00000000 
1949.00000000 
1504.00000000 
365.00000000 
989.00000000 
8044.00000000 
1054.00000000 
4737.00000000 
3101.00000000 
619.00000000 
834.00000000 
3775.00000000 
4595.00000000 
10128.00000000 
288.00000000 
16288.00000000 
7276.00000000 
1128.00000000 
1347.00000000 
1432.00000000 
5595.00000000 
830.00000000 
174.00000000 
766.00000000 
3235.00000000 
141.00000000 
2720.00000000 
0.00000000 
109.00000000 
4888.00000000 
1104.00000000 
1339.00000000 
1186.00000000 
2.00000000 
277.00000000 
1547.00000000 
1415.00000000 
0.00000000 
3268.00000000 
2674.00000000 
110.00000000 
15.00000000 
693.00000000 
976.00000000 
1104.00000000 
0.00000000 
0.00000000 
40.00000000 
0.00000000 
0.00000000 
0.00000000 
489.00000000 
1064.00000000 
0.00000000 
1163.00000000 
13274.00000000 
1376.00000000 
1192.00000000 
885.00000000 
276.00000000 
1047.00000000 
124.00000000 
39.00000000 
1565.00000000 
7246.00000000 
2128.00000000 
33.00000000 
35579.00000000 
8074.00000000 
2427.00000000 
2410.00000000 
541.00000000 
2126.00000000 
0.00000000 
731.00000000 
11052.00000000 
15954.00000000 
7256.00000000 
298.00000000 
878.00000000 
1473.00000000 
378.00000000 
726.00000000 
1240.00000000 
126.00000000 
1944.00000000 
500.00000000 
6511.00000000 
580.00000000 
4111.00000000 
1522.00000000 
15109.00000000 
8092.00000000 
23669.00000000 
0.00000000 
5346.00000000 
906.00000000 
4253.00000000 
32782.00000000 
2238.00000000 
2246.00000000 
4188.00000000 
5982.00000000 
2336.00000000 
2662.00000000 
3079.00000000 
1667.00000000 
6202.00000000 
8941.00000000 
7367.00000000 
99.00000000 
1014.00000000 
97.00000000 
3455.00000000 
436.00000000 
1.00000000 
165.00000000 
3326.00000000 
25274.00000000 
100.00000000 
200.00000000 
1329.00000000 
683.00000000 
697.00000000 
3108.00000000 
0.00000000 
163.00000000 
9112.00000000 
33.00000000 
305.00000000 
477.00000000 
0.00000000 
1098.00000000 
6590.00000000 
4852.00000000 
41516.00000000 
11515.00000000 
93542.00000000 
0.00000000 
231.00000000 
55.00000000 
1256.00000000 
2662.00000000 
5589.00000000 
194.00000000 
2069.00000000 
50.00000000 
435.00000000 
441.00000000 
139.00000000 
429.00000000 
0.00000000 
0.00000000 
1.00000000 
0.00000000 
3728.00000000 
2955.00000000 
1233.00000000 
285.00000000 
0.00000000 
590.00000000 
0.00000000 
414.00000000 
55.00000000 
0.00000000 
0.00000000 
55.00000000 
1367.00000000 
4959.00000000 
79.00000000 
575.00000000 
108.00000000 
0.00000000 
3831.00000000 
88.00000000 
3662.00000000 
801.00000000 
133.00000000 
2886.00000000 
928.00000000 
1205.00000000 
3844.00000000 
663.00000000 
0.00000000 
866.00000000 
777.00000000 
45579.00000000 
274.00000000 
2005.00000000 
2278.00000000 
215.00000000 
0.00000000 
0.00000000 
0.00000000 
2640.00000000 
295.00000000 
0.00000000 
130.00000000 
1258.00000000 
0.00000000 
278.00000000 
1.00000000 
1826.00000000 
25227.00000000 
0.00000000 
0.00000000 
0.00000000 
611.00000000 
3389.00000000 
569.00000000 
42.00000000 
0.00000000 
0.00000000 
0.00000000 
0.00000000 
0.00000000 
0.00000000 
332.00000000 
224.00000000 
1472.00000000 
538.00000000 
0.00000000 
626.00000000 
811.00000000 
651.00000000 
2740.00000000 
3288.00000000 
2306.00000000 
5215.00000000 
1484.00000000 
658.00000000 
769.00000000 
781.00000000 
3503.00000000 
76.00000000 
233.00000000 
721.00000000 
0.00000000 
4297.00000000 
1424.00000000 
2422.00000000 
782.00000000 
2744.00000000 
8716.00000000 
30.00000000 
852.00000000 
97.00000000 
846.00000000 
1328.00000000 
366.00000000 
50.00000000 
2572.00000000 
1943.00000000 
1761.00000000 
370.00000000 
1706.00000000 
2002.00000000 
1960.00000000 
2882.00000000 
2913.00000000 
238.00000000 
3661.00000000 
1705.00000000 
46.00000000 
78.00000000 
492.00000000 
3883.00000000 
1397.00000000 
1233.00000000 
6221.00000000 
1381.00000000 
1946.00000000 
3669.00000000 
1405.00000000 
6063.00000000 
1383.00000000 
52.00000000 
4897.00000000 
1453.00000000 
3172.00000000 
635.00000000 
4696.00000000 
946.00000000 
2533.00000000 
6818.00000000 
9532.00000000 
10671.00000000 
3407.00000000 
2716.00000000 
2124.00000000 
3470.00000000 
10443.00000000 
29104.00000000 
63925.00000000 
13898.00000000 
96720.00000000 
22161.00000000 
2947.00000000 
13345.00000000 
220.00000000 
558.00000000 
63223.00000000 
1876.00000000 
686.00000000 
23584.00000000 
1152.00000000 
9903.00000000 
23567.00000000 
4492.00000000 
1535.00000000 
31.00000000 
0.00000000 
2272.00000000 
1873.00000000 
1000.00000000 
3352.00000000 
1912.00000000 
263.00000000 
2962.00000000 
5000.00000000 
507.00000000 
0.00000000 
1343.00000000 
4259.00000000 
12641.00000000 
261.00000000 
906.00000000 
455.00000000 
10127.00000000 
46.00000000 
2800.00000000 
599.00000000 
540.00000000 
2672.00000000 
628.00000000 
105859.00000000 
1565.00000000 
4410.00000000 
3642.00000000 
5431.00000000 
459.00000000 
0.00000000 
1250.00000000 
410.00000000 
2669.00000000 
271.00000000 
3364.00000000 
296.00000000 
5469.00000000 
1968.00000000 
273.00000000 
920.00000000 
100.00000000 
393.00000000 
4447.00000000 
136.00000000 
1471.00000000 
1702.00000000 
730.00000000 
1441.00000000 
4463.00000000 
47391.00000000 
24653.00000000 
1138.00000000 
2466.00000000 
3556.00000000 
681.00000000 
3592.00000000 
2362.00000000 
13621.00000000 
3655.00000000 
14972.00000000 
21574.00000000 
16843.00000000 
20211.00000000 
2623.00000000 
2232.00000000 
5763.00000000 
8660.00000000 
3217.00000000 
4354.00000000 
14401.00000000 
36691.00000000 
6030.00000000 
750.00000000 
3922.00000000 
9856.00000000 
2802.00000000 
3232.00000000 
7255.00000000 
1277.00000000 
3087.00000000 
12526.00000000 
2074.00000000 
9765.00000000 
10860.00000000 
11789.00000000 
1088.00000000 
3875.00000000 
10471.00000000 
1690.00000000 
8798.00000000 
1120.00000000 
254.00000000 
1226.00000000 
2875.00000000 
1017.00000000 
955.00000000 
0.00000000 
2600.00000000 
3732.00000000 
1234.00000000 
6237.00000000 
284.00000000 
541.00000000 
1447.00000000 
100.00000000 
0.00000000 
317.00000000 
2084.00000000 
6480.00000000 
0.00000000 
7728.00000000 
3319.00000000 
17753.00000000 
9965.00000000 
180.00000000 
773.00000000 
200.00000000 
2115.00000000 
856.00000000 
1307.00000000 
58.00000000 
3894.00000000 
539.00000000 
328.00000000 
1648.00000000 
4870.00000000 
1884.00000000 
22256.00000000 
0.00000000 
63.00000000 
2062.00000000 
100.00000000 
7391.00000000 
6107.00000000 
15852.00000000 
0.00000000 
0.00000000 
45.00000000 
0.00000000 
0.00000000 
0.00000000 
468.00000000 
0.00000000 
184.00000000 
2613.00000000 
1774.00000000 
60.00000000 
1571.00000000 
0.00000000 
289.00000000 
9146.00000000 
0.00000000 
1856.00000000 
2177.00000000 
3366.00000000 
372.00000000 
2094.00000000 
3959.00000000 
1810.00000000 
877.00000000 
646.00000000 
2674.00000000 
1833.00000000 
3247.00000000 
774.00000000 
0.00000000 
587.00000000 
1460.00000000 
1784.00000000 
1949.00000000 
1504.00000000 
365.00000000 
989.00000000 
8044.00000000 
1054.00000000 
4737.00000000 
3101.00000000 
619.00000000 
834.00000000 
3775.00000000 
4595.00000000 
10128.00000000 
288.00000000 
16288.00000000 
7276.00000000 
1128.00000000 
1347.00000000 
1432.00000000 
5595.00000000 
830.00000000 
174.00000000 
766.00000000 
3235.00000000 
141.00000000 
2720.00000000 
0.00000000 
109.00000000 
4888.00000000 
1104.00000000 
1339.00000000 
1186.00000000 
2.00000000 
277.00000000 
1547.00000000 
1415.00000000 
0.00000000 
3268.00000000 
2674.00000000 
110.00000000 
15.00000000 
693.00000000 
976.00000000 
1104.00000000 
0.00000000 
0.00000000 
40.00000000 
0.00000000 
0.00000000 
0.00000000 
489.00000000 
1064.00000000 
0.00000000 
1163.00000000 
13274.00000000 
1376.00000000 
1192.00000000 
885.00000000 
276.00000000 
1047.00000000 
124.00000000 
39.00000000 
1565.00000000 
7246.00000000 
2128.00000000 
33.00000000 
35579.00000000 
8074.00000000 
2427.00000000 
2410.00000000 
541.00000000 
2126.00000000 
0.00000000 
731.00000000 
11052.00000000 
15954.00000000 
7256.00000000 
298.00000000 
878.00000000 
1473.00000000 
378.00000000 
726.00000000 
1240.00000000 
126.00000000 
1944.00000000 
500.00000000 
6511.00000000 
580.00000000 
4111.00000000 
1522.00000000 
15109.00000000 
8092.00000000 
23669.00000000 
0.00000000 
5346.00000000 
906.00000000 
4253.00000000 
32782.00000000 
2238.00000000 
2246.00000000 
4188.00000000 
5982.00000000 
2336.00000000 
2662.00000000 
3079.00000000 
1667.00000000 
6202.00000000 
8941.00000000 
7367.00000000 
99.00000000 
1014.00000000 
97.00000000 
3455.00000000 
436.00000000 
1.00000000 
165.00000000 
3326.00000000 
25274.00000000 
100.00000000 
200.00000000 
1329.00000000 
683.00000000 
697.00000000 
3108.00000000 
0.00000000 
163.00000000 
9112.00000000 
33.00000000 
305.00000000 
477.00000000 
0.00000000 
1098.00000000 
6590.00000000 
4852.00000000 
41516.00000000 
11515.00000000 
93542.00000000 
0.00000000 
231.00000000 
55.00000000 
1256.00000000 
2662.00000000 
5589.00000000 
194.00000000 
2069.00000000 
50.00000000 
435.00000000 
441.00000000 
139.00000000 
429.00000000 
0.00000000 
0.00000000 
1.00000000 
0.00000000 
3728.00000000 
2955.00000000 
1233.00000000 
285.00000000 
0.00000000 
590.00000000 
0.00000000 
414.00000000 
55.00000000 
0.00000000 
0.00000000 
55.00000000 
1367.00000000 
4959.00000000 
79.00000000 
575.00000000 
108.00000000 
0.00000000 
3831.00000000 
88.00000000 
3662.00000000 
801.00000000 
133.00000000 
2886.00000000 
928.00000000 
1205.00000000 
3844.00000000 
663.00000000 
0.00000000 
866.00000000 
777.00000000 
45579.00000000 
274.00000000 
2005.00000000 
2278.00000000 
215.00000000 
0.00000000 
0.00000000 
0.00000000 
2640.00000000 
295.00000000 
0.00000000 
130.00000000 
1258.00000000 
0.00000000 
278.00000000 
1.00000000 
1826.00000000 
25227.00000000 
0.00000000 
0.00000000 
0.00000000 
611.00000000 
3389.00000000 
569.00000000 
42.00000000 
0.00000000 
0.00000000 
0.00000000 
0.00000000 
0.00000000 
0.00000000 
332.00000000 
224.00000000 
1472.00000000 
538.00000000 
0.00000000 
626.00000000 
811.00000000 
651.00000000 
2740.00000000 
3288.00000000 
2306.00000000 
5215.00000000 
1484.00000000 
658.00000000 
769.00000000 
781.00000000 
3503.00000000 
76.00000000 
233.00000000 
721.00000000 
0.00000000 
4297.00000000 
1424.00000000 
2422.00000000 
782.00000000 
2744.00000000 
8716.00000000 
30.00000000 
852.00000000 
97.00000000 
846.00000000 
1328.00000000 
366.00000000 
50.00000000 
2572.00000000 
1943.00000000 
1761.00000000 
370.00000000 
1706.00000000 
