12.76000000 
132.47000000 
39.58000000 
29.65000000 
581.07000000 
453.45000000 
790.59000000 
869.94000000 
93.71000000 
70.43000000 
7958.65000000 
973.07000000 
5826.72000000 
591.00000000 
1326.56000000 
1269.25000000 
396.08000000 
1855.07000000 
471.84000000 
582.15000000 
294.06000000 
2611.41000000 
4288.55000000 
784.06000000 
3596.80000000 
1854.79000000 
1210.17000000 
721.14000000 
2574.48000000 
354.32000000 
660.03000000 
1955.41000000 
1160.66000000 
6388.89000000 
553.21000000 
179.00000000 
53.42000000 
52.72000000 
68.01000000 
177.40000000 
1012.36000000 
2270.10000000 
411.72000000 
6.09000000 
134.78000000 
362.66000000 
350.42000000 
235.61000000 
319.80000000 
1483.49000000 
127.00000000 
798.81000000 
7.70000000 
148.00000000 
40.17000000 
110.80000000 
408.44000000 
0.00000000 
505.15000000 
294.76000000 
20.00000000 
25.00000000 
0.00000000 
22.82000000 
209.69000000 
40.68000000 
36.70000000 
31.13000000 
232.00000000 
82.45000000 
14.66000000 
111.38000000 
119.02000000 
307.22000000 
0.00000000 
5.42000000 
366.93000000 
0.00000000 
84.48000000 
128.37000000 
501.16000000 
95.84000000 
360.57000000 
538.59000000 
0.00000000 
279.29000000 
724.53000000 
313.68000000 
876.12000000 
60.88000000 
0.00000000 
108.60000000 
0.00000000 
91.45000000 
19.39000000 
0.00000000 
125.60000000 
98.70000000 
75.21000000 
1928.71000000 
1006.65000000 
328.92000000 
246.39000000 
143.51000000 
640.35000000 
577.94000000 
232.23000000 
7283.92000000 
848.18000000 
515.08000000 
535.19000000 
375.60000000 
209.24000000 
152.42000000 
111.36000000 
803.20000000 
1534.20000000 
1621.41000000 
108.94000000 
924.68000000 
116.68000000 
7824.61000000 
1943.05000000 
1818.83000000 
104.98000000 
496.44000000 
1425.93000000 
44.78000000 
3054.75000000 
416.36000000 
565.89000000 
4752.77000000 
39.08000000 
491.72000000 
338.73000000 
93.21000000 
247.35000000 
175.74000000 
1130.52000000 
580.18000000 
202.33000000 
57.75000000 
1618.72000000 
2388.07000000 
3039.51000000 
1239.73000000 
198.53000000 
433.49000000 
746.68000000 
330.54000000 
3047.74000000 
1165.85000000 
497.98000000 
208.76000000 
202.63000000 
414.65000000 
6465.53000000 
29.07000000 
0.00000000 
12.00000000 
634.90000000 
100.00000000 
483.48000000 
219.59000000 
1724.26000000 
368.33000000 
256.57000000 
1774.88000000 
1044.41000000 
331.80000000 
363.16000000 
422.56000000 
478.69000000 
917.13000000 
324.35000000 
578.83000000 
1971.03000000 
1789.89000000 
733.69000000 
788.71000000 
1021.19000000 
117.90000000 
87.82000000 
4406.13000000 
794.10000000 
5720.30000000 
12213.87000000 
0.00000000 
23.35000000 
0.00000000 
87.85000000 
14.00000000 
1591.80000000 
988.77000000 
44.30000000 
2.67000000 
28.48000000 
0.00000000 
318.81000000 
0.00000000 
1233.45000000 
0.00000000 
95.05000000 
29.75000000 
394.02000000 
174.85000000 
121.60000000 
349.12000000 
48.09000000 
0.00000000 
72.46000000 
0.00000000 
19.00000000 
2197.71000000 
59.00000000 
10.00000000 
151.43000000 
370.02000000 
864.75000000 
4892.37000000 
325.42000000 
88.25000000 
0.00000000 
152.69000000 
417.17000000 
281.06000000 
600.24000000 
613.80000000 
268.00000000 
469.84000000 
1453.39000000 
1790.46000000 
202.13000000 
2804.65000000 
2261.49000000 
384.68000000 
2672.18000000 
325.32000000 
1377.98000000 
911.84000000 
7633.52000000 
5354.35000000 
559.55000000 
1516.19000000 
220.12000000 
184.00000000 
1127.52000000 
211.89000000 
61.50000000 
37.00000000 
272.47000000 
126.27000000 
613.23000000 
57.71000000 
66.28000000 
74.99000000 
1636.63000000 
557.36000000 
787.18000000 
1264.19000000 
4309.85000000 
420.88000000 
136.09000000 
72.00000000 
153.22000000 
0.00000000 
933.20000000 
125.53000000 
48.44000000 
20.28000000 
41.95000000 
1026.78000000 
881.74000000 
87.25000000 
2132.31000000 
5825.70000000 
1581.85000000 
0.00000000 
135.08000000 
0.00000000 
440.09000000 
1885.69000000 
190.64000000 
113.55000000 
0.00000000 
525.56000000 
936.01000000 
596.47000000 
677.78000000 
3022.17000000 
2188.42000000 
1057.04000000 
311.51000000 
1023.49000000 
8.22000000 
30.00000000 
315.33000000 
388.33000000 
426.19000000 
533.50000000 
0.00000000 
449.68000000 
840.48000000 
1072.29000000 
3344.55000000 
832.91000000 
2204.78000000 
82.06000000 
884.26000000 
775.44000000 
531.80000000 
3756.25000000 
2853.35000000 
1509.52000000 
924.40000000 
1115.41000000 
279.12000000 
339.49000000 
876.31000000 
391.32000000 
234.04000000 
44.01000000 
189.48000000 
52.51000000 
1987.19000000 
1210.65000000 
332.96000000 
1961.67000000 
768.99000000 
948.32000000 
694.65000000 
1302.05000000 
254.16000000 
792.02000000 
4952.24000000 
19359.65000000 
263.52000000 
0.00000000 
1746.41000000 
724.90000000 
0.00000000 
0.00000000 
162.48000000 
55.00000000 
13.95000000 
193.04000000 
781.69000000 
0.00000000 
0.00000000 
15.00000000 
49.00000000 
36.43000000 
15.97000000 
0.00000000 
1143.00000000 
176.30000000 
133.63000000 
62.60000000 
899.95000000 
1952.97000000 
275.78000000 
1452.45000000 
434.60000000 
550.68000000 
504.98000000 
297.74000000 
0.00000000 
639.04000000 
350.00000000 
2.00000000 
32.74000000 
21.28000000 
94.24000000 
1595.21000000 
187.39000000 
198.93000000 
0.00000000 
63.17000000 
47.43000000 
44.44000000 
0.00000000 
15.25000000 
104.14000000 
2400.74000000 
0.00000000 
219.66000000 
94.05000000 
2353.17000000 
302.69000000 
0.00000000 
0.00000000 
275.32000000 
1098.18000000 
267.42000000 
152.09000000 
115.45000000 
0.00000000 
1682.12000000 
40.73000000 
4.09000000 
37.05000000 
117.83000000 
260.56000000 
0.00000000 
679.85000000 
94.06000000 
217.31000000 
131.45000000 
143.25000000 
0.00000000 
649.03000000 
56.74000000 
0.00000000 
0.00000000 
0.00000000 
1075.54000000 
0.00000000 
425.61000000 
946.40000000 
942.21000000 
830.95000000 
3663.08000000 
1910.29000000 
287.60000000 
574.02000000 
43.39000000 
0.00000000 
5.83000000 
175.67000000 
93.56000000 
200.00000000 
68.02000000 
806.98000000 
42.00000000 
0.00000000 
60.47000000 
13.34000000 
73.07000000 
1384.80000000 
0.00000000 
2.67000000 
289.80000000 
8.59000000 
96.00000000 
21.51000000 
4.93000000 
5.17000000 
198.06000000 
133.72000000 
0.00000000 
46.10000000 
236.00000000 
684.15000000 
45.20000000 
22.76000000 
1128.49000000 
50.19000000 
130.77000000 
236.57000000 
124.60000000 
87.64000000 
1546.60000000 
1024.00000000 
1516.57000000 
79.34000000 
0.01000000 
170.90000000 
10.00000000 
36.00000000 
44.36000000 
1.39000000 
0.00000000 
0.03000000 
49.36000000 
486.38000000 
111.99000000 
90.21000000 
53.93000000 
727.06000000 
574.80000000 
12.76000000 
132.47000000 
39.58000000 
29.65000000 
581.07000000 
453.45000000 
790.59000000 
869.94000000 
93.71000000 
70.43000000 
7958.65000000 
973.07000000 
5826.72000000 
591.00000000 
1326.56000000 
1269.25000000 
396.08000000 
1855.07000000 
471.84000000 
582.15000000 
294.06000000 
2611.41000000 
4288.55000000 
784.06000000 
3596.80000000 
1854.79000000 
1210.17000000 
721.14000000 
2574.48000000 
354.32000000 
660.03000000 
1955.41000000 
1160.66000000 
6388.89000000 
553.21000000 
179.00000000 
53.42000000 
52.72000000 
68.01000000 
177.40000000 
1012.36000000 
2270.10000000 
411.72000000 
6.09000000 
134.78000000 
362.66000000 
350.42000000 
235.61000000 
319.80000000 
1483.49000000 
127.00000000 
798.81000000 
7.70000000 
148.00000000 
40.17000000 
110.80000000 
408.44000000 
0.00000000 
505.15000000 
294.76000000 
20.00000000 
25.00000000 
0.00000000 
22.82000000 
209.69000000 
40.68000000 
36.70000000 
31.13000000 
232.00000000 
82.45000000 
14.66000000 
111.38000000 
119.02000000 
307.22000000 
0.00000000 
5.42000000 
366.93000000 
0.00000000 
84.48000000 
128.37000000 
501.16000000 
95.84000000 
360.57000000 
538.59000000 
0.00000000 
279.29000000 
724.53000000 
313.68000000 
876.12000000 
60.88000000 
0.00000000 
108.60000000 
0.00000000 
91.45000000 
19.39000000 
0.00000000 
125.60000000 
98.70000000 
75.21000000 
1928.71000000 
1006.65000000 
328.92000000 
246.39000000 
143.51000000 
640.35000000 
577.94000000 
232.23000000 
7283.92000000 
848.18000000 
515.08000000 
535.19000000 
375.60000000 
209.24000000 
152.42000000 
111.36000000 
803.20000000 
1534.20000000 
1621.41000000 
108.94000000 
924.68000000 
116.68000000 
7824.61000000 
1943.05000000 
1818.83000000 
104.98000000 
496.44000000 
1425.93000000 
44.78000000 
3054.75000000 
416.36000000 
565.89000000 
4752.77000000 
39.08000000 
491.72000000 
338.73000000 
93.21000000 
247.35000000 
175.74000000 
1130.52000000 
580.18000000 
202.33000000 
57.75000000 
1618.72000000 
2388.07000000 
3039.51000000 
1239.73000000 
198.53000000 
433.49000000 
746.68000000 
330.54000000 
3047.74000000 
1165.85000000 
497.98000000 
208.76000000 
202.63000000 
414.65000000 
6465.53000000 
29.07000000 
0.00000000 
12.00000000 
634.90000000 
100.00000000 
483.48000000 
219.59000000 
1724.26000000 
368.33000000 
256.57000000 
1774.88000000 
1044.41000000 
331.80000000 
363.16000000 
422.56000000 
478.69000000 
917.13000000 
324.35000000 
578.83000000 
1971.03000000 
1789.89000000 
733.69000000 
788.71000000 
1021.19000000 
117.90000000 
87.82000000 
4406.13000000 
794.10000000 
5720.30000000 
12213.87000000 
0.00000000 
23.35000000 
0.00000000 
87.85000000 
14.00000000 
1591.80000000 
988.77000000 
44.30000000 
2.67000000 
28.48000000 
0.00000000 
318.81000000 
0.00000000 
1233.45000000 
0.00000000 
95.05000000 
29.75000000 
394.02000000 
174.85000000 
121.60000000 
349.12000000 
48.09000000 
0.00000000 
72.46000000 
0.00000000 
19.00000000 
2197.71000000 
59.00000000 
10.00000000 
151.43000000 
370.02000000 
864.75000000 
4892.37000000 
325.42000000 
88.25000000 
0.00000000 
152.69000000 
417.17000000 
281.06000000 
600.24000000 
613.80000000 
268.00000000 
469.84000000 
1453.39000000 
1790.46000000 
202.13000000 
2804.65000000 
2261.49000000 
384.68000000 
2672.18000000 
325.32000000 
1377.98000000 
911.84000000 
7633.52000000 
5354.35000000 
559.55000000 
1516.19000000 
220.12000000 
184.00000000 
1127.52000000 
211.89000000 
61.50000000 
37.00000000 
272.47000000 
126.27000000 
613.23000000 
57.71000000 
66.28000000 
74.99000000 
1636.63000000 
557.36000000 
787.18000000 
1264.19000000 
4309.85000000 
420.88000000 
136.09000000 
72.00000000 
153.22000000 
0.00000000 
933.20000000 
125.53000000 
48.44000000 
20.28000000 
41.95000000 
1026.78000000 
881.74000000 
87.25000000 
2132.31000000 
5825.70000000 
1581.85000000 
0.00000000 
135.08000000 
0.00000000 
440.09000000 
1885.69000000 
190.64000000 
113.55000000 
0.00000000 
525.56000000 
936.01000000 
596.47000000 
677.78000000 
3022.17000000 
2188.42000000 
1057.04000000 
311.51000000 
1023.49000000 
8.22000000 
30.00000000 
315.33000000 
388.33000000 
426.19000000 
533.50000000 
0.00000000 
449.68000000 
840.48000000 
1072.29000000 
3344.55000000 
832.91000000 
2204.78000000 
82.06000000 
884.26000000 
775.44000000 
531.80000000 
3756.25000000 
2853.35000000 
1509.52000000 
924.40000000 
1115.41000000 
279.12000000 
339.49000000 
876.31000000 
391.32000000 
234.04000000 
44.01000000 
189.48000000 
52.51000000 
1987.19000000 
1210.65000000 
332.96000000 
1961.67000000 
768.99000000 
948.32000000 
694.65000000 
1302.05000000 
254.16000000 
792.02000000 
4952.24000000 
19359.65000000 
263.52000000 
0.00000000 
1746.41000000 
724.90000000 
0.00000000 
0.00000000 
162.48000000 
55.00000000 
13.95000000 
193.04000000 
781.69000000 
0.00000000 
0.00000000 
15.00000000 
49.00000000 
36.43000000 
15.97000000 
0.00000000 
1143.00000000 
176.30000000 
133.63000000 
62.60000000 
899.95000000 
1952.97000000 
275.78000000 
1452.45000000 
434.60000000 
550.68000000 
504.98000000 
297.74000000 
0.00000000 
639.04000000 
350.00000000 
2.00000000 
32.74000000 
21.28000000 
94.24000000 
1595.21000000 
187.39000000 
198.93000000 
0.00000000 
63.17000000 
47.43000000 
44.44000000 
0.00000000 
15.25000000 
104.14000000 
2400.74000000 
0.00000000 
219.66000000 
94.05000000 
2353.17000000 
302.69000000 
0.00000000 
0.00000000 
275.32000000 
1098.18000000 
267.42000000 
152.09000000 
115.45000000 
0.00000000 
1682.12000000 
40.73000000 
4.09000000 
37.05000000 
117.83000000 
260.56000000 
0.00000000 
679.85000000 
94.06000000 
217.31000000 
131.45000000 
143.25000000 
0.00000000 
649.03000000 
56.74000000 
0.00000000 
0.00000000 
0.00000000 
1075.54000000 
0.00000000 
425.61000000 
946.40000000 
942.21000000 
830.95000000 
3663.08000000 
1910.29000000 
287.60000000 
574.02000000 
43.39000000 
0.00000000 
5.83000000 
175.67000000 
93.56000000 
200.00000000 
68.02000000 
806.98000000 
42.00000000 
0.00000000 
60.47000000 
13.34000000 
73.07000000 
1384.80000000 
0.00000000 
2.67000000 
289.80000000 
8.59000000 
96.00000000 
21.51000000 
4.93000000 
5.17000000 
198.06000000 
133.72000000 
0.00000000 
46.10000000 
236.00000000 
684.15000000 
45.20000000 
22.76000000 
1128.49000000 
50.19000000 
130.77000000 
236.57000000 
124.60000000 
87.64000000 
1546.60000000 
1024.00000000 
1516.57000000 
79.34000000 
0.01000000 
170.90000000 
10.00000000 
36.00000000 
44.36000000 
1.39000000 
0.00000000 
0.03000000 
49.36000000 
486.38000000 
111.99000000 
90.21000000 
53.93000000 
727.06000000 
574.80000000 
349.47000000 
132.47000000 
39.58000000 
29.65000000 
581.07000000 
453.45000000 
790.59000000 
869.94000000 
93.71000000 
70.43000000 
7958.65000000 
973.07000000 
5826.72000000 
591.00000000 
1326.56000000 
1269.25000000 
396.08000000 
1855.07000000 
471.84000000 
582.15000000 
294.06000000 
2611.41000000 
4288.55000000 
784.06000000 
3596.80000000 
1854.79000000 
1210.17000000 
721.14000000 
2574.48000000 
354.32000000 
660.03000000 
1955.41000000 
1160.66000000 
6388.89000000 
553.21000000 
179.00000000 
53.42000000 
52.72000000 
68.01000000 
177.40000000 
1012.36000000 
2270.10000000 
411.72000000 
6.09000000 
134.78000000 
362.66000000 
350.42000000 
235.61000000 
319.80000000 
1483.49000000 
127.00000000 
798.81000000 
7.70000000 
148.00000000 
40.17000000 
110.80000000 
408.44000000 
0.00000000 
505.15000000 
294.76000000 
20.00000000 
25.00000000 
0.00000000 
22.82000000 
209.69000000 
40.68000000 
36.70000000 
31.13000000 
232.00000000 
82.45000000 
14.66000000 
111.38000000 
119.02000000 
307.22000000 
0.00000000 
5.42000000 
366.93000000 
0.00000000 
84.48000000 
128.37000000 
501.16000000 
95.84000000 
360.57000000 
538.59000000 
0.00000000 
279.29000000 
724.53000000 
313.68000000 
876.12000000 
60.88000000 
0.00000000 
108.60000000 
0.00000000 
91.45000000 
19.39000000 
0.00000000 
125.60000000 
98.70000000 
75.21000000 
1928.71000000 
1006.65000000 
328.92000000 
246.39000000 
143.51000000 
640.35000000 
577.94000000 
232.23000000 
7283.92000000 
848.18000000 
515.08000000 
535.19000000 
375.60000000 
209.24000000 
152.42000000 
111.36000000 
803.20000000 
1534.20000000 
1621.41000000 
108.94000000 
924.68000000 
116.68000000 
7824.61000000 
1943.05000000 
1818.83000000 
104.98000000 
496.44000000 
1425.93000000 
44.78000000 
3054.75000000 
416.36000000 
565.89000000 
4752.77000000 
39.08000000 
491.72000000 
338.73000000 
93.21000000 
247.35000000 
175.74000000 
1130.52000000 
580.18000000 
202.33000000 
57.75000000 
1618.72000000 
2388.07000000 
3039.51000000 
1239.73000000 
198.53000000 
433.49000000 
746.68000000 
330.54000000 
3047.74000000 
1165.85000000 
497.98000000 
208.76000000 
202.63000000 
414.65000000 
6465.53000000 
29.07000000 
0.00000000 
12.00000000 
634.90000000 
100.00000000 
483.48000000 
219.59000000 
1724.26000000 
368.33000000 
256.57000000 
1774.88000000 
1044.41000000 
331.80000000 
363.16000000 
422.56000000 
478.69000000 
917.13000000 
324.35000000 
578.83000000 
1971.03000000 
1789.89000000 
733.69000000 
788.71000000 
1021.19000000 
117.90000000 
87.82000000 
4406.13000000 
794.10000000 
5720.30000000 
12213.87000000 
0.00000000 
23.35000000 
0.00000000 
87.85000000 
14.00000000 
1591.80000000 
988.77000000 
44.30000000 
2.67000000 
28.48000000 
0.00000000 
318.81000000 
0.00000000 
1233.45000000 
0.00000000 
95.05000000 
29.75000000 
394.02000000 
174.85000000 
121.60000000 
349.12000000 
48.09000000 
0.00000000 
72.46000000 
0.00000000 
19.00000000 
2197.71000000 
59.00000000 
10.00000000 
151.43000000 
370.02000000 
864.75000000 
4892.37000000 
325.42000000 
88.25000000 
0.00000000 
152.69000000 
417.17000000 
281.06000000 
600.24000000 
613.80000000 
268.00000000 
469.84000000 
1453.39000000 
1790.46000000 
202.13000000 
2804.65000000 
2261.49000000 
384.68000000 
2672.18000000 
325.32000000 
1377.98000000 
911.84000000 
7633.52000000 
5354.35000000 
559.55000000 
1516.19000000 
220.12000000 
184.00000000 
1127.52000000 
211.89000000 
61.50000000 
37.00000000 
272.47000000 
126.27000000 
613.23000000 
57.71000000 
66.28000000 
74.99000000 
1636.63000000 
557.36000000 
787.18000000 
1264.19000000 
4309.85000000 
420.88000000 
136.09000000 
72.00000000 
153.22000000 
0.00000000 
933.20000000 
125.53000000 
48.44000000 
20.28000000 
41.95000000 
1026.78000000 
881.74000000 
87.25000000 
2132.31000000 
5825.70000000 
1581.85000000 
0.00000000 
135.08000000 
0.00000000 
440.09000000 
1885.69000000 
190.64000000 
113.55000000 
0.00000000 
525.56000000 
936.01000000 
596.47000000 
677.78000000 
3022.17000000 
2188.42000000 
1057.04000000 
311.51000000 
1023.49000000 
8.22000000 
30.00000000 
315.33000000 
388.33000000 
426.19000000 
533.50000000 
0.00000000 
449.68000000 
840.48000000 
1072.29000000 
3344.55000000 
832.91000000 
2204.78000000 
82.06000000 
884.26000000 
775.44000000 
531.80000000 
3756.25000000 
2853.35000000 
1509.52000000 
924.40000000 
1115.41000000 
279.12000000 
339.49000000 
876.31000000 
391.32000000 
234.04000000 
44.01000000 
189.48000000 
52.51000000 
1987.19000000 
1210.65000000 
332.96000000 
1961.67000000 
768.99000000 
948.32000000 
694.65000000 
1302.05000000 
254.16000000 
792.02000000 
4952.24000000 
19359.65000000 
263.52000000 
0.00000000 
1746.41000000 
724.90000000 
0.00000000 
0.00000000 
162.48000000 
55.00000000 
13.95000000 
193.04000000 
781.69000000 
0.00000000 
0.00000000 
15.00000000 
49.00000000 
36.43000000 
15.97000000 
0.00000000 
1143.00000000 
176.30000000 
133.63000000 
62.60000000 
899.95000000 
1952.97000000 
275.78000000 
1452.45000000 
434.60000000 
550.68000000 
504.98000000 
297.74000000 
0.00000000 
639.04000000 
350.00000000 
2.00000000 
32.74000000 
21.28000000 
94.24000000 
1595.21000000 
187.39000000 
198.93000000 
0.00000000 
63.17000000 
47.43000000 
44.44000000 
0.00000000 
15.25000000 
104.14000000 
2400.74000000 
0.00000000 
219.66000000 
94.05000000 
2353.17000000 
302.69000000 
0.00000000 
0.00000000 
275.32000000 
1098.18000000 
267.42000000 
152.09000000 
115.45000000 
0.00000000 
1682.12000000 
40.73000000 
4.09000000 
37.05000000 
117.83000000 
260.56000000 
0.00000000 
679.85000000 
94.06000000 
217.31000000 
131.45000000 
143.25000000 
0.00000000 
649.03000000 
56.74000000 
0.00000000 
0.00000000 
0.00000000 
1075.54000000 
0.00000000 
425.61000000 
946.40000000 
942.21000000 
830.95000000 
3663.08000000 
1910.29000000 
287.60000000 
574.02000000 
43.39000000 
0.00000000 
5.83000000 
175.67000000 
93.56000000 
200.00000000 
68.02000000 
806.98000000 
42.00000000 
0.00000000 
60.47000000 
13.34000000 
73.07000000 
1384.80000000 
0.00000000 
2.67000000 
289.80000000 
8.59000000 
96.00000000 
21.51000000 
4.93000000 
5.17000000 
198.06000000 
133.72000000 
0.00000000 
46.10000000 
236.00000000 
684.15000000 
45.20000000 
22.76000000 
1128.49000000 
50.19000000 
130.77000000 
236.57000000 
124.60000000 
87.64000000 
1546.60000000 
1024.00000000 
1516.57000000 
79.34000000 
0.01000000 
170.90000000 
10.00000000 
36.00000000 
44.36000000 
1.39000000 
0.00000000 
0.03000000 
49.36000000 
486.38000000 
111.99000000 
90.21000000 
53.93000000 
727.06000000 
574.80000000 
