0.00025170 
0.00025250 
0.00025230 
0.00025260 
0.00025020 
0.00025010 
0.00024970 
0.00025070 
0.00024960 
0.00024780 
0.00024860 
0.00024850 
0.00025040 
0.00025190 
0.00025480 
0.00025500 
0.00025170 
0.00025300 
0.00025550 
0.00025370 
0.00025310 
0.00025220 
0.00025300 
0.00025140 
0.00025110 
0.00025490 
0.00025580 
0.00025700 
0.00025420 
0.00025420 
0.00025210 
0.00025120 
0.00025230 
0.00025090 
0.00025000 
0.00024850 
0.00024860 
0.00025000 
0.00025000 
0.00024970 
0.00025040 
0.00025110 
0.00025110 
0.00025110 
0.00025310 
0.00025170 
0.00025220 
0.00025170 
0.00025150 
0.00025100 
0.00025100 
0.00025000 
0.00024850 
0.00024930 
0.00024890 
0.00024880 
0.00024840 
0.00024840 
0.00024710 
0.00024650 
0.00024630 
0.00024650 
0.00024630 
0.00024630 
0.00024700 
0.00024820 
0.00024790 
0.00024790 
0.00024780 
0.00024760 
0.00024780 
0.00024840 
0.00024760 
0.00024780 
0.00024770 
0.00024750 
0.00024750 
0.00024740 
0.00024950 
0.00024980 
0.00024790 
0.00024730 
0.00024750 
0.00024920 
0.00024920 
0.00024920 
0.00024920 
0.00024920 
0.00025110 
0.00024980 
0.00024980 
0.00024980 
0.00025130 
0.00025110 
0.00025110 
0.00024970 
0.00024980 
0.00025130 
0.00024970 
0.00024940 
0.00024950 
0.00025080 
0.00025180 
0.00025530 
0.00025360 
0.00025330 
0.00025330 
0.00025100 
0.00025150 
0.00024980 
0.00025020 
0.00024990 
0.00024990 
0.00025020 
0.00025000 
0.00025020 
0.00024980 
0.00024920 
0.00024920 
0.00024850 
0.00024880 
0.00024700 
0.00024500 
0.00024420 
0.00024320 
0.00024260 
0.00023910 
0.00024190 
0.00024060 
0.00024240 
0.00024040 
0.00024260 
0.00024170 
0.00024180 
0.00024180 
0.00024350 
0.00024380 
0.00024280 
0.00024420 
0.00024360 
0.00024290 
0.00024310 
0.00024280 
0.00024480 
0.00024340 
0.00024330 
0.00024230 
0.00024270 
0.00024400 
0.00024390 
0.00023920 
0.00023680 
0.00023350 
0.00023120 
0.00023190 
0.00023080 
0.00023300 
0.00023300 
0.00023140 
0.00023140 
0.00023300 
0.00023300 
0.00023320 
0.00023150 
0.00023260 
0.00023150 
0.00023160 
0.00023460 
0.00023100 
0.00023040 
0.00023040 
0.00022950 
0.00022840 
0.00023080 
0.00023190 
0.00022830 
0.00022810 
0.00022780 
0.00022910 
0.00022900 
0.00022750 
0.00022770 
0.00022770 
0.00022640 
0.00023150 
0.00023270 
0.00022630 
0.00022630 
0.00022630 
0.00022440 
0.00022470 
0.00022470 
0.00022430 
0.00022440 
0.00022570 
0.00022440 
0.00022420 
0.00022420 
0.00022470 
0.00022460 
0.00022710 
0.00022760 
0.00022730 
0.00022760 
0.00022670 
0.00022760 
0.00022740 
0.00022670 
0.00022510 
0.00022430 
0.00022430 
0.00022620 
0.00022420 
0.00022660 
0.00022410 
0.00022440 
0.00022440 
0.00022530 
0.00022640 
0.00022690 
0.00022660 
0.00022690 
0.00022640 
0.00022800 
0.00022690 
0.00022500 
0.00022430 
0.00022870 
0.00022810 
0.00023020 
0.00022800 
0.00022530 
0.00022640 
0.00022680 
0.00022390 
0.00022510 
0.00022430 
0.00022320 
0.00022060 
0.00021720 
0.00022060 
0.00022430 
0.00022220 
0.00022110 
0.00022100 
0.00022100 
0.00021660 
0.00021630 
0.00021530 
0.00021540 
0.00021460 
0.00021360 
0.00021380 
0.00021370 
0.00021360 
0.00021500 
0.00021400 
0.00021420 
0.00021460 
0.00021450 
0.00021400 
0.00021280 
0.00021430 
0.00021550 
0.00021440 
0.00021410 
0.00021270 
0.00021250 
0.00021200 
0.00021250 
0.00021180 
0.00021340 
0.00021390 
0.00021390 
0.00021280 
0.00021430 
0.00021720 
0.00021720 
0.00021710 
0.00021720 
0.00021500 
0.00021640 
0.00021800 
0.00021800 
0.00021820 
0.00021850 
0.00021590 
0.00021550 
0.00021540 
0.00021500 
0.00021570 
0.00021670 
0.00021800 
0.00021830 
0.00021860 
0.00021660 
0.00021870 
0.00021770 
0.00021800 
0.00021850 
0.00022140 
0.00021850 
0.00021830 
0.00021900 
0.00022010 
0.00022030 
0.00022230 
0.00022110 
0.00022120 
0.00022230 
0.00022340 
0.00022370 
0.00022370 
0.00022610 
0.00022620 
0.00022610 
0.00022540 
0.00022560 
0.00022760 
0.00022780 
0.00022760 
0.00022750 
0.00022570 
0.00022560 
0.00022710 
0.00022760 
0.00022860 
0.00022820 
0.00022890 
0.00022800 
0.00022710 
0.00022960 
0.00023170 
0.00023270 
0.00023330 
0.00023890 
0.00023770 
0.00023770 
0.00024010 
0.00024040 
0.00024020 
0.00024020 
0.00024180 
0.00024190 
0.00024060 
0.00024030 
0.00024010 
0.00023870 
0.00023870 
0.00023870 
0.00024010 
0.00024020 
0.00024030 
0.00023900 
0.00024040 
0.00024030 
0.00024030 
0.00023980 
0.00024000 
0.00024350 
0.00024400 
0.00024410 
0.00024410 
0.00024410 
0.00024570 
0.00024440 
0.00024640 
0.00024560 
0.00024580 
0.00024690 
0.00024500 
0.00024620 
0.00024720 
0.00024700 
0.00024670 
0.00024480 
0.00024680 
0.00024680 
0.00024550 
0.00024500 
0.00024710 
0.00024710 
0.00024710 
0.00024700 
0.00024720 
0.00024540 
0.00024570 
0.00024560 
0.00024440 
0.00024440 
0.00024440 
0.00024440 
0.00024470 
0.00024440 
0.00024410 
0.00024470 
0.00024460 
0.00024550 
0.00024550 
0.00024550 
0.00024510 
0.00024570 
0.00024590 
0.00024590 
0.00024600 
0.00024740 
0.00024630 
0.00024730 
0.00024850 
0.00024850 
0.00024830 
0.00024850 
0.00024850 
0.00024850 
0.00024850 
0.00024820 
0.00024850 
0.00024850 
0.00024750 
0.00025010 
0.00024870 
0.00024920 
0.00025270 
0.00025290 
0.00025310 
0.00025570 
0.00025580 
0.00025580 
0.00025350 
0.00025360 
0.00025500 
0.00025340 
0.00025330 
0.00025330 
0.00025290 
0.00025120 
0.00025120 
0.00025210 
0.00025450 
0.00025140 
0.00025140 
0.00025250 
0.00025250 
0.00025250 
0.00025250 
0.00025250 
0.00025250 
0.00025170 
0.00025250 
0.00025250 
0.00025260 
0.00025330 
0.00025350 
0.00025500 
0.00025500 
0.00025500 
0.00025490 
0.00025490 
0.00025300 
0.00025510 
0.00025660 
0.00025440 
0.00025420 
0.00025000 
0.00025140 
0.00025140 
0.00025140 
0.00025150 
0.00025140 
0.00024990 
0.00025040 
0.00024990 
0.00024990 
0.00025000 
0.00025040 
0.00025040 
0.00024930 
0.00024930 
0.00025210 
0.00025210 
0.00025170 
0.00025250 
0.00025230 
0.00025260 
0.00025020 
0.00025010 
0.00024970 
0.00025070 
0.00024960 
0.00024780 
0.00024860 
0.00024850 
0.00025040 
0.00025190 
0.00025480 
0.00025500 
0.00025170 
0.00025300 
0.00025550 
0.00025370 
0.00025310 
0.00025220 
0.00025300 
0.00025140 
0.00025110 
0.00025490 
0.00025580 
0.00025700 
0.00025420 
0.00025420 
0.00025210 
0.00025120 
0.00025230 
0.00025090 
0.00025000 
0.00024850 
0.00024860 
0.00025000 
0.00025000 
0.00024970 
0.00025040 
0.00025110 
0.00025110 
0.00025110 
0.00025310 
0.00025170 
0.00025220 
0.00025170 
0.00025150 
0.00025100 
0.00025100 
0.00025000 
0.00024850 
0.00024930 
0.00024890 
0.00024880 
0.00024840 
0.00024840 
0.00024710 
0.00024650 
0.00024630 
0.00024650 
0.00024630 
0.00024630 
0.00024700 
0.00024820 
0.00024790 
0.00024790 
0.00024780 
0.00024760 
0.00024780 
0.00024840 
0.00024760 
0.00024780 
0.00024770 
0.00024750 
0.00024750 
0.00024740 
0.00024950 
0.00024980 
0.00024790 
0.00024730 
0.00024750 
0.00024920 
0.00024920 
0.00024920 
0.00024920 
0.00024920 
0.00025110 
0.00024980 
0.00024980 
0.00024980 
0.00025130 
0.00025110 
0.00025110 
0.00024970 
0.00024980 
0.00025130 
0.00024970 
0.00024940 
0.00024950 
0.00025080 
0.00025180 
0.00025530 
0.00025360 
0.00025330 
0.00025330 
0.00025100 
0.00025150 
0.00024980 
0.00025020 
0.00024990 
0.00024990 
0.00025020 
0.00025000 
0.00025020 
0.00024980 
0.00024920 
0.00024920 
0.00024850 
0.00024880 
0.00024700 
0.00024500 
0.00024420 
0.00024320 
0.00024260 
0.00023910 
0.00024190 
0.00024060 
0.00024240 
0.00024040 
0.00024260 
0.00024170 
0.00024180 
0.00024180 
0.00024350 
0.00024380 
0.00024280 
0.00024420 
0.00024360 
0.00024290 
0.00024310 
0.00024280 
0.00024480 
0.00024340 
0.00024330 
0.00024230 
0.00024270 
0.00024400 
0.00024390 
0.00023920 
0.00023680 
0.00023350 
0.00023120 
0.00023190 
0.00023080 
0.00023300 
0.00023300 
0.00023140 
0.00023140 
0.00023300 
0.00023300 
0.00023320 
0.00023150 
0.00023260 
0.00023150 
0.00023160 
0.00023460 
0.00023100 
0.00023040 
0.00023040 
0.00022950 
0.00022840 
0.00023080 
0.00023190 
0.00022830 
0.00022810 
0.00022780 
0.00022910 
0.00022900 
0.00022750 
0.00022770 
0.00022770 
0.00022640 
0.00023150 
0.00023270 
0.00022630 
0.00022630 
0.00022630 
0.00022440 
0.00022470 
0.00022470 
0.00022430 
0.00022440 
0.00022570 
0.00022440 
0.00022420 
0.00022420 
0.00022470 
0.00022460 
0.00022710 
0.00022760 
0.00022730 
0.00022760 
0.00022670 
0.00022760 
0.00022740 
0.00022670 
0.00022510 
0.00022430 
0.00022430 
0.00022620 
0.00022420 
0.00022660 
0.00022410 
0.00022440 
0.00022440 
0.00022530 
0.00022640 
0.00022690 
0.00022660 
0.00022690 
0.00022640 
0.00022800 
0.00022690 
0.00022500 
0.00022430 
0.00022870 
0.00022810 
0.00023020 
0.00022800 
0.00022530 
0.00022640 
0.00022680 
0.00022390 
0.00022510 
0.00022430 
0.00022320 
0.00022060 
0.00021720 
0.00022060 
0.00022430 
0.00022220 
0.00022110 
0.00022100 
0.00022100 
0.00021660 
0.00021630 
0.00021530 
0.00021540 
0.00021460 
0.00021360 
0.00021380 
0.00021370 
0.00021360 
0.00021500 
0.00021400 
0.00021420 
0.00021460 
0.00021450 
0.00021400 
0.00021280 
0.00021430 
0.00021550 
0.00021440 
0.00021410 
0.00021270 
0.00021250 
0.00021200 
0.00021250 
0.00021180 
0.00021340 
0.00021390 
0.00021390 
0.00021280 
0.00021430 
0.00021720 
0.00021720 
0.00021710 
0.00021720 
0.00021500 
0.00021640 
0.00021800 
0.00021800 
0.00021820 
0.00021850 
0.00021590 
0.00021550 
0.00021540 
0.00021500 
0.00021570 
0.00021670 
0.00021800 
0.00021830 
0.00021860 
0.00021660 
0.00021870 
0.00021770 
0.00021800 
0.00021850 
0.00022140 
0.00021850 
0.00021830 
0.00021900 
0.00022010 
0.00022030 
0.00022230 
0.00022110 
0.00022120 
0.00022230 
0.00022340 
0.00022370 
0.00022370 
0.00022610 
0.00022620 
0.00022610 
0.00022540 
0.00022560 
0.00022760 
0.00022780 
0.00022760 
0.00022750 
0.00022570 
0.00022560 
0.00022710 
0.00022760 
0.00022860 
0.00022820 
0.00022890 
0.00022800 
0.00022710 
0.00022960 
0.00023170 
0.00023270 
0.00023330 
0.00023890 
0.00023770 
0.00023770 
0.00024010 
0.00024040 
0.00024020 
0.00024020 
0.00024180 
0.00024190 
0.00024060 
0.00024030 
0.00024010 
0.00023870 
0.00023870 
0.00023870 
0.00024010 
0.00024020 
0.00024030 
0.00023900 
0.00024040 
0.00024030 
0.00024030 
0.00023980 
0.00024000 
0.00024350 
0.00024400 
0.00024410 
0.00024410 
0.00024410 
0.00024570 
0.00024440 
0.00024640 
0.00024560 
0.00024580 
0.00024690 
0.00024500 
0.00024620 
0.00024720 
0.00024700 
0.00024670 
0.00024480 
0.00024680 
0.00024680 
0.00024550 
0.00024500 
0.00024710 
0.00024710 
0.00024710 
0.00024700 
0.00024720 
0.00024540 
0.00024570 
0.00024560 
0.00024440 
0.00024440 
0.00024440 
0.00024440 
0.00024470 
0.00024440 
0.00024410 
0.00024470 
0.00024460 
0.00024550 
0.00024550 
0.00024550 
0.00024510 
0.00024570 
0.00024590 
0.00024590 
0.00024600 
0.00024740 
0.00024630 
0.00024730 
0.00024850 
0.00024850 
0.00024830 
0.00024850 
0.00024850 
0.00024850 
0.00024850 
0.00024820 
0.00024850 
0.00024850 
0.00024750 
0.00025010 
0.00024870 
0.00024920 
0.00025270 
0.00025290 
0.00025310 
0.00025570 
0.00025580 
0.00025580 
0.00025350 
0.00025360 
0.00025500 
0.00025340 
0.00025330 
0.00025330 
0.00025290 
0.00025120 
0.00025120 
0.00025210 
0.00025450 
0.00025140 
0.00025140 
0.00025250 
0.00025250 
0.00025250 
0.00025250 
0.00025250 
0.00025250 
0.00025170 
0.00025250 
0.00025250 
0.00025260 
0.00025330 
0.00025350 
0.00025500 
0.00025500 
0.00025500 
0.00025490 
0.00025490 
0.00025300 
0.00025510 
0.00025660 
0.00025440 
0.00025420 
0.00025000 
0.00025140 
0.00025140 
0.00025140 
0.00025150 
0.00025140 
0.00024990 
0.00025040 
0.00024990 
0.00024990 
0.00025000 
0.00025040 
0.00025040 
0.00024930 
0.00024930 
0.00025210 
0.00025210 
0.00025170 
0.00025250 
0.00025230 
0.00025260 
0.00025020 
0.00025010 
0.00024970 
0.00025070 
0.00024960 
0.00024780 
0.00024860 
0.00024850 
0.00025040 
0.00025190 
0.00025480 
0.00025500 
0.00025170 
0.00025300 
0.00025550 
0.00025370 
0.00025310 
0.00025220 
0.00025300 
0.00025140 
0.00025110 
0.00025490 
0.00025580 
0.00025700 
0.00025420 
0.00025420 
0.00025210 
0.00025120 
0.00025230 
0.00025090 
0.00025000 
0.00024850 
0.00024860 
0.00025000 
0.00025000 
0.00024970 
0.00025040 
0.00025110 
0.00025110 
0.00025110 
0.00025310 
0.00025170 
0.00025220 
0.00025170 
0.00025150 
0.00025100 
0.00025100 
0.00025000 
0.00024850 
0.00024930 
0.00024890 
0.00024880 
0.00024840 
0.00024840 
0.00024710 
0.00024650 
0.00024630 
0.00024650 
0.00024630 
0.00024630 
0.00024700 
0.00024820 
0.00024790 
0.00024790 
0.00024780 
0.00024760 
0.00024780 
0.00024840 
0.00024760 
0.00024780 
0.00024770 
0.00024750 
0.00024750 
0.00024740 
0.00024950 
0.00024980 
0.00024790 
0.00024730 
0.00024750 
0.00024920 
0.00024920 
0.00024920 
0.00024920 
0.00024920 
0.00025110 
0.00024980 
0.00024980 
0.00024980 
0.00025130 
0.00025110 
0.00025110 
0.00024970 
0.00024980 
0.00025130 
0.00024970 
0.00024940 
0.00024950 
0.00025080 
0.00025180 
0.00025530 
0.00025360 
0.00025330 
0.00025330 
0.00025100 
0.00025150 
0.00024980 
0.00025020 
0.00024990 
0.00024990 
0.00025020 
0.00025000 
0.00025020 
0.00024980 
0.00024920 
0.00024920 
0.00024850 
0.00024880 
0.00024700 
0.00024500 
0.00024420 
0.00024320 
0.00024260 
0.00023910 
0.00024190 
0.00024060 
0.00024240 
0.00024040 
0.00024260 
0.00024170 
0.00024180 
0.00024180 
0.00024350 
0.00024380 
0.00024280 
0.00024420 
0.00024360 
0.00024290 
0.00024310 
0.00024280 
0.00024480 
0.00024340 
0.00024330 
0.00024230 
0.00024270 
0.00024400 
0.00024390 
0.00023920 
0.00023680 
0.00023350 
0.00023120 
0.00023190 
0.00023080 
0.00023300 
0.00023300 
0.00023140 
0.00023140 
0.00023300 
0.00023300 
0.00023320 
0.00023150 
0.00023260 
0.00023150 
0.00023160 
0.00023460 
0.00023100 
0.00023040 
0.00023040 
0.00022950 
0.00022840 
0.00023080 
0.00023190 
0.00022830 
0.00022810 
0.00022780 
0.00022910 
0.00022900 
0.00022750 
0.00022770 
0.00022770 
0.00022640 
0.00023150 
0.00023270 
0.00022630 
0.00022630 
0.00022630 
0.00022440 
0.00022470 
0.00022470 
0.00022430 
0.00022440 
0.00022570 
0.00022440 
0.00022420 
0.00022420 
0.00022470 
0.00022460 
0.00022710 
0.00022760 
0.00022730 
0.00022760 
0.00022670 
0.00022760 
0.00022740 
0.00022670 
0.00022510 
0.00022430 
0.00022430 
0.00022620 
0.00022420 
0.00022660 
0.00022410 
0.00022440 
0.00022440 
0.00022530 
0.00022640 
0.00022690 
0.00022660 
0.00022690 
0.00022640 
0.00022800 
0.00022690 
0.00022500 
0.00022430 
0.00022870 
0.00022810 
0.00023020 
0.00022800 
0.00022530 
0.00022640 
0.00022680 
0.00022390 
0.00022510 
0.00022430 
0.00022320 
0.00022060 
0.00021720 
0.00022060 
0.00022430 
0.00022220 
0.00022110 
0.00022100 
0.00022100 
0.00021660 
0.00021630 
0.00021530 
0.00021540 
0.00021460 
0.00021360 
0.00021380 
0.00021370 
0.00021360 
0.00021500 
0.00021400 
0.00021420 
0.00021460 
0.00021450 
0.00021400 
0.00021280 
0.00021430 
0.00021550 
0.00021440 
0.00021410 
0.00021270 
0.00021250 
0.00021200 
0.00021250 
0.00021180 
0.00021340 
0.00021390 
0.00021390 
0.00021280 
0.00021430 
0.00021720 
0.00021720 
0.00021710 
0.00021720 
0.00021500 
0.00021640 
0.00021800 
0.00021800 
0.00021820 
0.00021850 
0.00021590 
0.00021550 
0.00021540 
0.00021500 
0.00021570 
0.00021670 
0.00021800 
0.00021830 
0.00021860 
0.00021660 
0.00021870 
0.00021770 
0.00021800 
0.00021850 
0.00022140 
0.00021850 
0.00021830 
0.00021900 
0.00022010 
0.00022030 
0.00022230 
0.00022110 
0.00022120 
0.00022230 
0.00022340 
0.00022370 
0.00022370 
0.00022610 
0.00022620 
0.00022610 
0.00022540 
0.00022560 
0.00022760 
0.00022780 
0.00022760 
0.00022750 
0.00022570 
0.00022560 
0.00022710 
0.00022760 
0.00022860 
0.00022820 
0.00022890 
0.00022800 
0.00022710 
0.00022960 
0.00023170 
0.00023270 
0.00023330 
0.00023890 
0.00023770 
0.00023770 
0.00024010 
0.00024040 
0.00024020 
0.00024020 
0.00024180 
0.00024190 
0.00024060 
0.00024030 
0.00024010 
0.00023870 
0.00023870 
0.00023870 
0.00024010 
0.00024020 
0.00024030 
0.00023900 
0.00024040 
0.00024030 
0.00024030 
0.00023980 
0.00024000 
0.00024350 
0.00024400 
0.00024410 
0.00024410 
0.00024410 
0.00024570 
0.00024440 
0.00024640 
0.00024560 
0.00024580 
0.00024690 
0.00024500 
0.00024620 
0.00024720 
0.00024700 
0.00024670 
0.00024480 
0.00024680 
0.00024680 
0.00024550 
0.00024500 
0.00024710 
0.00024710 
0.00024710 
0.00024700 
0.00024720 
0.00024540 
0.00024570 
0.00024560 
0.00024440 
0.00024440 
0.00024440 
0.00024440 
0.00024470 
0.00024440 
0.00024410 
0.00024470 
0.00024460 
0.00024550 
0.00024550 
0.00024550 
0.00024510 
0.00024570 
0.00024590 
0.00024590 
0.00024600 
0.00024740 
0.00024630 
0.00024730 
0.00024850 
0.00024850 
0.00024830 
0.00024850 
0.00024850 
0.00024850 
0.00024850 
0.00024820 
0.00024850 
0.00024850 
0.00024750 
0.00025010 
0.00024870 
0.00024920 
0.00025270 
0.00025290 
0.00025310 
0.00025570 
0.00025580 
0.00025580 
0.00025350 
0.00025360 
0.00025500 
0.00025340 
0.00025330 
0.00025330 
0.00025290 
0.00025120 
0.00025120 
0.00025210 
0.00025450 
0.00025140 
0.00025140 
0.00025250 
0.00025250 
0.00025250 
0.00025250 
0.00025250 
0.00025250 
0.00025170 
0.00025250 
0.00025250 
0.00025260 
0.00025330 
0.00025350 
0.00025500 
0.00025500 
0.00025500 
0.00025490 
0.00025490 
0.00025300 
0.00025510 
0.00025660 
0.00025440 
0.00025420 
0.00025000 
0.00025140 
0.00025140 
0.00025140 
0.00025150 
0.00025140 
0.00024990 
0.00025040 
0.00024990 
0.00024990 
0.00025000 
0.00025040 
0.00025040 
0.00024930 
0.00024930 
0.00025210 
0.00025210 
