0.00016216 
0.00016231 
0.00016290 
0.00016268 
0.00016129 
0.00016161 
0.00016153 
0.00016175 
0.00016182 
0.00016002 
0.00015925 
0.00015987 
0.00015939 
0.00016068 
0.00016069 
0.00016072 
0.00016122 
0.00016199 
0.00015988 
0.00015980 
0.00015980 
0.00015971 
0.00016200 
0.00016161 
0.00016102 
0.00016100 
0.00016175 
0.00015914 
0.00015910 
0.00015897 
0.00015910 
0.00015993 
0.00016032 
0.00016078 
0.00016019 
0.00016121 
0.00016122 
0.00016175 
0.00016054 
0.00015991 
0.00016004 
0.00015988 
0.00016003 
0.00016003 
0.00016117 
0.00016123 
0.00016100 
0.00015983 
0.00015873 
0.00015800 
0.00015862 
0.00015800 
0.00015893 
0.00015923 
0.00016011 
0.00015893 
0.00015921 
0.00015945 
0.00015925 
0.00015888 
0.00015881 
0.00015934 
0.00015881 
0.00015941 
0.00015825 
0.00015940 
0.00015870 
0.00015914 
0.00015747 
0.00015759 
0.00015700 
0.00015724 
0.00015727 
0.00015739 
0.00015748 
0.00015703 
0.00015700 
0.00015714 
0.00015675 
0.00015588 
0.00015677 
0.00015756 
0.00015971 
0.00015963 
0.00016158 
0.00016160 
0.00016216 
0.00016315 
0.00016370 
0.00016387 
0.00016432 
0.00016418 
0.00016443 
0.00016392 
0.00016402 
0.00016392 
0.00016389 
0.00016338 
0.00016561 
0.00016550 
0.00016599 
0.00016612 
0.00016529 
0.00016578 
0.00016679 
0.00016620 
0.00016664 
0.00016621 
0.00016652 
0.00016650 
0.00016658 
0.00016650 
0.00016641 
0.00016700 
0.00016611 
0.00016407 
0.00016517 
0.00016586 
0.00016600 
0.00016637 
0.00016678 
0.00016662 
0.00016699 
0.00016687 
0.00016777 
0.00016800 
0.00016800 
0.00016709 
0.00016637 
0.00016639 
0.00016608 
0.00016477 
0.00016475 
0.00016461 
0.00016534 
0.00016397 
0.00016393 
0.00016397 
0.00016397 
0.00016212 
0.00016150 
0.00016150 
0.00016141 
0.00016298 
0.00016300 
0.00016303 
0.00016303 
0.00016352 
0.00016300 
0.00016398 
0.00016291 
0.00016259 
0.00016206 
0.00016244 
0.00016292 
0.00016276 
0.00016193 
0.00016199 
0.00016162 
0.00016035 
0.00016012 
0.00015867 
0.00015985 
0.00015946 
0.00015822 
0.00015780 
0.00015778 
0.00015821 
0.00015833 
0.00015879 
0.00015722 
0.00015790 
0.00015728 
0.00015592 
0.00015597 
0.00015588 
0.00015538 
0.00015492 
0.00015548 
0.00015492 
0.00015548 
0.00015489 
0.00015489 
0.00015495 
0.00015494 
0.00015367 
0.00015339 
0.00015305 
0.00015298 
0.00015366 
0.00015341 
0.00015426 
0.00015313 
0.00015313 
0.00015315 
0.00015307 
0.00015359 
0.00015364 
0.00015329 
0.00015328 
0.00015329 
0.00015329 
0.00015320 
0.00015239 
0.00015316 
0.00015211 
0.00015265 
0.00015285 
0.00015326 
0.00015471 
0.00015262 
0.00015244 
0.00015317 
0.00015417 
0.00015461 
0.00015528 
0.00015485 
0.00015500 
0.00015464 
0.00015460 
0.00015500 
0.00015466 
0.00015490 
0.00015440 
0.00015468 
0.00015469 
0.00015432 
0.00015432 
0.00015481 
0.00015394 
0.00015485 
0.00015391 
0.00015362 
0.00015361 
0.00015390 
0.00015259 
0.00015387 
0.00015331 
0.00015174 
0.00015178 
0.00014997 
0.00015024 
0.00014900 
0.00014892 
0.00014900 
0.00014895 
0.00014836 
0.00014746 
0.00014752 
0.00014708 
0.00014771 
0.00014759 
0.00014763 
0.00014862 
0.00014800 
0.00014783 
0.00014761 
0.00014761 
0.00014806 
0.00014759 
0.00014708 
0.00014680 
0.00014711 
0.00014712 
0.00014632 
0.00014632 
0.00014550 
0.00014550 
0.00014566 
0.00014585 
0.00014576 
0.00014624 
0.00014619 
0.00014590 
0.00014635 
0.00014665 
0.00014637 
0.00014636 
0.00014683 
0.00014683 
0.00014661 
0.00014694 
0.00014641 
0.00014710 
0.00014584 
0.00014597 
0.00014592 
0.00014622 
0.00014604 
0.00014590 
0.00014589 
0.00014536 
0.00014633 
0.00014566 
0.00014523 
0.00014500 
0.00014542 
0.00014585 
0.00014587 
0.00014539 
0.00014512 
0.00014528 
0.00014519 
0.00014520 
0.00014567 
0.00014558 
0.00014630 
0.00014519 
0.00014638 
0.00014692 
0.00014630 
0.00014664 
0.00014639 
0.00014644 
0.00014638 
0.00014537 
0.00014556 
0.00014608 
0.00014666 
0.00014595 
0.00014573 
0.00014479 
0.00014500 
0.00014475 
0.00014480 
0.00014500 
0.00014493 
0.00014533 
0.00014477 
0.00014525 
0.00014541 
0.00014587 
0.00014563 
0.00014540 
0.00014587 
0.00014605 
0.00014698 
0.00014700 
0.00014719 
0.00014790 
0.00014699 
0.00014769 
0.00014734 
0.00014752 
0.00014700 
0.00014707 
0.00014800 
0.00014800 
0.00014730 
0.00014702 
0.00014760 
0.00014695 
0.00014742 
0.00014801 
0.00014792 
0.00014775 
0.00014784 
0.00014750 
0.00014769 
0.00014862 
0.00014889 
0.00014891 
0.00014937 
0.00014938 
0.00015003 
0.00014974 
0.00014978 
0.00015001 
0.00014940 
0.00014940 
0.00014929 
0.00014976 
0.00014967 
0.00015013 
0.00015027 
0.00014972 
0.00014911 
0.00014917 
0.00014945 
0.00014897 
0.00014950 
0.00014909 
0.00014928 
0.00014977 
0.00014912 
0.00015013 
0.00015060 
0.00015199 
0.00015110 
0.00014957 
0.00015123 
0.00015069 
0.00015051 
0.00015120 
0.00015172 
0.00015377 
0.00015377 
0.00015331 
0.00015373 
0.00015400 
0.00015352 
0.00015378 
0.00015401 
0.00015420 
0.00015562 
0.00015717 
0.00015771 
0.00015786 
0.00015707 
0.00015762 
0.00015874 
0.00015890 
0.00015938 
0.00015919 
0.00015941 
0.00015905 
0.00015906 
0.00015878 
0.00015932 
0.00015863 
0.00015928 
0.00015870 
0.00015780 
0.00015913 
0.00015851 
0.00015797 
0.00015828 
0.00015835 
0.00015733 
0.00015675 
0.00015461 
0.00015466 
0.00015430 
0.00015441 
0.00015481 
0.00015433 
0.00015446 
0.00015484 
0.00015496 
0.00015445 
0.00015523 
0.00015548 
0.00015544 
0.00015521 
0.00015554 
0.00015553 
0.00015488 
0.00015512 
0.00015486 
0.00015451 
0.00015451 
0.00015489 
0.00015528 
0.00015529 
0.00015518 
0.00015560 
0.00015603 
0.00015469 
0.00015560 
0.00015653 
0.00015743 
0.00015745 
0.00015729 
0.00015730 
0.00015707 
0.00015665 
0.00015665 
0.00015624 
0.00015563 
0.00015616 
0.00015599 
0.00015837 
0.00015803 
0.00015973 
0.00015933 
0.00015910 
0.00015915 
0.00015877 
0.00015885 
0.00015815 
0.00016216 
0.00016231 
0.00016290 
0.00016268 
0.00016129 
0.00016161 
0.00016153 
0.00016175 
0.00016182 
0.00016002 
0.00015925 
0.00015987 
0.00015939 
0.00016068 
0.00016069 
0.00016072 
0.00016122 
0.00016199 
0.00015988 
0.00015980 
0.00015980 
0.00015971 
0.00016200 
0.00016161 
0.00016102 
0.00016100 
0.00016175 
0.00015914 
0.00015910 
0.00015897 
0.00015910 
0.00015993 
0.00016032 
0.00016078 
0.00016019 
0.00016121 
0.00016122 
0.00016175 
0.00016054 
0.00015991 
0.00016004 
0.00015988 
0.00016003 
0.00016003 
0.00016117 
0.00016123 
0.00016100 
0.00015983 
0.00015873 
0.00015800 
0.00015862 
0.00015800 
0.00015893 
0.00015923 
0.00016011 
0.00015893 
0.00015921 
0.00015945 
0.00015925 
0.00015888 
0.00015881 
0.00015934 
0.00015881 
0.00015941 
0.00015825 
0.00015940 
0.00015870 
0.00015914 
0.00015747 
0.00015759 
0.00015700 
0.00015724 
0.00015727 
0.00015739 
0.00015748 
0.00015703 
0.00015700 
0.00015714 
0.00015675 
0.00015588 
0.00015677 
0.00015756 
0.00015971 
0.00015963 
0.00016158 
0.00016160 
0.00016216 
0.00016315 
0.00016370 
0.00016387 
0.00016432 
0.00016418 
0.00016443 
0.00016392 
0.00016402 
0.00016392 
0.00016389 
0.00016338 
0.00016561 
0.00016550 
0.00016599 
0.00016612 
0.00016529 
0.00016578 
0.00016679 
0.00016620 
0.00016664 
0.00016621 
0.00016652 
0.00016650 
0.00016658 
0.00016650 
0.00016641 
0.00016700 
0.00016611 
0.00016407 
0.00016517 
0.00016586 
0.00016600 
0.00016637 
0.00016678 
0.00016662 
0.00016699 
0.00016687 
0.00016777 
0.00016800 
0.00016800 
0.00016709 
0.00016637 
0.00016639 
0.00016608 
0.00016477 
0.00016475 
0.00016461 
0.00016534 
0.00016397 
0.00016393 
0.00016397 
0.00016397 
0.00016212 
0.00016150 
0.00016150 
0.00016141 
0.00016298 
0.00016300 
0.00016303 
0.00016303 
0.00016352 
0.00016300 
0.00016398 
0.00016291 
0.00016259 
0.00016206 
0.00016244 
0.00016292 
0.00016276 
0.00016193 
0.00016199 
0.00016162 
0.00016035 
0.00016012 
0.00015867 
0.00015985 
0.00015946 
0.00015822 
0.00015780 
0.00015778 
0.00015821 
0.00015833 
0.00015879 
0.00015722 
0.00015790 
0.00015728 
0.00015592 
0.00015597 
0.00015588 
0.00015538 
0.00015492 
0.00015548 
0.00015492 
0.00015548 
0.00015489 
0.00015489 
0.00015495 
0.00015494 
0.00015367 
0.00015339 
0.00015305 
0.00015298 
0.00015366 
0.00015341 
0.00015426 
0.00015313 
0.00015313 
0.00015315 
0.00015307 
0.00015359 
0.00015364 
0.00015329 
0.00015328 
0.00015329 
0.00015329 
0.00015320 
0.00015239 
0.00015316 
0.00015211 
0.00015265 
0.00015285 
0.00015326 
0.00015471 
0.00015262 
0.00015244 
0.00015317 
0.00015417 
0.00015461 
0.00015528 
0.00015485 
0.00015500 
0.00015464 
0.00015460 
0.00015500 
0.00015466 
0.00015490 
0.00015440 
0.00015468 
0.00015469 
0.00015432 
0.00015432 
0.00015481 
0.00015394 
0.00015485 
0.00015391 
0.00015362 
0.00015361 
0.00015390 
0.00015259 
0.00015387 
0.00015331 
0.00015174 
0.00015178 
0.00014997 
0.00015024 
0.00014900 
0.00014892 
0.00014900 
0.00014895 
0.00014836 
0.00014746 
0.00014752 
0.00014708 
0.00014771 
0.00014759 
0.00014763 
0.00014862 
0.00014800 
0.00014783 
0.00014761 
0.00014761 
0.00014806 
0.00014759 
0.00014708 
0.00014680 
0.00014711 
0.00014712 
0.00014632 
0.00014632 
0.00014550 
0.00014550 
0.00014566 
0.00014585 
0.00014576 
0.00014624 
0.00014619 
0.00014590 
0.00014635 
0.00014665 
0.00014637 
0.00014636 
0.00014683 
0.00014683 
0.00014661 
0.00014694 
0.00014641 
0.00014710 
0.00014584 
0.00014597 
0.00014592 
0.00014622 
0.00014604 
0.00014590 
0.00014589 
0.00014536 
0.00014633 
0.00014566 
0.00014523 
0.00014500 
0.00014542 
0.00014585 
0.00014587 
0.00014539 
0.00014512 
0.00014528 
0.00014519 
0.00014520 
0.00014567 
0.00014558 
0.00014630 
0.00014519 
0.00014638 
0.00014692 
0.00014630 
0.00014664 
0.00014639 
0.00014644 
0.00014638 
0.00014537 
0.00014556 
0.00014608 
0.00014666 
0.00014595 
0.00014573 
0.00014479 
0.00014500 
0.00014475 
0.00014480 
0.00014500 
0.00014493 
0.00014533 
0.00014477 
0.00014525 
0.00014541 
0.00014587 
0.00014563 
0.00014540 
0.00014587 
0.00014605 
0.00014698 
0.00014700 
0.00014719 
0.00014790 
0.00014699 
0.00014769 
0.00014734 
0.00014752 
0.00014700 
0.00014707 
0.00014800 
0.00014800 
0.00014730 
0.00014702 
0.00014760 
0.00014695 
0.00014742 
0.00014801 
0.00014792 
0.00014775 
0.00014784 
0.00014750 
0.00014769 
0.00014862 
0.00014889 
0.00014891 
0.00014937 
0.00014938 
0.00015003 
0.00014974 
0.00014978 
0.00015001 
0.00014940 
0.00014940 
0.00014929 
0.00014976 
0.00014967 
0.00015013 
0.00015027 
0.00014972 
0.00014911 
0.00014917 
0.00014945 
0.00014897 
0.00014950 
0.00014909 
0.00014928 
0.00014977 
0.00014912 
0.00015013 
0.00015060 
0.00015199 
0.00015110 
0.00014957 
0.00015123 
0.00015069 
0.00015051 
0.00015120 
0.00015172 
0.00015377 
0.00015377 
0.00015331 
0.00015373 
0.00015400 
0.00015352 
0.00015378 
0.00015401 
0.00015420 
0.00015562 
0.00015717 
0.00015771 
0.00015786 
0.00015707 
0.00015762 
0.00015874 
0.00015890 
0.00015938 
0.00015919 
0.00015941 
0.00015905 
0.00015906 
0.00015878 
0.00015932 
0.00015863 
0.00015928 
0.00015870 
0.00015780 
0.00015913 
0.00015851 
0.00015797 
0.00015828 
0.00015835 
0.00015733 
0.00015675 
0.00015461 
0.00015466 
0.00015430 
0.00015441 
0.00015481 
0.00015433 
0.00015446 
0.00015484 
0.00015496 
0.00015445 
0.00015523 
0.00015548 
0.00015544 
0.00015521 
0.00015554 
0.00015553 
0.00015488 
0.00015512 
0.00015486 
0.00015451 
0.00015451 
0.00015489 
0.00015528 
0.00015529 
0.00015518 
0.00015560 
0.00015603 
0.00015469 
0.00015560 
0.00015653 
0.00015743 
0.00015745 
0.00015729 
0.00015730 
0.00015707 
0.00015665 
0.00015665 
0.00015624 
0.00015563 
0.00015616 
0.00015599 
0.00015837 
0.00015803 
0.00015973 
0.00015933 
0.00015910 
0.00015915 
0.00015877 
0.00015885 
0.00015815 
0.00016216 
0.00016231 
0.00016290 
0.00016268 
0.00016129 
0.00016161 
0.00016153 
0.00016175 
0.00016182 
0.00016002 
0.00015925 
0.00015987 
0.00015939 
0.00016068 
0.00016069 
0.00016072 
0.00016122 
0.00016199 
0.00015988 
0.00015980 
0.00015980 
0.00015971 
0.00016200 
0.00016161 
0.00016102 
0.00016100 
0.00016175 
0.00015914 
0.00015910 
0.00015897 
0.00015910 
0.00015993 
0.00016032 
0.00016078 
0.00016019 
0.00016121 
0.00016122 
0.00016175 
0.00016054 
0.00015991 
0.00016004 
0.00015988 
0.00016003 
0.00016003 
0.00016117 
0.00016123 
0.00016100 
0.00015983 
0.00015873 
0.00015800 
0.00015862 
0.00015800 
0.00015893 
0.00015923 
0.00016011 
0.00015893 
0.00015921 
0.00015945 
0.00015925 
0.00015888 
0.00015881 
0.00015934 
0.00015881 
0.00015941 
0.00015825 
0.00015940 
0.00015870 
0.00015914 
0.00015747 
0.00015759 
0.00015700 
0.00015724 
0.00015727 
0.00015739 
0.00015748 
0.00015703 
0.00015700 
0.00015714 
0.00015675 
0.00015588 
0.00015677 
0.00015756 
0.00015971 
0.00015963 
0.00016158 
0.00016160 
0.00016216 
0.00016315 
0.00016370 
0.00016387 
0.00016432 
0.00016418 
0.00016443 
0.00016392 
0.00016402 
0.00016392 
0.00016389 
0.00016338 
0.00016561 
0.00016550 
0.00016599 
0.00016612 
0.00016529 
0.00016578 
0.00016679 
0.00016620 
0.00016664 
0.00016621 
0.00016652 
0.00016650 
0.00016658 
0.00016650 
0.00016641 
0.00016700 
0.00016611 
0.00016407 
0.00016517 
0.00016586 
0.00016600 
0.00016637 
0.00016678 
0.00016662 
0.00016699 
0.00016687 
0.00016777 
0.00016800 
0.00016800 
0.00016709 
0.00016637 
0.00016639 
0.00016608 
0.00016477 
0.00016475 
0.00016461 
0.00016534 
0.00016397 
0.00016393 
0.00016397 
0.00016397 
0.00016212 
0.00016150 
0.00016150 
0.00016141 
0.00016298 
0.00016300 
0.00016303 
0.00016303 
0.00016352 
0.00016300 
0.00016398 
0.00016291 
0.00016259 
0.00016206 
0.00016244 
0.00016292 
0.00016276 
0.00016193 
0.00016199 
0.00016162 
0.00016035 
0.00016012 
0.00015867 
0.00015985 
0.00015946 
0.00015822 
0.00015780 
0.00015778 
0.00015821 
0.00015833 
0.00015879 
0.00015722 
0.00015790 
0.00015728 
0.00015592 
0.00015597 
0.00015588 
0.00015538 
0.00015492 
0.00015548 
0.00015492 
0.00015548 
0.00015489 
0.00015489 
0.00015495 
0.00015494 
0.00015367 
0.00015339 
0.00015305 
0.00015298 
0.00015366 
0.00015341 
0.00015426 
0.00015313 
0.00015313 
0.00015315 
0.00015307 
0.00015359 
0.00015364 
0.00015329 
0.00015328 
0.00015329 
0.00015329 
0.00015320 
0.00015239 
0.00015316 
0.00015211 
0.00015265 
0.00015285 
0.00015326 
0.00015471 
0.00015262 
0.00015244 
0.00015317 
0.00015417 
0.00015461 
0.00015528 
0.00015485 
0.00015500 
0.00015464 
0.00015460 
0.00015500 
0.00015466 
0.00015490 
0.00015440 
0.00015468 
0.00015469 
0.00015432 
0.00015432 
0.00015481 
0.00015394 
0.00015485 
0.00015391 
0.00015362 
0.00015361 
0.00015390 
0.00015259 
0.00015387 
0.00015331 
0.00015174 
0.00015178 
0.00014997 
0.00015024 
0.00014900 
0.00014892 
0.00014900 
0.00014895 
0.00014836 
0.00014746 
0.00014752 
0.00014708 
0.00014771 
0.00014759 
0.00014763 
0.00014862 
0.00014800 
0.00014783 
0.00014761 
0.00014761 
0.00014806 
0.00014759 
0.00014708 
0.00014680 
0.00014711 
0.00014712 
0.00014632 
0.00014632 
0.00014550 
0.00014550 
0.00014566 
0.00014585 
0.00014576 
0.00014624 
0.00014619 
0.00014590 
0.00014635 
0.00014665 
0.00014637 
0.00014636 
0.00014683 
0.00014683 
0.00014661 
0.00014694 
0.00014641 
0.00014710 
0.00014584 
0.00014597 
0.00014592 
0.00014622 
0.00014604 
0.00014590 
0.00014589 
0.00014536 
0.00014633 
0.00014566 
0.00014523 
0.00014500 
0.00014542 
0.00014585 
0.00014587 
0.00014539 
0.00014512 
0.00014528 
0.00014519 
0.00014520 
0.00014567 
0.00014558 
0.00014630 
0.00014519 
0.00014638 
0.00014692 
0.00014630 
0.00014664 
0.00014639 
0.00014644 
0.00014638 
0.00014537 
0.00014556 
0.00014608 
0.00014666 
0.00014595 
0.00014573 
0.00014479 
0.00014500 
0.00014475 
0.00014480 
0.00014500 
0.00014493 
0.00014533 
0.00014477 
0.00014525 
0.00014541 
0.00014587 
0.00014563 
0.00014540 
0.00014587 
0.00014605 
0.00014698 
0.00014700 
0.00014719 
0.00014790 
0.00014699 
0.00014769 
0.00014734 
0.00014752 
0.00014700 
0.00014707 
0.00014800 
0.00014800 
0.00014730 
0.00014702 
0.00014760 
0.00014695 
0.00014742 
0.00014801 
0.00014792 
0.00014775 
0.00014784 
0.00014750 
0.00014769 
0.00014862 
0.00014889 
0.00014891 
0.00014937 
0.00014938 
0.00015003 
0.00014974 
0.00014978 
0.00015001 
0.00014940 
0.00014940 
0.00014929 
0.00014976 
0.00014967 
0.00015013 
0.00015027 
0.00014972 
0.00014911 
0.00014917 
0.00014945 
0.00014897 
0.00014950 
0.00014909 
0.00014928 
0.00014977 
0.00014912 
0.00015013 
0.00015060 
0.00015199 
0.00015110 
0.00014957 
0.00015123 
0.00015069 
0.00015051 
0.00015120 
0.00015172 
0.00015377 
0.00015377 
0.00015331 
0.00015373 
0.00015400 
0.00015352 
0.00015378 
0.00015401 
0.00015420 
0.00015562 
0.00015717 
0.00015771 
0.00015786 
0.00015707 
0.00015762 
0.00015874 
0.00015890 
0.00015938 
0.00015919 
0.00015941 
0.00015905 
0.00015906 
0.00015878 
0.00015932 
0.00015863 
0.00015928 
0.00015870 
0.00015780 
0.00015913 
0.00015851 
0.00015797 
0.00015828 
0.00015835 
0.00015733 
0.00015675 
0.00015461 
0.00015466 
0.00015430 
0.00015441 
0.00015481 
0.00015433 
0.00015446 
0.00015484 
0.00015496 
0.00015445 
0.00015523 
0.00015548 
0.00015544 
0.00015521 
0.00015554 
0.00015553 
0.00015488 
0.00015512 
0.00015486 
0.00015451 
0.00015451 
0.00015489 
0.00015528 
0.00015529 
0.00015518 
0.00015560 
0.00015603 
0.00015469 
0.00015560 
0.00015653 
0.00015743 
0.00015745 
0.00015729 
0.00015730 
0.00015707 
0.00015665 
0.00015665 
0.00015624 
0.00015563 
0.00015616 
0.00015599 
0.00015837 
0.00015803 
0.00015973 
0.00015933 
0.00015910 
0.00015915 
0.00015877 
0.00015885 
0.00015815 
