0.00016279 
0.00016216 
0.00016171 
0.00016290 
0.00016250 
0.00016129 
0.00016159 
0.00016153 
0.00016175 
0.00016192 
0.00015981 
0.00015925 
0.00015987 
0.00015988 
0.00016112 
0.00016100 
0.00016067 
0.00016181 
0.00016210 
0.00015981 
0.00015980 
0.00015980 
0.00015972 
0.00016115 
0.00016161 
0.00016100 
0.00016100 
0.00016171 
0.00015963 
0.00015880 
0.00015900 
0.00015910 
0.00015992 
0.00016052 
0.00016002 
0.00016019 
0.00016123 
0.00016121 
0.00016175 
0.00016052 
0.00015982 
0.00016004 
0.00015976 
0.00015940 
0.00015991 
0.00016117 
0.00016124 
0.00016100 
0.00015980 
0.00015871 
0.00015799 
0.00015864 
0.00015817 
0.00015895 
0.00015877 
0.00015952 
0.00015893 
0.00015950 
0.00015945 
0.00015945 
0.00015888 
0.00015901 
0.00015940 
0.00015926 
0.00015941 
0.00015860 
0.00015940 
0.00015822 
0.00015914 
0.00015755 
0.00015759 
0.00015700 
0.00015690 
0.00015727 
0.00015742 
0.00015730 
0.00015633 
0.00015710 
0.00015700 
0.00015675 
0.00015637 
0.00015688 
0.00015756 
0.00015971 
0.00015985 
0.00016159 
0.00016158 
0.00016191 
0.00016315 
0.00016369 
0.00016389 
0.00016431 
0.00016461 
0.00016446 
0.00016392 
0.00016400 
0.00016400 
0.00016337 
0.00016395 
0.00016563 
0.00016526 
0.00016599 
0.00016672 
0.00016591 
0.00016505 
0.00016679 
0.00016618 
0.00016600 
0.00016690 
0.00016652 
0.00016650 
0.00016676 
0.00016685 
0.00016641 
0.00016699 
0.00016610 
0.00016464 
0.00016518 
0.00016587 
0.00016630 
0.00016660 
0.00016678 
0.00016663 
0.00016698 
0.00016689 
0.00016699 
0.00016803 
0.00016800 
0.00016704 
0.00016637 
0.00016639 
0.00016607 
0.00016477 
0.00016475 
0.00016460 
0.00016534 
0.00016397 
0.00016393 
0.00016396 
0.00016377 
0.00016345 
0.00016199 
0.00016174 
0.00016194 
0.00016298 
0.00016300 
0.00016344 
0.00016301 
0.00016352 
0.00016300 
0.00016400 
0.00016291 
0.00016258 
0.00016200 
0.00016200 
0.00016247 
0.00016264 
0.00016161 
0.00016176 
0.00016084 
0.00016032 
0.00016000 
0.00015927 
0.00015984 
0.00015964 
0.00015826 
0.00015771 
0.00015745 
0.00015833 
0.00015780 
0.00015879 
0.00015734 
0.00015667 
0.00015791 
0.00015624 
0.00015603 
0.00015588 
0.00015501 
0.00015548 
0.00015548 
0.00015549 
0.00015549 
0.00015489 
0.00015489 
0.00015495 
0.00015401 
0.00015346 
0.00015307 
0.00015300 
0.00015315 
0.00015340 
0.00015367 
0.00015426 
0.00015318 
0.00015313 
0.00015315 
0.00015362 
0.00015359 
0.00015346 
0.00015328 
0.00015328 
0.00015328 
0.00015328 
0.00015262 
0.00015235 
0.00015317 
0.00015211 
0.00015277 
0.00015285 
0.00015208 
0.00015338 
0.00015214 
0.00015244 
0.00015317 
0.00015417 
0.00015461 
0.00015528 
0.00015528 
0.00015500 
0.00015461 
0.00015460 
0.00015519 
0.00015423 
0.00015490 
0.00015493 
0.00015469 
0.00015417 
0.00015404 
0.00015432 
0.00015393 
0.00015433 
0.00015485 
0.00015400 
0.00015360 
0.00015361 
0.00015362 
0.00015259 
0.00015379 
0.00015334 
0.00015183 
0.00015167 
0.00014989 
0.00015024 
0.00014876 
0.00014900 
0.00014900 
0.00014916 
0.00014839 
0.00014746 
0.00014746 
0.00014732 
0.00014897 
0.00014763 
0.00014763 
0.00014800 
0.00014802 
0.00014768 
0.00014759 
0.00014761 
0.00014761 
0.00014732 
0.00014711 
0.00014678 
0.00014711 
0.00014711 
0.00014632 
0.00014600 
0.00014550 
0.00014566 
0.00014566 
0.00014566 
0.00014588 
0.00014632 
0.00014681 
0.00014637 
0.00014637 
0.00014637 
0.00014636 
0.00014636 
0.00014683 
0.00014800 
0.00014694 
0.00014706 
0.00014615 
0.00014719 
0.00014596 
0.00014594 
0.00014589 
0.00014624 
0.00014528 
0.00014590 
0.00014559 
0.00014596 
0.00014636 
0.00014601 
0.00014645 
0.00014500 
0.00014542 
0.00014587 
0.00014662 
0.00014500 
0.00014510 
0.00014571 
0.00014573 
0.00014540 
0.00014600 
0.00014648 
0.00014630 
0.00014520 
0.00014690 
0.00014690 
0.00014689 
0.00014691 
0.00014610 
0.00014646 
0.00014646 
0.00014551 
0.00014466 
0.00014595 
0.00014654 
0.00014586 
0.00014549 
0.00014470 
0.00014512 
0.00014475 
0.00014481 
0.00014500 
0.00014499 
0.00014563 
0.00014514 
0.00014560 
0.00014566 
0.00014565 
0.00014544 
0.00014569 
0.00014587 
0.00014740 
0.00014698 
0.00014699 
0.00014724 
0.00014790 
0.00014675 
0.00014761 
0.00014774 
0.00014717 
0.00014714 
0.00014707 
0.00014800 
0.00014795 
0.00014713 
0.00014729 
0.00014760 
0.00014749 
0.00014772 
0.00014905 
0.00014777 
0.00014775 
0.00014802 
0.00014750 
0.00014769 
0.00014863 
0.00014891 
0.00014897 
0.00014937 
0.00014938 
0.00015003 
0.00014974 
0.00014998 
0.00015001 
0.00014940 
0.00014940 
0.00014940 
0.00014979 
0.00015014 
0.00015015 
0.00015027 
0.00014974 
0.00014911 
0.00014919 
0.00014959 
0.00014898 
0.00015018 
0.00014848 
0.00014974 
0.00014914 
0.00014910 
0.00015030 
0.00015058 
0.00015257 
0.00015122 
0.00014953 
0.00015068 
0.00015069 
0.00014915 
0.00015120 
0.00015170 
0.00015443 
0.00015377 
0.00015372 
0.00015376 
0.00015344 
0.00015400 
0.00015401 
0.00015401 
0.00015403 
0.00015577 
0.00015717 
0.00015687 
0.00015771 
0.00015707 
0.00015843 
0.00015877 
0.00015892 
0.00015999 
0.00015858 
0.00015939 
0.00015861 
0.00015907 
0.00015920 
0.00015941 
0.00015910 
0.00015928 
0.00015870 
0.00015918 
0.00015822 
0.00015852 
0.00015775 
0.00015755 
0.00015836 
0.00015704 
0.00015745 
0.00015481 
0.00015466 
0.00015432 
0.00015472 
0.00015472 
0.00015431 
0.00015481 
0.00015488 
0.00015496 
0.00015445 
0.00015523 
0.00015549 
0.00015544 
0.00015499 
0.00015529 
0.00015601 
0.00015444 
0.00015463 
0.00015485 
0.00015421 
0.00015455 
0.00015493 
0.00015528 
0.00015518 
0.00015518 
0.00015560 
0.00015548 
0.00015469 
0.00015560 
0.00015651 
0.00015773 
0.00015753 
0.00015729 
0.00015707 
0.00015676 
0.00015593 
0.00015665 
0.00015593 
0.00015567 
0.00015660 
0.00015693 
0.00015870 
0.00015867 
0.00015973 
0.00015933 
0.00015871 
0.00015915 
0.00015877 
0.00015850 
0.00016279 
0.00016216 
0.00016171 
0.00016290 
0.00016250 
0.00016129 
0.00016159 
0.00016153 
0.00016175 
0.00016192 
0.00015981 
0.00015925 
0.00015987 
0.00015988 
0.00016112 
0.00016100 
0.00016067 
0.00016181 
0.00016210 
0.00015981 
0.00015980 
0.00015980 
0.00015972 
0.00016115 
0.00016161 
0.00016100 
0.00016100 
0.00016171 
0.00015963 
0.00015880 
0.00015900 
0.00015910 
0.00015992 
0.00016052 
0.00016002 
0.00016019 
0.00016123 
0.00016121 
0.00016175 
0.00016052 
0.00015982 
0.00016004 
0.00015976 
0.00015940 
0.00015991 
0.00016117 
0.00016124 
0.00016100 
0.00015980 
0.00015871 
0.00015799 
0.00015864 
0.00015817 
0.00015895 
0.00015877 
0.00015952 
0.00015893 
0.00015950 
0.00015945 
0.00015945 
0.00015888 
0.00015901 
0.00015940 
0.00015926 
0.00015941 
0.00015860 
0.00015940 
0.00015822 
0.00015914 
0.00015755 
0.00015759 
0.00015700 
0.00015690 
0.00015727 
0.00015742 
0.00015730 
0.00015633 
0.00015710 
0.00015700 
0.00015675 
0.00015637 
0.00015688 
0.00015756 
0.00015971 
0.00015985 
0.00016159 
0.00016158 
0.00016191 
0.00016315 
0.00016369 
0.00016389 
0.00016431 
0.00016461 
0.00016446 
0.00016392 
0.00016400 
0.00016400 
0.00016337 
0.00016395 
0.00016563 
0.00016526 
0.00016599 
0.00016672 
0.00016591 
0.00016505 
0.00016679 
0.00016618 
0.00016600 
0.00016690 
0.00016652 
0.00016650 
0.00016676 
0.00016685 
0.00016641 
0.00016699 
0.00016610 
0.00016464 
0.00016518 
0.00016587 
0.00016630 
0.00016660 
0.00016678 
0.00016663 
0.00016698 
0.00016689 
0.00016699 
0.00016803 
0.00016800 
0.00016704 
0.00016637 
0.00016639 
0.00016607 
0.00016477 
0.00016475 
0.00016460 
0.00016534 
0.00016397 
0.00016393 
0.00016396 
0.00016377 
0.00016345 
0.00016199 
0.00016174 
0.00016194 
0.00016298 
0.00016300 
0.00016344 
0.00016301 
0.00016352 
0.00016300 
0.00016400 
0.00016291 
0.00016258 
0.00016200 
0.00016200 
0.00016247 
0.00016264 
0.00016161 
0.00016176 
0.00016084 
0.00016032 
0.00016000 
0.00015927 
0.00015984 
0.00015964 
0.00015826 
0.00015771 
0.00015745 
0.00015833 
0.00015780 
0.00015879 
0.00015734 
0.00015667 
0.00015791 
0.00015624 
0.00015603 
0.00015588 
0.00015501 
0.00015548 
0.00015548 
0.00015549 
0.00015549 
0.00015489 
0.00015489 
0.00015495 
0.00015401 
0.00015346 
0.00015307 
0.00015300 
0.00015315 
0.00015340 
0.00015367 
0.00015426 
0.00015318 
0.00015313 
0.00015315 
0.00015362 
0.00015359 
0.00015346 
0.00015328 
0.00015328 
0.00015328 
0.00015328 
0.00015262 
0.00015235 
0.00015317 
0.00015211 
0.00015277 
0.00015285 
0.00015208 
0.00015338 
0.00015214 
0.00015244 
0.00015317 
0.00015417 
0.00015461 
0.00015528 
0.00015528 
0.00015500 
0.00015461 
0.00015460 
0.00015519 
0.00015423 
0.00015490 
0.00015493 
0.00015469 
0.00015417 
0.00015404 
0.00015432 
0.00015393 
0.00015433 
0.00015485 
0.00015400 
0.00015360 
0.00015361 
0.00015362 
0.00015259 
0.00015379 
0.00015334 
0.00015183 
0.00015167 
0.00014989 
0.00015024 
0.00014876 
0.00014900 
0.00014900 
0.00014916 
0.00014839 
0.00014746 
0.00014746 
0.00014732 
0.00014897 
0.00014763 
0.00014763 
0.00014800 
0.00014802 
0.00014768 
0.00014759 
0.00014761 
0.00014761 
0.00014732 
0.00014711 
0.00014678 
0.00014711 
0.00014711 
0.00014632 
0.00014600 
0.00014550 
0.00014566 
0.00014566 
0.00014566 
0.00014588 
0.00014632 
0.00014681 
0.00014637 
0.00014637 
0.00014637 
0.00014636 
0.00014636 
0.00014683 
0.00014800 
0.00014694 
0.00014706 
0.00014615 
0.00014719 
0.00014596 
0.00014594 
0.00014589 
0.00014624 
0.00014528 
0.00014590 
0.00014559 
0.00014596 
0.00014636 
0.00014601 
0.00014645 
0.00014500 
0.00014542 
0.00014587 
0.00014662 
0.00014500 
0.00014510 
0.00014571 
0.00014573 
0.00014540 
0.00014600 
0.00014648 
0.00014630 
0.00014520 
0.00014690 
0.00014690 
0.00014689 
0.00014691 
0.00014610 
0.00014646 
0.00014646 
0.00014551 
0.00014466 
0.00014595 
0.00014654 
0.00014586 
0.00014549 
0.00014470 
0.00014512 
0.00014475 
0.00014481 
0.00014500 
0.00014499 
0.00014563 
0.00014514 
0.00014560 
0.00014566 
0.00014565 
0.00014544 
0.00014569 
0.00014587 
0.00014740 
0.00014698 
0.00014699 
0.00014724 
0.00014790 
0.00014675 
0.00014761 
0.00014774 
0.00014717 
0.00014714 
0.00014707 
0.00014800 
0.00014795 
0.00014713 
0.00014729 
0.00014760 
0.00014749 
0.00014772 
0.00014905 
0.00014777 
0.00014775 
0.00014802 
0.00014750 
0.00014769 
0.00014863 
0.00014891 
0.00014897 
0.00014937 
0.00014938 
0.00015003 
0.00014974 
0.00014998 
0.00015001 
0.00014940 
0.00014940 
0.00014940 
0.00014979 
0.00015014 
0.00015015 
0.00015027 
0.00014974 
0.00014911 
0.00014919 
0.00014959 
0.00014898 
0.00015018 
0.00014848 
0.00014974 
0.00014914 
0.00014910 
0.00015030 
0.00015058 
0.00015257 
0.00015122 
0.00014953 
0.00015068 
0.00015069 
0.00014915 
0.00015120 
0.00015170 
0.00015443 
0.00015377 
0.00015372 
0.00015376 
0.00015344 
0.00015400 
0.00015401 
0.00015401 
0.00015403 
0.00015577 
0.00015717 
0.00015687 
0.00015771 
0.00015707 
0.00015843 
0.00015877 
0.00015892 
0.00015999 
0.00015858 
0.00015939 
0.00015861 
0.00015907 
0.00015920 
0.00015941 
0.00015910 
0.00015928 
0.00015870 
0.00015918 
0.00015822 
0.00015852 
0.00015775 
0.00015755 
0.00015836 
0.00015704 
0.00015745 
0.00015481 
0.00015466 
0.00015432 
0.00015472 
0.00015472 
0.00015431 
0.00015481 
0.00015488 
0.00015496 
0.00015445 
0.00015523 
0.00015549 
0.00015544 
0.00015499 
0.00015529 
0.00015601 
0.00015444 
0.00015463 
0.00015485 
0.00015421 
0.00015455 
0.00015493 
0.00015528 
0.00015518 
0.00015518 
0.00015560 
0.00015548 
0.00015469 
0.00015560 
0.00015651 
0.00015773 
0.00015753 
0.00015729 
0.00015707 
0.00015676 
0.00015593 
0.00015665 
0.00015593 
0.00015567 
0.00015660 
0.00015693 
0.00015870 
0.00015867 
0.00015973 
0.00015933 
0.00015871 
0.00015915 
0.00015877 
0.00015850 
0.00016279 
0.00016216 
0.00016171 
0.00016290 
0.00016250 
0.00016129 
0.00016159 
0.00016153 
0.00016175 
0.00016192 
0.00015981 
0.00015925 
0.00015987 
0.00015988 
0.00016112 
0.00016100 
0.00016067 
0.00016181 
0.00016210 
0.00015981 
0.00015980 
0.00015980 
0.00015972 
0.00016115 
0.00016161 
0.00016100 
0.00016100 
0.00016171 
0.00015963 
0.00015880 
0.00015900 
0.00015910 
0.00015992 
0.00016052 
0.00016002 
0.00016019 
0.00016123 
0.00016121 
0.00016175 
0.00016052 
0.00015982 
0.00016004 
0.00015976 
0.00015940 
0.00015991 
0.00016117 
0.00016124 
0.00016100 
0.00015980 
0.00015871 
0.00015799 
0.00015864 
0.00015817 
0.00015895 
0.00015877 
0.00015952 
0.00015893 
0.00015950 
0.00015945 
0.00015945 
0.00015888 
0.00015901 
0.00015940 
0.00015926 
0.00015941 
0.00015860 
0.00015940 
0.00015822 
0.00015914 
0.00015755 
0.00015759 
0.00015700 
0.00015690 
0.00015727 
0.00015742 
0.00015730 
0.00015633 
0.00015710 
0.00015700 
0.00015675 
0.00015637 
0.00015688 
0.00015756 
0.00015971 
0.00015985 
0.00016159 
0.00016158 
0.00016191 
0.00016315 
0.00016369 
0.00016389 
0.00016431 
0.00016461 
0.00016446 
0.00016392 
0.00016400 
0.00016400 
0.00016337 
0.00016395 
0.00016563 
0.00016526 
0.00016599 
0.00016672 
0.00016591 
0.00016505 
0.00016679 
0.00016618 
0.00016600 
0.00016690 
0.00016652 
0.00016650 
0.00016676 
0.00016685 
0.00016641 
0.00016699 
0.00016610 
0.00016464 
0.00016518 
0.00016587 
0.00016630 
0.00016660 
0.00016678 
0.00016663 
0.00016698 
0.00016689 
0.00016699 
0.00016803 
0.00016800 
0.00016704 
0.00016637 
0.00016639 
0.00016607 
0.00016477 
0.00016475 
0.00016460 
0.00016534 
0.00016397 
0.00016393 
0.00016396 
0.00016377 
0.00016345 
0.00016199 
0.00016174 
0.00016194 
0.00016298 
0.00016300 
0.00016344 
0.00016301 
0.00016352 
0.00016300 
0.00016400 
0.00016291 
0.00016258 
0.00016200 
0.00016200 
0.00016247 
0.00016264 
0.00016161 
0.00016176 
0.00016084 
0.00016032 
0.00016000 
0.00015927 
0.00015984 
0.00015964 
0.00015826 
0.00015771 
0.00015745 
0.00015833 
0.00015780 
0.00015879 
0.00015734 
0.00015667 
0.00015791 
0.00015624 
0.00015603 
0.00015588 
0.00015501 
0.00015548 
0.00015548 
0.00015549 
0.00015549 
0.00015489 
0.00015489 
0.00015495 
0.00015401 
0.00015346 
0.00015307 
0.00015300 
0.00015315 
0.00015340 
0.00015367 
0.00015426 
0.00015318 
0.00015313 
0.00015315 
0.00015362 
0.00015359 
0.00015346 
0.00015328 
0.00015328 
0.00015328 
0.00015328 
0.00015262 
0.00015235 
0.00015317 
0.00015211 
0.00015277 
0.00015285 
0.00015208 
0.00015338 
0.00015214 
0.00015244 
0.00015317 
0.00015417 
0.00015461 
0.00015528 
0.00015528 
0.00015500 
0.00015461 
0.00015460 
0.00015519 
0.00015423 
0.00015490 
0.00015493 
0.00015469 
0.00015417 
0.00015404 
0.00015432 
0.00015393 
0.00015433 
0.00015485 
0.00015400 
0.00015360 
0.00015361 
0.00015362 
0.00015259 
0.00015379 
0.00015334 
0.00015183 
0.00015167 
0.00014989 
0.00015024 
0.00014876 
0.00014900 
0.00014900 
0.00014916 
0.00014839 
0.00014746 
0.00014746 
0.00014732 
0.00014897 
0.00014763 
0.00014763 
0.00014800 
0.00014802 
0.00014768 
0.00014759 
0.00014761 
0.00014761 
0.00014732 
0.00014711 
0.00014678 
0.00014711 
0.00014711 
0.00014632 
0.00014600 
0.00014550 
0.00014566 
0.00014566 
0.00014566 
0.00014588 
0.00014632 
0.00014681 
0.00014637 
0.00014637 
0.00014637 
0.00014636 
0.00014636 
0.00014683 
0.00014800 
0.00014694 
0.00014706 
0.00014615 
0.00014719 
0.00014596 
0.00014594 
0.00014589 
0.00014624 
0.00014528 
0.00014590 
0.00014559 
0.00014596 
0.00014636 
0.00014601 
0.00014645 
0.00014500 
0.00014542 
0.00014587 
0.00014662 
0.00014500 
0.00014510 
0.00014571 
0.00014573 
0.00014540 
0.00014600 
0.00014648 
0.00014630 
0.00014520 
0.00014690 
0.00014690 
0.00014689 
0.00014691 
0.00014610 
0.00014646 
0.00014646 
0.00014551 
0.00014466 
0.00014595 
0.00014654 
0.00014586 
0.00014549 
0.00014470 
0.00014512 
0.00014475 
0.00014481 
0.00014500 
0.00014499 
0.00014563 
0.00014514 
0.00014560 
0.00014566 
0.00014565 
0.00014544 
0.00014569 
0.00014587 
0.00014740 
0.00014698 
0.00014699 
0.00014724 
0.00014790 
0.00014675 
0.00014761 
0.00014774 
0.00014717 
0.00014714 
0.00014707 
0.00014800 
0.00014795 
0.00014713 
0.00014729 
0.00014760 
0.00014749 
0.00014772 
0.00014905 
0.00014777 
0.00014775 
0.00014802 
0.00014750 
0.00014769 
0.00014863 
0.00014891 
0.00014897 
0.00014937 
0.00014938 
0.00015003 
0.00014974 
0.00014998 
0.00015001 
0.00014940 
0.00014940 
0.00014940 
0.00014979 
0.00015014 
0.00015015 
0.00015027 
0.00014974 
0.00014911 
0.00014919 
0.00014959 
0.00014898 
0.00015018 
0.00014848 
0.00014974 
0.00014914 
0.00014910 
0.00015030 
0.00015058 
0.00015257 
0.00015122 
0.00014953 
0.00015068 
0.00015069 
0.00014915 
0.00015120 
0.00015170 
0.00015443 
0.00015377 
0.00015372 
0.00015376 
0.00015344 
0.00015400 
0.00015401 
0.00015401 
0.00015403 
0.00015577 
0.00015717 
0.00015687 
0.00015771 
0.00015707 
0.00015843 
0.00015877 
0.00015892 
0.00015999 
0.00015858 
0.00015939 
0.00015861 
0.00015907 
0.00015920 
0.00015941 
0.00015910 
0.00015928 
0.00015870 
0.00015918 
0.00015822 
0.00015852 
0.00015775 
0.00015755 
0.00015836 
0.00015704 
0.00015745 
0.00015481 
0.00015466 
0.00015432 
0.00015472 
0.00015472 
0.00015431 
0.00015481 
0.00015488 
0.00015496 
0.00015445 
0.00015523 
0.00015549 
0.00015544 
0.00015499 
0.00015529 
0.00015601 
0.00015444 
0.00015463 
0.00015485 
0.00015421 
0.00015455 
0.00015493 
0.00015528 
0.00015518 
0.00015518 
0.00015560 
0.00015548 
0.00015469 
0.00015560 
0.00015651 
0.00015773 
0.00015753 
0.00015729 
0.00015707 
0.00015676 
0.00015593 
0.00015665 
0.00015593 
0.00015567 
0.00015660 
0.00015693 
0.00015870 
0.00015867 
0.00015973 
0.00015933 
0.00015871 
0.00015915 
0.00015877 
0.00015850 
