4372.00000000 
4503.00000000 
10555.00000000 
4899.00000000 
6278.00000000 
5716.00000000 
3148.00000000 
4929.00000000 
8994.00000000 
8207.00000000 
3251.00000000 
10581.00000000 
12965.00000000 
8313.00000000 
4728.00000000 
2377.00000000 
4054.00000000 
11819.00000000 
13258.00000000 
7344.00000000 
10148.00000000 
11007.00000000 
12280.00000000 
8126.00000000 
5196.00000000 
6026.00000000 
9887.00000000 
5041.00000000 
19562.00000000 
3017.00000000 
3302.00000000 
10019.00000000 
8602.00000000 
2051.00000000 
5105.00000000 
4012.00000000 
4388.00000000 
3577.00000000 
4939.00000000 
2154.00000000 
8314.00000000 
1072.00000000 
14372.00000000 
6765.00000000 
14410.00000000 
9246.00000000 
5181.00000000 
7439.00000000 
24742.00000000 
269.00000000 
4875.00000000 
5244.00000000 
1022.00000000 
1306.00000000 
2391.00000000 
15938.00000000 
2054.00000000 
2407.00000000 
1298.00000000 
4341.00000000 
6961.00000000 
206.00000000 
2717.00000000 
2549.00000000 
2037.00000000 
13735.00000000 
6194.00000000 
3713.00000000 
50795.00000000 
10416.00000000 
5680.00000000 
5485.00000000 
2940.00000000 
185.00000000 
2279.00000000 
6477.00000000 
11108.00000000 
1115.00000000 
3360.00000000 
1011.00000000 
5723.00000000 
19080.00000000 
17687.00000000 
7748.00000000 
11086.00000000 
12854.00000000 
20467.00000000 
11533.00000000 
2721.00000000 
3700.00000000 
15263.00000000 
3638.00000000 
7357.00000000 
1675.00000000 
1590.00000000 
2360.00000000 
1050.00000000 
13270.00000000 
26353.00000000 
4097.00000000 
12036.00000000 
5128.00000000 
7053.00000000 
15038.00000000 
14253.00000000 
3489.00000000 
6520.00000000 
6028.00000000 
2755.00000000 
10251.00000000 
5274.00000000 
15897.00000000 
11381.00000000 
16083.00000000 
18566.00000000 
9232.00000000 
2938.00000000 
18035.00000000 
5037.00000000 
5776.00000000 
16756.00000000 
12052.00000000 
6099.00000000 
9881.00000000 
13216.00000000 
27556.00000000 
9228.00000000 
15386.00000000 
15699.00000000 
2620.00000000 
3465.00000000 
9703.00000000 
3464.00000000 
2278.00000000 
7566.00000000 
24334.00000000 
7189.00000000 
7911.00000000 
1297.00000000 
8997.00000000 
12286.00000000 
2323.00000000 
11188.00000000 
11091.00000000 
17548.00000000 
8062.00000000 
654.00000000 
4299.00000000 
1995.00000000 
7956.00000000 
11724.00000000 
24508.00000000 
7741.00000000 
2940.00000000 
8651.00000000 
29053.00000000 
15685.00000000 
14208.00000000 
20164.00000000 
13250.00000000 
2521.00000000 
16067.00000000 
14193.00000000 
2010.00000000 
894.00000000 
5864.00000000 
6574.00000000 
18526.00000000 
5766.00000000 
1760.00000000 
2588.00000000 
3732.00000000 
6433.00000000 
2927.00000000 
1299.00000000 
3554.00000000 
22295.00000000 
1872.00000000 
537.00000000 
717.00000000 
50.00000000 
71.00000000 
347.00000000 
6131.00000000 
866.00000000 
955.00000000 
3192.00000000 
5608.00000000 
2095.00000000 
3054.00000000 
2044.00000000 
2706.00000000 
2629.00000000 
3482.00000000 
3045.00000000 
2102.00000000 
587.00000000 
1014.00000000 
12766.00000000 
45.00000000 
1044.00000000 
242.00000000 
14089.00000000 
925.00000000 
6273.00000000 
7493.00000000 
111.00000000 
469.00000000 
9167.00000000 
4088.00000000 
9297.00000000 
2921.00000000 
5294.00000000 
2587.00000000 
1731.00000000 
595.00000000 
1997.00000000 
2719.00000000 
661.00000000 
3875.00000000 
6403.00000000 
11345.00000000 
2410.00000000 
740.00000000 
4603.00000000 
447.00000000 
3648.00000000 
2674.00000000 
1516.00000000 
1101.00000000 
4646.00000000 
7962.00000000 
3282.00000000 
9733.00000000 
10834.00000000 
3451.00000000 
2765.00000000 
3342.00000000 
3208.00000000 
3236.00000000 
10475.00000000 
2100.00000000 
4728.00000000 
7059.00000000 
4048.00000000 
818.00000000 
11790.00000000 
9574.00000000 
12255.00000000 
2654.00000000 
1792.00000000 
3545.00000000 
1541.00000000 
2083.00000000 
1282.00000000 
3140.00000000 
5450.00000000 
344.00000000 
1757.00000000 
1160.00000000 
9845.00000000 
986.00000000 
1348.00000000 
2054.00000000 
20332.00000000 
50.00000000 
933.00000000 
824.00000000 
771.00000000 
2699.00000000 
212.00000000 
795.00000000 
3791.00000000 
5032.00000000 
3208.00000000 
870.00000000 
2150.00000000 
442.00000000 
273.00000000 
245.00000000 
5061.00000000 
750.00000000 
927.00000000 
217.00000000 
1263.00000000 
1488.00000000 
885.00000000 
11205.00000000 
481.00000000 
12767.00000000 
194.00000000 
1396.00000000 
160.00000000 
3453.00000000 
615.00000000 
1283.00000000 
7226.00000000 
1212.00000000 
234.00000000 
3154.00000000 
13972.00000000 
5579.00000000 
572.00000000 
6162.00000000 
1088.00000000 
337.00000000 
5078.00000000 
10058.00000000 
9327.00000000 
11117.00000000 
4730.00000000 
4996.00000000 
10296.00000000 
7874.00000000 
2882.00000000 
7607.00000000 
6352.00000000 
26383.00000000 
3999.00000000 
2480.00000000 
1495.00000000 
5246.00000000 
1683.00000000 
7409.00000000 
772.00000000 
4752.00000000 
1344.00000000 
22151.00000000 
37871.00000000 
13276.00000000 
3559.00000000 
6619.00000000 
6292.00000000 
4812.00000000 
2087.00000000 
10032.00000000 
12455.00000000 
7356.00000000 
7530.00000000 
3901.00000000 
2761.00000000 
4083.00000000 
7063.00000000 
838.00000000 
1100.00000000 
13619.00000000 
7369.00000000 
9705.00000000 
2812.00000000 
10177.00000000 
1045.00000000 
1729.00000000 
1749.00000000 
11705.00000000 
19030.00000000 
4251.00000000 
4976.00000000 
2464.00000000 
4569.00000000 
6220.00000000 
1212.00000000 
5232.00000000 
6233.00000000 
10994.00000000 
2517.00000000 
2098.00000000 
358.00000000 
7023.00000000 
1519.00000000 
4015.00000000 
960.00000000 
874.00000000 
2290.00000000 
2386.00000000 
5804.00000000 
9836.00000000 
5390.00000000 
3975.00000000 
4418.00000000 
892.00000000 
5794.00000000 
9097.00000000 
5804.00000000 
2420.00000000 
13047.00000000 
5006.00000000 
18816.00000000 
4548.00000000 
11270.00000000 
9212.00000000 
8846.00000000 
2428.00000000 
11936.00000000 
33292.00000000 
51556.00000000 
29327.00000000 
1579.00000000 
5722.00000000 
924.00000000 
7437.00000000 
618.00000000 
1926.00000000 
1009.00000000 
6876.00000000 
8430.00000000 
21989.00000000 
1779.00000000 
1093.00000000 
2267.00000000 
2760.00000000 
1322.00000000 
1808.00000000 
6238.00000000 
325.00000000 
2764.00000000 
1317.00000000 
2094.00000000 
5855.00000000 
820.00000000 
1524.00000000 
4488.00000000 
1995.00000000 
2209.00000000 
1948.00000000 
5612.00000000 
2411.00000000 
975.00000000 
2991.00000000 
4781.00000000 
1346.00000000 
2480.00000000 
2906.00000000 
4264.00000000 
4003.00000000 
1493.00000000 
4869.00000000 
1037.00000000 
791.00000000 
822.00000000 
2517.00000000 
2027.00000000 
1245.00000000 
598.00000000 
905.00000000 
1279.00000000 
394.00000000 
682.00000000 
1574.00000000 
917.00000000 
814.00000000 
238.00000000 
2676.00000000 
4343.00000000 
236.00000000 
2071.00000000 
904.00000000 
2433.00000000 
4822.00000000 
6479.00000000 
748.00000000 
397.00000000 
3690.00000000 
907.00000000 
314.00000000 
87.00000000 
6133.00000000 
3836.00000000 
753.00000000 
8307.00000000 
13705.00000000 
3638.00000000 
5135.00000000 
709.00000000 
8960.00000000 
858.00000000 
1230.00000000 
1293.00000000 
5090.00000000 
2520.00000000 
2594.00000000 
4372.00000000 
4503.00000000 
10555.00000000 
4899.00000000 
6278.00000000 
5716.00000000 
3148.00000000 
4929.00000000 
8994.00000000 
8207.00000000 
3251.00000000 
10581.00000000 
12965.00000000 
8313.00000000 
4728.00000000 
2377.00000000 
4054.00000000 
11819.00000000 
13258.00000000 
7344.00000000 
10148.00000000 
11007.00000000 
12280.00000000 
8126.00000000 
5196.00000000 
6026.00000000 
9887.00000000 
5041.00000000 
19562.00000000 
3017.00000000 
3302.00000000 
10019.00000000 
8602.00000000 
2051.00000000 
5105.00000000 
4012.00000000 
4388.00000000 
3577.00000000 
4939.00000000 
2154.00000000 
8314.00000000 
1072.00000000 
14372.00000000 
6765.00000000 
14410.00000000 
9246.00000000 
5181.00000000 
7439.00000000 
24742.00000000 
269.00000000 
4875.00000000 
5244.00000000 
1022.00000000 
1306.00000000 
2391.00000000 
15938.00000000 
2054.00000000 
2407.00000000 
1298.00000000 
4341.00000000 
6961.00000000 
206.00000000 
2717.00000000 
2549.00000000 
2037.00000000 
13735.00000000 
6194.00000000 
3713.00000000 
50795.00000000 
10416.00000000 
5680.00000000 
5485.00000000 
2940.00000000 
185.00000000 
2279.00000000 
6477.00000000 
11108.00000000 
1115.00000000 
3360.00000000 
1011.00000000 
5723.00000000 
19080.00000000 
17687.00000000 
7748.00000000 
11086.00000000 
12854.00000000 
20467.00000000 
11533.00000000 
2721.00000000 
3700.00000000 
15263.00000000 
3638.00000000 
7357.00000000 
1675.00000000 
1590.00000000 
2360.00000000 
1050.00000000 
13270.00000000 
26353.00000000 
4097.00000000 
12036.00000000 
5128.00000000 
7053.00000000 
15038.00000000 
14253.00000000 
3489.00000000 
6520.00000000 
6028.00000000 
2755.00000000 
10251.00000000 
5274.00000000 
15897.00000000 
11381.00000000 
16083.00000000 
18566.00000000 
9232.00000000 
2938.00000000 
18035.00000000 
5037.00000000 
5776.00000000 
16756.00000000 
12052.00000000 
6099.00000000 
9881.00000000 
13216.00000000 
27556.00000000 
9228.00000000 
15386.00000000 
15699.00000000 
2620.00000000 
3465.00000000 
9703.00000000 
3464.00000000 
2278.00000000 
7566.00000000 
24334.00000000 
7189.00000000 
7911.00000000 
1297.00000000 
8997.00000000 
12286.00000000 
2323.00000000 
11188.00000000 
11091.00000000 
17548.00000000 
8062.00000000 
654.00000000 
4299.00000000 
1995.00000000 
7956.00000000 
11724.00000000 
24508.00000000 
7741.00000000 
2940.00000000 
8651.00000000 
29053.00000000 
15685.00000000 
14208.00000000 
20164.00000000 
13250.00000000 
2521.00000000 
16067.00000000 
14193.00000000 
2010.00000000 
894.00000000 
5864.00000000 
6574.00000000 
18526.00000000 
5766.00000000 
1760.00000000 
2588.00000000 
3732.00000000 
6433.00000000 
2927.00000000 
1299.00000000 
3554.00000000 
22295.00000000 
1872.00000000 
537.00000000 
717.00000000 
50.00000000 
71.00000000 
347.00000000 
6131.00000000 
866.00000000 
955.00000000 
3192.00000000 
5608.00000000 
2095.00000000 
3054.00000000 
2044.00000000 
2706.00000000 
2629.00000000 
3482.00000000 
3045.00000000 
2102.00000000 
587.00000000 
1014.00000000 
12766.00000000 
45.00000000 
1044.00000000 
242.00000000 
14089.00000000 
925.00000000 
6273.00000000 
7493.00000000 
111.00000000 
469.00000000 
9167.00000000 
4088.00000000 
9297.00000000 
2921.00000000 
5294.00000000 
2587.00000000 
1731.00000000 
595.00000000 
1997.00000000 
2719.00000000 
661.00000000 
3875.00000000 
6403.00000000 
11345.00000000 
2410.00000000 
740.00000000 
4603.00000000 
447.00000000 
3648.00000000 
2674.00000000 
1516.00000000 
1101.00000000 
4646.00000000 
7962.00000000 
3282.00000000 
9733.00000000 
10834.00000000 
3451.00000000 
2765.00000000 
3342.00000000 
3208.00000000 
3236.00000000 
10475.00000000 
2100.00000000 
4728.00000000 
7059.00000000 
4048.00000000 
818.00000000 
11790.00000000 
9574.00000000 
12255.00000000 
2654.00000000 
1792.00000000 
3545.00000000 
1541.00000000 
2083.00000000 
1282.00000000 
3140.00000000 
5450.00000000 
344.00000000 
1757.00000000 
1160.00000000 
9845.00000000 
986.00000000 
1348.00000000 
2054.00000000 
20332.00000000 
50.00000000 
933.00000000 
824.00000000 
771.00000000 
2699.00000000 
212.00000000 
795.00000000 
3791.00000000 
5032.00000000 
3208.00000000 
870.00000000 
2150.00000000 
442.00000000 
273.00000000 
245.00000000 
5061.00000000 
750.00000000 
927.00000000 
217.00000000 
1263.00000000 
1488.00000000 
885.00000000 
11205.00000000 
481.00000000 
12767.00000000 
194.00000000 
1396.00000000 
160.00000000 
3453.00000000 
615.00000000 
1283.00000000 
7226.00000000 
1212.00000000 
234.00000000 
3154.00000000 
13972.00000000 
5579.00000000 
572.00000000 
6162.00000000 
1088.00000000 
337.00000000 
5078.00000000 
10058.00000000 
9327.00000000 
11117.00000000 
4730.00000000 
4996.00000000 
10296.00000000 
7874.00000000 
2882.00000000 
7607.00000000 
6352.00000000 
26383.00000000 
3999.00000000 
2480.00000000 
1495.00000000 
5246.00000000 
1683.00000000 
7409.00000000 
772.00000000 
4752.00000000 
1344.00000000 
22151.00000000 
37871.00000000 
13276.00000000 
3559.00000000 
6619.00000000 
6292.00000000 
4812.00000000 
2087.00000000 
10032.00000000 
12455.00000000 
7356.00000000 
7530.00000000 
3901.00000000 
2761.00000000 
4083.00000000 
7063.00000000 
838.00000000 
1100.00000000 
13619.00000000 
7369.00000000 
9705.00000000 
2812.00000000 
10177.00000000 
1045.00000000 
1729.00000000 
1749.00000000 
11705.00000000 
19030.00000000 
4251.00000000 
4976.00000000 
2464.00000000 
4569.00000000 
6220.00000000 
1212.00000000 
5232.00000000 
6233.00000000 
10994.00000000 
2517.00000000 
2098.00000000 
358.00000000 
7023.00000000 
1519.00000000 
4015.00000000 
960.00000000 
874.00000000 
2290.00000000 
2386.00000000 
5804.00000000 
9836.00000000 
5390.00000000 
3975.00000000 
4418.00000000 
892.00000000 
5794.00000000 
9097.00000000 
5804.00000000 
2420.00000000 
13047.00000000 
5006.00000000 
18816.00000000 
4548.00000000 
11270.00000000 
9212.00000000 
8846.00000000 
2428.00000000 
11936.00000000 
33292.00000000 
51556.00000000 
29327.00000000 
1579.00000000 
5722.00000000 
924.00000000 
7437.00000000 
618.00000000 
1926.00000000 
1009.00000000 
6876.00000000 
8430.00000000 
21989.00000000 
1779.00000000 
1093.00000000 
2267.00000000 
2760.00000000 
1322.00000000 
1808.00000000 
6238.00000000 
325.00000000 
2764.00000000 
1317.00000000 
2094.00000000 
5855.00000000 
820.00000000 
1524.00000000 
4488.00000000 
1995.00000000 
2209.00000000 
1948.00000000 
5612.00000000 
2411.00000000 
975.00000000 
2991.00000000 
4781.00000000 
1346.00000000 
2480.00000000 
2906.00000000 
4264.00000000 
4003.00000000 
1493.00000000 
4869.00000000 
1037.00000000 
791.00000000 
822.00000000 
2517.00000000 
2027.00000000 
1245.00000000 
598.00000000 
905.00000000 
1279.00000000 
394.00000000 
682.00000000 
1574.00000000 
917.00000000 
814.00000000 
238.00000000 
2676.00000000 
4343.00000000 
236.00000000 
2071.00000000 
904.00000000 
2433.00000000 
4822.00000000 
6479.00000000 
748.00000000 
397.00000000 
3690.00000000 
907.00000000 
314.00000000 
87.00000000 
6133.00000000 
3836.00000000 
753.00000000 
8307.00000000 
13705.00000000 
3638.00000000 
5135.00000000 
709.00000000 
8960.00000000 
858.00000000 
1230.00000000 
1293.00000000 
5090.00000000 
2520.00000000 
2594.00000000 
4372.00000000 
4503.00000000 
10555.00000000 
4899.00000000 
6278.00000000 
5716.00000000 
3148.00000000 
4929.00000000 
8994.00000000 
8207.00000000 
3251.00000000 
10581.00000000 
12965.00000000 
8313.00000000 
4728.00000000 
2377.00000000 
4054.00000000 
11819.00000000 
13258.00000000 
7344.00000000 
10148.00000000 
11007.00000000 
12280.00000000 
8126.00000000 
5196.00000000 
6026.00000000 
9887.00000000 
5041.00000000 
19562.00000000 
3017.00000000 
3302.00000000 
10019.00000000 
8602.00000000 
2051.00000000 
5105.00000000 
4012.00000000 
4388.00000000 
3577.00000000 
4939.00000000 
2154.00000000 
8314.00000000 
1072.00000000 
14372.00000000 
6765.00000000 
14410.00000000 
9246.00000000 
5181.00000000 
7439.00000000 
24742.00000000 
269.00000000 
4875.00000000 
5244.00000000 
1022.00000000 
1306.00000000 
2391.00000000 
15938.00000000 
2054.00000000 
2407.00000000 
1298.00000000 
4341.00000000 
6961.00000000 
206.00000000 
2717.00000000 
2549.00000000 
2037.00000000 
13735.00000000 
6194.00000000 
3713.00000000 
50795.00000000 
10416.00000000 
5680.00000000 
5485.00000000 
2940.00000000 
185.00000000 
2279.00000000 
6477.00000000 
11108.00000000 
1115.00000000 
3360.00000000 
1011.00000000 
5723.00000000 
19080.00000000 
17687.00000000 
7748.00000000 
11086.00000000 
12854.00000000 
20467.00000000 
11533.00000000 
2721.00000000 
3700.00000000 
15263.00000000 
3638.00000000 
7357.00000000 
1675.00000000 
1590.00000000 
2360.00000000 
1050.00000000 
13270.00000000 
26353.00000000 
4097.00000000 
12036.00000000 
5128.00000000 
7053.00000000 
15038.00000000 
14253.00000000 
3489.00000000 
6520.00000000 
6028.00000000 
2755.00000000 
10251.00000000 
5274.00000000 
15897.00000000 
11381.00000000 
16083.00000000 
18566.00000000 
9232.00000000 
2938.00000000 
18035.00000000 
5037.00000000 
5776.00000000 
16756.00000000 
12052.00000000 
6099.00000000 
9881.00000000 
13216.00000000 
27556.00000000 
9228.00000000 
15386.00000000 
15699.00000000 
2620.00000000 
3465.00000000 
9703.00000000 
3464.00000000 
2278.00000000 
7566.00000000 
24334.00000000 
7189.00000000 
7911.00000000 
1297.00000000 
8997.00000000 
12286.00000000 
2323.00000000 
11188.00000000 
11091.00000000 
17548.00000000 
8062.00000000 
654.00000000 
4299.00000000 
1995.00000000 
7956.00000000 
11724.00000000 
24508.00000000 
7741.00000000 
2940.00000000 
8651.00000000 
29053.00000000 
15685.00000000 
14208.00000000 
20164.00000000 
13250.00000000 
2521.00000000 
16067.00000000 
14193.00000000 
2010.00000000 
894.00000000 
5864.00000000 
6574.00000000 
18526.00000000 
5766.00000000 
1760.00000000 
2588.00000000 
3732.00000000 
6433.00000000 
2927.00000000 
1299.00000000 
3554.00000000 
22295.00000000 
1872.00000000 
537.00000000 
717.00000000 
50.00000000 
71.00000000 
347.00000000 
6131.00000000 
866.00000000 
955.00000000 
3192.00000000 
5608.00000000 
2095.00000000 
3054.00000000 
2044.00000000 
2706.00000000 
2629.00000000 
3482.00000000 
3045.00000000 
2102.00000000 
587.00000000 
1014.00000000 
12766.00000000 
45.00000000 
1044.00000000 
242.00000000 
14089.00000000 
925.00000000 
6273.00000000 
7493.00000000 
111.00000000 
469.00000000 
9167.00000000 
4088.00000000 
9297.00000000 
2921.00000000 
5294.00000000 
2587.00000000 
1731.00000000 
595.00000000 
1997.00000000 
2719.00000000 
661.00000000 
3875.00000000 
6403.00000000 
11345.00000000 
2410.00000000 
740.00000000 
4603.00000000 
447.00000000 
3648.00000000 
2674.00000000 
1516.00000000 
1101.00000000 
4646.00000000 
7962.00000000 
3282.00000000 
9733.00000000 
10834.00000000 
3451.00000000 
2765.00000000 
3342.00000000 
3208.00000000 
3236.00000000 
10475.00000000 
2100.00000000 
4728.00000000 
7059.00000000 
4048.00000000 
818.00000000 
11790.00000000 
9574.00000000 
12255.00000000 
2654.00000000 
1792.00000000 
3545.00000000 
1541.00000000 
2083.00000000 
1282.00000000 
3140.00000000 
5450.00000000 
344.00000000 
1757.00000000 
1160.00000000 
9845.00000000 
986.00000000 
1348.00000000 
2054.00000000 
20332.00000000 
50.00000000 
933.00000000 
824.00000000 
771.00000000 
2699.00000000 
212.00000000 
795.00000000 
3791.00000000 
5032.00000000 
3208.00000000 
870.00000000 
2150.00000000 
442.00000000 
273.00000000 
245.00000000 
5061.00000000 
750.00000000 
927.00000000 
217.00000000 
1263.00000000 
1488.00000000 
885.00000000 
11205.00000000 
481.00000000 
12767.00000000 
194.00000000 
1396.00000000 
160.00000000 
3453.00000000 
615.00000000 
1283.00000000 
7226.00000000 
1212.00000000 
234.00000000 
3154.00000000 
13972.00000000 
5579.00000000 
572.00000000 
6162.00000000 
1088.00000000 
337.00000000 
5078.00000000 
10058.00000000 
9327.00000000 
11117.00000000 
4730.00000000 
4996.00000000 
10296.00000000 
7874.00000000 
2882.00000000 
7607.00000000 
6352.00000000 
26383.00000000 
3999.00000000 
2480.00000000 
1495.00000000 
5246.00000000 
1683.00000000 
7409.00000000 
772.00000000 
4752.00000000 
1344.00000000 
22151.00000000 
37871.00000000 
13276.00000000 
3559.00000000 
6619.00000000 
6292.00000000 
4812.00000000 
2087.00000000 
10032.00000000 
12455.00000000 
7356.00000000 
7530.00000000 
3901.00000000 
2761.00000000 
4083.00000000 
7063.00000000 
838.00000000 
1100.00000000 
13619.00000000 
7369.00000000 
9705.00000000 
2812.00000000 
10177.00000000 
1045.00000000 
1729.00000000 
1749.00000000 
11705.00000000 
19030.00000000 
4251.00000000 
4976.00000000 
2464.00000000 
4569.00000000 
6220.00000000 
1212.00000000 
5232.00000000 
6233.00000000 
10994.00000000 
2517.00000000 
2098.00000000 
358.00000000 
7023.00000000 
1519.00000000 
4015.00000000 
960.00000000 
874.00000000 
2290.00000000 
2386.00000000 
5804.00000000 
9836.00000000 
5390.00000000 
3975.00000000 
4418.00000000 
892.00000000 
5794.00000000 
9097.00000000 
5804.00000000 
2420.00000000 
13047.00000000 
5006.00000000 
18816.00000000 
4548.00000000 
11270.00000000 
9212.00000000 
8846.00000000 
2428.00000000 
11936.00000000 
33292.00000000 
51556.00000000 
29327.00000000 
1579.00000000 
5722.00000000 
924.00000000 
7437.00000000 
618.00000000 
1926.00000000 
1009.00000000 
6876.00000000 
8430.00000000 
21989.00000000 
1779.00000000 
1093.00000000 
2267.00000000 
2760.00000000 
1322.00000000 
1808.00000000 
6238.00000000 
325.00000000 
2764.00000000 
1317.00000000 
2094.00000000 
5855.00000000 
820.00000000 
1524.00000000 
4488.00000000 
1995.00000000 
2209.00000000 
1948.00000000 
5612.00000000 
2411.00000000 
975.00000000 
2991.00000000 
4781.00000000 
1346.00000000 
2480.00000000 
2906.00000000 
4264.00000000 
4003.00000000 
1493.00000000 
4869.00000000 
1037.00000000 
791.00000000 
822.00000000 
2517.00000000 
2027.00000000 
1245.00000000 
598.00000000 
905.00000000 
1279.00000000 
394.00000000 
682.00000000 
1574.00000000 
917.00000000 
814.00000000 
238.00000000 
2676.00000000 
4343.00000000 
236.00000000 
2071.00000000 
904.00000000 
2433.00000000 
4822.00000000 
6479.00000000 
748.00000000 
397.00000000 
3690.00000000 
907.00000000 
314.00000000 
87.00000000 
6133.00000000 
3836.00000000 
753.00000000 
8307.00000000 
13705.00000000 
3638.00000000 
5135.00000000 
709.00000000 
8960.00000000 
858.00000000 
1230.00000000 
1293.00000000 
5090.00000000 
2520.00000000 
2594.00000000 
