0.00030900 
0.00030759 
0.00030845 
0.00030838 
0.00030874 
0.00030728 
0.00030700 
0.00030771 
0.00030820 
0.00030730 
0.00030722 
0.00030584 
0.00030538 
0.00030608 
0.00030837 
0.00030416 
0.00030604 
0.00030850 
0.00030915 
0.00031006 
0.00031081 
0.00031130 
0.00031219 
0.00031244 
0.00031617 
0.00031199 
0.00031064 
0.00031161 
0.00030817 
0.00030800 
0.00030898 
0.00030810 
0.00030335 
0.00030380 
0.00030293 
0.00030695 
0.00030638 
0.00031373 
0.00031570 
0.00031763 
0.00031435 
0.00030957 
0.00030966 
0.00031261 
0.00031300 
0.00031545 
0.00031505 
0.00031999 
0.00031540 
0.00031405 
0.00031249 
0.00031090 
0.00031149 
0.00031072 
0.00031062 
0.00030751 
0.00030838 
0.00030901 
0.00030211 
0.00030143 
0.00030168 
0.00030048 
0.00029994 
0.00030155 
0.00030200 
0.00030300 
0.00030097 
0.00030454 
0.00030801 
0.00031093 
0.00031290 
0.00030404 
0.00030230 
0.00030496 
0.00030500 
0.00029674 
0.00029396 
0.00029967 
0.00030565 
0.00030635 
0.00030680 
0.00030881 
0.00031110 
0.00030941 
0.00030502 
0.00030564 
0.00030900 
0.00031189 
0.00031762 
0.00031250 
0.00031995 
0.00032399 
0.00033105 
0.00032429 
0.00032275 
0.00031418 
0.00031451 
0.00031180 
0.00031000 
0.00030895 
0.00031720 
0.00032370 
0.00034211 
0.00032970 
0.00032010 
0.00031500 
0.00031000 
0.00030720 
0.00030450 
0.00030212 
0.00030285 
0.00030380 
0.00029883 
0.00030379 
0.00030399 
0.00030196 
0.00030259 
0.00029772 
0.00030193 
0.00029980 
0.00029312 
0.00029238 
0.00029202 
0.00028701 
0.00028002 
0.00029069 
0.00028796 
0.00028365 
0.00028289 
0.00027471 
0.00027632 
0.00027420 
0.00027770 
0.00027430 
0.00027308 
0.00027143 
0.00027035 
0.00027149 
0.00027168 
0.00027165 
0.00026944 
0.00027046 
0.00027026 
0.00027072 
0.00027122 
0.00026983 
0.00026999 
0.00027122 
0.00026532 
0.00026644 
0.00026189 
0.00026187 
0.00026186 
0.00025864 
0.00025705 
0.00026197 
0.00026232 
0.00025991 
0.00026055 
0.00026202 
0.00026205 
0.00026358 
0.00026064 
0.00025872 
0.00026034 
0.00026035 
0.00025750 
0.00025913 
0.00025650 
0.00025629 
0.00025629 
0.00025550 
0.00025383 
0.00025280 
0.00025330 
0.00025467 
0.00025396 
0.00025378 
0.00025409 
0.00025509 
0.00025348 
0.00025641 
0.00025528 
0.00025426 
0.00025350 
0.00025198 
0.00025312 
0.00025212 
0.00025151 
0.00025056 
0.00025070 
0.00025092 
0.00025191 
0.00024908 
0.00024910 
0.00024975 
0.00024769 
0.00024935 
0.00024773 
0.00024674 
0.00024838 
0.00024808 
0.00024850 
0.00024770 
0.00024620 
0.00024700 
0.00024703 
0.00024918 
0.00024878 
0.00024839 
0.00024702 
0.00024691 
0.00024727 
0.00024761 
0.00024823 
0.00024698 
0.00024895 
0.00024913 
0.00024998 
0.00025200 
0.00025202 
0.00025281 
0.00025203 
0.00025114 
0.00024970 
0.00024968 
0.00024974 
0.00024860 
0.00024868 
0.00024942 
0.00024881 
0.00024870 
0.00024894 
0.00024797 
0.00024890 
0.00024889 
0.00024834 
0.00024818 
0.00024878 
0.00024893 
0.00024475 
0.00024553 
0.00024024 
0.00024002 
0.00023946 
0.00023555 
0.00023599 
0.00023559 
0.00023778 
0.00023836 
0.00023843 
0.00023843 
0.00023725 
0.00023830 
0.00023830 
0.00023743 
0.00023818 
0.00023800 
0.00023832 
0.00023533 
0.00023534 
0.00023532 
0.00023518 
0.00023515 
0.00023602 
0.00023606 
0.00023605 
0.00023641 
0.00023699 
0.00023819 
0.00023781 
0.00023607 
0.00023566 
0.00023639 
0.00023734 
0.00023770 
0.00023843 
0.00023770 
0.00023711 
0.00023752 
0.00023825 
0.00023630 
0.00023825 
0.00023700 
0.00023699 
0.00023770 
0.00023748 
0.00023597 
0.00023500 
0.00023489 
0.00023513 
0.00023375 
0.00023200 
0.00023200 
0.00023252 
0.00023376 
0.00023430 
0.00023546 
0.00023659 
0.00023669 
0.00023699 
0.00023571 
0.00023580 
0.00023762 
0.00024015 
0.00024022 
0.00024274 
0.00024315 
0.00024413 
0.00024140 
0.00024099 
0.00024072 
0.00024099 
0.00024060 
0.00024098 
0.00024099 
0.00024060 
0.00024072 
0.00024041 
0.00024031 
0.00024001 
0.00023901 
0.00023911 
0.00023929 
0.00024035 
0.00024073 
0.00024137 
0.00024043 
0.00024000 
0.00024012 
0.00024034 
0.00024023 
0.00024140 
0.00024328 
0.00024277 
0.00024288 
0.00024272 
0.00024303 
0.00024272 
0.00024272 
0.00024272 
0.00024272 
0.00024234 
0.00024220 
0.00024443 
0.00024465 
0.00024645 
0.00024762 
0.00024836 
0.00024804 
0.00024804 
0.00024849 
0.00024820 
0.00024710 
0.00024820 
0.00024797 
0.00024725 
0.00024710 
0.00024824 
0.00024635 
0.00024901 
0.00024910 
0.00025024 
0.00025074 
0.00025019 
0.00024901 
0.00025091 
0.00025185 
0.00025003 
0.00025384 
0.00025360 
0.00025492 
0.00025471 
0.00025508 
0.00025609 
0.00025568 
0.00025843 
0.00025599 
0.00025895 
0.00025995 
0.00025824 
0.00025906 
0.00026157 
0.00026210 
0.00025950 
0.00026239 
0.00026267 
0.00026286 
0.00026250 
0.00026303 
0.00026282 
0.00026210 
0.00026016 
0.00026021 
0.00025794 
0.00025727 
0.00026348 
0.00026023 
0.00026267 
0.00025860 
0.00025760 
0.00025979 
0.00026219 
0.00025999 
0.00025978 
0.00026304 
0.00026615 
0.00026666 
0.00026615 
0.00026615 
0.00026619 
0.00026636 
0.00026645 
0.00026645 
0.00026617 
0.00026609 
0.00026490 
0.00026690 
0.00026889 
0.00026898 
0.00027043 
0.00027178 
0.00027863 
0.00027975 
0.00027915 
0.00027650 
0.00027523 
0.00027400 
0.00027678 
0.00027709 
0.00027597 
0.00027217 
0.00027001 
0.00027000 
0.00026900 
0.00026999 
0.00027062 
0.00027067 
0.00027113 
0.00026772 
0.00026851 
0.00026712 
0.00026666 
0.00026873 
0.00026611 
0.00026641 
0.00026799 
0.00026632 
0.00026605 
0.00026417 
0.00026509 
0.00026382 
0.00027000 
0.00027296 
0.00027936 
0.00027289 
0.00027250 
0.00026700 
0.00026699 
0.00026694 
0.00026710 
0.00026974 
0.00026659 
0.00026600 
0.00026590 
0.00026599 
0.00026327 
0.00026650 
0.00026740 
0.00026288 
0.00026300 
0.00026225 
0.00026368 
0.00026319 
0.00026294 
0.00026000 
0.00025998 
0.00025999 
0.00025922 
0.00026011 
0.00030900 
0.00030759 
0.00030845 
0.00030838 
0.00030874 
0.00030728 
0.00030700 
0.00030771 
0.00030820 
0.00030730 
0.00030722 
0.00030584 
0.00030538 
0.00030608 
0.00030837 
0.00030416 
0.00030604 
0.00030850 
0.00030915 
0.00031006 
0.00031081 
0.00031130 
0.00031219 
0.00031244 
0.00031617 
0.00031199 
0.00031064 
0.00031161 
0.00030817 
0.00030800 
0.00030898 
0.00030810 
0.00030335 
0.00030380 
0.00030293 
0.00030695 
0.00030638 
0.00031373 
0.00031570 
0.00031763 
0.00031435 
0.00030957 
0.00030966 
0.00031261 
0.00031300 
0.00031545 
0.00031505 
0.00031999 
0.00031540 
0.00031405 
0.00031249 
0.00031090 
0.00031149 
0.00031072 
0.00031062 
0.00030751 
0.00030838 
0.00030901 
0.00030211 
0.00030143 
0.00030168 
0.00030048 
0.00029994 
0.00030155 
0.00030200 
0.00030300 
0.00030097 
0.00030454 
0.00030801 
0.00031093 
0.00031290 
0.00030404 
0.00030230 
0.00030496 
0.00030500 
0.00029674 
0.00029396 
0.00029967 
0.00030565 
0.00030635 
0.00030680 
0.00030881 
0.00031110 
0.00030941 
0.00030502 
0.00030564 
0.00030900 
0.00031189 
0.00031762 
0.00031250 
0.00031995 
0.00032399 
0.00033105 
0.00032429 
0.00032275 
0.00031418 
0.00031451 
0.00031180 
0.00031000 
0.00030895 
0.00031720 
0.00032370 
0.00034211 
0.00032970 
0.00032010 
0.00031500 
0.00031000 
0.00030720 
0.00030450 
0.00030212 
0.00030285 
0.00030380 
0.00029883 
0.00030379 
0.00030399 
0.00030196 
0.00030259 
0.00029772 
0.00030193 
0.00029980 
0.00029312 
0.00029238 
0.00029202 
0.00028701 
0.00028002 
0.00029069 
0.00028796 
0.00028365 
0.00028289 
0.00027471 
0.00027632 
0.00027420 
0.00027770 
0.00027430 
0.00027308 
0.00027143 
0.00027035 
0.00027149 
0.00027168 
0.00027165 
0.00026944 
0.00027046 
0.00027026 
0.00027072 
0.00027122 
0.00026983 
0.00026999 
0.00027122 
0.00026532 
0.00026644 
0.00026189 
0.00026187 
0.00026186 
0.00025864 
0.00025705 
0.00026197 
0.00026232 
0.00025991 
0.00026055 
0.00026202 
0.00026205 
0.00026358 
0.00026064 
0.00025872 
0.00026034 
0.00026035 
0.00025750 
0.00025913 
0.00025650 
0.00025629 
0.00025629 
0.00025550 
0.00025383 
0.00025280 
0.00025330 
0.00025467 
0.00025396 
0.00025378 
0.00025409 
0.00025509 
0.00025348 
0.00025641 
0.00025528 
0.00025426 
0.00025350 
0.00025198 
0.00025312 
0.00025212 
0.00025151 
0.00025056 
0.00025070 
0.00025092 
0.00025191 
0.00024908 
0.00024910 
0.00024975 
0.00024769 
0.00024935 
0.00024773 
0.00024674 
0.00024838 
0.00024808 
0.00024850 
0.00024770 
0.00024620 
0.00024700 
0.00024703 
0.00024918 
0.00024878 
0.00024839 
0.00024702 
0.00024691 
0.00024727 
0.00024761 
0.00024823 
0.00024698 
0.00024895 
0.00024913 
0.00024998 
0.00025200 
0.00025202 
0.00025281 
0.00025203 
0.00025114 
0.00024970 
0.00024968 
0.00024974 
0.00024860 
0.00024868 
0.00024942 
0.00024881 
0.00024870 
0.00024894 
0.00024797 
0.00024890 
0.00024889 
0.00024834 
0.00024818 
0.00024878 
0.00024893 
0.00024475 
0.00024553 
0.00024024 
0.00024002 
0.00023946 
0.00023555 
0.00023599 
0.00023559 
0.00023778 
0.00023836 
0.00023843 
0.00023843 
0.00023725 
0.00023830 
0.00023830 
0.00023743 
0.00023818 
0.00023800 
0.00023832 
0.00023533 
0.00023534 
0.00023532 
0.00023518 
0.00023515 
0.00023602 
0.00023606 
0.00023605 
0.00023641 
0.00023699 
0.00023819 
0.00023781 
0.00023607 
0.00023566 
0.00023639 
0.00023734 
0.00023770 
0.00023843 
0.00023770 
0.00023711 
0.00023752 
0.00023825 
0.00023630 
0.00023825 
0.00023700 
0.00023699 
0.00023770 
0.00023748 
0.00023597 
0.00023500 
0.00023489 
0.00023513 
0.00023375 
0.00023200 
0.00023200 
0.00023252 
0.00023376 
0.00023430 
0.00023546 
0.00023659 
0.00023669 
0.00023699 
0.00023571 
0.00023580 
0.00023762 
0.00024015 
0.00024022 
0.00024274 
0.00024315 
0.00024413 
0.00024140 
0.00024099 
0.00024072 
0.00024099 
0.00024060 
0.00024098 
0.00024099 
0.00024060 
0.00024072 
0.00024041 
0.00024031 
0.00024001 
0.00023901 
0.00023911 
0.00023929 
0.00024035 
0.00024073 
0.00024137 
0.00024043 
0.00024000 
0.00024012 
0.00024034 
0.00024023 
0.00024140 
0.00024328 
0.00024277 
0.00024288 
0.00024272 
0.00024303 
0.00024272 
0.00024272 
0.00024272 
0.00024272 
0.00024234 
0.00024220 
0.00024443 
0.00024465 
0.00024645 
0.00024762 
0.00024836 
0.00024804 
0.00024804 
0.00024849 
0.00024820 
0.00024710 
0.00024820 
0.00024797 
0.00024725 
0.00024710 
0.00024824 
0.00024635 
0.00024901 
0.00024910 
0.00025024 
0.00025074 
0.00025019 
0.00024901 
0.00025091 
0.00025185 
0.00025003 
0.00025384 
0.00025360 
0.00025492 
0.00025471 
0.00025508 
0.00025609 
0.00025568 
0.00025843 
0.00025599 
0.00025895 
0.00025995 
0.00025824 
0.00025906 
0.00026157 
0.00026210 
0.00025950 
0.00026239 
0.00026267 
0.00026286 
0.00026250 
0.00026303 
0.00026282 
0.00026210 
0.00026016 
0.00026021 
0.00025794 
0.00025727 
0.00026348 
0.00026023 
0.00026267 
0.00025860 
0.00025760 
0.00025979 
0.00026219 
0.00025999 
0.00025978 
0.00026304 
0.00026615 
0.00026666 
0.00026615 
0.00026615 
0.00026619 
0.00026636 
0.00026645 
0.00026645 
0.00026617 
0.00026609 
0.00026490 
0.00026690 
0.00026889 
0.00026898 
0.00027043 
0.00027178 
0.00027863 
0.00027975 
0.00027915 
0.00027650 
0.00027523 
0.00027400 
0.00027678 
0.00027709 
0.00027597 
0.00027217 
0.00027001 
0.00027000 
0.00026900 
0.00026999 
0.00027062 
0.00027067 
0.00027113 
0.00026772 
0.00026851 
0.00026712 
0.00026666 
0.00026873 
0.00026611 
0.00026641 
0.00026799 
0.00026632 
0.00026605 
0.00026417 
0.00026509 
0.00026382 
0.00027000 
0.00027296 
0.00027936 
0.00027289 
0.00027250 
0.00026700 
0.00026699 
0.00026694 
0.00026710 
0.00026974 
0.00026659 
0.00026600 
0.00026590 
0.00026599 
0.00026327 
0.00026650 
0.00026740 
0.00026288 
0.00026300 
0.00026225 
0.00026368 
0.00026319 
0.00026294 
0.00026000 
0.00025998 
0.00025999 
0.00025922 
0.00026011 
0.00030900 
0.00030759 
0.00030845 
0.00030838 
0.00030874 
0.00030728 
0.00030700 
0.00030771 
0.00030820 
0.00030730 
0.00030722 
0.00030584 
0.00030538 
0.00030608 
0.00030837 
0.00030416 
0.00030604 
0.00030850 
0.00030915 
0.00031006 
0.00031081 
0.00031130 
0.00031219 
0.00031244 
0.00031617 
0.00031199 
0.00031064 
0.00031161 
0.00030817 
0.00030800 
0.00030898 
0.00030810 
0.00030335 
0.00030380 
0.00030293 
0.00030695 
0.00030638 
0.00031373 
0.00031570 
0.00031763 
0.00031435 
0.00030957 
0.00030966 
0.00031261 
0.00031300 
0.00031545 
0.00031505 
0.00031999 
0.00031540 
0.00031405 
0.00031249 
0.00031090 
0.00031149 
0.00031072 
0.00031062 
0.00030751 
0.00030838 
0.00030901 
0.00030211 
0.00030143 
0.00030168 
0.00030048 
0.00029994 
0.00030155 
0.00030200 
0.00030300 
0.00030097 
0.00030454 
0.00030801 
0.00031093 
0.00031290 
0.00030404 
0.00030230 
0.00030496 
0.00030500 
0.00029674 
0.00029396 
0.00029967 
0.00030565 
0.00030635 
0.00030680 
0.00030881 
0.00031110 
0.00030941 
0.00030502 
0.00030564 
0.00030900 
0.00031189 
0.00031762 
0.00031250 
0.00031995 
0.00032399 
0.00033105 
0.00032429 
0.00032275 
0.00031418 
0.00031451 
0.00031180 
0.00031000 
0.00030895 
0.00031720 
0.00032370 
0.00034211 
0.00032970 
0.00032010 
0.00031500 
0.00031000 
0.00030720 
0.00030450 
0.00030212 
0.00030285 
0.00030380 
0.00029883 
0.00030379 
0.00030399 
0.00030196 
0.00030259 
0.00029772 
0.00030193 
0.00029980 
0.00029312 
0.00029238 
0.00029202 
0.00028701 
0.00028002 
0.00029069 
0.00028796 
0.00028365 
0.00028289 
0.00027471 
0.00027632 
0.00027420 
0.00027770 
0.00027430 
0.00027308 
0.00027143 
0.00027035 
0.00027149 
0.00027168 
0.00027165 
0.00026944 
0.00027046 
0.00027026 
0.00027072 
0.00027122 
0.00026983 
0.00026999 
0.00027122 
0.00026532 
0.00026644 
0.00026189 
0.00026187 
0.00026186 
0.00025864 
0.00025705 
0.00026197 
0.00026232 
0.00025991 
0.00026055 
0.00026202 
0.00026205 
0.00026358 
0.00026064 
0.00025872 
0.00026034 
0.00026035 
0.00025750 
0.00025913 
0.00025650 
0.00025629 
0.00025629 
0.00025550 
0.00025383 
0.00025280 
0.00025330 
0.00025467 
0.00025396 
0.00025378 
0.00025409 
0.00025509 
0.00025348 
0.00025641 
0.00025528 
0.00025426 
0.00025350 
0.00025198 
0.00025312 
0.00025212 
0.00025151 
0.00025056 
0.00025070 
0.00025092 
0.00025191 
0.00024908 
0.00024910 
0.00024975 
0.00024769 
0.00024935 
0.00024773 
0.00024674 
0.00024838 
0.00024808 
0.00024850 
0.00024770 
0.00024620 
0.00024700 
0.00024703 
0.00024918 
0.00024878 
0.00024839 
0.00024702 
0.00024691 
0.00024727 
0.00024761 
0.00024823 
0.00024698 
0.00024895 
0.00024913 
0.00024998 
0.00025200 
0.00025202 
0.00025281 
0.00025203 
0.00025114 
0.00024970 
0.00024968 
0.00024974 
0.00024860 
0.00024868 
0.00024942 
0.00024881 
0.00024870 
0.00024894 
0.00024797 
0.00024890 
0.00024889 
0.00024834 
0.00024818 
0.00024878 
0.00024893 
0.00024475 
0.00024553 
0.00024024 
0.00024002 
0.00023946 
0.00023555 
0.00023599 
0.00023559 
0.00023778 
0.00023836 
0.00023843 
0.00023843 
0.00023725 
0.00023830 
0.00023830 
0.00023743 
0.00023818 
0.00023800 
0.00023832 
0.00023533 
0.00023534 
0.00023532 
0.00023518 
0.00023515 
0.00023602 
0.00023606 
0.00023605 
0.00023641 
0.00023699 
0.00023819 
0.00023781 
0.00023607 
0.00023566 
0.00023639 
0.00023734 
0.00023770 
0.00023843 
0.00023770 
0.00023711 
0.00023752 
0.00023825 
0.00023630 
0.00023825 
0.00023700 
0.00023699 
0.00023770 
0.00023748 
0.00023597 
0.00023500 
0.00023489 
0.00023513 
0.00023375 
0.00023200 
0.00023200 
0.00023252 
0.00023376 
0.00023430 
0.00023546 
0.00023659 
0.00023669 
0.00023699 
0.00023571 
0.00023580 
0.00023762 
0.00024015 
0.00024022 
0.00024274 
0.00024315 
0.00024413 
0.00024140 
0.00024099 
0.00024072 
0.00024099 
0.00024060 
0.00024098 
0.00024099 
0.00024060 
0.00024072 
0.00024041 
0.00024031 
0.00024001 
0.00023901 
0.00023911 
0.00023929 
0.00024035 
0.00024073 
0.00024137 
0.00024043 
0.00024000 
0.00024012 
0.00024034 
0.00024023 
0.00024140 
0.00024328 
0.00024277 
0.00024288 
0.00024272 
0.00024303 
0.00024272 
0.00024272 
0.00024272 
0.00024272 
0.00024234 
0.00024220 
0.00024443 
0.00024465 
0.00024645 
0.00024762 
0.00024836 
0.00024804 
0.00024804 
0.00024849 
0.00024820 
0.00024710 
0.00024820 
0.00024797 
0.00024725 
0.00024710 
0.00024824 
0.00024635 
0.00024901 
0.00024910 
0.00025024 
0.00025074 
0.00025019 
0.00024901 
0.00025091 
0.00025185 
0.00025003 
0.00025384 
0.00025360 
0.00025492 
0.00025471 
0.00025508 
0.00025609 
0.00025568 
0.00025843 
0.00025599 
0.00025895 
0.00025995 
0.00025824 
0.00025906 
0.00026157 
0.00026210 
0.00025950 
0.00026239 
0.00026267 
0.00026286 
0.00026250 
0.00026303 
0.00026282 
0.00026210 
0.00026016 
0.00026021 
0.00025794 
0.00025727 
0.00026348 
0.00026023 
0.00026267 
0.00025860 
0.00025760 
0.00025979 
0.00026219 
0.00025999 
0.00025978 
0.00026304 
0.00026615 
0.00026666 
0.00026615 
0.00026615 
0.00026619 
0.00026636 
0.00026645 
0.00026645 
0.00026617 
0.00026609 
0.00026490 
0.00026690 
0.00026889 
0.00026898 
0.00027043 
0.00027178 
0.00027863 
0.00027975 
0.00027915 
0.00027650 
0.00027523 
0.00027400 
0.00027678 
0.00027709 
0.00027597 
0.00027217 
0.00027001 
0.00027000 
0.00026900 
0.00026999 
0.00027062 
0.00027067 
0.00027113 
0.00026772 
0.00026851 
0.00026712 
0.00026666 
0.00026873 
0.00026611 
0.00026641 
0.00026799 
0.00026632 
0.00026605 
0.00026417 
0.00026509 
0.00026382 
0.00027000 
0.00027296 
0.00027936 
0.00027289 
0.00027250 
0.00026700 
0.00026699 
0.00026694 
0.00026710 
0.00026974 
0.00026659 
0.00026600 
0.00026590 
0.00026599 
0.00026327 
0.00026650 
0.00026740 
0.00026288 
0.00026300 
0.00026225 
0.00026368 
0.00026319 
0.00026294 
0.00026000 
0.00025998 
0.00025999 
0.00025922 
0.00026011 
