1436.00000000 
1469.00000000 
826.00000000 
572.00000000 
1338.00000000 
5526.00000000 
6897.00000000 
1938.00000000 
914.00000000 
2746.00000000 
383.00000000 
2949.00000000 
3259.00000000 
3528.00000000 
3528.00000000 
12617.00000000 
25086.00000000 
13345.00000000 
2542.00000000 
2536.00000000 
3034.00000000 
3980.00000000 
4609.00000000 
12566.00000000 
29396.00000000 
11634.00000000 
7621.00000000 
7075.00000000 
2984.00000000 
2595.00000000 
5300.00000000 
5950.00000000 
9711.00000000 
8127.00000000 
10766.00000000 
9795.00000000 
11545.00000000 
21674.00000000 
6589.00000000 
3233.00000000 
2934.00000000 
6831.00000000 
2471.00000000 
13121.00000000 
11528.00000000 
4343.00000000 
4696.00000000 
5416.00000000 
9417.00000000 
5680.00000000 
3956.00000000 
5107.00000000 
5568.00000000 
3217.00000000 
2467.00000000 
3324.00000000 
3020.00000000 
9429.00000000 
6913.00000000 
2498.00000000 
2494.00000000 
1581.00000000 
5850.00000000 
1077.00000000 
6079.00000000 
3909.00000000 
3659.00000000 
4951.00000000 
4941.00000000 
3115.00000000 
10664.00000000 
7115.00000000 
5717.00000000 
3536.00000000 
6431.00000000 
17019.00000000 
13917.00000000 
15968.00000000 
11338.00000000 
8550.00000000 
7415.00000000 
8947.00000000 
3052.00000000 
15446.00000000 
4323.00000000 
6403.00000000 
17088.00000000 
8345.00000000 
16769.00000000 
15588.00000000 
16918.00000000 
7967.00000000 
15465.00000000 
21145.00000000 
28062.00000000 
33302.00000000 
14282.00000000 
16031.00000000 
18149.00000000 
25074.00000000 
45806.00000000 
26064.00000000 
70434.00000000 
60963.00000000 
45634.00000000 
20405.00000000 
21164.00000000 
8625.00000000 
7794.00000000 
3381.00000000 
4230.00000000 
5765.00000000 
6570.00000000 
10669.00000000 
11229.00000000 
15093.00000000 
8069.00000000 
6275.00000000 
18675.00000000 
14454.00000000 
5821.00000000 
5320.00000000 
8689.00000000 
5584.00000000 
6344.00000000 
17356.00000000 
6028.00000000 
11222.00000000 
8773.00000000 
10978.00000000 
2670.00000000 
3440.00000000 
3486.00000000 
1512.00000000 
3165.00000000 
3321.00000000 
888.00000000 
778.00000000 
1231.00000000 
1256.00000000 
1906.00000000 
3519.00000000 
7673.00000000 
2894.00000000 
5402.00000000 
2462.00000000 
4177.00000000 
6159.00000000 
4636.00000000 
2412.00000000 
13978.00000000 
7910.00000000 
2499.00000000 
2337.00000000 
1702.00000000 
3892.00000000 
1028.00000000 
6958.00000000 
18606.00000000 
5092.00000000 
1460.00000000 
3497.00000000 
1436.00000000 
1254.00000000 
331.00000000 
2480.00000000 
3655.00000000 
1420.00000000 
1151.00000000 
134.00000000 
211.00000000 
3056.00000000 
1579.00000000 
2652.00000000 
2182.00000000 
804.00000000 
969.00000000 
98.00000000 
355.00000000 
215.00000000 
3533.00000000 
6560.00000000 
425.00000000 
1515.00000000 
108.00000000 
153.00000000 
372.00000000 
97.00000000 
844.00000000 
2311.00000000 
1157.00000000 
1466.00000000 
382.00000000 
844.00000000 
87.00000000 
987.00000000 
343.00000000 
751.00000000 
506.00000000 
338.00000000 
2072.00000000 
1891.00000000 
644.00000000 
907.00000000 
39.00000000 
1750.00000000 
1924.00000000 
1172.00000000 
26.00000000 
273.00000000 
186.00000000 
1967.00000000 
3028.00000000 
408.00000000 
897.00000000 
3480.00000000 
239.00000000 
707.00000000 
4052.00000000 
3043.00000000 
1293.00000000 
613.00000000 
1152.00000000 
1303.00000000 
4648.00000000 
313.00000000 
1846.00000000 
474.00000000 
219.00000000 
972.00000000 
2006.00000000 
1603.00000000 
1011.00000000 
992.00000000 
2858.00000000 
1536.00000000 
1543.00000000 
3745.00000000 
1053.00000000 
4261.00000000 
2561.00000000 
2058.00000000 
2754.00000000 
2209.00000000 
1534.00000000 
2619.00000000 
2006.00000000 
2722.00000000 
15269.00000000 
971.00000000 
984.00000000 
3027.00000000 
120.00000000 
122.00000000 
848.00000000 
1827.00000000 
2223.00000000 
1272.00000000 
1420.00000000 
718.00000000 
94.00000000 
2213.00000000 
405.00000000 
1945.00000000 
10850.00000000 
3932.00000000 
133.00000000 
486.00000000 
1575.00000000 
241.00000000 
1614.00000000 
1138.00000000 
41.00000000 
2283.00000000 
797.00000000 
1004.00000000 
107.00000000 
61.00000000 
1796.00000000 
942.00000000 
308.00000000 
1623.00000000 
1602.00000000 
2227.00000000 
809.00000000 
158.00000000 
2086.00000000 
1134.00000000 
6632.00000000 
1256.00000000 
879.00000000 
2716.00000000 
2365.00000000 
2541.00000000 
6029.00000000 
1018.00000000 
830.00000000 
1320.00000000 
4932.00000000 
1801.00000000 
3151.00000000 
946.00000000 
588.00000000 
691.00000000 
2487.00000000 
2396.00000000 
6362.00000000 
1301.00000000 
30.00000000 
687.00000000 
4951.00000000 
1339.00000000 
1643.00000000 
1937.00000000 
699.00000000 
4422.00000000 
1061.00000000 
3395.00000000 
4253.00000000 
750.00000000 
781.00000000 
2319.00000000 
536.00000000 
1410.00000000 
3155.00000000 
4533.00000000 
2217.00000000 
3732.00000000 
5711.00000000 
4973.00000000 
6060.00000000 
1719.00000000 
1957.00000000 
18999.00000000 
4044.00000000 
3539.00000000 
2560.00000000 
2447.00000000 
1719.00000000 
204.00000000 
1713.00000000 
476.00000000 
760.00000000 
3381.00000000 
489.00000000 
741.00000000 
18023.00000000 
1050.00000000 
5116.00000000 
2642.00000000 
2030.00000000 
8408.00000000 
8523.00000000 
3783.00000000 
858.00000000 
3930.00000000 
1086.00000000 
1230.00000000 
653.00000000 
3430.00000000 
2946.00000000 
2304.00000000 
2028.00000000 
1278.00000000 
640.00000000 
1345.00000000 
2198.00000000 
2982.00000000 
4446.00000000 
5282.00000000 
1168.00000000 
2226.00000000 
872.00000000 
4349.00000000 
2913.00000000 
689.00000000 
790.00000000 
272.00000000 
1155.00000000 
17777.00000000 
750.00000000 
440.00000000 
1555.00000000 
4299.00000000 
4117.00000000 
1569.00000000 
1165.00000000 
2529.00000000 
5858.00000000 
735.00000000 
7957.00000000 
3751.00000000 
9284.00000000 
7263.00000000 
10924.00000000 
414.00000000 
3612.00000000 
2773.00000000 
3464.00000000 
5985.00000000 
2347.00000000 
711.00000000 
449.00000000 
234.00000000 
4067.00000000 
2045.00000000 
7626.00000000 
732.00000000 
250.00000000 
741.00000000 
78.00000000 
3103.00000000 
980.00000000 
1147.00000000 
535.00000000 
210.00000000 
605.00000000 
714.00000000 
1285.00000000 
300.00000000 
695.00000000 
2082.00000000 
10137.00000000 
426.00000000 
1195.00000000 
865.00000000 
2350.00000000 
3086.00000000 
2904.00000000 
2942.00000000 
350.00000000 
6624.00000000 
5132.00000000 
1380.00000000 
1767.00000000 
247.00000000 
609.00000000 
1994.00000000 
342.00000000 
602.00000000 
456.00000000 
95.00000000 
1076.00000000 
571.00000000 
2448.00000000 
1974.00000000 
959.00000000 
2771.00000000 
725.00000000 
869.00000000 
4638.00000000 
1017.00000000 
5094.00000000 
8112.00000000 
12572.00000000 
10513.00000000 
9232.00000000 
13323.00000000 
2508.00000000 
714.00000000 
364.00000000 
863.00000000 
942.00000000 
753.00000000 
1253.00000000 
2055.00000000 
1192.00000000 
4011.00000000 
3129.00000000 
1162.00000000 
2098.00000000 
1364.00000000 
753.00000000 
9517.00000000 
3014.00000000 
2091.00000000 
2546.00000000 
236.00000000 
4569.00000000 
972.00000000 
1436.00000000 
1469.00000000 
826.00000000 
572.00000000 
1338.00000000 
5526.00000000 
6897.00000000 
1938.00000000 
914.00000000 
2746.00000000 
383.00000000 
2949.00000000 
3259.00000000 
3528.00000000 
3528.00000000 
12617.00000000 
25086.00000000 
13345.00000000 
2542.00000000 
2536.00000000 
3034.00000000 
3980.00000000 
4609.00000000 
12566.00000000 
29396.00000000 
11634.00000000 
7621.00000000 
7075.00000000 
2984.00000000 
2595.00000000 
5300.00000000 
5950.00000000 
9711.00000000 
8127.00000000 
10766.00000000 
9795.00000000 
11545.00000000 
21674.00000000 
6589.00000000 
3233.00000000 
2934.00000000 
6831.00000000 
2471.00000000 
13121.00000000 
11528.00000000 
4343.00000000 
4696.00000000 
5416.00000000 
9417.00000000 
5680.00000000 
3956.00000000 
5107.00000000 
5568.00000000 
3217.00000000 
2467.00000000 
3324.00000000 
3020.00000000 
9429.00000000 
6913.00000000 
2498.00000000 
2494.00000000 
1581.00000000 
5850.00000000 
1077.00000000 
6079.00000000 
3909.00000000 
3659.00000000 
4951.00000000 
4941.00000000 
3115.00000000 
10664.00000000 
7115.00000000 
5717.00000000 
3536.00000000 
6431.00000000 
17019.00000000 
13917.00000000 
15968.00000000 
11338.00000000 
8550.00000000 
7415.00000000 
8947.00000000 
3052.00000000 
15446.00000000 
4323.00000000 
6403.00000000 
17088.00000000 
8345.00000000 
16769.00000000 
15588.00000000 
16918.00000000 
7967.00000000 
15465.00000000 
21145.00000000 
28062.00000000 
33302.00000000 
14282.00000000 
16031.00000000 
18149.00000000 
25074.00000000 
45806.00000000 
26064.00000000 
70434.00000000 
60963.00000000 
45634.00000000 
20405.00000000 
21164.00000000 
8625.00000000 
7794.00000000 
3381.00000000 
4230.00000000 
5765.00000000 
6570.00000000 
10669.00000000 
11229.00000000 
15093.00000000 
8069.00000000 
6275.00000000 
18675.00000000 
14454.00000000 
5821.00000000 
5320.00000000 
8689.00000000 
5584.00000000 
6344.00000000 
17356.00000000 
6028.00000000 
11222.00000000 
8773.00000000 
10978.00000000 
2670.00000000 
3440.00000000 
3486.00000000 
1512.00000000 
3165.00000000 
3321.00000000 
888.00000000 
778.00000000 
1231.00000000 
1256.00000000 
1906.00000000 
3519.00000000 
7673.00000000 
2894.00000000 
5402.00000000 
2462.00000000 
4177.00000000 
6159.00000000 
4636.00000000 
2412.00000000 
13978.00000000 
7910.00000000 
2499.00000000 
2337.00000000 
1702.00000000 
3892.00000000 
1028.00000000 
6958.00000000 
18606.00000000 
5092.00000000 
1460.00000000 
3497.00000000 
1436.00000000 
1254.00000000 
331.00000000 
2480.00000000 
3655.00000000 
1420.00000000 
1151.00000000 
134.00000000 
211.00000000 
3056.00000000 
1579.00000000 
2652.00000000 
2182.00000000 
804.00000000 
969.00000000 
98.00000000 
355.00000000 
215.00000000 
3533.00000000 
6560.00000000 
425.00000000 
1515.00000000 
108.00000000 
153.00000000 
372.00000000 
97.00000000 
844.00000000 
2311.00000000 
1157.00000000 
1466.00000000 
382.00000000 
844.00000000 
87.00000000 
987.00000000 
343.00000000 
751.00000000 
506.00000000 
338.00000000 
2072.00000000 
1891.00000000 
644.00000000 
907.00000000 
39.00000000 
1750.00000000 
1924.00000000 
1172.00000000 
26.00000000 
273.00000000 
186.00000000 
1967.00000000 
3028.00000000 
408.00000000 
897.00000000 
3480.00000000 
239.00000000 
707.00000000 
4052.00000000 
3043.00000000 
1293.00000000 
613.00000000 
1152.00000000 
1303.00000000 
4648.00000000 
313.00000000 
1846.00000000 
474.00000000 
219.00000000 
972.00000000 
2006.00000000 
1603.00000000 
1011.00000000 
992.00000000 
2858.00000000 
1536.00000000 
1543.00000000 
3745.00000000 
1053.00000000 
4261.00000000 
2561.00000000 
2058.00000000 
2754.00000000 
2209.00000000 
1534.00000000 
2619.00000000 
2006.00000000 
2722.00000000 
15269.00000000 
971.00000000 
984.00000000 
3027.00000000 
120.00000000 
122.00000000 
848.00000000 
1827.00000000 
2223.00000000 
1272.00000000 
1420.00000000 
718.00000000 
94.00000000 
2213.00000000 
405.00000000 
1945.00000000 
10850.00000000 
3932.00000000 
133.00000000 
486.00000000 
1575.00000000 
241.00000000 
1614.00000000 
1138.00000000 
41.00000000 
2283.00000000 
797.00000000 
1004.00000000 
107.00000000 
61.00000000 
1796.00000000 
942.00000000 
308.00000000 
1623.00000000 
1602.00000000 
2227.00000000 
809.00000000 
158.00000000 
2086.00000000 
1134.00000000 
6632.00000000 
1256.00000000 
879.00000000 
2716.00000000 
2365.00000000 
2541.00000000 
6029.00000000 
1018.00000000 
830.00000000 
1320.00000000 
4932.00000000 
1801.00000000 
3151.00000000 
946.00000000 
588.00000000 
691.00000000 
2487.00000000 
2396.00000000 
6362.00000000 
1301.00000000 
30.00000000 
687.00000000 
4951.00000000 
1339.00000000 
1643.00000000 
1937.00000000 
699.00000000 
4422.00000000 
1061.00000000 
3395.00000000 
4253.00000000 
750.00000000 
781.00000000 
2319.00000000 
536.00000000 
1410.00000000 
3155.00000000 
4533.00000000 
2217.00000000 
3732.00000000 
5711.00000000 
4973.00000000 
6060.00000000 
1719.00000000 
1957.00000000 
18999.00000000 
4044.00000000 
3539.00000000 
2560.00000000 
2447.00000000 
1719.00000000 
204.00000000 
1713.00000000 
476.00000000 
760.00000000 
3381.00000000 
489.00000000 
741.00000000 
18023.00000000 
1050.00000000 
5116.00000000 
2642.00000000 
2030.00000000 
8408.00000000 
8523.00000000 
3783.00000000 
858.00000000 
3930.00000000 
1086.00000000 
1230.00000000 
653.00000000 
3430.00000000 
2946.00000000 
2304.00000000 
2028.00000000 
1278.00000000 
640.00000000 
1345.00000000 
2198.00000000 
2982.00000000 
4446.00000000 
5282.00000000 
1168.00000000 
2226.00000000 
872.00000000 
4349.00000000 
2913.00000000 
689.00000000 
790.00000000 
272.00000000 
1155.00000000 
17777.00000000 
750.00000000 
440.00000000 
1555.00000000 
4299.00000000 
4117.00000000 
1569.00000000 
1165.00000000 
2529.00000000 
5858.00000000 
735.00000000 
7957.00000000 
3751.00000000 
9284.00000000 
7263.00000000 
10924.00000000 
414.00000000 
3612.00000000 
2773.00000000 
3464.00000000 
5985.00000000 
2347.00000000 
711.00000000 
449.00000000 
234.00000000 
4067.00000000 
2045.00000000 
7626.00000000 
732.00000000 
250.00000000 
741.00000000 
78.00000000 
3103.00000000 
980.00000000 
1147.00000000 
535.00000000 
210.00000000 
605.00000000 
714.00000000 
1285.00000000 
300.00000000 
695.00000000 
2082.00000000 
10137.00000000 
426.00000000 
1195.00000000 
865.00000000 
2350.00000000 
3086.00000000 
2904.00000000 
2942.00000000 
350.00000000 
6624.00000000 
5132.00000000 
1380.00000000 
1767.00000000 
247.00000000 
609.00000000 
1994.00000000 
342.00000000 
602.00000000 
456.00000000 
95.00000000 
1076.00000000 
571.00000000 
2448.00000000 
1974.00000000 
959.00000000 
2771.00000000 
725.00000000 
869.00000000 
4638.00000000 
1017.00000000 
5094.00000000 
8112.00000000 
12572.00000000 
10513.00000000 
9232.00000000 
13323.00000000 
2508.00000000 
714.00000000 
364.00000000 
863.00000000 
942.00000000 
753.00000000 
1253.00000000 
2055.00000000 
1192.00000000 
4011.00000000 
3129.00000000 
1162.00000000 
2098.00000000 
1364.00000000 
753.00000000 
9517.00000000 
3014.00000000 
2091.00000000 
2546.00000000 
236.00000000 
4569.00000000 
972.00000000 
1436.00000000 
1469.00000000 
826.00000000 
572.00000000 
1338.00000000 
5526.00000000 
6897.00000000 
1938.00000000 
914.00000000 
2746.00000000 
383.00000000 
2949.00000000 
3259.00000000 
3528.00000000 
3528.00000000 
12617.00000000 
25086.00000000 
13345.00000000 
2542.00000000 
2536.00000000 
3034.00000000 
3980.00000000 
4609.00000000 
12566.00000000 
29396.00000000 
11634.00000000 
7621.00000000 
7075.00000000 
2984.00000000 
2595.00000000 
5300.00000000 
5950.00000000 
9711.00000000 
8127.00000000 
10766.00000000 
9795.00000000 
11545.00000000 
21674.00000000 
6589.00000000 
3233.00000000 
2934.00000000 
6831.00000000 
2471.00000000 
13121.00000000 
11528.00000000 
4343.00000000 
4696.00000000 
5416.00000000 
9417.00000000 
5680.00000000 
3956.00000000 
5107.00000000 
5568.00000000 
3217.00000000 
2467.00000000 
3324.00000000 
3020.00000000 
9429.00000000 
6913.00000000 
2498.00000000 
2494.00000000 
1581.00000000 
5850.00000000 
1077.00000000 
6079.00000000 
3909.00000000 
3659.00000000 
4951.00000000 
4941.00000000 
3115.00000000 
10664.00000000 
7115.00000000 
5717.00000000 
3536.00000000 
6431.00000000 
17019.00000000 
13917.00000000 
15968.00000000 
11338.00000000 
8550.00000000 
7415.00000000 
8947.00000000 
3052.00000000 
15446.00000000 
4323.00000000 
6403.00000000 
17088.00000000 
8345.00000000 
16769.00000000 
15588.00000000 
16918.00000000 
7967.00000000 
15465.00000000 
21145.00000000 
28062.00000000 
33302.00000000 
14282.00000000 
16031.00000000 
18149.00000000 
25074.00000000 
45806.00000000 
26064.00000000 
70434.00000000 
60963.00000000 
45634.00000000 
20405.00000000 
21164.00000000 
8625.00000000 
7794.00000000 
3381.00000000 
4230.00000000 
5765.00000000 
6570.00000000 
10669.00000000 
11229.00000000 
15093.00000000 
8069.00000000 
6275.00000000 
18675.00000000 
14454.00000000 
5821.00000000 
5320.00000000 
8689.00000000 
5584.00000000 
6344.00000000 
17356.00000000 
6028.00000000 
11222.00000000 
8773.00000000 
10978.00000000 
2670.00000000 
3440.00000000 
3486.00000000 
1512.00000000 
3165.00000000 
3321.00000000 
888.00000000 
778.00000000 
1231.00000000 
1256.00000000 
1906.00000000 
3519.00000000 
7673.00000000 
2894.00000000 
5402.00000000 
2462.00000000 
4177.00000000 
6159.00000000 
4636.00000000 
2412.00000000 
13978.00000000 
7910.00000000 
2499.00000000 
2337.00000000 
1702.00000000 
3892.00000000 
1028.00000000 
6958.00000000 
18606.00000000 
5092.00000000 
1460.00000000 
3497.00000000 
1436.00000000 
1254.00000000 
331.00000000 
2480.00000000 
3655.00000000 
1420.00000000 
1151.00000000 
134.00000000 
211.00000000 
3056.00000000 
1579.00000000 
2652.00000000 
2182.00000000 
804.00000000 
969.00000000 
98.00000000 
355.00000000 
215.00000000 
3533.00000000 
6560.00000000 
425.00000000 
1515.00000000 
108.00000000 
153.00000000 
372.00000000 
97.00000000 
844.00000000 
2311.00000000 
1157.00000000 
1466.00000000 
382.00000000 
844.00000000 
87.00000000 
987.00000000 
343.00000000 
751.00000000 
506.00000000 
338.00000000 
2072.00000000 
1891.00000000 
644.00000000 
907.00000000 
39.00000000 
1750.00000000 
1924.00000000 
1172.00000000 
26.00000000 
273.00000000 
186.00000000 
1967.00000000 
3028.00000000 
408.00000000 
897.00000000 
3480.00000000 
239.00000000 
707.00000000 
4052.00000000 
3043.00000000 
1293.00000000 
613.00000000 
1152.00000000 
1303.00000000 
4648.00000000 
313.00000000 
1846.00000000 
474.00000000 
219.00000000 
972.00000000 
2006.00000000 
1603.00000000 
1011.00000000 
992.00000000 
2858.00000000 
1536.00000000 
1543.00000000 
3745.00000000 
1053.00000000 
4261.00000000 
2561.00000000 
2058.00000000 
2754.00000000 
2209.00000000 
1534.00000000 
2619.00000000 
2006.00000000 
2722.00000000 
15269.00000000 
971.00000000 
984.00000000 
3027.00000000 
120.00000000 
122.00000000 
848.00000000 
1827.00000000 
2223.00000000 
1272.00000000 
1420.00000000 
718.00000000 
94.00000000 
2213.00000000 
405.00000000 
1945.00000000 
10850.00000000 
3932.00000000 
133.00000000 
486.00000000 
1575.00000000 
241.00000000 
1614.00000000 
1138.00000000 
41.00000000 
2283.00000000 
797.00000000 
1004.00000000 
107.00000000 
61.00000000 
1796.00000000 
942.00000000 
308.00000000 
1623.00000000 
1602.00000000 
2227.00000000 
809.00000000 
158.00000000 
2086.00000000 
1134.00000000 
6632.00000000 
1256.00000000 
879.00000000 
2716.00000000 
2365.00000000 
2541.00000000 
6029.00000000 
1018.00000000 
830.00000000 
1320.00000000 
4932.00000000 
1801.00000000 
3151.00000000 
946.00000000 
588.00000000 
691.00000000 
2487.00000000 
2396.00000000 
6362.00000000 
1301.00000000 
30.00000000 
687.00000000 
4951.00000000 
1339.00000000 
1643.00000000 
1937.00000000 
699.00000000 
4422.00000000 
1061.00000000 
3395.00000000 
4253.00000000 
750.00000000 
781.00000000 
2319.00000000 
536.00000000 
1410.00000000 
3155.00000000 
4533.00000000 
2217.00000000 
3732.00000000 
5711.00000000 
4973.00000000 
6060.00000000 
1719.00000000 
1957.00000000 
18999.00000000 
4044.00000000 
3539.00000000 
2560.00000000 
2447.00000000 
1719.00000000 
204.00000000 
1713.00000000 
476.00000000 
760.00000000 
3381.00000000 
489.00000000 
741.00000000 
18023.00000000 
1050.00000000 
5116.00000000 
2642.00000000 
2030.00000000 
8408.00000000 
8523.00000000 
3783.00000000 
858.00000000 
3930.00000000 
1086.00000000 
1230.00000000 
653.00000000 
3430.00000000 
2946.00000000 
2304.00000000 
2028.00000000 
1278.00000000 
640.00000000 
1345.00000000 
2198.00000000 
2982.00000000 
4446.00000000 
5282.00000000 
1168.00000000 
2226.00000000 
872.00000000 
4349.00000000 
2913.00000000 
689.00000000 
790.00000000 
272.00000000 
1155.00000000 
17777.00000000 
750.00000000 
440.00000000 
1555.00000000 
4299.00000000 
4117.00000000 
1569.00000000 
1165.00000000 
2529.00000000 
5858.00000000 
735.00000000 
7957.00000000 
3751.00000000 
9284.00000000 
7263.00000000 
10924.00000000 
414.00000000 
3612.00000000 
2773.00000000 
3464.00000000 
5985.00000000 
2347.00000000 
711.00000000 
449.00000000 
234.00000000 
4067.00000000 
2045.00000000 
7626.00000000 
732.00000000 
250.00000000 
741.00000000 
78.00000000 
3103.00000000 
980.00000000 
1147.00000000 
535.00000000 
210.00000000 
605.00000000 
714.00000000 
1285.00000000 
300.00000000 
695.00000000 
2082.00000000 
10137.00000000 
426.00000000 
1195.00000000 
865.00000000 
2350.00000000 
3086.00000000 
2904.00000000 
2942.00000000 
350.00000000 
6624.00000000 
5132.00000000 
1380.00000000 
1767.00000000 
247.00000000 
609.00000000 
1994.00000000 
342.00000000 
602.00000000 
456.00000000 
95.00000000 
1076.00000000 
571.00000000 
2448.00000000 
1974.00000000 
959.00000000 
2771.00000000 
725.00000000 
869.00000000 
4638.00000000 
1017.00000000 
5094.00000000 
8112.00000000 
12572.00000000 
10513.00000000 
9232.00000000 
13323.00000000 
2508.00000000 
714.00000000 
364.00000000 
863.00000000 
942.00000000 
753.00000000 
1253.00000000 
2055.00000000 
1192.00000000 
4011.00000000 
3129.00000000 
1162.00000000 
2098.00000000 
1364.00000000 
753.00000000 
9517.00000000 
3014.00000000 
2091.00000000 
2546.00000000 
236.00000000 
4569.00000000 
972.00000000 
