0.00030973 
0.00030900 
0.00030759 
0.00030782 
0.00030838 
0.00030763 
0.00030728 
0.00030700 
0.00030800 
0.00030822 
0.00030797 
0.00030802 
0.00030584 
0.00030538 
0.00030608 
0.00030837 
0.00030416 
0.00030602 
0.00030850 
0.00030915 
0.00031006 
0.00031081 
0.00031130 
0.00031219 
0.00031146 
0.00031775 
0.00031199 
0.00031064 
0.00031161 
0.00030906 
0.00030895 
0.00030810 
0.00030810 
0.00030367 
0.00030380 
0.00030457 
0.00030897 
0.00030477 
0.00031993 
0.00031600 
0.00031763 
0.00031435 
0.00030957 
0.00030825 
0.00031261 
0.00031461 
0.00031550 
0.00031500 
0.00031985 
0.00031810 
0.00031390 
0.00031305 
0.00031270 
0.00031113 
0.00031057 
0.00030860 
0.00030808 
0.00030838 
0.00030900 
0.00030364 
0.00030140 
0.00030170 
0.00030047 
0.00030015 
0.00030204 
0.00030258 
0.00030313 
0.00030156 
0.00030400 
0.00030797 
0.00031093 
0.00031272 
0.00030312 
0.00030240 
0.00030496 
0.00030500 
0.00029677 
0.00029399 
0.00029812 
0.00030565 
0.00030634 
0.00030681 
0.00030901 
0.00031110 
0.00030883 
0.00030562 
0.00030675 
0.00030900 
0.00031191 
0.00031897 
0.00031252 
0.00031996 
0.00032389 
0.00033102 
0.00032389 
0.00032109 
0.00031418 
0.00031460 
0.00030841 
0.00031000 
0.00030895 
0.00031700 
0.00032377 
0.00034201 
0.00033200 
0.00032010 
0.00031500 
0.00031004 
0.00030748 
0.00030480 
0.00030212 
0.00030287 
0.00030379 
0.00029850 
0.00030400 
0.00030400 
0.00030205 
0.00030259 
0.00029764 
0.00030036 
0.00029980 
0.00029470 
0.00029235 
0.00029203 
0.00028697 
0.00027988 
0.00029069 
0.00028573 
0.00028439 
0.00028290 
0.00027471 
0.00027553 
0.00027394 
0.00027770 
0.00027430 
0.00027302 
0.00027277 
0.00027133 
0.00027022 
0.00027166 
0.00027150 
0.00026925 
0.00027048 
0.00027094 
0.00027076 
0.00027135 
0.00027016 
0.00027016 
0.00027122 
0.00026534 
0.00026639 
0.00026178 
0.00026187 
0.00026165 
0.00025781 
0.00025862 
0.00026184 
0.00026389 
0.00025991 
0.00026206 
0.00026141 
0.00026203 
0.00026364 
0.00026064 
0.00025986 
0.00026035 
0.00026026 
0.00025912 
0.00025688 
0.00025629 
0.00025629 
0.00025487 
0.00025543 
0.00025438 
0.00025312 
0.00025380 
0.00025475 
0.00025225 
0.00025421 
0.00025437 
0.00025544 
0.00025347 
0.00025629 
0.00025528 
0.00025350 
0.00025432 
0.00025322 
0.00025322 
0.00025191 
0.00025372 
0.00025056 
0.00025065 
0.00025051 
0.00025178 
0.00024908 
0.00024802 
0.00024975 
0.00024769 
0.00024722 
0.00024843 
0.00024861 
0.00024623 
0.00024937 
0.00024850 
0.00024620 
0.00024698 
0.00024636 
0.00024703 
0.00024782 
0.00024918 
0.00024718 
0.00024698 
0.00024691 
0.00024695 
0.00024761 
0.00024717 
0.00024699 
0.00024875 
0.00024831 
0.00024998 
0.00025315 
0.00025319 
0.00025281 
0.00025189 
0.00025100 
0.00024970 
0.00024876 
0.00024974 
0.00024969 
0.00024974 
0.00024818 
0.00024702 
0.00024784 
0.00024974 
0.00024795 
0.00024840 
0.00024898 
0.00024823 
0.00024731 
0.00024885 
0.00024793 
0.00024465 
0.00024526 
0.00024018 
0.00024002 
0.00023684 
0.00023600 
0.00023599 
0.00023600 
0.00023671 
0.00023780 
0.00023840 
0.00023843 
0.00023843 
0.00023830 
0.00023830 
0.00023534 
0.00023812 
0.00023812 
0.00023832 
0.00023533 
0.00023521 
0.00023532 
0.00023526 
0.00023525 
0.00023605 
0.00023605 
0.00023601 
0.00023642 
0.00023812 
0.00023839 
0.00023638 
0.00023585 
0.00023650 
0.00023640 
0.00023734 
0.00023771 
0.00023843 
0.00023770 
0.00023844 
0.00023752 
0.00023762 
0.00023555 
0.00023825 
0.00023748 
0.00023698 
0.00023770 
0.00023748 
0.00023551 
0.00023500 
0.00023393 
0.00023514 
0.00023283 
0.00023200 
0.00023200 
0.00023250 
0.00023380 
0.00023430 
0.00023358 
0.00023514 
0.00023674 
0.00023699 
0.00023501 
0.00023749 
0.00023844 
0.00024032 
0.00024100 
0.00024289 
0.00024315 
0.00024315 
0.00024100 
0.00024072 
0.00024077 
0.00023995 
0.00024060 
0.00024099 
0.00024099 
0.00024060 
0.00024100 
0.00024064 
0.00024033 
0.00023911 
0.00023900 
0.00023901 
0.00023902 
0.00024072 
0.00024080 
0.00024256 
0.00024235 
0.00024000 
0.00024012 
0.00024023 
0.00024023 
0.00024143 
0.00024328 
0.00024277 
0.00024288 
0.00024272 
0.00024272 
0.00024222 
0.00024222 
0.00024232 
0.00024271 
0.00024249 
0.00024220 
0.00024221 
0.00024461 
0.00024645 
0.00024500 
0.00024800 
0.00024800 
0.00024805 
0.00024945 
0.00024702 
0.00024819 
0.00024823 
0.00024702 
0.00024700 
0.00024710 
0.00024880 
0.00024516 
0.00024901 
0.00024910 
0.00025024 
0.00025109 
0.00024949 
0.00024901 
0.00025092 
0.00025185 
0.00025000 
0.00025427 
0.00025203 
0.00025493 
0.00025471 
0.00025529 
0.00025825 
0.00025573 
0.00025844 
0.00025599 
0.00025895 
0.00026000 
0.00025824 
0.00025835 
0.00026157 
0.00026166 
0.00026174 
0.00026111 
0.00026081 
0.00026283 
0.00025990 
0.00026306 
0.00026228 
0.00026223 
0.00026021 
0.00026023 
0.00025993 
0.00025801 
0.00026349 
0.00026350 
0.00026239 
0.00025860 
0.00025761 
0.00025879 
0.00026028 
0.00025932 
0.00025979 
0.00026312 
0.00026666 
0.00026615 
0.00026666 
0.00026615 
0.00026367 
0.00026638 
0.00026618 
0.00026645 
0.00026510 
0.00026609 
0.00026490 
0.00026692 
0.00026889 
0.00026899 
0.00027048 
0.00027185 
0.00027863 
0.00027801 
0.00027938 
0.00027579 
0.00027649 
0.00027398 
0.00027688 
0.00027709 
0.00027645 
0.00027217 
0.00027001 
0.00026926 
0.00026900 
0.00027000 
0.00026939 
0.00026921 
0.00026863 
0.00027092 
0.00026852 
0.00026704 
0.00026666 
0.00026666 
0.00026730 
0.00026738 
0.00026600 
0.00026608 
0.00026550 
0.00026490 
0.00026509 
0.00026514 
0.00027000 
0.00027302 
0.00027655 
0.00027287 
0.00027250 
0.00026682 
0.00026699 
0.00026727 
0.00026897 
0.00026977 
0.00026520 
0.00026469 
0.00026643 
0.00026472 
0.00026461 
0.00026648 
0.00026783 
0.00026934 
0.00026184 
0.00026250 
0.00026368 
0.00026338 
0.00026294 
0.00026000 
0.00025998 
0.00025999 
0.00026000 
0.00030973 
0.00030900 
0.00030759 
0.00030782 
0.00030838 
0.00030763 
0.00030728 
0.00030700 
0.00030800 
0.00030822 
0.00030797 
0.00030802 
0.00030584 
0.00030538 
0.00030608 
0.00030837 
0.00030416 
0.00030602 
0.00030850 
0.00030915 
0.00031006 
0.00031081 
0.00031130 
0.00031219 
0.00031146 
0.00031775 
0.00031199 
0.00031064 
0.00031161 
0.00030906 
0.00030895 
0.00030810 
0.00030810 
0.00030367 
0.00030380 
0.00030457 
0.00030897 
0.00030477 
0.00031993 
0.00031600 
0.00031763 
0.00031435 
0.00030957 
0.00030825 
0.00031261 
0.00031461 
0.00031550 
0.00031500 
0.00031985 
0.00031810 
0.00031390 
0.00031305 
0.00031270 
0.00031113 
0.00031057 
0.00030860 
0.00030808 
0.00030838 
0.00030900 
0.00030364 
0.00030140 
0.00030170 
0.00030047 
0.00030015 
0.00030204 
0.00030258 
0.00030313 
0.00030156 
0.00030400 
0.00030797 
0.00031093 
0.00031272 
0.00030312 
0.00030240 
0.00030496 
0.00030500 
0.00029677 
0.00029399 
0.00029812 
0.00030565 
0.00030634 
0.00030681 
0.00030901 
0.00031110 
0.00030883 
0.00030562 
0.00030675 
0.00030900 
0.00031191 
0.00031897 
0.00031252 
0.00031996 
0.00032389 
0.00033102 
0.00032389 
0.00032109 
0.00031418 
0.00031460 
0.00030841 
0.00031000 
0.00030895 
0.00031700 
0.00032377 
0.00034201 
0.00033200 
0.00032010 
0.00031500 
0.00031004 
0.00030748 
0.00030480 
0.00030212 
0.00030287 
0.00030379 
0.00029850 
0.00030400 
0.00030400 
0.00030205 
0.00030259 
0.00029764 
0.00030036 
0.00029980 
0.00029470 
0.00029235 
0.00029203 
0.00028697 
0.00027988 
0.00029069 
0.00028573 
0.00028439 
0.00028290 
0.00027471 
0.00027553 
0.00027394 
0.00027770 
0.00027430 
0.00027302 
0.00027277 
0.00027133 
0.00027022 
0.00027166 
0.00027150 
0.00026925 
0.00027048 
0.00027094 
0.00027076 
0.00027135 
0.00027016 
0.00027016 
0.00027122 
0.00026534 
0.00026639 
0.00026178 
0.00026187 
0.00026165 
0.00025781 
0.00025862 
0.00026184 
0.00026389 
0.00025991 
0.00026206 
0.00026141 
0.00026203 
0.00026364 
0.00026064 
0.00025986 
0.00026035 
0.00026026 
0.00025912 
0.00025688 
0.00025629 
0.00025629 
0.00025487 
0.00025543 
0.00025438 
0.00025312 
0.00025380 
0.00025475 
0.00025225 
0.00025421 
0.00025437 
0.00025544 
0.00025347 
0.00025629 
0.00025528 
0.00025350 
0.00025432 
0.00025322 
0.00025322 
0.00025191 
0.00025372 
0.00025056 
0.00025065 
0.00025051 
0.00025178 
0.00024908 
0.00024802 
0.00024975 
0.00024769 
0.00024722 
0.00024843 
0.00024861 
0.00024623 
0.00024937 
0.00024850 
0.00024620 
0.00024698 
0.00024636 
0.00024703 
0.00024782 
0.00024918 
0.00024718 
0.00024698 
0.00024691 
0.00024695 
0.00024761 
0.00024717 
0.00024699 
0.00024875 
0.00024831 
0.00024998 
0.00025315 
0.00025319 
0.00025281 
0.00025189 
0.00025100 
0.00024970 
0.00024876 
0.00024974 
0.00024969 
0.00024974 
0.00024818 
0.00024702 
0.00024784 
0.00024974 
0.00024795 
0.00024840 
0.00024898 
0.00024823 
0.00024731 
0.00024885 
0.00024793 
0.00024465 
0.00024526 
0.00024018 
0.00024002 
0.00023684 
0.00023600 
0.00023599 
0.00023600 
0.00023671 
0.00023780 
0.00023840 
0.00023843 
0.00023843 
0.00023830 
0.00023830 
0.00023534 
0.00023812 
0.00023812 
0.00023832 
0.00023533 
0.00023521 
0.00023532 
0.00023526 
0.00023525 
0.00023605 
0.00023605 
0.00023601 
0.00023642 
0.00023812 
0.00023839 
0.00023638 
0.00023585 
0.00023650 
0.00023640 
0.00023734 
0.00023771 
0.00023843 
0.00023770 
0.00023844 
0.00023752 
0.00023762 
0.00023555 
0.00023825 
0.00023748 
0.00023698 
0.00023770 
0.00023748 
0.00023551 
0.00023500 
0.00023393 
0.00023514 
0.00023283 
0.00023200 
0.00023200 
0.00023250 
0.00023380 
0.00023430 
0.00023358 
0.00023514 
0.00023674 
0.00023699 
0.00023501 
0.00023749 
0.00023844 
0.00024032 
0.00024100 
0.00024289 
0.00024315 
0.00024315 
0.00024100 
0.00024072 
0.00024077 
0.00023995 
0.00024060 
0.00024099 
0.00024099 
0.00024060 
0.00024100 
0.00024064 
0.00024033 
0.00023911 
0.00023900 
0.00023901 
0.00023902 
0.00024072 
0.00024080 
0.00024256 
0.00024235 
0.00024000 
0.00024012 
0.00024023 
0.00024023 
0.00024143 
0.00024328 
0.00024277 
0.00024288 
0.00024272 
0.00024272 
0.00024222 
0.00024222 
0.00024232 
0.00024271 
0.00024249 
0.00024220 
0.00024221 
0.00024461 
0.00024645 
0.00024500 
0.00024800 
0.00024800 
0.00024805 
0.00024945 
0.00024702 
0.00024819 
0.00024823 
0.00024702 
0.00024700 
0.00024710 
0.00024880 
0.00024516 
0.00024901 
0.00024910 
0.00025024 
0.00025109 
0.00024949 
0.00024901 
0.00025092 
0.00025185 
0.00025000 
0.00025427 
0.00025203 
0.00025493 
0.00025471 
0.00025529 
0.00025825 
0.00025573 
0.00025844 
0.00025599 
0.00025895 
0.00026000 
0.00025824 
0.00025835 
0.00026157 
0.00026166 
0.00026174 
0.00026111 
0.00026081 
0.00026283 
0.00025990 
0.00026306 
0.00026228 
0.00026223 
0.00026021 
0.00026023 
0.00025993 
0.00025801 
0.00026349 
0.00026350 
0.00026239 
0.00025860 
0.00025761 
0.00025879 
0.00026028 
0.00025932 
0.00025979 
0.00026312 
0.00026666 
0.00026615 
0.00026666 
0.00026615 
0.00026367 
0.00026638 
0.00026618 
0.00026645 
0.00026510 
0.00026609 
0.00026490 
0.00026692 
0.00026889 
0.00026899 
0.00027048 
0.00027185 
0.00027863 
0.00027801 
0.00027938 
0.00027579 
0.00027649 
0.00027398 
0.00027688 
0.00027709 
0.00027645 
0.00027217 
0.00027001 
0.00026926 
0.00026900 
0.00027000 
0.00026939 
0.00026921 
0.00026863 
0.00027092 
0.00026852 
0.00026704 
0.00026666 
0.00026666 
0.00026730 
0.00026738 
0.00026600 
0.00026608 
0.00026550 
0.00026490 
0.00026509 
0.00026514 
0.00027000 
0.00027302 
0.00027655 
0.00027287 
0.00027250 
0.00026682 
0.00026699 
0.00026727 
0.00026897 
0.00026977 
0.00026520 
0.00026469 
0.00026643 
0.00026472 
0.00026461 
0.00026648 
0.00026783 
0.00026934 
0.00026184 
0.00026250 
0.00026368 
0.00026338 
0.00026294 
0.00026000 
0.00025998 
0.00025999 
0.00026000 
0.00030973 
0.00030900 
0.00030759 
0.00030782 
0.00030838 
0.00030763 
0.00030728 
0.00030700 
0.00030800 
0.00030822 
0.00030797 
0.00030802 
0.00030584 
0.00030538 
0.00030608 
0.00030837 
0.00030416 
0.00030602 
0.00030850 
0.00030915 
0.00031006 
0.00031081 
0.00031130 
0.00031219 
0.00031146 
0.00031775 
0.00031199 
0.00031064 
0.00031161 
0.00030906 
0.00030895 
0.00030810 
0.00030810 
0.00030367 
0.00030380 
0.00030457 
0.00030897 
0.00030477 
0.00031993 
0.00031600 
0.00031763 
0.00031435 
0.00030957 
0.00030825 
0.00031261 
0.00031461 
0.00031550 
0.00031500 
0.00031985 
0.00031810 
0.00031390 
0.00031305 
0.00031270 
0.00031113 
0.00031057 
0.00030860 
0.00030808 
0.00030838 
0.00030900 
0.00030364 
0.00030140 
0.00030170 
0.00030047 
0.00030015 
0.00030204 
0.00030258 
0.00030313 
0.00030156 
0.00030400 
0.00030797 
0.00031093 
0.00031272 
0.00030312 
0.00030240 
0.00030496 
0.00030500 
0.00029677 
0.00029399 
0.00029812 
0.00030565 
0.00030634 
0.00030681 
0.00030901 
0.00031110 
0.00030883 
0.00030562 
0.00030675 
0.00030900 
0.00031191 
0.00031897 
0.00031252 
0.00031996 
0.00032389 
0.00033102 
0.00032389 
0.00032109 
0.00031418 
0.00031460 
0.00030841 
0.00031000 
0.00030895 
0.00031700 
0.00032377 
0.00034201 
0.00033200 
0.00032010 
0.00031500 
0.00031004 
0.00030748 
0.00030480 
0.00030212 
0.00030287 
0.00030379 
0.00029850 
0.00030400 
0.00030400 
0.00030205 
0.00030259 
0.00029764 
0.00030036 
0.00029980 
0.00029470 
0.00029235 
0.00029203 
0.00028697 
0.00027988 
0.00029069 
0.00028573 
0.00028439 
0.00028290 
0.00027471 
0.00027553 
0.00027394 
0.00027770 
0.00027430 
0.00027302 
0.00027277 
0.00027133 
0.00027022 
0.00027166 
0.00027150 
0.00026925 
0.00027048 
0.00027094 
0.00027076 
0.00027135 
0.00027016 
0.00027016 
0.00027122 
0.00026534 
0.00026639 
0.00026178 
0.00026187 
0.00026165 
0.00025781 
0.00025862 
0.00026184 
0.00026389 
0.00025991 
0.00026206 
0.00026141 
0.00026203 
0.00026364 
0.00026064 
0.00025986 
0.00026035 
0.00026026 
0.00025912 
0.00025688 
0.00025629 
0.00025629 
0.00025487 
0.00025543 
0.00025438 
0.00025312 
0.00025380 
0.00025475 
0.00025225 
0.00025421 
0.00025437 
0.00025544 
0.00025347 
0.00025629 
0.00025528 
0.00025350 
0.00025432 
0.00025322 
0.00025322 
0.00025191 
0.00025372 
0.00025056 
0.00025065 
0.00025051 
0.00025178 
0.00024908 
0.00024802 
0.00024975 
0.00024769 
0.00024722 
0.00024843 
0.00024861 
0.00024623 
0.00024937 
0.00024850 
0.00024620 
0.00024698 
0.00024636 
0.00024703 
0.00024782 
0.00024918 
0.00024718 
0.00024698 
0.00024691 
0.00024695 
0.00024761 
0.00024717 
0.00024699 
0.00024875 
0.00024831 
0.00024998 
0.00025315 
0.00025319 
0.00025281 
0.00025189 
0.00025100 
0.00024970 
0.00024876 
0.00024974 
0.00024969 
0.00024974 
0.00024818 
0.00024702 
0.00024784 
0.00024974 
0.00024795 
0.00024840 
0.00024898 
0.00024823 
0.00024731 
0.00024885 
0.00024793 
0.00024465 
0.00024526 
0.00024018 
0.00024002 
0.00023684 
0.00023600 
0.00023599 
0.00023600 
0.00023671 
0.00023780 
0.00023840 
0.00023843 
0.00023843 
0.00023830 
0.00023830 
0.00023534 
0.00023812 
0.00023812 
0.00023832 
0.00023533 
0.00023521 
0.00023532 
0.00023526 
0.00023525 
0.00023605 
0.00023605 
0.00023601 
0.00023642 
0.00023812 
0.00023839 
0.00023638 
0.00023585 
0.00023650 
0.00023640 
0.00023734 
0.00023771 
0.00023843 
0.00023770 
0.00023844 
0.00023752 
0.00023762 
0.00023555 
0.00023825 
0.00023748 
0.00023698 
0.00023770 
0.00023748 
0.00023551 
0.00023500 
0.00023393 
0.00023514 
0.00023283 
0.00023200 
0.00023200 
0.00023250 
0.00023380 
0.00023430 
0.00023358 
0.00023514 
0.00023674 
0.00023699 
0.00023501 
0.00023749 
0.00023844 
0.00024032 
0.00024100 
0.00024289 
0.00024315 
0.00024315 
0.00024100 
0.00024072 
0.00024077 
0.00023995 
0.00024060 
0.00024099 
0.00024099 
0.00024060 
0.00024100 
0.00024064 
0.00024033 
0.00023911 
0.00023900 
0.00023901 
0.00023902 
0.00024072 
0.00024080 
0.00024256 
0.00024235 
0.00024000 
0.00024012 
0.00024023 
0.00024023 
0.00024143 
0.00024328 
0.00024277 
0.00024288 
0.00024272 
0.00024272 
0.00024222 
0.00024222 
0.00024232 
0.00024271 
0.00024249 
0.00024220 
0.00024221 
0.00024461 
0.00024645 
0.00024500 
0.00024800 
0.00024800 
0.00024805 
0.00024945 
0.00024702 
0.00024819 
0.00024823 
0.00024702 
0.00024700 
0.00024710 
0.00024880 
0.00024516 
0.00024901 
0.00024910 
0.00025024 
0.00025109 
0.00024949 
0.00024901 
0.00025092 
0.00025185 
0.00025000 
0.00025427 
0.00025203 
0.00025493 
0.00025471 
0.00025529 
0.00025825 
0.00025573 
0.00025844 
0.00025599 
0.00025895 
0.00026000 
0.00025824 
0.00025835 
0.00026157 
0.00026166 
0.00026174 
0.00026111 
0.00026081 
0.00026283 
0.00025990 
0.00026306 
0.00026228 
0.00026223 
0.00026021 
0.00026023 
0.00025993 
0.00025801 
0.00026349 
0.00026350 
0.00026239 
0.00025860 
0.00025761 
0.00025879 
0.00026028 
0.00025932 
0.00025979 
0.00026312 
0.00026666 
0.00026615 
0.00026666 
0.00026615 
0.00026367 
0.00026638 
0.00026618 
0.00026645 
0.00026510 
0.00026609 
0.00026490 
0.00026692 
0.00026889 
0.00026899 
0.00027048 
0.00027185 
0.00027863 
0.00027801 
0.00027938 
0.00027579 
0.00027649 
0.00027398 
0.00027688 
0.00027709 
0.00027645 
0.00027217 
0.00027001 
0.00026926 
0.00026900 
0.00027000 
0.00026939 
0.00026921 
0.00026863 
0.00027092 
0.00026852 
0.00026704 
0.00026666 
0.00026666 
0.00026730 
0.00026738 
0.00026600 
0.00026608 
0.00026550 
0.00026490 
0.00026509 
0.00026514 
0.00027000 
0.00027302 
0.00027655 
0.00027287 
0.00027250 
0.00026682 
0.00026699 
0.00026727 
0.00026897 
0.00026977 
0.00026520 
0.00026469 
0.00026643 
0.00026472 
0.00026461 
0.00026648 
0.00026783 
0.00026934 
0.00026184 
0.00026250 
0.00026368 
0.00026338 
0.00026294 
0.00026000 
0.00025998 
0.00025999 
0.00026000 
