0.00002068 
0.00002060 
0.00002076 
0.00002090 
0.00002060 
0.00002038 
0.00002026 
0.00002017 
0.00002047 
0.00002037 
0.00001993 
0.00001976 
0.00002024 
0.00002051 
0.00002050 
0.00002091 
0.00002118 
0.00002100 
0.00002090 
0.00002088 
0.00002033 
0.00002020 
0.00002047 
0.00002075 
0.00002117 
0.00002101 
0.00002065 
0.00002071 
0.00002030 
0.00002031 
0.00001999 
0.00001980 
0.00001999 
0.00001970 
0.00001960 
0.00001944 
0.00001942 
0.00001915 
0.00001916 
0.00001907 
0.00001908 
0.00001912 
0.00001974 
0.00001949 
0.00001922 
0.00001934 
0.00001913 
0.00001910 
0.00001901 
0.00001902 
0.00001897 
0.00001864 
0.00001861 
0.00001853 
0.00001854 
0.00001851 
0.00001850 
0.00001847 
0.00001840 
0.00001854 
0.00001850 
0.00001846 
0.00001844 
0.00001842 
0.00001846 
0.00001824 
0.00001830 
0.00001829 
0.00001827 
0.00001843 
0.00001863 
0.00001851 
0.00001821 
0.00001838 
0.00001869 
0.00001830 
0.00001802 
0.00001795 
0.00001816 
0.00001820 
0.00001813 
0.00001813 
0.00001815 
0.00001827 
0.00001840 
0.00001827 
0.00001839 
0.00001846 
0.00001827 
0.00001836 
0.00001846 
0.00001803 
0.00001767 
0.00001777 
0.00001773 
0.00001772 
0.00001781 
0.00001777 
0.00001778 
0.00001780 
0.00001797 
0.00001793 
0.00001806 
0.00001800 
0.00001816 
0.00001782 
0.00001778 
0.00001770 
0.00001768 
0.00001777 
0.00001780 
0.00001778 
0.00001791 
0.00001789 
0.00001807 
0.00001778 
0.00001783 
0.00001826 
0.00001830 
0.00001822 
0.00001830 
0.00001828 
0.00001825 
0.00001834 
0.00001818 
0.00001814 
0.00001819 
0.00001819 
0.00001817 
0.00001827 
0.00001817 
0.00001819 
0.00001816 
0.00001810 
0.00001791 
0.00001815 
0.00001837 
0.00001831 
0.00001827 
0.00001838 
0.00001799 
0.00001788 
0.00001784 
0.00001844 
0.00001848 
0.00001820 
0.00001838 
0.00001855 
0.00001863 
0.00001855 
0.00001880 
0.00001947 
0.00001958 
0.00001929 
0.00001911 
0.00001904 
0.00001843 
0.00001840 
0.00001841 
0.00001809 
0.00001801 
0.00001794 
0.00001794 
0.00001789 
0.00001818 
0.00001840 
0.00001817 
0.00001847 
0.00001801 
0.00001822 
0.00001798 
0.00001796 
0.00001760 
0.00001729 
0.00001700 
0.00001714 
0.00001685 
0.00001693 
0.00001667 
0.00001663 
0.00001673 
0.00001680 
0.00001694 
0.00001677 
0.00001623 
0.00001607 
0.00001595 
0.00001608 
0.00001606 
0.00001580 
0.00001580 
0.00001580 
0.00001565 
0.00001561 
0.00001559 
0.00001558 
0.00001564 
0.00001572 
0.00001571 
0.00001572 
0.00001555 
0.00001555 
0.00001550 
0.00001535 
0.00001550 
0.00001537 
0.00001550 
0.00001592 
0.00001580 
0.00001580 
0.00001595 
0.00001590 
0.00001581 
0.00001584 
0.00001590 
0.00001598 
0.00001596 
0.00001591 
0.00001592 
0.00001600 
0.00001591 
0.00001600 
0.00001615 
0.00001624 
0.00001616 
0.00001611 
0.00001601 
0.00001585 
0.00001566 
0.00001564 
0.00001565 
0.00001567 
0.00001576 
0.00001579 
0.00001570 
0.00001585 
0.00001623 
0.00001599 
0.00001570 
0.00001564 
0.00001547 
0.00001553 
0.00001545 
0.00001534 
0.00001531 
0.00001522 
0.00001530 
0.00001530 
0.00001520 
0.00001519 
0.00001510 
0.00001526 
0.00001527 
0.00001520 
0.00001520 
0.00001520 
0.00001528 
0.00001529 
0.00001527 
0.00001518 
0.00001524 
0.00001519 
0.00001519 
0.00001528 
0.00001521 
0.00001534 
0.00001524 
0.00001521 
0.00001515 
0.00001530 
0.00001530 
0.00001537 
0.00001537 
0.00001532 
0.00001535 
0.00001537 
0.00001538 
0.00001538 
0.00001534 
0.00001537 
0.00001534 
0.00001543 
0.00001545 
0.00001537 
0.00001535 
0.00001546 
0.00001535 
0.00001556 
0.00001564 
0.00001550 
0.00001534 
0.00001534 
0.00001519 
0.00001503 
0.00001502 
0.00001502 
0.00001493 
0.00001485 
0.00001484 
0.00001486 
0.00001483 
0.00001486 
0.00001486 
0.00001482 
0.00001488 
0.00001512 
0.00001510 
0.00001533 
0.00001533 
0.00001533 
0.00001520 
0.00001521 
0.00001531 
0.00001553 
0.00001548 
0.00001532 
0.00001532 
0.00001532 
0.00001525 
0.00001526 
0.00001539 
0.00001546 
0.00001536 
0.00001556 
0.00001541 
0.00001544 
0.00001531 
0.00001523 
0.00001525 
0.00001525 
0.00001532 
0.00001549 
0.00001535 
0.00001553 
0.00001499 
0.00001495 
0.00001499 
0.00001498 
0.00001520 
0.00001540 
0.00001564 
0.00001556 
0.00001564 
0.00001550 
0.00001549 
0.00001524 
0.00001503 
0.00001508 
0.00001510 
0.00001510 
0.00001510 
0.00001513 
0.00001515 
0.00001510 
0.00001510 
0.00001510 
0.00001510 
0.00001501 
0.00001508 
0.00001505 
0.00001503 
0.00001504 
0.00001507 
0.00001513 
0.00001507 
0.00001494 
0.00001499 
0.00001514 
0.00001516 
0.00001521 
0.00001528 
0.00001521 
0.00001522 
0.00001538 
0.00001551 
0.00001553 
0.00001551 
0.00001579 
0.00001607 
0.00001593 
0.00001593 
0.00001569 
0.00001551 
0.00001564 
0.00001569 
0.00001569 
0.00001566 
0.00001566 
0.00001573 
0.00001570 
0.00001572 
0.00001571 
0.00001579 
0.00001576 
0.00001586 
0.00001589 
0.00001585 
0.00001631 
0.00001636 
0.00001640 
0.00001663 
0.00001665 
0.00001646 
0.00001647 
0.00001641 
0.00001689 
0.00001698 
0.00001633 
0.00001631 
0.00001637 
0.00001636 
0.00001649 
0.00001647 
0.00001687 
0.00001598 
0.00001598 
0.00001604 
0.00001606 
0.00001610 
0.00001613 
0.00001573 
0.00001543 
0.00001532 
0.00001509 
0.00001509 
0.00001519 
0.00001519 
0.00001518 
0.00001511 
0.00001512 
0.00001491 
0.00001495 
0.00001485 
0.00001486 
0.00001494 
0.00001497 
0.00001497 
0.00001497 
0.00001495 
0.00001495 
0.00001486 
0.00001487 
0.00001497 
0.00001488 
0.00001495 
0.00001490 
0.00001488 
0.00001502 
0.00001483 
0.00001476 
0.00001472 
0.00001494 
0.00001505 
0.00001512 
0.00001494 
0.00001497 
0.00001501 
0.00001523 
0.00001534 
0.00001572 
0.00001580 
0.00001585 
0.00001562 
0.00001561 
0.00001545 
0.00001548 
0.00001546 
0.00001539 
0.00001524 
0.00001528 
0.00001527 
0.00001530 
0.00001519 
0.00001524 
0.00001514 
0.00001522 
0.00001504 
0.00001504 
0.00001495 
0.00001504 
0.00002068 
0.00002060 
0.00002076 
0.00002090 
0.00002060 
0.00002038 
0.00002026 
0.00002017 
0.00002047 
0.00002037 
0.00001993 
0.00001976 
0.00002024 
0.00002051 
0.00002050 
0.00002091 
0.00002118 
0.00002100 
0.00002090 
0.00002088 
0.00002033 
0.00002020 
0.00002047 
0.00002075 
0.00002117 
0.00002101 
0.00002065 
0.00002071 
0.00002030 
0.00002031 
0.00001999 
0.00001980 
0.00001999 
0.00001970 
0.00001960 
0.00001944 
0.00001942 
0.00001915 
0.00001916 
0.00001907 
0.00001908 
0.00001912 
0.00001974 
0.00001949 
0.00001922 
0.00001934 
0.00001913 
0.00001910 
0.00001901 
0.00001902 
0.00001897 
0.00001864 
0.00001861 
0.00001853 
0.00001854 
0.00001851 
0.00001850 
0.00001847 
0.00001840 
0.00001854 
0.00001850 
0.00001846 
0.00001844 
0.00001842 
0.00001846 
0.00001824 
0.00001830 
0.00001829 
0.00001827 
0.00001843 
0.00001863 
0.00001851 
0.00001821 
0.00001838 
0.00001869 
0.00001830 
0.00001802 
0.00001795 
0.00001816 
0.00001820 
0.00001813 
0.00001813 
0.00001815 
0.00001827 
0.00001840 
0.00001827 
0.00001839 
0.00001846 
0.00001827 
0.00001836 
0.00001846 
0.00001803 
0.00001767 
0.00001777 
0.00001773 
0.00001772 
0.00001781 
0.00001777 
0.00001778 
0.00001780 
0.00001797 
0.00001793 
0.00001806 
0.00001800 
0.00001816 
0.00001782 
0.00001778 
0.00001770 
0.00001768 
0.00001777 
0.00001780 
0.00001778 
0.00001791 
0.00001789 
0.00001807 
0.00001778 
0.00001783 
0.00001826 
0.00001830 
0.00001822 
0.00001830 
0.00001828 
0.00001825 
0.00001834 
0.00001818 
0.00001814 
0.00001819 
0.00001819 
0.00001817 
0.00001827 
0.00001817 
0.00001819 
0.00001816 
0.00001810 
0.00001791 
0.00001815 
0.00001837 
0.00001831 
0.00001827 
0.00001838 
0.00001799 
0.00001788 
0.00001784 
0.00001844 
0.00001848 
0.00001820 
0.00001838 
0.00001855 
0.00001863 
0.00001855 
0.00001880 
0.00001947 
0.00001958 
0.00001929 
0.00001911 
0.00001904 
0.00001843 
0.00001840 
0.00001841 
0.00001809 
0.00001801 
0.00001794 
0.00001794 
0.00001789 
0.00001818 
0.00001840 
0.00001817 
0.00001847 
0.00001801 
0.00001822 
0.00001798 
0.00001796 
0.00001760 
0.00001729 
0.00001700 
0.00001714 
0.00001685 
0.00001693 
0.00001667 
0.00001663 
0.00001673 
0.00001680 
0.00001694 
0.00001677 
0.00001623 
0.00001607 
0.00001595 
0.00001608 
0.00001606 
0.00001580 
0.00001580 
0.00001580 
0.00001565 
0.00001561 
0.00001559 
0.00001558 
0.00001564 
0.00001572 
0.00001571 
0.00001572 
0.00001555 
0.00001555 
0.00001550 
0.00001535 
0.00001550 
0.00001537 
0.00001550 
0.00001592 
0.00001580 
0.00001580 
0.00001595 
0.00001590 
0.00001581 
0.00001584 
0.00001590 
0.00001598 
0.00001596 
0.00001591 
0.00001592 
0.00001600 
0.00001591 
0.00001600 
0.00001615 
0.00001624 
0.00001616 
0.00001611 
0.00001601 
0.00001585 
0.00001566 
0.00001564 
0.00001565 
0.00001567 
0.00001576 
0.00001579 
0.00001570 
0.00001585 
0.00001623 
0.00001599 
0.00001570 
0.00001564 
0.00001547 
0.00001553 
0.00001545 
0.00001534 
0.00001531 
0.00001522 
0.00001530 
0.00001530 
0.00001520 
0.00001519 
0.00001510 
0.00001526 
0.00001527 
0.00001520 
0.00001520 
0.00001520 
0.00001528 
0.00001529 
0.00001527 
0.00001518 
0.00001524 
0.00001519 
0.00001519 
0.00001528 
0.00001521 
0.00001534 
0.00001524 
0.00001521 
0.00001515 
0.00001530 
0.00001530 
0.00001537 
0.00001537 
0.00001532 
0.00001535 
0.00001537 
0.00001538 
0.00001538 
0.00001534 
0.00001537 
0.00001534 
0.00001543 
0.00001545 
0.00001537 
0.00001535 
0.00001546 
0.00001535 
0.00001556 
0.00001564 
0.00001550 
0.00001534 
0.00001534 
0.00001519 
0.00001503 
0.00001502 
0.00001502 
0.00001493 
0.00001485 
0.00001484 
0.00001486 
0.00001483 
0.00001486 
0.00001486 
0.00001482 
0.00001488 
0.00001512 
0.00001510 
0.00001533 
0.00001533 
0.00001533 
0.00001520 
0.00001521 
0.00001531 
0.00001553 
0.00001548 
0.00001532 
0.00001532 
0.00001532 
0.00001525 
0.00001526 
0.00001539 
0.00001546 
0.00001536 
0.00001556 
0.00001541 
0.00001544 
0.00001531 
0.00001523 
0.00001525 
0.00001525 
0.00001532 
0.00001549 
0.00001535 
0.00001553 
0.00001499 
0.00001495 
0.00001499 
0.00001498 
0.00001520 
0.00001540 
0.00001564 
0.00001556 
0.00001564 
0.00001550 
0.00001549 
0.00001524 
0.00001503 
0.00001508 
0.00001510 
0.00001510 
0.00001510 
0.00001513 
0.00001515 
0.00001510 
0.00001510 
0.00001510 
0.00001510 
0.00001501 
0.00001508 
0.00001505 
0.00001503 
0.00001504 
0.00001507 
0.00001513 
0.00001507 
0.00001494 
0.00001499 
0.00001514 
0.00001516 
0.00001521 
0.00001528 
0.00001521 
0.00001522 
0.00001538 
0.00001551 
0.00001553 
0.00001551 
0.00001579 
0.00001607 
0.00001593 
0.00001593 
0.00001569 
0.00001551 
0.00001564 
0.00001569 
0.00001569 
0.00001566 
0.00001566 
0.00001573 
0.00001570 
0.00001572 
0.00001571 
0.00001579 
0.00001576 
0.00001586 
0.00001589 
0.00001585 
0.00001631 
0.00001636 
0.00001640 
0.00001663 
0.00001665 
0.00001646 
0.00001647 
0.00001641 
0.00001689 
0.00001698 
0.00001633 
0.00001631 
0.00001637 
0.00001636 
0.00001649 
0.00001647 
0.00001687 
0.00001598 
0.00001598 
0.00001604 
0.00001606 
0.00001610 
0.00001613 
0.00001573 
0.00001543 
0.00001532 
0.00001509 
0.00001509 
0.00001519 
0.00001519 
0.00001518 
0.00001511 
0.00001512 
0.00001491 
0.00001495 
0.00001485 
0.00001486 
0.00001494 
0.00001497 
0.00001497 
0.00001497 
0.00001495 
0.00001495 
0.00001486 
0.00001487 
0.00001497 
0.00001488 
0.00001495 
0.00001490 
0.00001488 
0.00001502 
0.00001483 
0.00001476 
0.00001472 
0.00001494 
0.00001505 
0.00001512 
0.00001494 
0.00001497 
0.00001501 
0.00001523 
0.00001534 
0.00001572 
0.00001580 
0.00001585 
0.00001562 
0.00001561 
0.00001545 
0.00001548 
0.00001546 
0.00001539 
0.00001524 
0.00001528 
0.00001527 
0.00001530 
0.00001519 
0.00001524 
0.00001514 
0.00001522 
0.00001504 
0.00001504 
0.00001495 
0.00001504 
0.00002068 
0.00002060 
0.00002076 
0.00002090 
0.00002060 
0.00002038 
0.00002026 
0.00002017 
0.00002047 
0.00002037 
0.00001993 
0.00001976 
0.00002024 
0.00002051 
0.00002050 
0.00002091 
0.00002118 
0.00002100 
0.00002090 
0.00002088 
0.00002033 
0.00002020 
0.00002047 
0.00002075 
0.00002117 
0.00002101 
0.00002065 
0.00002071 
0.00002030 
0.00002031 
0.00001999 
0.00001980 
0.00001999 
0.00001970 
0.00001960 
0.00001944 
0.00001942 
0.00001915 
0.00001916 
0.00001907 
0.00001908 
0.00001912 
0.00001974 
0.00001949 
0.00001922 
0.00001934 
0.00001913 
0.00001910 
0.00001901 
0.00001902 
0.00001897 
0.00001864 
0.00001861 
0.00001853 
0.00001854 
0.00001851 
0.00001850 
0.00001847 
0.00001840 
0.00001854 
0.00001850 
0.00001846 
0.00001844 
0.00001842 
0.00001846 
0.00001824 
0.00001830 
0.00001829 
0.00001827 
0.00001843 
0.00001863 
0.00001851 
0.00001821 
0.00001838 
0.00001869 
0.00001830 
0.00001802 
0.00001795 
0.00001816 
0.00001820 
0.00001813 
0.00001813 
0.00001815 
0.00001827 
0.00001840 
0.00001827 
0.00001839 
0.00001846 
0.00001827 
0.00001836 
0.00001846 
0.00001803 
0.00001767 
0.00001777 
0.00001773 
0.00001772 
0.00001781 
0.00001777 
0.00001778 
0.00001780 
0.00001797 
0.00001793 
0.00001806 
0.00001800 
0.00001816 
0.00001782 
0.00001778 
0.00001770 
0.00001768 
0.00001777 
0.00001780 
0.00001778 
0.00001791 
0.00001789 
0.00001807 
0.00001778 
0.00001783 
0.00001826 
0.00001830 
0.00001822 
0.00001830 
0.00001828 
0.00001825 
0.00001834 
0.00001818 
0.00001814 
0.00001819 
0.00001819 
0.00001817 
0.00001827 
0.00001817 
0.00001819 
0.00001816 
0.00001810 
0.00001791 
0.00001815 
0.00001837 
0.00001831 
0.00001827 
0.00001838 
0.00001799 
0.00001788 
0.00001784 
0.00001844 
0.00001848 
0.00001820 
0.00001838 
0.00001855 
0.00001863 
0.00001855 
0.00001880 
0.00001947 
0.00001958 
0.00001929 
0.00001911 
0.00001904 
0.00001843 
0.00001840 
0.00001841 
0.00001809 
0.00001801 
0.00001794 
0.00001794 
0.00001789 
0.00001818 
0.00001840 
0.00001817 
0.00001847 
0.00001801 
0.00001822 
0.00001798 
0.00001796 
0.00001760 
0.00001729 
0.00001700 
0.00001714 
0.00001685 
0.00001693 
0.00001667 
0.00001663 
0.00001673 
0.00001680 
0.00001694 
0.00001677 
0.00001623 
0.00001607 
0.00001595 
0.00001608 
0.00001606 
0.00001580 
0.00001580 
0.00001580 
0.00001565 
0.00001561 
0.00001559 
0.00001558 
0.00001564 
0.00001572 
0.00001571 
0.00001572 
0.00001555 
0.00001555 
0.00001550 
0.00001535 
0.00001550 
0.00001537 
0.00001550 
0.00001592 
0.00001580 
0.00001580 
0.00001595 
0.00001590 
0.00001581 
0.00001584 
0.00001590 
0.00001598 
0.00001596 
0.00001591 
0.00001592 
0.00001600 
0.00001591 
0.00001600 
0.00001615 
0.00001624 
0.00001616 
0.00001611 
0.00001601 
0.00001585 
0.00001566 
0.00001564 
0.00001565 
0.00001567 
0.00001576 
0.00001579 
0.00001570 
0.00001585 
0.00001623 
0.00001599 
0.00001570 
0.00001564 
0.00001547 
0.00001553 
0.00001545 
0.00001534 
0.00001531 
0.00001522 
0.00001530 
0.00001530 
0.00001520 
0.00001519 
0.00001510 
0.00001526 
0.00001527 
0.00001520 
0.00001520 
0.00001520 
0.00001528 
0.00001529 
0.00001527 
0.00001518 
0.00001524 
0.00001519 
0.00001519 
0.00001528 
0.00001521 
0.00001534 
0.00001524 
0.00001521 
0.00001515 
0.00001530 
0.00001530 
0.00001537 
0.00001537 
0.00001532 
0.00001535 
0.00001537 
0.00001538 
0.00001538 
0.00001534 
0.00001537 
0.00001534 
0.00001543 
0.00001545 
0.00001537 
0.00001535 
0.00001546 
0.00001535 
0.00001556 
0.00001564 
0.00001550 
0.00001534 
0.00001534 
0.00001519 
0.00001503 
0.00001502 
0.00001502 
0.00001493 
0.00001485 
0.00001484 
0.00001486 
0.00001483 
0.00001486 
0.00001486 
0.00001482 
0.00001488 
0.00001512 
0.00001510 
0.00001533 
0.00001533 
0.00001533 
0.00001520 
0.00001521 
0.00001531 
0.00001553 
0.00001548 
0.00001532 
0.00001532 
0.00001532 
0.00001525 
0.00001526 
0.00001539 
0.00001546 
0.00001536 
0.00001556 
0.00001541 
0.00001544 
0.00001531 
0.00001523 
0.00001525 
0.00001525 
0.00001532 
0.00001549 
0.00001535 
0.00001553 
0.00001499 
0.00001495 
0.00001499 
0.00001498 
0.00001520 
0.00001540 
0.00001564 
0.00001556 
0.00001564 
0.00001550 
0.00001549 
0.00001524 
0.00001503 
0.00001508 
0.00001510 
0.00001510 
0.00001510 
0.00001513 
0.00001515 
0.00001510 
0.00001510 
0.00001510 
0.00001510 
0.00001501 
0.00001508 
0.00001505 
0.00001503 
0.00001504 
0.00001507 
0.00001513 
0.00001507 
0.00001494 
0.00001499 
0.00001514 
0.00001516 
0.00001521 
0.00001528 
0.00001521 
0.00001522 
0.00001538 
0.00001551 
0.00001553 
0.00001551 
0.00001579 
0.00001607 
0.00001593 
0.00001593 
0.00001569 
0.00001551 
0.00001564 
0.00001569 
0.00001569 
0.00001566 
0.00001566 
0.00001573 
0.00001570 
0.00001572 
0.00001571 
0.00001579 
0.00001576 
0.00001586 
0.00001589 
0.00001585 
0.00001631 
0.00001636 
0.00001640 
0.00001663 
0.00001665 
0.00001646 
0.00001647 
0.00001641 
0.00001689 
0.00001698 
0.00001633 
0.00001631 
0.00001637 
0.00001636 
0.00001649 
0.00001647 
0.00001687 
0.00001598 
0.00001598 
0.00001604 
0.00001606 
0.00001610 
0.00001613 
0.00001573 
0.00001543 
0.00001532 
0.00001509 
0.00001509 
0.00001519 
0.00001519 
0.00001518 
0.00001511 
0.00001512 
0.00001491 
0.00001495 
0.00001485 
0.00001486 
0.00001494 
0.00001497 
0.00001497 
0.00001497 
0.00001495 
0.00001495 
0.00001486 
0.00001487 
0.00001497 
0.00001488 
0.00001495 
0.00001490 
0.00001488 
0.00001502 
0.00001483 
0.00001476 
0.00001472 
0.00001494 
0.00001505 
0.00001512 
0.00001494 
0.00001497 
0.00001501 
0.00001523 
0.00001534 
0.00001572 
0.00001580 
0.00001585 
0.00001562 
0.00001561 
0.00001545 
0.00001548 
0.00001546 
0.00001539 
0.00001524 
0.00001528 
0.00001527 
0.00001530 
0.00001519 
0.00001524 
0.00001514 
0.00001522 
0.00001504 
0.00001504 
0.00001495 
0.00001504 
