212588.00000000 
92893.00000000 
86703.00000000 
144092.00000000 
123053.00000000 
67752.00000000 
90726.00000000 
52699.00000000 
93151.00000000 
49832.00000000 
172651.00000000 
88586.00000000 
156064.00000000 
262290.00000000 
102023.00000000 
137977.00000000 
139843.00000000 
229707.00000000 
97649.00000000 
289119.00000000 
85628.00000000 
139520.00000000 
86439.00000000 
207064.00000000 
300940.00000000 
242498.00000000 
324300.00000000 
157094.00000000 
310916.00000000 
108330.00000000 
455077.00000000 
360203.00000000 
39649.00000000 
468810.00000000 
118874.00000000 
38803.00000000 
145302.00000000 
54272.00000000 
14917.00000000 
42317.00000000 
43747.00000000 
54132.00000000 
89275.00000000 
170750.00000000 
63202.00000000 
36213.00000000 
82468.00000000 
32657.00000000 
25791.00000000 
39894.00000000 
124854.00000000 
253912.00000000 
13997.00000000 
31240.00000000 
46124.00000000 
32207.00000000 
40123.00000000 
97352.00000000 
126828.00000000 
10587.00000000 
68388.00000000 
28591.00000000 
7626.00000000 
46699.00000000 
19465.00000000 
18415.00000000 
36468.00000000 
9771.00000000 
43931.00000000 
19402.00000000 
23804.00000000 
86393.00000000 
44706.00000000 
169607.00000000 
134323.00000000 
220092.00000000 
57302.00000000 
47360.00000000 
53796.00000000 
106033.00000000 
232924.00000000 
10255.00000000 
18928.00000000 
14527.00000000 
24628.00000000 
49149.00000000 
26172.00000000 
162130.00000000 
118635.00000000 
136282.00000000 
119819.00000000 
185420.00000000 
155474.00000000 
15363.00000000 
10236.00000000 
14792.00000000 
86995.00000000 
47724.00000000 
6781.00000000 
62696.00000000 
19759.00000000 
50869.00000000 
89495.00000000 
15744.00000000 
27598.00000000 
26115.00000000 
27264.00000000 
16754.00000000 
4668.00000000 
12374.00000000 
35853.00000000 
39287.00000000 
124707.00000000 
44648.00000000 
43987.00000000 
35676.00000000 
102136.00000000 
170252.00000000 
41352.00000000 
73330.00000000 
18029.00000000 
36236.00000000 
17154.00000000 
25410.00000000 
37858.00000000 
32448.00000000 
9734.00000000 
51148.00000000 
22722.00000000 
12693.00000000 
90149.00000000 
11504.00000000 
25153.00000000 
38404.00000000 
28709.00000000 
51860.00000000 
69949.00000000 
23807.00000000 
28453.00000000 
357716.00000000 
126523.00000000 
70600.00000000 
148544.00000000 
389867.00000000 
75478.00000000 
108686.00000000 
95566.00000000 
85292.00000000 
111968.00000000 
383096.00000000 
118188.00000000 
306858.00000000 
262536.00000000 
249275.00000000 
361445.00000000 
170209.00000000 
345442.00000000 
15171.00000000 
65010.00000000 
64389.00000000 
24107.00000000 
128614.00000000 
90346.00000000 
87783.00000000 
62200.00000000 
106044.00000000 
200310.00000000 
91702.00000000 
184959.00000000 
244955.00000000 
352234.00000000 
49052.00000000 
129113.00000000 
285534.00000000 
71069.00000000 
24363.00000000 
85530.00000000 
33075.00000000 
66534.00000000 
23957.00000000 
77959.00000000 
40448.00000000 
137867.00000000 
271713.00000000 
170756.00000000 
27430.00000000 
5687.00000000 
192753.00000000 
160167.00000000 
23436.00000000 
16421.00000000 
3103.00000000 
140023.00000000 
1995.00000000 
2956.00000000 
759.00000000 
1085.00000000 
15586.00000000 
2399.00000000 
345.00000000 
7136.00000000 
41012.00000000 
25187.00000000 
4588.00000000 
60.00000000 
19707.00000000 
7796.00000000 
45443.00000000 
5244.00000000 
8619.00000000 
12875.00000000 
383.00000000 
19318.00000000 
3949.00000000 
9181.00000000 
947.00000000 
7610.00000000 
79016.00000000 
11269.00000000 
6722.00000000 
4261.00000000 
378.00000000 
104650.00000000 
41361.00000000 
5758.00000000 
3732.00000000 
42121.00000000 
19966.00000000 
71934.00000000 
3352.00000000 
16085.00000000 
53379.00000000 
67071.00000000 
20142.00000000 
31181.00000000 
83761.00000000 
67993.00000000 
102154.00000000 
52008.00000000 
120021.00000000 
44736.00000000 
35133.00000000 
18578.00000000 
90858.00000000 
115722.00000000 
2165.00000000 
1265.00000000 
15627.00000000 
95446.00000000 
2667.00000000 
34565.00000000 
443.00000000 
71826.00000000 
1236.00000000 
15896.00000000 
500.00000000 
17887.00000000 
10478.00000000 
22191.00000000 
47462.00000000 
8959.00000000 
10560.00000000 
3175.00000000 
4493.00000000 
19310.00000000 
304.00000000 
21723.00000000 
2770.00000000 
0.00000000 
2326.00000000 
2277.00000000 
20930.00000000 
8025.00000000 
40024.00000000 
2147.00000000 
26955.00000000 
5650.00000000 
200.00000000 
15824.00000000 
16087.00000000 
73794.00000000 
7194.00000000 
15611.00000000 
12132.00000000 
807.00000000 
2235.00000000 
670.00000000 
47547.00000000 
30638.00000000 
39103.00000000 
65611.00000000 
18223.00000000 
21650.00000000 
54196.00000000 
18051.00000000 
6861.00000000 
23657.00000000 
14433.00000000 
15885.00000000 
8588.00000000 
5669.00000000 
63283.00000000 
8975.00000000 
66791.00000000 
211606.00000000 
35096.00000000 
30995.00000000 
52281.00000000 
328.00000000 
42842.00000000 
89658.00000000 
52017.00000000 
3380.00000000 
17324.00000000 
11388.00000000 
2538.00000000 
6950.00000000 
11289.00000000 
40668.00000000 
48514.00000000 
113523.00000000 
25335.00000000 
60975.00000000 
59926.00000000 
11027.00000000 
41951.00000000 
67677.00000000 
53632.00000000 
10194.00000000 
138861.00000000 
33899.00000000 
9724.00000000 
12377.00000000 
66190.00000000 
114950.00000000 
56101.00000000 
58579.00000000 
20480.00000000 
138145.00000000 
151608.00000000 
27193.00000000 
86884.00000000 
14267.00000000 
43188.00000000 
8806.00000000 
88471.00000000 
79857.00000000 
5529.00000000 
989.00000000 
2981.00000000 
26500.00000000 
69037.00000000 
9662.00000000 
9775.00000000 
6007.00000000 
72.00000000 
11181.00000000 
19276.00000000 
5302.00000000 
3027.00000000 
90309.00000000 
3587.00000000 
77401.00000000 
14234.00000000 
19160.00000000 
25374.00000000 
10539.00000000 
102571.00000000 
45488.00000000 
19813.00000000 
425.00000000 
3149.00000000 
19939.00000000 
40579.00000000 
61862.00000000 
15524.00000000 
3190.00000000 
39500.00000000 
115534.00000000 
6283.00000000 
40666.00000000 
46204.00000000 
19807.00000000 
20821.00000000 
29963.00000000 
53465.00000000 
28548.00000000 
613.00000000 
20600.00000000 
7399.00000000 
23865.00000000 
7078.00000000 
11320.00000000 
22987.00000000 
30002.00000000 
23910.00000000 
25807.00000000 
77336.00000000 
16122.00000000 
60809.00000000 
12725.00000000 
45384.00000000 
109209.00000000 
37783.00000000 
64750.00000000 
13003.00000000 
47378.00000000 
59876.00000000 
205.00000000 
53509.00000000 
67415.00000000 
63581.00000000 
28204.00000000 
46084.00000000 
275963.00000000 
80712.00000000 
2411.00000000 
9437.00000000 
12952.00000000 
99319.00000000 
21636.00000000 
376414.00000000 
43960.00000000 
219019.00000000 
6197.00000000 
15960.00000000 
4680.00000000 
4882.00000000 
17804.00000000 
22732.00000000 
5120.00000000 
3097.00000000 
36949.00000000 
11956.00000000 
42695.00000000 
21596.00000000 
709.00000000 
20.00000000 
3006.00000000 
622.00000000 
19122.00000000 
9642.00000000 
1935.00000000 
2751.00000000 
15135.00000000 
27511.00000000 
16895.00000000 
41713.00000000 
89587.00000000 
12644.00000000 
11390.00000000 
82234.00000000 
9955.00000000 
44771.00000000 
18286.00000000 
32383.00000000 
62674.00000000 
59558.00000000 
27512.00000000 
218387.00000000 
14909.00000000 
32943.00000000 
170216.00000000 
16108.00000000 
15250.00000000 
14949.00000000 
34299.00000000 
31802.00000000 
44630.00000000 
7799.00000000 
8731.00000000 
29885.00000000 
11766.00000000 
25749.00000000 
22116.00000000 
7607.00000000 
38368.00000000 
5354.00000000 
1900.00000000 
2697.00000000 
212588.00000000 
92893.00000000 
86703.00000000 
144092.00000000 
123053.00000000 
67752.00000000 
90726.00000000 
52699.00000000 
93151.00000000 
49832.00000000 
172651.00000000 
88586.00000000 
156064.00000000 
262290.00000000 
102023.00000000 
137977.00000000 
139843.00000000 
229707.00000000 
97649.00000000 
289119.00000000 
85628.00000000 
139520.00000000 
86439.00000000 
207064.00000000 
300940.00000000 
242498.00000000 
324300.00000000 
157094.00000000 
310916.00000000 
108330.00000000 
455077.00000000 
360203.00000000 
39649.00000000 
468810.00000000 
118874.00000000 
38803.00000000 
145302.00000000 
54272.00000000 
14917.00000000 
42317.00000000 
43747.00000000 
54132.00000000 
89275.00000000 
170750.00000000 
63202.00000000 
36213.00000000 
82468.00000000 
32657.00000000 
25791.00000000 
39894.00000000 
124854.00000000 
253912.00000000 
13997.00000000 
31240.00000000 
46124.00000000 
32207.00000000 
40123.00000000 
97352.00000000 
126828.00000000 
10587.00000000 
68388.00000000 
28591.00000000 
7626.00000000 
46699.00000000 
19465.00000000 
18415.00000000 
36468.00000000 
9771.00000000 
43931.00000000 
19402.00000000 
23804.00000000 
86393.00000000 
44706.00000000 
169607.00000000 
134323.00000000 
220092.00000000 
57302.00000000 
47360.00000000 
53796.00000000 
106033.00000000 
232924.00000000 
10255.00000000 
18928.00000000 
14527.00000000 
24628.00000000 
49149.00000000 
26172.00000000 
162130.00000000 
118635.00000000 
136282.00000000 
119819.00000000 
185420.00000000 
155474.00000000 
15363.00000000 
10236.00000000 
14792.00000000 
86995.00000000 
47724.00000000 
6781.00000000 
62696.00000000 
19759.00000000 
50869.00000000 
89495.00000000 
15744.00000000 
27598.00000000 
26115.00000000 
27264.00000000 
16754.00000000 
4668.00000000 
12374.00000000 
35853.00000000 
39287.00000000 
124707.00000000 
44648.00000000 
43987.00000000 
35676.00000000 
102136.00000000 
170252.00000000 
41352.00000000 
73330.00000000 
18029.00000000 
36236.00000000 
17154.00000000 
25410.00000000 
37858.00000000 
32448.00000000 
9734.00000000 
51148.00000000 
22722.00000000 
12693.00000000 
90149.00000000 
11504.00000000 
25153.00000000 
38404.00000000 
28709.00000000 
51860.00000000 
69949.00000000 
23807.00000000 
28453.00000000 
357716.00000000 
126523.00000000 
70600.00000000 
148544.00000000 
389867.00000000 
75478.00000000 
108686.00000000 
95566.00000000 
85292.00000000 
111968.00000000 
383096.00000000 
118188.00000000 
306858.00000000 
262536.00000000 
249275.00000000 
361445.00000000 
170209.00000000 
345442.00000000 
15171.00000000 
65010.00000000 
64389.00000000 
24107.00000000 
128614.00000000 
90346.00000000 
87783.00000000 
62200.00000000 
106044.00000000 
200310.00000000 
91702.00000000 
184959.00000000 
244955.00000000 
352234.00000000 
49052.00000000 
129113.00000000 
285534.00000000 
71069.00000000 
24363.00000000 
85530.00000000 
33075.00000000 
66534.00000000 
23957.00000000 
77959.00000000 
40448.00000000 
137867.00000000 
271713.00000000 
170756.00000000 
27430.00000000 
5687.00000000 
192753.00000000 
160167.00000000 
23436.00000000 
16421.00000000 
3103.00000000 
140023.00000000 
1995.00000000 
2956.00000000 
759.00000000 
1085.00000000 
15586.00000000 
2399.00000000 
345.00000000 
7136.00000000 
41012.00000000 
25187.00000000 
4588.00000000 
60.00000000 
19707.00000000 
7796.00000000 
45443.00000000 
5244.00000000 
8619.00000000 
12875.00000000 
383.00000000 
19318.00000000 
3949.00000000 
9181.00000000 
947.00000000 
7610.00000000 
79016.00000000 
11269.00000000 
6722.00000000 
4261.00000000 
378.00000000 
104650.00000000 
41361.00000000 
5758.00000000 
3732.00000000 
42121.00000000 
19966.00000000 
71934.00000000 
3352.00000000 
16085.00000000 
53379.00000000 
67071.00000000 
20142.00000000 
31181.00000000 
83761.00000000 
67993.00000000 
102154.00000000 
52008.00000000 
120021.00000000 
44736.00000000 
35133.00000000 
18578.00000000 
90858.00000000 
115722.00000000 
2165.00000000 
1265.00000000 
15627.00000000 
95446.00000000 
2667.00000000 
34565.00000000 
443.00000000 
71826.00000000 
1236.00000000 
15896.00000000 
500.00000000 
17887.00000000 
10478.00000000 
22191.00000000 
47462.00000000 
8959.00000000 
10560.00000000 
3175.00000000 
4493.00000000 
19310.00000000 
304.00000000 
21723.00000000 
2770.00000000 
0.00000000 
2326.00000000 
2277.00000000 
20930.00000000 
8025.00000000 
40024.00000000 
2147.00000000 
26955.00000000 
5650.00000000 
200.00000000 
15824.00000000 
16087.00000000 
73794.00000000 
7194.00000000 
15611.00000000 
12132.00000000 
807.00000000 
2235.00000000 
670.00000000 
47547.00000000 
30638.00000000 
39103.00000000 
65611.00000000 
18223.00000000 
21650.00000000 
54196.00000000 
18051.00000000 
6861.00000000 
23657.00000000 
14433.00000000 
15885.00000000 
8588.00000000 
5669.00000000 
63283.00000000 
8975.00000000 
66791.00000000 
211606.00000000 
35096.00000000 
30995.00000000 
52281.00000000 
328.00000000 
42842.00000000 
89658.00000000 
52017.00000000 
3380.00000000 
17324.00000000 
11388.00000000 
2538.00000000 
6950.00000000 
11289.00000000 
40668.00000000 
48514.00000000 
113523.00000000 
25335.00000000 
60975.00000000 
59926.00000000 
11027.00000000 
41951.00000000 
67677.00000000 
53632.00000000 
10194.00000000 
138861.00000000 
33899.00000000 
9724.00000000 
12377.00000000 
66190.00000000 
114950.00000000 
56101.00000000 
58579.00000000 
20480.00000000 
138145.00000000 
151608.00000000 
27193.00000000 
86884.00000000 
14267.00000000 
43188.00000000 
8806.00000000 
88471.00000000 
79857.00000000 
5529.00000000 
989.00000000 
2981.00000000 
26500.00000000 
69037.00000000 
9662.00000000 
9775.00000000 
6007.00000000 
72.00000000 
11181.00000000 
19276.00000000 
5302.00000000 
3027.00000000 
90309.00000000 
3587.00000000 
77401.00000000 
14234.00000000 
19160.00000000 
25374.00000000 
10539.00000000 
102571.00000000 
45488.00000000 
19813.00000000 
425.00000000 
3149.00000000 
19939.00000000 
40579.00000000 
61862.00000000 
15524.00000000 
3190.00000000 
39500.00000000 
115534.00000000 
6283.00000000 
40666.00000000 
46204.00000000 
19807.00000000 
20821.00000000 
29963.00000000 
53465.00000000 
28548.00000000 
613.00000000 
20600.00000000 
7399.00000000 
23865.00000000 
7078.00000000 
11320.00000000 
22987.00000000 
30002.00000000 
23910.00000000 
25807.00000000 
77336.00000000 
16122.00000000 
60809.00000000 
12725.00000000 
45384.00000000 
109209.00000000 
37783.00000000 
64750.00000000 
13003.00000000 
47378.00000000 
59876.00000000 
205.00000000 
53509.00000000 
67415.00000000 
63581.00000000 
28204.00000000 
46084.00000000 
275963.00000000 
80712.00000000 
2411.00000000 
9437.00000000 
12952.00000000 
99319.00000000 
21636.00000000 
376414.00000000 
43960.00000000 
219019.00000000 
6197.00000000 
15960.00000000 
4680.00000000 
4882.00000000 
17804.00000000 
22732.00000000 
5120.00000000 
3097.00000000 
36949.00000000 
11956.00000000 
42695.00000000 
21596.00000000 
709.00000000 
20.00000000 
3006.00000000 
622.00000000 
19122.00000000 
9642.00000000 
1935.00000000 
2751.00000000 
15135.00000000 
27511.00000000 
16895.00000000 
41713.00000000 
89587.00000000 
12644.00000000 
11390.00000000 
82234.00000000 
9955.00000000 
44771.00000000 
18286.00000000 
32383.00000000 
62674.00000000 
59558.00000000 
27512.00000000 
218387.00000000 
14909.00000000 
32943.00000000 
170216.00000000 
16108.00000000 
15250.00000000 
14949.00000000 
34299.00000000 
31802.00000000 
44630.00000000 
7799.00000000 
8731.00000000 
29885.00000000 
11766.00000000 
25749.00000000 
22116.00000000 
7607.00000000 
38368.00000000 
5354.00000000 
1900.00000000 
2697.00000000 
212588.00000000 
92893.00000000 
86703.00000000 
144092.00000000 
123053.00000000 
67752.00000000 
90726.00000000 
52699.00000000 
93151.00000000 
49832.00000000 
172651.00000000 
88586.00000000 
156064.00000000 
262290.00000000 
102023.00000000 
137977.00000000 
139843.00000000 
229707.00000000 
97649.00000000 
289119.00000000 
85628.00000000 
139520.00000000 
86439.00000000 
207064.00000000 
300940.00000000 
242498.00000000 
324300.00000000 
157094.00000000 
310916.00000000 
108330.00000000 
455077.00000000 
360203.00000000 
39649.00000000 
468810.00000000 
118874.00000000 
38803.00000000 
145302.00000000 
54272.00000000 
14917.00000000 
42317.00000000 
43747.00000000 
54132.00000000 
89275.00000000 
170750.00000000 
63202.00000000 
36213.00000000 
82468.00000000 
32657.00000000 
25791.00000000 
39894.00000000 
124854.00000000 
253912.00000000 
13997.00000000 
31240.00000000 
46124.00000000 
32207.00000000 
40123.00000000 
97352.00000000 
126828.00000000 
10587.00000000 
68388.00000000 
28591.00000000 
7626.00000000 
46699.00000000 
19465.00000000 
18415.00000000 
36468.00000000 
9771.00000000 
43931.00000000 
19402.00000000 
23804.00000000 
86393.00000000 
44706.00000000 
169607.00000000 
134323.00000000 
220092.00000000 
57302.00000000 
47360.00000000 
53796.00000000 
106033.00000000 
232924.00000000 
10255.00000000 
18928.00000000 
14527.00000000 
24628.00000000 
49149.00000000 
26172.00000000 
162130.00000000 
118635.00000000 
136282.00000000 
119819.00000000 
185420.00000000 
155474.00000000 
15363.00000000 
10236.00000000 
14792.00000000 
86995.00000000 
47724.00000000 
6781.00000000 
62696.00000000 
19759.00000000 
50869.00000000 
89495.00000000 
15744.00000000 
27598.00000000 
26115.00000000 
27264.00000000 
16754.00000000 
4668.00000000 
12374.00000000 
35853.00000000 
39287.00000000 
124707.00000000 
44648.00000000 
43987.00000000 
35676.00000000 
102136.00000000 
170252.00000000 
41352.00000000 
73330.00000000 
18029.00000000 
36236.00000000 
17154.00000000 
25410.00000000 
37858.00000000 
32448.00000000 
9734.00000000 
51148.00000000 
22722.00000000 
12693.00000000 
90149.00000000 
11504.00000000 
25153.00000000 
38404.00000000 
28709.00000000 
51860.00000000 
69949.00000000 
23807.00000000 
28453.00000000 
357716.00000000 
126523.00000000 
70600.00000000 
148544.00000000 
389867.00000000 
75478.00000000 
108686.00000000 
95566.00000000 
85292.00000000 
111968.00000000 
383096.00000000 
118188.00000000 
306858.00000000 
262536.00000000 
249275.00000000 
361445.00000000 
170209.00000000 
345442.00000000 
15171.00000000 
65010.00000000 
64389.00000000 
24107.00000000 
128614.00000000 
90346.00000000 
87783.00000000 
62200.00000000 
106044.00000000 
200310.00000000 
91702.00000000 
184959.00000000 
244955.00000000 
352234.00000000 
49052.00000000 
129113.00000000 
285534.00000000 
71069.00000000 
24363.00000000 
85530.00000000 
33075.00000000 
66534.00000000 
23957.00000000 
77959.00000000 
40448.00000000 
137867.00000000 
271713.00000000 
170756.00000000 
27430.00000000 
5687.00000000 
192753.00000000 
160167.00000000 
23436.00000000 
16421.00000000 
3103.00000000 
140023.00000000 
1995.00000000 
2956.00000000 
759.00000000 
1085.00000000 
15586.00000000 
2399.00000000 
345.00000000 
7136.00000000 
41012.00000000 
25187.00000000 
4588.00000000 
60.00000000 
19707.00000000 
7796.00000000 
45443.00000000 
5244.00000000 
8619.00000000 
12875.00000000 
383.00000000 
19318.00000000 
3949.00000000 
9181.00000000 
947.00000000 
7610.00000000 
79016.00000000 
11269.00000000 
6722.00000000 
4261.00000000 
378.00000000 
104650.00000000 
41361.00000000 
5758.00000000 
3732.00000000 
42121.00000000 
19966.00000000 
71934.00000000 
3352.00000000 
16085.00000000 
53379.00000000 
67071.00000000 
20142.00000000 
31181.00000000 
83761.00000000 
67993.00000000 
102154.00000000 
52008.00000000 
120021.00000000 
44736.00000000 
35133.00000000 
18578.00000000 
90858.00000000 
115722.00000000 
2165.00000000 
1265.00000000 
15627.00000000 
95446.00000000 
2667.00000000 
34565.00000000 
443.00000000 
71826.00000000 
1236.00000000 
15896.00000000 
500.00000000 
17887.00000000 
10478.00000000 
22191.00000000 
47462.00000000 
8959.00000000 
10560.00000000 
3175.00000000 
4493.00000000 
19310.00000000 
304.00000000 
21723.00000000 
2770.00000000 
0.00000000 
2326.00000000 
2277.00000000 
20930.00000000 
8025.00000000 
40024.00000000 
2147.00000000 
26955.00000000 
5650.00000000 
200.00000000 
15824.00000000 
16087.00000000 
73794.00000000 
7194.00000000 
15611.00000000 
12132.00000000 
807.00000000 
2235.00000000 
670.00000000 
47547.00000000 
30638.00000000 
39103.00000000 
65611.00000000 
18223.00000000 
21650.00000000 
54196.00000000 
18051.00000000 
6861.00000000 
23657.00000000 
14433.00000000 
15885.00000000 
8588.00000000 
5669.00000000 
63283.00000000 
8975.00000000 
66791.00000000 
211606.00000000 
35096.00000000 
30995.00000000 
52281.00000000 
328.00000000 
42842.00000000 
89658.00000000 
52017.00000000 
3380.00000000 
17324.00000000 
11388.00000000 
2538.00000000 
6950.00000000 
11289.00000000 
40668.00000000 
48514.00000000 
113523.00000000 
25335.00000000 
60975.00000000 
59926.00000000 
11027.00000000 
41951.00000000 
67677.00000000 
53632.00000000 
10194.00000000 
138861.00000000 
33899.00000000 
9724.00000000 
12377.00000000 
66190.00000000 
114950.00000000 
56101.00000000 
58579.00000000 
20480.00000000 
138145.00000000 
151608.00000000 
27193.00000000 
86884.00000000 
14267.00000000 
43188.00000000 
8806.00000000 
88471.00000000 
79857.00000000 
5529.00000000 
989.00000000 
2981.00000000 
26500.00000000 
69037.00000000 
9662.00000000 
9775.00000000 
6007.00000000 
72.00000000 
11181.00000000 
19276.00000000 
5302.00000000 
3027.00000000 
90309.00000000 
3587.00000000 
77401.00000000 
14234.00000000 
19160.00000000 
25374.00000000 
10539.00000000 
102571.00000000 
45488.00000000 
19813.00000000 
425.00000000 
3149.00000000 
19939.00000000 
40579.00000000 
61862.00000000 
15524.00000000 
3190.00000000 
39500.00000000 
115534.00000000 
6283.00000000 
40666.00000000 
46204.00000000 
19807.00000000 
20821.00000000 
29963.00000000 
53465.00000000 
28548.00000000 
613.00000000 
20600.00000000 
7399.00000000 
23865.00000000 
7078.00000000 
11320.00000000 
22987.00000000 
30002.00000000 
23910.00000000 
25807.00000000 
77336.00000000 
16122.00000000 
60809.00000000 
12725.00000000 
45384.00000000 
109209.00000000 
37783.00000000 
64750.00000000 
13003.00000000 
47378.00000000 
59876.00000000 
205.00000000 
53509.00000000 
67415.00000000 
63581.00000000 
28204.00000000 
46084.00000000 
275963.00000000 
80712.00000000 
2411.00000000 
9437.00000000 
12952.00000000 
99319.00000000 
21636.00000000 
376414.00000000 
43960.00000000 
219019.00000000 
6197.00000000 
15960.00000000 
4680.00000000 
4882.00000000 
17804.00000000 
22732.00000000 
5120.00000000 
3097.00000000 
36949.00000000 
11956.00000000 
42695.00000000 
21596.00000000 
709.00000000 
20.00000000 
3006.00000000 
622.00000000 
19122.00000000 
9642.00000000 
1935.00000000 
2751.00000000 
15135.00000000 
27511.00000000 
16895.00000000 
41713.00000000 
89587.00000000 
12644.00000000 
11390.00000000 
82234.00000000 
9955.00000000 
44771.00000000 
18286.00000000 
32383.00000000 
62674.00000000 
59558.00000000 
27512.00000000 
218387.00000000 
14909.00000000 
32943.00000000 
170216.00000000 
16108.00000000 
15250.00000000 
14949.00000000 
34299.00000000 
31802.00000000 
44630.00000000 
7799.00000000 
8731.00000000 
29885.00000000 
11766.00000000 
25749.00000000 
22116.00000000 
7607.00000000 
38368.00000000 
5354.00000000 
1900.00000000 
2697.00000000 
