5540.00000000 
5662.00000000 
15633.00000000 
3009.00000000 
6340.00000000 
2695.00000000 
2626.00000000 
8119.00000000 
2213.00000000 
2784.00000000 
1557.00000000 
4166.00000000 
2037.00000000 
3245.00000000 
8437.00000000 
4320.00000000 
18833.00000000 
6490.00000000 
6888.00000000 
1666.00000000 
7095.00000000 
4465.00000000 
3418.00000000 
4727.00000000 
3040.00000000 
5737.00000000 
7887.00000000 
8465.00000000 
11349.00000000 
5848.00000000 
5407.00000000 
3881.00000000 
6569.00000000 
3188.00000000 
6072.00000000 
13794.00000000 
19368.00000000 
3647.00000000 
4284.00000000 
5130.00000000 
6097.00000000 
1393.00000000 
18713.00000000 
5379.00000000 
11820.00000000 
10855.00000000 
4801.00000000 
2550.00000000 
6058.00000000 
4348.00000000 
8921.00000000 
3313.00000000 
2073.00000000 
8695.00000000 
2303.00000000 
5244.00000000 
4288.00000000 
1269.00000000 
8821.00000000 
17770.00000000 
12129.00000000 
4300.00000000 
2656.00000000 
3553.00000000 
3975.00000000 
2250.00000000 
963.00000000 
843.00000000 
1939.00000000 
3263.00000000 
6179.00000000 
4665.00000000 
1887.00000000 
4498.00000000 
1943.00000000 
3317.00000000 
4708.00000000 
3021.00000000 
3079.00000000 
1374.00000000 
1695.00000000 
3013.00000000 
3043.00000000 
9270.00000000 
7377.00000000 
4311.00000000 
2354.00000000 
2397.00000000 
3470.00000000 
392.00000000 
802.00000000 
8803.00000000 
1989.00000000 
1498.00000000 
2161.00000000 
7014.00000000 
3481.00000000 
6292.00000000 
8129.00000000 
4427.00000000 
7763.00000000 
14457.00000000 
6721.00000000 
5212.00000000 
4801.00000000 
12306.00000000 
6482.00000000 
9404.00000000 
6727.00000000 
8377.00000000 
5628.00000000 
6037.00000000 
5104.00000000 
2332.00000000 
10184.00000000 
3066.00000000 
10212.00000000 
9308.00000000 
10147.00000000 
4894.00000000 
13611.00000000 
8858.00000000 
15583.00000000 
24162.00000000 
6117.00000000 
2241.00000000 
2098.00000000 
5750.00000000 
3548.00000000 
6842.00000000 
8208.00000000 
6191.00000000 
3410.00000000 
2748.00000000 
2694.00000000 
2944.00000000 
4182.00000000 
1648.00000000 
2067.00000000 
4863.00000000 
5758.00000000 
10735.00000000 
13023.00000000 
13069.00000000 
15823.00000000 
3659.00000000 
9579.00000000 
9865.00000000 
10694.00000000 
15321.00000000 
12353.00000000 
12120.00000000 
9447.00000000 
8298.00000000 
11395.00000000 
13638.00000000 
12650.00000000 
9597.00000000 
11451.00000000 
6663.00000000 
1901.00000000 
2582.00000000 
3008.00000000 
4129.00000000 
5638.00000000 
4594.00000000 
10565.00000000 
6763.00000000 
9918.00000000 
7672.00000000 
10648.00000000 
4073.00000000 
6166.00000000 
15514.00000000 
4735.00000000 
26395.00000000 
14036.00000000 
2578.00000000 
1618.00000000 
4371.00000000 
8006.00000000 
8824.00000000 
3819.00000000 
1498.00000000 
8055.00000000 
569.00000000 
5640.00000000 
754.00000000 
2436.00000000 
1837.00000000 
26594.00000000 
6100.00000000 
41560.00000000 
7596.00000000 
5637.00000000 
1307.00000000 
4169.00000000 
7626.00000000 
1780.00000000 
1665.00000000 
5222.00000000 
11828.00000000 
2537.00000000 
2747.00000000 
6746.00000000 
3060.00000000 
2483.00000000 
2502.00000000 
2388.00000000 
471.00000000 
1975.00000000 
2200.00000000 
2974.00000000 
2064.00000000 
1960.00000000 
6319.00000000 
763.00000000 
7336.00000000 
6244.00000000 
5090.00000000 
3822.00000000 
2736.00000000 
1229.00000000 
5882.00000000 
5487.00000000 
15021.00000000 
6950.00000000 
18235.00000000 
14953.00000000 
20221.00000000 
6842.00000000 
4453.00000000 
3842.00000000 
11361.00000000 
12626.00000000 
7991.00000000 
18251.00000000 
20363.00000000 
5308.00000000 
8151.00000000 
56335.00000000 
6901.00000000 
3605.00000000 
4174.00000000 
4495.00000000 
3808.00000000 
10527.00000000 
21373.00000000 
9261.00000000 
19852.00000000 
18052.00000000 
5463.00000000 
68.00000000 
1450.00000000 
3489.00000000 
2411.00000000 
2125.00000000 
3261.00000000 
2299.00000000 
644.00000000 
1040.00000000 
5086.00000000 
2228.00000000 
4658.00000000 
5603.00000000 
5322.00000000 
2768.00000000 
1321.00000000 
5706.00000000 
2199.00000000 
2510.00000000 
3599.00000000 
3524.00000000 
7444.00000000 
6803.00000000 
2857.00000000 
7229.00000000 
7531.00000000 
14147.00000000 
15242.00000000 
9700.00000000 
2321.00000000 
770.00000000 
2708.00000000 
3160.00000000 
2706.00000000 
4390.00000000 
6063.00000000 
13146.00000000 
10536.00000000 
3411.00000000 
7409.00000000 
7306.00000000 
5840.00000000 
2920.00000000 
3996.00000000 
2814.00000000 
3833.00000000 
5556.00000000 
7848.00000000 
5908.00000000 
5600.00000000 
6158.00000000 
4785.00000000 
6788.00000000 
4631.00000000 
3848.00000000 
3704.00000000 
14644.00000000 
5657.00000000 
6128.00000000 
9032.00000000 
12490.00000000 
8385.00000000 
11354.00000000 
7965.00000000 
12812.00000000 
27388.00000000 
14240.00000000 
22232.00000000 
26295.00000000 
4676.00000000 
7164.00000000 
14547.00000000 
15944.00000000 
15254.00000000 
18107.00000000 
45036.00000000 
48347.00000000 
43736.00000000 
24273.00000000 
22067.00000000 
9881.00000000 
12380.00000000 
5232.00000000 
5912.00000000 
40904.00000000 
65428.00000000 
23767.00000000 
19710.00000000 
16311.00000000 
19260.00000000 
30415.00000000 
15014.00000000 
22655.00000000 
10936.00000000 
4972.00000000 
28050.00000000 
13599.00000000 
7583.00000000 
18228.00000000 
8394.00000000 
10268.00000000 
5447.00000000 
7191.00000000 
13886.00000000 
5652.00000000 
9529.00000000 
6237.00000000 
9295.00000000 
26174.00000000 
23613.00000000 
8037.00000000 
9299.00000000 
12968.00000000 
20587.00000000 
31809.00000000 
18993.00000000 
15281.00000000 
8878.00000000 
12190.00000000 
9368.00000000 
7517.00000000 
9100.00000000 
11975.00000000 
5829.00000000 
24824.00000000 
6033.00000000 
23438.00000000 
23427.00000000 
5649.00000000 
13590.00000000 
17129.00000000 
22777.00000000 
10249.00000000 
6779.00000000 
7954.00000000 
4449.00000000 
13569.00000000 
5755.00000000 
1325.00000000 
11058.00000000 
6042.00000000 
16001.00000000 
12496.00000000 
16383.00000000 
9231.00000000 
24319.00000000 
29122.00000000 
18722.00000000 
6066.00000000 
8705.00000000 
3631.00000000 
3074.00000000 
10590.00000000 
10008.00000000 
13709.00000000 
6796.00000000 
2848.00000000 
2210.00000000 
3659.00000000 
4221.00000000 
10608.00000000 
6426.00000000 
8013.00000000 
7717.00000000 
13525.00000000 
6700.00000000 
2917.00000000 
4567.00000000 
3910.00000000 
4984.00000000 
981.00000000 
5398.00000000 
10524.00000000 
9881.00000000 
2436.00000000 
25155.00000000 
6978.00000000 
21856.00000000 
29393.00000000 
10083.00000000 
7627.00000000 
4240.00000000 
8159.00000000 
5589.00000000 
2341.00000000 
6121.00000000 
10621.00000000 
5553.00000000 
5789.00000000 
11022.00000000 
4153.00000000 
9753.00000000 
14717.00000000 
13633.00000000 
5700.00000000 
14257.00000000 
9906.00000000 
3636.00000000 
8938.00000000 
7660.00000000 
13896.00000000 
5080.00000000 
10902.00000000 
14805.00000000 
6656.00000000 
3950.00000000 
6217.00000000 
5232.00000000 
3092.00000000 
5307.00000000 
5070.00000000 
12613.00000000 
4969.00000000 
6438.00000000 
4706.00000000 
5435.00000000 
5474.00000000 
3790.00000000 
704.00000000 
2446.00000000 
8411.00000000 
8461.00000000 
2901.00000000 
2815.00000000 
2149.00000000 
2920.00000000 
1016.00000000 
3027.00000000 
5601.00000000 
5662.00000000 
15633.00000000 
3009.00000000 
6340.00000000 
2695.00000000 
2626.00000000 
8119.00000000 
2213.00000000 
2784.00000000 
1557.00000000 
4166.00000000 
2037.00000000 
3245.00000000 
8437.00000000 
4320.00000000 
18833.00000000 
6490.00000000 
6888.00000000 
1666.00000000 
7095.00000000 
4465.00000000 
3418.00000000 
4727.00000000 
3040.00000000 
5737.00000000 
7887.00000000 
8465.00000000 
11349.00000000 
5848.00000000 
5407.00000000 
3881.00000000 
6569.00000000 
3188.00000000 
6072.00000000 
13794.00000000 
19368.00000000 
3647.00000000 
4284.00000000 
5130.00000000 
6097.00000000 
1393.00000000 
18713.00000000 
5379.00000000 
11820.00000000 
10855.00000000 
4801.00000000 
2550.00000000 
6058.00000000 
4348.00000000 
8921.00000000 
3313.00000000 
2073.00000000 
8695.00000000 
2303.00000000 
5244.00000000 
4288.00000000 
1269.00000000 
8821.00000000 
17770.00000000 
12129.00000000 
4300.00000000 
2656.00000000 
3553.00000000 
3975.00000000 
2250.00000000 
963.00000000 
843.00000000 
1939.00000000 
3263.00000000 
6179.00000000 
4665.00000000 
1887.00000000 
4498.00000000 
1943.00000000 
3317.00000000 
4708.00000000 
3021.00000000 
3079.00000000 
1374.00000000 
1695.00000000 
3013.00000000 
3043.00000000 
9270.00000000 
7377.00000000 
4311.00000000 
2354.00000000 
2397.00000000 
3470.00000000 
392.00000000 
802.00000000 
8803.00000000 
1989.00000000 
1498.00000000 
2161.00000000 
7014.00000000 
3481.00000000 
6292.00000000 
8129.00000000 
4427.00000000 
7763.00000000 
14457.00000000 
6721.00000000 
5212.00000000 
4801.00000000 
12306.00000000 
6482.00000000 
9404.00000000 
6727.00000000 
8377.00000000 
5628.00000000 
6037.00000000 
5104.00000000 
2332.00000000 
10184.00000000 
3066.00000000 
10212.00000000 
9308.00000000 
10147.00000000 
4894.00000000 
13611.00000000 
8858.00000000 
15583.00000000 
24162.00000000 
6117.00000000 
2241.00000000 
2098.00000000 
5750.00000000 
3548.00000000 
6842.00000000 
8208.00000000 
6191.00000000 
3410.00000000 
2748.00000000 
2694.00000000 
2944.00000000 
4182.00000000 
1648.00000000 
2067.00000000 
4863.00000000 
5758.00000000 
10735.00000000 
13023.00000000 
13069.00000000 
15823.00000000 
3659.00000000 
9579.00000000 
9865.00000000 
10694.00000000 
15321.00000000 
12353.00000000 
12120.00000000 
9447.00000000 
8298.00000000 
11395.00000000 
13638.00000000 
12650.00000000 
9597.00000000 
11451.00000000 
6663.00000000 
1901.00000000 
2582.00000000 
3008.00000000 
4129.00000000 
5638.00000000 
4594.00000000 
10565.00000000 
6763.00000000 
9918.00000000 
7672.00000000 
10648.00000000 
4073.00000000 
6166.00000000 
15514.00000000 
4735.00000000 
26395.00000000 
14036.00000000 
2578.00000000 
1618.00000000 
4371.00000000 
8006.00000000 
8824.00000000 
3819.00000000 
1498.00000000 
8055.00000000 
569.00000000 
5640.00000000 
754.00000000 
2436.00000000 
1837.00000000 
26594.00000000 
6100.00000000 
41560.00000000 
7596.00000000 
5637.00000000 
1307.00000000 
4169.00000000 
7626.00000000 
1780.00000000 
1665.00000000 
5222.00000000 
11828.00000000 
2537.00000000 
2747.00000000 
6746.00000000 
3060.00000000 
2483.00000000 
2502.00000000 
2388.00000000 
471.00000000 
1975.00000000 
2200.00000000 
2974.00000000 
2064.00000000 
1960.00000000 
6319.00000000 
763.00000000 
7336.00000000 
6244.00000000 
5090.00000000 
3822.00000000 
2736.00000000 
1229.00000000 
5882.00000000 
5487.00000000 
15021.00000000 
6950.00000000 
18235.00000000 
14953.00000000 
20221.00000000 
6842.00000000 
4453.00000000 
3842.00000000 
11361.00000000 
12626.00000000 
7991.00000000 
18251.00000000 
20363.00000000 
5308.00000000 
8151.00000000 
56335.00000000 
6901.00000000 
3605.00000000 
4174.00000000 
4495.00000000 
3808.00000000 
10527.00000000 
21373.00000000 
9261.00000000 
19852.00000000 
18052.00000000 
5463.00000000 
68.00000000 
1450.00000000 
3489.00000000 
2411.00000000 
2125.00000000 
3261.00000000 
2299.00000000 
644.00000000 
1040.00000000 
5086.00000000 
2228.00000000 
4658.00000000 
5603.00000000 
5322.00000000 
2768.00000000 
1321.00000000 
5706.00000000 
2199.00000000 
2510.00000000 
3599.00000000 
3524.00000000 
7444.00000000 
6803.00000000 
2857.00000000 
7229.00000000 
7531.00000000 
14147.00000000 
15242.00000000 
9700.00000000 
2321.00000000 
770.00000000 
2708.00000000 
3160.00000000 
2706.00000000 
4390.00000000 
6063.00000000 
13146.00000000 
10536.00000000 
3411.00000000 
7409.00000000 
7306.00000000 
5840.00000000 
2920.00000000 
3996.00000000 
2814.00000000 
3833.00000000 
5556.00000000 
7848.00000000 
5908.00000000 
5600.00000000 
6158.00000000 
4785.00000000 
6788.00000000 
4631.00000000 
3848.00000000 
3704.00000000 
14644.00000000 
5657.00000000 
6128.00000000 
9032.00000000 
12490.00000000 
8385.00000000 
11354.00000000 
7965.00000000 
12812.00000000 
27388.00000000 
14240.00000000 
22232.00000000 
26295.00000000 
4676.00000000 
7164.00000000 
14547.00000000 
15944.00000000 
15254.00000000 
18107.00000000 
45036.00000000 
48347.00000000 
43736.00000000 
24273.00000000 
22067.00000000 
9881.00000000 
12380.00000000 
5232.00000000 
5912.00000000 
40904.00000000 
65428.00000000 
23767.00000000 
19710.00000000 
16311.00000000 
19260.00000000 
30415.00000000 
15014.00000000 
22655.00000000 
10936.00000000 
4972.00000000 
28050.00000000 
13599.00000000 
7583.00000000 
18228.00000000 
8394.00000000 
10268.00000000 
5447.00000000 
7191.00000000 
13886.00000000 
5652.00000000 
9529.00000000 
6237.00000000 
9295.00000000 
26174.00000000 
23613.00000000 
8037.00000000 
9299.00000000 
12968.00000000 
20587.00000000 
31809.00000000 
18993.00000000 
15281.00000000 
8878.00000000 
12190.00000000 
9368.00000000 
7517.00000000 
9100.00000000 
11975.00000000 
5829.00000000 
24824.00000000 
6033.00000000 
23438.00000000 
23427.00000000 
5649.00000000 
13590.00000000 
17129.00000000 
22777.00000000 
10249.00000000 
6779.00000000 
7954.00000000 
4449.00000000 
13569.00000000 
5755.00000000 
1325.00000000 
11058.00000000 
6042.00000000 
16001.00000000 
12496.00000000 
16383.00000000 
9231.00000000 
24319.00000000 
29122.00000000 
18722.00000000 
6066.00000000 
8705.00000000 
3631.00000000 
3074.00000000 
10590.00000000 
10008.00000000 
13709.00000000 
6796.00000000 
2848.00000000 
2210.00000000 
3659.00000000 
4221.00000000 
10608.00000000 
6426.00000000 
8013.00000000 
7717.00000000 
13525.00000000 
6700.00000000 
2917.00000000 
4567.00000000 
3910.00000000 
4984.00000000 
981.00000000 
5398.00000000 
10524.00000000 
9881.00000000 
2436.00000000 
25155.00000000 
6978.00000000 
21856.00000000 
29393.00000000 
10083.00000000 
7627.00000000 
4240.00000000 
8159.00000000 
5589.00000000 
2341.00000000 
6121.00000000 
10621.00000000 
5553.00000000 
5789.00000000 
11022.00000000 
4153.00000000 
9753.00000000 
14717.00000000 
13633.00000000 
5700.00000000 
14257.00000000 
9906.00000000 
3636.00000000 
8938.00000000 
7660.00000000 
13896.00000000 
5080.00000000 
10902.00000000 
14805.00000000 
6656.00000000 
3950.00000000 
6217.00000000 
5232.00000000 
3092.00000000 
5307.00000000 
5070.00000000 
12613.00000000 
4969.00000000 
6438.00000000 
4706.00000000 
5435.00000000 
5474.00000000 
3790.00000000 
704.00000000 
2446.00000000 
8411.00000000 
8461.00000000 
2901.00000000 
2815.00000000 
2149.00000000 
2920.00000000 
1016.00000000 
3027.00000000 
5601.00000000 
5662.00000000 
15633.00000000 
3009.00000000 
6340.00000000 
2695.00000000 
2626.00000000 
8119.00000000 
2213.00000000 
2784.00000000 
1557.00000000 
4166.00000000 
2037.00000000 
3245.00000000 
8437.00000000 
4320.00000000 
18833.00000000 
6490.00000000 
6888.00000000 
1666.00000000 
7095.00000000 
4465.00000000 
3418.00000000 
4727.00000000 
3040.00000000 
5737.00000000 
7887.00000000 
8465.00000000 
11349.00000000 
5848.00000000 
5407.00000000 
3881.00000000 
6569.00000000 
3188.00000000 
6072.00000000 
13794.00000000 
19368.00000000 
3647.00000000 
4284.00000000 
5130.00000000 
6097.00000000 
1393.00000000 
18713.00000000 
5379.00000000 
11820.00000000 
10855.00000000 
4801.00000000 
2550.00000000 
6058.00000000 
4348.00000000 
8921.00000000 
3313.00000000 
2073.00000000 
8695.00000000 
2303.00000000 
5244.00000000 
4288.00000000 
1269.00000000 
8821.00000000 
17770.00000000 
12129.00000000 
4300.00000000 
2656.00000000 
3553.00000000 
3975.00000000 
2250.00000000 
963.00000000 
843.00000000 
1939.00000000 
3263.00000000 
6179.00000000 
4665.00000000 
1887.00000000 
4498.00000000 
1943.00000000 
3317.00000000 
4708.00000000 
3021.00000000 
3079.00000000 
1374.00000000 
1695.00000000 
3013.00000000 
3043.00000000 
9270.00000000 
7377.00000000 
4311.00000000 
2354.00000000 
2397.00000000 
3470.00000000 
392.00000000 
802.00000000 
8803.00000000 
1989.00000000 
1498.00000000 
2161.00000000 
7014.00000000 
3481.00000000 
6292.00000000 
8129.00000000 
4427.00000000 
7763.00000000 
14457.00000000 
6721.00000000 
5212.00000000 
4801.00000000 
12306.00000000 
6482.00000000 
9404.00000000 
6727.00000000 
8377.00000000 
5628.00000000 
6037.00000000 
5104.00000000 
2332.00000000 
10184.00000000 
3066.00000000 
10212.00000000 
9308.00000000 
10147.00000000 
4894.00000000 
13611.00000000 
8858.00000000 
15583.00000000 
24162.00000000 
6117.00000000 
2241.00000000 
2098.00000000 
5750.00000000 
3548.00000000 
6842.00000000 
8208.00000000 
6191.00000000 
3410.00000000 
2748.00000000 
2694.00000000 
2944.00000000 
4182.00000000 
1648.00000000 
2067.00000000 
4863.00000000 
5758.00000000 
10735.00000000 
13023.00000000 
13069.00000000 
15823.00000000 
3659.00000000 
9579.00000000 
9865.00000000 
10694.00000000 
15321.00000000 
12353.00000000 
12120.00000000 
9447.00000000 
8298.00000000 
11395.00000000 
13638.00000000 
12650.00000000 
9597.00000000 
11451.00000000 
6663.00000000 
1901.00000000 
2582.00000000 
3008.00000000 
4129.00000000 
5638.00000000 
4594.00000000 
10565.00000000 
6763.00000000 
9918.00000000 
7672.00000000 
10648.00000000 
4073.00000000 
6166.00000000 
15514.00000000 
4735.00000000 
26395.00000000 
14036.00000000 
2578.00000000 
1618.00000000 
4371.00000000 
8006.00000000 
8824.00000000 
3819.00000000 
1498.00000000 
8055.00000000 
569.00000000 
5640.00000000 
754.00000000 
2436.00000000 
1837.00000000 
26594.00000000 
6100.00000000 
41560.00000000 
7596.00000000 
5637.00000000 
1307.00000000 
4169.00000000 
7626.00000000 
1780.00000000 
1665.00000000 
5222.00000000 
11828.00000000 
2537.00000000 
2747.00000000 
6746.00000000 
3060.00000000 
2483.00000000 
2502.00000000 
2388.00000000 
471.00000000 
1975.00000000 
2200.00000000 
2974.00000000 
2064.00000000 
1960.00000000 
6319.00000000 
763.00000000 
7336.00000000 
6244.00000000 
5090.00000000 
3822.00000000 
2736.00000000 
1229.00000000 
5882.00000000 
5487.00000000 
15021.00000000 
6950.00000000 
18235.00000000 
14953.00000000 
20221.00000000 
6842.00000000 
4453.00000000 
3842.00000000 
11361.00000000 
12626.00000000 
7991.00000000 
18251.00000000 
20363.00000000 
5308.00000000 
8151.00000000 
56335.00000000 
6901.00000000 
3605.00000000 
4174.00000000 
4495.00000000 
3808.00000000 
10527.00000000 
21373.00000000 
9261.00000000 
19852.00000000 
18052.00000000 
5463.00000000 
68.00000000 
1450.00000000 
3489.00000000 
2411.00000000 
2125.00000000 
3261.00000000 
2299.00000000 
644.00000000 
1040.00000000 
5086.00000000 
2228.00000000 
4658.00000000 
5603.00000000 
5322.00000000 
2768.00000000 
1321.00000000 
5706.00000000 
2199.00000000 
2510.00000000 
3599.00000000 
3524.00000000 
7444.00000000 
6803.00000000 
2857.00000000 
7229.00000000 
7531.00000000 
14147.00000000 
15242.00000000 
9700.00000000 
2321.00000000 
770.00000000 
2708.00000000 
3160.00000000 
2706.00000000 
4390.00000000 
6063.00000000 
13146.00000000 
10536.00000000 
3411.00000000 
7409.00000000 
7306.00000000 
5840.00000000 
2920.00000000 
3996.00000000 
2814.00000000 
3833.00000000 
5556.00000000 
7848.00000000 
5908.00000000 
5600.00000000 
6158.00000000 
4785.00000000 
6788.00000000 
4631.00000000 
3848.00000000 
3704.00000000 
14644.00000000 
5657.00000000 
6128.00000000 
9032.00000000 
12490.00000000 
8385.00000000 
11354.00000000 
7965.00000000 
12812.00000000 
27388.00000000 
14240.00000000 
22232.00000000 
26295.00000000 
4676.00000000 
7164.00000000 
14547.00000000 
15944.00000000 
15254.00000000 
18107.00000000 
45036.00000000 
48347.00000000 
43736.00000000 
24273.00000000 
22067.00000000 
9881.00000000 
12380.00000000 
5232.00000000 
5912.00000000 
40904.00000000 
65428.00000000 
23767.00000000 
19710.00000000 
16311.00000000 
19260.00000000 
30415.00000000 
15014.00000000 
22655.00000000 
10936.00000000 
4972.00000000 
28050.00000000 
13599.00000000 
7583.00000000 
18228.00000000 
8394.00000000 
10268.00000000 
5447.00000000 
7191.00000000 
13886.00000000 
5652.00000000 
9529.00000000 
6237.00000000 
9295.00000000 
26174.00000000 
23613.00000000 
8037.00000000 
9299.00000000 
12968.00000000 
20587.00000000 
31809.00000000 
18993.00000000 
15281.00000000 
8878.00000000 
12190.00000000 
9368.00000000 
7517.00000000 
9100.00000000 
11975.00000000 
5829.00000000 
24824.00000000 
6033.00000000 
23438.00000000 
23427.00000000 
5649.00000000 
13590.00000000 
17129.00000000 
22777.00000000 
10249.00000000 
6779.00000000 
7954.00000000 
4449.00000000 
13569.00000000 
5755.00000000 
1325.00000000 
11058.00000000 
6042.00000000 
16001.00000000 
12496.00000000 
16383.00000000 
9231.00000000 
24319.00000000 
29122.00000000 
18722.00000000 
6066.00000000 
8705.00000000 
3631.00000000 
3074.00000000 
10590.00000000 
10008.00000000 
13709.00000000 
6796.00000000 
2848.00000000 
2210.00000000 
3659.00000000 
4221.00000000 
10608.00000000 
6426.00000000 
8013.00000000 
7717.00000000 
13525.00000000 
6700.00000000 
2917.00000000 
4567.00000000 
3910.00000000 
4984.00000000 
981.00000000 
5398.00000000 
10524.00000000 
9881.00000000 
2436.00000000 
25155.00000000 
6978.00000000 
21856.00000000 
29393.00000000 
10083.00000000 
7627.00000000 
4240.00000000 
8159.00000000 
5589.00000000 
2341.00000000 
6121.00000000 
10621.00000000 
5553.00000000 
5789.00000000 
11022.00000000 
4153.00000000 
9753.00000000 
14717.00000000 
13633.00000000 
5700.00000000 
14257.00000000 
9906.00000000 
3636.00000000 
8938.00000000 
7660.00000000 
13896.00000000 
5080.00000000 
10902.00000000 
14805.00000000 
6656.00000000 
3950.00000000 
6217.00000000 
5232.00000000 
3092.00000000 
5307.00000000 
5070.00000000 
12613.00000000 
4969.00000000 
6438.00000000 
4706.00000000 
5435.00000000 
5474.00000000 
3790.00000000 
704.00000000 
2446.00000000 
8411.00000000 
8461.00000000 
2901.00000000 
2815.00000000 
2149.00000000 
2920.00000000 
1016.00000000 
3027.00000000 
