0.00106740 
0.00106607 
0.00106993 
0.00107073 
0.00106995 
0.00107010 
0.00107105 
0.00107001 
0.00107001 
0.00106997 
0.00106479 
0.00106308 
0.00106001 
0.00106071 
0.00106317 
0.00106534 
0.00106880 
0.00107018 
0.00107074 
0.00107074 
0.00106796 
0.00107000 
0.00106509 
0.00106279 
0.00106230 
0.00106567 
0.00106507 
0.00106799 
0.00106900 
0.00106950 
0.00106686 
0.00106100 
0.00106000 
0.00105807 
0.00106055 
0.00106140 
0.00106140 
0.00106370 
0.00106400 
0.00106500 
0.00106100 
0.00105805 
0.00105600 
0.00106218 
0.00106236 
0.00106082 
0.00105477 
0.00105681 
0.00105511 
0.00105400 
0.00105362 
0.00105498 
0.00105183 
0.00105128 
0.00105212 
0.00104825 
0.00105291 
0.00105302 
0.00105377 
0.00105026 
0.00105677 
0.00105535 
0.00105174 
0.00105158 
0.00105307 
0.00105512 
0.00105496 
0.00105124 
0.00105001 
0.00105060 
0.00105531 
0.00105210 
0.00105222 
0.00104860 
0.00104876 
0.00105003 
0.00105229 
0.00105200 
0.00105045 
0.00105212 
0.00105517 
0.00105500 
0.00105535 
0.00105535 
0.00105500 
0.00105820 
0.00106118 
0.00106457 
0.00106587 
0.00106794 
0.00106555 
0.00106727 
0.00106793 
0.00106588 
0.00106580 
0.00106822 
0.00106351 
0.00105988 
0.00106213 
0.00105750 
0.00105942 
0.00106932 
0.00107250 
0.00107316 
0.00107180 
0.00107288 
0.00108320 
0.00108277 
0.00109300 
0.00109322 
0.00108855 
0.00109703 
0.00109700 
0.00109215 
0.00109215 
0.00108783 
0.00108386 
0.00109185 
0.00108828 
0.00108842 
0.00109049 
0.00109092 
0.00109322 
0.00108762 
0.00108497 
0.00108338 
0.00107610 
0.00107601 
0.00107797 
0.00107997 
0.00107793 
0.00107798 
0.00108325 
0.00108083 
0.00107400 
0.00107052 
0.00106771 
0.00106634 
0.00106454 
0.00106344 
0.00106526 
0.00106301 
0.00106640 
0.00106320 
0.00107499 
0.00107815 
0.00107800 
0.00107891 
0.00108200 
0.00107956 
0.00108900 
0.00108000 
0.00107892 
0.00107389 
0.00106611 
0.00106535 
0.00107000 
0.00105991 
0.00105862 
0.00105750 
0.00105493 
0.00105295 
0.00104814 
0.00104828 
0.00104993 
0.00104870 
0.00105188 
0.00105178 
0.00105535 
0.00105598 
0.00105957 
0.00105455 
0.00105032 
0.00105326 
0.00105389 
0.00105207 
0.00104506 
0.00104280 
0.00103878 
0.00103780 
0.00103784 
0.00103772 
0.00103178 
0.00102900 
0.00103100 
0.00102995 
0.00103000 
0.00103442 
0.00103453 
0.00103409 
0.00103311 
0.00103205 
0.00103296 
0.00102667 
0.00102695 
0.00102700 
0.00102701 
0.00102701 
0.00102719 
0.00102605 
0.00102689 
0.00102900 
0.00102497 
0.00102541 
0.00102789 
0.00102412 
0.00102685 
0.00102886 
0.00102922 
0.00103508 
0.00103795 
0.00103400 
0.00103401 
0.00103193 
0.00102900 
0.00102758 
0.00102300 
0.00102242 
0.00102087 
0.00101977 
0.00102195 
0.00102498 
0.00102983 
0.00103193 
0.00103493 
0.00103876 
0.00103837 
0.00103309 
0.00104200 
0.00104103 
0.00103219 
0.00102766 
0.00102912 
0.00103277 
0.00103450 
0.00103412 
0.00102900 
0.00103593 
0.00102979 
0.00102237 
0.00102796 
0.00101739 
0.00100917 
0.00100651 
0.00100256 
0.00100160 
0.00099195 
0.00099500 
0.00100718 
0.00100398 
0.00100000 
0.00099913 
0.00099791 
0.00099793 
0.00099900 
0.00099900 
0.00099601 
0.00099699 
0.00099599 
0.00099418 
0.00099599 
0.00099887 
0.00099804 
0.00099800 
0.00099849 
0.00099335 
0.00099227 
0.00098895 
0.00098851 
0.00099617 
0.00099215 
0.00099157 
0.00098810 
0.00098530 
0.00098530 
0.00098625 
0.00098510 
0.00099631 
0.00099150 
0.00098890 
0.00098830 
0.00098317 
0.00098900 
0.00098572 
0.00098489 
0.00098991 
0.00098991 
0.00098726 
0.00099700 
0.00099436 
0.00098828 
0.00098600 
0.00098623 
0.00098402 
0.00098586 
0.00098321 
0.00098719 
0.00098429 
0.00098588 
0.00097990 
0.00098378 
0.00097900 
0.00097900 
0.00097976 
0.00097998 
0.00098274 
0.00098845 
0.00098466 
0.00098600 
0.00099309 
0.00099304 
0.00099254 
0.00100010 
0.00100201 
0.00100700 
0.00100690 
0.00099880 
0.00099721 
0.00099894 
0.00099698 
0.00099386 
0.00098571 
0.00098300 
0.00098565 
0.00099053 
0.00098486 
0.00098412 
0.00098674 
0.00096466 
0.00096872 
0.00097534 
0.00097631 
0.00097800 
0.00097800 
0.00097990 
0.00097600 
0.00097279 
0.00097000 
0.00097990 
0.00097990 
0.00097999 
0.00098861 
0.00098781 
0.00099101 
0.00099171 
0.00099900 
0.00099855 
0.00100000 
0.00100274 
0.00100050 
0.00100000 
0.00100000 
0.00099999 
0.00099966 
0.00099967 
0.00099800 
0.00099822 
0.00099809 
0.00099868 
0.00099943 
0.00099942 
0.00100200 
0.00100049 
0.00100542 
0.00100200 
0.00100000 
0.00100198 
0.00100001 
0.00100060 
0.00100210 
0.00100518 
0.00100516 
0.00101432 
0.00101700 
0.00101700 
0.00101700 
0.00101700 
0.00101896 
0.00101650 
0.00101450 
0.00101300 
0.00101267 
0.00100511 
0.00100500 
0.00100891 
0.00101074 
0.00101258 
0.00101006 
0.00101532 
0.00101202 
0.00101723 
0.00101723 
0.00100816 
0.00100459 
0.00100490 
0.00100447 
0.00100950 
0.00100752 
0.00100801 
0.00100856 
0.00101670 
0.00101546 
0.00101546 
0.00101902 
0.00101899 
0.00101879 
0.00101987 
0.00102301 
0.00102504 
0.00102257 
0.00102629 
0.00102731 
0.00102173 
0.00102634 
0.00102724 
0.00102365 
0.00102036 
0.00102102 
0.00102134 
0.00101720 
0.00102241 
0.00101800 
0.00101945 
0.00102047 
0.00102048 
0.00102291 
0.00102517 
0.00102320 
0.00103100 
0.00102679 
0.00102277 
0.00102290 
0.00102320 
0.00101944 
0.00101681 
0.00102291 
0.00102068 
0.00102155 
0.00102645 
0.00102390 
0.00102380 
0.00102300 
0.00101988 
0.00101496 
0.00101436 
0.00101817 
0.00101741 
0.00101741 
0.00101659 
0.00101570 
0.00101423 
0.00101870 
0.00101205 
0.00102022 
0.00102423 
0.00102595 
0.00103497 
0.00103668 
0.00103963 
0.00104570 
0.00104337 
0.00104667 
0.00104419 
0.00105009 
0.00104810 
0.00104542 
0.00104540 
0.00104099 
0.00103800 
0.00103400 
0.00103842 
0.00103619 
0.00103273 
0.00104004 
0.00103637 
0.00103596 
0.00103080 
0.00102889 
0.00102933 
0.00102772 
0.00106500 
0.00106607 
0.00106993 
0.00107073 
0.00106995 
0.00107010 
0.00107105 
0.00107001 
0.00107001 
0.00106997 
0.00106479 
0.00106308 
0.00106001 
0.00106071 
0.00106317 
0.00106534 
0.00106880 
0.00107018 
0.00107074 
0.00107074 
0.00106796 
0.00107000 
0.00106509 
0.00106279 
0.00106230 
0.00106567 
0.00106507 
0.00106799 
0.00106900 
0.00106950 
0.00106686 
0.00106100 
0.00106000 
0.00105807 
0.00106055 
0.00106140 
0.00106140 
0.00106370 
0.00106400 
0.00106500 
0.00106100 
0.00105805 
0.00105600 
0.00106218 
0.00106236 
0.00106082 
0.00105477 
0.00105681 
0.00105511 
0.00105400 
0.00105362 
0.00105498 
0.00105183 
0.00105128 
0.00105212 
0.00104825 
0.00105291 
0.00105302 
0.00105377 
0.00105026 
0.00105677 
0.00105535 
0.00105174 
0.00105158 
0.00105307 
0.00105512 
0.00105496 
0.00105124 
0.00105001 
0.00105060 
0.00105531 
0.00105210 
0.00105222 
0.00104860 
0.00104876 
0.00105003 
0.00105229 
0.00105200 
0.00105045 
0.00105212 
0.00105517 
0.00105500 
0.00105535 
0.00105535 
0.00105500 
0.00105820 
0.00106118 
0.00106457 
0.00106587 
0.00106794 
0.00106555 
0.00106727 
0.00106793 
0.00106588 
0.00106580 
0.00106822 
0.00106351 
0.00105988 
0.00106213 
0.00105750 
0.00105942 
0.00106932 
0.00107250 
0.00107316 
0.00107180 
0.00107288 
0.00108320 
0.00108277 
0.00109300 
0.00109322 
0.00108855 
0.00109703 
0.00109700 
0.00109215 
0.00109215 
0.00108783 
0.00108386 
0.00109185 
0.00108828 
0.00108842 
0.00109049 
0.00109092 
0.00109322 
0.00108762 
0.00108497 
0.00108338 
0.00107610 
0.00107601 
0.00107797 
0.00107997 
0.00107793 
0.00107798 
0.00108325 
0.00108083 
0.00107400 
0.00107052 
0.00106771 
0.00106634 
0.00106454 
0.00106344 
0.00106526 
0.00106301 
0.00106640 
0.00106320 
0.00107499 
0.00107815 
0.00107800 
0.00107891 
0.00108200 
0.00107956 
0.00108900 
0.00108000 
0.00107892 
0.00107389 
0.00106611 
0.00106535 
0.00107000 
0.00105991 
0.00105862 
0.00105750 
0.00105493 
0.00105295 
0.00104814 
0.00104828 
0.00104993 
0.00104870 
0.00105188 
0.00105178 
0.00105535 
0.00105598 
0.00105957 
0.00105455 
0.00105032 
0.00105326 
0.00105389 
0.00105207 
0.00104506 
0.00104280 
0.00103878 
0.00103780 
0.00103784 
0.00103772 
0.00103178 
0.00102900 
0.00103100 
0.00102995 
0.00103000 
0.00103442 
0.00103453 
0.00103409 
0.00103311 
0.00103205 
0.00103296 
0.00102667 
0.00102695 
0.00102700 
0.00102701 
0.00102701 
0.00102719 
0.00102605 
0.00102689 
0.00102900 
0.00102497 
0.00102541 
0.00102789 
0.00102412 
0.00102685 
0.00102886 
0.00102922 
0.00103508 
0.00103795 
0.00103400 
0.00103401 
0.00103193 
0.00102900 
0.00102758 
0.00102300 
0.00102242 
0.00102087 
0.00101977 
0.00102195 
0.00102498 
0.00102983 
0.00103193 
0.00103493 
0.00103876 
0.00103837 
0.00103309 
0.00104200 
0.00104103 
0.00103219 
0.00102766 
0.00102912 
0.00103277 
0.00103450 
0.00103412 
0.00102900 
0.00103593 
0.00102979 
0.00102237 
0.00102796 
0.00101739 
0.00100917 
0.00100651 
0.00100256 
0.00100160 
0.00099195 
0.00099500 
0.00100718 
0.00100398 
0.00100000 
0.00099913 
0.00099791 
0.00099793 
0.00099900 
0.00099900 
0.00099601 
0.00099699 
0.00099599 
0.00099418 
0.00099599 
0.00099887 
0.00099804 
0.00099800 
0.00099849 
0.00099335 
0.00099227 
0.00098895 
0.00098851 
0.00099617 
0.00099215 
0.00099157 
0.00098810 
0.00098530 
0.00098530 
0.00098625 
0.00098510 
0.00099631 
0.00099150 
0.00098890 
0.00098830 
0.00098317 
0.00098900 
0.00098572 
0.00098489 
0.00098991 
0.00098991 
0.00098726 
0.00099700 
0.00099436 
0.00098828 
0.00098600 
0.00098623 
0.00098402 
0.00098586 
0.00098321 
0.00098719 
0.00098429 
0.00098588 
0.00097990 
0.00098378 
0.00097900 
0.00097900 
0.00097976 
0.00097998 
0.00098274 
0.00098845 
0.00098466 
0.00098600 
0.00099309 
0.00099304 
0.00099254 
0.00100010 
0.00100201 
0.00100700 
0.00100690 
0.00099880 
0.00099721 
0.00099894 
0.00099698 
0.00099386 
0.00098571 
0.00098300 
0.00098565 
0.00099053 
0.00098486 
0.00098412 
0.00098674 
0.00096466 
0.00096872 
0.00097534 
0.00097631 
0.00097800 
0.00097800 
0.00097990 
0.00097600 
0.00097279 
0.00097000 
0.00097990 
0.00097990 
0.00097999 
0.00098861 
0.00098781 
0.00099101 
0.00099171 
0.00099900 
0.00099855 
0.00100000 
0.00100274 
0.00100050 
0.00100000 
0.00100000 
0.00099999 
0.00099966 
0.00099967 
0.00099800 
0.00099822 
0.00099809 
0.00099868 
0.00099943 
0.00099942 
0.00100200 
0.00100049 
0.00100542 
0.00100200 
0.00100000 
0.00100198 
0.00100001 
0.00100060 
0.00100210 
0.00100518 
0.00100516 
0.00101432 
0.00101700 
0.00101700 
0.00101700 
0.00101700 
0.00101896 
0.00101650 
0.00101450 
0.00101300 
0.00101267 
0.00100511 
0.00100500 
0.00100891 
0.00101074 
0.00101258 
0.00101006 
0.00101532 
0.00101202 
0.00101723 
0.00101723 
0.00100816 
0.00100459 
0.00100490 
0.00100447 
0.00100950 
0.00100752 
0.00100801 
0.00100856 
0.00101670 
0.00101546 
0.00101546 
0.00101902 
0.00101899 
0.00101879 
0.00101987 
0.00102301 
0.00102504 
0.00102257 
0.00102629 
0.00102731 
0.00102173 
0.00102634 
0.00102724 
0.00102365 
0.00102036 
0.00102102 
0.00102134 
0.00101720 
0.00102241 
0.00101800 
0.00101945 
0.00102047 
0.00102048 
0.00102291 
0.00102517 
0.00102320 
0.00103100 
0.00102679 
0.00102277 
0.00102290 
0.00102320 
0.00101944 
0.00101681 
0.00102291 
0.00102068 
0.00102155 
0.00102645 
0.00102390 
0.00102380 
0.00102300 
0.00101988 
0.00101496 
0.00101436 
0.00101817 
0.00101741 
0.00101741 
0.00101659 
0.00101570 
0.00101423 
0.00101870 
0.00101205 
0.00102022 
0.00102423 
0.00102595 
0.00103497 
0.00103668 
0.00103963 
0.00104570 
0.00104337 
0.00104667 
0.00104419 
0.00105009 
0.00104810 
0.00104542 
0.00104540 
0.00104099 
0.00103800 
0.00103400 
0.00103842 
0.00103619 
0.00103273 
0.00104004 
0.00103637 
0.00103596 
0.00103080 
0.00102889 
0.00102933 
0.00102772 
0.00106500 
0.00106607 
0.00106993 
0.00107073 
0.00106995 
0.00107010 
0.00107105 
0.00107001 
0.00107001 
0.00106997 
0.00106479 
0.00106308 
0.00106001 
0.00106071 
0.00106317 
0.00106534 
0.00106880 
0.00107018 
0.00107074 
0.00107074 
0.00106796 
0.00107000 
0.00106509 
0.00106279 
0.00106230 
0.00106567 
0.00106507 
0.00106799 
0.00106900 
0.00106950 
0.00106686 
0.00106100 
0.00106000 
0.00105807 
0.00106055 
0.00106140 
0.00106140 
0.00106370 
0.00106400 
0.00106500 
0.00106100 
0.00105805 
0.00105600 
0.00106218 
0.00106236 
0.00106082 
0.00105477 
0.00105681 
0.00105511 
0.00105400 
0.00105362 
0.00105498 
0.00105183 
0.00105128 
0.00105212 
0.00104825 
0.00105291 
0.00105302 
0.00105377 
0.00105026 
0.00105677 
0.00105535 
0.00105174 
0.00105158 
0.00105307 
0.00105512 
0.00105496 
0.00105124 
0.00105001 
0.00105060 
0.00105531 
0.00105210 
0.00105222 
0.00104860 
0.00104876 
0.00105003 
0.00105229 
0.00105200 
0.00105045 
0.00105212 
0.00105517 
0.00105500 
0.00105535 
0.00105535 
0.00105500 
0.00105820 
0.00106118 
0.00106457 
0.00106587 
0.00106794 
0.00106555 
0.00106727 
0.00106793 
0.00106588 
0.00106580 
0.00106822 
0.00106351 
0.00105988 
0.00106213 
0.00105750 
0.00105942 
0.00106932 
0.00107250 
0.00107316 
0.00107180 
0.00107288 
0.00108320 
0.00108277 
0.00109300 
0.00109322 
0.00108855 
0.00109703 
0.00109700 
0.00109215 
0.00109215 
0.00108783 
0.00108386 
0.00109185 
0.00108828 
0.00108842 
0.00109049 
0.00109092 
0.00109322 
0.00108762 
0.00108497 
0.00108338 
0.00107610 
0.00107601 
0.00107797 
0.00107997 
0.00107793 
0.00107798 
0.00108325 
0.00108083 
0.00107400 
0.00107052 
0.00106771 
0.00106634 
0.00106454 
0.00106344 
0.00106526 
0.00106301 
0.00106640 
0.00106320 
0.00107499 
0.00107815 
0.00107800 
0.00107891 
0.00108200 
0.00107956 
0.00108900 
0.00108000 
0.00107892 
0.00107389 
0.00106611 
0.00106535 
0.00107000 
0.00105991 
0.00105862 
0.00105750 
0.00105493 
0.00105295 
0.00104814 
0.00104828 
0.00104993 
0.00104870 
0.00105188 
0.00105178 
0.00105535 
0.00105598 
0.00105957 
0.00105455 
0.00105032 
0.00105326 
0.00105389 
0.00105207 
0.00104506 
0.00104280 
0.00103878 
0.00103780 
0.00103784 
0.00103772 
0.00103178 
0.00102900 
0.00103100 
0.00102995 
0.00103000 
0.00103442 
0.00103453 
0.00103409 
0.00103311 
0.00103205 
0.00103296 
0.00102667 
0.00102695 
0.00102700 
0.00102701 
0.00102701 
0.00102719 
0.00102605 
0.00102689 
0.00102900 
0.00102497 
0.00102541 
0.00102789 
0.00102412 
0.00102685 
0.00102886 
0.00102922 
0.00103508 
0.00103795 
0.00103400 
0.00103401 
0.00103193 
0.00102900 
0.00102758 
0.00102300 
0.00102242 
0.00102087 
0.00101977 
0.00102195 
0.00102498 
0.00102983 
0.00103193 
0.00103493 
0.00103876 
0.00103837 
0.00103309 
0.00104200 
0.00104103 
0.00103219 
0.00102766 
0.00102912 
0.00103277 
0.00103450 
0.00103412 
0.00102900 
0.00103593 
0.00102979 
0.00102237 
0.00102796 
0.00101739 
0.00100917 
0.00100651 
0.00100256 
0.00100160 
0.00099195 
0.00099500 
0.00100718 
0.00100398 
0.00100000 
0.00099913 
0.00099791 
0.00099793 
0.00099900 
0.00099900 
0.00099601 
0.00099699 
0.00099599 
0.00099418 
0.00099599 
0.00099887 
0.00099804 
0.00099800 
0.00099849 
0.00099335 
0.00099227 
0.00098895 
0.00098851 
0.00099617 
0.00099215 
0.00099157 
0.00098810 
0.00098530 
0.00098530 
0.00098625 
0.00098510 
0.00099631 
0.00099150 
0.00098890 
0.00098830 
0.00098317 
0.00098900 
0.00098572 
0.00098489 
0.00098991 
0.00098991 
0.00098726 
0.00099700 
0.00099436 
0.00098828 
0.00098600 
0.00098623 
0.00098402 
0.00098586 
0.00098321 
0.00098719 
0.00098429 
0.00098588 
0.00097990 
0.00098378 
0.00097900 
0.00097900 
0.00097976 
0.00097998 
0.00098274 
0.00098845 
0.00098466 
0.00098600 
0.00099309 
0.00099304 
0.00099254 
0.00100010 
0.00100201 
0.00100700 
0.00100690 
0.00099880 
0.00099721 
0.00099894 
0.00099698 
0.00099386 
0.00098571 
0.00098300 
0.00098565 
0.00099053 
0.00098486 
0.00098412 
0.00098674 
0.00096466 
0.00096872 
0.00097534 
0.00097631 
0.00097800 
0.00097800 
0.00097990 
0.00097600 
0.00097279 
0.00097000 
0.00097990 
0.00097990 
0.00097999 
0.00098861 
0.00098781 
0.00099101 
0.00099171 
0.00099900 
0.00099855 
0.00100000 
0.00100274 
0.00100050 
0.00100000 
0.00100000 
0.00099999 
0.00099966 
0.00099967 
0.00099800 
0.00099822 
0.00099809 
0.00099868 
0.00099943 
0.00099942 
0.00100200 
0.00100049 
0.00100542 
0.00100200 
0.00100000 
0.00100198 
0.00100001 
0.00100060 
0.00100210 
0.00100518 
0.00100516 
0.00101432 
0.00101700 
0.00101700 
0.00101700 
0.00101700 
0.00101896 
0.00101650 
0.00101450 
0.00101300 
0.00101267 
0.00100511 
0.00100500 
0.00100891 
0.00101074 
0.00101258 
0.00101006 
0.00101532 
0.00101202 
0.00101723 
0.00101723 
0.00100816 
0.00100459 
0.00100490 
0.00100447 
0.00100950 
0.00100752 
0.00100801 
0.00100856 
0.00101670 
0.00101546 
0.00101546 
0.00101902 
0.00101899 
0.00101879 
0.00101987 
0.00102301 
0.00102504 
0.00102257 
0.00102629 
0.00102731 
0.00102173 
0.00102634 
0.00102724 
0.00102365 
0.00102036 
0.00102102 
0.00102134 
0.00101720 
0.00102241 
0.00101800 
0.00101945 
0.00102047 
0.00102048 
0.00102291 
0.00102517 
0.00102320 
0.00103100 
0.00102679 
0.00102277 
0.00102290 
0.00102320 
0.00101944 
0.00101681 
0.00102291 
0.00102068 
0.00102155 
0.00102645 
0.00102390 
0.00102380 
0.00102300 
0.00101988 
0.00101496 
0.00101436 
0.00101817 
0.00101741 
0.00101741 
0.00101659 
0.00101570 
0.00101423 
0.00101870 
0.00101205 
0.00102022 
0.00102423 
0.00102595 
0.00103497 
0.00103668 
0.00103963 
0.00104570 
0.00104337 
0.00104667 
0.00104419 
0.00105009 
0.00104810 
0.00104542 
0.00104540 
0.00104099 
0.00103800 
0.00103400 
0.00103842 
0.00103619 
0.00103273 
0.00104004 
0.00103637 
0.00103596 
0.00103080 
0.00102889 
0.00102933 
0.00102772 
