0.00106586 
0.00106910 
0.00107073 
0.00106999 
0.00107010 
0.00107105 
0.00107014 
0.00107000 
0.00106997 
0.00106480 
0.00106180 
0.00105933 
0.00106071 
0.00106317 
0.00106749 
0.00106877 
0.00106864 
0.00107074 
0.00107226 
0.00106793 
0.00106803 
0.00106509 
0.00106474 
0.00106394 
0.00106574 
0.00106521 
0.00106700 
0.00106751 
0.00106947 
0.00106606 
0.00106023 
0.00106161 
0.00105907 
0.00106055 
0.00106140 
0.00106140 
0.00106141 
0.00106431 
0.00106500 
0.00106234 
0.00105805 
0.00106061 
0.00106229 
0.00106087 
0.00106100 
0.00105477 
0.00105676 
0.00105793 
0.00105527 
0.00105259 
0.00105498 
0.00105150 
0.00105114 
0.00105209 
0.00104967 
0.00105106 
0.00105301 
0.00105377 
0.00105103 
0.00105369 
0.00105532 
0.00105176 
0.00105159 
0.00105300 
0.00105534 
0.00105190 
0.00105348 
0.00105131 
0.00105202 
0.00105528 
0.00105207 
0.00105220 
0.00105039 
0.00105032 
0.00105364 
0.00105229 
0.00105200 
0.00105044 
0.00105218 
0.00105475 
0.00105450 
0.00105535 
0.00105535 
0.00105500 
0.00105814 
0.00105906 
0.00106476 
0.00106775 
0.00106793 
0.00106580 
0.00106704 
0.00106579 
0.00106603 
0.00106580 
0.00106816 
0.00106350 
0.00105988 
0.00106213 
0.00105750 
0.00105942 
0.00106912 
0.00107357 
0.00107520 
0.00107180 
0.00107288 
0.00108380 
0.00108609 
0.00109300 
0.00109287 
0.00109101 
0.00109501 
0.00109700 
0.00109215 
0.00109215 
0.00108767 
0.00108386 
0.00108968 
0.00108829 
0.00108842 
0.00109047 
0.00109312 
0.00109322 
0.00108894 
0.00108497 
0.00108405 
0.00107522 
0.00107595 
0.00107797 
0.00108292 
0.00108007 
0.00108150 
0.00108325 
0.00108081 
0.00107399 
0.00107052 
0.00107026 
0.00106500 
0.00106450 
0.00106609 
0.00106526 
0.00106549 
0.00106640 
0.00106320 
0.00107525 
0.00107815 
0.00107801 
0.00107890 
0.00108200 
0.00107956 
0.00108895 
0.00107702 
0.00107891 
0.00107159 
0.00106611 
0.00106870 
0.00106999 
0.00105990 
0.00105981 
0.00105748 
0.00105288 
0.00105304 
0.00104818 
0.00104827 
0.00104876 
0.00104870 
0.00105186 
0.00105100 
0.00105534 
0.00105607 
0.00105955 
0.00105610 
0.00105192 
0.00105328 
0.00105386 
0.00104921 
0.00104638 
0.00104279 
0.00103878 
0.00103773 
0.00103794 
0.00103773 
0.00103214 
0.00102935 
0.00102969 
0.00102988 
0.00103075 
0.00103440 
0.00103452 
0.00103406 
0.00103311 
0.00103202 
0.00103296 
0.00102666 
0.00102700 
0.00102700 
0.00102701 
0.00102701 
0.00102700 
0.00102604 
0.00102698 
0.00102900 
0.00102626 
0.00102541 
0.00102680 
0.00102638 
0.00102685 
0.00102886 
0.00102922 
0.00103627 
0.00103659 
0.00103400 
0.00103401 
0.00103193 
0.00102900 
0.00102598 
0.00102400 
0.00102496 
0.00102278 
0.00102171 
0.00102150 
0.00102398 
0.00102805 
0.00102929 
0.00103327 
0.00104013 
0.00103837 
0.00103792 
0.00104200 
0.00104000 
0.00103219 
0.00102934 
0.00102882 
0.00103277 
0.00103450 
0.00103412 
0.00102900 
0.00103394 
0.00102979 
0.00102237 
0.00102796 
0.00101750 
0.00100935 
0.00100652 
0.00100270 
0.00100160 
0.00099190 
0.00099649 
0.00100979 
0.00100205 
0.00100000 
0.00099919 
0.00099791 
0.00099600 
0.00099900 
0.00099900 
0.00099686 
0.00099698 
0.00099775 
0.00099418 
0.00099599 
0.00099887 
0.00099804 
0.00099800 
0.00099700 
0.00099314 
0.00099226 
0.00099189 
0.00098852 
0.00098871 
0.00099100 
0.00099156 
0.00098810 
0.00098530 
0.00098816 
0.00098625 
0.00098510 
0.00099154 
0.00099151 
0.00098890 
0.00098830 
0.00098318 
0.00098705 
0.00098687 
0.00098489 
0.00098991 
0.00098977 
0.00099008 
0.00099700 
0.00099603 
0.00098828 
0.00098595 
0.00098620 
0.00098402 
0.00098586 
0.00098516 
0.00098699 
0.00098429 
0.00098586 
0.00097990 
0.00098373 
0.00097900 
0.00097607 
0.00098100 
0.00097998 
0.00098272 
0.00098843 
0.00098598 
0.00098402 
0.00099309 
0.00099304 
0.00099567 
0.00100013 
0.00100300 
0.00100310 
0.00100690 
0.00099882 
0.00099721 
0.00099894 
0.00099697 
0.00099372 
0.00098571 
0.00098347 
0.00098900 
0.00099068 
0.00098238 
0.00098412 
0.00098678 
0.00096466 
0.00097073 
0.00097532 
0.00097330 
0.00097800 
0.00097800 
0.00097733 
0.00097794 
0.00097279 
0.00097000 
0.00097989 
0.00097990 
0.00097999 
0.00098609 
0.00098649 
0.00099100 
0.00099173 
0.00099899 
0.00099900 
0.00100000 
0.00100274 
0.00100050 
0.00100000 
0.00100000 
0.00099999 
0.00099966 
0.00099967 
0.00099800 
0.00099822 
0.00099780 
0.00099816 
0.00099943 
0.00099942 
0.00100200 
0.00100310 
0.00100542 
0.00100200 
0.00100200 
0.00100005 
0.00100001 
0.00100060 
0.00100210 
0.00100500 
0.00100518 
0.00101432 
0.00101630 
0.00101700 
0.00101700 
0.00101700 
0.00101617 
0.00101650 
0.00101450 
0.00101300 
0.00101267 
0.00100500 
0.00100500 
0.00100891 
0.00101071 
0.00101253 
0.00101006 
0.00101350 
0.00101471 
0.00101723 
0.00101518 
0.00100865 
0.00100459 
0.00100493 
0.00100447 
0.00100576 
0.00100750 
0.00100800 
0.00100850 
0.00101670 
0.00101546 
0.00101546 
0.00101902 
0.00101800 
0.00101792 
0.00101790 
0.00102301 
0.00102505 
0.00102257 
0.00102625 
0.00102630 
0.00102705 
0.00102951 
0.00102723 
0.00102370 
0.00102034 
0.00102101 
0.00102119 
0.00101720 
0.00102240 
0.00101800 
0.00101802 
0.00102047 
0.00102165 
0.00102157 
0.00102318 
0.00102526 
0.00103100 
0.00102676 
0.00102292 
0.00102208 
0.00102318 
0.00101870 
0.00101681 
0.00102291 
0.00102146 
0.00102382 
0.00102348 
0.00102390 
0.00102380 
0.00102300 
0.00101795 
0.00101300 
0.00101433 
0.00101647 
0.00101741 
0.00101718 
0.00101685 
0.00101592 
0.00101398 
0.00101869 
0.00101556 
0.00102025 
0.00102614 
0.00102592 
0.00103497 
0.00103669 
0.00104138 
0.00104549 
0.00104337 
0.00104510 
0.00104426 
0.00105009 
0.00104751 
0.00104727 
0.00104347 
0.00104099 
0.00103998 
0.00103400 
0.00103842 
0.00103663 
0.00103264 
0.00103840 
0.00103637 
0.00103596 
0.00103222 
0.00102889 
0.00102929 
0.00102801 
0.00102961 
0.00106586 
0.00106910 
0.00107073 
0.00106999 
0.00107010 
0.00107105 
0.00107014 
0.00107000 
0.00106997 
0.00106480 
0.00106180 
0.00105933 
0.00106071 
0.00106317 
0.00106749 
0.00106877 
0.00106864 
0.00107074 
0.00107226 
0.00106793 
0.00106803 
0.00106509 
0.00106474 
0.00106394 
0.00106574 
0.00106521 
0.00106700 
0.00106751 
0.00106947 
0.00106606 
0.00106023 
0.00106161 
0.00105907 
0.00106055 
0.00106140 
0.00106140 
0.00106141 
0.00106431 
0.00106500 
0.00106234 
0.00105805 
0.00106061 
0.00106229 
0.00106087 
0.00106100 
0.00105477 
0.00105676 
0.00105793 
0.00105527 
0.00105259 
0.00105498 
0.00105150 
0.00105114 
0.00105209 
0.00104967 
0.00105106 
0.00105301 
0.00105377 
0.00105103 
0.00105369 
0.00105532 
0.00105176 
0.00105159 
0.00105300 
0.00105534 
0.00105190 
0.00105348 
0.00105131 
0.00105202 
0.00105528 
0.00105207 
0.00105220 
0.00105039 
0.00105032 
0.00105364 
0.00105229 
0.00105200 
0.00105044 
0.00105218 
0.00105475 
0.00105450 
0.00105535 
0.00105535 
0.00105500 
0.00105814 
0.00105906 
0.00106476 
0.00106775 
0.00106793 
0.00106580 
0.00106704 
0.00106579 
0.00106603 
0.00106580 
0.00106816 
0.00106350 
0.00105988 
0.00106213 
0.00105750 
0.00105942 
0.00106912 
0.00107357 
0.00107520 
0.00107180 
0.00107288 
0.00108380 
0.00108609 
0.00109300 
0.00109287 
0.00109101 
0.00109501 
0.00109700 
0.00109215 
0.00109215 
0.00108767 
0.00108386 
0.00108968 
0.00108829 
0.00108842 
0.00109047 
0.00109312 
0.00109322 
0.00108894 
0.00108497 
0.00108405 
0.00107522 
0.00107595 
0.00107797 
0.00108292 
0.00108007 
0.00108150 
0.00108325 
0.00108081 
0.00107399 
0.00107052 
0.00107026 
0.00106500 
0.00106450 
0.00106609 
0.00106526 
0.00106549 
0.00106640 
0.00106320 
0.00107525 
0.00107815 
0.00107801 
0.00107890 
0.00108200 
0.00107956 
0.00108895 
0.00107702 
0.00107891 
0.00107159 
0.00106611 
0.00106870 
0.00106999 
0.00105990 
0.00105981 
0.00105748 
0.00105288 
0.00105304 
0.00104818 
0.00104827 
0.00104876 
0.00104870 
0.00105186 
0.00105100 
0.00105534 
0.00105607 
0.00105955 
0.00105610 
0.00105192 
0.00105328 
0.00105386 
0.00104921 
0.00104638 
0.00104279 
0.00103878 
0.00103773 
0.00103794 
0.00103773 
0.00103214 
0.00102935 
0.00102969 
0.00102988 
0.00103075 
0.00103440 
0.00103452 
0.00103406 
0.00103311 
0.00103202 
0.00103296 
0.00102666 
0.00102700 
0.00102700 
0.00102701 
0.00102701 
0.00102700 
0.00102604 
0.00102698 
0.00102900 
0.00102626 
0.00102541 
0.00102680 
0.00102638 
0.00102685 
0.00102886 
0.00102922 
0.00103627 
0.00103659 
0.00103400 
0.00103401 
0.00103193 
0.00102900 
0.00102598 
0.00102400 
0.00102496 
0.00102278 
0.00102171 
0.00102150 
0.00102398 
0.00102805 
0.00102929 
0.00103327 
0.00104013 
0.00103837 
0.00103792 
0.00104200 
0.00104000 
0.00103219 
0.00102934 
0.00102882 
0.00103277 
0.00103450 
0.00103412 
0.00102900 
0.00103394 
0.00102979 
0.00102237 
0.00102796 
0.00101750 
0.00100935 
0.00100652 
0.00100270 
0.00100160 
0.00099190 
0.00099649 
0.00100979 
0.00100205 
0.00100000 
0.00099919 
0.00099791 
0.00099600 
0.00099900 
0.00099900 
0.00099686 
0.00099698 
0.00099775 
0.00099418 
0.00099599 
0.00099887 
0.00099804 
0.00099800 
0.00099700 
0.00099314 
0.00099226 
0.00099189 
0.00098852 
0.00098871 
0.00099100 
0.00099156 
0.00098810 
0.00098530 
0.00098816 
0.00098625 
0.00098510 
0.00099154 
0.00099151 
0.00098890 
0.00098830 
0.00098318 
0.00098705 
0.00098687 
0.00098489 
0.00098991 
0.00098977 
0.00099008 
0.00099700 
0.00099603 
0.00098828 
0.00098595 
0.00098620 
0.00098402 
0.00098586 
0.00098516 
0.00098699 
0.00098429 
0.00098586 
0.00097990 
0.00098373 
0.00097900 
0.00097607 
0.00098100 
0.00097998 
0.00098272 
0.00098843 
0.00098598 
0.00098402 
0.00099309 
0.00099304 
0.00099567 
0.00100013 
0.00100300 
0.00100310 
0.00100690 
0.00099882 
0.00099721 
0.00099894 
0.00099697 
0.00099372 
0.00098571 
0.00098347 
0.00098900 
0.00099068 
0.00098238 
0.00098412 
0.00098678 
0.00096466 
0.00097073 
0.00097532 
0.00097330 
0.00097800 
0.00097800 
0.00097733 
0.00097794 
0.00097279 
0.00097000 
0.00097989 
0.00097990 
0.00097999 
0.00098609 
0.00098649 
0.00099100 
0.00099173 
0.00099899 
0.00099900 
0.00100000 
0.00100274 
0.00100050 
0.00100000 
0.00100000 
0.00099999 
0.00099966 
0.00099967 
0.00099800 
0.00099822 
0.00099780 
0.00099816 
0.00099943 
0.00099942 
0.00100200 
0.00100310 
0.00100542 
0.00100200 
0.00100200 
0.00100005 
0.00100001 
0.00100060 
0.00100210 
0.00100500 
0.00100518 
0.00101432 
0.00101630 
0.00101700 
0.00101700 
0.00101700 
0.00101617 
0.00101650 
0.00101450 
0.00101300 
0.00101267 
0.00100500 
0.00100500 
0.00100891 
0.00101071 
0.00101253 
0.00101006 
0.00101350 
0.00101471 
0.00101723 
0.00101518 
0.00100865 
0.00100459 
0.00100493 
0.00100447 
0.00100576 
0.00100750 
0.00100800 
0.00100850 
0.00101670 
0.00101546 
0.00101546 
0.00101902 
0.00101800 
0.00101792 
0.00101790 
0.00102301 
0.00102505 
0.00102257 
0.00102625 
0.00102630 
0.00102705 
0.00102951 
0.00102723 
0.00102370 
0.00102034 
0.00102101 
0.00102119 
0.00101720 
0.00102240 
0.00101800 
0.00101802 
0.00102047 
0.00102165 
0.00102157 
0.00102318 
0.00102526 
0.00103100 
0.00102676 
0.00102292 
0.00102208 
0.00102318 
0.00101870 
0.00101681 
0.00102291 
0.00102146 
0.00102382 
0.00102348 
0.00102390 
0.00102380 
0.00102300 
0.00101795 
0.00101300 
0.00101433 
0.00101647 
0.00101741 
0.00101718 
0.00101685 
0.00101592 
0.00101398 
0.00101869 
0.00101556 
0.00102025 
0.00102614 
0.00102592 
0.00103497 
0.00103669 
0.00104138 
0.00104549 
0.00104337 
0.00104510 
0.00104426 
0.00105009 
0.00104751 
0.00104727 
0.00104347 
0.00104099 
0.00103998 
0.00103400 
0.00103842 
0.00103663 
0.00103264 
0.00103840 
0.00103637 
0.00103596 
0.00103222 
0.00102889 
0.00102929 
0.00102801 
0.00102961 
0.00106586 
0.00106910 
0.00107073 
0.00106999 
0.00107010 
0.00107105 
0.00107014 
0.00107000 
0.00106997 
0.00106480 
0.00106180 
0.00105933 
0.00106071 
0.00106317 
0.00106749 
0.00106877 
0.00106864 
0.00107074 
0.00107226 
0.00106793 
0.00106803 
0.00106509 
0.00106474 
0.00106394 
0.00106574 
0.00106521 
0.00106700 
0.00106751 
0.00106947 
0.00106606 
0.00106023 
0.00106161 
0.00105907 
0.00106055 
0.00106140 
0.00106140 
0.00106141 
0.00106431 
0.00106500 
0.00106234 
0.00105805 
0.00106061 
0.00106229 
0.00106087 
0.00106100 
0.00105477 
0.00105676 
0.00105793 
0.00105527 
0.00105259 
0.00105498 
0.00105150 
0.00105114 
0.00105209 
0.00104967 
0.00105106 
0.00105301 
0.00105377 
0.00105103 
0.00105369 
0.00105532 
0.00105176 
0.00105159 
0.00105300 
0.00105534 
0.00105190 
0.00105348 
0.00105131 
0.00105202 
0.00105528 
0.00105207 
0.00105220 
0.00105039 
0.00105032 
0.00105364 
0.00105229 
0.00105200 
0.00105044 
0.00105218 
0.00105475 
0.00105450 
0.00105535 
0.00105535 
0.00105500 
0.00105814 
0.00105906 
0.00106476 
0.00106775 
0.00106793 
0.00106580 
0.00106704 
0.00106579 
0.00106603 
0.00106580 
0.00106816 
0.00106350 
0.00105988 
0.00106213 
0.00105750 
0.00105942 
0.00106912 
0.00107357 
0.00107520 
0.00107180 
0.00107288 
0.00108380 
0.00108609 
0.00109300 
0.00109287 
0.00109101 
0.00109501 
0.00109700 
0.00109215 
0.00109215 
0.00108767 
0.00108386 
0.00108968 
0.00108829 
0.00108842 
0.00109047 
0.00109312 
0.00109322 
0.00108894 
0.00108497 
0.00108405 
0.00107522 
0.00107595 
0.00107797 
0.00108292 
0.00108007 
0.00108150 
0.00108325 
0.00108081 
0.00107399 
0.00107052 
0.00107026 
0.00106500 
0.00106450 
0.00106609 
0.00106526 
0.00106549 
0.00106640 
0.00106320 
0.00107525 
0.00107815 
0.00107801 
0.00107890 
0.00108200 
0.00107956 
0.00108895 
0.00107702 
0.00107891 
0.00107159 
0.00106611 
0.00106870 
0.00106999 
0.00105990 
0.00105981 
0.00105748 
0.00105288 
0.00105304 
0.00104818 
0.00104827 
0.00104876 
0.00104870 
0.00105186 
0.00105100 
0.00105534 
0.00105607 
0.00105955 
0.00105610 
0.00105192 
0.00105328 
0.00105386 
0.00104921 
0.00104638 
0.00104279 
0.00103878 
0.00103773 
0.00103794 
0.00103773 
0.00103214 
0.00102935 
0.00102969 
0.00102988 
0.00103075 
0.00103440 
0.00103452 
0.00103406 
0.00103311 
0.00103202 
0.00103296 
0.00102666 
0.00102700 
0.00102700 
0.00102701 
0.00102701 
0.00102700 
0.00102604 
0.00102698 
0.00102900 
0.00102626 
0.00102541 
0.00102680 
0.00102638 
0.00102685 
0.00102886 
0.00102922 
0.00103627 
0.00103659 
0.00103400 
0.00103401 
0.00103193 
0.00102900 
0.00102598 
0.00102400 
0.00102496 
0.00102278 
0.00102171 
0.00102150 
0.00102398 
0.00102805 
0.00102929 
0.00103327 
0.00104013 
0.00103837 
0.00103792 
0.00104200 
0.00104000 
0.00103219 
0.00102934 
0.00102882 
0.00103277 
0.00103450 
0.00103412 
0.00102900 
0.00103394 
0.00102979 
0.00102237 
0.00102796 
0.00101750 
0.00100935 
0.00100652 
0.00100270 
0.00100160 
0.00099190 
0.00099649 
0.00100979 
0.00100205 
0.00100000 
0.00099919 
0.00099791 
0.00099600 
0.00099900 
0.00099900 
0.00099686 
0.00099698 
0.00099775 
0.00099418 
0.00099599 
0.00099887 
0.00099804 
0.00099800 
0.00099700 
0.00099314 
0.00099226 
0.00099189 
0.00098852 
0.00098871 
0.00099100 
0.00099156 
0.00098810 
0.00098530 
0.00098816 
0.00098625 
0.00098510 
0.00099154 
0.00099151 
0.00098890 
0.00098830 
0.00098318 
0.00098705 
0.00098687 
0.00098489 
0.00098991 
0.00098977 
0.00099008 
0.00099700 
0.00099603 
0.00098828 
0.00098595 
0.00098620 
0.00098402 
0.00098586 
0.00098516 
0.00098699 
0.00098429 
0.00098586 
0.00097990 
0.00098373 
0.00097900 
0.00097607 
0.00098100 
0.00097998 
0.00098272 
0.00098843 
0.00098598 
0.00098402 
0.00099309 
0.00099304 
0.00099567 
0.00100013 
0.00100300 
0.00100310 
0.00100690 
0.00099882 
0.00099721 
0.00099894 
0.00099697 
0.00099372 
0.00098571 
0.00098347 
0.00098900 
0.00099068 
0.00098238 
0.00098412 
0.00098678 
0.00096466 
0.00097073 
0.00097532 
0.00097330 
0.00097800 
0.00097800 
0.00097733 
0.00097794 
0.00097279 
0.00097000 
0.00097989 
0.00097990 
0.00097999 
0.00098609 
0.00098649 
0.00099100 
0.00099173 
0.00099899 
0.00099900 
0.00100000 
0.00100274 
0.00100050 
0.00100000 
0.00100000 
0.00099999 
0.00099966 
0.00099967 
0.00099800 
0.00099822 
0.00099780 
0.00099816 
0.00099943 
0.00099942 
0.00100200 
0.00100310 
0.00100542 
0.00100200 
0.00100200 
0.00100005 
0.00100001 
0.00100060 
0.00100210 
0.00100500 
0.00100518 
0.00101432 
0.00101630 
0.00101700 
0.00101700 
0.00101700 
0.00101617 
0.00101650 
0.00101450 
0.00101300 
0.00101267 
0.00100500 
0.00100500 
0.00100891 
0.00101071 
0.00101253 
0.00101006 
0.00101350 
0.00101471 
0.00101723 
0.00101518 
0.00100865 
0.00100459 
0.00100493 
0.00100447 
0.00100576 
0.00100750 
0.00100800 
0.00100850 
0.00101670 
0.00101546 
0.00101546 
0.00101902 
0.00101800 
0.00101792 
0.00101790 
0.00102301 
0.00102505 
0.00102257 
0.00102625 
0.00102630 
0.00102705 
0.00102951 
0.00102723 
0.00102370 
0.00102034 
0.00102101 
0.00102119 
0.00101720 
0.00102240 
0.00101800 
0.00101802 
0.00102047 
0.00102165 
0.00102157 
0.00102318 
0.00102526 
0.00103100 
0.00102676 
0.00102292 
0.00102208 
0.00102318 
0.00101870 
0.00101681 
0.00102291 
0.00102146 
0.00102382 
0.00102348 
0.00102390 
0.00102380 
0.00102300 
0.00101795 
0.00101300 
0.00101433 
0.00101647 
0.00101741 
0.00101718 
0.00101685 
0.00101592 
0.00101398 
0.00101869 
0.00101556 
0.00102025 
0.00102614 
0.00102592 
0.00103497 
0.00103669 
0.00104138 
0.00104549 
0.00104337 
0.00104510 
0.00104426 
0.00105009 
0.00104751 
0.00104727 
0.00104347 
0.00104099 
0.00103998 
0.00103400 
0.00103842 
0.00103663 
0.00103264 
0.00103840 
0.00103637 
0.00103596 
0.00103222 
0.00102889 
0.00102929 
0.00102801 
0.00102961 
