0.10167100 
0.10160500 
0.10174300 
0.10174200 
0.10156700 
0.10173000 
0.10167200 
0.10156800 
0.10136300 
0.10131300 
0.10142700 
0.10150600 
0.10139700 
0.10126600 
0.10135400 
0.10121700 
0.10121600 
0.10115300 
0.10150400 
0.10156300 
0.10160300 
0.10179200 
0.10179200 
0.10175000 
0.10153300 
0.10172300 
0.10188000 
0.10200000 
0.10181000 
0.10178100 
0.10166800 
0.10161700 
0.10187900 
0.10182300 
0.10180100 
0.10163600 
0.10166800 
0.10174700 
0.10177700 
0.10160000 
0.10129500 
0.10121300 
0.10109400 
0.10106700 
0.10098600 
0.10111700 
0.10122000 
0.10116300 
0.10128200 
0.10105100 
0.10075000 
0.10087100 
0.10099700 
0.10132100 
0.10112800 
0.10120000 
0.10111500 
0.10114500 
0.10108100 
0.10094800 
0.10099800 
0.10105900 
0.10101800 
0.10110100 
0.10109500 
0.10138900 
0.10133600 
0.10148200 
0.10142800 
0.10150000 
0.10123100 
0.10128900 
0.10106400 
0.10100200 
0.10114600 
0.10108600 
0.10094800 
0.10101000 
0.10086000 
0.10067400 
0.10068100 
0.10079000 
0.10069700 
0.10095000 
0.10077000 
0.10081500 
0.10084500 
0.10060700 
0.10063000 
0.10085400 
0.10069900 
0.10078700 
0.10045000 
0.10024600 
0.10043200 
0.10043400 
0.10041900 
0.10028000 
0.10034800 
0.10027000 
0.10033900 
0.10026600 
0.10019700 
0.10000000 
0.09984300 
0.09991400 
0.10007000 
0.10012800 
0.10010600 
0.10019600 
0.09976700 
0.09996300 
0.09987400 
0.10005100 
0.09985200 
0.10009400 
0.10001600 
0.10002900 
0.10025900 
0.10049000 
0.10037000 
0.10045500 
0.10028500 
0.10058200 
0.10055300 
0.10054100 
0.10038100 
0.10062800 
0.10057000 
0.10042800 
0.10053600 
0.10041500 
0.10015000 
0.10019800 
0.10025000 
0.10021800 
0.10030200 
0.10059700 
0.10084300 
0.10090200 
0.10090300 
0.10091200 
0.10085200 
0.10084400 
0.10083800 
0.10099500 
0.10091300 
0.10091800 
0.10086600 
0.10089700 
0.10074500 
0.10054400 
0.10050000 
0.10061800 
0.10046000 
0.10045000 
0.10045800 
0.10046000 
0.10046000 
0.10046000 
0.10045900 
0.10046000 
0.10053400 
0.10054100 
0.10043000 
0.10053700 
0.10049300 
0.10058300 
0.10041900 
0.10059800 
0.10068300 
0.10060000 
0.10064500 
0.10069900 
0.10076000 
0.10094600 
0.10077600 
0.10074700 
0.10071100 
0.10074000 
0.10078400 
0.10090900 
0.10100000 
0.10098000 
0.10089600 
0.10094300 
0.10092100 
0.10098500 
0.10098200 
0.10102200 
0.10101400 
0.10105700 
0.10107400 
0.10092000 
0.10088200 
0.10074000 
0.10071200 
0.10077700 
0.10080500 
0.10089400 
0.10083700 
0.10090000 
0.10086600 
0.10086100 
0.10094700 
0.10083000 
0.10076200 
0.10090800 
0.10089500 
0.10071500 
0.10076000 
0.10067400 
0.10058600 
0.10057300 
0.10066700 
0.10057000 
0.10057800 
0.10067700 
0.10076900 
0.10081000 
0.10079900 
0.10087800 
0.10089000 
0.10064900 
0.10081100 
0.10079300 
0.10079800 
0.10082700 
0.10077300 
0.10075600 
0.10055000 
0.10054000 
0.10057200 
0.10061300 
0.10076100 
0.10085900 
0.10101200 
0.10070000 
0.10045000 
0.10033600 
0.10028000 
0.10030100 
0.10020000 
0.10020000 
0.10022200 
0.10020000 
0.10021000 
0.10035700 
0.10044300 
0.10037000 
0.10045000 
0.10052600 
0.10052200 
0.10063600 
0.10065700 
0.10048200 
0.10086900 
0.10061000 
0.10073000 
0.10075100 
0.10087600 
0.10086800 
0.10089600 
0.10087300 
0.10059400 
0.10067700 
0.10074100 
0.10077600 
0.10088700 
0.10120000 
0.10130100 
0.10130800 
0.10129600 
0.10146600 
0.10158700 
0.10143600 
0.10156100 
0.10170000 
0.10159700 
0.10135900 
0.10137900 
0.10114000 
0.10108400 
0.10121100 
0.10126200 
0.10108000 
0.10112100 
0.10105200 
0.10127000 
0.10094400 
0.10100000 
0.10100000 
0.10080000 
0.10111000 
0.10075400 
0.10111800 
0.10130900 
0.10121200 
0.10106000 
0.10073400 
0.10056800 
0.10049700 
0.10029200 
0.10040300 
0.10055300 
0.10068300 
0.10040000 
0.10032500 
0.10055900 
0.10082900 
0.10042800 
0.10044000 
0.10107700 
0.10108800 
0.10091900 
0.10105400 
0.10110000 
0.10131700 
0.10145700 
0.10147800 
0.10161000 
0.10151200 
0.10149900 
0.10127900 
0.10145500 
0.10150000 
0.10144500 
0.10161000 
0.10179800 
0.10167700 
0.10187700 
0.10169300 
0.10166100 
0.10180100 
0.10170200 
0.10175400 
0.10189700 
0.10177300 
0.10178800 
0.10170000 
0.10182200 
0.10170100 
0.10179500 
0.10184700 
0.10180000 
0.10174900 
0.10184500 
0.10186300 
0.10180600 
0.10172800 
0.10170300 
0.10176600 
0.10175900 
0.10189300 
0.10159200 
0.10140000 
0.10110800 
0.10059200 
0.10072000 
0.10088000 
0.10114600 
0.10118200 
0.10130100 
0.10145100 
0.10143800 
0.10167800 
0.10188000 
0.10188000 
0.10188000 
0.10158200 
0.10165700 
0.10183500 
0.10189400 
0.10185700 
0.10173500 
0.10161300 
0.10145500 
0.10127100 
0.10138000 
0.10143400 
0.10145600 
0.10130300 
0.10101100 
0.10120000 
0.10125000 
0.10110000 
0.10077200 
0.10064100 
0.10070800 
0.10060100 
0.10062700 
0.10059500 
0.10059900 
0.10076900 
0.10067000 
0.10049200 
0.10055400 
0.10074400 
0.10081900 
0.10084100 
0.10076400 
0.10071400 
0.10070100 
0.10110500 
0.10082500 
0.10092800 
0.10124600 
0.10120000 
0.10151100 
0.10165500 
0.10160000 
0.10141400 
0.10132300 
0.10120500 
0.10112900 
0.10104500 
0.10109400 
0.10123300 
0.10115900 
0.10163000 
0.10160000 
0.10150000 
0.10124500 
0.10131000 
0.10110100 
0.10097200 
0.10092400 
0.10100400 
0.10095800 
0.10027000 
0.10032000 
0.10026200 
0.09985200 
0.09978000 
0.09944900 
0.09961200 
0.09965900 
0.10000100 
0.09970400 
0.09945000 
0.09984500 
0.09986000 
0.10006800 
0.10045200 
0.10047900 
0.10056600 
0.10053600 
0.10064700 
0.10055000 
0.10074200 
0.10083300 
0.10039600 
0.10032800 
0.10037100 
0.10067400 
0.10070000 
0.10109600 
0.10059000 
0.10011100 
0.10000500 
0.10060700 
0.10073200 
0.10110000 
0.10098700 
0.10089600 
0.10091600 
0.10100000 
0.10102000 
0.10107500 
0.10118700 
0.10105400 
0.10091000 
0.10081000 
0.10089700 
0.10097200 
0.10095600 
0.10085600 
0.10068000 
0.10067000 
0.10059700 
0.10059800 
0.10043100 
0.10051000 
0.10053700 
0.10046900 
0.10040800 
0.10048500 
0.10033100 
0.10025200 
0.10010600 
0.10019700 
0.10014000 
0.09980000 
0.09993900 
0.09997000 
0.10002200 
0.10008500 
0.09989000 
0.09963200 
0.09952700 
0.09936000 
0.09932300 
0.09932300 
0.09934000 
0.09948300 
0.09943800 
0.09943600 
0.09975100 
0.09984100 
0.09955400 
0.09958800 
0.09960000 
0.10008000 
0.09981000 
0.09967300 
0.09985400 
0.09975600 
0.09964100 
0.09962100 
0.09968100 
0.09956100 
0.09933000 
0.09897200 
0.09921300 
0.09920400 
0.09874200 
0.09859100 
0.09864700 
0.09843300 
0.09831600 
0.09848500 
0.09859500 
0.09846400 
0.09843500 
0.09838800 
0.09825200 
0.09820000 
0.09822700 
0.09792000 
0.09787400 
0.09796000 
0.09786400 
0.09792400 
0.09790100 
0.09768600 
0.09755200 
0.09740000 
0.09727100 
0.09747600 
0.09730000 
0.09780200 
0.09780000 
0.09764300 
0.09760000 
0.09742600 
0.09748200 
0.09757000 
0.09760300 
0.09757100 
0.09748400 
0.09779900 
0.09762500 
0.09735200 
0.09740700 
0.09738400 
0.09737800 
0.09739400 
0.09725300 
0.09715000 
0.09710100 
0.09713000 
0.09706100 
0.09697900 
0.09708100 
0.09680700 
0.09688500 
0.09689000 
0.09681800 
0.09674800 
0.09670600 
0.09650500 
0.09639200 
0.09670900 
0.09662000 
0.09635400 
0.09622500 
0.09640300 
0.09637700 
0.09635200 
0.09652200 
0.09632800 
0.09629000 
0.09621300 
0.09624300 
0.09600100 
0.09603200 
0.09612900 
0.09613400 
0.09620100 
0.09620000 
0.09620000 
0.09648000 
0.09621200 
0.09610800 
0.09613900 
0.09612700 
0.09607700 
0.09619700 
0.09611300 
0.09610300 
0.09607800 
0.09612200 
0.09621300 
0.09638200 
0.09636700 
0.09651000 
0.09668400 
0.09668600 
0.09693700 
0.09696400 
0.09672000 
0.09692500 
0.09691100 
0.09684600 
0.09691300 
0.09717800 
0.09676900 
0.09692900 
0.09689700 
0.09673300 
0.09679000 
0.09689200 
0.09714600 
0.09678800 
0.09698100 
0.09686200 
0.09694000 
0.09705800 
0.09710000 
0.09728900 
0.09713000 
0.09723700 
0.09706300 
0.09713700 
0.09713300 
0.09692000 
0.09680900 
0.09692900 
0.09698900 
0.09687000 
0.09673100 
0.09671100 
0.09668400 
0.09675600 
0.09675800 
0.09673000 
0.09696800 
0.09675500 
0.09692300 
0.09679500 
0.09673200 
0.09699000 
0.09713100 
0.09695700 
0.09697200 
0.09707100 
0.09697200 
0.09715800 
0.09715900 
0.09704000 
0.09707500 
0.09705800 
0.09700900 
0.09707400 
0.09683300 
0.09685000 
0.09692900 
0.09720100 
0.09710800 
0.09724500 
0.09713000 
0.09714700 
0.09713800 
0.09705000 
0.09700000 
0.09700100 
0.09705500 
0.09705800 
0.09698200 
0.09699400 
0.09693000 
0.09676200 
0.09660300 
0.09679500 
0.09673400 
0.09670100 
0.09678700 
0.09672600 
0.09656500 
0.09658000 
0.09675900 
0.09675000 
0.09691000 
0.09658900 
0.09633700 
0.09628200 
0.09634800 
0.09669000 
0.09669900 
0.09675900 
0.09671400 
0.09679200 
0.09671500 
0.09690000 
0.09697000 
0.09703800 
0.09682100 
0.09667300 
0.09645000 
0.09673000 
0.09706900 
0.09754000 
0.09730900 
0.09680700 
0.09676700 
0.09673000 
0.09667700 
0.09670800 
0.09666800 
0.09705000 
0.09690600 
0.09719900 
0.09722700 
0.09682300 
0.09680300 
0.09648600 
0.09621900 
0.09615400 
0.09630500 
0.09608100 
0.09598100 
0.09593000 
0.09560100 
0.09544100 
0.09553600 
0.09561000 
0.09562000 
0.09542400 
0.09514400 
0.09497500 
0.09510800 
0.09530000 
0.09542600 
0.09541000 
0.09520600 
0.09517500 
0.09513200 
0.09528000 
0.09542000 
0.09558000 
0.09558000 
0.09564700 
0.09557800 
0.09548600 
0.09546500 
0.09552800 
0.09556100 
0.09536600 
0.09534200 
0.09540800 
0.09539000 
0.09531600 
0.09539200 
0.09530200 
0.09534300 
0.09538900 
0.09539900 
0.09546100 
0.09522000 
0.09493800 
0.09498000 
0.09487100 
0.09497800 
0.09482900 
0.09490000 
0.09482300 
0.09484000 
0.09475000 
0.09472500 
0.09479500 
0.09477800 
0.09483900 
0.09484900 
0.09479800 
0.09474700 
0.09484200 
0.09475400 
0.09475000 
0.09483000 
0.09465700 
0.09474600 
0.09477000 
0.09470000 
0.09481200 
0.09485400 
0.09479700 
0.09480100 
0.09481300 
0.09478500 
0.09474900 
0.09482500 
0.09480600 
0.09489200 
0.09477100 
0.09486800 
0.09488500 
0.09509000 
0.09517700 
0.09521700 
0.09510800 
0.09518400 
0.09523000 
0.09530000 
0.09534600 
0.09545700 
0.09560500 
0.09542200 
0.09570000 
0.09552300 
0.09569400 
0.09555000 
0.09543400 
0.09524500 
0.09524500 
0.09525000 
0.09524400 
0.09528200 
0.09524400 
0.09524400 
0.09524600 
0.09524500 
0.09530000 
0.09525000 
0.09524500 
0.09524400 
0.09530000 
0.09527800 
0.09539700 
0.09525000 
0.09524500 
0.09524700 
0.09524500 
0.09542000 
0.09524500 
0.09524400 
0.09524400 
0.09536200 
0.09524500 
0.09534000 
0.09524400 
0.09524400 
0.09538800 
0.09535900 
0.09526400 
0.09534400 
0.09561500 
0.09565500 
0.09524500 
0.09524500 
0.09541800 
0.09525100 
0.09537700 
0.09527500 
0.09550000 
0.09566500 
0.09557900 
0.09568000 
0.09564500 
0.09570300 
0.09579600 
0.09554400 
0.09536300 
0.09539000 
0.09527100 
0.09511800 
0.09524800 
0.09517400 
0.09513600 
0.09516300 
0.09556000 
0.09531300 
0.09500000 
0.09509900 
0.09500600 
0.09516900 
0.09518800 
0.09514000 
0.09515400 
0.09522700 
0.09522600 
0.09519000 
0.09510000 
0.09519500 
0.09518000 
0.09507700 
0.09509700 
0.09519800 
0.09522300 
0.09511200 
0.09508300 
0.09527300 
0.09534400 
0.09534900 
0.09538600 
0.09487300 
0.09486200 
0.09481100 
0.09500000 
0.09489700 
0.09475800 
0.09480000 
0.09510000 
0.09500000 
0.09516000 
0.09532500 
0.09544700 
0.09573900 
0.09566900 
0.09598900 
0.09607000 
0.09589300 
0.09591600 
0.09582000 
0.09571100 
0.09567800 
0.09571700 
0.09573800 
0.09579400 
0.09558200 
0.09573200 
0.09574100 
0.09558500 
0.09579700 
0.09584300 
0.09588600 
0.09597300 
0.09602800 
0.09605600 
0.09617100 
0.09638400 
0.09639900 
0.09649200 
0.09642400 
0.09643600 
0.09645500 
0.09660000 
0.09645300 
0.09630300 
0.09617700 
0.09614800 
0.09614800 
0.09600400 
0.09613600 
0.09626700 
0.09640500 
0.09635900 
0.09625500 
0.09629100 
0.09657800 
0.09654600 
0.09662800 
0.09615500 
0.09647600 
0.09633300 
0.09617300 
0.09618100 
0.09601000 
0.09600000 
0.09592500 
0.09610600 
0.09609600 
0.09637700 
0.09589100 
0.09621800 
0.09582100 
0.09601200 
0.09587300 
0.09602400 
0.09627400 
0.09618600 
0.09679000 
0.09706000 
0.09690400 
0.09685000 
0.09695800 
0.09687500 
0.09619300 
0.09510500 
0.09500000 
0.09505900 
0.09520900 
0.09525000 
0.09548700 
0.09551500 
0.09563200 
0.09600700 
0.09616800 
0.09630500 
0.09637600 
0.09659900 
0.09650100 
0.09665200 
0.09679000 
0.09710800 
0.09718300 
0.09710300 
0.09715000 
0.09718900 
0.09739500 
0.09730000 
0.09726400 
0.09735500 
0.09724900 
0.09741400 
0.09744100 
0.09749900 
0.09762200 
0.09761500 
0.09774600 
0.09773700 
0.09767600 
0.09781600 
0.09793700 
0.09808800 
0.09809400 
0.09801600 
0.09830300 
0.09816400 
0.09851400 
0.09849400 
0.09863100 
0.09854400 
0.09859100 
0.09875800 
0.09863800 
0.09879200 
0.09887700 
0.09878300 
0.09880300 
0.09878300 
0.09875400 
0.09900100 
0.09875600 
0.09846900 
0.09851700 
0.09849800 
0.09846000 
0.09846800 
0.09840500 
0.09840200 
0.09850400 
0.09849700 
0.09855500 
0.09870000 
0.09848700 
0.09844000 
0.09834300 
0.09839000 
0.09881600 
0.09865900 
0.09851100 
0.09847600 
0.09854200 
0.09879200 
0.09882300 
0.09880000 
0.09887000 
0.09893900 
0.09889800 
0.09873800 
0.09859700 
0.09866600 
0.09876400 
0.09881400 
0.09878100 
0.09881000 
0.09883200 
0.09899000 
0.09910000 
0.09914300 
0.09925000 
0.09934600 
0.09925000 
0.09930600 
0.09930500 
0.09938000 
0.09930800 
0.09940000 
0.09936200 
0.09958800 
0.09967500 
0.09947900 
0.09949300 
0.09940100 
0.09953100 
0.09952000 
0.09975000 
0.09979700 
0.09948000 
0.09947900 
0.09940100 
0.09951100 
0.09958600 
0.09965000 
0.09966100 
0.09976000 
0.09974800 
0.09974100 
0.09972800 
0.09972900 
0.09979400 
0.09986200 
0.09973100 
0.09983200 
0.09984800 
0.09973100 
0.09990100 
0.10000100 
0.10000100 
0.10016300 
0.10000100 
0.10021100 
0.10024500 
0.10029600 
0.10023000 
0.10020600 
0.10005300 
0.10003200 
0.09975500 
0.09972900 
0.09974700 
0.09980100 
0.09958400 
0.09973100 
0.09956500 
0.09967600 
0.09960200 
0.09964600 
0.09968900 
0.09978000 
0.09986800 
0.09976600 
0.09964200 
0.09957500 
0.09962500 
0.09958800 
0.09968600 
0.09933600 
0.09950100 
0.09963800 
0.09959900 
0.09950000 
0.09950000 
0.09951800 
0.09951300 
0.09960700 
0.09974300 
0.09964900 
0.09996700 
0.09986100 
0.09986500 
0.09986100 
0.09956100 
0.09986100 
0.09986100 
0.09986100 
0.10005700 
0.10004600 
0.10004000 
0.10005800 
0.10016900 
0.10029600 
0.10008100 
0.09999800 
0.10020200 
0.10012200 
0.10009700 
0.09988900 
0.09967100 
0.10003700 
0.09958300 
0.09978500 
0.09992600 
0.10001500 
0.10005100 
0.09976300 
0.09995700 
0.09991000 
0.09997600 
0.10006800 
0.10004200 
0.10023600 
0.10027500 
0.09960000 
0.09965000 
0.09989000 
0.09991800 
0.09998500 
0.10004700 
0.10006200 
0.09988300 
0.09978500 
0.09986800 
0.09975100 
0.09987000 
0.09983100 
0.09989700 
0.09982700 
0.10008100 
0.09975300 
0.09994300 
0.09998400 
0.09992100 
0.10000500 
0.10004500 
0.10000200 
0.09999300 
0.10014100 
0.10018900 
0.10030100 
0.10030200 
0.10022500 
0.10018400 
0.10029500 
0.10027500 
0.10012300 
0.10022900 
0.10024000 
0.10034800 
0.10029900 
0.10024300 
0.10027400 
0.10036000 
0.10045200 
0.10051700 
0.10055900 
0.10073700 
0.10070100 
0.10070500 
0.10080100 
0.10071400 
0.10072200 
0.10063600 
0.10073500 
0.10058800 
0.10065000 
0.10058000 
0.10063200 
0.10062500 
0.10060200 
0.10053600 
0.10057100 
0.10046900 
0.10046800 
0.10050800 
0.10049000 
0.10049500 
0.10057500 
0.10075700 
0.10068000 
0.10075000 
0.10073300 
0.10063000 
0.10062300 
0.10080800 
0.10085300 
0.10091800 
0.10093200 
0.10099700 
0.10080000 
0.10100500 
0.10105300 
0.10106400 
0.10114800 
0.10100500 
0.10100400 
0.10102200 
0.10120200 
0.10122300 
0.10115500 
0.10100600 
0.10109900 
0.10112200 
0.10109200 
0.10112700 
0.10122200 
0.10119000 
0.10104800 
0.10101100 
0.10082800 
0.10083700 
0.10101200 
0.10066500 
0.10074800 
0.10074500 
0.10055300 
0.10073700 
0.10069300 
0.10079700 
0.10062000 
0.10080900 
0.10073600 
0.10077400 
0.10054500 
0.10070000 
0.10083400 
0.10070600 
0.10078800 
0.10098700 
0.10100200 
0.10106600 
0.10112700 
0.10118100 
0.10135600 
0.10151700 
0.10141100 
0.10150000 
0.10144100 
0.10141400 
0.10149100 
0.10124200 
0.10135700 
0.10139500 
0.10123300 
0.10147900 
0.10134200 
0.10125000 
0.10115300 
0.10118000 
0.10109800 
0.10097000 
0.10118900 
0.10101700 
0.10095600 
0.10109100 
0.10099300 
0.10119000 
0.10089600 
0.10128600 
0.10130100 
0.10129200 
0.10101400 
0.10101900 
0.10110000 
0.10110200 
0.10086300 
0.10054300 
0.10050300 
0.10025200 
0.09991800 
0.09986600 
0.09984300 
0.10003800 
0.10003500 
0.10026600 
0.10018900 
0.10005300 
0.09984800 
0.10000000 
0.10046300 
0.10029300 
0.10061000 
0.10063000 
0.10050000 
0.10063900 
0.10070300 
0.10073000 
0.10098800 
0.10117500 
0.10104100 
0.10095600 
0.10110700 
0.10042000 
0.10060800 
0.10076700 
0.10069400 
0.10065400 
0.10070000 
0.10095700 
0.10097900 
0.10093600 
0.10099200 
0.10092200 
0.10099900 
0.10098000 
0.10090200 
0.10129900 
0.10138500 
0.10136900 
0.10137900 
0.10138600 
0.10135800 
0.10143900 
0.10149700 
0.10160000 
0.10140000 
0.10141400 
0.10143500 
0.10145100 
0.10139000 
0.10137900 
0.10137200 
0.10135200 
0.10128800 
0.10124700 
0.10117200 
0.10105100 
0.10107000 
0.10106900 
0.10099500 
0.10089900 
0.10078800 
0.10072300 
0.10064900 
0.10059800 
0.10069400 
0.10039300 
0.10049800 
0.10038600 
0.10045400 
0.10046600 
0.10049500 
0.10036700 
0.10027500 
0.10029800 
0.10030100 
0.10047800 
0.10015200 
0.10047300 
0.10024400 
0.09980200 
0.09989900 
0.09987900 
0.09982300 
0.09985200 
0.09975200 
0.09979400 
0.09977000 
0.09974700 
0.09994900 
0.10024500 
0.10016500 
0.10008200 
0.09995100 
0.10002000 
0.10003300 
0.09984000 
0.10005800 
0.10015400 
0.10007200 
0.10001900 
0.09976400 
0.09940000 
0.09938900 
0.09910500 
0.09928800 
0.09925000 
0.09930500 
0.09907600 
0.09918500 
0.09929100 
0.09938900 
0.09889900 
0.09827000 
0.09808400 
0.09814100 
0.09810400 
0.09825400 
0.09786800 
0.09800300 
0.09834400 
0.09840000 
0.09839700 
0.09845800 
0.09825000 
0.09865900 
0.09815000 
0.09876000 
0.09917000 
0.09940600 
0.09963000 
0.09992700 
0.09961900 
0.09974900 
0.10010100 
0.10017000 
0.10048000 
0.10044800 
0.10045200 
0.10088000 
0.10109200 
0.10111000 
0.10096600 
0.10082100 
0.10062000 
0.10058000 
0.10074000 
0.10095800 
0.10068700 
0.10111300 
0.10145600 
0.10124300 
0.10150600 
0.10088400 
0.10038300 
0.10117800 
0.10137100 
0.10105500 
0.10038000 
0.10006500 
0.09956100 
0.09913600 
0.09917400 
0.09892000 
0.09898500 
0.09886800 
0.09789600 
0.09769800 
0.09738600 
0.09719600 
0.09718000 
0.09723000 
0.09715700 
0.09717500 
0.09733000 
0.09724900 
0.09722100 
0.09699300 
0.09690000 
0.09700000 
0.09700000 
0.09679800 
0.09704000 
0.09667500 
0.09651000 
0.09617300 
0.09601100 
0.09600100 
0.09609000 
0.09636200 
0.09630900 
0.09629500 
0.09627900 
0.09633000 
0.09655500 
0.09653600 
0.09657300 
0.09686400 
0.09663800 
0.09641600 
0.09639800 
0.09638700 
0.09639300 
0.09631500 
0.09629100 
0.09630100 
0.09635100 
0.09646600 
0.09640400 
0.09657700 
0.09676000 
0.09681800 
0.09645100 
0.09647000 
0.09636000 
0.09651400 
0.09651800 
0.09657400 
0.09653000 
0.09658700 
0.09668800 
0.09685200 
0.09696000 
0.09689100 
0.09690200 
0.09695500 
0.09688000 
0.09689300 
0.09705200 
0.09713400 
0.09716000 
0.09725400 
0.09722700 
0.09735900 
0.09733200 
0.09734800 
0.09737200 
0.09750800 
0.09744300 
0.09759800 
0.09765100 
0.09765600 
0.09771200 
0.09768100 
0.09773800 
0.09768200 
0.09777200 
0.09789100 
0.09784500 
0.09789500 
0.09788000 
0.09784000 
0.09789000 
0.09778000 
0.09786900 
0.09803400 
0.09813500 
0.09806200 
0.09783300 
0.09784000 
0.09770400 
0.09783000 
0.09786200 
0.09779500 
0.09780400 
0.09790000 
0.09799000 
0.09800300 
0.09824500 
0.09829800 
0.09832100 
0.09820000 
0.09862300 
0.09830000 
0.09823100 
0.09836100 
0.09823600 
0.09822900 
0.09822300 
0.09820900 
0.09815600 
0.09820700 
0.09828100 
0.09830800 
0.09828900 
0.09853200 
0.09843800 
0.09834000 
0.09849500 
0.09843800 
0.09848000 
0.09852700 
0.09854300 
0.09855900 
0.09848400 
0.09862200 
0.09877900 
0.09881100 
0.09901100 
0.09920300 
0.09920400 
0.09916100 
0.09911100 
0.09903000 
0.09879200 
0.09902300 
0.09949300 
0.09933100 
0.09890300 
0.09906100 
0.09881500 
0.09899900 
0.09928400 
0.09921400 
0.09938700 
0.09961400 
0.09928300 
0.09912200 
0.09922100 
0.09929000 
0.09916300 
0.09915200 
0.09921200 
0.09902800 
0.09909000 
0.09917300 
0.09911800 
0.09927200 
0.09920500 
0.09924100 
0.09916000 
0.09918200 
0.09906200 
0.09885400 
0.09877700 
0.09872700 
0.09869300 
0.09869500 
0.09877700 
0.09882400 
0.09877600 
0.09867500 
0.09867300 
0.09870900 
0.09875200 
0.09849200 
0.09853000 
0.09857500 
0.09860000 
0.09872500 
0.09871400 
0.09868800 
0.09877000 
0.09875800 
0.09876600 
0.09861500 
0.09857000 
0.09869500 
0.09870600 
0.09866800 
0.09858700 
0.09857000 
0.09860100 
0.09864600 
0.09864300 
0.09878800 
0.09886400 
0.09889200 
0.09880900 
0.09894400 
0.09886600 
0.09880000 
0.09870300 
0.09885800 
0.09879900 
0.09872700 
0.09889000 
0.09890000 
0.09886900 
0.09899600 
0.09900000 
0.09906100 
0.09898400 
0.09897000 
0.09892000 
0.09875900 
0.09890800 
0.09899700 
0.09887300 
0.09896000 
0.09893900 
0.09894000 
0.09891900 
0.09884400 
0.09900000 
0.09886400 
0.09903500 
0.09918100 
0.09921500 
0.09909000 
0.09909400 
0.09920900 
0.09909400 
0.09909500 
0.09916700 
0.09905000 
0.09906300 
0.09912800 
0.09904800 
0.09920000 
0.09938500 
0.09940700 
0.09948300 
0.09947900 
0.09932300 
0.09939100 
0.09940000 
0.09946200 
0.09945000 
0.09942900 
0.09943700 
0.09946300 
0.09950000 
0.09947500 
0.09950300 
0.09948800 
0.09948900 
0.09950000 
0.09967800 
0.09959100 
0.09934100 
0.09935500 
0.09945900 
0.09960500 
0.09968700 
0.09979500 
0.09988800 
0.09991300 
0.09997300 
0.09997500 
0.10000000 
0.10029800 
0.10053700 
0.10050200 
0.10016700 
0.09987400 
0.09960600 
0.09951200 
0.09950700 
0.09960500 
0.09954000 
0.09945000 
0.09919500 
0.09886000 
0.09875600 
0.09885000 
0.09880800 
0.09862000 
0.09868700 
0.09868400 
0.09862000 
0.09876800 
0.09883800 
0.09867600 
0.09876000 
0.09884600 
0.09867300 
0.09874200 
0.09874800 
0.09875300 
0.09890000 
0.09881000 
0.09886900 
0.09884600 
0.09876400 
0.09880000 
0.09880000 
0.09860000 
0.09871100 
0.09890000 
0.09875400 
0.09872400 
0.09862200 
0.09857100 
0.09860000 
0.09879000 
0.09878800 
0.09878700 
0.09880000 
0.09896900 
0.09889100 
0.09896600 
0.09918900 
0.09899900 
0.09919000 
0.09916900 
0.09932400 
0.09932600 
0.09925400 
0.09922000 
0.09941800 
0.09945700 
0.09946900 
0.09950500 
0.09955300 
0.09963300 
0.09961000 
0.09970300 
0.09966600 
0.09982300 
0.09981000 
0.09976000 
0.09967100 
0.09966300 
0.09973500 
0.09983200 
0.09996400 
0.10006800 
0.10004000 
0.10000000 
0.10001200 
0.10010300 
0.10005000 
0.10015000 
0.10014100 
0.10013800 
0.10020400 
0.10020000 
0.10019100 
0.10000100 
0.10009900 
0.10015300 
0.10019000 
0.10025000 
0.10043500 
0.10045100 
0.10054900 
0.10047200 
0.10053000 
0.10060000 
0.10068600 
0.10057600 
0.10047400 
0.10053200 
0.10048300 
0.10076600 
0.10097300 
0.10111200 
0.10106200 
0.10100000 
0.10111000 
0.10108900 
0.10108900 
0.10109000 
0.10110600 
0.10116400 
0.10108400 
0.10106600 
0.10119000 
0.10124800 
0.10138200 
0.10125000 
0.10128600 
0.10122400 
0.10121300 
0.10122100 
0.10126000 
0.10126300 
0.10119000 
0.10119300 
0.10122800 
0.10115700 
0.10131600 
0.10133000 
0.10109700 
0.10106100 
0.10106100 
0.10090900 
0.10090800 
0.10079800 
0.10105000 
0.10081000 
0.10087800 
0.10088100 
0.10103000 
0.10102900 
0.10104000 
0.10093800 
0.10093400 
0.10100400 
0.10096800 
0.10091600 
0.10098100 
0.10091500 
0.10100100 
0.10085600 
0.10067600 
0.10052100 
0.10053100 
0.10059900 
0.10050200 
0.10055500 
0.10051900 
0.10047500 
0.10050000 
0.10063000 
0.10070100 
0.10075000 
0.10077000 
0.10089300 
0.10084800 
0.10090000 
0.10091100 
0.10098500 
0.10102400 
0.10109200 
0.10104100 
0.10088500 
0.10093300 
0.10114300 
0.10090500 
0.10101000 
0.10100500 
0.10099900 
0.10112700 
0.10111500 
0.10101000 
0.10109600 
0.10102400 
0.10108000 
0.10100800 
0.10102400 
0.10108900 
0.10111000 
0.10107900 
0.10100300 
0.10104600 
0.10100000 
0.10115400 
0.10115100 
0.10115100 
0.10115100 
0.10123800 
0.10107700 
0.10096100 
0.10092900 
0.10095800 
0.10097400 
0.10086800 
0.10086300 
0.10095100 
0.10091900 
0.10095100 
0.10103200 
0.10083600 
0.10098000 
0.10089800 
0.10104900 
0.10104800 
0.10106600 
0.10114500 
0.10113000 
0.10104800 
0.10095500 
0.10106100 
0.10126200 
0.10129700 
0.10138300 
0.10118200 
0.10122000 
0.10100000 
0.10101300 
0.10109700 
0.10124400 
0.10129000 
0.10120000 
0.10126500 
0.10144500 
0.10150500 
0.10144600 
0.10151700 
0.10151300 
0.10150000 
0.10164900 
0.10180000 
0.10170800 
0.10173400 
0.10184000 
0.10181000 
0.10173400 
0.10174000 
0.10176500 
0.10175800 
0.10165200 
0.10158900 
0.10157100 
0.10160700 
0.10175000 
0.10180300 
0.10186000 
0.10180700 
0.10169100 
0.10169000 
0.10178900 
0.10181400 
0.10188300 
0.10184600 
0.10175400 
0.10187400 
0.10188100 
0.10188000 
0.10188200 
0.10191000 
0.10197900 
0.10167000 
0.10152600 
0.10154700 
0.10152000 
0.10150100 
0.10158100 
0.10140900 
0.10132200 
0.10120000 
0.10115900 
0.10130100 
0.10147700 
0.10131400 
0.10103100 
0.10104200 
0.10122800 
0.10143000 
0.10142400 
0.10152100 
0.10155200 
0.10155900 
0.10156300 
0.10175000 
0.10156700 
0.10177900 
0.10162700 
0.10175500 
0.10179200 
0.10185100 
0.10196800 
0.10193200 
0.10186400 
0.10192000 
0.10197900 
0.10197900 
0.10205200 
0.10202400 
0.10213700 
0.10202700 
0.10203500 
0.10203500 
0.10206200 
0.10201900 
0.10208100 
0.10210000 
0.10211300 
0.10226000 
0.10216600 
0.10215600 
0.10209300 
0.10225000 
0.10219500 
0.10214600 
0.10228900 
0.10231400 
0.10211500 
0.10221400 
0.10224700 
0.10217300 
0.10235600 
0.10225300 
0.10225000 
0.10223200 
0.10236600 
0.10236500 
0.10248300 
0.10251900 
0.10243100 
0.10237000 
0.10246400 
0.10225400 
0.10226400 
0.10229800 
0.10218900 
0.10219300 
0.10235000 
0.10216400 
0.10213700 
0.10220800 
0.10218800 
0.10204200 
0.10203200 
0.10205600 
0.10216300 
0.10207000 
0.10216700 
0.10219000 
0.10217000 
0.10226800 
0.10227000 
0.10249000 
0.10240000 
0.10230700 
0.10230800 
0.10222700 
0.10215000 
0.10217000 
0.10210000 
0.10215000 
0.10225000 
0.10225100 
0.10221000 
0.10219100 
0.10219200 
0.10230700 
0.10227400 
0.10226900 
0.10223000 
0.10223600 
0.10229300 
0.10243400 
0.10246400 
0.10245100 
0.10260100 
0.10254900 
0.10260500 
0.10259500 
0.10266500 
0.10246300 
0.10255000 
0.10255200 
0.10245600 
0.10248400 
0.10244700 
0.10254800 
0.10238700 
0.10232300 
0.10231100 
0.10247200 
0.10231900 
0.10207500 
0.10226100 
0.10211700 
0.10220300 
0.10224100 
0.10239700 
0.10229500 
0.10243100 
0.10244500 
0.10233800 
0.10239800 
0.10237300 
0.10234100 
0.10234100 
0.10239300 
0.10230500 
0.10244000 
0.10252900 
0.10244200 
0.10271900 
0.10275500 
0.10259900 
0.10268000 
0.10258300 
0.10264600 
0.10262000 
0.10255800 
0.10270700 
0.10269900 
0.10257100 
0.10249100 
0.10259700 
0.10237800 
0.10232200 
0.10239300 
0.10245500 
0.10252700 
0.10250100 
0.10260500 
0.10258400 
0.10264600 
0.10282700 
0.10269100 
0.10269600 
0.10270900 
0.10280200 
0.10294000 
0.10297500 
0.10298100 
0.10303000 
0.10291100 
0.10284400 
0.10298100 
0.10290800 
0.10281100 
0.10290800 
0.10290500 
0.10292100 
0.10282600 
0.10281800 
0.10279800 
0.10268200 
0.10288800 
0.10293700 
0.10281600 
0.10287800 
0.10288200 
0.10310300 
0.10313200 
0.10302100 
0.10315000 
0.10309100 
0.10311400 
0.10311900 
0.10301300 
0.10306900 
0.10312800 
0.10312000 
0.10295300 
0.10301400 
0.10300900 
0.10293400 
0.10288700 
0.10268600 
0.10268000 
0.10282000 
0.10270000 
0.10282100 
0.10280300 
0.10280500 
0.10281000 
0.10289500 
0.10285300 
0.10294800 
0.10295300 
0.10299100 
0.10279900 
0.10288100 
0.10288400 
0.10287400 
0.10285700 
0.10273000 
0.10276500 
0.10266700 
0.10275500 
0.10262000 
0.10262000 
0.10261800 
0.10265400 
0.10278400 
0.10273400 
0.10256100 
0.10258000 
0.10264200 
0.10262300 
0.10250400 
0.10256400 
0.10273700 
0.10278700 
0.10279700 
0.10270000 
0.10283200 
0.10284600 
0.10283200 
0.10281600 
0.10289600 
0.10287900 
0.10290800 
0.10289300 
0.10296100 
0.10308000 
0.10297700 
0.10296400 
0.10300800 
0.10290100 
0.10292800 
0.10293900 
0.10303900 
0.10288900 
0.10288900 
0.10275500 
0.10283800 
0.10279400 
0.10282300 
0.10283600 
0.10281500 
0.10288500 
0.10292300 
0.10287100 
0.10287900 
0.10271400 
0.10280500 
0.10283600 
0.10269000 
0.10270600 
0.10270400 
0.10276000 
0.10265400 
0.10277400 
0.10271900 
0.10272500 
0.10259500 
0.10259800 
0.10264300 
0.10252100 
0.10245500 
0.10268900 
0.10272400 
0.10257900 
0.10263200 
0.10270400 
0.10279400 
0.10279000 
0.10270400 
0.10279000 
0.10278000 
0.10268100 
0.10277000 
0.10263000 
0.10273200 
0.10273100 
0.10270000 
0.10257200 
0.10266100 
0.10251400 
0.10251200 
0.10258900 
0.10251200 
0.10260300 
0.10256900 
0.10264700 
0.10255700 
0.10255400 
0.10270100 
0.10271400 
0.10264800 
0.10272900 
0.10259900 
0.10253100 
0.10255600 
0.10262800 
0.10263400 
0.10253200 
0.10252900 
0.10248100 
0.10249500 
0.10249700 
0.10261900 
0.10254200 
0.10268000 
0.10269800 
0.10275000 
0.10267800 
0.10266800 
0.10277600 
0.10273700 
0.10271700 
0.10270000 
0.10262000 
0.10270900 
0.10257500 
0.10267300 
0.10261900 
0.10259100 
0.10270600 
0.10273300 
0.10265800 
0.10271200 
0.10256200 
0.10256200 
0.10237000 
0.10236400 
0.10260500 
0.10242400 
0.10256700 
0.10263400 
0.10254700 
0.10263900 
0.10262500 
0.10255100 
0.10245100 
0.10255300 
0.10257000 
0.10250100 
0.10254800 
0.10254200 
0.10244000 
0.10236300 
0.10250400 
0.10246600 
0.10255000 
0.10255400 
0.10256100 
0.10265000 
0.10273000 
0.10273400 
0.10258500 
0.10269900 
0.10273700 
0.10273100 
0.10281000 
0.10278400 
0.10265600 
0.10260000 
0.10258400 
0.10287000 
0.10269600 
0.10270300 
0.10268300 
0.10268400 
0.10267600 
0.10266400 
0.10258300 
0.10267900 
0.10258200 
0.10258000 
0.10268800 
0.10243700 
0.10242300 
0.10239300 
0.10248900 
0.10253300 
0.10250000 
0.10257000 
0.10273300 
0.10270000 
0.10268100 
0.10285500 
0.10270100 
0.10276300 
0.10280000 
0.10270500 
0.10274400 
0.10279100 
0.10283700 
0.10279800 
0.10281800 
0.10270400 
0.10247700 
0.10257000 
0.10248100 
0.10257900 
0.10257900 
0.10250000 
0.10249900 
0.10240400 
0.10240100 
0.10249900 
0.10242200 
0.10249000 
0.10247000 
0.10246000 
0.10240000 
0.10239900 
0.10246000 
0.10240000 
0.10237300 
0.10236600 
0.10231800 
0.10234500 
0.10244600 
0.10249800 
0.10230100 
0.10239100 
0.10229100 
0.10235100 
0.10220000 
0.10219000 
0.10225900 
0.10218000 
0.10216400 
0.10226000 
0.10214800 
0.10226600 
0.10215000 
0.10213000 
0.10213100 
0.10223700 
0.10228400 
0.10217900 
0.10209900 
0.10197400 
0.10213600 
0.10210600 
0.10208400 
0.10213400 
0.10208300 
0.10205000 
0.10205200 
0.10201000 
0.10196700 
0.10190200 
0.10190400 
0.10188800 
0.10210200 
0.10206300 
0.10197900 
0.10198000 
0.10177500 
0.10182900 
0.10186200 
0.10173700 
0.10159000 
0.10161100 
0.10159300 
0.10168000 
0.10174600 
0.10164000 
0.10149200 
0.10150000 
0.10167300 
0.10179200 
0.10191600 
0.10190000 
0.10187600 
0.10182600 
0.10197800 
0.10190400 
0.10193900 
0.10204000 
0.10197700 
0.10191800 
0.10192900 
0.10187900 
0.10169700 
0.10170900 
0.10167300 
0.10168200 
0.10163800 
0.10169300 
0.10164600 
0.10190000 
0.10175300 
0.10173600 
0.10176300 
0.10186900 
0.10181200 
0.10172500 
0.10180300 
0.10178800 
0.10172100 
0.10184700 
0.10186500 
0.10176400 
0.10187900 
0.10168400 
0.10180100 
0.10178100 
0.10186700 
0.10176300 
0.10183100 
0.10189000 
0.10209000 
0.10201400 
0.10216100 
0.10206700 
0.10219100 
0.10213600 
0.10201300 
0.10190200 
0.10189200 
0.10190700 
0.10184700 
0.10177800 
0.10196300 
0.10196800 
0.10197800 
0.10190700 
0.10167800 
0.10176100 
0.10183800 
0.10174100 
0.10167400 
0.10182000 
0.10162800 
0.10163800 
0.10158000 
0.10151600 
0.10155000 
0.10163400 
0.10163700 
0.10161000 
0.10160100 
0.10174500 
0.10189600 
0.10205100 
0.10198300 
0.10187900 
0.10181100 
0.10200800 
0.10189700 
0.10203800 
0.10206700 
0.10205400 
0.10210700 
0.10208400 
0.10223700 
0.10210800 
0.10219300 
0.10219600 
0.10206300 
0.10224600 
0.10209500 
0.10227400 
0.10219100 
0.10211300 
0.10217100 
0.10206100 
0.10202600 
0.10210500 
0.10229700 
0.10202300 
0.10201800 
0.10200100 
0.10204200 
0.10199800 
0.10189500 
0.10185900 
0.10176100 
0.10175100 
0.10184000 
0.10199800 
0.10194300 
0.10206000 
0.10189400 
0.10172400 
0.10188600 
0.10165500 
0.10158500 
0.10167300 
0.10169400 
0.10157300 
0.10141600 
0.10145500 
0.10153200 
0.10149500 
0.10140400 
0.10144300 
0.10141200 
0.10135800 
0.10150700 
0.10137400 
0.10130100 
0.10127900 
0.10126300 
0.10133800 
0.10123800 
0.10111500 
0.10100000 
0.10104400 
0.10098800 
0.10086000 
0.10101100 
0.10106600 
0.10089000 
0.10108600 
0.10107400 
0.10116500 
0.10107100 
0.10114600 
0.10118800 
0.10106700 
0.10112200 
0.10106900 
0.10095500 
0.10110000 
0.10108500 
0.10108800 
0.10092800 
0.10096300 
0.10095000 
0.10095800 
0.10086500 
0.10093800 
0.10091400 
0.10088800 
0.10089600 
0.10101000 
0.10095000 
0.10086900 
0.10090000 
0.10098100 
0.10105800 
0.10090800 
0.10098800 
0.10088700 
0.10087000 
0.10091700 
0.10093100 
0.10104800 
0.10121900 
0.10112900 
0.10123100 
0.10113800 
0.10113400 
0.10127000 
0.10128700 
0.10122700 
0.10112400 
0.10110300 
0.10116400 
0.10111100 
0.10119000 
0.10111800 
0.10110100 
0.10110000 
0.10120800 
0.10120500 
0.10123400 
0.10133000 
0.10123100 
0.10124200 
0.10121600 
0.10118900 
0.10119700 
0.10131200 
0.10129600 
0.10127600 
0.10120100 
0.10118100 
0.10124400 
0.10124500 
0.10123900 
0.10119000 
0.10123300 
0.10128300 
0.10126900 
0.10110400 
0.10118700 
0.10104500 
0.10111500 
0.10112100 
0.10111700 
0.10099500 
0.10095100 
0.10107900 
0.10093600 
0.10093100 
0.10102900 
0.10093300 
0.10092700 
0.10096000 
0.10125000 
0.10106200 
0.10106000 
0.10116600 
0.10116700 
0.10113600 
0.10105400 
0.10093400 
0.10082100 
0.10089500 
0.10080000 
0.10085400 
0.10088800 
0.10099900 
0.10100200 
0.10115400 
0.10105000 
0.10105000 
0.10108700 
0.10109300 
0.10107800 
0.10102900 
0.10085100 
0.10079200 
0.10101600 
0.10101000 
0.10113000 
0.10112000 
0.10110000 
0.10111900 
0.10104300 
0.10103900 
0.10089500 
0.10096700 
0.10080200 
0.10068100 
0.10079900 
0.10097800 
0.10080600 
0.10063000 
0.10069200 
0.10089900 
0.10098700 
0.10088900 
0.10088700 
0.10087300 
0.10070900 
0.10053000 
0.10052300 
0.10060900 
0.10059600 
0.10070000 
0.10059500 
0.10064400 
0.10066900 
0.10064500 
0.10052100 
0.10053000 
0.10046100 
0.10037400 
0.10044000 
0.10048900 
0.10043900 
0.10051400 
0.10066000 
0.10050000 
0.10040300 
0.10049300 
0.10056400 
0.10043800 
0.10054000 
0.10055300 
0.10072100 
0.10081100 
0.10079000 
0.10078600 
0.10069800 
0.10064300 
0.10073800 
0.10069600 
0.10082700 
0.10092100 
0.10085500 
0.10074200 
0.10112600 
0.10111200 
0.10116300 
0.10120700 
0.10111400 
0.10117200 
0.10108600 
0.10122300 
0.10133500 
0.10141900 
0.10144100 
0.10146600 
0.10145800 
0.10129800 
0.10152800 
0.10176700 
0.10157000 
0.10160800 
0.10175000 
0.10185200 
0.10188300 
0.10164000 
0.10160000 
0.10158100 
0.10141900 
0.10139400 
0.10128700 
0.10165400 
0.10167500 
0.10153400 
0.10133600 
0.10155900 
0.10170100 
0.10166800 
0.10167700 
0.10171000 
0.10160700 
0.10173000 
0.10191600 
0.10204000 
0.10198800 
0.10179300 
0.10182900 
0.10178300 
0.10155000 
0.10159800 
0.10151700 
0.10139600 
0.10157100 
0.10170300 
0.10165000 
0.10179900 
0.10166000 
0.10188400 
0.10174000 
0.10161800 
0.10164300 
0.10124300 
0.10132100 
0.10068000 
0.10021900 
0.10031800 
0.10030200 
0.09985500 
0.09981900 
0.10000000 
0.10004000 
0.10049900 
0.10067200 
0.10089000 
0.10124300 
0.10130000 
0.10079100 
0.10087100 
0.10078000 
0.10084800 
0.10080600 
0.10074400 
0.10064900 
0.10076300 
0.10063700 
0.10072600 
0.10073700 
0.10089900 
0.10106900 
0.10110900 
0.10110500 
0.10144300 
0.10141200 
0.10117900 
0.10125800 
0.10170100 
0.10219300 
0.10221200 
0.10210600 
0.10195700 
0.10214300 
0.10214600 
0.10210700 
0.10222200 
0.10230000 
0.10222000 
0.10227400 
0.10225900 
0.10244500 
0.10243400 
0.10245300 
0.10247000 
0.10251600 
0.10244300 
0.10256600 
0.10252000 
0.10253200 
0.10253700 
0.10268200 
0.10250100 
0.10267900 
0.10268300 
0.10266100 
0.10258000 
0.10257100 
0.10285200 
0.10277800 
0.10274300 
0.10280000 
0.10290600 
0.10269900 
0.10262400 
0.10266900 
0.10240500 
0.10243600 
0.10247900 
0.10237000 
0.10252000 
0.10254400 
0.10259400 
0.10260100 
0.10270000 
0.10270500 
0.10274000 
0.10286700 
0.10274000 
0.10296800 
0.10291900 
0.10284400 
0.10300100 
0.10293300 
0.10306000 
0.10305900 
0.10308900 
0.10300100 
0.10308600 
0.10299600 
0.10300400 
0.10297500 
0.10320000 
0.10282100 
0.10287000 
0.10284100 
0.10268500 
0.10288700 
0.10279700 
0.10276600 
0.10291600 
0.10296300 
0.10309700 
0.10306700 
0.10299600 
0.10299500 
0.10298000 
0.10301800 
0.10305700 
0.10310600 
0.10302100 
0.10311800 
0.10297200 
0.10307800 
0.10289100 
0.10307100 
0.10303100 
0.10297500 
0.10299700 
0.10291900 
0.10285100 
0.10299800 
0.10295300 
0.10325900 
0.10315100 
0.10314700 
0.10321900 
0.10317800 
0.10326900 
0.10320700 
0.10315900 
0.10295700 
0.10312300 
0.10312500 
0.10303400 
0.10303000 
0.10296700 
0.10304000 
0.10301700 
0.10299800 
0.10302500 
0.10305800 
0.10304200 
0.10300400 
0.10290700 
0.10293300 
0.10289800 
0.10309800 
0.10307500 
0.10304900 
0.10303900 
0.10288800 
0.10295800 
0.10286400 
0.10287600 
0.10297400 
0.10293300 
0.10302500 
0.10306600 
0.10296400 
0.10295900 
0.10295500 
0.10305600 
0.10305000 
0.10306400 
0.10307300 
0.10297100 
0.10304400 
0.10291400 
0.10286100 
0.10302900 
0.10292900 
0.10299200 
0.10300400 
0.10289100 
0.10305400 
0.10297100 
0.10310700 
0.10310700 
0.10310600 
0.10309800 
0.10311000 
0.10311000 
0.10298600 
0.10298900 
0.10310100 
0.10303800 
0.10295700 
0.10305700 
0.10299000 
0.10290500 
0.10291900 
0.10305500 
0.10305900 
0.10305800 
0.10305900 
0.10290600 
0.10287500 
0.10298300 
0.10304300 
0.10292600 
0.10288800 
0.10300000 
0.10294100 
0.10323000 
0.10315300 
0.10314900 
0.10318500 
0.10316300 
0.10312000 
0.10307400 
0.10301600 
0.10289900 
0.10299900 
0.10299800 
0.10288000 
0.10299600 
0.10297800 
0.10285900 
0.10289000 
0.10289100 
0.10294900 
0.10298200 
0.10298000 
0.10316400 
0.10317400 
0.10316600 
0.10318000 
0.10312700 
0.10318000 
0.10318200 
0.10307800 
0.10303200 
0.10309000 
0.10319500 
0.10304500 
0.10315900 
0.10302100 
0.10297100 
0.10292100 
0.10295300 
0.10309500 
0.10315000 
0.10316400 
0.10310000 
0.10303100 
0.10330000 
0.10256900 
0.10246500 
0.10260700 
0.10242000 
0.10249400 
0.10260300 
0.10257600 
0.10251600 
0.10244700 
0.10219900 
0.10200700 
0.10214200 
0.10216000 
0.10220700 
0.10220900 
0.10226900 
0.10232800 
0.10220400 
0.10223500 
0.10196000 
0.10199500 
0.10211100 
0.10201200 
0.10191100 
0.10190600 
0.10208300 
0.10201600 
0.10211000 
0.10196700 
0.10200400 
0.10202500 
0.10210400 
0.10213000 
0.10213000 
0.10214100 
0.10221500 
0.10232500 
0.10225900 
0.10213000 
0.10210700 
0.10209300 
0.10208100 
0.10207700 
0.10228000 
0.10212800 
0.10206900 
0.10195000 
0.10190200 
0.10200300 
0.10198600 
0.10188900 
0.10193500 
0.10181300 
0.10181000 
0.10193800 
0.10182100 
0.10171700 
0.10186500 
0.10177300 
0.10177300 
0.10178800 
0.10181100 
0.10189600 
0.10180100 
0.10197000 
0.10193000 
0.10182000 
0.10192200 
0.10177200 
0.10178100 
0.10177000 
0.10180000 
0.10176300 
0.10190800 
0.10173000 
0.10170300 
0.10176400 
0.10190300 
0.10191000 
0.10192200 
0.10180300 
0.10188500 
0.10179900 
0.10179100 
0.10188400 
0.10188900 
0.10176400 
0.10177400 
0.10176100 
0.10190600 
0.10192600 
0.10189900 
0.10179700 
0.10189800 
0.10188000 
0.10175200 
0.10179700 
0.10180800 
0.10187200 
0.10187700 
0.10188700 
0.10191000 
0.10196600 
0.10186200 
0.10190000 
0.10199800 
0.10198900 
0.10200800 
0.10194300 
0.10188000 
0.10184700 
0.10185800 
0.10182900 
0.10179000 
0.10179700 
0.10175600 
0.10179700 
0.10176600 
0.10180000 
0.10178200 
0.10176500 
0.10164400 
0.10173900 
0.10175500 
0.10180000 
0.10167400 
0.10165800 
0.10176800 
0.10181200 
0.10175400 
0.10163600 
0.10179000 
0.10184300 
0.10188400 
0.10193100 
0.10186300 
0.10178000 
0.10180000 
0.10161200 
0.10160000 
0.10153400 
0.10160800 
0.10149100 
0.10141600 
0.10162200 
0.10152200 
0.10148200 
0.10141000 
0.10141000 
0.10149900 
0.10147200 
0.10140600 
0.10144200 
0.10144000 
0.10143000 
0.10144000 
0.10149600 
0.10142300 
0.10156400 
0.10145700 
0.10165100 
0.10155100 
0.10165000 
0.10154600 
0.10166500 
0.10167000 
0.10187000 
0.10180600 
0.10180100 
0.10193500 
0.10189200 
0.10174000 
0.10184300 
0.10187900 
0.10189300 
0.10199900 
0.10189300 
0.10187200 
0.10180100 
0.10173000 
0.10180600 
0.10172500 
0.10180000 
0.10175000 
0.10182900 
0.10185800 
0.10170000 
0.10171600 
0.10161700 
0.10176000 
0.10162100 
0.10148400 
0.10145000 
0.10142000 
0.10144100 
0.10153100 
0.10163000 
0.10170100 
0.10146400 
0.10146000 
0.10146000 
0.10159600 
0.10173700 
0.10188000 
0.10190200 
0.10200100 
0.10220000 
0.10234500 
0.10211100 
0.10247000 
0.10263200 
0.10269800 
0.10245900 
0.10246600 
0.10237300 
0.10236300 
0.10226900 
0.10237300 
0.10242600 
0.10240000 
0.10231600 
0.10211700 
0.10235600 
0.10235100 
0.10217300 
0.10203900 
0.10188700 
0.10178800 
0.10160300 
0.10142300 
0.10143200 
0.10166800 
0.10140900 
0.10130200 
0.10150000 
0.10165900 
0.10170400 
0.10189400 
0.10189000 
0.10166200 
0.10181900 
0.10177700 
0.10167100 
0.10174900 
0.10158100 
0.10147300 
0.10154000 
0.10150900 
0.10134700 
0.10146000 
0.10128900 
0.10133400 
0.10150000 
0.10150800 
0.10159700 
0.10158000 
0.10181100 
0.10200000 
0.10188200 
0.10194000 
0.10199900 
0.10200000 
0.10220200 
0.10215300 
0.10177500 
0.10176400 
0.10194900 
0.10187300 
0.10200800 
0.10193400 
0.10193700 
0.10200000 
0.10190400 
0.10192800 
0.10182100 
0.10194000 
0.10198300 
0.10196200 
0.10190600 
0.10203100 
0.10222700 
0.10224900 
0.10233600 
0.10243500 
0.10235000 
0.10234300 
0.10244700 
0.10235200 
0.10234600 
0.10244500 
0.10241300 
0.10244600 
0.10235200 
0.10245000 
0.10236200 
0.10240400 
0.10229400 
0.10239800 
0.10247400 
0.10244600 
0.10235800 
0.10243400 
0.10245800 
0.10255700 
0.10243900 
0.10245800 
0.10256600 
0.10259200 
0.10256300 
0.10259300 
0.10268200 
0.10248900 
0.10244800 
0.10245400 
0.10256200 
0.10253000 
0.10239300 
0.10239000 
0.10240100 
0.10239900 
0.10235700 
0.10203300 
0.10222400 
0.10258800 
0.10250100 
0.10245800 
0.10246100 
0.10231900 
0.10217000 
0.10231900 
0.10227800 
0.10224000 
0.10235000 
0.10227300 
0.10228800 
0.10228500 
0.10238800 
0.10238700 
0.10231200 
0.10226500 
0.10236400 
0.10218700 
0.10219200 
0.10231300 
0.10229500 
0.10233300 
0.10246400 
0.10246400 
0.10230000 
0.10229000 
0.10225000 
0.10245400 
0.10235900 
0.10246200 
0.10226800 
0.10253400 
0.10255400 
0.10267700 
0.10266400 
0.10246700 
0.10243600 
0.10238800 
0.10244900 
0.10244800 
0.10248300 
0.10254400 
0.10251300 
0.10260200 
0.10263500 
0.10250000 
0.10253800 
0.10257600 
0.10257900 
0.10251500 
0.10267100 
0.10258200 
0.10250100 
0.10247200 
0.10259400 
0.10262800 
0.10244500 
0.10240000 
0.10247400 
0.10237300 
0.10235100 
0.10239800 
0.10247800 
0.10237300 
0.10246000 
0.10256000 
0.10254200 
0.10267200 
0.10262500 
0.10279000 
0.10264200 
0.10267800 
0.10270400 
0.10318500 
0.10335900 
0.10329600 
0.10289700 
0.10279500 
0.10281200 
0.10271500 
0.10285800 
0.10292100 
0.10316700 
0.10301700 
0.10307800 
0.10281400 
0.10286000 
0.10275000 
0.10288200 
0.10284300 
0.10279000 
0.10279200 
0.10282500 
0.10290900 
0.10312200 
0.10310200 
0.10324600 
0.10309600 
0.10312300 
0.10320000 
0.10308200 
0.10320500 
0.10334000 
0.10322700 
0.10305100 
0.10308400 
0.10307400 
0.10288100 
0.10305900 
0.10297500 
0.10294500 
0.10286000 
0.10280200 
0.10289000 
0.10279500 
0.10274500 
0.10283900 
0.10284000 
0.10280300 
0.10273100 
0.10302000 
0.10305400 
0.10299900 
0.10299200 
0.10305200 
0.10300000 
0.10304000 
0.10289300 
0.10300500 
0.10320300 
0.10315300 
0.10322700 
0.10331100 
0.10330900 
0.10339800 
0.10329900 
0.10325100 
0.10343700 
0.10339000 
0.10347500 
0.10358300 
0.10350100 
0.10361900 
0.10359000 
0.10360300 
0.10365000 
0.10365100 
0.10368600 
0.10368800 
0.10369000 
0.10379700 
0.10370200 
0.10379700 
0.10379200 
0.10368100 
0.10368300 
0.10380700 
0.10377900 
0.10368100 
0.10377400 
0.10370700 
0.10369200 
0.10378200 
0.10378300 
0.10378200 
0.10378600 
0.10378300 
0.10378200 
0.10389600 
0.10386200 
0.10378400 
0.10387400 
0.10385800 
0.10385900 
0.10372900 
0.10369800 
0.10369800 
0.10362100 
0.10373000 
0.10362300 
0.10366500 
0.10376000 
0.10367400 
0.10367100 
0.10365100 
0.10357200 
0.10353400 
0.10354000 
0.10355400 
0.10368000 
0.10357200 
0.10366100 
0.10371400 
0.10371700 
0.10371800 
0.10371700 
0.10371900 
0.10371800 
0.10371700 
0.10371700 
0.10381200 
0.10371700 
0.10371700 
0.10373800 
0.10390000 
0.10384500 
0.10371700 
0.10371700 
0.10360800 
0.10375600 
0.10365000 
0.10389000 
0.10379900 
0.10388500 
0.10378000 
0.10393400 
0.10391400 
0.10389600 
0.10381400 
0.10391900 
0.10378200 
0.10372800 
0.10364400 
0.10368200 
0.10378200 
0.10366000 
0.10370500 
0.10353100 
0.10379400 
0.10367000 
0.10373900 
0.10363100 
0.10373000 
0.10373100 
0.10368500 
0.10372200 
0.10373600 
0.10370200 
0.10370500 
0.10378400 
0.10379000 
0.10372100 
0.10395500 
0.10384400 
0.10392600 
0.10396200 
0.10384600 
0.10403700 
0.10394900 
0.10392000 
0.10387900 
0.10383100 
0.10395400 
0.10389900 
0.10396900 
0.10392000 
0.10390200 
0.10395200 
0.10419900 
0.10399200 
0.10393900 
0.10385300 
0.10383600 
0.10376200 
0.10376100 
0.10376200 
0.10386900 
0.10389000 
0.10376600 
0.10386200 
0.10376200 
0.10376700 
0.10376500 
0.10387600 
0.10388900 
0.10386500 
0.10387000 
0.10386900 
0.10387000 
0.10381800 
0.10388100 
0.10397400 
0.10398000 
0.10402000 
0.10403100 
0.10402000 
0.10409000 
0.10392200 
0.10399300 
0.10387100 
0.10402500 
0.10410900 
0.10393500 
0.10387600 
0.10386700 
0.10387800 
0.10386900 
0.10380300 
0.10392900 
0.10392700 
0.10383900 
0.10380700 
0.10384900 
0.10377200 
0.10405800 
0.10414000 
0.10412000 
0.10420400 
0.10410100 
0.10424600 
0.10418900 
0.10415000 
0.10405900 
0.10397700 
0.10395700 
0.10396100 
0.10395300 
0.10405700 
0.10406300 
0.10393600 
0.10395500 
0.10391500 
0.10401500 
0.10386400 
0.10403400 
0.10395500 
0.10387300 
0.10399900 
0.10402600 
0.10407700 
0.10408000 
0.10406100 
0.10417000 
0.10413300 
0.10415000 
0.10398500 
0.10398300 
0.10392700 
0.10399300 
0.10401000 
0.10401000 
0.10396700 
0.10398900 
0.10395300 
0.10388300 
0.10384100 
0.10393600 
0.10398900 
0.10400800 
0.10400000 
0.10405000 
0.10420000 
0.10432500 
0.10425600 
0.10432000 
0.10421200 
0.10421000 
0.10430800 
0.10420600 
0.10429300 
0.10442200 
0.10445700 
0.10446900 
0.10454900 
0.10440000 
0.10451000 
0.10464800 
0.10467900 
0.10464000 
0.10467900 
0.10470300 
0.10469900 
0.10452700 
0.10458000 
0.10470800 
0.10462000 
0.10464600 
0.10466600 
0.10470900 
0.10467800 
0.10475000 
0.10467600 
0.10468100 
0.10468500 
0.10474200 
0.10477300 
0.10479400 
0.10461000 
0.10466000 
0.10470900 
0.10470600 
0.10463600 
0.10473000 
0.10466500 
0.10467000 
0.10474000 
0.10462700 
0.10461700 
0.10461000 
0.10460300 
0.10460000 
0.10460500 
0.10464100 
0.10472900 
0.10462600 
0.10476600 
0.10464800 
0.10464700 
0.10481100 
0.10464700 
0.10445400 
0.10455300 
0.10455700 
0.10452500 
0.10457600 
0.10453100 
0.10440900 
0.10440000 
0.10462200 
0.10448100 
0.10458000 
0.10462700 
0.10450500 
0.10460000 
0.10452200 
0.10474100 
0.10465000 
0.10481000 
0.10471900 
0.10460100 
0.10491700 
0.10476100 
0.10471500 
0.10473200 
0.10473500 
0.10478700 
0.10468100 
0.10475400 
0.10477000 
0.10470400 
0.10485600 
0.10479100 
0.10470700 
0.10470200 
0.10481700 
0.10487800 
0.10499900 
0.10486000 
0.10479600 
0.10481700 
0.10478300 
0.10478100 
0.10484200 
0.10482100 
0.10475100 
0.10483400 
0.10487800 
0.10474700 
0.10489600 
0.10502300 
0.10511700 
0.10502400 
0.10513900 
0.10505100 
0.10512900 
0.10513400 
0.10509100 
0.10511000 
0.10500800 
0.10506300 
0.10515500 
0.10505900 
0.10507000 
0.10506400 
0.10516900 
0.10511300 
0.10503500 
0.10514500 
0.10514200 
0.10516000 
0.10505500 
0.10521100 
0.10505800 
0.10514900 
0.10505400 
0.10514900 
0.10505000 
0.10505000 
0.10522700 
0.10525000 
0.10511200 
0.10520900 
0.10509900 
0.10515500 
0.10499900 
0.10498000 
0.10498000 
0.10505700 
0.10494600 
0.10490100 
0.10492000 
0.10491900 
0.10502000 
0.10500000 
0.10517000 
0.10510400 
0.10512300 
0.10511200 
0.10522200 
0.10514700 
0.10512700 
0.10511300 
0.10510500 
0.10510100 
0.10522000 
0.10508100 
0.10523000 
0.10524300 
0.10514700 
0.10513200 
0.10512300 
0.10511500 
0.10520300 
0.10517600 
0.10532200 
0.10522700 
0.10527000 
0.10528400 
0.10531500 
0.10538300 
0.10507500 
0.10513700 
0.10500000 
0.10499100 
0.10498300 
0.10513000 
0.10500400 
0.10501000 
0.10497300 
0.10512800 
0.10512600 
0.10517000 
0.10519600 
0.10514500 
0.10510500 
0.10500800 
0.10496600 
0.10501000 
0.10512500 
0.10515100 
0.10519600 
0.10518900 
0.10523000 
0.10521400 
0.10523800 
0.10527500 
0.10543000 
0.10544900 
0.10522600 
0.10520300 
0.10534000 
0.10531100 
0.10528400 
0.10535500 
0.10533400 
0.10527500 
0.10541500 
0.10537200 
0.10543500 
0.10542000 
0.10546300 
0.10558000 
0.10549300 
0.10540000 
0.10529200 
0.10535900 
0.10525100 
0.10530800 
0.10531800 
0.10516100 
0.10515000 
0.10518400 
0.10518100 
0.10518700 
0.10518100 
0.10524100 
0.10525000 
0.10532200 
0.10533200 
0.10527300 
0.10516000 
0.10516200 
0.10521500 
0.10520400 
0.10520900 
0.10529000 
0.10533400 
0.10533500 
0.10520900 
0.10531400 
0.10523500 
0.10540400 
0.10529500 
0.10535300 
0.10536700 
0.10529300 
0.10518300 
0.10525000 
0.10530000 
0.10534900 
0.10535900 
0.10531500 
0.10534000 
0.10539200 
0.10568000 
0.10560000 
0.10579500 
0.10585500 
0.10598000 
0.10580000 
0.10597300 
0.10588100 
0.10590000 
0.10578400 
0.10588900 
0.10575900 
0.10574000 
0.10589000 
0.10575300 
0.10596800 
0.10597400 
0.10594500 
0.10591000 
0.10586700 
0.10586900 
0.10586900 
0.10573500 
0.10571500 
0.10582400 
0.10584900 
0.10571500 
0.10579100 
0.10581700 
0.10560500 
0.10566900 
0.10561300 
0.10573000 
0.10573000 
0.10564600 
0.10574700 
0.10556400 
0.10563600 
0.10560700 
0.10553700 
0.10547000 
0.10565700 
0.10553100 
0.10560600 
0.10559600 
0.10560400 
0.10561000 
0.10553000 
0.10565500 
0.10555300 
0.10550300 
0.10557500 
0.10551600 
0.10549900 
0.10545200 
0.10554400 
0.10545000 
0.10561900 
0.10555000 
0.10551500 
0.10562300 
0.10559800 
0.10550000 
0.10550800 
0.10546000 
0.10553500 
0.10557500 
0.10545700 
0.10554500 
0.10558100 
0.10557500 
0.10559000 
0.10556200 
0.10574700 
0.10567000 
0.10567400 
0.10561100 
0.10568200 
0.10566000 
0.10572400 
0.10562600 
0.10565000 
0.10558500 
0.10561600 
0.10560300 
0.10556500 
0.10548200 
0.10557500 
0.10557800 
0.10547400 
0.10547700 
0.10554900 
0.10552800 
0.10564000 
0.10563900 
0.10562000 
0.10562500 
0.10552800 
0.10563800 
0.10563000 
0.10561100 
0.10553200 
0.10546700 
0.10540400 
0.10547800 
0.10547600 
0.10543100 
0.10555400 
0.10544000 
0.10557900 
0.10558400 
0.10548300 
0.10554200 
0.10554400 
0.10563800 
0.10553700 
0.10548000 
0.10556200 
0.10557100 
0.10555300 
0.10576000 
0.10566300 
0.10574200 
0.10566100 
0.10564200 
0.10565000 
0.10560400 
0.10556500 
0.10549600 
0.10555000 
0.10550000 
0.10560000 
0.10559900 
0.10551100 
0.10552000 
0.10561500 
0.10561500 
0.10574800 
0.10570100 
0.10570000 
0.10575800 
0.10566500 
0.10578300 
0.10559800 
0.10557400 
0.10554300 
0.10561900 
0.10561800 
0.10559700 
0.10569000 
0.10543400 
0.10540000 
0.10536700 
0.10543500 
0.10539000 
0.10545200 
0.10532900 
0.10531900 
0.10548000 
0.10540000 
0.10533300 
0.10527100 
0.10521200 
0.10525900 
0.10515600 
0.10500100 
0.10507800 
0.10491500 
0.10500600 
0.10491100 
0.10504000 
0.10505500 
0.10502600 
0.10515200 
0.10506000 
0.10513500 
0.10509200 
0.10514800 
0.10509900 
0.10509500 
0.10508900 
0.10510000 
