0.00023309 
0.00023306 
0.00023385 
0.00023504 
0.00023500 
0.00023396 
0.00023385 
0.00023259 
0.00023416 
0.00023396 
0.00023541 
0.00023594 
0.00023502 
0.00023501 
0.00023467 
0.00023479 
0.00023494 
0.00023607 
0.00023506 
0.00023569 
0.00023066 
0.00023026 
0.00022794 
0.00022793 
0.00022794 
0.00022793 
0.00022793 
0.00022794 
0.00022794 
0.00022777 
0.00022777 
0.00022777 
0.00022696 
0.00022686 
0.00022685 
0.00022685 
0.00022685 
0.00022678 
0.00022693 
0.00022699 
0.00022699 
0.00022696 
0.00022634 
0.00022480 
0.00022547 
0.00022480 
0.00022497 
0.00022480 
0.00022497 
0.00022478 
0.00022478 
0.00022705 
0.00022706 
0.00022732 
0.00022675 
0.00022637 
0.00022748 
0.00022748 
0.00022723 
0.00022724 
0.00022638 
0.00022641 
0.00022646 
0.00022774 
0.00022774 
0.00022639 
0.00022640 
0.00022644 
0.00022644 
0.00022644 
0.00022638 
0.00022642 
0.00022642 
0.00022638 
0.00022638 
0.00022638 
0.00022640 
0.00022641 
0.00022678 
0.00022813 
0.00022813 
0.00022638 
0.00022638 
0.00022817 
0.00022817 
0.00022817 
0.00022679 
0.00022629 
0.00022617 
0.00022617 
0.00022621 
0.00022622 
0.00022618 
0.00022840 
0.00022743 
0.00022992 
0.00022902 
0.00023009 
0.00022903 
0.00022903 
0.00022903 
0.00023026 
0.00023030 
0.00023000 
0.00023000 
0.00023000 
0.00022999 
0.00022903 
0.00022902 
0.00022675 
0.00022675 
0.00022700 
0.00022931 
0.00022674 
0.00022942 
0.00022620 
0.00022753 
0.00022984 
0.00022985 
0.00022770 
0.00023031 
0.00022817 
0.00022800 
0.00022799 
0.00023010 
0.00022916 
0.00022666 
0.00022604 
0.00022534 
0.00022533 
0.00022533 
0.00022310 
0.00022359 
0.00022369 
0.00022314 
0.00022436 
0.00022343 
0.00022269 
0.00022178 
0.00022177 
0.00022180 
0.00022200 
0.00021871 
0.00021992 
0.00021991 
0.00022011 
0.00022150 
0.00022205 
0.00022205 
0.00022222 
0.00022205 
0.00022205 
0.00022222 
0.00022205 
0.00022206 
0.00021900 
0.00021849 
0.00021832 
0.00021731 
0.00021696 
0.00021823 
0.00021800 
0.00022055 
0.00022030 
0.00022070 
0.00022064 
0.00022021 
0.00022063 
0.00022000 
0.00021958 
0.00021858 
0.00021956 
0.00021956 
0.00021955 
0.00021941 
0.00021941 
0.00021771 
0.00021469 
0.00021290 
0.00021480 
0.00021443 
0.00021359 
0.00021592 
0.00021576 
0.00021237 
0.00021048 
0.00021048 
0.00021250 
0.00021233 
0.00021026 
0.00021052 
0.00021000 
0.00021147 
0.00021033 
0.00021220 
0.00021220 
0.00021214 
0.00021214 
0.00021213 
0.00021002 
0.00021001 
0.00021029 
0.00021265 
0.00021131 
0.00021370 
0.00021357 
0.00021346 
0.00021345 
0.00021230 
0.00021346 
0.00021346 
0.00021241 
0.00021241 
0.00021565 
0.00021565 
0.00021643 
0.00021644 
0.00021642 
0.00021666 
0.00021867 
0.00021870 
0.00021687 
0.00021706 
0.00021687 
0.00021887 
0.00021886 
0.00021925 
0.00021957 
0.00021961 
0.00021628 
0.00021536 
0.00021443 
0.00021444 
0.00021444 
0.00021421 
0.00021214 
0.00021560 
0.00021287 
0.00021500 
0.00021500 
0.00021483 
0.00021241 
0.00021222 
0.00021254 
0.00021251 
0.00021251 
0.00021251 
0.00021094 
0.00020832 
0.00021098 
0.00020853 
0.00020905 
0.00020909 
0.00020933 
0.00020757 
0.00020956 
0.00020755 
0.00020633 
0.00020861 
0.00020617 
0.00020617 
0.00020424 
0.00020615 
0.00020414 
0.00020388 
0.00020325 
0.00020653 
0.00020613 
0.00020889 
0.00020720 
0.00020720 
0.00020428 
0.00020742 
0.00020539 
0.00020438 
0.00020438 
0.00020540 
0.00020940 
0.00020940 
0.00020940 
0.00020973 
0.00020992 
0.00020992 
0.00020991 
0.00020991 
0.00020991 
0.00021210 
0.00020952 
0.00020953 
0.00020921 
0.00020790 
0.00020789 
0.00020715 
0.00020539 
0.00020471 
0.00020470 
0.00020479 
0.00020550 
0.00020735 
0.00020735 
0.00020844 
0.00020999 
0.00021137 
0.00021138 
0.00021139 
0.00021240 
0.00021279 
0.00021157 
0.00021381 
0.00021374 
0.00021362 
0.00021499 
0.00021425 
0.00021425 
0.00020976 
0.00020868 
0.00020870 
0.00020363 
0.00020363 
0.00020350 
0.00020311 
0.00020363 
0.00020008 
0.00020394 
0.00020400 
0.00020626 
0.00020229 
0.00020270 
0.00020352 
0.00020210 
0.00020411 
0.00020351 
0.00020458 
0.00020691 
0.00020752 
0.00020759 
0.00020839 
0.00020843 
0.00020908 
0.00020866 
0.00020866 
0.00020854 
0.00020986 
0.00021138 
0.00021118 
0.00021209 
0.00020950 
0.00020950 
0.00021209 
0.00021209 
0.00021208 
0.00021348 
0.00021418 
0.00021372 
0.00020981 
0.00020982 
0.00021122 
0.00021330 
0.00021346 
0.00021122 
0.00021374 
0.00021453 
0.00021323 
0.00021937 
0.00021452 
0.00022462 
0.00022246 
0.00022440 
0.00022418 
0.00022408 
0.00022289 
0.00022288 
0.00021923 
0.00021912 
0.00021802 
0.00022133 
0.00022000 
0.00022284 
0.00022508 
0.00022508 
0.00021735 
0.00022104 
0.00022506 
0.00022505 
0.00022314 
0.00022521 
0.00022521 
0.00022521 
0.00022128 
0.00022500 
0.00022500 
0.00022319 
0.00022365 
0.00022205 
0.00022329 
0.00022328 
0.00022328 
0.00022236 
0.00022250 
0.00022249 
0.00022300 
0.00022697 
0.00022542 
0.00022568 
0.00022568 
0.00022568 
0.00022568 
0.00022546 
0.00022606 
0.00022688 
0.00022514 
0.00022376 
0.00022515 
0.00022515 
0.00022515 
0.00022515 
0.00022515 
0.00022652 
0.00022505 
0.00022489 
0.00022623 
0.00022552 
0.00022545 
0.00022547 
0.00022547 
0.00022547 
0.00022547 
0.00022547 
0.00022547 
0.00022285 
0.00022271 
0.00022345 
0.00022553 
0.00022372 
0.00022475 
0.00022420 
0.00022396 
0.00022395 
0.00022267 
0.00022294 
0.00022294 
0.00022529 
0.00022267 
0.00022626 
0.00022833 
0.00022602 
0.00022823 
0.00022837 
0.00022897 
0.00022897 
0.00022897 
0.00022897 
0.00022911 
0.00023064 
0.00023065 
0.00023029 
0.00022877 
0.00022669 
0.00022669 
0.00022695 
0.00022979 
0.00022833 
0.00023087 
0.00023291 
0.00023242 
0.00023237 
0.00022428 
0.00022316 
0.00022316 
0.00022316 
0.00022316 
0.00022379 
0.00022599 
0.00022731 
0.00022724 
0.00022500 
0.00022500 
0.00022604 
0.00022604 
0.00022401 
0.00023309 
0.00023306 
0.00023385 
0.00023504 
0.00023500 
0.00023396 
0.00023385 
0.00023259 
0.00023416 
0.00023396 
0.00023541 
0.00023594 
0.00023502 
0.00023501 
0.00023467 
0.00023479 
0.00023494 
0.00023607 
0.00023506 
0.00023569 
0.00023066 
0.00023026 
0.00022794 
0.00022793 
0.00022794 
0.00022793 
0.00022793 
0.00022794 
0.00022794 
0.00022777 
0.00022777 
0.00022777 
0.00022696 
0.00022686 
0.00022685 
0.00022685 
0.00022685 
0.00022678 
0.00022693 
0.00022699 
0.00022699 
0.00022696 
0.00022634 
0.00022480 
0.00022547 
0.00022480 
0.00022497 
0.00022480 
0.00022497 
0.00022478 
0.00022478 
0.00022705 
0.00022706 
0.00022732 
0.00022675 
0.00022637 
0.00022748 
0.00022748 
0.00022723 
0.00022724 
0.00022638 
0.00022641 
0.00022646 
0.00022774 
0.00022774 
0.00022639 
0.00022640 
0.00022644 
0.00022644 
0.00022644 
0.00022638 
0.00022642 
0.00022642 
0.00022638 
0.00022638 
0.00022638 
0.00022640 
0.00022641 
0.00022678 
0.00022813 
0.00022813 
0.00022638 
0.00022638 
0.00022817 
0.00022817 
0.00022817 
0.00022679 
0.00022629 
0.00022617 
0.00022617 
0.00022621 
0.00022622 
0.00022618 
0.00022840 
0.00022743 
0.00022992 
0.00022902 
0.00023009 
0.00022903 
0.00022903 
0.00022903 
0.00023026 
0.00023030 
0.00023000 
0.00023000 
0.00023000 
0.00022999 
0.00022903 
0.00022902 
0.00022675 
0.00022675 
0.00022700 
0.00022931 
0.00022674 
0.00022942 
0.00022620 
0.00022753 
0.00022984 
0.00022985 
0.00022770 
0.00023031 
0.00022817 
0.00022800 
0.00022799 
0.00023010 
0.00022916 
0.00022666 
0.00022604 
0.00022534 
0.00022533 
0.00022533 
0.00022310 
0.00022359 
0.00022369 
0.00022314 
0.00022436 
0.00022343 
0.00022269 
0.00022178 
0.00022177 
0.00022180 
0.00022200 
0.00021871 
0.00021992 
0.00021991 
0.00022011 
0.00022150 
0.00022205 
0.00022205 
0.00022222 
0.00022205 
0.00022205 
0.00022222 
0.00022205 
0.00022206 
0.00021900 
0.00021849 
0.00021832 
0.00021731 
0.00021696 
0.00021823 
0.00021800 
0.00022055 
0.00022030 
0.00022070 
0.00022064 
0.00022021 
0.00022063 
0.00022000 
0.00021958 
0.00021858 
0.00021956 
0.00021956 
0.00021955 
0.00021941 
0.00021941 
0.00021771 
0.00021469 
0.00021290 
0.00021480 
0.00021443 
0.00021359 
0.00021592 
0.00021576 
0.00021237 
0.00021048 
0.00021048 
0.00021250 
0.00021233 
0.00021026 
0.00021052 
0.00021000 
0.00021147 
0.00021033 
0.00021220 
0.00021220 
0.00021214 
0.00021214 
0.00021213 
0.00021002 
0.00021001 
0.00021029 
0.00021265 
0.00021131 
0.00021370 
0.00021357 
0.00021346 
0.00021345 
0.00021230 
0.00021346 
0.00021346 
0.00021241 
0.00021241 
0.00021565 
0.00021565 
0.00021643 
0.00021644 
0.00021642 
0.00021666 
0.00021867 
0.00021870 
0.00021687 
0.00021706 
0.00021687 
0.00021887 
0.00021886 
0.00021925 
0.00021957 
0.00021961 
0.00021628 
0.00021536 
0.00021443 
0.00021444 
0.00021444 
0.00021421 
0.00021214 
0.00021560 
0.00021287 
0.00021500 
0.00021500 
0.00021483 
0.00021241 
0.00021222 
0.00021254 
0.00021251 
0.00021251 
0.00021251 
0.00021094 
0.00020832 
0.00021098 
0.00020853 
0.00020905 
0.00020909 
0.00020933 
0.00020757 
0.00020956 
0.00020755 
0.00020633 
0.00020861 
0.00020617 
0.00020617 
0.00020424 
0.00020615 
0.00020414 
0.00020388 
0.00020325 
0.00020653 
0.00020613 
0.00020889 
0.00020720 
0.00020720 
0.00020428 
0.00020742 
0.00020539 
0.00020438 
0.00020438 
0.00020540 
0.00020940 
0.00020940 
0.00020940 
0.00020973 
0.00020992 
0.00020992 
0.00020991 
0.00020991 
0.00020991 
0.00021210 
0.00020952 
0.00020953 
0.00020921 
0.00020790 
0.00020789 
0.00020715 
0.00020539 
0.00020471 
0.00020470 
0.00020479 
0.00020550 
0.00020735 
0.00020735 
0.00020844 
0.00020999 
0.00021137 
0.00021138 
0.00021139 
0.00021240 
0.00021279 
0.00021157 
0.00021381 
0.00021374 
0.00021362 
0.00021499 
0.00021425 
0.00021425 
0.00020976 
0.00020868 
0.00020870 
0.00020363 
0.00020363 
0.00020350 
0.00020311 
0.00020363 
0.00020008 
0.00020394 
0.00020400 
0.00020626 
0.00020229 
0.00020270 
0.00020352 
0.00020210 
0.00020411 
0.00020351 
0.00020458 
0.00020691 
0.00020752 
0.00020759 
0.00020839 
0.00020843 
0.00020908 
0.00020866 
0.00020866 
0.00020854 
0.00020986 
0.00021138 
0.00021118 
0.00021209 
0.00020950 
0.00020950 
0.00021209 
0.00021209 
0.00021208 
0.00021348 
0.00021418 
0.00021372 
0.00020981 
0.00020982 
0.00021122 
0.00021330 
0.00021346 
0.00021122 
0.00021374 
0.00021453 
0.00021323 
0.00021937 
0.00021452 
0.00022462 
0.00022246 
0.00022440 
0.00022418 
0.00022408 
0.00022289 
0.00022288 
0.00021923 
0.00021912 
0.00021802 
0.00022133 
0.00022000 
0.00022284 
0.00022508 
0.00022508 
0.00021735 
0.00022104 
0.00022506 
0.00022505 
0.00022314 
0.00022521 
0.00022521 
0.00022521 
0.00022128 
0.00022500 
0.00022500 
0.00022319 
0.00022365 
0.00022205 
0.00022329 
0.00022328 
0.00022328 
0.00022236 
0.00022250 
0.00022249 
0.00022300 
0.00022697 
0.00022542 
0.00022568 
0.00022568 
0.00022568 
0.00022568 
0.00022546 
0.00022606 
0.00022688 
0.00022514 
0.00022376 
0.00022515 
0.00022515 
0.00022515 
0.00022515 
0.00022515 
0.00022652 
0.00022505 
0.00022489 
0.00022623 
0.00022552 
0.00022545 
0.00022547 
0.00022547 
0.00022547 
0.00022547 
0.00022547 
0.00022547 
0.00022285 
0.00022271 
0.00022345 
0.00022553 
0.00022372 
0.00022475 
0.00022420 
0.00022396 
0.00022395 
0.00022267 
0.00022294 
0.00022294 
0.00022529 
0.00022267 
0.00022626 
0.00022833 
0.00022602 
0.00022823 
0.00022837 
0.00022897 
0.00022897 
0.00022897 
0.00022897 
0.00022911 
0.00023064 
0.00023065 
0.00023029 
0.00022877 
0.00022669 
0.00022669 
0.00022695 
0.00022979 
0.00022833 
0.00023087 
0.00023291 
0.00023242 
0.00023237 
0.00022428 
0.00022316 
0.00022316 
0.00022316 
0.00022316 
0.00022379 
0.00022599 
0.00022731 
0.00022724 
0.00022500 
0.00022500 
0.00022604 
0.00022604 
0.00022401 
0.00023309 
0.00023306 
0.00023385 
0.00023504 
0.00023500 
0.00023396 
0.00023385 
0.00023259 
0.00023416 
0.00023396 
0.00023541 
0.00023594 
0.00023502 
0.00023501 
0.00023467 
0.00023479 
0.00023494 
0.00023607 
0.00023506 
0.00023569 
0.00023066 
0.00023026 
0.00022794 
0.00022793 
0.00022794 
0.00022793 
0.00022793 
0.00022794 
0.00022794 
0.00022777 
0.00022777 
0.00022777 
0.00022696 
0.00022686 
0.00022685 
0.00022685 
0.00022685 
0.00022678 
0.00022693 
0.00022699 
0.00022699 
0.00022696 
0.00022634 
0.00022480 
0.00022547 
0.00022480 
0.00022497 
0.00022480 
0.00022497 
0.00022478 
0.00022478 
0.00022705 
0.00022706 
0.00022732 
0.00022675 
0.00022637 
0.00022748 
0.00022748 
0.00022723 
0.00022724 
0.00022638 
0.00022641 
0.00022646 
0.00022774 
0.00022774 
0.00022639 
0.00022640 
0.00022644 
0.00022644 
0.00022644 
0.00022638 
0.00022642 
0.00022642 
0.00022638 
0.00022638 
0.00022638 
0.00022640 
0.00022641 
0.00022678 
0.00022813 
0.00022813 
0.00022638 
0.00022638 
0.00022817 
0.00022817 
0.00022817 
0.00022679 
0.00022629 
0.00022617 
0.00022617 
0.00022621 
0.00022622 
0.00022618 
0.00022840 
0.00022743 
0.00022992 
0.00022902 
0.00023009 
0.00022903 
0.00022903 
0.00022903 
0.00023026 
0.00023030 
0.00023000 
0.00023000 
0.00023000 
0.00022999 
0.00022903 
0.00022902 
0.00022675 
0.00022675 
0.00022700 
0.00022931 
0.00022674 
0.00022942 
0.00022620 
0.00022753 
0.00022984 
0.00022985 
0.00022770 
0.00023031 
0.00022817 
0.00022800 
0.00022799 
0.00023010 
0.00022916 
0.00022666 
0.00022604 
0.00022534 
0.00022533 
0.00022533 
0.00022310 
0.00022359 
0.00022369 
0.00022314 
0.00022436 
0.00022343 
0.00022269 
0.00022178 
0.00022177 
0.00022180 
0.00022200 
0.00021871 
0.00021992 
0.00021991 
0.00022011 
0.00022150 
0.00022205 
0.00022205 
0.00022222 
0.00022205 
0.00022205 
0.00022222 
0.00022205 
0.00022206 
0.00021900 
0.00021849 
0.00021832 
0.00021731 
0.00021696 
0.00021823 
0.00021800 
0.00022055 
0.00022030 
0.00022070 
0.00022064 
0.00022021 
0.00022063 
0.00022000 
0.00021958 
0.00021858 
0.00021956 
0.00021956 
0.00021955 
0.00021941 
0.00021941 
0.00021771 
0.00021469 
0.00021290 
0.00021480 
0.00021443 
0.00021359 
0.00021592 
0.00021576 
0.00021237 
0.00021048 
0.00021048 
0.00021250 
0.00021233 
0.00021026 
0.00021052 
0.00021000 
0.00021147 
0.00021033 
0.00021220 
0.00021220 
0.00021214 
0.00021214 
0.00021213 
0.00021002 
0.00021001 
0.00021029 
0.00021265 
0.00021131 
0.00021370 
0.00021357 
0.00021346 
0.00021345 
0.00021230 
0.00021346 
0.00021346 
0.00021241 
0.00021241 
0.00021565 
0.00021565 
0.00021643 
0.00021644 
0.00021642 
0.00021666 
0.00021867 
0.00021870 
0.00021687 
0.00021706 
0.00021687 
0.00021887 
0.00021886 
0.00021925 
0.00021957 
0.00021961 
0.00021628 
0.00021536 
0.00021443 
0.00021444 
0.00021444 
0.00021421 
0.00021214 
0.00021560 
0.00021287 
0.00021500 
0.00021500 
0.00021483 
0.00021241 
0.00021222 
0.00021254 
0.00021251 
0.00021251 
0.00021251 
0.00021094 
0.00020832 
0.00021098 
0.00020853 
0.00020905 
0.00020909 
0.00020933 
0.00020757 
0.00020956 
0.00020755 
0.00020633 
0.00020861 
0.00020617 
0.00020617 
0.00020424 
0.00020615 
0.00020414 
0.00020388 
0.00020325 
0.00020653 
0.00020613 
0.00020889 
0.00020720 
0.00020720 
0.00020428 
0.00020742 
0.00020539 
0.00020438 
0.00020438 
0.00020540 
0.00020940 
0.00020940 
0.00020940 
0.00020973 
0.00020992 
0.00020992 
0.00020991 
0.00020991 
0.00020991 
0.00021210 
0.00020952 
0.00020953 
0.00020921 
0.00020790 
0.00020789 
0.00020715 
0.00020539 
0.00020471 
0.00020470 
0.00020479 
0.00020550 
0.00020735 
0.00020735 
0.00020844 
0.00020999 
0.00021137 
0.00021138 
0.00021139 
0.00021240 
0.00021279 
0.00021157 
0.00021381 
0.00021374 
0.00021362 
0.00021499 
0.00021425 
0.00021425 
0.00020976 
0.00020868 
0.00020870 
0.00020363 
0.00020363 
0.00020350 
0.00020311 
0.00020363 
0.00020008 
0.00020394 
0.00020400 
0.00020626 
0.00020229 
0.00020270 
0.00020352 
0.00020210 
0.00020411 
0.00020351 
0.00020458 
0.00020691 
0.00020752 
0.00020759 
0.00020839 
0.00020843 
0.00020908 
0.00020866 
0.00020866 
0.00020854 
0.00020986 
0.00021138 
0.00021118 
0.00021209 
0.00020950 
0.00020950 
0.00021209 
0.00021209 
0.00021208 
0.00021348 
0.00021418 
0.00021372 
0.00020981 
0.00020982 
0.00021122 
0.00021330 
0.00021346 
0.00021122 
0.00021374 
0.00021453 
0.00021323 
0.00021937 
0.00021452 
0.00022462 
0.00022246 
0.00022440 
0.00022418 
0.00022408 
0.00022289 
0.00022288 
0.00021923 
0.00021912 
0.00021802 
0.00022133 
0.00022000 
0.00022284 
0.00022508 
0.00022508 
0.00021735 
0.00022104 
0.00022506 
0.00022505 
0.00022314 
0.00022521 
0.00022521 
0.00022521 
0.00022128 
0.00022500 
0.00022500 
0.00022319 
0.00022365 
0.00022205 
0.00022329 
0.00022328 
0.00022328 
0.00022236 
0.00022250 
0.00022249 
0.00022300 
0.00022697 
0.00022542 
0.00022568 
0.00022568 
0.00022568 
0.00022568 
0.00022546 
0.00022606 
0.00022688 
0.00022514 
0.00022376 
0.00022515 
0.00022515 
0.00022515 
0.00022515 
0.00022515 
0.00022652 
0.00022505 
0.00022489 
0.00022623 
0.00022552 
0.00022545 
0.00022547 
0.00022547 
0.00022547 
0.00022547 
0.00022547 
0.00022547 
0.00022285 
0.00022271 
0.00022345 
0.00022553 
0.00022372 
0.00022475 
0.00022420 
0.00022396 
0.00022395 
0.00022267 
0.00022294 
0.00022294 
0.00022529 
0.00022267 
0.00022626 
0.00022833 
0.00022602 
0.00022823 
0.00022837 
0.00022897 
0.00022897 
0.00022897 
0.00022897 
0.00022911 
0.00023064 
0.00023065 
0.00023029 
0.00022877 
0.00022669 
0.00022669 
0.00022695 
0.00022979 
0.00022833 
0.00023087 
0.00023291 
0.00023242 
0.00023237 
0.00022428 
0.00022316 
0.00022316 
0.00022316 
0.00022316 
0.00022379 
0.00022599 
0.00022731 
0.00022724 
0.00022500 
0.00022500 
0.00022604 
0.00022604 
0.00022401 
