0.00023311 
0.00023303 
0.00023306 
0.00023501 
0.00023502 
0.00023621 
0.00023385 
0.00023324 
0.00023097 
0.00023184 
0.00023396 
0.00023594 
0.00023594 
0.00023502 
0.00023508 
0.00024003 
0.00023482 
0.00023310 
0.00023607 
0.00023401 
0.00023400 
0.00023059 
0.00022999 
0.00022793 
0.00022793 
0.00022794 
0.00022793 
0.00022793 
0.00022778 
0.00022777 
0.00022777 
0.00022790 
0.00022709 
0.00022696 
0.00022696 
0.00022685 
0.00022685 
0.00022685 
0.00022675 
0.00022696 
0.00022699 
0.00022699 
0.00022484 
0.00022480 
0.00022480 
0.00022480 
0.00022480 
0.00022480 
0.00022480 
0.00022478 
0.00022478 
0.00022479 
0.00022716 
0.00022617 
0.00022640 
0.00022732 
0.00022748 
0.00022748 
0.00022756 
0.00022724 
0.00022724 
0.00022739 
0.00022765 
0.00022774 
0.00022774 
0.00022774 
0.00022639 
0.00022644 
0.00022644 
0.00022644 
0.00022644 
0.00022642 
0.00022642 
0.00022638 
0.00022638 
0.00022638 
0.00022640 
0.00022638 
0.00022641 
0.00022665 
0.00022813 
0.00022814 
0.00022638 
0.00022817 
0.00022817 
0.00022817 
0.00022817 
0.00022772 
0.00022617 
0.00022617 
0.00022621 
0.00022797 
0.00022842 
0.00022840 
0.00022741 
0.00022979 
0.00022902 
0.00022902 
0.00023008 
0.00022903 
0.00022903 
0.00023026 
0.00022903 
0.00023000 
0.00023000 
0.00023000 
0.00023000 
0.00023034 
0.00023024 
0.00022675 
0.00022675 
0.00022675 
0.00022703 
0.00022934 
0.00022674 
0.00022942 
0.00022753 
0.00022753 
0.00022985 
0.00022979 
0.00022770 
0.00023036 
0.00022800 
0.00022800 
0.00022650 
0.00023010 
0.00022917 
0.00022642 
0.00023175 
0.00022533 
0.00022533 
0.00022534 
0.00022359 
0.00022359 
0.00022314 
0.00022500 
0.00022494 
0.00022343 
0.00022178 
0.00022178 
0.00022177 
0.00021917 
0.00021922 
0.00021900 
0.00021991 
0.00021991 
0.00022271 
0.00022150 
0.00022205 
0.00022205 
0.00022222 
0.00022205 
0.00022205 
0.00022205 
0.00022206 
0.00022206 
0.00021900 
0.00021700 
0.00021729 
0.00021798 
0.00021633 
0.00021802 
0.00022051 
0.00022030 
0.00022060 
0.00022063 
0.00022063 
0.00022063 
0.00022021 
0.00022000 
0.00021957 
0.00021843 
0.00021956 
0.00021956 
0.00021695 
0.00021941 
0.00021938 
0.00021768 
0.00021475 
0.00021287 
0.00021412 
0.00021225 
0.00021508 
0.00021866 
0.00021441 
0.00021048 
0.00021048 
0.00021048 
0.00021250 
0.00021035 
0.00021239 
0.00021000 
0.00021083 
0.00021207 
0.00021220 
0.00021220 
0.00021221 
0.00021214 
0.00021214 
0.00021002 
0.00021002 
0.00021029 
0.00021268 
0.00021387 
0.00021028 
0.00021357 
0.00021346 
0.00021640 
0.00021230 
0.00021230 
0.00021346 
0.00021459 
0.00021241 
0.00021565 
0.00021565 
0.00021804 
0.00021850 
0.00021642 
0.00021642 
0.00021666 
0.00021870 
0.00021709 
0.00021708 
0.00021687 
0.00021696 
0.00021887 
0.00021927 
0.00021928 
0.00021960 
0.00021965 
0.00021567 
0.00021998 
0.00021443 
0.00021620 
0.00021673 
0.00021310 
0.00022000 
0.00021558 
0.00021500 
0.00021500 
0.00021500 
0.00021499 
0.00021222 
0.00021480 
0.00021254 
0.00021251 
0.00021251 
0.00021100 
0.00020832 
0.00020832 
0.00021096 
0.00020544 
0.00020909 
0.00020909 
0.00020933 
0.00020756 
0.00020755 
0.00020633 
0.00020633 
0.00020618 
0.00020617 
0.00020615 
0.00020615 
0.00020414 
0.00020414 
0.00020327 
0.00020262 
0.00020612 
0.00020577 
0.00020889 
0.00020720 
0.00020720 
0.00020598 
0.00020540 
0.00020539 
0.00020438 
0.00020540 
0.00020540 
0.00020940 
0.00020969 
0.00020973 
0.00020973 
0.00021074 
0.00020991 
0.00020991 
0.00020991 
0.00020991 
0.00021272 
0.00020952 
0.00020952 
0.00020790 
0.00020790 
0.00020544 
0.00020540 
0.00020539 
0.00020471 
0.00020479 
0.00020550 
0.00020735 
0.00020735 
0.00020550 
0.00020471 
0.00020571 
0.00021137 
0.00021139 
0.00021240 
0.00021286 
0.00021443 
0.00021136 
0.00021383 
0.00021374 
0.00021499 
0.00021484 
0.00021425 
0.00021425 
0.00020975 
0.00020870 
0.00020870 
0.00020363 
0.00020348 
0.00020357 
0.00020328 
0.00020008 
0.00020008 
0.00020394 
0.00020392 
0.00020369 
0.00020229 
0.00020253 
0.00020371 
0.00020407 
0.00020411 
0.00020200 
0.00020458 
0.00020759 
0.00020759 
0.00020759 
0.00020760 
0.00020877 
0.00020866 
0.00020866 
0.00021393 
0.00020987 
0.00021050 
0.00021118 
0.00021427 
0.00020950 
0.00020950 
0.00021209 
0.00021209 
0.00021208 
0.00021348 
0.00021393 
0.00021427 
0.00020981 
0.00020981 
0.00020982 
0.00020702 
0.00021101 
0.00021403 
0.00021125 
0.00021780 
0.00021125 
0.00021569 
0.00021452 
0.00021533 
0.00022463 
0.00022245 
0.00022418 
0.00022418 
0.00022045 
0.00022289 
0.00022045 
0.00021912 
0.00021912 
0.00022133 
0.00022196 
0.00022253 
0.00022508 
0.00022508 
0.00022508 
0.00021671 
0.00022141 
0.00022505 
0.00022504 
0.00022521 
0.00022521 
0.00022521 
0.00022521 
0.00022500 
0.00022500 
0.00022469 
0.00022478 
0.00022205 
0.00022205 
0.00022329 
0.00022328 
0.00022328 
0.00022329 
0.00022249 
0.00022288 
0.00022303 
0.00022568 
0.00022542 
0.00022568 
0.00022568 
0.00022568 
0.00022565 
0.00022554 
0.00022620 
0.00022359 
0.00022376 
0.00022515 
0.00022515 
0.00022515 
0.00022515 
0.00022515 
0.00022652 
0.00022652 
0.00022488 
0.00022773 
0.00022623 
0.00022546 
0.00022545 
0.00022547 
0.00022547 
0.00022547 
0.00022547 
0.00022547 
0.00022473 
0.00022271 
0.00022271 
0.00022553 
0.00022372 
0.00022555 
0.00022394 
0.00022259 
0.00022396 
0.00022458 
0.00022515 
0.00022294 
0.00022294 
0.00022544 
0.00022570 
0.00022623 
0.00022776 
0.00022847 
0.00022836 
0.00022897 
0.00022897 
0.00022897 
0.00022897 
0.00022898 
0.00022899 
0.00023065 
0.00023085 
0.00023310 
0.00022669 
0.00022669 
0.00022669 
0.00022978 
0.00022833 
0.00022665 
0.00023310 
0.00023242 
0.00023242 
0.00022583 
0.00022316 
0.00022316 
0.00022316 
0.00022316 
0.00022316 
0.00022379 
0.00022719 
0.00022729 
0.00022450 
0.00022499 
0.00022604 
0.00022604 
0.00022613 
0.00023311 
0.00023303 
0.00023306 
0.00023501 
0.00023502 
0.00023621 
0.00023385 
0.00023324 
0.00023097 
0.00023184 
0.00023396 
0.00023594 
0.00023594 
0.00023502 
0.00023508 
0.00024003 
0.00023482 
0.00023310 
0.00023607 
0.00023401 
0.00023400 
0.00023059 
0.00022999 
0.00022793 
0.00022793 
0.00022794 
0.00022793 
0.00022793 
0.00022778 
0.00022777 
0.00022777 
0.00022790 
0.00022709 
0.00022696 
0.00022696 
0.00022685 
0.00022685 
0.00022685 
0.00022675 
0.00022696 
0.00022699 
0.00022699 
0.00022484 
0.00022480 
0.00022480 
0.00022480 
0.00022480 
0.00022480 
0.00022480 
0.00022478 
0.00022478 
0.00022479 
0.00022716 
0.00022617 
0.00022640 
0.00022732 
0.00022748 
0.00022748 
0.00022756 
0.00022724 
0.00022724 
0.00022739 
0.00022765 
0.00022774 
0.00022774 
0.00022774 
0.00022639 
0.00022644 
0.00022644 
0.00022644 
0.00022644 
0.00022642 
0.00022642 
0.00022638 
0.00022638 
0.00022638 
0.00022640 
0.00022638 
0.00022641 
0.00022665 
0.00022813 
0.00022814 
0.00022638 
0.00022817 
0.00022817 
0.00022817 
0.00022817 
0.00022772 
0.00022617 
0.00022617 
0.00022621 
0.00022797 
0.00022842 
0.00022840 
0.00022741 
0.00022979 
0.00022902 
0.00022902 
0.00023008 
0.00022903 
0.00022903 
0.00023026 
0.00022903 
0.00023000 
0.00023000 
0.00023000 
0.00023000 
0.00023034 
0.00023024 
0.00022675 
0.00022675 
0.00022675 
0.00022703 
0.00022934 
0.00022674 
0.00022942 
0.00022753 
0.00022753 
0.00022985 
0.00022979 
0.00022770 
0.00023036 
0.00022800 
0.00022800 
0.00022650 
0.00023010 
0.00022917 
0.00022642 
0.00023175 
0.00022533 
0.00022533 
0.00022534 
0.00022359 
0.00022359 
0.00022314 
0.00022500 
0.00022494 
0.00022343 
0.00022178 
0.00022178 
0.00022177 
0.00021917 
0.00021922 
0.00021900 
0.00021991 
0.00021991 
0.00022271 
0.00022150 
0.00022205 
0.00022205 
0.00022222 
0.00022205 
0.00022205 
0.00022205 
0.00022206 
0.00022206 
0.00021900 
0.00021700 
0.00021729 
0.00021798 
0.00021633 
0.00021802 
0.00022051 
0.00022030 
0.00022060 
0.00022063 
0.00022063 
0.00022063 
0.00022021 
0.00022000 
0.00021957 
0.00021843 
0.00021956 
0.00021956 
0.00021695 
0.00021941 
0.00021938 
0.00021768 
0.00021475 
0.00021287 
0.00021412 
0.00021225 
0.00021508 
0.00021866 
0.00021441 
0.00021048 
0.00021048 
0.00021048 
0.00021250 
0.00021035 
0.00021239 
0.00021000 
0.00021083 
0.00021207 
0.00021220 
0.00021220 
0.00021221 
0.00021214 
0.00021214 
0.00021002 
0.00021002 
0.00021029 
0.00021268 
0.00021387 
0.00021028 
0.00021357 
0.00021346 
0.00021640 
0.00021230 
0.00021230 
0.00021346 
0.00021459 
0.00021241 
0.00021565 
0.00021565 
0.00021804 
0.00021850 
0.00021642 
0.00021642 
0.00021666 
0.00021870 
0.00021709 
0.00021708 
0.00021687 
0.00021696 
0.00021887 
0.00021927 
0.00021928 
0.00021960 
0.00021965 
0.00021567 
0.00021998 
0.00021443 
0.00021620 
0.00021673 
0.00021310 
0.00022000 
0.00021558 
0.00021500 
0.00021500 
0.00021500 
0.00021499 
0.00021222 
0.00021480 
0.00021254 
0.00021251 
0.00021251 
0.00021100 
0.00020832 
0.00020832 
0.00021096 
0.00020544 
0.00020909 
0.00020909 
0.00020933 
0.00020756 
0.00020755 
0.00020633 
0.00020633 
0.00020618 
0.00020617 
0.00020615 
0.00020615 
0.00020414 
0.00020414 
0.00020327 
0.00020262 
0.00020612 
0.00020577 
0.00020889 
0.00020720 
0.00020720 
0.00020598 
0.00020540 
0.00020539 
0.00020438 
0.00020540 
0.00020540 
0.00020940 
0.00020969 
0.00020973 
0.00020973 
0.00021074 
0.00020991 
0.00020991 
0.00020991 
0.00020991 
0.00021272 
0.00020952 
0.00020952 
0.00020790 
0.00020790 
0.00020544 
0.00020540 
0.00020539 
0.00020471 
0.00020479 
0.00020550 
0.00020735 
0.00020735 
0.00020550 
0.00020471 
0.00020571 
0.00021137 
0.00021139 
0.00021240 
0.00021286 
0.00021443 
0.00021136 
0.00021383 
0.00021374 
0.00021499 
0.00021484 
0.00021425 
0.00021425 
0.00020975 
0.00020870 
0.00020870 
0.00020363 
0.00020348 
0.00020357 
0.00020328 
0.00020008 
0.00020008 
0.00020394 
0.00020392 
0.00020369 
0.00020229 
0.00020253 
0.00020371 
0.00020407 
0.00020411 
0.00020200 
0.00020458 
0.00020759 
0.00020759 
0.00020759 
0.00020760 
0.00020877 
0.00020866 
0.00020866 
0.00021393 
0.00020987 
0.00021050 
0.00021118 
0.00021427 
0.00020950 
0.00020950 
0.00021209 
0.00021209 
0.00021208 
0.00021348 
0.00021393 
0.00021427 
0.00020981 
0.00020981 
0.00020982 
0.00020702 
0.00021101 
0.00021403 
0.00021125 
0.00021780 
0.00021125 
0.00021569 
0.00021452 
0.00021533 
0.00022463 
0.00022245 
0.00022418 
0.00022418 
0.00022045 
0.00022289 
0.00022045 
0.00021912 
0.00021912 
0.00022133 
0.00022196 
0.00022253 
0.00022508 
0.00022508 
0.00022508 
0.00021671 
0.00022141 
0.00022505 
0.00022504 
0.00022521 
0.00022521 
0.00022521 
0.00022521 
0.00022500 
0.00022500 
0.00022469 
0.00022478 
0.00022205 
0.00022205 
0.00022329 
0.00022328 
0.00022328 
0.00022329 
0.00022249 
0.00022288 
0.00022303 
0.00022568 
0.00022542 
0.00022568 
0.00022568 
0.00022568 
0.00022565 
0.00022554 
0.00022620 
0.00022359 
0.00022376 
0.00022515 
0.00022515 
0.00022515 
0.00022515 
0.00022515 
0.00022652 
0.00022652 
0.00022488 
0.00022773 
0.00022623 
0.00022546 
0.00022545 
0.00022547 
0.00022547 
0.00022547 
0.00022547 
0.00022547 
0.00022473 
0.00022271 
0.00022271 
0.00022553 
0.00022372 
0.00022555 
0.00022394 
0.00022259 
0.00022396 
0.00022458 
0.00022515 
0.00022294 
0.00022294 
0.00022544 
0.00022570 
0.00022623 
0.00022776 
0.00022847 
0.00022836 
0.00022897 
0.00022897 
0.00022897 
0.00022897 
0.00022898 
0.00022899 
0.00023065 
0.00023085 
0.00023310 
0.00022669 
0.00022669 
0.00022669 
0.00022978 
0.00022833 
0.00022665 
0.00023310 
0.00023242 
0.00023242 
0.00022583 
0.00022316 
0.00022316 
0.00022316 
0.00022316 
0.00022316 
0.00022379 
0.00022719 
0.00022729 
0.00022450 
0.00022499 
0.00022604 
0.00022604 
0.00022613 
0.00023311 
0.00023303 
0.00023306 
0.00023501 
0.00023502 
0.00023621 
0.00023385 
0.00023324 
0.00023097 
0.00023184 
0.00023396 
0.00023594 
0.00023594 
0.00023502 
0.00023508 
0.00024003 
0.00023482 
0.00023310 
0.00023607 
0.00023401 
0.00023400 
0.00023059 
0.00022999 
0.00022793 
0.00022793 
0.00022794 
0.00022793 
0.00022793 
0.00022778 
0.00022777 
0.00022777 
0.00022790 
0.00022709 
0.00022696 
0.00022696 
0.00022685 
0.00022685 
0.00022685 
0.00022675 
0.00022696 
0.00022699 
0.00022699 
0.00022484 
0.00022480 
0.00022480 
0.00022480 
0.00022480 
0.00022480 
0.00022480 
0.00022478 
0.00022478 
0.00022479 
0.00022716 
0.00022617 
0.00022640 
0.00022732 
0.00022748 
0.00022748 
0.00022756 
0.00022724 
0.00022724 
0.00022739 
0.00022765 
0.00022774 
0.00022774 
0.00022774 
0.00022639 
0.00022644 
0.00022644 
0.00022644 
0.00022644 
0.00022642 
0.00022642 
0.00022638 
0.00022638 
0.00022638 
0.00022640 
0.00022638 
0.00022641 
0.00022665 
0.00022813 
0.00022814 
0.00022638 
0.00022817 
0.00022817 
0.00022817 
0.00022817 
0.00022772 
0.00022617 
0.00022617 
0.00022621 
0.00022797 
0.00022842 
0.00022840 
0.00022741 
0.00022979 
0.00022902 
0.00022902 
0.00023008 
0.00022903 
0.00022903 
0.00023026 
0.00022903 
0.00023000 
0.00023000 
0.00023000 
0.00023000 
0.00023034 
0.00023024 
0.00022675 
0.00022675 
0.00022675 
0.00022703 
0.00022934 
0.00022674 
0.00022942 
0.00022753 
0.00022753 
0.00022985 
0.00022979 
0.00022770 
0.00023036 
0.00022800 
0.00022800 
0.00022650 
0.00023010 
0.00022917 
0.00022642 
0.00023175 
0.00022533 
0.00022533 
0.00022534 
0.00022359 
0.00022359 
0.00022314 
0.00022500 
0.00022494 
0.00022343 
0.00022178 
0.00022178 
0.00022177 
0.00021917 
0.00021922 
0.00021900 
0.00021991 
0.00021991 
0.00022271 
0.00022150 
0.00022205 
0.00022205 
0.00022222 
0.00022205 
0.00022205 
0.00022205 
0.00022206 
0.00022206 
0.00021900 
0.00021700 
0.00021729 
0.00021798 
0.00021633 
0.00021802 
0.00022051 
0.00022030 
0.00022060 
0.00022063 
0.00022063 
0.00022063 
0.00022021 
0.00022000 
0.00021957 
0.00021843 
0.00021956 
0.00021956 
0.00021695 
0.00021941 
0.00021938 
0.00021768 
0.00021475 
0.00021287 
0.00021412 
0.00021225 
0.00021508 
0.00021866 
0.00021441 
0.00021048 
0.00021048 
0.00021048 
0.00021250 
0.00021035 
0.00021239 
0.00021000 
0.00021083 
0.00021207 
0.00021220 
0.00021220 
0.00021221 
0.00021214 
0.00021214 
0.00021002 
0.00021002 
0.00021029 
0.00021268 
0.00021387 
0.00021028 
0.00021357 
0.00021346 
0.00021640 
0.00021230 
0.00021230 
0.00021346 
0.00021459 
0.00021241 
0.00021565 
0.00021565 
0.00021804 
0.00021850 
0.00021642 
0.00021642 
0.00021666 
0.00021870 
0.00021709 
0.00021708 
0.00021687 
0.00021696 
0.00021887 
0.00021927 
0.00021928 
0.00021960 
0.00021965 
0.00021567 
0.00021998 
0.00021443 
0.00021620 
0.00021673 
0.00021310 
0.00022000 
0.00021558 
0.00021500 
0.00021500 
0.00021500 
0.00021499 
0.00021222 
0.00021480 
0.00021254 
0.00021251 
0.00021251 
0.00021100 
0.00020832 
0.00020832 
0.00021096 
0.00020544 
0.00020909 
0.00020909 
0.00020933 
0.00020756 
0.00020755 
0.00020633 
0.00020633 
0.00020618 
0.00020617 
0.00020615 
0.00020615 
0.00020414 
0.00020414 
0.00020327 
0.00020262 
0.00020612 
0.00020577 
0.00020889 
0.00020720 
0.00020720 
0.00020598 
0.00020540 
0.00020539 
0.00020438 
0.00020540 
0.00020540 
0.00020940 
0.00020969 
0.00020973 
0.00020973 
0.00021074 
0.00020991 
0.00020991 
0.00020991 
0.00020991 
0.00021272 
0.00020952 
0.00020952 
0.00020790 
0.00020790 
0.00020544 
0.00020540 
0.00020539 
0.00020471 
0.00020479 
0.00020550 
0.00020735 
0.00020735 
0.00020550 
0.00020471 
0.00020571 
0.00021137 
0.00021139 
0.00021240 
0.00021286 
0.00021443 
0.00021136 
0.00021383 
0.00021374 
0.00021499 
0.00021484 
0.00021425 
0.00021425 
0.00020975 
0.00020870 
0.00020870 
0.00020363 
0.00020348 
0.00020357 
0.00020328 
0.00020008 
0.00020008 
0.00020394 
0.00020392 
0.00020369 
0.00020229 
0.00020253 
0.00020371 
0.00020407 
0.00020411 
0.00020200 
0.00020458 
0.00020759 
0.00020759 
0.00020759 
0.00020760 
0.00020877 
0.00020866 
0.00020866 
0.00021393 
0.00020987 
0.00021050 
0.00021118 
0.00021427 
0.00020950 
0.00020950 
0.00021209 
0.00021209 
0.00021208 
0.00021348 
0.00021393 
0.00021427 
0.00020981 
0.00020981 
0.00020982 
0.00020702 
0.00021101 
0.00021403 
0.00021125 
0.00021780 
0.00021125 
0.00021569 
0.00021452 
0.00021533 
0.00022463 
0.00022245 
0.00022418 
0.00022418 
0.00022045 
0.00022289 
0.00022045 
0.00021912 
0.00021912 
0.00022133 
0.00022196 
0.00022253 
0.00022508 
0.00022508 
0.00022508 
0.00021671 
0.00022141 
0.00022505 
0.00022504 
0.00022521 
0.00022521 
0.00022521 
0.00022521 
0.00022500 
0.00022500 
0.00022469 
0.00022478 
0.00022205 
0.00022205 
0.00022329 
0.00022328 
0.00022328 
0.00022329 
0.00022249 
0.00022288 
0.00022303 
0.00022568 
0.00022542 
0.00022568 
0.00022568 
0.00022568 
0.00022565 
0.00022554 
0.00022620 
0.00022359 
0.00022376 
0.00022515 
0.00022515 
0.00022515 
0.00022515 
0.00022515 
0.00022652 
0.00022652 
0.00022488 
0.00022773 
0.00022623 
0.00022546 
0.00022545 
0.00022547 
0.00022547 
0.00022547 
0.00022547 
0.00022547 
0.00022473 
0.00022271 
0.00022271 
0.00022553 
0.00022372 
0.00022555 
0.00022394 
0.00022259 
0.00022396 
0.00022458 
0.00022515 
0.00022294 
0.00022294 
0.00022544 
0.00022570 
0.00022623 
0.00022776 
0.00022847 
0.00022836 
0.00022897 
0.00022897 
0.00022897 
0.00022897 
0.00022898 
0.00022899 
0.00023065 
0.00023085 
0.00023310 
0.00022669 
0.00022669 
0.00022669 
0.00022978 
0.00022833 
0.00022665 
0.00023310 
0.00023242 
0.00023242 
0.00022583 
0.00022316 
0.00022316 
0.00022316 
0.00022316 
0.00022316 
0.00022379 
0.00022719 
0.00022729 
0.00022450 
0.00022499 
0.00022604 
0.00022604 
0.00022613 
