44624.00000000 
108511.00000000 
46633.00000000 
233464.00000000 
58609.00000000 
49792.00000000 
104978.00000000 
104318.00000000 
154846.00000000 
35508.00000000 
142250.00000000 
108858.00000000 
166421.00000000 
206196.00000000 
271334.00000000 
194007.00000000 
142618.00000000 
76619.00000000 
87173.00000000 
152793.00000000 
38409.00000000 
125912.00000000 
59741.00000000 
175088.00000000 
196919.00000000 
88735.00000000 
47530.00000000 
120829.00000000 
59690.00000000 
66457.00000000 
72924.00000000 
67227.00000000 
135907.00000000 
154196.00000000 
99407.00000000 
481000.00000000 
79888.00000000 
169812.00000000 
17179.00000000 
202698.00000000 
83988.00000000 
130227.00000000 
107873.00000000 
270255.00000000 
110923.00000000 
198308.00000000 
66990.00000000 
35396.00000000 
87338.00000000 
132087.00000000 
59566.00000000 
41550.00000000 
47016.00000000 
44388.00000000 
84360.00000000 
222821.00000000 
71621.00000000 
237497.00000000 
50028.00000000 
16819.00000000 
55337.00000000 
20553.00000000 
37809.00000000 
78246.00000000 
109309.00000000 
125766.00000000 
131747.00000000 
131157.00000000 
80053.00000000 
54794.00000000 
100408.00000000 
2458.00000000 
64131.00000000 
35179.00000000 
61710.00000000 
367708.00000000 
32323.00000000 
78085.00000000 
98376.00000000 
101268.00000000 
30013.00000000 
85833.00000000 
205122.00000000 
91463.00000000 
29098.00000000 
47117.00000000 
25825.00000000 
226997.00000000 
132274.00000000 
18408.00000000 
37035.00000000 
110651.00000000 
70014.00000000 
136494.00000000 
102438.00000000 
148721.00000000 
424114.00000000 
30524.00000000 
133650.00000000 
119510.00000000 
319710.00000000 
160759.00000000 
191650.00000000 
178815.00000000 
276628.00000000 
112551.00000000 
59394.00000000 
303455.00000000 
51796.00000000 
111106.00000000 
147193.00000000 
103182.00000000 
119946.00000000 
131853.00000000 
160372.00000000 
415504.00000000 
138538.00000000 
104121.00000000 
120796.00000000 
126365.00000000 
119879.00000000 
76906.00000000 
114262.00000000 
86176.00000000 
140401.00000000 
358479.00000000 
122046.00000000 
149685.00000000 
94534.00000000 
127210.00000000 
205293.00000000 
78626.00000000 
62122.00000000 
77618.00000000 
97084.00000000 
43952.00000000 
68153.00000000 
34284.00000000 
25181.00000000 
142128.00000000 
129032.00000000 
99451.00000000 
270594.00000000 
246119.00000000 
214201.00000000 
322412.00000000 
215744.00000000 
305581.00000000 
127393.00000000 
198658.00000000 
160513.00000000 
461161.00000000 
352586.00000000 
54203.00000000 
167669.00000000 
165828.00000000 
36315.00000000 
226719.00000000 
79997.00000000 
54305.00000000 
13881.00000000 
515549.00000000 
686074.00000000 
172860.00000000 
41965.00000000 
114678.00000000 
67024.00000000 
88900.00000000 
81471.00000000 
64451.00000000 
125788.00000000 
49486.00000000 
30140.00000000 
15428.00000000 
138803.00000000 
28969.00000000 
22950.00000000 
214424.00000000 
532164.00000000 
77569.00000000 
78349.00000000 
24852.00000000 
35382.00000000 
146481.00000000 
58279.00000000 
7412.00000000 
15475.00000000 
1911.00000000 
9500.00000000 
148414.00000000 
68772.00000000 
52123.00000000 
177817.00000000 
17083.00000000 
23243.00000000 
12820.00000000 
1799.00000000 
123956.00000000 
389785.00000000 
91099.00000000 
74988.00000000 
92831.00000000 
59411.00000000 
132820.00000000 
193512.00000000 
89788.00000000 
44040.00000000 
93658.00000000 
166938.00000000 
39879.00000000 
494189.00000000 
450083.00000000 
63541.00000000 
60098.00000000 
28550.00000000 
110755.00000000 
130348.00000000 
30267.00000000 
31577.00000000 
7600.00000000 
19794.00000000 
34879.00000000 
143011.00000000 
165660.00000000 
53151.00000000 
269590.00000000 
33414.00000000 
44408.00000000 
52094.00000000 
16384.00000000 
45943.00000000 
27828.00000000 
96002.00000000 
78157.00000000 
40863.00000000 
46620.00000000 
97237.00000000 
163870.00000000 
61109.00000000 
136102.00000000 
94267.00000000 
270022.00000000 
192101.00000000 
186461.00000000 
127379.00000000 
25156.00000000 
103581.00000000 
85753.00000000 
90601.00000000 
217503.00000000 
116630.00000000 
14448.00000000 
72267.00000000 
131028.00000000 
118585.00000000 
200746.00000000 
115828.00000000 
18701.00000000 
13453.00000000 
111529.00000000 
34832.00000000 
79139.00000000 
5186.00000000 
54602.00000000 
2321.00000000 
1346.00000000 
14777.00000000 
22952.00000000 
209420.00000000 
409931.00000000 
97180.00000000 
34977.00000000 
9106.00000000 
24879.00000000 
41556.00000000 
62000.00000000 
199503.00000000 
4054.00000000 
46035.00000000 
180132.00000000 
161153.00000000 
62319.00000000 
1666.00000000 
11932.00000000 
13352.00000000 
23941.00000000 
275903.00000000 
4645.00000000 
47548.00000000 
94642.00000000 
21059.00000000 
24261.00000000 
94228.00000000 
12420.00000000 
20850.00000000 
106357.00000000 
45779.00000000 
38518.00000000 
26130.00000000 
13188.00000000 
45637.00000000 
54310.00000000 
92847.00000000 
20216.00000000 
13894.00000000 
15488.00000000 
247067.00000000 
24087.00000000 
22548.00000000 
16817.00000000 
95452.00000000 
86769.00000000 
43768.00000000 
115008.00000000 
17701.00000000 
73346.00000000 
154924.00000000 
64339.00000000 
175518.00000000 
14720.00000000 
35094.00000000 
101008.00000000 
56240.00000000 
110321.00000000 
32924.00000000 
42035.00000000 
199445.00000000 
401045.00000000 
233526.00000000 
87051.00000000 
98704.00000000 
41778.00000000 
203187.00000000 
134415.00000000 
57193.00000000 
805889.00000000 
23175.00000000 
140490.00000000 
103539.00000000 
57330.00000000 
36086.00000000 
237618.00000000 
109416.00000000 
17402.00000000 
82248.00000000 
98089.00000000 
110252.00000000 
214895.00000000 
297171.00000000 
150369.00000000 
49852.00000000 
13472.00000000 
112917.00000000 
168690.00000000 
131223.00000000 
122855.00000000 
82333.00000000 
63703.00000000 
84049.00000000 
48575.00000000 
73625.00000000 
88283.00000000 
203338.00000000 
41370.00000000 
22078.00000000 
16494.00000000 
85581.00000000 
33067.00000000 
180524.00000000 
300392.00000000 
609889.00000000 
80645.00000000 
16573.00000000 
4362.00000000 
25419.00000000 
41991.00000000 
311870.00000000 
22515.00000000 
30077.00000000 
66283.00000000 
10351.00000000 
5187.00000000 
12521.00000000 
14871.00000000 
16859.00000000 
16398.00000000 
63444.00000000 
87048.00000000 
81833.00000000 
89130.00000000 
16145.00000000 
115470.00000000 
70143.00000000 
32670.00000000 
21842.00000000 
37886.00000000 
7976.00000000 
30488.00000000 
26886.00000000 
5264.00000000 
76906.00000000 
71932.00000000 
17588.00000000 
25433.00000000 
10977.00000000 
65561.00000000 
71945.00000000 
187333.00000000 
159791.00000000 
832702.00000000 
89443.00000000 
3961.00000000 
318407.00000000 
38791.00000000 
11338.00000000 
12360.00000000 
3150.00000000 
13149.00000000 
35535.00000000 
36053.00000000 
11069.00000000 
168108.00000000 
7468.00000000 
191897.00000000 
99358.00000000 
6741.00000000 
9500.00000000 
214446.00000000 
21456.00000000 
32186.00000000 
50935.00000000 
20279.00000000 
55675.00000000 
208343.00000000 
15720.00000000 
16010.00000000 
59357.00000000 
18352.00000000 
141794.00000000 
34931.00000000 
7303.00000000 
11212.00000000 
16257.00000000 
43233.00000000 
35633.00000000 
60090.00000000 
9073.00000000 
22473.00000000 
54457.00000000 
62237.00000000 
29229.00000000 
10589.00000000 
4169.00000000 
29908.00000000 
65582.00000000 
30106.00000000 
166492.00000000 
32677.00000000 
42320.00000000 
30448.00000000 
30585.00000000 
131431.00000000 
104432.00000000 
113392.00000000 
15060.00000000 
26921.00000000 
41454.00000000 
26256.00000000 
106578.00000000 
122157.00000000 
6473.00000000 
114367.00000000 
40246.00000000 
56954.00000000 
76119.00000000 
172831.00000000 
19289.00000000 
8895.00000000 
28588.00000000 
275923.00000000 
44624.00000000 
108511.00000000 
46633.00000000 
233464.00000000 
58609.00000000 
49792.00000000 
104978.00000000 
104318.00000000 
154846.00000000 
35508.00000000 
142250.00000000 
108858.00000000 
166421.00000000 
206196.00000000 
271334.00000000 
194007.00000000 
142618.00000000 
76619.00000000 
87173.00000000 
152793.00000000 
38409.00000000 
125912.00000000 
59741.00000000 
175088.00000000 
196919.00000000 
88735.00000000 
47530.00000000 
120829.00000000 
59690.00000000 
66457.00000000 
72924.00000000 
67227.00000000 
135907.00000000 
154196.00000000 
99407.00000000 
481000.00000000 
79888.00000000 
169812.00000000 
17179.00000000 
202698.00000000 
83988.00000000 
130227.00000000 
107873.00000000 
270255.00000000 
110923.00000000 
198308.00000000 
66990.00000000 
35396.00000000 
87338.00000000 
132087.00000000 
59566.00000000 
41550.00000000 
47016.00000000 
44388.00000000 
84360.00000000 
222821.00000000 
71621.00000000 
237497.00000000 
50028.00000000 
16819.00000000 
55337.00000000 
20553.00000000 
37809.00000000 
78246.00000000 
109309.00000000 
125766.00000000 
131747.00000000 
131157.00000000 
80053.00000000 
54794.00000000 
100408.00000000 
2458.00000000 
64131.00000000 
35179.00000000 
61710.00000000 
367708.00000000 
32323.00000000 
78085.00000000 
98376.00000000 
101268.00000000 
30013.00000000 
85833.00000000 
205122.00000000 
91463.00000000 
29098.00000000 
47117.00000000 
25825.00000000 
226997.00000000 
132274.00000000 
18408.00000000 
37035.00000000 
110651.00000000 
70014.00000000 
136494.00000000 
102438.00000000 
148721.00000000 
424114.00000000 
30524.00000000 
133650.00000000 
119510.00000000 
319710.00000000 
160759.00000000 
191650.00000000 
178815.00000000 
276628.00000000 
112551.00000000 
59394.00000000 
303455.00000000 
51796.00000000 
111106.00000000 
147193.00000000 
103182.00000000 
119946.00000000 
131853.00000000 
160372.00000000 
415504.00000000 
138538.00000000 
104121.00000000 
120796.00000000 
126365.00000000 
119879.00000000 
76906.00000000 
114262.00000000 
86176.00000000 
140401.00000000 
358479.00000000 
122046.00000000 
149685.00000000 
94534.00000000 
127210.00000000 
205293.00000000 
78626.00000000 
62122.00000000 
77618.00000000 
97084.00000000 
43952.00000000 
68153.00000000 
34284.00000000 
25181.00000000 
142128.00000000 
129032.00000000 
99451.00000000 
270594.00000000 
246119.00000000 
214201.00000000 
322412.00000000 
215744.00000000 
305581.00000000 
127393.00000000 
198658.00000000 
160513.00000000 
461161.00000000 
352586.00000000 
54203.00000000 
167669.00000000 
165828.00000000 
36315.00000000 
226719.00000000 
79997.00000000 
54305.00000000 
13881.00000000 
515549.00000000 
686074.00000000 
172860.00000000 
41965.00000000 
114678.00000000 
67024.00000000 
88900.00000000 
81471.00000000 
64451.00000000 
125788.00000000 
49486.00000000 
30140.00000000 
15428.00000000 
138803.00000000 
28969.00000000 
22950.00000000 
214424.00000000 
532164.00000000 
77569.00000000 
78349.00000000 
24852.00000000 
35382.00000000 
146481.00000000 
58279.00000000 
7412.00000000 
15475.00000000 
1911.00000000 
9500.00000000 
148414.00000000 
68772.00000000 
52123.00000000 
177817.00000000 
17083.00000000 
23243.00000000 
12820.00000000 
1799.00000000 
123956.00000000 
389785.00000000 
91099.00000000 
74988.00000000 
92831.00000000 
59411.00000000 
132820.00000000 
193512.00000000 
89788.00000000 
44040.00000000 
93658.00000000 
166938.00000000 
39879.00000000 
494189.00000000 
450083.00000000 
63541.00000000 
60098.00000000 
28550.00000000 
110755.00000000 
130348.00000000 
30267.00000000 
31577.00000000 
7600.00000000 
19794.00000000 
34879.00000000 
143011.00000000 
165660.00000000 
53151.00000000 
269590.00000000 
33414.00000000 
44408.00000000 
52094.00000000 
16384.00000000 
45943.00000000 
27828.00000000 
96002.00000000 
78157.00000000 
40863.00000000 
46620.00000000 
97237.00000000 
163870.00000000 
61109.00000000 
136102.00000000 
94267.00000000 
270022.00000000 
192101.00000000 
186461.00000000 
127379.00000000 
25156.00000000 
103581.00000000 
85753.00000000 
90601.00000000 
217503.00000000 
116630.00000000 
14448.00000000 
72267.00000000 
131028.00000000 
118585.00000000 
200746.00000000 
115828.00000000 
18701.00000000 
13453.00000000 
111529.00000000 
34832.00000000 
79139.00000000 
5186.00000000 
54602.00000000 
2321.00000000 
1346.00000000 
14777.00000000 
22952.00000000 
209420.00000000 
409931.00000000 
97180.00000000 
34977.00000000 
9106.00000000 
24879.00000000 
41556.00000000 
62000.00000000 
199503.00000000 
4054.00000000 
46035.00000000 
180132.00000000 
161153.00000000 
62319.00000000 
1666.00000000 
11932.00000000 
13352.00000000 
23941.00000000 
275903.00000000 
4645.00000000 
47548.00000000 
94642.00000000 
21059.00000000 
24261.00000000 
94228.00000000 
12420.00000000 
20850.00000000 
106357.00000000 
45779.00000000 
38518.00000000 
26130.00000000 
13188.00000000 
45637.00000000 
54310.00000000 
92847.00000000 
20216.00000000 
13894.00000000 
15488.00000000 
247067.00000000 
24087.00000000 
22548.00000000 
16817.00000000 
95452.00000000 
86769.00000000 
43768.00000000 
115008.00000000 
17701.00000000 
73346.00000000 
154924.00000000 
64339.00000000 
175518.00000000 
14720.00000000 
35094.00000000 
101008.00000000 
56240.00000000 
110321.00000000 
32924.00000000 
42035.00000000 
199445.00000000 
401045.00000000 
233526.00000000 
87051.00000000 
98704.00000000 
41778.00000000 
203187.00000000 
134415.00000000 
57193.00000000 
805889.00000000 
23175.00000000 
140490.00000000 
103539.00000000 
57330.00000000 
36086.00000000 
237618.00000000 
109416.00000000 
17402.00000000 
82248.00000000 
98089.00000000 
110252.00000000 
214895.00000000 
297171.00000000 
150369.00000000 
49852.00000000 
13472.00000000 
112917.00000000 
168690.00000000 
131223.00000000 
122855.00000000 
82333.00000000 
63703.00000000 
84049.00000000 
48575.00000000 
73625.00000000 
88283.00000000 
203338.00000000 
41370.00000000 
22078.00000000 
16494.00000000 
85581.00000000 
33067.00000000 
180524.00000000 
300392.00000000 
609889.00000000 
80645.00000000 
16573.00000000 
4362.00000000 
25419.00000000 
41991.00000000 
311870.00000000 
22515.00000000 
30077.00000000 
66283.00000000 
10351.00000000 
5187.00000000 
12521.00000000 
14871.00000000 
16859.00000000 
16398.00000000 
63444.00000000 
87048.00000000 
81833.00000000 
89130.00000000 
16145.00000000 
115470.00000000 
70143.00000000 
32670.00000000 
21842.00000000 
37886.00000000 
7976.00000000 
30488.00000000 
26886.00000000 
5264.00000000 
76906.00000000 
71932.00000000 
17588.00000000 
25433.00000000 
10977.00000000 
65561.00000000 
71945.00000000 
187333.00000000 
159791.00000000 
832702.00000000 
89443.00000000 
3961.00000000 
318407.00000000 
38791.00000000 
11338.00000000 
12360.00000000 
3150.00000000 
13149.00000000 
35535.00000000 
36053.00000000 
11069.00000000 
168108.00000000 
7468.00000000 
191897.00000000 
99358.00000000 
6741.00000000 
9500.00000000 
214446.00000000 
21456.00000000 
32186.00000000 
50935.00000000 
20279.00000000 
55675.00000000 
208343.00000000 
15720.00000000 
16010.00000000 
59357.00000000 
18352.00000000 
141794.00000000 
34931.00000000 
7303.00000000 
11212.00000000 
16257.00000000 
43233.00000000 
35633.00000000 
60090.00000000 
9073.00000000 
22473.00000000 
54457.00000000 
62237.00000000 
29229.00000000 
10589.00000000 
4169.00000000 
29908.00000000 
65582.00000000 
30106.00000000 
166492.00000000 
32677.00000000 
42320.00000000 
30448.00000000 
30585.00000000 
131431.00000000 
104432.00000000 
113392.00000000 
15060.00000000 
26921.00000000 
41454.00000000 
26256.00000000 
106578.00000000 
122157.00000000 
6473.00000000 
114367.00000000 
40246.00000000 
56954.00000000 
76119.00000000 
172831.00000000 
19289.00000000 
8895.00000000 
28588.00000000 
275923.00000000 
44624.00000000 
108511.00000000 
46633.00000000 
233464.00000000 
58609.00000000 
49792.00000000 
104978.00000000 
104318.00000000 
154846.00000000 
35508.00000000 
142250.00000000 
108858.00000000 
166421.00000000 
206196.00000000 
271334.00000000 
194007.00000000 
142618.00000000 
76619.00000000 
87173.00000000 
152793.00000000 
38409.00000000 
125912.00000000 
59741.00000000 
175088.00000000 
196919.00000000 
88735.00000000 
47530.00000000 
120829.00000000 
59690.00000000 
66457.00000000 
72924.00000000 
67227.00000000 
135907.00000000 
154196.00000000 
99407.00000000 
481000.00000000 
79888.00000000 
169812.00000000 
17179.00000000 
202698.00000000 
83988.00000000 
130227.00000000 
107873.00000000 
270255.00000000 
110923.00000000 
198308.00000000 
66990.00000000 
35396.00000000 
87338.00000000 
132087.00000000 
59566.00000000 
41550.00000000 
47016.00000000 
44388.00000000 
84360.00000000 
222821.00000000 
71621.00000000 
237497.00000000 
50028.00000000 
16819.00000000 
55337.00000000 
20553.00000000 
37809.00000000 
78246.00000000 
109309.00000000 
125766.00000000 
131747.00000000 
131157.00000000 
80053.00000000 
54794.00000000 
100408.00000000 
2458.00000000 
64131.00000000 
35179.00000000 
61710.00000000 
367708.00000000 
32323.00000000 
78085.00000000 
98376.00000000 
101268.00000000 
30013.00000000 
85833.00000000 
205122.00000000 
91463.00000000 
29098.00000000 
47117.00000000 
25825.00000000 
226997.00000000 
132274.00000000 
18408.00000000 
37035.00000000 
110651.00000000 
70014.00000000 
136494.00000000 
102438.00000000 
148721.00000000 
424114.00000000 
30524.00000000 
133650.00000000 
119510.00000000 
319710.00000000 
160759.00000000 
191650.00000000 
178815.00000000 
276628.00000000 
112551.00000000 
59394.00000000 
303455.00000000 
51796.00000000 
111106.00000000 
147193.00000000 
103182.00000000 
119946.00000000 
131853.00000000 
160372.00000000 
415504.00000000 
138538.00000000 
104121.00000000 
120796.00000000 
126365.00000000 
119879.00000000 
76906.00000000 
114262.00000000 
86176.00000000 
140401.00000000 
358479.00000000 
122046.00000000 
149685.00000000 
94534.00000000 
127210.00000000 
205293.00000000 
78626.00000000 
62122.00000000 
77618.00000000 
97084.00000000 
43952.00000000 
68153.00000000 
34284.00000000 
25181.00000000 
142128.00000000 
129032.00000000 
99451.00000000 
270594.00000000 
246119.00000000 
214201.00000000 
322412.00000000 
215744.00000000 
305581.00000000 
127393.00000000 
198658.00000000 
160513.00000000 
461161.00000000 
352586.00000000 
54203.00000000 
167669.00000000 
165828.00000000 
36315.00000000 
226719.00000000 
79997.00000000 
54305.00000000 
13881.00000000 
515549.00000000 
686074.00000000 
172860.00000000 
41965.00000000 
114678.00000000 
67024.00000000 
88900.00000000 
81471.00000000 
64451.00000000 
125788.00000000 
49486.00000000 
30140.00000000 
15428.00000000 
138803.00000000 
28969.00000000 
22950.00000000 
214424.00000000 
532164.00000000 
77569.00000000 
78349.00000000 
24852.00000000 
35382.00000000 
146481.00000000 
58279.00000000 
7412.00000000 
15475.00000000 
1911.00000000 
9500.00000000 
148414.00000000 
68772.00000000 
52123.00000000 
177817.00000000 
17083.00000000 
23243.00000000 
12820.00000000 
1799.00000000 
123956.00000000 
389785.00000000 
91099.00000000 
74988.00000000 
92831.00000000 
59411.00000000 
132820.00000000 
193512.00000000 
89788.00000000 
44040.00000000 
93658.00000000 
166938.00000000 
39879.00000000 
494189.00000000 
450083.00000000 
63541.00000000 
60098.00000000 
28550.00000000 
110755.00000000 
130348.00000000 
30267.00000000 
31577.00000000 
7600.00000000 
19794.00000000 
34879.00000000 
143011.00000000 
165660.00000000 
53151.00000000 
269590.00000000 
33414.00000000 
44408.00000000 
52094.00000000 
16384.00000000 
45943.00000000 
27828.00000000 
96002.00000000 
78157.00000000 
40863.00000000 
46620.00000000 
97237.00000000 
163870.00000000 
61109.00000000 
136102.00000000 
94267.00000000 
270022.00000000 
192101.00000000 
186461.00000000 
127379.00000000 
25156.00000000 
103581.00000000 
85753.00000000 
90601.00000000 
217503.00000000 
116630.00000000 
14448.00000000 
72267.00000000 
131028.00000000 
118585.00000000 
200746.00000000 
115828.00000000 
18701.00000000 
13453.00000000 
111529.00000000 
34832.00000000 
79139.00000000 
5186.00000000 
54602.00000000 
2321.00000000 
1346.00000000 
14777.00000000 
22952.00000000 
209420.00000000 
409931.00000000 
97180.00000000 
34977.00000000 
9106.00000000 
24879.00000000 
41556.00000000 
62000.00000000 
199503.00000000 
4054.00000000 
46035.00000000 
180132.00000000 
161153.00000000 
62319.00000000 
1666.00000000 
11932.00000000 
13352.00000000 
23941.00000000 
275903.00000000 
4645.00000000 
47548.00000000 
94642.00000000 
21059.00000000 
24261.00000000 
94228.00000000 
12420.00000000 
20850.00000000 
106357.00000000 
45779.00000000 
38518.00000000 
26130.00000000 
13188.00000000 
45637.00000000 
54310.00000000 
92847.00000000 
20216.00000000 
13894.00000000 
15488.00000000 
247067.00000000 
24087.00000000 
22548.00000000 
16817.00000000 
95452.00000000 
86769.00000000 
43768.00000000 
115008.00000000 
17701.00000000 
73346.00000000 
154924.00000000 
64339.00000000 
175518.00000000 
14720.00000000 
35094.00000000 
101008.00000000 
56240.00000000 
110321.00000000 
32924.00000000 
42035.00000000 
199445.00000000 
401045.00000000 
233526.00000000 
87051.00000000 
98704.00000000 
41778.00000000 
203187.00000000 
134415.00000000 
57193.00000000 
805889.00000000 
23175.00000000 
140490.00000000 
103539.00000000 
57330.00000000 
36086.00000000 
237618.00000000 
109416.00000000 
17402.00000000 
82248.00000000 
98089.00000000 
110252.00000000 
214895.00000000 
297171.00000000 
150369.00000000 
49852.00000000 
13472.00000000 
112917.00000000 
168690.00000000 
131223.00000000 
122855.00000000 
82333.00000000 
63703.00000000 
84049.00000000 
48575.00000000 
73625.00000000 
88283.00000000 
203338.00000000 
41370.00000000 
22078.00000000 
16494.00000000 
85581.00000000 
33067.00000000 
180524.00000000 
300392.00000000 
609889.00000000 
80645.00000000 
16573.00000000 
4362.00000000 
25419.00000000 
41991.00000000 
311870.00000000 
22515.00000000 
30077.00000000 
66283.00000000 
10351.00000000 
5187.00000000 
12521.00000000 
14871.00000000 
16859.00000000 
16398.00000000 
63444.00000000 
87048.00000000 
81833.00000000 
89130.00000000 
16145.00000000 
115470.00000000 
70143.00000000 
32670.00000000 
21842.00000000 
37886.00000000 
7976.00000000 
30488.00000000 
26886.00000000 
5264.00000000 
76906.00000000 
71932.00000000 
17588.00000000 
25433.00000000 
10977.00000000 
65561.00000000 
71945.00000000 
187333.00000000 
159791.00000000 
832702.00000000 
89443.00000000 
3961.00000000 
318407.00000000 
38791.00000000 
11338.00000000 
12360.00000000 
3150.00000000 
13149.00000000 
35535.00000000 
36053.00000000 
11069.00000000 
168108.00000000 
7468.00000000 
191897.00000000 
99358.00000000 
6741.00000000 
9500.00000000 
214446.00000000 
21456.00000000 
32186.00000000 
50935.00000000 
20279.00000000 
55675.00000000 
208343.00000000 
15720.00000000 
16010.00000000 
59357.00000000 
18352.00000000 
141794.00000000 
34931.00000000 
7303.00000000 
11212.00000000 
16257.00000000 
43233.00000000 
35633.00000000 
60090.00000000 
9073.00000000 
22473.00000000 
54457.00000000 
62237.00000000 
29229.00000000 
10589.00000000 
4169.00000000 
29908.00000000 
65582.00000000 
30106.00000000 
166492.00000000 
32677.00000000 
42320.00000000 
30448.00000000 
30585.00000000 
131431.00000000 
104432.00000000 
113392.00000000 
15060.00000000 
26921.00000000 
41454.00000000 
26256.00000000 
106578.00000000 
122157.00000000 
6473.00000000 
114367.00000000 
40246.00000000 
56954.00000000 
76119.00000000 
172831.00000000 
19289.00000000 
8895.00000000 
28588.00000000 
275923.00000000 
