128.47000000 
320.31000000 
453.84000000 
220.83000000 
203.59000000 
310.05000000 
133.82000000 
147.50000000 
58.22000000 
355.63000000 
490.20000000 
310.03000000 
137.77000000 
434.17000000 
250.70000000 
153.53000000 
1052.62000000 
1022.69000000 
421.00000000 
392.67000000 
163.18000000 
219.53000000 
202.87000000 
242.01000000 
429.62000000 
221.21000000 
619.69000000 
468.83000000 
481.71000000 
254.61000000 
314.92000000 
281.43000000 
565.58000000 
709.14000000 
1570.82000000 
335.42000000 
339.48000000 
406.08000000 
90.19000000 
593.88000000 
50.49000000 
369.00000000 
208.53000000 
148.81000000 
276.58000000 
125.46000000 
209.94000000 
431.83000000 
268.19000000 
749.26000000 
172.54000000 
576.75000000 
418.34000000 
535.51000000 
90.00000000 
80.99000000 
198.79000000 
133.98000000 
45.52000000 
26.60000000 
123.90000000 
70.02000000 
100.53000000 
188.46000000 
115.70000000 
68.77000000 
335.99000000 
67.99000000 
96.47000000 
23.00000000 
280.12000000 
429.94000000 
52.74000000 
363.95000000 
40.64000000 
207.70000000 
202.76000000 
476.90000000 
511.44000000 
143.02000000 
304.03000000 
84.66000000 
33.59000000 
132.89000000 
53.89000000 
42.80000000 
217.63000000 
174.56000000 
107.36000000 
48.29000000 
99.52000000 
30.70000000 
44.46000000 
22.71000000 
65.95000000 
430.59000000 
185.12000000 
113.91000000 
59.35000000 
107.80000000 
172.43000000 
69.00000000 
46.63000000 
297.83000000 
303.31000000 
378.21000000 
94.78000000 
96.90000000 
190.33000000 
180.26000000 
174.63000000 
223.51000000 
150.28000000 
126.51000000 
279.61000000 
465.07000000 
636.19000000 
245.79000000 
825.41000000 
268.05000000 
212.94000000 
108.18000000 
448.06000000 
510.53000000 
244.10000000 
39.61000000 
119.82000000 
80.41000000 
159.26000000 
360.68000000 
254.74000000 
204.18000000 
98.93000000 
645.50000000 
459.19000000 
138.14000000 
20.10000000 
99.41000000 
337.53000000 
188.41000000 
129.00000000 
95.44000000 
172.96000000 
294.73000000 
55.23000000 
66.30000000 
211.14000000 
365.91000000 
58.86000000 
304.01000000 
113.51000000 
141.01000000 
167.81000000 
195.62000000 
190.23000000 
195.08000000 
917.49000000 
316.62000000 
209.85000000 
369.34000000 
148.30000000 
525.10000000 
401.72000000 
300.00000000 
247.32000000 
103.31000000 
259.67000000 
299.00000000 
173.81000000 
252.39000000 
377.59000000 
216.13000000 
160.89000000 
500.09000000 
421.55000000 
66.78000000 
329.92000000 
73.70000000 
139.10000000 
111.85000000 
152.31000000 
165.12000000 
405.09000000 
66.35000000 
56.26000000 
9.40000000 
85.66000000 
105.87000000 
22.97000000 
66.88000000 
319.19000000 
200.26000000 
109.15000000 
51.10000000 
30.35000000 
14.27000000 
137.60000000 
42.77000000 
70.73000000 
67.35000000 
8.97000000 
19.86000000 
34.69000000 
49.84000000 
106.39000000 
199.71000000 
36.60000000 
115.33000000 
36.19000000 
78.35000000 
926.72000000 
126.05000000 
188.41000000 
76.15000000 
229.76000000 
111.69000000 
188.03000000 
224.11000000 
378.51000000 
183.76000000 
280.80000000 
127.40000000 
97.19000000 
41.85000000 
49.70000000 
172.10000000 
349.50000000 
213.41000000 
151.03000000 
338.46000000 
167.64000000 
384.99000000 
174.57000000 
384.47000000 
243.30000000 
117.73000000 
653.70000000 
252.70000000 
104.29000000 
203.63000000 
605.04000000 
1617.63000000 
308.84000000 
843.09000000 
103.08000000 
21.14000000 
107.09000000 
281.76000000 
189.06000000 
276.95000000 
148.01000000 
99.74000000 
128.28000000 
23.19000000 
156.42000000 
22.81000000 
132.69000000 
138.41000000 
30.16000000 
26.93000000 
32.83000000 
164.85000000 
38.26000000 
30.30000000 
144.57000000 
17.69000000 
41.34000000 
25.32000000 
38.33000000 
55.10000000 
68.12000000 
70.68000000 
50.60000000 
207.29000000 
70.66000000 
86.57000000 
173.38000000 
111.78000000 
103.34000000 
100.48000000 
33.39000000 
410.24000000 
31.76000000 
31.13000000 
35.11000000 
104.23000000 
154.15000000 
30.15000000 
90.45000000 
212.82000000 
29.17000000 
205.13000000 
340.26000000 
52.93000000 
155.12000000 
8.31000000 
104.16000000 
515.96000000 
208.85000000 
201.34000000 
161.70000000 
86.25000000 
63.11000000 
117.38000000 
93.93000000 
75.23000000 
201.07000000 
101.24000000 
71.92000000 
163.83000000 
263.83000000 
96.59000000 
209.72000000 
85.52000000 
110.67000000 
155.21000000 
51.36000000 
66.63000000 
868.97000000 
130.00000000 
103.69000000 
450.15000000 
7.05000000 
411.79000000 
493.81000000 
108.27000000 
71.54000000 
554.84000000 
163.03000000 
290.53000000 
77.49000000 
112.73000000 
273.39000000 
78.54000000 
14.80000000 
251.58000000 
99.60000000 
90.05000000 
150.42000000 
209.49000000 
68.12000000 
47.28000000 
135.98000000 
39.60000000 
55.92000000 
178.93000000 
255.21000000 
31.11000000 
51.36000000 
450.98000000 
104.67000000 
51.51000000 
211.32000000 
154.34000000 
40.59000000 
288.45000000 
101.20000000 
181.36000000 
222.75000000 
62.11000000 
240.25000000 
375.80000000 
61.83000000 
107.51000000 
390.43000000 
685.28000000 
99.60000000 
73.12000000 
579.44000000 
43.76000000 
125.92000000 
61.59000000 
137.49000000 
482.73000000 
132.22000000 
1160.83000000 
20.66000000 
64.40000000 
102.97000000 
111.90000000 
110.26000000 
301.66000000 
195.96000000 
67.43000000 
76.75000000 
173.39000000 
67.67000000 
39.63000000 
467.18000000 
130.76000000 
94.46000000 
128.70000000 
141.86000000 
151.12000000 
261.53000000 
426.73000000 
27.74000000 
104.08000000 
29.43000000 
108.36000000 
68.71000000 
24.59000000 
51.15000000 
52.16000000 
178.25000000 
83.06000000 
185.75000000 
58.31000000 
69.77000000 
46.17000000 
266.65000000 
25.33000000 
63.76000000 
16.64000000 
40.75000000 
60.06000000 
260.43000000 
464.41000000 
36.22000000 
39.59000000 
48.21000000 
44.65000000 
103.21000000 
37.69000000 
75.97000000 
62.05000000 
70.66000000 
34.34000000 
57.03000000 
74.80000000 
86.86000000 
197.30000000 
119.57000000 
52.75000000 
253.32000000 
365.41000000 
333.62000000 
172.46000000 
143.81000000 
31.09000000 
16.69000000 
176.22000000 
208.46000000 
45.23000000 
25.17000000 
87.53000000 
51.53000000 
593.71000000 
537.29000000 
38.77000000 
198.09000000 
141.48000000 
184.63000000 
292.13000000 
163.95000000 
192.19000000 
637.25000000 
20.19000000 
25.77000000 
19.81000000 
32.58000000 
224.94000000 
112.98000000 
299.82000000 
256.23000000 
1385.22000000 
87.22000000 
193.88000000 
60.85000000 
29.92000000 
128.85000000 
36.51000000 
84.92000000 
484.85000000 
77.61000000 
118.74000000 
113.61000000 
198.49000000 
209.69000000 
262.52000000 
130.90000000 
320.31000000 
453.84000000 
220.83000000 
203.59000000 
310.05000000 
133.82000000 
147.50000000 
58.22000000 
355.63000000 
490.20000000 
310.03000000 
137.77000000 
434.17000000 
250.70000000 
153.53000000 
1052.62000000 
1022.69000000 
421.00000000 
392.67000000 
163.18000000 
219.53000000 
202.87000000 
242.01000000 
429.62000000 
221.21000000 
619.69000000 
468.83000000 
481.71000000 
254.61000000 
314.92000000 
281.43000000 
565.58000000 
709.14000000 
1570.82000000 
335.42000000 
339.48000000 
406.08000000 
90.19000000 
593.88000000 
50.49000000 
369.00000000 
208.53000000 
148.81000000 
276.58000000 
125.46000000 
209.94000000 
431.83000000 
268.19000000 
749.26000000 
172.54000000 
576.75000000 
418.34000000 
535.51000000 
90.00000000 
80.99000000 
198.79000000 
133.98000000 
45.52000000 
26.60000000 
123.90000000 
70.02000000 
100.53000000 
188.46000000 
115.70000000 
68.77000000 
335.99000000 
67.99000000 
96.47000000 
23.00000000 
280.12000000 
429.94000000 
52.74000000 
363.95000000 
40.64000000 
207.70000000 
202.76000000 
476.90000000 
511.44000000 
143.02000000 
304.03000000 
84.66000000 
33.59000000 
132.89000000 
53.89000000 
42.80000000 
217.63000000 
174.56000000 
107.36000000 
48.29000000 
99.52000000 
30.70000000 
44.46000000 
22.71000000 
65.95000000 
430.59000000 
185.12000000 
113.91000000 
59.35000000 
107.80000000 
172.43000000 
69.00000000 
46.63000000 
297.83000000 
303.31000000 
378.21000000 
94.78000000 
96.90000000 
190.33000000 
180.26000000 
174.63000000 
223.51000000 
150.28000000 
126.51000000 
279.61000000 
465.07000000 
636.19000000 
245.79000000 
825.41000000 
268.05000000 
212.94000000 
108.18000000 
448.06000000 
510.53000000 
244.10000000 
39.61000000 
119.82000000 
80.41000000 
159.26000000 
360.68000000 
254.74000000 
204.18000000 
98.93000000 
645.50000000 
459.19000000 
138.14000000 
20.10000000 
99.41000000 
337.53000000 
188.41000000 
129.00000000 
95.44000000 
172.96000000 
294.73000000 
55.23000000 
66.30000000 
211.14000000 
365.91000000 
58.86000000 
304.01000000 
113.51000000 
141.01000000 
167.81000000 
195.62000000 
190.23000000 
195.08000000 
917.49000000 
316.62000000 
209.85000000 
369.34000000 
148.30000000 
525.10000000 
401.72000000 
300.00000000 
247.32000000 
103.31000000 
259.67000000 
299.00000000 
173.81000000 
252.39000000 
377.59000000 
216.13000000 
160.89000000 
500.09000000 
421.55000000 
66.78000000 
329.92000000 
73.70000000 
139.10000000 
111.85000000 
152.31000000 
165.12000000 
405.09000000 
66.35000000 
56.26000000 
9.40000000 
85.66000000 
105.87000000 
22.97000000 
66.88000000 
319.19000000 
200.26000000 
109.15000000 
51.10000000 
30.35000000 
14.27000000 
137.60000000 
42.77000000 
70.73000000 
67.35000000 
8.97000000 
19.86000000 
34.69000000 
49.84000000 
106.39000000 
199.71000000 
36.60000000 
115.33000000 
36.19000000 
78.35000000 
926.72000000 
126.05000000 
188.41000000 
76.15000000 
229.76000000 
111.69000000 
188.03000000 
224.11000000 
378.51000000 
183.76000000 
280.80000000 
127.40000000 
97.19000000 
41.85000000 
49.70000000 
172.10000000 
349.50000000 
213.41000000 
151.03000000 
338.46000000 
167.64000000 
384.99000000 
174.57000000 
384.47000000 
243.30000000 
117.73000000 
653.70000000 
252.70000000 
104.29000000 
203.63000000 
605.04000000 
1617.63000000 
308.84000000 
843.09000000 
103.08000000 
21.14000000 
107.09000000 
281.76000000 
189.06000000 
276.95000000 
148.01000000 
99.74000000 
128.28000000 
23.19000000 
156.42000000 
22.81000000 
132.69000000 
138.41000000 
30.16000000 
26.93000000 
32.83000000 
164.85000000 
38.26000000 
30.30000000 
144.57000000 
17.69000000 
41.34000000 
25.32000000 
38.33000000 
55.10000000 
68.12000000 
70.68000000 
50.60000000 
207.29000000 
70.66000000 
86.57000000 
173.38000000 
111.78000000 
103.34000000 
100.48000000 
33.39000000 
410.24000000 
31.76000000 
31.13000000 
35.11000000 
104.23000000 
154.15000000 
30.15000000 
90.45000000 
212.82000000 
29.17000000 
205.13000000 
340.26000000 
52.93000000 
155.12000000 
8.31000000 
104.16000000 
515.96000000 
208.85000000 
201.34000000 
161.70000000 
86.25000000 
63.11000000 
117.38000000 
93.93000000 
75.23000000 
201.07000000 
101.24000000 
71.92000000 
163.83000000 
263.83000000 
96.59000000 
209.72000000 
85.52000000 
110.67000000 
155.21000000 
51.36000000 
66.63000000 
868.97000000 
130.00000000 
103.69000000 
450.15000000 
7.05000000 
411.79000000 
493.81000000 
108.27000000 
71.54000000 
554.84000000 
163.03000000 
290.53000000 
77.49000000 
112.73000000 
273.39000000 
78.54000000 
14.80000000 
251.58000000 
99.60000000 
90.05000000 
150.42000000 
209.49000000 
68.12000000 
47.28000000 
135.98000000 
39.60000000 
55.92000000 
178.93000000 
255.21000000 
31.11000000 
51.36000000 
450.98000000 
104.67000000 
51.51000000 
211.32000000 
154.34000000 
40.59000000 
288.45000000 
101.20000000 
181.36000000 
222.75000000 
62.11000000 
240.25000000 
375.80000000 
61.83000000 
107.51000000 
390.43000000 
685.28000000 
99.60000000 
73.12000000 
579.44000000 
43.76000000 
125.92000000 
61.59000000 
137.49000000 
482.73000000 
132.22000000 
1160.83000000 
20.66000000 
64.40000000 
102.97000000 
111.90000000 
110.26000000 
301.66000000 
195.96000000 
67.43000000 
76.75000000 
173.39000000 
67.67000000 
39.63000000 
467.18000000 
130.76000000 
94.46000000 
128.70000000 
141.86000000 
151.12000000 
261.53000000 
426.73000000 
27.74000000 
104.08000000 
29.43000000 
108.36000000 
68.71000000 
24.59000000 
51.15000000 
52.16000000 
178.25000000 
83.06000000 
185.75000000 
58.31000000 
69.77000000 
46.17000000 
266.65000000 
25.33000000 
63.76000000 
16.64000000 
40.75000000 
60.06000000 
260.43000000 
464.41000000 
36.22000000 
39.59000000 
48.21000000 
44.65000000 
103.21000000 
37.69000000 
75.97000000 
62.05000000 
70.66000000 
34.34000000 
57.03000000 
74.80000000 
86.86000000 
197.30000000 
119.57000000 
52.75000000 
253.32000000 
365.41000000 
333.62000000 
172.46000000 
143.81000000 
31.09000000 
16.69000000 
176.22000000 
208.46000000 
45.23000000 
25.17000000 
87.53000000 
51.53000000 
593.71000000 
537.29000000 
38.77000000 
198.09000000 
141.48000000 
184.63000000 
292.13000000 
163.95000000 
192.19000000 
637.25000000 
20.19000000 
25.77000000 
19.81000000 
32.58000000 
224.94000000 
112.98000000 
299.82000000 
256.23000000 
1385.22000000 
87.22000000 
193.88000000 
60.85000000 
29.92000000 
128.85000000 
36.51000000 
84.92000000 
484.85000000 
77.61000000 
118.74000000 
113.61000000 
198.49000000 
209.69000000 
262.52000000 
130.90000000 
320.31000000 
453.84000000 
220.83000000 
203.59000000 
310.05000000 
133.82000000 
147.50000000 
58.22000000 
355.63000000 
490.20000000 
310.03000000 
137.77000000 
434.17000000 
250.70000000 
153.53000000 
1052.62000000 
1022.69000000 
421.00000000 
392.67000000 
163.18000000 
219.53000000 
202.87000000 
242.01000000 
429.62000000 
221.21000000 
619.69000000 
468.83000000 
481.71000000 
254.61000000 
314.92000000 
281.43000000 
565.58000000 
709.14000000 
1570.82000000 
335.42000000 
339.48000000 
406.08000000 
90.19000000 
593.88000000 
50.49000000 
369.00000000 
208.53000000 
148.81000000 
276.58000000 
125.46000000 
209.94000000 
431.83000000 
268.19000000 
749.26000000 
172.54000000 
576.75000000 
418.34000000 
535.51000000 
90.00000000 
80.99000000 
198.79000000 
133.98000000 
45.52000000 
26.60000000 
123.90000000 
70.02000000 
100.53000000 
188.46000000 
115.70000000 
68.77000000 
335.99000000 
67.99000000 
96.47000000 
23.00000000 
280.12000000 
429.94000000 
52.74000000 
363.95000000 
40.64000000 
207.70000000 
202.76000000 
476.90000000 
511.44000000 
143.02000000 
304.03000000 
84.66000000 
33.59000000 
132.89000000 
53.89000000 
42.80000000 
217.63000000 
174.56000000 
107.36000000 
48.29000000 
99.52000000 
30.70000000 
44.46000000 
22.71000000 
65.95000000 
430.59000000 
185.12000000 
113.91000000 
59.35000000 
107.80000000 
172.43000000 
69.00000000 
46.63000000 
297.83000000 
303.31000000 
378.21000000 
94.78000000 
96.90000000 
190.33000000 
180.26000000 
174.63000000 
223.51000000 
150.28000000 
126.51000000 
279.61000000 
465.07000000 
636.19000000 
245.79000000 
825.41000000 
268.05000000 
212.94000000 
108.18000000 
448.06000000 
510.53000000 
244.10000000 
39.61000000 
119.82000000 
80.41000000 
159.26000000 
360.68000000 
254.74000000 
204.18000000 
98.93000000 
645.50000000 
459.19000000 
138.14000000 
20.10000000 
99.41000000 
337.53000000 
188.41000000 
129.00000000 
95.44000000 
172.96000000 
294.73000000 
55.23000000 
66.30000000 
211.14000000 
365.91000000 
58.86000000 
304.01000000 
113.51000000 
141.01000000 
167.81000000 
195.62000000 
190.23000000 
195.08000000 
917.49000000 
316.62000000 
209.85000000 
369.34000000 
148.30000000 
525.10000000 
401.72000000 
300.00000000 
247.32000000 
103.31000000 
259.67000000 
299.00000000 
173.81000000 
252.39000000 
377.59000000 
216.13000000 
160.89000000 
500.09000000 
421.55000000 
66.78000000 
329.92000000 
73.70000000 
139.10000000 
111.85000000 
152.31000000 
165.12000000 
405.09000000 
66.35000000 
56.26000000 
9.40000000 
85.66000000 
105.87000000 
22.97000000 
66.88000000 
319.19000000 
200.26000000 
109.15000000 
51.10000000 
30.35000000 
14.27000000 
137.60000000 
42.77000000 
70.73000000 
67.35000000 
8.97000000 
19.86000000 
34.69000000 
49.84000000 
106.39000000 
199.71000000 
36.60000000 
115.33000000 
36.19000000 
78.35000000 
926.72000000 
126.05000000 
188.41000000 
76.15000000 
229.76000000 
111.69000000 
188.03000000 
224.11000000 
378.51000000 
183.76000000 
280.80000000 
127.40000000 
97.19000000 
41.85000000 
49.70000000 
172.10000000 
349.50000000 
213.41000000 
151.03000000 
338.46000000 
167.64000000 
384.99000000 
174.57000000 
384.47000000 
243.30000000 
117.73000000 
653.70000000 
252.70000000 
104.29000000 
203.63000000 
605.04000000 
1617.63000000 
308.84000000 
843.09000000 
103.08000000 
21.14000000 
107.09000000 
281.76000000 
189.06000000 
276.95000000 
148.01000000 
99.74000000 
128.28000000 
23.19000000 
156.42000000 
22.81000000 
132.69000000 
138.41000000 
30.16000000 
26.93000000 
32.83000000 
164.85000000 
38.26000000 
30.30000000 
144.57000000 
17.69000000 
41.34000000 
25.32000000 
38.33000000 
55.10000000 
68.12000000 
70.68000000 
50.60000000 
207.29000000 
70.66000000 
86.57000000 
173.38000000 
111.78000000 
103.34000000 
100.48000000 
33.39000000 
410.24000000 
31.76000000 
31.13000000 
35.11000000 
104.23000000 
154.15000000 
30.15000000 
90.45000000 
212.82000000 
29.17000000 
205.13000000 
340.26000000 
52.93000000 
155.12000000 
8.31000000 
104.16000000 
515.96000000 
208.85000000 
201.34000000 
161.70000000 
86.25000000 
63.11000000 
117.38000000 
93.93000000 
75.23000000 
201.07000000 
101.24000000 
71.92000000 
163.83000000 
263.83000000 
96.59000000 
209.72000000 
85.52000000 
110.67000000 
155.21000000 
51.36000000 
66.63000000 
868.97000000 
130.00000000 
103.69000000 
450.15000000 
7.05000000 
411.79000000 
493.81000000 
108.27000000 
71.54000000 
554.84000000 
163.03000000 
290.53000000 
77.49000000 
112.73000000 
273.39000000 
78.54000000 
14.80000000 
251.58000000 
99.60000000 
90.05000000 
150.42000000 
209.49000000 
68.12000000 
47.28000000 
135.98000000 
39.60000000 
55.92000000 
178.93000000 
255.21000000 
31.11000000 
51.36000000 
450.98000000 
104.67000000 
51.51000000 
211.32000000 
154.34000000 
40.59000000 
288.45000000 
101.20000000 
181.36000000 
222.75000000 
62.11000000 
240.25000000 
375.80000000 
61.83000000 
107.51000000 
390.43000000 
685.28000000 
99.60000000 
73.12000000 
579.44000000 
43.76000000 
125.92000000 
61.59000000 
137.49000000 
482.73000000 
132.22000000 
1160.83000000 
20.66000000 
64.40000000 
102.97000000 
111.90000000 
110.26000000 
301.66000000 
195.96000000 
67.43000000 
76.75000000 
173.39000000 
67.67000000 
39.63000000 
467.18000000 
130.76000000 
94.46000000 
128.70000000 
141.86000000 
151.12000000 
261.53000000 
426.73000000 
27.74000000 
104.08000000 
29.43000000 
108.36000000 
68.71000000 
24.59000000 
51.15000000 
52.16000000 
178.25000000 
83.06000000 
185.75000000 
58.31000000 
69.77000000 
46.17000000 
266.65000000 
25.33000000 
63.76000000 
16.64000000 
40.75000000 
60.06000000 
260.43000000 
464.41000000 
36.22000000 
39.59000000 
48.21000000 
44.65000000 
103.21000000 
37.69000000 
75.97000000 
62.05000000 
70.66000000 
34.34000000 
57.03000000 
74.80000000 
86.86000000 
197.30000000 
119.57000000 
52.75000000 
253.32000000 
365.41000000 
333.62000000 
172.46000000 
143.81000000 
31.09000000 
16.69000000 
176.22000000 
208.46000000 
45.23000000 
25.17000000 
87.53000000 
51.53000000 
593.71000000 
537.29000000 
38.77000000 
198.09000000 
141.48000000 
184.63000000 
292.13000000 
163.95000000 
192.19000000 
637.25000000 
20.19000000 
25.77000000 
19.81000000 
32.58000000 
224.94000000 
112.98000000 
299.82000000 
256.23000000 
1385.22000000 
87.22000000 
193.88000000 
60.85000000 
29.92000000 
128.85000000 
36.51000000 
84.92000000 
484.85000000 
77.61000000 
118.74000000 
113.61000000 
198.49000000 
209.69000000 
262.52000000 
