0.00515300 
0.00512100 
0.00505000 
0.00506900 
0.00501500 
0.00503200 
0.00500300 
0.00500200 
0.00503100 
0.00502000 
0.00498300 
0.00497900 
0.00490000 
0.00496800 
0.00502000 
0.00499800 
0.00492300 
0.00508500 
0.00514400 
0.00511200 
0.00509200 
0.00505500 
0.00505000 
0.00506900 
0.00512000 
0.00512200 
0.00512000 
0.00510700 
0.00513200 
0.00507500 
0.00505000 
0.00507900 
0.00500600 
0.00505700 
0.00495600 
0.00489800 
0.00487100 
0.00487700 
0.00486600 
0.00480800 
0.00482800 
0.00483600 
0.00484600 
0.00486700 
0.00483900 
0.00484800 
0.00479200 
0.00479500 
0.00477000 
0.00482900 
0.00479500 
0.00489300 
0.00481800 
0.00476100 
0.00478200 
0.00473600 
0.00479400 
0.00474500 
0.00473700 
0.00472200 
0.00471500 
0.00472900 
0.00469400 
0.00468900 
0.00468000 
0.00470900 
0.00469300 
0.00467800 
0.00469500 
0.00466900 
0.00467000 
0.00462700 
0.00465900 
0.00460700 
0.00458900 
0.00454800 
0.00455200 
0.00449900 
0.00459600 
0.00461000 
0.00464200 
0.00466000 
0.00466600 
0.00466600 
0.00469100 
0.00466100 
0.00466800 
0.00469200 
0.00467600 
0.00468800 
0.00470000 
0.00471300 
0.00470800 
0.00471500 
0.00469200 
0.00470000 
0.00470700 
0.00467900 
0.00465400 
0.00469300 
0.00468000 
0.00467800 
0.00470000 
0.00469600 
0.00472000 
0.00473900 
0.00477000 
0.00474300 
0.00474400 
0.00476700 
0.00477800 
0.00477500 
0.00477100 
0.00476400 
0.00468500 
0.00468300 
0.00478100 
0.00478700 
0.00475500 
0.00472200 
0.00469800 
0.00467600 
0.00469000 
0.00465600 
0.00463600 
0.00462000 
0.00462000 
0.00460500 
0.00459800 
0.00459000 
0.00456400 
0.00456200 
0.00455300 
0.00451900 
0.00453400 
0.00453300 
0.00450400 
0.00452300 
0.00451600 
0.00453600 
0.00451500 
0.00454100 
0.00453800 
0.00453800 
0.00457700 
0.00453100 
0.00452100 
0.00460900 
0.00458900 
0.00459900 
0.00462100 
0.00465000 
0.00462500 
0.00459500 
0.00461300 
0.00456000 
0.00457300 
0.00457100 
0.00455000 
0.00451500 
0.00442800 
0.00444400 
0.00444400 
0.00445500 
0.00445800 
0.00449400 
0.00449700 
0.00449000 
0.00446800 
0.00442100 
0.00441700 
0.00442200 
0.00440700 
0.00440400 
0.00440700 
0.00441900 
0.00440000 
0.00438000 
0.00439900 
0.00439600 
0.00437600 
0.00435900 
0.00432700 
0.00429000 
0.00429000 
0.00429000 
0.00429800 
0.00429800 
0.00431300 
0.00434000 
0.00428500 
0.00425300 
0.00424200 
0.00422800 
0.00424700 
0.00422000 
0.00420200 
0.00422600 
0.00422900 
0.00425100 
0.00425100 
0.00422500 
0.00422500 
0.00420500 
0.00420900 
0.00424800 
0.00426500 
0.00428200 
0.00427300 
0.00424000 
0.00429500 
0.00432700 
0.00427400 
0.00428800 
0.00427400 
0.00426700 
0.00424800 
0.00423900 
0.00429100 
0.00429600 
0.00431200 
0.00429600 
0.00430000 
0.00430100 
0.00430100 
0.00431500 
0.00428700 
0.00427800 
0.00428000 
0.00427500 
0.00427600 
0.00430500 
0.00435200 
0.00436700 
0.00439700 
0.00436600 
0.00430300 
0.00428800 
0.00427500 
0.00431600 
0.00425300 
0.00424900 
0.00424000 
0.00425000 
0.00419200 
0.00421000 
0.00423800 
0.00422200 
0.00419900 
0.00418100 
0.00418300 
0.00416300 
0.00415300 
0.00415300 
0.00415100 
0.00415200 
0.00415200 
0.00415700 
0.00416100 
0.00417500 
0.00415500 
0.00417000 
0.00416100 
0.00415700 
0.00416000 
0.00416000 
0.00415300 
0.00415300 
0.00414300 
0.00413600 
0.00411300 
0.00412600 
0.00414200 
0.00413600 
0.00413600 
0.00412300 
0.00412800 
0.00414100 
0.00410500 
0.00411600 
0.00412000 
0.00413600 
0.00415600 
0.00415700 
0.00418000 
0.00418600 
0.00416700 
0.00417100 
0.00413500 
0.00414100 
0.00414100 
0.00411500 
0.00412900 
0.00410000 
0.00410000 
0.00411500 
0.00410000 
0.00412300 
0.00411100 
0.00413400 
0.00413900 
0.00413000 
0.00413400 
0.00413800 
0.00414700 
0.00413800 
0.00415800 
0.00412500 
0.00416000 
0.00416700 
0.00413500 
0.00419000 
0.00420700 
0.00424300 
0.00422400 
0.00425000 
0.00422300 
0.00418300 
0.00415600 
0.00415300 
0.00414800 
0.00414700 
0.00414800 
0.00415700 
0.00416400 
0.00418800 
0.00416300 
0.00415800 
0.00412400 
0.00415300 
0.00415900 
0.00416200 
0.00415900 
0.00418700 
0.00421300 
0.00417800 
0.00422400 
0.00423700 
0.00423000 
0.00425600 
0.00424300 
0.00424000 
0.00426300 
0.00424500 
0.00422400 
0.00425100 
0.00426700 
0.00426700 
0.00426900 
0.00428200 
0.00427400 
0.00426700 
0.00423100 
0.00422300 
0.00420000 
0.00418500 
0.00415800 
0.00415300 
0.00415900 
0.00416100 
0.00418000 
0.00415900 
0.00419400 
0.00419400 
0.00422300 
0.00419400 
0.00420100 
0.00421800 
0.00421100 
0.00421700 
0.00421800 
0.00424100 
0.00426500 
0.00427400 
0.00430500 
0.00429800 
0.00429000 
0.00429200 
0.00428800 
0.00427400 
0.00427000 
0.00429700 
0.00426100 
0.00427600 
0.00426800 
0.00429200 
0.00429200 
0.00428500 
0.00430000 
0.00433100 
0.00433800 
0.00430000 
0.00437600 
0.00437900 
0.00435400 
0.00439200 
0.00435400 
0.00440900 
0.00441200 
0.00440400 
0.00441300 
0.00440500 
0.00440200 
0.00440200 
0.00441600 
0.00441900 
0.00444100 
0.00443700 
0.00443000 
0.00442400 
0.00446000 
0.00447900 
0.00448700 
0.00448900 
0.00446100 
0.00445100 
0.00449800 
0.00449900 
0.00450000 
0.00453300 
0.00453400 
0.00456000 
0.00456000 
0.00456000 
0.00453300 
0.00456800 
0.00457200 
0.00457200 
0.00459700 
0.00459200 
0.00457900 
0.00453400 
0.00452600 
0.00447800 
0.00446400 
0.00450400 
0.00446000 
0.00451900 
0.00446100 
0.00443400 
0.00443200 
0.00448800 
0.00443200 
0.00442400 
0.00442800 
0.00443000 
0.00444300 
0.00437900 
0.00435800 
0.00435500 
0.00436300 
0.00435000 
0.00439200 
0.00438500 
0.00441300 
0.00437000 
0.00455100 
0.00455100 
0.00456200 
0.00455900 
0.00457200 
0.00457700 
0.00458200 
0.00452900 
0.00450800 
0.00459200 
0.00457500 
0.00459500 
0.00457700 
0.00457100 
0.00454200 
0.00454500 
0.00453400 
0.00447400 
0.00444200 
0.00443400 
0.00440700 
0.00441300 
0.00440000 
0.00441400 
0.00515300 
0.00512100 
0.00505000 
0.00506900 
0.00501500 
0.00503200 
0.00500300 
0.00500200 
0.00503100 
0.00502000 
0.00498300 
0.00497900 
0.00490000 
0.00496800 
0.00502000 
0.00499800 
0.00492300 
0.00508500 
0.00514400 
0.00511200 
0.00509200 
0.00505500 
0.00505000 
0.00506900 
0.00512000 
0.00512200 
0.00512000 
0.00510700 
0.00513200 
0.00507500 
0.00505000 
0.00507900 
0.00500600 
0.00505700 
0.00495600 
0.00489800 
0.00487100 
0.00487700 
0.00486600 
0.00480800 
0.00482800 
0.00483600 
0.00484600 
0.00486700 
0.00483900 
0.00484800 
0.00479200 
0.00479500 
0.00477000 
0.00482900 
0.00479500 
0.00489300 
0.00481800 
0.00476100 
0.00478200 
0.00473600 
0.00479400 
0.00474500 
0.00473700 
0.00472200 
0.00471500 
0.00472900 
0.00469400 
0.00468900 
0.00468000 
0.00470900 
0.00469300 
0.00467800 
0.00469500 
0.00466900 
0.00467000 
0.00462700 
0.00465900 
0.00460700 
0.00458900 
0.00454800 
0.00455200 
0.00449900 
0.00459600 
0.00461000 
0.00464200 
0.00466000 
0.00466600 
0.00466600 
0.00469100 
0.00466100 
0.00466800 
0.00469200 
0.00467600 
0.00468800 
0.00470000 
0.00471300 
0.00470800 
0.00471500 
0.00469200 
0.00470000 
0.00470700 
0.00467900 
0.00465400 
0.00469300 
0.00468000 
0.00467800 
0.00470000 
0.00469600 
0.00472000 
0.00473900 
0.00477000 
0.00474300 
0.00474400 
0.00476700 
0.00477800 
0.00477500 
0.00477100 
0.00476400 
0.00468500 
0.00468300 
0.00478100 
0.00478700 
0.00475500 
0.00472200 
0.00469800 
0.00467600 
0.00469000 
0.00465600 
0.00463600 
0.00462000 
0.00462000 
0.00460500 
0.00459800 
0.00459000 
0.00456400 
0.00456200 
0.00455300 
0.00451900 
0.00453400 
0.00453300 
0.00450400 
0.00452300 
0.00451600 
0.00453600 
0.00451500 
0.00454100 
0.00453800 
0.00453800 
0.00457700 
0.00453100 
0.00452100 
0.00460900 
0.00458900 
0.00459900 
0.00462100 
0.00465000 
0.00462500 
0.00459500 
0.00461300 
0.00456000 
0.00457300 
0.00457100 
0.00455000 
0.00451500 
0.00442800 
0.00444400 
0.00444400 
0.00445500 
0.00445800 
0.00449400 
0.00449700 
0.00449000 
0.00446800 
0.00442100 
0.00441700 
0.00442200 
0.00440700 
0.00440400 
0.00440700 
0.00441900 
0.00440000 
0.00438000 
0.00439900 
0.00439600 
0.00437600 
0.00435900 
0.00432700 
0.00429000 
0.00429000 
0.00429000 
0.00429800 
0.00429800 
0.00431300 
0.00434000 
0.00428500 
0.00425300 
0.00424200 
0.00422800 
0.00424700 
0.00422000 
0.00420200 
0.00422600 
0.00422900 
0.00425100 
0.00425100 
0.00422500 
0.00422500 
0.00420500 
0.00420900 
0.00424800 
0.00426500 
0.00428200 
0.00427300 
0.00424000 
0.00429500 
0.00432700 
0.00427400 
0.00428800 
0.00427400 
0.00426700 
0.00424800 
0.00423900 
0.00429100 
0.00429600 
0.00431200 
0.00429600 
0.00430000 
0.00430100 
0.00430100 
0.00431500 
0.00428700 
0.00427800 
0.00428000 
0.00427500 
0.00427600 
0.00430500 
0.00435200 
0.00436700 
0.00439700 
0.00436600 
0.00430300 
0.00428800 
0.00427500 
0.00431600 
0.00425300 
0.00424900 
0.00424000 
0.00425000 
0.00419200 
0.00421000 
0.00423800 
0.00422200 
0.00419900 
0.00418100 
0.00418300 
0.00416300 
0.00415300 
0.00415300 
0.00415100 
0.00415200 
0.00415200 
0.00415700 
0.00416100 
0.00417500 
0.00415500 
0.00417000 
0.00416100 
0.00415700 
0.00416000 
0.00416000 
0.00415300 
0.00415300 
0.00414300 
0.00413600 
0.00411300 
0.00412600 
0.00414200 
0.00413600 
0.00413600 
0.00412300 
0.00412800 
0.00414100 
0.00410500 
0.00411600 
0.00412000 
0.00413600 
0.00415600 
0.00415700 
0.00418000 
0.00418600 
0.00416700 
0.00417100 
0.00413500 
0.00414100 
0.00414100 
0.00411500 
0.00412900 
0.00410000 
0.00410000 
0.00411500 
0.00410000 
0.00412300 
0.00411100 
0.00413400 
0.00413900 
0.00413000 
0.00413400 
0.00413800 
0.00414700 
0.00413800 
0.00415800 
0.00412500 
0.00416000 
0.00416700 
0.00413500 
0.00419000 
0.00420700 
0.00424300 
0.00422400 
0.00425000 
0.00422300 
0.00418300 
0.00415600 
0.00415300 
0.00414800 
0.00414700 
0.00414800 
0.00415700 
0.00416400 
0.00418800 
0.00416300 
0.00415800 
0.00412400 
0.00415300 
0.00415900 
0.00416200 
0.00415900 
0.00418700 
0.00421300 
0.00417800 
0.00422400 
0.00423700 
0.00423000 
0.00425600 
0.00424300 
0.00424000 
0.00426300 
0.00424500 
0.00422400 
0.00425100 
0.00426700 
0.00426700 
0.00426900 
0.00428200 
0.00427400 
0.00426700 
0.00423100 
0.00422300 
0.00420000 
0.00418500 
0.00415800 
0.00415300 
0.00415900 
0.00416100 
0.00418000 
0.00415900 
0.00419400 
0.00419400 
0.00422300 
0.00419400 
0.00420100 
0.00421800 
0.00421100 
0.00421700 
0.00421800 
0.00424100 
0.00426500 
0.00427400 
0.00430500 
0.00429800 
0.00429000 
0.00429200 
0.00428800 
0.00427400 
0.00427000 
0.00429700 
0.00426100 
0.00427600 
0.00426800 
0.00429200 
0.00429200 
0.00428500 
0.00430000 
0.00433100 
0.00433800 
0.00430000 
0.00437600 
0.00437900 
0.00435400 
0.00439200 
0.00435400 
0.00440900 
0.00441200 
0.00440400 
0.00441300 
0.00440500 
0.00440200 
0.00440200 
0.00441600 
0.00441900 
0.00444100 
0.00443700 
0.00443000 
0.00442400 
0.00446000 
0.00447900 
0.00448700 
0.00448900 
0.00446100 
0.00445100 
0.00449800 
0.00449900 
0.00450000 
0.00453300 
0.00453400 
0.00456000 
0.00456000 
0.00456000 
0.00453300 
0.00456800 
0.00457200 
0.00457200 
0.00459700 
0.00459200 
0.00457900 
0.00453400 
0.00452600 
0.00447800 
0.00446400 
0.00450400 
0.00446000 
0.00451900 
0.00446100 
0.00443400 
0.00443200 
0.00448800 
0.00443200 
0.00442400 
0.00442800 
0.00443000 
0.00444300 
0.00437900 
0.00435800 
0.00435500 
0.00436300 
0.00435000 
0.00439200 
0.00438500 
0.00441300 
0.00437000 
0.00455100 
0.00455100 
0.00456200 
0.00455900 
0.00457200 
0.00457700 
0.00458200 
0.00452900 
0.00450800 
0.00459200 
0.00457500 
0.00459500 
0.00457700 
0.00457100 
0.00454200 
0.00454500 
0.00453400 
0.00447400 
0.00444200 
0.00443400 
0.00440700 
0.00441300 
0.00440000 
0.00441400 
0.00515300 
0.00512100 
0.00505000 
0.00506900 
0.00501500 
0.00503200 
0.00500300 
0.00500200 
0.00503100 
0.00502000 
0.00498300 
0.00497900 
0.00490000 
0.00496800 
0.00502000 
0.00499800 
0.00492300 
0.00508500 
0.00514400 
0.00511200 
0.00509200 
0.00505500 
0.00505000 
0.00506900 
0.00512000 
0.00512200 
0.00512000 
0.00510700 
0.00513200 
0.00507500 
0.00505000 
0.00507900 
0.00500600 
0.00505700 
0.00495600 
0.00489800 
0.00487100 
0.00487700 
0.00486600 
0.00480800 
0.00482800 
0.00483600 
0.00484600 
0.00486700 
0.00483900 
0.00484800 
0.00479200 
0.00479500 
0.00477000 
0.00482900 
0.00479500 
0.00489300 
0.00481800 
0.00476100 
0.00478200 
0.00473600 
0.00479400 
0.00474500 
0.00473700 
0.00472200 
0.00471500 
0.00472900 
0.00469400 
0.00468900 
0.00468000 
0.00470900 
0.00469300 
0.00467800 
0.00469500 
0.00466900 
0.00467000 
0.00462700 
0.00465900 
0.00460700 
0.00458900 
0.00454800 
0.00455200 
0.00449900 
0.00459600 
0.00461000 
0.00464200 
0.00466000 
0.00466600 
0.00466600 
0.00469100 
0.00466100 
0.00466800 
0.00469200 
0.00467600 
0.00468800 
0.00470000 
0.00471300 
0.00470800 
0.00471500 
0.00469200 
0.00470000 
0.00470700 
0.00467900 
0.00465400 
0.00469300 
0.00468000 
0.00467800 
0.00470000 
0.00469600 
0.00472000 
0.00473900 
0.00477000 
0.00474300 
0.00474400 
0.00476700 
0.00477800 
0.00477500 
0.00477100 
0.00476400 
0.00468500 
0.00468300 
0.00478100 
0.00478700 
0.00475500 
0.00472200 
0.00469800 
0.00467600 
0.00469000 
0.00465600 
0.00463600 
0.00462000 
0.00462000 
0.00460500 
0.00459800 
0.00459000 
0.00456400 
0.00456200 
0.00455300 
0.00451900 
0.00453400 
0.00453300 
0.00450400 
0.00452300 
0.00451600 
0.00453600 
0.00451500 
0.00454100 
0.00453800 
0.00453800 
0.00457700 
0.00453100 
0.00452100 
0.00460900 
0.00458900 
0.00459900 
0.00462100 
0.00465000 
0.00462500 
0.00459500 
0.00461300 
0.00456000 
0.00457300 
0.00457100 
0.00455000 
0.00451500 
0.00442800 
0.00444400 
0.00444400 
0.00445500 
0.00445800 
0.00449400 
0.00449700 
0.00449000 
0.00446800 
0.00442100 
0.00441700 
0.00442200 
0.00440700 
0.00440400 
0.00440700 
0.00441900 
0.00440000 
0.00438000 
0.00439900 
0.00439600 
0.00437600 
0.00435900 
0.00432700 
0.00429000 
0.00429000 
0.00429000 
0.00429800 
0.00429800 
0.00431300 
0.00434000 
0.00428500 
0.00425300 
0.00424200 
0.00422800 
0.00424700 
0.00422000 
0.00420200 
0.00422600 
0.00422900 
0.00425100 
0.00425100 
0.00422500 
0.00422500 
0.00420500 
0.00420900 
0.00424800 
0.00426500 
0.00428200 
0.00427300 
0.00424000 
0.00429500 
0.00432700 
0.00427400 
0.00428800 
0.00427400 
0.00426700 
0.00424800 
0.00423900 
0.00429100 
0.00429600 
0.00431200 
0.00429600 
0.00430000 
0.00430100 
0.00430100 
0.00431500 
0.00428700 
0.00427800 
0.00428000 
0.00427500 
0.00427600 
0.00430500 
0.00435200 
0.00436700 
0.00439700 
0.00436600 
0.00430300 
0.00428800 
0.00427500 
0.00431600 
0.00425300 
0.00424900 
0.00424000 
0.00425000 
0.00419200 
0.00421000 
0.00423800 
0.00422200 
0.00419900 
0.00418100 
0.00418300 
0.00416300 
0.00415300 
0.00415300 
0.00415100 
0.00415200 
0.00415200 
0.00415700 
0.00416100 
0.00417500 
0.00415500 
0.00417000 
0.00416100 
0.00415700 
0.00416000 
0.00416000 
0.00415300 
0.00415300 
0.00414300 
0.00413600 
0.00411300 
0.00412600 
0.00414200 
0.00413600 
0.00413600 
0.00412300 
0.00412800 
0.00414100 
0.00410500 
0.00411600 
0.00412000 
0.00413600 
0.00415600 
0.00415700 
0.00418000 
0.00418600 
0.00416700 
0.00417100 
0.00413500 
0.00414100 
0.00414100 
0.00411500 
0.00412900 
0.00410000 
0.00410000 
0.00411500 
0.00410000 
0.00412300 
0.00411100 
0.00413400 
0.00413900 
0.00413000 
0.00413400 
0.00413800 
0.00414700 
0.00413800 
0.00415800 
0.00412500 
0.00416000 
0.00416700 
0.00413500 
0.00419000 
0.00420700 
0.00424300 
0.00422400 
0.00425000 
0.00422300 
0.00418300 
0.00415600 
0.00415300 
0.00414800 
0.00414700 
0.00414800 
0.00415700 
0.00416400 
0.00418800 
0.00416300 
0.00415800 
0.00412400 
0.00415300 
0.00415900 
0.00416200 
0.00415900 
0.00418700 
0.00421300 
0.00417800 
0.00422400 
0.00423700 
0.00423000 
0.00425600 
0.00424300 
0.00424000 
0.00426300 
0.00424500 
0.00422400 
0.00425100 
0.00426700 
0.00426700 
0.00426900 
0.00428200 
0.00427400 
0.00426700 
0.00423100 
0.00422300 
0.00420000 
0.00418500 
0.00415800 
0.00415300 
0.00415900 
0.00416100 
0.00418000 
0.00415900 
0.00419400 
0.00419400 
0.00422300 
0.00419400 
0.00420100 
0.00421800 
0.00421100 
0.00421700 
0.00421800 
0.00424100 
0.00426500 
0.00427400 
0.00430500 
0.00429800 
0.00429000 
0.00429200 
0.00428800 
0.00427400 
0.00427000 
0.00429700 
0.00426100 
0.00427600 
0.00426800 
0.00429200 
0.00429200 
0.00428500 
0.00430000 
0.00433100 
0.00433800 
0.00430000 
0.00437600 
0.00437900 
0.00435400 
0.00439200 
0.00435400 
0.00440900 
0.00441200 
0.00440400 
0.00441300 
0.00440500 
0.00440200 
0.00440200 
0.00441600 
0.00441900 
0.00444100 
0.00443700 
0.00443000 
0.00442400 
0.00446000 
0.00447900 
0.00448700 
0.00448900 
0.00446100 
0.00445100 
0.00449800 
0.00449900 
0.00450000 
0.00453300 
0.00453400 
0.00456000 
0.00456000 
0.00456000 
0.00453300 
0.00456800 
0.00457200 
0.00457200 
0.00459700 
0.00459200 
0.00457900 
0.00453400 
0.00452600 
0.00447800 
0.00446400 
0.00450400 
0.00446000 
0.00451900 
0.00446100 
0.00443400 
0.00443200 
0.00448800 
0.00443200 
0.00442400 
0.00442800 
0.00443000 
0.00444300 
0.00437900 
0.00435800 
0.00435500 
0.00436300 
0.00435000 
0.00439200 
0.00438500 
0.00441300 
0.00437000 
0.00455100 
0.00455100 
0.00456200 
0.00455900 
0.00457200 
0.00457700 
0.00458200 
0.00452900 
0.00450800 
0.00459200 
0.00457500 
0.00459500 
0.00457700 
0.00457100 
0.00454200 
0.00454500 
0.00453400 
0.00447400 
0.00444200 
0.00443400 
0.00440700 
0.00441300 
0.00440000 
0.00441400 
