0.00003305 
0.00003300 
0.00003318 
0.00003322 
0.00003324 
0.00003339 
0.00003347 
0.00003340 
0.00003339 
0.00003318 
0.00003398 
0.00003351 
0.00003335 
0.00003351 
0.00003332 
0.00003346 
0.00003333 
0.00003339 
0.00003351 
0.00003352 
0.00003352 
0.00003335 
0.00003351 
0.00003334 
0.00003383 
0.00003396 
0.00003390 
0.00003417 
0.00003430 
0.00003405 
0.00003441 
0.00003479 
0.00003385 
0.00003319 
0.00003306 
0.00003262 
0.00003263 
0.00003257 
0.00003231 
0.00003213 
0.00003213 
0.00003218 
0.00003217 
0.00003211 
0.00003216 
0.00003232 
0.00003272 
0.00003248 
0.00003263 
0.00003259 
0.00003260 
0.00003261 
0.00003243 
0.00003209 
0.00003204 
0.00003214 
0.00003234 
0.00003234 
0.00003215 
0.00003212 
0.00003201 
0.00003199 
0.00003175 
0.00003126 
0.00003169 
0.00003204 
0.00003214 
0.00003263 
0.00003223 
0.00003240 
0.00003256 
0.00003271 
0.00003269 
0.00003277 
0.00003319 
0.00003319 
0.00003334 
0.00003321 
0.00003369 
0.00003397 
0.00003420 
0.00003470 
0.00003450 
0.00003438 
0.00003408 
0.00003345 
0.00003373 
0.00003400 
0.00003443 
0.00003426 
0.00003446 
0.00003439 
0.00003481 
0.00003398 
0.00003370 
0.00003355 
0.00003347 
0.00003345 
0.00003327 
0.00003319 
0.00003333 
0.00003371 
0.00003370 
0.00003382 
0.00003396 
0.00003390 
0.00003455 
0.00003474 
0.00003478 
0.00003463 
0.00003458 
0.00003450 
0.00003450 
0.00003457 
0.00003402 
0.00003400 
0.00003364 
0.00003391 
0.00003361 
0.00003308 
0.00003311 
0.00003315 
0.00003404 
0.00003419 
0.00003381 
0.00003300 
0.00003265 
0.00003243 
0.00003230 
0.00003220 
0.00003219 
0.00003191 
0.00003212 
0.00003231 
0.00003219 
0.00003200 
0.00003196 
0.00003171 
0.00003194 
0.00003229 
0.00003190 
0.00003172 
0.00003179 
0.00003187 
0.00003250 
0.00003275 
0.00003245 
0.00003264 
0.00003235 
0.00003249 
0.00003249 
0.00003240 
0.00003289 
0.00003257 
0.00003249 
0.00003170 
0.00003131 
0.00003169 
0.00003137 
0.00003124 
0.00003077 
0.00003043 
0.00003147 
0.00003138 
0.00003130 
0.00003134 
0.00003131 
0.00003110 
0.00003152 
0.00003172 
0.00003131 
0.00003100 
0.00003085 
0.00003072 
0.00003088 
0.00002978 
0.00002973 
0.00002973 
0.00002943 
0.00002955 
0.00002962 
0.00002972 
0.00002963 
0.00002968 
0.00002925 
0.00003062 
0.00002968 
0.00002957 
0.00002992 
0.00002997 
0.00003014 
0.00002978 
0.00002963 
0.00002958 
0.00002979 
0.00002980 
0.00002958 
0.00002958 
0.00002965 
0.00002967 
0.00002973 
0.00002967 
0.00002973 
0.00002985 
0.00002973 
0.00003000 
0.00002999 
0.00002999 
0.00002973 
0.00003000 
0.00002999 
0.00003000 
0.00002998 
0.00002975 
0.00002994 
0.00002965 
0.00002967 
0.00002965 
0.00002976 
0.00002965 
0.00002979 
0.00002997 
0.00002977 
0.00002984 
0.00003004 
0.00003006 
0.00002982 
0.00002983 
0.00002970 
0.00002967 
0.00002989 
0.00002989 
0.00002977 
0.00002974 
0.00002978 
0.00002973 
0.00002999 
0.00002967 
0.00002950 
0.00002950 
0.00002952 
0.00002931 
0.00002911 
0.00002916 
0.00002897 
0.00002915 
0.00002890 
0.00002892 
0.00002910 
0.00002891 
0.00002880 
0.00002867 
0.00002866 
0.00002859 
0.00002860 
0.00002865 
0.00002855 
0.00002834 
0.00002865 
0.00002852 
0.00002852 
0.00002850 
0.00002808 
0.00002758 
0.00002726 
0.00002678 
0.00002684 
0.00002682 
0.00002682 
0.00002707 
0.00002703 
0.00002701 
0.00002700 
0.00002700 
0.00002638 
0.00002637 
0.00002686 
0.00002664 
0.00002664 
0.00002656 
0.00002651 
0.00002657 
0.00002655 
0.00002654 
0.00002656 
0.00002651 
0.00002670 
0.00002663 
0.00002645 
0.00002646 
0.00002626 
0.00002618 
0.00002621 
0.00002620 
0.00002630 
0.00002631 
0.00002632 
0.00002625 
0.00002637 
0.00002662 
0.00002670 
0.00002681 
0.00002687 
0.00002687 
0.00002692 
0.00002694 
0.00002692 
0.00002687 
0.00002707 
0.00002709 
0.00002708 
0.00002739 
0.00002719 
0.00002740 
0.00002784 
0.00002755 
0.00002753 
0.00002768 
0.00002768 
0.00002749 
0.00002774 
0.00002746 
0.00002741 
0.00002758 
0.00002745 
0.00002745 
0.00002771 
0.00002731 
0.00002720 
0.00002719 
0.00002719 
0.00002778 
0.00002756 
0.00002786 
0.00002785 
0.00002786 
0.00002790 
0.00002800 
0.00002801 
0.00002823 
0.00002800 
0.00002800 
0.00002802 
0.00002802 
0.00002800 
0.00002800 
0.00002832 
0.00002805 
0.00002807 
0.00002800 
0.00002800 
0.00002800 
0.00002817 
0.00002816 
0.00002800 
0.00002800 
0.00002804 
0.00002807 
0.00002820 
0.00002828 
0.00002828 
0.00002868 
0.00002868 
0.00002807 
0.00002802 
0.00002801 
0.00002802 
0.00002807 
0.00002802 
0.00002818 
0.00002813 
0.00002813 
0.00002824 
0.00002815 
0.00002817 
0.00002817 
0.00002817 
0.00002831 
0.00002823 
0.00002813 
0.00002833 
0.00002813 
0.00002804 
0.00002807 
0.00002812 
0.00002812 
0.00002807 
0.00002815 
0.00002851 
0.00002840 
0.00002816 
0.00002841 
0.00002810 
0.00002836 
0.00002818 
0.00002806 
0.00002807 
0.00002820 
0.00002824 
0.00002840 
0.00002828 
0.00002823 
0.00002823 
0.00002828 
0.00002848 
0.00002830 
0.00002842 
0.00002849 
0.00002849 
0.00002834 
0.00002885 
0.00002885 
0.00002868 
0.00002868 
0.00002886 
0.00002886 
0.00002886 
0.00002875 
0.00002868 
0.00002868 
0.00002868 
0.00002883 
0.00002868 
0.00002873 
0.00002869 
0.00002869 
0.00002888 
0.00002871 
0.00002888 
0.00002870 
0.00002870 
0.00002870 
0.00002871 
0.00002871 
0.00002871 
0.00002871 
0.00002872 
0.00002871 
0.00002880 
0.00002886 
0.00002886 
0.00002895 
0.00002881 
0.00002898 
0.00002890 
0.00002894 
0.00002901 
0.00002895 
0.00002882 
0.00002874 
0.00002855 
0.00002873 
0.00002890 
0.00002877 
0.00002879 
0.00002891 
0.00002914 
0.00002924 
0.00002925 
0.00002930 
0.00002935 
0.00002936 
0.00002933 
0.00002943 
0.00002943 
0.00002932 
0.00002951 
0.00002961 
0.00002967 
0.00002965 
0.00002971 
0.00002981 
0.00002976 
0.00002963 
0.00002969 
0.00003002 
0.00002980 
0.00002934 
0.00002918 
0.00002933 
0.00003305 
0.00003300 
0.00003318 
0.00003322 
0.00003324 
0.00003339 
0.00003347 
0.00003340 
0.00003339 
0.00003318 
0.00003398 
0.00003351 
0.00003335 
0.00003351 
0.00003332 
0.00003346 
0.00003333 
0.00003339 
0.00003351 
0.00003352 
0.00003352 
0.00003335 
0.00003351 
0.00003334 
0.00003383 
0.00003396 
0.00003390 
0.00003417 
0.00003430 
0.00003405 
0.00003441 
0.00003479 
0.00003385 
0.00003319 
0.00003306 
0.00003262 
0.00003263 
0.00003257 
0.00003231 
0.00003213 
0.00003213 
0.00003218 
0.00003217 
0.00003211 
0.00003216 
0.00003232 
0.00003272 
0.00003248 
0.00003263 
0.00003259 
0.00003260 
0.00003261 
0.00003243 
0.00003209 
0.00003204 
0.00003214 
0.00003234 
0.00003234 
0.00003215 
0.00003212 
0.00003201 
0.00003199 
0.00003175 
0.00003126 
0.00003169 
0.00003204 
0.00003214 
0.00003263 
0.00003223 
0.00003240 
0.00003256 
0.00003271 
0.00003269 
0.00003277 
0.00003319 
0.00003319 
0.00003334 
0.00003321 
0.00003369 
0.00003397 
0.00003420 
0.00003470 
0.00003450 
0.00003438 
0.00003408 
0.00003345 
0.00003373 
0.00003400 
0.00003443 
0.00003426 
0.00003446 
0.00003439 
0.00003481 
0.00003398 
0.00003370 
0.00003355 
0.00003347 
0.00003345 
0.00003327 
0.00003319 
0.00003333 
0.00003371 
0.00003370 
0.00003382 
0.00003396 
0.00003390 
0.00003455 
0.00003474 
0.00003478 
0.00003463 
0.00003458 
0.00003450 
0.00003450 
0.00003457 
0.00003402 
0.00003400 
0.00003364 
0.00003391 
0.00003361 
0.00003308 
0.00003311 
0.00003315 
0.00003404 
0.00003419 
0.00003381 
0.00003300 
0.00003265 
0.00003243 
0.00003230 
0.00003220 
0.00003219 
0.00003191 
0.00003212 
0.00003231 
0.00003219 
0.00003200 
0.00003196 
0.00003171 
0.00003194 
0.00003229 
0.00003190 
0.00003172 
0.00003179 
0.00003187 
0.00003250 
0.00003275 
0.00003245 
0.00003264 
0.00003235 
0.00003249 
0.00003249 
0.00003240 
0.00003289 
0.00003257 
0.00003249 
0.00003170 
0.00003131 
0.00003169 
0.00003137 
0.00003124 
0.00003077 
0.00003043 
0.00003147 
0.00003138 
0.00003130 
0.00003134 
0.00003131 
0.00003110 
0.00003152 
0.00003172 
0.00003131 
0.00003100 
0.00003085 
0.00003072 
0.00003088 
0.00002978 
0.00002973 
0.00002973 
0.00002943 
0.00002955 
0.00002962 
0.00002972 
0.00002963 
0.00002968 
0.00002925 
0.00003062 
0.00002968 
0.00002957 
0.00002992 
0.00002997 
0.00003014 
0.00002978 
0.00002963 
0.00002958 
0.00002979 
0.00002980 
0.00002958 
0.00002958 
0.00002965 
0.00002967 
0.00002973 
0.00002967 
0.00002973 
0.00002985 
0.00002973 
0.00003000 
0.00002999 
0.00002999 
0.00002973 
0.00003000 
0.00002999 
0.00003000 
0.00002998 
0.00002975 
0.00002994 
0.00002965 
0.00002967 
0.00002965 
0.00002976 
0.00002965 
0.00002979 
0.00002997 
0.00002977 
0.00002984 
0.00003004 
0.00003006 
0.00002982 
0.00002983 
0.00002970 
0.00002967 
0.00002989 
0.00002989 
0.00002977 
0.00002974 
0.00002978 
0.00002973 
0.00002999 
0.00002967 
0.00002950 
0.00002950 
0.00002952 
0.00002931 
0.00002911 
0.00002916 
0.00002897 
0.00002915 
0.00002890 
0.00002892 
0.00002910 
0.00002891 
0.00002880 
0.00002867 
0.00002866 
0.00002859 
0.00002860 
0.00002865 
0.00002855 
0.00002834 
0.00002865 
0.00002852 
0.00002852 
0.00002850 
0.00002808 
0.00002758 
0.00002726 
0.00002678 
0.00002684 
0.00002682 
0.00002682 
0.00002707 
0.00002703 
0.00002701 
0.00002700 
0.00002700 
0.00002638 
0.00002637 
0.00002686 
0.00002664 
0.00002664 
0.00002656 
0.00002651 
0.00002657 
0.00002655 
0.00002654 
0.00002656 
0.00002651 
0.00002670 
0.00002663 
0.00002645 
0.00002646 
0.00002626 
0.00002618 
0.00002621 
0.00002620 
0.00002630 
0.00002631 
0.00002632 
0.00002625 
0.00002637 
0.00002662 
0.00002670 
0.00002681 
0.00002687 
0.00002687 
0.00002692 
0.00002694 
0.00002692 
0.00002687 
0.00002707 
0.00002709 
0.00002708 
0.00002739 
0.00002719 
0.00002740 
0.00002784 
0.00002755 
0.00002753 
0.00002768 
0.00002768 
0.00002749 
0.00002774 
0.00002746 
0.00002741 
0.00002758 
0.00002745 
0.00002745 
0.00002771 
0.00002731 
0.00002720 
0.00002719 
0.00002719 
0.00002778 
0.00002756 
0.00002786 
0.00002785 
0.00002786 
0.00002790 
0.00002800 
0.00002801 
0.00002823 
0.00002800 
0.00002800 
0.00002802 
0.00002802 
0.00002800 
0.00002800 
0.00002832 
0.00002805 
0.00002807 
0.00002800 
0.00002800 
0.00002800 
0.00002817 
0.00002816 
0.00002800 
0.00002800 
0.00002804 
0.00002807 
0.00002820 
0.00002828 
0.00002828 
0.00002868 
0.00002868 
0.00002807 
0.00002802 
0.00002801 
0.00002802 
0.00002807 
0.00002802 
0.00002818 
0.00002813 
0.00002813 
0.00002824 
0.00002815 
0.00002817 
0.00002817 
0.00002817 
0.00002831 
0.00002823 
0.00002813 
0.00002833 
0.00002813 
0.00002804 
0.00002807 
0.00002812 
0.00002812 
0.00002807 
0.00002815 
0.00002851 
0.00002840 
0.00002816 
0.00002841 
0.00002810 
0.00002836 
0.00002818 
0.00002806 
0.00002807 
0.00002820 
0.00002824 
0.00002840 
0.00002828 
0.00002823 
0.00002823 
0.00002828 
0.00002848 
0.00002830 
0.00002842 
0.00002849 
0.00002849 
0.00002834 
0.00002885 
0.00002885 
0.00002868 
0.00002868 
0.00002886 
0.00002886 
0.00002886 
0.00002875 
0.00002868 
0.00002868 
0.00002868 
0.00002883 
0.00002868 
0.00002873 
0.00002869 
0.00002869 
0.00002888 
0.00002871 
0.00002888 
0.00002870 
0.00002870 
0.00002870 
0.00002871 
0.00002871 
0.00002871 
0.00002871 
0.00002872 
0.00002871 
0.00002880 
0.00002886 
0.00002886 
0.00002895 
0.00002881 
0.00002898 
0.00002890 
0.00002894 
0.00002901 
0.00002895 
0.00002882 
0.00002874 
0.00002855 
0.00002873 
0.00002890 
0.00002877 
0.00002879 
0.00002891 
0.00002914 
0.00002924 
0.00002925 
0.00002930 
0.00002935 
0.00002936 
0.00002933 
0.00002943 
0.00002943 
0.00002932 
0.00002951 
0.00002961 
0.00002967 
0.00002965 
0.00002971 
0.00002981 
0.00002976 
0.00002963 
0.00002969 
0.00003002 
0.00002980 
0.00002934 
0.00002918 
0.00002933 
0.00003305 
0.00003300 
0.00003318 
0.00003322 
0.00003324 
0.00003339 
0.00003347 
0.00003340 
0.00003339 
0.00003318 
0.00003398 
0.00003351 
0.00003335 
0.00003351 
0.00003332 
0.00003346 
0.00003333 
0.00003339 
0.00003351 
0.00003352 
0.00003352 
0.00003335 
0.00003351 
0.00003334 
0.00003383 
0.00003396 
0.00003390 
0.00003417 
0.00003430 
0.00003405 
0.00003441 
0.00003479 
0.00003385 
0.00003319 
0.00003306 
0.00003262 
0.00003263 
0.00003257 
0.00003231 
0.00003213 
0.00003213 
0.00003218 
0.00003217 
0.00003211 
0.00003216 
0.00003232 
0.00003272 
0.00003248 
0.00003263 
0.00003259 
0.00003260 
0.00003261 
0.00003243 
0.00003209 
0.00003204 
0.00003214 
0.00003234 
0.00003234 
0.00003215 
0.00003212 
0.00003201 
0.00003199 
0.00003175 
0.00003126 
0.00003169 
0.00003204 
0.00003214 
0.00003263 
0.00003223 
0.00003240 
0.00003256 
0.00003271 
0.00003269 
0.00003277 
0.00003319 
0.00003319 
0.00003334 
0.00003321 
0.00003369 
0.00003397 
0.00003420 
0.00003470 
0.00003450 
0.00003438 
0.00003408 
0.00003345 
0.00003373 
0.00003400 
0.00003443 
0.00003426 
0.00003446 
0.00003439 
0.00003481 
0.00003398 
0.00003370 
0.00003355 
0.00003347 
0.00003345 
0.00003327 
0.00003319 
0.00003333 
0.00003371 
0.00003370 
0.00003382 
0.00003396 
0.00003390 
0.00003455 
0.00003474 
0.00003478 
0.00003463 
0.00003458 
0.00003450 
0.00003450 
0.00003457 
0.00003402 
0.00003400 
0.00003364 
0.00003391 
0.00003361 
0.00003308 
0.00003311 
0.00003315 
0.00003404 
0.00003419 
0.00003381 
0.00003300 
0.00003265 
0.00003243 
0.00003230 
0.00003220 
0.00003219 
0.00003191 
0.00003212 
0.00003231 
0.00003219 
0.00003200 
0.00003196 
0.00003171 
0.00003194 
0.00003229 
0.00003190 
0.00003172 
0.00003179 
0.00003187 
0.00003250 
0.00003275 
0.00003245 
0.00003264 
0.00003235 
0.00003249 
0.00003249 
0.00003240 
0.00003289 
0.00003257 
0.00003249 
0.00003170 
0.00003131 
0.00003169 
0.00003137 
0.00003124 
0.00003077 
0.00003043 
0.00003147 
0.00003138 
0.00003130 
0.00003134 
0.00003131 
0.00003110 
0.00003152 
0.00003172 
0.00003131 
0.00003100 
0.00003085 
0.00003072 
0.00003088 
0.00002978 
0.00002973 
0.00002973 
0.00002943 
0.00002955 
0.00002962 
0.00002972 
0.00002963 
0.00002968 
0.00002925 
0.00003062 
0.00002968 
0.00002957 
0.00002992 
0.00002997 
0.00003014 
0.00002978 
0.00002963 
0.00002958 
0.00002979 
0.00002980 
0.00002958 
0.00002958 
0.00002965 
0.00002967 
0.00002973 
0.00002967 
0.00002973 
0.00002985 
0.00002973 
0.00003000 
0.00002999 
0.00002999 
0.00002973 
0.00003000 
0.00002999 
0.00003000 
0.00002998 
0.00002975 
0.00002994 
0.00002965 
0.00002967 
0.00002965 
0.00002976 
0.00002965 
0.00002979 
0.00002997 
0.00002977 
0.00002984 
0.00003004 
0.00003006 
0.00002982 
0.00002983 
0.00002970 
0.00002967 
0.00002989 
0.00002989 
0.00002977 
0.00002974 
0.00002978 
0.00002973 
0.00002999 
0.00002967 
0.00002950 
0.00002950 
0.00002952 
0.00002931 
0.00002911 
0.00002916 
0.00002897 
0.00002915 
0.00002890 
0.00002892 
0.00002910 
0.00002891 
0.00002880 
0.00002867 
0.00002866 
0.00002859 
0.00002860 
0.00002865 
0.00002855 
0.00002834 
0.00002865 
0.00002852 
0.00002852 
0.00002850 
0.00002808 
0.00002758 
0.00002726 
0.00002678 
0.00002684 
0.00002682 
0.00002682 
0.00002707 
0.00002703 
0.00002701 
0.00002700 
0.00002700 
0.00002638 
0.00002637 
0.00002686 
0.00002664 
0.00002664 
0.00002656 
0.00002651 
0.00002657 
0.00002655 
0.00002654 
0.00002656 
0.00002651 
0.00002670 
0.00002663 
0.00002645 
0.00002646 
0.00002626 
0.00002618 
0.00002621 
0.00002620 
0.00002630 
0.00002631 
0.00002632 
0.00002625 
0.00002637 
0.00002662 
0.00002670 
0.00002681 
0.00002687 
0.00002687 
0.00002692 
0.00002694 
0.00002692 
0.00002687 
0.00002707 
0.00002709 
0.00002708 
0.00002739 
0.00002719 
0.00002740 
0.00002784 
0.00002755 
0.00002753 
0.00002768 
0.00002768 
0.00002749 
0.00002774 
0.00002746 
0.00002741 
0.00002758 
0.00002745 
0.00002745 
0.00002771 
0.00002731 
0.00002720 
0.00002719 
0.00002719 
0.00002778 
0.00002756 
0.00002786 
0.00002785 
0.00002786 
0.00002790 
0.00002800 
0.00002801 
0.00002823 
0.00002800 
0.00002800 
0.00002802 
0.00002802 
0.00002800 
0.00002800 
0.00002832 
0.00002805 
0.00002807 
0.00002800 
0.00002800 
0.00002800 
0.00002817 
0.00002816 
0.00002800 
0.00002800 
0.00002804 
0.00002807 
0.00002820 
0.00002828 
0.00002828 
0.00002868 
0.00002868 
0.00002807 
0.00002802 
0.00002801 
0.00002802 
0.00002807 
0.00002802 
0.00002818 
0.00002813 
0.00002813 
0.00002824 
0.00002815 
0.00002817 
0.00002817 
0.00002817 
0.00002831 
0.00002823 
0.00002813 
0.00002833 
0.00002813 
0.00002804 
0.00002807 
0.00002812 
0.00002812 
0.00002807 
0.00002815 
0.00002851 
0.00002840 
0.00002816 
0.00002841 
0.00002810 
0.00002836 
0.00002818 
0.00002806 
0.00002807 
0.00002820 
0.00002824 
0.00002840 
0.00002828 
0.00002823 
0.00002823 
0.00002828 
0.00002848 
0.00002830 
0.00002842 
0.00002849 
0.00002849 
0.00002834 
0.00002885 
0.00002885 
0.00002868 
0.00002868 
0.00002886 
0.00002886 
0.00002886 
0.00002875 
0.00002868 
0.00002868 
0.00002868 
0.00002883 
0.00002868 
0.00002873 
0.00002869 
0.00002869 
0.00002888 
0.00002871 
0.00002888 
0.00002870 
0.00002870 
0.00002870 
0.00002871 
0.00002871 
0.00002871 
0.00002871 
0.00002872 
0.00002871 
0.00002880 
0.00002886 
0.00002886 
0.00002895 
0.00002881 
0.00002898 
0.00002890 
0.00002894 
0.00002901 
0.00002895 
0.00002882 
0.00002874 
0.00002855 
0.00002873 
0.00002890 
0.00002877 
0.00002879 
0.00002891 
0.00002914 
0.00002924 
0.00002925 
0.00002930 
0.00002935 
0.00002936 
0.00002933 
0.00002943 
0.00002943 
0.00002932 
0.00002951 
0.00002961 
0.00002967 
0.00002965 
0.00002971 
0.00002981 
0.00002976 
0.00002963 
0.00002969 
0.00003002 
0.00002980 
0.00002934 
0.00002918 
0.00002933 
