2844.00000000 
18081.00000000 
25643.00000000 
2888.00000000 
946.00000000 
645.00000000 
6474.00000000 
8434.00000000 
10556.00000000 
96427.00000000 
18486.00000000 
5393.00000000 
20088.00000000 
40219.00000000 
4150.00000000 
27858.00000000 
3796.00000000 
36721.00000000 
27378.00000000 
31700.00000000 
28149.00000000 
17339.00000000 
5106.00000000 
32236.00000000 
2249.00000000 
17332.00000000 
9294.00000000 
39368.00000000 
26284.00000000 
16487.00000000 
29440.00000000 
60463.00000000 
87018.00000000 
9385.00000000 
48810.00000000 
15907.00000000 
11358.00000000 
16013.00000000 
9711.00000000 
7787.00000000 
49771.00000000 
18069.00000000 
3151.00000000 
24197.00000000 
14211.00000000 
16059.00000000 
10933.00000000 
1813.00000000 
5255.00000000 
17549.00000000 
5156.00000000 
5183.00000000 
28919.00000000 
3921.00000000 
26837.00000000 
11458.00000000 
15299.00000000 
9888.00000000 
21858.00000000 
34024.00000000 
44413.00000000 
122613.00000000 
10694.00000000 
134236.00000000 
84206.00000000 
2588.00000000 
65543.00000000 
9334.00000000 
19158.00000000 
16272.00000000 
125494.00000000 
60552.00000000 
44656.00000000 
9881.00000000 
15808.00000000 
14813.00000000 
93825.00000000 
81228.00000000 
20686.00000000 
25768.00000000 
34118.00000000 
63808.00000000 
11482.00000000 
42938.00000000 
42901.00000000 
20598.00000000 
19687.00000000 
33940.00000000 
46115.00000000 
29711.00000000 
128553.00000000 
89568.00000000 
158535.00000000 
32117.00000000 
7125.00000000 
17987.00000000 
17744.00000000 
6202.00000000 
14587.00000000 
5586.00000000 
13302.00000000 
26436.00000000 
46041.00000000 
23334.00000000 
69962.00000000 
50578.00000000 
35246.00000000 
37374.00000000 
81598.00000000 
21904.00000000 
87103.00000000 
74877.00000000 
152185.00000000 
82585.00000000 
28579.00000000 
58294.00000000 
15451.00000000 
76183.00000000 
21134.00000000 
51907.00000000 
17589.00000000 
142243.00000000 
153888.00000000 
236119.00000000 
81331.00000000 
61255.00000000 
15445.00000000 
67536.00000000 
24184.00000000 
50898.00000000 
16141.00000000 
14160.00000000 
19776.00000000 
27000.00000000 
6135.00000000 
16126.00000000 
9675.00000000 
31627.00000000 
26745.00000000 
27350.00000000 
8819.00000000 
28787.00000000 
50727.00000000 
34382.00000000 
19823.00000000 
34396.00000000 
84761.00000000 
35614.00000000 
24006.00000000 
57124.00000000 
30361.00000000 
76768.00000000 
109853.00000000 
130778.00000000 
34307.00000000 
9025.00000000 
42452.00000000 
14840.00000000 
9887.00000000 
25054.00000000 
710.00000000 
24705.00000000 
2207.00000000 
16479.00000000 
4396.00000000 
49680.00000000 
12584.00000000 
18071.00000000 
19240.00000000 
32853.00000000 
89121.00000000 
100795.00000000 
33212.00000000 
1905.00000000 
30395.00000000 
12404.00000000 
1131.00000000 
1102.00000000 
5013.00000000 
14990.00000000 
20363.00000000 
5718.00000000 
19216.00000000 
12873.00000000 
125795.00000000 
39821.00000000 
8454.00000000 
213276.00000000 
14777.00000000 
28200.00000000 
110011.00000000 
6043.00000000 
49.00000000 
10336.00000000 
8616.00000000 
20.00000000 
13209.00000000 
5312.00000000 
2990.00000000 
1201.00000000 
1239.00000000 
1458.00000000 
12067.00000000 
335.00000000 
1190.00000000 
2866.00000000 
20925.00000000 
1501.00000000 
5759.00000000 
1200.00000000 
1426.00000000 
13389.00000000 
8951.00000000 
1640.00000000 
4094.00000000 
20310.00000000 
1409.00000000 
1641.00000000 
1000.00000000 
8501.00000000 
14214.00000000 
1939.00000000 
2629.00000000 
6727.00000000 
28182.00000000 
49457.00000000 
4150.00000000 
24127.00000000 
12731.00000000 
101436.00000000 
18537.00000000 
23236.00000000 
1333.00000000 
1403.00000000 
8033.00000000 
45462.00000000 
36896.00000000 
1489.00000000 
3763.00000000 
11061.00000000 
3997.00000000 
47792.00000000 
9856.00000000 
9553.00000000 
19219.00000000 
3654.00000000 
40970.00000000 
2056.00000000 
10998.00000000 
3572.00000000 
19640.00000000 
5583.00000000 
14055.00000000 
1125.00000000 
5625.00000000 
24144.00000000 
4461.00000000 
49447.00000000 
17640.00000000 
0.00000000 
32.00000000 
125651.00000000 
60558.00000000 
67602.00000000 
32169.00000000 
421.00000000 
4293.00000000 
3610.00000000 
15900.00000000 
1299.00000000 
861.00000000 
10292.00000000 
6645.00000000 
32551.00000000 
803.00000000 
28950.00000000 
930.00000000 
2410.00000000 
14522.00000000 
1054.00000000 
1365.00000000 
19393.00000000 
7848.00000000 
19137.00000000 
2780.00000000 
6929.00000000 
27520.00000000 
8580.00000000 
28230.00000000 
17225.00000000 
7449.00000000 
670.00000000 
5956.00000000 
80842.00000000 
2209.00000000 
5671.00000000 
9099.00000000 
71194.00000000 
24814.00000000 
24430.00000000 
38999.00000000 
8296.00000000 
446.00000000 
3462.00000000 
278.00000000 
11271.00000000 
3111.00000000 
16461.00000000 
2277.00000000 
37751.00000000 
14803.00000000 
4319.00000000 
11896.00000000 
22862.00000000 
15814.00000000 
17796.00000000 
1491.00000000 
4000.00000000 
44076.00000000 
1100.00000000 
2363.00000000 
4981.00000000 
1947.00000000 
70.00000000 
0.00000000 
5013.00000000 
3409.00000000 
24187.00000000 
10463.00000000 
8784.00000000 
47939.00000000 
21669.00000000 
17913.00000000 
14441.00000000 
6455.00000000 
32169.00000000 
11700.00000000 
20117.00000000 
4815.00000000 
10770.00000000 
3030.00000000 
23742.00000000 
5274.00000000 
3908.00000000 
13461.00000000 
39319.00000000 
2805.00000000 
373.00000000 
17286.00000000 
6018.00000000 
20961.00000000 
4218.00000000 
741.00000000 
11366.00000000 
28157.00000000 
14185.00000000 
9076.00000000 
16834.00000000 
13596.00000000 
19608.00000000 
15095.00000000 
5126.00000000 
65667.00000000 
12914.00000000 
6644.00000000 
14961.00000000 
56571.00000000 
24479.00000000 
40132.00000000 
28662.00000000 
16782.00000000 
5421.00000000 
5734.00000000 
3031.00000000 
6180.00000000 
17573.00000000 
13834.00000000 
17173.00000000 
6470.00000000 
11152.00000000 
7988.00000000 
12306.00000000 
8821.00000000 
7987.00000000 
12379.00000000 
16259.00000000 
19022.00000000 
10103.00000000 
8870.00000000 
8270.00000000 
6572.00000000 
492.00000000 
14741.00000000 
47389.00000000 
6952.00000000 
230.00000000 
173.00000000 
45121.00000000 
22182.00000000 
5474.00000000 
10298.00000000 
5938.00000000 
7425.00000000 
14674.00000000 
2939.00000000 
5436.00000000 
6816.00000000 
215.00000000 
5168.00000000 
17698.00000000 
0.00000000 
35341.00000000 
50099.00000000 
599.00000000 
0.00000000 
0.00000000 
3.00000000 
1254.00000000 
24361.00000000 
2271.00000000 
9.00000000 
6881.00000000 
6924.00000000 
10303.00000000 
10118.00000000 
25830.00000000 
10.00000000 
2500.00000000 
3179.00000000 
750.00000000 
199.00000000 
30589.00000000 
761.00000000 
4351.00000000 
7178.00000000 
987.00000000 
5140.00000000 
6250.00000000 
7764.00000000 
5913.00000000 
3430.00000000 
4335.00000000 
1292.00000000 
32174.00000000 
50.00000000 
1331.00000000 
3694.00000000 
36249.00000000 
874.00000000 
30186.00000000 
4908.00000000 
4056.00000000 
1995.00000000 
6082.00000000 
18711.00000000 
8076.00000000 
35174.00000000 
120.00000000 
2624.00000000 
116.00000000 
1102.00000000 
1.00000000 
2805.00000000 
2054.00000000 
170.00000000 
18347.00000000 
1370.00000000 
2555.00000000 
1170.00000000 
21682.00000000 
669.00000000 
2190.00000000 
11884.00000000 
3539.00000000 
18798.00000000 
17189.00000000 
9020.00000000 
6016.00000000 
4831.00000000 
1377.00000000 
2844.00000000 
18081.00000000 
25643.00000000 
2888.00000000 
946.00000000 
645.00000000 
6474.00000000 
8434.00000000 
10556.00000000 
96427.00000000 
18486.00000000 
5393.00000000 
20088.00000000 
40219.00000000 
4150.00000000 
27858.00000000 
3796.00000000 
36721.00000000 
27378.00000000 
31700.00000000 
28149.00000000 
17339.00000000 
5106.00000000 
32236.00000000 
2249.00000000 
17332.00000000 
9294.00000000 
39368.00000000 
26284.00000000 
16487.00000000 
29440.00000000 
60463.00000000 
87018.00000000 
9385.00000000 
48810.00000000 
15907.00000000 
11358.00000000 
16013.00000000 
9711.00000000 
7787.00000000 
49771.00000000 
18069.00000000 
3151.00000000 
24197.00000000 
14211.00000000 
16059.00000000 
10933.00000000 
1813.00000000 
5255.00000000 
17549.00000000 
5156.00000000 
5183.00000000 
28919.00000000 
3921.00000000 
26837.00000000 
11458.00000000 
15299.00000000 
9888.00000000 
21858.00000000 
34024.00000000 
44413.00000000 
122613.00000000 
10694.00000000 
134236.00000000 
84206.00000000 
2588.00000000 
65543.00000000 
9334.00000000 
19158.00000000 
16272.00000000 
125494.00000000 
60552.00000000 
44656.00000000 
9881.00000000 
15808.00000000 
14813.00000000 
93825.00000000 
81228.00000000 
20686.00000000 
25768.00000000 
34118.00000000 
63808.00000000 
11482.00000000 
42938.00000000 
42901.00000000 
20598.00000000 
19687.00000000 
33940.00000000 
46115.00000000 
29711.00000000 
128553.00000000 
89568.00000000 
158535.00000000 
32117.00000000 
7125.00000000 
17987.00000000 
17744.00000000 
6202.00000000 
14587.00000000 
5586.00000000 
13302.00000000 
26436.00000000 
46041.00000000 
23334.00000000 
69962.00000000 
50578.00000000 
35246.00000000 
37374.00000000 
81598.00000000 
21904.00000000 
87103.00000000 
74877.00000000 
152185.00000000 
82585.00000000 
28579.00000000 
58294.00000000 
15451.00000000 
76183.00000000 
21134.00000000 
51907.00000000 
17589.00000000 
142243.00000000 
153888.00000000 
236119.00000000 
81331.00000000 
61255.00000000 
15445.00000000 
67536.00000000 
24184.00000000 
50898.00000000 
16141.00000000 
14160.00000000 
19776.00000000 
27000.00000000 
6135.00000000 
16126.00000000 
9675.00000000 
31627.00000000 
26745.00000000 
27350.00000000 
8819.00000000 
28787.00000000 
50727.00000000 
34382.00000000 
19823.00000000 
34396.00000000 
84761.00000000 
35614.00000000 
24006.00000000 
57124.00000000 
30361.00000000 
76768.00000000 
109853.00000000 
130778.00000000 
34307.00000000 
9025.00000000 
42452.00000000 
14840.00000000 
9887.00000000 
25054.00000000 
710.00000000 
24705.00000000 
2207.00000000 
16479.00000000 
4396.00000000 
49680.00000000 
12584.00000000 
18071.00000000 
19240.00000000 
32853.00000000 
89121.00000000 
100795.00000000 
33212.00000000 
1905.00000000 
30395.00000000 
12404.00000000 
1131.00000000 
1102.00000000 
5013.00000000 
14990.00000000 
20363.00000000 
5718.00000000 
19216.00000000 
12873.00000000 
125795.00000000 
39821.00000000 
8454.00000000 
213276.00000000 
14777.00000000 
28200.00000000 
110011.00000000 
6043.00000000 
49.00000000 
10336.00000000 
8616.00000000 
20.00000000 
13209.00000000 
5312.00000000 
2990.00000000 
1201.00000000 
1239.00000000 
1458.00000000 
12067.00000000 
335.00000000 
1190.00000000 
2866.00000000 
20925.00000000 
1501.00000000 
5759.00000000 
1200.00000000 
1426.00000000 
13389.00000000 
8951.00000000 
1640.00000000 
4094.00000000 
20310.00000000 
1409.00000000 
1641.00000000 
1000.00000000 
8501.00000000 
14214.00000000 
1939.00000000 
2629.00000000 
6727.00000000 
28182.00000000 
49457.00000000 
4150.00000000 
24127.00000000 
12731.00000000 
101436.00000000 
18537.00000000 
23236.00000000 
1333.00000000 
1403.00000000 
8033.00000000 
45462.00000000 
36896.00000000 
1489.00000000 
3763.00000000 
11061.00000000 
3997.00000000 
47792.00000000 
9856.00000000 
9553.00000000 
19219.00000000 
3654.00000000 
40970.00000000 
2056.00000000 
10998.00000000 
3572.00000000 
19640.00000000 
5583.00000000 
14055.00000000 
1125.00000000 
5625.00000000 
24144.00000000 
4461.00000000 
49447.00000000 
17640.00000000 
0.00000000 
32.00000000 
125651.00000000 
60558.00000000 
67602.00000000 
32169.00000000 
421.00000000 
4293.00000000 
3610.00000000 
15900.00000000 
1299.00000000 
861.00000000 
10292.00000000 
6645.00000000 
32551.00000000 
803.00000000 
28950.00000000 
930.00000000 
2410.00000000 
14522.00000000 
1054.00000000 
1365.00000000 
19393.00000000 
7848.00000000 
19137.00000000 
2780.00000000 
6929.00000000 
27520.00000000 
8580.00000000 
28230.00000000 
17225.00000000 
7449.00000000 
670.00000000 
5956.00000000 
80842.00000000 
2209.00000000 
5671.00000000 
9099.00000000 
71194.00000000 
24814.00000000 
24430.00000000 
38999.00000000 
8296.00000000 
446.00000000 
3462.00000000 
278.00000000 
11271.00000000 
3111.00000000 
16461.00000000 
2277.00000000 
37751.00000000 
14803.00000000 
4319.00000000 
11896.00000000 
22862.00000000 
15814.00000000 
17796.00000000 
1491.00000000 
4000.00000000 
44076.00000000 
1100.00000000 
2363.00000000 
4981.00000000 
1947.00000000 
70.00000000 
0.00000000 
5013.00000000 
3409.00000000 
24187.00000000 
10463.00000000 
8784.00000000 
47939.00000000 
21669.00000000 
17913.00000000 
14441.00000000 
6455.00000000 
32169.00000000 
11700.00000000 
20117.00000000 
4815.00000000 
10770.00000000 
3030.00000000 
23742.00000000 
5274.00000000 
3908.00000000 
13461.00000000 
39319.00000000 
2805.00000000 
373.00000000 
17286.00000000 
6018.00000000 
20961.00000000 
4218.00000000 
741.00000000 
11366.00000000 
28157.00000000 
14185.00000000 
9076.00000000 
16834.00000000 
13596.00000000 
19608.00000000 
15095.00000000 
5126.00000000 
65667.00000000 
12914.00000000 
6644.00000000 
14961.00000000 
56571.00000000 
24479.00000000 
40132.00000000 
28662.00000000 
16782.00000000 
5421.00000000 
5734.00000000 
3031.00000000 
6180.00000000 
17573.00000000 
13834.00000000 
17173.00000000 
6470.00000000 
11152.00000000 
7988.00000000 
12306.00000000 
8821.00000000 
7987.00000000 
12379.00000000 
16259.00000000 
19022.00000000 
10103.00000000 
8870.00000000 
8270.00000000 
6572.00000000 
492.00000000 
14741.00000000 
47389.00000000 
6952.00000000 
230.00000000 
173.00000000 
45121.00000000 
22182.00000000 
5474.00000000 
10298.00000000 
5938.00000000 
7425.00000000 
14674.00000000 
2939.00000000 
5436.00000000 
6816.00000000 
215.00000000 
5168.00000000 
17698.00000000 
0.00000000 
35341.00000000 
50099.00000000 
599.00000000 
0.00000000 
0.00000000 
3.00000000 
1254.00000000 
24361.00000000 
2271.00000000 
9.00000000 
6881.00000000 
6924.00000000 
10303.00000000 
10118.00000000 
25830.00000000 
10.00000000 
2500.00000000 
3179.00000000 
750.00000000 
199.00000000 
30589.00000000 
761.00000000 
4351.00000000 
7178.00000000 
987.00000000 
5140.00000000 
6250.00000000 
7764.00000000 
5913.00000000 
3430.00000000 
4335.00000000 
1292.00000000 
32174.00000000 
50.00000000 
1331.00000000 
3694.00000000 
36249.00000000 
874.00000000 
30186.00000000 
4908.00000000 
4056.00000000 
1995.00000000 
6082.00000000 
18711.00000000 
8076.00000000 
35174.00000000 
120.00000000 
2624.00000000 
116.00000000 
1102.00000000 
1.00000000 
2805.00000000 
2054.00000000 
170.00000000 
18347.00000000 
1370.00000000 
2555.00000000 
1170.00000000 
21682.00000000 
669.00000000 
2190.00000000 
11884.00000000 
3539.00000000 
18798.00000000 
17189.00000000 
9020.00000000 
6016.00000000 
4831.00000000 
1377.00000000 
2844.00000000 
18081.00000000 
25643.00000000 
2888.00000000 
946.00000000 
645.00000000 
6474.00000000 
8434.00000000 
10556.00000000 
96427.00000000 
18486.00000000 
5393.00000000 
20088.00000000 
40219.00000000 
4150.00000000 
27858.00000000 
3796.00000000 
36721.00000000 
27378.00000000 
31700.00000000 
28149.00000000 
17339.00000000 
5106.00000000 
32236.00000000 
2249.00000000 
17332.00000000 
9294.00000000 
39368.00000000 
26284.00000000 
16487.00000000 
29440.00000000 
60463.00000000 
87018.00000000 
9385.00000000 
48810.00000000 
15907.00000000 
11358.00000000 
16013.00000000 
9711.00000000 
7787.00000000 
49771.00000000 
18069.00000000 
3151.00000000 
24197.00000000 
14211.00000000 
16059.00000000 
10933.00000000 
1813.00000000 
5255.00000000 
17549.00000000 
5156.00000000 
5183.00000000 
28919.00000000 
3921.00000000 
26837.00000000 
11458.00000000 
15299.00000000 
9888.00000000 
21858.00000000 
34024.00000000 
44413.00000000 
122613.00000000 
10694.00000000 
134236.00000000 
84206.00000000 
2588.00000000 
65543.00000000 
9334.00000000 
19158.00000000 
16272.00000000 
125494.00000000 
60552.00000000 
44656.00000000 
9881.00000000 
15808.00000000 
14813.00000000 
93825.00000000 
81228.00000000 
20686.00000000 
25768.00000000 
34118.00000000 
63808.00000000 
11482.00000000 
42938.00000000 
42901.00000000 
20598.00000000 
19687.00000000 
33940.00000000 
46115.00000000 
29711.00000000 
128553.00000000 
89568.00000000 
158535.00000000 
32117.00000000 
7125.00000000 
17987.00000000 
17744.00000000 
6202.00000000 
14587.00000000 
5586.00000000 
13302.00000000 
26436.00000000 
46041.00000000 
23334.00000000 
69962.00000000 
50578.00000000 
35246.00000000 
37374.00000000 
81598.00000000 
21904.00000000 
87103.00000000 
74877.00000000 
152185.00000000 
82585.00000000 
28579.00000000 
58294.00000000 
15451.00000000 
76183.00000000 
21134.00000000 
51907.00000000 
17589.00000000 
142243.00000000 
153888.00000000 
236119.00000000 
81331.00000000 
61255.00000000 
15445.00000000 
67536.00000000 
24184.00000000 
50898.00000000 
16141.00000000 
14160.00000000 
19776.00000000 
27000.00000000 
6135.00000000 
16126.00000000 
9675.00000000 
31627.00000000 
26745.00000000 
27350.00000000 
8819.00000000 
28787.00000000 
50727.00000000 
34382.00000000 
19823.00000000 
34396.00000000 
84761.00000000 
35614.00000000 
24006.00000000 
57124.00000000 
30361.00000000 
76768.00000000 
109853.00000000 
130778.00000000 
34307.00000000 
9025.00000000 
42452.00000000 
14840.00000000 
9887.00000000 
25054.00000000 
710.00000000 
24705.00000000 
2207.00000000 
16479.00000000 
4396.00000000 
49680.00000000 
12584.00000000 
18071.00000000 
19240.00000000 
32853.00000000 
89121.00000000 
100795.00000000 
33212.00000000 
1905.00000000 
30395.00000000 
12404.00000000 
1131.00000000 
1102.00000000 
5013.00000000 
14990.00000000 
20363.00000000 
5718.00000000 
19216.00000000 
12873.00000000 
125795.00000000 
39821.00000000 
8454.00000000 
213276.00000000 
14777.00000000 
28200.00000000 
110011.00000000 
6043.00000000 
49.00000000 
10336.00000000 
8616.00000000 
20.00000000 
13209.00000000 
5312.00000000 
2990.00000000 
1201.00000000 
1239.00000000 
1458.00000000 
12067.00000000 
335.00000000 
1190.00000000 
2866.00000000 
20925.00000000 
1501.00000000 
5759.00000000 
1200.00000000 
1426.00000000 
13389.00000000 
8951.00000000 
1640.00000000 
4094.00000000 
20310.00000000 
1409.00000000 
1641.00000000 
1000.00000000 
8501.00000000 
14214.00000000 
1939.00000000 
2629.00000000 
6727.00000000 
28182.00000000 
49457.00000000 
4150.00000000 
24127.00000000 
12731.00000000 
101436.00000000 
18537.00000000 
23236.00000000 
1333.00000000 
1403.00000000 
8033.00000000 
45462.00000000 
36896.00000000 
1489.00000000 
3763.00000000 
11061.00000000 
3997.00000000 
47792.00000000 
9856.00000000 
9553.00000000 
19219.00000000 
3654.00000000 
40970.00000000 
2056.00000000 
10998.00000000 
3572.00000000 
19640.00000000 
5583.00000000 
14055.00000000 
1125.00000000 
5625.00000000 
24144.00000000 
4461.00000000 
49447.00000000 
17640.00000000 
0.00000000 
32.00000000 
125651.00000000 
60558.00000000 
67602.00000000 
32169.00000000 
421.00000000 
4293.00000000 
3610.00000000 
15900.00000000 
1299.00000000 
861.00000000 
10292.00000000 
6645.00000000 
32551.00000000 
803.00000000 
28950.00000000 
930.00000000 
2410.00000000 
14522.00000000 
1054.00000000 
1365.00000000 
19393.00000000 
7848.00000000 
19137.00000000 
2780.00000000 
6929.00000000 
27520.00000000 
8580.00000000 
28230.00000000 
17225.00000000 
7449.00000000 
670.00000000 
5956.00000000 
80842.00000000 
2209.00000000 
5671.00000000 
9099.00000000 
71194.00000000 
24814.00000000 
24430.00000000 
38999.00000000 
8296.00000000 
446.00000000 
3462.00000000 
278.00000000 
11271.00000000 
3111.00000000 
16461.00000000 
2277.00000000 
37751.00000000 
14803.00000000 
4319.00000000 
11896.00000000 
22862.00000000 
15814.00000000 
17796.00000000 
1491.00000000 
4000.00000000 
44076.00000000 
1100.00000000 
2363.00000000 
4981.00000000 
1947.00000000 
70.00000000 
0.00000000 
5013.00000000 
3409.00000000 
24187.00000000 
10463.00000000 
8784.00000000 
47939.00000000 
21669.00000000 
17913.00000000 
14441.00000000 
6455.00000000 
32169.00000000 
11700.00000000 
20117.00000000 
4815.00000000 
10770.00000000 
3030.00000000 
23742.00000000 
5274.00000000 
3908.00000000 
13461.00000000 
39319.00000000 
2805.00000000 
373.00000000 
17286.00000000 
6018.00000000 
20961.00000000 
4218.00000000 
741.00000000 
11366.00000000 
28157.00000000 
14185.00000000 
9076.00000000 
16834.00000000 
13596.00000000 
19608.00000000 
15095.00000000 
5126.00000000 
65667.00000000 
12914.00000000 
6644.00000000 
14961.00000000 
56571.00000000 
24479.00000000 
40132.00000000 
28662.00000000 
16782.00000000 
5421.00000000 
5734.00000000 
3031.00000000 
6180.00000000 
17573.00000000 
13834.00000000 
17173.00000000 
6470.00000000 
11152.00000000 
7988.00000000 
12306.00000000 
8821.00000000 
7987.00000000 
12379.00000000 
16259.00000000 
19022.00000000 
10103.00000000 
8870.00000000 
8270.00000000 
6572.00000000 
492.00000000 
14741.00000000 
47389.00000000 
6952.00000000 
230.00000000 
173.00000000 
45121.00000000 
22182.00000000 
5474.00000000 
10298.00000000 
5938.00000000 
7425.00000000 
14674.00000000 
2939.00000000 
5436.00000000 
6816.00000000 
215.00000000 
5168.00000000 
17698.00000000 
0.00000000 
35341.00000000 
50099.00000000 
599.00000000 
0.00000000 
0.00000000 
3.00000000 
1254.00000000 
24361.00000000 
2271.00000000 
9.00000000 
6881.00000000 
6924.00000000 
10303.00000000 
10118.00000000 
25830.00000000 
10.00000000 
2500.00000000 
3179.00000000 
750.00000000 
199.00000000 
30589.00000000 
761.00000000 
4351.00000000 
7178.00000000 
987.00000000 
5140.00000000 
6250.00000000 
7764.00000000 
5913.00000000 
3430.00000000 
4335.00000000 
1292.00000000 
32174.00000000 
50.00000000 
1331.00000000 
3694.00000000 
36249.00000000 
874.00000000 
30186.00000000 
4908.00000000 
4056.00000000 
1995.00000000 
6082.00000000 
18711.00000000 
8076.00000000 
35174.00000000 
120.00000000 
2624.00000000 
116.00000000 
1102.00000000 
1.00000000 
2805.00000000 
2054.00000000 
170.00000000 
18347.00000000 
1370.00000000 
2555.00000000 
1170.00000000 
21682.00000000 
669.00000000 
2190.00000000 
11884.00000000 
3539.00000000 
18798.00000000 
17189.00000000 
9020.00000000 
6016.00000000 
4831.00000000 
1377.00000000 
