0.00168620 
0.00168470 
0.00168750 
0.00170050 
0.00170170 
0.00170280 
0.00170160 
0.00170480 
0.00170960 
0.00171300 
0.00170780 
0.00171970 
0.00171980 
0.00171970 
0.00172000 
0.00172600 
0.00172850 
0.00172990 
0.00172210 
0.00172010 
0.00172900 
0.00171290 
0.00172910 
0.00169990 
0.00169730 
0.00169840 
0.00170510 
0.00171750 
0.00171030 
0.00171090 
0.00171430 
0.00171500 
0.00171560 
0.00169700 
0.00170880 
0.00170000 
0.00169930 
0.00170260 
0.00167800 
0.00171110 
0.00171030 
0.00170640 
0.00170000 
0.00168850 
0.00168050 
0.00166910 
0.00168000 
0.00165170 
0.00165760 
0.00166180 
0.00164940 
0.00164860 
0.00164770 
0.00164910 
0.00166270 
0.00164530 
0.00165940 
0.00165940 
0.00166820 
0.00167000 
0.00167000 
0.00167000 
0.00166990 
0.00167000 
0.00166900 
0.00167000 
0.00167000 
0.00166980 
0.00166900 
0.00165900 
0.00166740 
0.00165900 
0.00164280 
0.00162940 
0.00163480 
0.00162770 
0.00161200 
0.00161000 
0.00161000 
0.00162000 
0.00162700 
0.00162770 
0.00163120 
0.00163120 
0.00164950 
0.00164390 
0.00164390 
0.00164390 
0.00166030 
0.00165010 
0.00165000 
0.00165350 
0.00165350 
0.00165350 
0.00164390 
0.00164400 
0.00163120 
0.00163120 
0.00163120 
0.00165000 
0.00166610 
0.00169200 
0.00169250 
0.00169770 
0.00169110 
0.00169110 
0.00169950 
0.00169170 
0.00169930 
0.00168430 
0.00169520 
0.00171900 
0.00172680 
0.00171000 
0.00171070 
0.00170380 
0.00170190 
0.00170110 
0.00170990 
0.00170000 
0.00166870 
0.00166470 
0.00168500 
0.00167130 
0.00165650 
0.00165700 
0.00164580 
0.00163860 
0.00165670 
0.00162830 
0.00162840 
0.00162240 
0.00162820 
0.00162580 
0.00161990 
0.00161940 
0.00161010 
0.00160110 
0.00163460 
0.00164520 
0.00165000 
0.00162170 
0.00162850 
0.00163010 
0.00164480 
0.00167150 
0.00167560 
0.00168770 
0.00166780 
0.00166040 
0.00165020 
0.00165070 
0.00164800 
0.00163950 
0.00160470 
0.00163690 
0.00164100 
0.00163610 
0.00163600 
0.00159990 
0.00157870 
0.00157050 
0.00157270 
0.00159200 
0.00166960 
0.00163550 
0.00160510 
0.00159020 
0.00158130 
0.00154130 
0.00149870 
0.00149890 
0.00149860 
0.00149860 
0.00149860 
0.00149840 
0.00149770 
0.00149520 
0.00149490 
0.00149000 
0.00149000 
0.00149000 
0.00149520 
0.00149490 
0.00149360 
0.00148830 
0.00148350 
0.00148830 
0.00148350 
0.00148800 
0.00148830 
0.00148160 
0.00148140 
0.00146740 
0.00146740 
0.00146530 
0.00146530 
0.00145770 
0.00145000 
0.00146220 
0.00146230 
0.00146900 
0.00147430 
0.00146900 
0.00146900 
0.00146990 
0.00146990 
0.00148470 
0.00148000 
0.00148000 
0.00149380 
0.00149380 
0.00147310 
0.00146960 
0.00147240 
0.00147240 
0.00148630 
0.00147820 
0.00148340 
0.00148170 
0.00148970 
0.00148090 
0.00147900 
0.00147900 
0.00147940 
0.00146460 
0.00146460 
0.00146750 
0.00149350 
0.00148430 
0.00148670 
0.00146410 
0.00147000 
0.00147100 
0.00147230 
0.00148880 
0.00147230 
0.00148990 
0.00146210 
0.00145530 
0.00145360 
0.00144720 
0.00143950 
0.00142620 
0.00141500 
0.00141500 
0.00144970 
0.00147130 
0.00147120 
0.00148310 
0.00144550 
0.00144820 
0.00145590 
0.00144890 
0.00145070 
0.00145220 
0.00143590 
0.00143590 
0.00143590 
0.00144090 
0.00143600 
0.00143600 
0.00144630 
0.00144630 
0.00145100 
0.00144330 
0.00143430 
0.00141600 
0.00141590 
0.00142110 
0.00142110 
0.00144960 
0.00141000 
0.00141000 
0.00141580 
0.00141580 
0.00143210 
0.00144380 
0.00144380 
0.00143790 
0.00144720 
0.00144820 
0.00144560 
0.00144820 
0.00144820 
0.00144820 
0.00145860 
0.00145400 
0.00144600 
0.00144560 
0.00144560 
0.00144560 
0.00143980 
0.00144190 
0.00144180 
0.00144070 
0.00144070 
0.00144180 
0.00144200 
0.00144200 
0.00144300 
0.00144560 
0.00144530 
0.00144290 
0.00144500 
0.00146720 
0.00146720 
0.00146720 
0.00148100 
0.00148280 
0.00148410 
0.00147530 
0.00147480 
0.00147250 
0.00147610 
0.00146600 
0.00145700 
0.00146330 
0.00145520 
0.00145100 
0.00143500 
0.00143500 
0.00142920 
0.00142790 
0.00142760 
0.00143160 
0.00143870 
0.00144040 
0.00144140 
0.00144500 
0.00144500 
0.00145000 
0.00145480 
0.00145490 
0.00145490 
0.00145510 
0.00145500 
0.00145500 
0.00146000 
0.00145540 
0.00145630 
0.00145510 
0.00146480 
0.00146490 
0.00145570 
0.00145590 
0.00145600 
0.00145600 
0.00145600 
0.00146540 
0.00145340 
0.00146190 
0.00145000 
0.00145000 
0.00145530 
0.00145000 
0.00145000 
0.00145000 
0.00146500 
0.00146700 
0.00146730 
0.00146730 
0.00146540 
0.00147400 
0.00146970 
0.00148900 
0.00148900 
0.00149000 
0.00149000 
0.00149510 
0.00149510 
0.00149500 
0.00150250 
0.00150130 
0.00150270 
0.00150130 
0.00150070 
0.00149760 
0.00150000 
0.00150100 
0.00150270 
0.00150830 
0.00150450 
0.00150470 
0.00151000 
0.00151000 
0.00151000 
0.00151390 
0.00151390 
0.00151120 
0.00151060 
0.00151050 
0.00150450 
0.00152050 
0.00153440 
0.00152060 
0.00152350 
0.00153160 
0.00153440 
0.00153440 
0.00152500 
0.00152500 
0.00152500 
0.00152500 
0.00153650 
0.00153690 
0.00152990 
0.00154320 
0.00154320 
0.00154320 
0.00152750 
0.00154500 
0.00153960 
0.00154530 
0.00153960 
0.00156230 
0.00156300 
0.00155510 
0.00156300 
0.00155930 
0.00156300 
0.00155100 
0.00156270 
0.00156220 
0.00153410 
0.00155750 
0.00156040 
0.00156850 
0.00155350 
0.00153520 
0.00153610 
0.00154960 
0.00155510 
0.00156870 
0.00157680 
0.00157420 
0.00157670 
0.00157670 
0.00157670 
0.00157670 
0.00157670 
0.00157670 
0.00157100 
0.00157100 
0.00157100 
0.00158600 
0.00157260 
0.00157500 
0.00157500 
0.00157500 
0.00154000 
0.00153480 
0.00153480 
0.00152440 
0.00155000 
0.00155560 
0.00157430 
0.00157080 
0.00156920 
0.00157200 
0.00158700 
0.00158710 
0.00158990 
0.00159320 
0.00160890 
0.00160890 
0.00158650 
0.00155190 
0.00152760 
0.00152760 
0.00153610 
0.00155000 
0.00153800 
0.00152650 
0.00151510 
0.00153040 
0.00152990 
0.00153000 
0.00153550 
0.00152830 
0.00168620 
0.00168470 
0.00168750 
0.00170050 
0.00170170 
0.00170280 
0.00170160 
0.00170480 
0.00170960 
0.00171300 
0.00170780 
0.00171970 
0.00171980 
0.00171970 
0.00172000 
0.00172600 
0.00172850 
0.00172990 
0.00172210 
0.00172010 
0.00172900 
0.00171290 
0.00172910 
0.00169990 
0.00169730 
0.00169840 
0.00170510 
0.00171750 
0.00171030 
0.00171090 
0.00171430 
0.00171500 
0.00171560 
0.00169700 
0.00170880 
0.00170000 
0.00169930 
0.00170260 
0.00167800 
0.00171110 
0.00171030 
0.00170640 
0.00170000 
0.00168850 
0.00168050 
0.00166910 
0.00168000 
0.00165170 
0.00165760 
0.00166180 
0.00164940 
0.00164860 
0.00164770 
0.00164910 
0.00166270 
0.00164530 
0.00165940 
0.00165940 
0.00166820 
0.00167000 
0.00167000 
0.00167000 
0.00166990 
0.00167000 
0.00166900 
0.00167000 
0.00167000 
0.00166980 
0.00166900 
0.00165900 
0.00166740 
0.00165900 
0.00164280 
0.00162940 
0.00163480 
0.00162770 
0.00161200 
0.00161000 
0.00161000 
0.00162000 
0.00162700 
0.00162770 
0.00163120 
0.00163120 
0.00164950 
0.00164390 
0.00164390 
0.00164390 
0.00166030 
0.00165010 
0.00165000 
0.00165350 
0.00165350 
0.00165350 
0.00164390 
0.00164400 
0.00163120 
0.00163120 
0.00163120 
0.00165000 
0.00166610 
0.00169200 
0.00169250 
0.00169770 
0.00169110 
0.00169110 
0.00169950 
0.00169170 
0.00169930 
0.00168430 
0.00169520 
0.00171900 
0.00172680 
0.00171000 
0.00171070 
0.00170380 
0.00170190 
0.00170110 
0.00170990 
0.00170000 
0.00166870 
0.00166470 
0.00168500 
0.00167130 
0.00165650 
0.00165700 
0.00164580 
0.00163860 
0.00165670 
0.00162830 
0.00162840 
0.00162240 
0.00162820 
0.00162580 
0.00161990 
0.00161940 
0.00161010 
0.00160110 
0.00163460 
0.00164520 
0.00165000 
0.00162170 
0.00162850 
0.00163010 
0.00164480 
0.00167150 
0.00167560 
0.00168770 
0.00166780 
0.00166040 
0.00165020 
0.00165070 
0.00164800 
0.00163950 
0.00160470 
0.00163690 
0.00164100 
0.00163610 
0.00163600 
0.00159990 
0.00157870 
0.00157050 
0.00157270 
0.00159200 
0.00166960 
0.00163550 
0.00160510 
0.00159020 
0.00158130 
0.00154130 
0.00149870 
0.00149890 
0.00149860 
0.00149860 
0.00149860 
0.00149840 
0.00149770 
0.00149520 
0.00149490 
0.00149000 
0.00149000 
0.00149000 
0.00149520 
0.00149490 
0.00149360 
0.00148830 
0.00148350 
0.00148830 
0.00148350 
0.00148800 
0.00148830 
0.00148160 
0.00148140 
0.00146740 
0.00146740 
0.00146530 
0.00146530 
0.00145770 
0.00145000 
0.00146220 
0.00146230 
0.00146900 
0.00147430 
0.00146900 
0.00146900 
0.00146990 
0.00146990 
0.00148470 
0.00148000 
0.00148000 
0.00149380 
0.00149380 
0.00147310 
0.00146960 
0.00147240 
0.00147240 
0.00148630 
0.00147820 
0.00148340 
0.00148170 
0.00148970 
0.00148090 
0.00147900 
0.00147900 
0.00147940 
0.00146460 
0.00146460 
0.00146750 
0.00149350 
0.00148430 
0.00148670 
0.00146410 
0.00147000 
0.00147100 
0.00147230 
0.00148880 
0.00147230 
0.00148990 
0.00146210 
0.00145530 
0.00145360 
0.00144720 
0.00143950 
0.00142620 
0.00141500 
0.00141500 
0.00144970 
0.00147130 
0.00147120 
0.00148310 
0.00144550 
0.00144820 
0.00145590 
0.00144890 
0.00145070 
0.00145220 
0.00143590 
0.00143590 
0.00143590 
0.00144090 
0.00143600 
0.00143600 
0.00144630 
0.00144630 
0.00145100 
0.00144330 
0.00143430 
0.00141600 
0.00141590 
0.00142110 
0.00142110 
0.00144960 
0.00141000 
0.00141000 
0.00141580 
0.00141580 
0.00143210 
0.00144380 
0.00144380 
0.00143790 
0.00144720 
0.00144820 
0.00144560 
0.00144820 
0.00144820 
0.00144820 
0.00145860 
0.00145400 
0.00144600 
0.00144560 
0.00144560 
0.00144560 
0.00143980 
0.00144190 
0.00144180 
0.00144070 
0.00144070 
0.00144180 
0.00144200 
0.00144200 
0.00144300 
0.00144560 
0.00144530 
0.00144290 
0.00144500 
0.00146720 
0.00146720 
0.00146720 
0.00148100 
0.00148280 
0.00148410 
0.00147530 
0.00147480 
0.00147250 
0.00147610 
0.00146600 
0.00145700 
0.00146330 
0.00145520 
0.00145100 
0.00143500 
0.00143500 
0.00142920 
0.00142790 
0.00142760 
0.00143160 
0.00143870 
0.00144040 
0.00144140 
0.00144500 
0.00144500 
0.00145000 
0.00145480 
0.00145490 
0.00145490 
0.00145510 
0.00145500 
0.00145500 
0.00146000 
0.00145540 
0.00145630 
0.00145510 
0.00146480 
0.00146490 
0.00145570 
0.00145590 
0.00145600 
0.00145600 
0.00145600 
0.00146540 
0.00145340 
0.00146190 
0.00145000 
0.00145000 
0.00145530 
0.00145000 
0.00145000 
0.00145000 
0.00146500 
0.00146700 
0.00146730 
0.00146730 
0.00146540 
0.00147400 
0.00146970 
0.00148900 
0.00148900 
0.00149000 
0.00149000 
0.00149510 
0.00149510 
0.00149500 
0.00150250 
0.00150130 
0.00150270 
0.00150130 
0.00150070 
0.00149760 
0.00150000 
0.00150100 
0.00150270 
0.00150830 
0.00150450 
0.00150470 
0.00151000 
0.00151000 
0.00151000 
0.00151390 
0.00151390 
0.00151120 
0.00151060 
0.00151050 
0.00150450 
0.00152050 
0.00153440 
0.00152060 
0.00152350 
0.00153160 
0.00153440 
0.00153440 
0.00152500 
0.00152500 
0.00152500 
0.00152500 
0.00153650 
0.00153690 
0.00152990 
0.00154320 
0.00154320 
0.00154320 
0.00152750 
0.00154500 
0.00153960 
0.00154530 
0.00153960 
0.00156230 
0.00156300 
0.00155510 
0.00156300 
0.00155930 
0.00156300 
0.00155100 
0.00156270 
0.00156220 
0.00153410 
0.00155750 
0.00156040 
0.00156850 
0.00155350 
0.00153520 
0.00153610 
0.00154960 
0.00155510 
0.00156870 
0.00157680 
0.00157420 
0.00157670 
0.00157670 
0.00157670 
0.00157670 
0.00157670 
0.00157670 
0.00157100 
0.00157100 
0.00157100 
0.00158600 
0.00157260 
0.00157500 
0.00157500 
0.00157500 
0.00154000 
0.00153480 
0.00153480 
0.00152440 
0.00155000 
0.00155560 
0.00157430 
0.00157080 
0.00156920 
0.00157200 
0.00158700 
0.00158710 
0.00158990 
0.00159320 
0.00160890 
0.00160890 
0.00158650 
0.00155190 
0.00152760 
0.00152760 
0.00153610 
0.00155000 
0.00153800 
0.00152650 
0.00151510 
0.00153040 
0.00152990 
0.00153000 
0.00153550 
0.00152830 
0.00168620 
0.00168470 
0.00168750 
0.00170050 
0.00170170 
0.00170280 
0.00170160 
0.00170480 
0.00170960 
0.00171300 
0.00170780 
0.00171970 
0.00171980 
0.00171970 
0.00172000 
0.00172600 
0.00172850 
0.00172990 
0.00172210 
0.00172010 
0.00172900 
0.00171290 
0.00172910 
0.00169990 
0.00169730 
0.00169840 
0.00170510 
0.00171750 
0.00171030 
0.00171090 
0.00171430 
0.00171500 
0.00171560 
0.00169700 
0.00170880 
0.00170000 
0.00169930 
0.00170260 
0.00167800 
0.00171110 
0.00171030 
0.00170640 
0.00170000 
0.00168850 
0.00168050 
0.00166910 
0.00168000 
0.00165170 
0.00165760 
0.00166180 
0.00164940 
0.00164860 
0.00164770 
0.00164910 
0.00166270 
0.00164530 
0.00165940 
0.00165940 
0.00166820 
0.00167000 
0.00167000 
0.00167000 
0.00166990 
0.00167000 
0.00166900 
0.00167000 
0.00167000 
0.00166980 
0.00166900 
0.00165900 
0.00166740 
0.00165900 
0.00164280 
0.00162940 
0.00163480 
0.00162770 
0.00161200 
0.00161000 
0.00161000 
0.00162000 
0.00162700 
0.00162770 
0.00163120 
0.00163120 
0.00164950 
0.00164390 
0.00164390 
0.00164390 
0.00166030 
0.00165010 
0.00165000 
0.00165350 
0.00165350 
0.00165350 
0.00164390 
0.00164400 
0.00163120 
0.00163120 
0.00163120 
0.00165000 
0.00166610 
0.00169200 
0.00169250 
0.00169770 
0.00169110 
0.00169110 
0.00169950 
0.00169170 
0.00169930 
0.00168430 
0.00169520 
0.00171900 
0.00172680 
0.00171000 
0.00171070 
0.00170380 
0.00170190 
0.00170110 
0.00170990 
0.00170000 
0.00166870 
0.00166470 
0.00168500 
0.00167130 
0.00165650 
0.00165700 
0.00164580 
0.00163860 
0.00165670 
0.00162830 
0.00162840 
0.00162240 
0.00162820 
0.00162580 
0.00161990 
0.00161940 
0.00161010 
0.00160110 
0.00163460 
0.00164520 
0.00165000 
0.00162170 
0.00162850 
0.00163010 
0.00164480 
0.00167150 
0.00167560 
0.00168770 
0.00166780 
0.00166040 
0.00165020 
0.00165070 
0.00164800 
0.00163950 
0.00160470 
0.00163690 
0.00164100 
0.00163610 
0.00163600 
0.00159990 
0.00157870 
0.00157050 
0.00157270 
0.00159200 
0.00166960 
0.00163550 
0.00160510 
0.00159020 
0.00158130 
0.00154130 
0.00149870 
0.00149890 
0.00149860 
0.00149860 
0.00149860 
0.00149840 
0.00149770 
0.00149520 
0.00149490 
0.00149000 
0.00149000 
0.00149000 
0.00149520 
0.00149490 
0.00149360 
0.00148830 
0.00148350 
0.00148830 
0.00148350 
0.00148800 
0.00148830 
0.00148160 
0.00148140 
0.00146740 
0.00146740 
0.00146530 
0.00146530 
0.00145770 
0.00145000 
0.00146220 
0.00146230 
0.00146900 
0.00147430 
0.00146900 
0.00146900 
0.00146990 
0.00146990 
0.00148470 
0.00148000 
0.00148000 
0.00149380 
0.00149380 
0.00147310 
0.00146960 
0.00147240 
0.00147240 
0.00148630 
0.00147820 
0.00148340 
0.00148170 
0.00148970 
0.00148090 
0.00147900 
0.00147900 
0.00147940 
0.00146460 
0.00146460 
0.00146750 
0.00149350 
0.00148430 
0.00148670 
0.00146410 
0.00147000 
0.00147100 
0.00147230 
0.00148880 
0.00147230 
0.00148990 
0.00146210 
0.00145530 
0.00145360 
0.00144720 
0.00143950 
0.00142620 
0.00141500 
0.00141500 
0.00144970 
0.00147130 
0.00147120 
0.00148310 
0.00144550 
0.00144820 
0.00145590 
0.00144890 
0.00145070 
0.00145220 
0.00143590 
0.00143590 
0.00143590 
0.00144090 
0.00143600 
0.00143600 
0.00144630 
0.00144630 
0.00145100 
0.00144330 
0.00143430 
0.00141600 
0.00141590 
0.00142110 
0.00142110 
0.00144960 
0.00141000 
0.00141000 
0.00141580 
0.00141580 
0.00143210 
0.00144380 
0.00144380 
0.00143790 
0.00144720 
0.00144820 
0.00144560 
0.00144820 
0.00144820 
0.00144820 
0.00145860 
0.00145400 
0.00144600 
0.00144560 
0.00144560 
0.00144560 
0.00143980 
0.00144190 
0.00144180 
0.00144070 
0.00144070 
0.00144180 
0.00144200 
0.00144200 
0.00144300 
0.00144560 
0.00144530 
0.00144290 
0.00144500 
0.00146720 
0.00146720 
0.00146720 
0.00148100 
0.00148280 
0.00148410 
0.00147530 
0.00147480 
0.00147250 
0.00147610 
0.00146600 
0.00145700 
0.00146330 
0.00145520 
0.00145100 
0.00143500 
0.00143500 
0.00142920 
0.00142790 
0.00142760 
0.00143160 
0.00143870 
0.00144040 
0.00144140 
0.00144500 
0.00144500 
0.00145000 
0.00145480 
0.00145490 
0.00145490 
0.00145510 
0.00145500 
0.00145500 
0.00146000 
0.00145540 
0.00145630 
0.00145510 
0.00146480 
0.00146490 
0.00145570 
0.00145590 
0.00145600 
0.00145600 
0.00145600 
0.00146540 
0.00145340 
0.00146190 
0.00145000 
0.00145000 
0.00145530 
0.00145000 
0.00145000 
0.00145000 
0.00146500 
0.00146700 
0.00146730 
0.00146730 
0.00146540 
0.00147400 
0.00146970 
0.00148900 
0.00148900 
0.00149000 
0.00149000 
0.00149510 
0.00149510 
0.00149500 
0.00150250 
0.00150130 
0.00150270 
0.00150130 
0.00150070 
0.00149760 
0.00150000 
0.00150100 
0.00150270 
0.00150830 
0.00150450 
0.00150470 
0.00151000 
0.00151000 
0.00151000 
0.00151390 
0.00151390 
0.00151120 
0.00151060 
0.00151050 
0.00150450 
0.00152050 
0.00153440 
0.00152060 
0.00152350 
0.00153160 
0.00153440 
0.00153440 
0.00152500 
0.00152500 
0.00152500 
0.00152500 
0.00153650 
0.00153690 
0.00152990 
0.00154320 
0.00154320 
0.00154320 
0.00152750 
0.00154500 
0.00153960 
0.00154530 
0.00153960 
0.00156230 
0.00156300 
0.00155510 
0.00156300 
0.00155930 
0.00156300 
0.00155100 
0.00156270 
0.00156220 
0.00153410 
0.00155750 
0.00156040 
0.00156850 
0.00155350 
0.00153520 
0.00153610 
0.00154960 
0.00155510 
0.00156870 
0.00157680 
0.00157420 
0.00157670 
0.00157670 
0.00157670 
0.00157670 
0.00157670 
0.00157670 
0.00157100 
0.00157100 
0.00157100 
0.00158600 
0.00157260 
0.00157500 
0.00157500 
0.00157500 
0.00154000 
0.00153480 
0.00153480 
0.00152440 
0.00155000 
0.00155560 
0.00157430 
0.00157080 
0.00156920 
0.00157200 
0.00158700 
0.00158710 
0.00158990 
0.00159320 
0.00160890 
0.00160890 
0.00158650 
0.00155190 
0.00152760 
0.00152760 
0.00153610 
0.00155000 
0.00153800 
0.00152650 
0.00151510 
0.00153040 
0.00152990 
0.00153000 
0.00153550 
0.00152830 
