0.00168530 
0.00168750 
0.00170050 
0.00170170 
0.00170950 
0.00170090 
0.00170400 
0.00170950 
0.00171000 
0.00170930 
0.00171940 
0.00171970 
0.00171130 
0.00171440 
0.00172590 
0.00172170 
0.00172980 
0.00172880 
0.00172720 
0.00172850 
0.00171340 
0.00172900 
0.00170520 
0.00169730 
0.00169590 
0.00170520 
0.00171750 
0.00171800 
0.00171030 
0.00171180 
0.00171170 
0.00172340 
0.00170990 
0.00170960 
0.00170000 
0.00170180 
0.00170260 
0.00170960 
0.00171110 
0.00172080 
0.00170630 
0.00170400 
0.00168850 
0.00168500 
0.00168860 
0.00168000 
0.00165800 
0.00165640 
0.00165840 
0.00166320 
0.00166250 
0.00164800 
0.00166250 
0.00164440 
0.00166270 
0.00165880 
0.00165970 
0.00166820 
0.00167000 
0.00167000 
0.00166990 
0.00166990 
0.00167000 
0.00166900 
0.00167000 
0.00167000 
0.00166900 
0.00166980 
0.00165920 
0.00166740 
0.00166000 
0.00164280 
0.00164200 
0.00164280 
0.00162780 
0.00161200 
0.00161000 
0.00161850 
0.00162000 
0.00162760 
0.00162760 
0.00163120 
0.00163130 
0.00164000 
0.00164950 
0.00164390 
0.00164390 
0.00166030 
0.00165000 
0.00165000 
0.00165000 
0.00165350 
0.00165000 
0.00165000 
0.00164410 
0.00164390 
0.00162750 
0.00163120 
0.00164890 
0.00168060 
0.00169160 
0.00169250 
0.00169770 
0.00169770 
0.00169110 
0.00169950 
0.00169050 
0.00169930 
0.00169640 
0.00169940 
0.00171900 
0.00172690 
0.00171890 
0.00171070 
0.00170380 
0.00170190 
0.00170110 
0.00170300 
0.00170000 
0.00167030 
0.00166660 
0.00168490 
0.00167140 
0.00166140 
0.00165700 
0.00164620 
0.00163890 
0.00165530 
0.00162830 
0.00162820 
0.00162240 
0.00162240 
0.00162580 
0.00162470 
0.00161940 
0.00161010 
0.00160280 
0.00163460 
0.00163540 
0.00164950 
0.00162160 
0.00161620 
0.00163010 
0.00164480 
0.00167150 
0.00168280 
0.00167450 
0.00167870 
0.00166010 
0.00164690 
0.00165070 
0.00164870 
0.00163910 
0.00160470 
0.00164050 
0.00164110 
0.00163600 
0.00164800 
0.00160040 
0.00157870 
0.00157050 
0.00157050 
0.00159200 
0.00163460 
0.00163550 
0.00161080 
0.00159180 
0.00160000 
0.00154240 
0.00149900 
0.00149890 
0.00149860 
0.00149860 
0.00149860 
0.00149840 
0.00149780 
0.00149510 
0.00149490 
0.00149490 
0.00149000 
0.00149000 
0.00149000 
0.00149490 
0.00149490 
0.00148350 
0.00148830 
0.00148810 
0.00148830 
0.00148830 
0.00148800 
0.00148650 
0.00148150 
0.00148130 
0.00146740 
0.00146550 
0.00146530 
0.00145770 
0.00145760 
0.00145700 
0.00146230 
0.00146900 
0.00147430 
0.00147430 
0.00146900 
0.00147010 
0.00146990 
0.00148370 
0.00149080 
0.00148010 
0.00149380 
0.00149380 
0.00148000 
0.00146960 
0.00146960 
0.00147240 
0.00147650 
0.00147870 
0.00148340 
0.00148350 
0.00148990 
0.00148090 
0.00147900 
0.00148000 
0.00147100 
0.00146460 
0.00147350 
0.00147490 
0.00148990 
0.00149480 
0.00148620 
0.00147620 
0.00146880 
0.00147100 
0.00147110 
0.00148740 
0.00148670 
0.00148870 
0.00146540 
0.00145820 
0.00145370 
0.00145350 
0.00143940 
0.00142680 
0.00141830 
0.00141500 
0.00144680 
0.00147130 
0.00147690 
0.00146430 
0.00145540 
0.00144820 
0.00144910 
0.00144890 
0.00145410 
0.00145220 
0.00143590 
0.00143600 
0.00143590 
0.00143470 
0.00143770 
0.00143600 
0.00144330 
0.00144630 
0.00145510 
0.00144340 
0.00143840 
0.00142160 
0.00141590 
0.00141210 
0.00142110 
0.00141520 
0.00141810 
0.00141000 
0.00141130 
0.00142000 
0.00143210 
0.00144240 
0.00144380 
0.00143940 
0.00143500 
0.00144720 
0.00144560 
0.00144850 
0.00145170 
0.00144820 
0.00144820 
0.00145390 
0.00144660 
0.00144600 
0.00144560 
0.00144030 
0.00143980 
0.00144190 
0.00144180 
0.00144070 
0.00144070 
0.00144180 
0.00144550 
0.00144200 
0.00144200 
0.00144560 
0.00144560 
0.00144850 
0.00144500 
0.00145500 
0.00146720 
0.00146720 
0.00147270 
0.00147400 
0.00148280 
0.00149000 
0.00147320 
0.00147650 
0.00146960 
0.00146500 
0.00145660 
0.00145700 
0.00146540 
0.00145100 
0.00143000 
0.00143500 
0.00143000 
0.00142930 
0.00142760 
0.00143000 
0.00143500 
0.00144040 
0.00144090 
0.00143010 
0.00144500 
0.00145000 
0.00145500 
0.00145990 
0.00145490 
0.00145500 
0.00145500 
0.00145500 
0.00145510 
0.00145800 
0.00145630 
0.00146130 
0.00145520 
0.00145860 
0.00145570 
0.00145590 
0.00145600 
0.00145700 
0.00145600 
0.00146680 
0.00146540 
0.00146140 
0.00145000 
0.00145530 
0.00145000 
0.00145000 
0.00145000 
0.00145000 
0.00146500 
0.00146500 
0.00147270 
0.00146800 
0.00146590 
0.00146970 
0.00147400 
0.00147780 
0.00148900 
0.00148910 
0.00149450 
0.00149510 
0.00149510 
0.00149510 
0.00150130 
0.00150270 
0.00150270 
0.00150270 
0.00150130 
0.00149400 
0.00149760 
0.00150020 
0.00150120 
0.00151000 
0.00150450 
0.00150470 
0.00150470 
0.00151000 
0.00151000 
0.00151000 
0.00151390 
0.00151390 
0.00151120 
0.00151060 
0.00150800 
0.00152120 
0.00152050 
0.00153440 
0.00152210 
0.00152350 
0.00153160 
0.00153440 
0.00152500 
0.00152500 
0.00152500 
0.00152500 
0.00152210 
0.00153650 
0.00154330 
0.00154320 
0.00154310 
0.00154320 
0.00154460 
0.00154500 
0.00153960 
0.00154480 
0.00154100 
0.00155310 
0.00156300 
0.00156290 
0.00156300 
0.00156080 
0.00155100 
0.00156300 
0.00155100 
0.00156270 
0.00156200 
0.00155750 
0.00156030 
0.00156040 
0.00156850 
0.00154180 
0.00153430 
0.00154790 
0.00155440 
0.00156870 
0.00157460 
0.00157680 
0.00157420 
0.00157670 
0.00157540 
0.00157670 
0.00157670 
0.00157670 
0.00157670 
0.00157100 
0.00157100 
0.00157330 
0.00157500 
0.00157260 
0.00157500 
0.00157360 
0.00154000 
0.00153410 
0.00153480 
0.00152440 
0.00154880 
0.00155350 
0.00157340 
0.00157500 
0.00157080 
0.00156300 
0.00158630 
0.00158710 
0.00158850 
0.00159320 
0.00160890 
0.00160890 
0.00160870 
0.00161780 
0.00153650 
0.00152760 
0.00153630 
0.00154960 
0.00154640 
0.00153270 
0.00153100 
0.00153820 
0.00151610 
0.00153000 
0.00152980 
0.00152600 
0.00151990 
0.00168530 
0.00168750 
0.00170050 
0.00170170 
0.00170950 
0.00170090 
0.00170400 
0.00170950 
0.00171000 
0.00170930 
0.00171940 
0.00171970 
0.00171130 
0.00171440 
0.00172590 
0.00172170 
0.00172980 
0.00172880 
0.00172720 
0.00172850 
0.00171340 
0.00172900 
0.00170520 
0.00169730 
0.00169590 
0.00170520 
0.00171750 
0.00171800 
0.00171030 
0.00171180 
0.00171170 
0.00172340 
0.00170990 
0.00170960 
0.00170000 
0.00170180 
0.00170260 
0.00170960 
0.00171110 
0.00172080 
0.00170630 
0.00170400 
0.00168850 
0.00168500 
0.00168860 
0.00168000 
0.00165800 
0.00165640 
0.00165840 
0.00166320 
0.00166250 
0.00164800 
0.00166250 
0.00164440 
0.00166270 
0.00165880 
0.00165970 
0.00166820 
0.00167000 
0.00167000 
0.00166990 
0.00166990 
0.00167000 
0.00166900 
0.00167000 
0.00167000 
0.00166900 
0.00166980 
0.00165920 
0.00166740 
0.00166000 
0.00164280 
0.00164200 
0.00164280 
0.00162780 
0.00161200 
0.00161000 
0.00161850 
0.00162000 
0.00162760 
0.00162760 
0.00163120 
0.00163130 
0.00164000 
0.00164950 
0.00164390 
0.00164390 
0.00166030 
0.00165000 
0.00165000 
0.00165000 
0.00165350 
0.00165000 
0.00165000 
0.00164410 
0.00164390 
0.00162750 
0.00163120 
0.00164890 
0.00168060 
0.00169160 
0.00169250 
0.00169770 
0.00169770 
0.00169110 
0.00169950 
0.00169050 
0.00169930 
0.00169640 
0.00169940 
0.00171900 
0.00172690 
0.00171890 
0.00171070 
0.00170380 
0.00170190 
0.00170110 
0.00170300 
0.00170000 
0.00167030 
0.00166660 
0.00168490 
0.00167140 
0.00166140 
0.00165700 
0.00164620 
0.00163890 
0.00165530 
0.00162830 
0.00162820 
0.00162240 
0.00162240 
0.00162580 
0.00162470 
0.00161940 
0.00161010 
0.00160280 
0.00163460 
0.00163540 
0.00164950 
0.00162160 
0.00161620 
0.00163010 
0.00164480 
0.00167150 
0.00168280 
0.00167450 
0.00167870 
0.00166010 
0.00164690 
0.00165070 
0.00164870 
0.00163910 
0.00160470 
0.00164050 
0.00164110 
0.00163600 
0.00164800 
0.00160040 
0.00157870 
0.00157050 
0.00157050 
0.00159200 
0.00163460 
0.00163550 
0.00161080 
0.00159180 
0.00160000 
0.00154240 
0.00149900 
0.00149890 
0.00149860 
0.00149860 
0.00149860 
0.00149840 
0.00149780 
0.00149510 
0.00149490 
0.00149490 
0.00149000 
0.00149000 
0.00149000 
0.00149490 
0.00149490 
0.00148350 
0.00148830 
0.00148810 
0.00148830 
0.00148830 
0.00148800 
0.00148650 
0.00148150 
0.00148130 
0.00146740 
0.00146550 
0.00146530 
0.00145770 
0.00145760 
0.00145700 
0.00146230 
0.00146900 
0.00147430 
0.00147430 
0.00146900 
0.00147010 
0.00146990 
0.00148370 
0.00149080 
0.00148010 
0.00149380 
0.00149380 
0.00148000 
0.00146960 
0.00146960 
0.00147240 
0.00147650 
0.00147870 
0.00148340 
0.00148350 
0.00148990 
0.00148090 
0.00147900 
0.00148000 
0.00147100 
0.00146460 
0.00147350 
0.00147490 
0.00148990 
0.00149480 
0.00148620 
0.00147620 
0.00146880 
0.00147100 
0.00147110 
0.00148740 
0.00148670 
0.00148870 
0.00146540 
0.00145820 
0.00145370 
0.00145350 
0.00143940 
0.00142680 
0.00141830 
0.00141500 
0.00144680 
0.00147130 
0.00147690 
0.00146430 
0.00145540 
0.00144820 
0.00144910 
0.00144890 
0.00145410 
0.00145220 
0.00143590 
0.00143600 
0.00143590 
0.00143470 
0.00143770 
0.00143600 
0.00144330 
0.00144630 
0.00145510 
0.00144340 
0.00143840 
0.00142160 
0.00141590 
0.00141210 
0.00142110 
0.00141520 
0.00141810 
0.00141000 
0.00141130 
0.00142000 
0.00143210 
0.00144240 
0.00144380 
0.00143940 
0.00143500 
0.00144720 
0.00144560 
0.00144850 
0.00145170 
0.00144820 
0.00144820 
0.00145390 
0.00144660 
0.00144600 
0.00144560 
0.00144030 
0.00143980 
0.00144190 
0.00144180 
0.00144070 
0.00144070 
0.00144180 
0.00144550 
0.00144200 
0.00144200 
0.00144560 
0.00144560 
0.00144850 
0.00144500 
0.00145500 
0.00146720 
0.00146720 
0.00147270 
0.00147400 
0.00148280 
0.00149000 
0.00147320 
0.00147650 
0.00146960 
0.00146500 
0.00145660 
0.00145700 
0.00146540 
0.00145100 
0.00143000 
0.00143500 
0.00143000 
0.00142930 
0.00142760 
0.00143000 
0.00143500 
0.00144040 
0.00144090 
0.00143010 
0.00144500 
0.00145000 
0.00145500 
0.00145990 
0.00145490 
0.00145500 
0.00145500 
0.00145500 
0.00145510 
0.00145800 
0.00145630 
0.00146130 
0.00145520 
0.00145860 
0.00145570 
0.00145590 
0.00145600 
0.00145700 
0.00145600 
0.00146680 
0.00146540 
0.00146140 
0.00145000 
0.00145530 
0.00145000 
0.00145000 
0.00145000 
0.00145000 
0.00146500 
0.00146500 
0.00147270 
0.00146800 
0.00146590 
0.00146970 
0.00147400 
0.00147780 
0.00148900 
0.00148910 
0.00149450 
0.00149510 
0.00149510 
0.00149510 
0.00150130 
0.00150270 
0.00150270 
0.00150270 
0.00150130 
0.00149400 
0.00149760 
0.00150020 
0.00150120 
0.00151000 
0.00150450 
0.00150470 
0.00150470 
0.00151000 
0.00151000 
0.00151000 
0.00151390 
0.00151390 
0.00151120 
0.00151060 
0.00150800 
0.00152120 
0.00152050 
0.00153440 
0.00152210 
0.00152350 
0.00153160 
0.00153440 
0.00152500 
0.00152500 
0.00152500 
0.00152500 
0.00152210 
0.00153650 
0.00154330 
0.00154320 
0.00154310 
0.00154320 
0.00154460 
0.00154500 
0.00153960 
0.00154480 
0.00154100 
0.00155310 
0.00156300 
0.00156290 
0.00156300 
0.00156080 
0.00155100 
0.00156300 
0.00155100 
0.00156270 
0.00156200 
0.00155750 
0.00156030 
0.00156040 
0.00156850 
0.00154180 
0.00153430 
0.00154790 
0.00155440 
0.00156870 
0.00157460 
0.00157680 
0.00157420 
0.00157670 
0.00157540 
0.00157670 
0.00157670 
0.00157670 
0.00157670 
0.00157100 
0.00157100 
0.00157330 
0.00157500 
0.00157260 
0.00157500 
0.00157360 
0.00154000 
0.00153410 
0.00153480 
0.00152440 
0.00154880 
0.00155350 
0.00157340 
0.00157500 
0.00157080 
0.00156300 
0.00158630 
0.00158710 
0.00158850 
0.00159320 
0.00160890 
0.00160890 
0.00160870 
0.00161780 
0.00153650 
0.00152760 
0.00153630 
0.00154960 
0.00154640 
0.00153270 
0.00153100 
0.00153820 
0.00151610 
0.00153000 
0.00152980 
0.00152600 
0.00151990 
0.00168530 
0.00168750 
0.00170050 
0.00170170 
0.00170950 
0.00170090 
0.00170400 
0.00170950 
0.00171000 
0.00170930 
0.00171940 
0.00171970 
0.00171130 
0.00171440 
0.00172590 
0.00172170 
0.00172980 
0.00172880 
0.00172720 
0.00172850 
0.00171340 
0.00172900 
0.00170520 
0.00169730 
0.00169590 
0.00170520 
0.00171750 
0.00171800 
0.00171030 
0.00171180 
0.00171170 
0.00172340 
0.00170990 
0.00170960 
0.00170000 
0.00170180 
0.00170260 
0.00170960 
0.00171110 
0.00172080 
0.00170630 
0.00170400 
0.00168850 
0.00168500 
0.00168860 
0.00168000 
0.00165800 
0.00165640 
0.00165840 
0.00166320 
0.00166250 
0.00164800 
0.00166250 
0.00164440 
0.00166270 
0.00165880 
0.00165970 
0.00166820 
0.00167000 
0.00167000 
0.00166990 
0.00166990 
0.00167000 
0.00166900 
0.00167000 
0.00167000 
0.00166900 
0.00166980 
0.00165920 
0.00166740 
0.00166000 
0.00164280 
0.00164200 
0.00164280 
0.00162780 
0.00161200 
0.00161000 
0.00161850 
0.00162000 
0.00162760 
0.00162760 
0.00163120 
0.00163130 
0.00164000 
0.00164950 
0.00164390 
0.00164390 
0.00166030 
0.00165000 
0.00165000 
0.00165000 
0.00165350 
0.00165000 
0.00165000 
0.00164410 
0.00164390 
0.00162750 
0.00163120 
0.00164890 
0.00168060 
0.00169160 
0.00169250 
0.00169770 
0.00169770 
0.00169110 
0.00169950 
0.00169050 
0.00169930 
0.00169640 
0.00169940 
0.00171900 
0.00172690 
0.00171890 
0.00171070 
0.00170380 
0.00170190 
0.00170110 
0.00170300 
0.00170000 
0.00167030 
0.00166660 
0.00168490 
0.00167140 
0.00166140 
0.00165700 
0.00164620 
0.00163890 
0.00165530 
0.00162830 
0.00162820 
0.00162240 
0.00162240 
0.00162580 
0.00162470 
0.00161940 
0.00161010 
0.00160280 
0.00163460 
0.00163540 
0.00164950 
0.00162160 
0.00161620 
0.00163010 
0.00164480 
0.00167150 
0.00168280 
0.00167450 
0.00167870 
0.00166010 
0.00164690 
0.00165070 
0.00164870 
0.00163910 
0.00160470 
0.00164050 
0.00164110 
0.00163600 
0.00164800 
0.00160040 
0.00157870 
0.00157050 
0.00157050 
0.00159200 
0.00163460 
0.00163550 
0.00161080 
0.00159180 
0.00160000 
0.00154240 
0.00149900 
0.00149890 
0.00149860 
0.00149860 
0.00149860 
0.00149840 
0.00149780 
0.00149510 
0.00149490 
0.00149490 
0.00149000 
0.00149000 
0.00149000 
0.00149490 
0.00149490 
0.00148350 
0.00148830 
0.00148810 
0.00148830 
0.00148830 
0.00148800 
0.00148650 
0.00148150 
0.00148130 
0.00146740 
0.00146550 
0.00146530 
0.00145770 
0.00145760 
0.00145700 
0.00146230 
0.00146900 
0.00147430 
0.00147430 
0.00146900 
0.00147010 
0.00146990 
0.00148370 
0.00149080 
0.00148010 
0.00149380 
0.00149380 
0.00148000 
0.00146960 
0.00146960 
0.00147240 
0.00147650 
0.00147870 
0.00148340 
0.00148350 
0.00148990 
0.00148090 
0.00147900 
0.00148000 
0.00147100 
0.00146460 
0.00147350 
0.00147490 
0.00148990 
0.00149480 
0.00148620 
0.00147620 
0.00146880 
0.00147100 
0.00147110 
0.00148740 
0.00148670 
0.00148870 
0.00146540 
0.00145820 
0.00145370 
0.00145350 
0.00143940 
0.00142680 
0.00141830 
0.00141500 
0.00144680 
0.00147130 
0.00147690 
0.00146430 
0.00145540 
0.00144820 
0.00144910 
0.00144890 
0.00145410 
0.00145220 
0.00143590 
0.00143600 
0.00143590 
0.00143470 
0.00143770 
0.00143600 
0.00144330 
0.00144630 
0.00145510 
0.00144340 
0.00143840 
0.00142160 
0.00141590 
0.00141210 
0.00142110 
0.00141520 
0.00141810 
0.00141000 
0.00141130 
0.00142000 
0.00143210 
0.00144240 
0.00144380 
0.00143940 
0.00143500 
0.00144720 
0.00144560 
0.00144850 
0.00145170 
0.00144820 
0.00144820 
0.00145390 
0.00144660 
0.00144600 
0.00144560 
0.00144030 
0.00143980 
0.00144190 
0.00144180 
0.00144070 
0.00144070 
0.00144180 
0.00144550 
0.00144200 
0.00144200 
0.00144560 
0.00144560 
0.00144850 
0.00144500 
0.00145500 
0.00146720 
0.00146720 
0.00147270 
0.00147400 
0.00148280 
0.00149000 
0.00147320 
0.00147650 
0.00146960 
0.00146500 
0.00145660 
0.00145700 
0.00146540 
0.00145100 
0.00143000 
0.00143500 
0.00143000 
0.00142930 
0.00142760 
0.00143000 
0.00143500 
0.00144040 
0.00144090 
0.00143010 
0.00144500 
0.00145000 
0.00145500 
0.00145990 
0.00145490 
0.00145500 
0.00145500 
0.00145500 
0.00145510 
0.00145800 
0.00145630 
0.00146130 
0.00145520 
0.00145860 
0.00145570 
0.00145590 
0.00145600 
0.00145700 
0.00145600 
0.00146680 
0.00146540 
0.00146140 
0.00145000 
0.00145530 
0.00145000 
0.00145000 
0.00145000 
0.00145000 
0.00146500 
0.00146500 
0.00147270 
0.00146800 
0.00146590 
0.00146970 
0.00147400 
0.00147780 
0.00148900 
0.00148910 
0.00149450 
0.00149510 
0.00149510 
0.00149510 
0.00150130 
0.00150270 
0.00150270 
0.00150270 
0.00150130 
0.00149400 
0.00149760 
0.00150020 
0.00150120 
0.00151000 
0.00150450 
0.00150470 
0.00150470 
0.00151000 
0.00151000 
0.00151000 
0.00151390 
0.00151390 
0.00151120 
0.00151060 
0.00150800 
0.00152120 
0.00152050 
0.00153440 
0.00152210 
0.00152350 
0.00153160 
0.00153440 
0.00152500 
0.00152500 
0.00152500 
0.00152500 
0.00152210 
0.00153650 
0.00154330 
0.00154320 
0.00154310 
0.00154320 
0.00154460 
0.00154500 
0.00153960 
0.00154480 
0.00154100 
0.00155310 
0.00156300 
0.00156290 
0.00156300 
0.00156080 
0.00155100 
0.00156300 
0.00155100 
0.00156270 
0.00156200 
0.00155750 
0.00156030 
0.00156040 
0.00156850 
0.00154180 
0.00153430 
0.00154790 
0.00155440 
0.00156870 
0.00157460 
0.00157680 
0.00157420 
0.00157670 
0.00157540 
0.00157670 
0.00157670 
0.00157670 
0.00157670 
0.00157100 
0.00157100 
0.00157330 
0.00157500 
0.00157260 
0.00157500 
0.00157360 
0.00154000 
0.00153410 
0.00153480 
0.00152440 
0.00154880 
0.00155350 
0.00157340 
0.00157500 
0.00157080 
0.00156300 
0.00158630 
0.00158710 
0.00158850 
0.00159320 
0.00160890 
0.00160890 
0.00160870 
0.00161780 
0.00153650 
0.00152760 
0.00153630 
0.00154960 
0.00154640 
0.00153270 
0.00153100 
0.00153820 
0.00151610 
0.00153000 
0.00152980 
0.00152600 
0.00151990 
