286.63000000 
811.10000000 
364.73000000 
163.24000000 
541.41000000 
160.42000000 
74.40000000 
118.29000000 
602.02000000 
223.24000000 
530.98000000 
168.94000000 
349.57000000 
160.39000000 
65.50000000 
213.00000000 
61.35000000 
402.78000000 
214.94000000 
44.82000000 
141.78000000 
426.91000000 
279.07000000 
211.88000000 
182.84000000 
562.31000000 
296.54000000 
117.67000000 
110.00000000 
132.98000000 
235.34000000 
1382.19000000 
823.12000000 
387.26000000 
270.62000000 
195.12000000 
191.68000000 
593.08000000 
845.58000000 
159.28000000 
783.19000000 
447.32000000 
342.92000000 
113.02000000 
196.70000000 
439.02000000 
179.48000000 
38.74000000 
64.69000000 
198.51000000 
22.26000000 
38.77000000 
23.76000000 
53.27000000 
4.86000000 
179.36000000 
464.41000000 
24.14000000 
63.78000000 
8.55000000 
190.83000000 
105.44000000 
72.87000000 
396.97000000 
4.71000000 
70.53000000 
232.99000000 
5.00000000 
163.92000000 
446.98000000 
55.57000000 
214.29000000 
48.56000000 
103.99000000 
196.56000000 
712.89000000 
122.56000000 
85.67000000 
125.43000000 
950.39000000 
16.70000000 
194.58000000 
44.03000000 
229.77000000 
6.05000000 
150.60000000 
0.00000000 
188.57000000 
18.36000000 
112.65000000 
348.67000000 
20.01000000 
95.53000000 
330.03000000 
316.01000000 
20.30000000 
20.30000000 
75.73000000 
269.98000000 
297.63000000 
2558.39000000 
133.49000000 
44.36000000 
107.34000000 
210.65000000 
243.04000000 
191.98000000 
205.84000000 
130.91000000 
79.16000000 
479.83000000 
484.00000000 
1330.95000000 
351.11000000 
205.95000000 
381.71000000 
529.25000000 
574.37000000 
364.61000000 
666.06000000 
31.73000000 
154.32000000 
735.03000000 
76.01000000 
148.50000000 
108.83000000 
90.03000000 
209.10000000 
228.59000000 
10.03000000 
8.83000000 
11.90000000 
108.39000000 
31.51000000 
25.05000000 
267.92000000 
162.51000000 
1020.26000000 
198.69000000 
1042.38000000 
1035.21000000 
355.13000000 
390.52000000 
459.04000000 
257.92000000 
562.05000000 
212.52000000 
721.98000000 
619.81000000 
206.49000000 
159.28000000 
314.55000000 
232.33000000 
239.84000000 
393.78000000 
363.98000000 
282.12000000 
279.59000000 
396.35000000 
370.83000000 
166.33000000 
131.58000000 
645.85000000 
1673.19000000 
1030.63000000 
1271.35000000 
181.11000000 
502.62000000 
543.78000000 
3080.30000000 
179.20000000 
212.00000000 
0.00000000 
16.87000000 
41.27000000 
84.73000000 
271.16000000 
99.82000000 
11.32000000 
2.00000000 
0.00000000 
1.29000000 
220.77000000 
25.89000000 
222.17000000 
12.19000000 
79.46000000 
85.56000000 
61.86000000 
19.24000000 
30.00000000 
13.25000000 
112.91000000 
0.00000000 
30.31000000 
0.00000000 
65.23000000 
23.06000000 
68.65000000 
170.41000000 
6.67000000 
82.20000000 
46.02000000 
0.00000000 
253.00000000 
217.38000000 
75.88000000 
77.65000000 
29.43000000 
140.98000000 
0.00000000 
117.61000000 
92.07000000 
13.99000000 
0.00000000 
88.44000000 
78.91000000 
69.97000000 
18.83000000 
161.64000000 
34.20000000 
113.24000000 
55.90000000 
20.12000000 
353.00000000 
112.59000000 
618.83000000 
283.96000000 
61.44000000 
681.44000000 
102.26000000 
388.41000000 
224.86000000 
96.67000000 
480.72000000 
359.56000000 
83.18000000 
208.29000000 
275.20000000 
106.43000000 
25.09000000 
212.22000000 
253.90000000 
93.02000000 
249.08000000 
1204.30000000 
32.78000000 
2.82000000 
56.85000000 
26.84000000 
464.00000000 
365.96000000 
103.53000000 
43.21000000 
75.67000000 
231.97000000 
23.30000000 
0.00000000 
122.36000000 
201.42000000 
0.00000000 
67.32000000 
0.00000000 
57.76000000 
51.43000000 
103.23000000 
91.76000000 
51.83000000 
58.64000000 
0.00000000 
51.33000000 
130.21000000 
163.12000000 
243.27000000 
101.11000000 
520.20000000 
97.15000000 
0.02000000 
166.70000000 
243.69000000 
0.50000000 
133.49000000 
449.16000000 
323.53000000 
0.00000000 
10.66000000 
69.65000000 
91.91000000 
5.00000000 
0.01000000 
54.72000000 
109.61000000 
118.78000000 
417.11000000 
107.59000000 
81.77000000 
25.37000000 
38.30000000 
52.06000000 
36.07000000 
143.23000000 
174.88000000 
34.00000000 
134.67000000 
160.48000000 
16.67000000 
63.99000000 
219.25000000 
45.08000000 
2.26000000 
64.12000000 
1062.93000000 
50.95000000 
80.47000000 
175.56000000 
276.58000000 
3.62000000 
36.83000000 
329.02000000 
151.07000000 
57.71000000 
42.17000000 
62.80000000 
100.68000000 
167.15000000 
31.11000000 
369.89000000 
63.33000000 
207.69000000 
0.00000000 
226.52000000 
294.17000000 
61.68000000 
4.00000000 
72.74000000 
22.84000000 
5.06000000 
20.18000000 
335.76000000 
57.81000000 
307.73000000 
114.84000000 
331.12000000 
60.95000000 
79.01000000 
114.90000000 
50.02000000 
0.00000000 
79.07000000 
1.50000000 
64.50000000 
25.69000000 
103.63000000 
428.44000000 
105.64000000 
0.00000000 
229.08000000 
709.20000000 
32.29000000 
207.93000000 
111.79000000 
34.76000000 
68.80000000 
9.91000000 
277.26000000 
0.00000000 
29.49000000 
39.68000000 
20.17000000 
375.20000000 
6.99000000 
139.16000000 
255.43000000 
212.14000000 
101.02000000 
0.03000000 
268.79000000 
11.00000000 
32.88000000 
109.82000000 
141.53000000 
105.95000000 
68.05000000 
21.61000000 
1.00000000 
0.00000000 
13.24000000 
28.09000000 
12.00000000 
52.70000000 
38.00000000 
295.19000000 
297.93000000 
100.57000000 
36.24000000 
45.99000000 
50.00000000 
6.25000000 
0.00000000 
111.45000000 
0.00000000 
0.00000000 
0.00000000 
36.15000000 
15.00000000 
14.64000000 
54.75000000 
24.02000000 
0.00000000 
39.21000000 
141.77000000 
325.19000000 
453.80000000 
13.13000000 
249.94000000 
110.70000000 
19.18000000 
64.99000000 
106.42000000 
30.72000000 
0.65000000 
8.00000000 
2.15000000 
18.62000000 
199.80000000 
73.92000000 
0.40000000 
0.95000000 
157.15000000 
225.80000000 
240.86000000 
104.12000000 
22.77000000 
343.10000000 
2.13000000 
11.40000000 
0.00000000 
207.20000000 
0.00000000 
0.00000000 
0.00000000 
3.35000000 
0.00000000 
0.00000000 
47.49000000 
182.19000000 
15.84000000 
0.00000000 
500.00000000 
263.22000000 
102.37000000 
0.00000000 
83.95000000 
262.63000000 
82.43000000 
847.93000000 
232.24000000 
7.00000000 
134.92000000 
26.04000000 
11.39000000 
30.22000000 
275.94000000 
389.30000000 
227.30000000 
174.27000000 
92.12000000 
772.72000000 
0.00000000 
48.39000000 
26.47000000 
159.26000000 
31.16000000 
21.37000000 
1819.91000000 
161.60000000 
118.45000000 
153.04000000 
22.08000000 
49.48000000 
286.63000000 
811.10000000 
364.73000000 
163.24000000 
541.41000000 
160.42000000 
74.40000000 
118.29000000 
602.02000000 
223.24000000 
530.98000000 
168.94000000 
349.57000000 
160.39000000 
65.50000000 
213.00000000 
61.35000000 
402.78000000 
214.94000000 
44.82000000 
141.78000000 
426.91000000 
279.07000000 
211.88000000 
182.84000000 
562.31000000 
296.54000000 
117.67000000 
110.00000000 
132.98000000 
235.34000000 
1382.19000000 
823.12000000 
387.26000000 
270.62000000 
195.12000000 
191.68000000 
593.08000000 
845.58000000 
159.28000000 
783.19000000 
447.32000000 
342.92000000 
113.02000000 
196.70000000 
439.02000000 
179.48000000 
38.74000000 
64.69000000 
198.51000000 
22.26000000 
38.77000000 
23.76000000 
53.27000000 
4.86000000 
179.36000000 
464.41000000 
24.14000000 
63.78000000 
8.55000000 
190.83000000 
105.44000000 
72.87000000 
396.97000000 
4.71000000 
70.53000000 
232.99000000 
5.00000000 
163.92000000 
446.98000000 
55.57000000 
214.29000000 
48.56000000 
103.99000000 
196.56000000 
712.89000000 
122.56000000 
85.67000000 
125.43000000 
950.39000000 
16.70000000 
194.58000000 
44.03000000 
229.77000000 
6.05000000 
150.60000000 
0.00000000 
188.57000000 
18.36000000 
112.65000000 
348.67000000 
20.01000000 
95.53000000 
330.03000000 
316.01000000 
20.30000000 
20.30000000 
75.73000000 
269.98000000 
297.63000000 
2558.39000000 
133.49000000 
44.36000000 
107.34000000 
210.65000000 
243.04000000 
191.98000000 
205.84000000 
130.91000000 
79.16000000 
479.83000000 
484.00000000 
1330.95000000 
351.11000000 
205.95000000 
381.71000000 
529.25000000 
574.37000000 
364.61000000 
666.06000000 
31.73000000 
154.32000000 
735.03000000 
76.01000000 
148.50000000 
108.83000000 
90.03000000 
209.10000000 
228.59000000 
10.03000000 
8.83000000 
11.90000000 
108.39000000 
31.51000000 
25.05000000 
267.92000000 
162.51000000 
1020.26000000 
198.69000000 
1042.38000000 
1035.21000000 
355.13000000 
390.52000000 
459.04000000 
257.92000000 
562.05000000 
212.52000000 
721.98000000 
619.81000000 
206.49000000 
159.28000000 
314.55000000 
232.33000000 
239.84000000 
393.78000000 
363.98000000 
282.12000000 
279.59000000 
396.35000000 
370.83000000 
166.33000000 
131.58000000 
645.85000000 
1673.19000000 
1030.63000000 
1271.35000000 
181.11000000 
502.62000000 
543.78000000 
3080.30000000 
179.20000000 
212.00000000 
0.00000000 
16.87000000 
41.27000000 
84.73000000 
271.16000000 
99.82000000 
11.32000000 
2.00000000 
0.00000000 
1.29000000 
220.77000000 
25.89000000 
222.17000000 
12.19000000 
79.46000000 
85.56000000 
61.86000000 
19.24000000 
30.00000000 
13.25000000 
112.91000000 
0.00000000 
30.31000000 
0.00000000 
65.23000000 
23.06000000 
68.65000000 
170.41000000 
6.67000000 
82.20000000 
46.02000000 
0.00000000 
253.00000000 
217.38000000 
75.88000000 
77.65000000 
29.43000000 
140.98000000 
0.00000000 
117.61000000 
92.07000000 
13.99000000 
0.00000000 
88.44000000 
78.91000000 
69.97000000 
18.83000000 
161.64000000 
34.20000000 
113.24000000 
55.90000000 
20.12000000 
353.00000000 
112.59000000 
618.83000000 
283.96000000 
61.44000000 
681.44000000 
102.26000000 
388.41000000 
224.86000000 
96.67000000 
480.72000000 
359.56000000 
83.18000000 
208.29000000 
275.20000000 
106.43000000 
25.09000000 
212.22000000 
253.90000000 
93.02000000 
249.08000000 
1204.30000000 
32.78000000 
2.82000000 
56.85000000 
26.84000000 
464.00000000 
365.96000000 
103.53000000 
43.21000000 
75.67000000 
231.97000000 
23.30000000 
0.00000000 
122.36000000 
201.42000000 
0.00000000 
67.32000000 
0.00000000 
57.76000000 
51.43000000 
103.23000000 
91.76000000 
51.83000000 
58.64000000 
0.00000000 
51.33000000 
130.21000000 
163.12000000 
243.27000000 
101.11000000 
520.20000000 
97.15000000 
0.02000000 
166.70000000 
243.69000000 
0.50000000 
133.49000000 
449.16000000 
323.53000000 
0.00000000 
10.66000000 
69.65000000 
91.91000000 
5.00000000 
0.01000000 
54.72000000 
109.61000000 
118.78000000 
417.11000000 
107.59000000 
81.77000000 
25.37000000 
38.30000000 
52.06000000 
36.07000000 
143.23000000 
174.88000000 
34.00000000 
134.67000000 
160.48000000 
16.67000000 
63.99000000 
219.25000000 
45.08000000 
2.26000000 
64.12000000 
1062.93000000 
50.95000000 
80.47000000 
175.56000000 
276.58000000 
3.62000000 
36.83000000 
329.02000000 
151.07000000 
57.71000000 
42.17000000 
62.80000000 
100.68000000 
167.15000000 
31.11000000 
369.89000000 
63.33000000 
207.69000000 
0.00000000 
226.52000000 
294.17000000 
61.68000000 
4.00000000 
72.74000000 
22.84000000 
5.06000000 
20.18000000 
335.76000000 
57.81000000 
307.73000000 
114.84000000 
331.12000000 
60.95000000 
79.01000000 
114.90000000 
50.02000000 
0.00000000 
79.07000000 
1.50000000 
64.50000000 
25.69000000 
103.63000000 
428.44000000 
105.64000000 
0.00000000 
229.08000000 
709.20000000 
32.29000000 
207.93000000 
111.79000000 
34.76000000 
68.80000000 
9.91000000 
277.26000000 
0.00000000 
29.49000000 
39.68000000 
20.17000000 
375.20000000 
6.99000000 
139.16000000 
255.43000000 
212.14000000 
101.02000000 
0.03000000 
268.79000000 
11.00000000 
32.88000000 
109.82000000 
141.53000000 
105.95000000 
68.05000000 
21.61000000 
1.00000000 
0.00000000 
13.24000000 
28.09000000 
12.00000000 
52.70000000 
38.00000000 
295.19000000 
297.93000000 
100.57000000 
36.24000000 
45.99000000 
50.00000000 
6.25000000 
0.00000000 
111.45000000 
0.00000000 
0.00000000 
0.00000000 
36.15000000 
15.00000000 
14.64000000 
54.75000000 
24.02000000 
0.00000000 
39.21000000 
141.77000000 
325.19000000 
453.80000000 
13.13000000 
249.94000000 
110.70000000 
19.18000000 
64.99000000 
106.42000000 
30.72000000 
0.65000000 
8.00000000 
2.15000000 
18.62000000 
199.80000000 
73.92000000 
0.40000000 
0.95000000 
157.15000000 
225.80000000 
240.86000000 
104.12000000 
22.77000000 
343.10000000 
2.13000000 
11.40000000 
0.00000000 
207.20000000 
0.00000000 
0.00000000 
0.00000000 
3.35000000 
0.00000000 
0.00000000 
47.49000000 
182.19000000 
15.84000000 
0.00000000 
500.00000000 
263.22000000 
102.37000000 
0.00000000 
83.95000000 
262.63000000 
82.43000000 
847.93000000 
232.24000000 
7.00000000 
134.92000000 
26.04000000 
11.39000000 
30.22000000 
275.94000000 
389.30000000 
227.30000000 
174.27000000 
92.12000000 
772.72000000 
0.00000000 
48.39000000 
26.47000000 
159.26000000 
31.16000000 
21.37000000 
1819.91000000 
161.60000000 
118.45000000 
153.04000000 
22.08000000 
49.48000000 
286.63000000 
811.10000000 
364.73000000 
163.24000000 
541.41000000 
160.42000000 
74.40000000 
118.29000000 
602.02000000 
223.24000000 
530.98000000 
168.94000000 
349.57000000 
160.39000000 
65.50000000 
213.00000000 
61.35000000 
402.78000000 
214.94000000 
44.82000000 
141.78000000 
426.91000000 
279.07000000 
211.88000000 
182.84000000 
562.31000000 
296.54000000 
117.67000000 
110.00000000 
132.98000000 
235.34000000 
1382.19000000 
823.12000000 
387.26000000 
270.62000000 
195.12000000 
191.68000000 
593.08000000 
845.58000000 
159.28000000 
783.19000000 
447.32000000 
342.92000000 
113.02000000 
196.70000000 
439.02000000 
179.48000000 
38.74000000 
64.69000000 
198.51000000 
22.26000000 
38.77000000 
23.76000000 
53.27000000 
4.86000000 
179.36000000 
464.41000000 
24.14000000 
63.78000000 
8.55000000 
190.83000000 
105.44000000 
72.87000000 
396.97000000 
4.71000000 
70.53000000 
232.99000000 
5.00000000 
163.92000000 
446.98000000 
55.57000000 
214.29000000 
48.56000000 
103.99000000 
196.56000000 
712.89000000 
122.56000000 
85.67000000 
125.43000000 
950.39000000 
16.70000000 
194.58000000 
44.03000000 
229.77000000 
6.05000000 
150.60000000 
0.00000000 
188.57000000 
18.36000000 
112.65000000 
348.67000000 
20.01000000 
95.53000000 
330.03000000 
316.01000000 
20.30000000 
20.30000000 
75.73000000 
269.98000000 
297.63000000 
2558.39000000 
133.49000000 
44.36000000 
107.34000000 
210.65000000 
243.04000000 
191.98000000 
205.84000000 
130.91000000 
79.16000000 
479.83000000 
484.00000000 
1330.95000000 
351.11000000 
205.95000000 
381.71000000 
529.25000000 
574.37000000 
364.61000000 
666.06000000 
31.73000000 
154.32000000 
735.03000000 
76.01000000 
148.50000000 
108.83000000 
90.03000000 
209.10000000 
228.59000000 
10.03000000 
8.83000000 
11.90000000 
108.39000000 
31.51000000 
25.05000000 
267.92000000 
162.51000000 
1020.26000000 
198.69000000 
1042.38000000 
1035.21000000 
355.13000000 
390.52000000 
459.04000000 
257.92000000 
562.05000000 
212.52000000 
721.98000000 
619.81000000 
206.49000000 
159.28000000 
314.55000000 
232.33000000 
239.84000000 
393.78000000 
363.98000000 
282.12000000 
279.59000000 
396.35000000 
370.83000000 
166.33000000 
131.58000000 
645.85000000 
1673.19000000 
1030.63000000 
1271.35000000 
181.11000000 
502.62000000 
543.78000000 
3080.30000000 
179.20000000 
212.00000000 
0.00000000 
16.87000000 
41.27000000 
84.73000000 
271.16000000 
99.82000000 
11.32000000 
2.00000000 
0.00000000 
1.29000000 
220.77000000 
25.89000000 
222.17000000 
12.19000000 
79.46000000 
85.56000000 
61.86000000 
19.24000000 
30.00000000 
13.25000000 
112.91000000 
0.00000000 
30.31000000 
0.00000000 
65.23000000 
23.06000000 
68.65000000 
170.41000000 
6.67000000 
82.20000000 
46.02000000 
0.00000000 
253.00000000 
217.38000000 
75.88000000 
77.65000000 
29.43000000 
140.98000000 
0.00000000 
117.61000000 
92.07000000 
13.99000000 
0.00000000 
88.44000000 
78.91000000 
69.97000000 
18.83000000 
161.64000000 
34.20000000 
113.24000000 
55.90000000 
20.12000000 
353.00000000 
112.59000000 
618.83000000 
283.96000000 
61.44000000 
681.44000000 
102.26000000 
388.41000000 
224.86000000 
96.67000000 
480.72000000 
359.56000000 
83.18000000 
208.29000000 
275.20000000 
106.43000000 
25.09000000 
212.22000000 
253.90000000 
93.02000000 
249.08000000 
1204.30000000 
32.78000000 
2.82000000 
56.85000000 
26.84000000 
464.00000000 
365.96000000 
103.53000000 
43.21000000 
75.67000000 
231.97000000 
23.30000000 
0.00000000 
122.36000000 
201.42000000 
0.00000000 
67.32000000 
0.00000000 
57.76000000 
51.43000000 
103.23000000 
91.76000000 
51.83000000 
58.64000000 
0.00000000 
51.33000000 
130.21000000 
163.12000000 
243.27000000 
101.11000000 
520.20000000 
97.15000000 
0.02000000 
166.70000000 
243.69000000 
0.50000000 
133.49000000 
449.16000000 
323.53000000 
0.00000000 
10.66000000 
69.65000000 
91.91000000 
5.00000000 
0.01000000 
54.72000000 
109.61000000 
118.78000000 
417.11000000 
107.59000000 
81.77000000 
25.37000000 
38.30000000 
52.06000000 
36.07000000 
143.23000000 
174.88000000 
34.00000000 
134.67000000 
160.48000000 
16.67000000 
63.99000000 
219.25000000 
45.08000000 
2.26000000 
64.12000000 
1062.93000000 
50.95000000 
80.47000000 
175.56000000 
276.58000000 
3.62000000 
36.83000000 
329.02000000 
151.07000000 
57.71000000 
42.17000000 
62.80000000 
100.68000000 
167.15000000 
31.11000000 
369.89000000 
63.33000000 
207.69000000 
0.00000000 
226.52000000 
294.17000000 
61.68000000 
4.00000000 
72.74000000 
22.84000000 
5.06000000 
20.18000000 
335.76000000 
57.81000000 
307.73000000 
114.84000000 
331.12000000 
60.95000000 
79.01000000 
114.90000000 
50.02000000 
0.00000000 
79.07000000 
1.50000000 
64.50000000 
25.69000000 
103.63000000 
428.44000000 
105.64000000 
0.00000000 
229.08000000 
709.20000000 
32.29000000 
207.93000000 
111.79000000 
34.76000000 
68.80000000 
9.91000000 
277.26000000 
0.00000000 
29.49000000 
39.68000000 
20.17000000 
375.20000000 
6.99000000 
139.16000000 
255.43000000 
212.14000000 
101.02000000 
0.03000000 
268.79000000 
11.00000000 
32.88000000 
109.82000000 
141.53000000 
105.95000000 
68.05000000 
21.61000000 
1.00000000 
0.00000000 
13.24000000 
28.09000000 
12.00000000 
52.70000000 
38.00000000 
295.19000000 
297.93000000 
100.57000000 
36.24000000 
45.99000000 
50.00000000 
6.25000000 
0.00000000 
111.45000000 
0.00000000 
0.00000000 
0.00000000 
36.15000000 
15.00000000 
14.64000000 
54.75000000 
24.02000000 
0.00000000 
39.21000000 
141.77000000 
325.19000000 
453.80000000 
13.13000000 
249.94000000 
110.70000000 
19.18000000 
64.99000000 
106.42000000 
30.72000000 
0.65000000 
8.00000000 
2.15000000 
18.62000000 
199.80000000 
73.92000000 
0.40000000 
0.95000000 
157.15000000 
225.80000000 
240.86000000 
104.12000000 
22.77000000 
343.10000000 
2.13000000 
11.40000000 
0.00000000 
207.20000000 
0.00000000 
0.00000000 
0.00000000 
3.35000000 
0.00000000 
0.00000000 
47.49000000 
182.19000000 
15.84000000 
0.00000000 
500.00000000 
263.22000000 
102.37000000 
0.00000000 
83.95000000 
262.63000000 
82.43000000 
847.93000000 
232.24000000 
7.00000000 
134.92000000 
26.04000000 
11.39000000 
30.22000000 
275.94000000 
389.30000000 
227.30000000 
174.27000000 
92.12000000 
772.72000000 
0.00000000 
48.39000000 
26.47000000 
159.26000000 
31.16000000 
21.37000000 
1819.91000000 
161.60000000 
118.45000000 
153.04000000 
22.08000000 
49.48000000 
