0.00050620 
0.00050470 
0.00050400 
0.00050530 
0.00050510 
0.00050390 
0.00050390 
0.00050460 
0.00050490 
0.00050340 
0.00050310 
0.00050410 
0.00050240 
0.00050240 
0.00050290 
0.00050280 
0.00050260 
0.00050180 
0.00050200 
0.00050140 
0.00050240 
0.00050200 
0.00050100 
0.00050020 
0.00050190 
0.00050100 
0.00050200 
0.00050200 
0.00050200 
0.00050050 
0.00049740 
0.00049740 
0.00049620 
0.00049590 
0.00049920 
0.00049950 
0.00050000 
0.00050000 
0.00049920 
0.00049910 
0.00049810 
0.00049960 
0.00050050 
0.00050320 
0.00050320 
0.00050290 
0.00050210 
0.00050200 
0.00050260 
0.00050290 
0.00050170 
0.00050170 
0.00050050 
0.00050170 
0.00050300 
0.00050340 
0.00050450 
0.00050320 
0.00050350 
0.00050370 
0.00050370 
0.00050360 
0.00050440 
0.00050460 
0.00050360 
0.00050310 
0.00050310 
0.00050210 
0.00050210 
0.00050210 
0.00050190 
0.00050070 
0.00050240 
0.00050100 
0.00050060 
0.00049970 
0.00049920 
0.00050070 
0.00050090 
0.00050090 
0.00050090 
0.00050090 
0.00050100 
0.00050070 
0.00050020 
0.00049910 
0.00049780 
0.00049780 
0.00049780 
0.00049680 
0.00049640 
0.00049610 
0.00049640 
0.00049640 
0.00049480 
0.00049750 
0.00049540 
0.00049480 
0.00049530 
0.00049560 
0.00049810 
0.00049820 
0.00049890 
0.00049870 
0.00049870 
0.00049800 
0.00049780 
0.00049870 
0.00049990 
0.00049950 
0.00049900 
0.00049790 
0.00049910 
0.00049800 
0.00049890 
0.00049720 
0.00049530 
0.00049410 
0.00049760 
0.00049750 
0.00049960 
0.00049950 
0.00049760 
0.00049760 
0.00049460 
0.00049220 
0.00049220 
0.00049220 
0.00049460 
0.00049230 
0.00049360 
0.00049490 
0.00049750 
0.00049660 
0.00049770 
0.00049830 
0.00049900 
0.00049760 
0.00049900 
0.00049800 
0.00049540 
0.00049470 
0.00049340 
0.00049650 
0.00049740 
0.00049840 
0.00049860 
0.00049860 
0.00049850 
0.00049630 
0.00049800 
0.00049780 
0.00049760 
0.00049480 
0.00049620 
0.00049330 
0.00049710 
0.00049720 
0.00049650 
0.00049520 
0.00049490 
0.00049410 
0.00049430 
0.00049400 
0.00049530 
0.00049620 
0.00049460 
0.00049190 
0.00049390 
0.00049320 
0.00049070 
0.00048760 
0.00048760 
0.00048890 
0.00048730 
0.00048890 
0.00048530 
0.00048490 
0.00048490 
0.00048410 
0.00048600 
0.00048320 
0.00048450 
0.00048320 
0.00048460 
0.00048320 
0.00048320 
0.00048290 
0.00048170 
0.00048290 
0.00048260 
0.00048130 
0.00048320 
0.00048600 
0.00048830 
0.00048830 
0.00048830 
0.00048790 
0.00048550 
0.00048600 
0.00048600 
0.00048620 
0.00048620 
0.00048620 
0.00048700 
0.00048660 
0.00048700 
0.00048740 
0.00048980 
0.00048960 
0.00048960 
0.00048750 
0.00048820 
0.00048920 
0.00048860 
0.00048770 
0.00048880 
0.00048990 
0.00049000 
0.00048990 
0.00049160 
0.00049220 
0.00049600 
0.00049760 
0.00049620 
0.00049460 
0.00049590 
0.00049420 
0.00049390 
0.00049620 
0.00049610 
0.00049470 
0.00049340 
0.00049610 
0.00049480 
0.00049610 
0.00049470 
0.00049730 
0.00049480 
0.00049510 
0.00049330 
0.00049160 
0.00049110 
0.00048880 
0.00048880 
0.00048970 
0.00048970 
0.00048860 
0.00048870 
0.00048780 
0.00048700 
0.00048740 
0.00048730 
0.00048780 
0.00048820 
0.00048750 
0.00048570 
0.00048540 
0.00048480 
0.00048480 
0.00048430 
0.00048490 
0.00048510 
0.00048530 
0.00048530 
0.00048530 
0.00048480 
0.00048470 
0.00048530 
0.00048470 
0.00048470 
0.00048510 
0.00048500 
0.00048420 
0.00048420 
0.00048510 
0.00048520 
0.00048520 
0.00048600 
0.00048400 
0.00048500 
0.00048400 
0.00048400 
0.00048410 
0.00048310 
0.00048330 
0.00048470 
0.00048600 
0.00048360 
0.00048280 
0.00048480 
0.00048500 
0.00048760 
0.00049040 
0.00049090 
0.00049140 
0.00049330 
0.00049330 
0.00049210 
0.00049270 
0.00049280 
0.00049120 
0.00049040 
0.00049120 
0.00049160 
0.00049250 
0.00049180 
0.00049050 
0.00049110 
0.00049310 
0.00049540 
0.00049490 
0.00049480 
0.00049480 
0.00049600 
0.00049480 
0.00049620 
0.00049500 
0.00049040 
0.00048760 
0.00048700 
0.00048600 
0.00048380 
0.00048460 
0.00048520 
0.00048600 
0.00048840 
0.00048820 
0.00048430 
0.00048190 
0.00048260 
0.00048220 
0.00048340 
0.00048340 
0.00048450 
0.00048450 
0.00048450 
0.00048470 
0.00048460 
0.00048570 
0.00048610 
0.00048600 
0.00048620 
0.00048750 
0.00048750 
0.00048890 
0.00048670 
0.00048600 
0.00048750 
0.00048600 
0.00048580 
0.00048580 
0.00048690 
0.00048770 
0.00049010 
0.00048990 
0.00048850 
0.00049010 
0.00048930 
0.00049010 
0.00049000 
0.00049000 
0.00048900 
0.00048800 
0.00048870 
0.00048950 
0.00048950 
0.00049000 
0.00048800 
0.00048850 
0.00048620 
0.00048710 
0.00048850 
0.00048550 
0.00048440 
0.00048410 
0.00048260 
0.00048430 
0.00048390 
0.00048200 
0.00048350 
0.00048290 
0.00048290 
0.00048290 
0.00048390 
0.00048390 
0.00048400 
0.00048450 
0.00048540 
0.00048560 
0.00048440 
0.00048560 
0.00048450 
0.00048590 
0.00048700 
0.00049000 
0.00049150 
0.00049150 
0.00049460 
0.00049700 
0.00049740 
0.00049700 
0.00049760 
0.00049670 
0.00049750 
0.00049750 
0.00049630 
0.00049760 
0.00049750 
0.00049610 
0.00049630 
0.00049690 
0.00049600 
0.00049460 
0.00049590 
0.00049700 
0.00049700 
0.00049690 
0.00049670 
0.00049670 
0.00049660 
0.00049730 
0.00049730 
0.00049730 
0.00049730 
0.00049730 
0.00049730 
0.00049740 
0.00049410 
0.00049450 
0.00049300 
0.00049550 
0.00049560 
0.00049520 
0.00049670 
0.00049600 
0.00049930 
0.00050040 
0.00049830 
0.00049830 
0.00049830 
0.00049830 
0.00049780 
0.00049870 
0.00049890 
0.00050020 
0.00049960 
0.00050040 
0.00049960 
0.00049960 
0.00050100 
0.00050060 
0.00050170 
0.00050230 
0.00050270 
0.00050070 
0.00050170 
0.00050060 
0.00050190 
0.00050190 
0.00050190 
0.00050170 
0.00050170 
0.00050210 
0.00050120 
0.00050040 
0.00049970 
0.00050010 
0.00049980 
0.00049840 
0.00049840 
0.00049650 
0.00049660 
0.00049660 
0.00049580 
0.00049620 
0.00049620 
0.00049570 
0.00049570 
0.00049570 
0.00050620 
0.00050470 
0.00050400 
0.00050530 
0.00050510 
0.00050390 
0.00050390 
0.00050460 
0.00050490 
0.00050340 
0.00050310 
0.00050410 
0.00050240 
0.00050240 
0.00050290 
0.00050280 
0.00050260 
0.00050180 
0.00050200 
0.00050140 
0.00050240 
0.00050200 
0.00050100 
0.00050020 
0.00050190 
0.00050100 
0.00050200 
0.00050200 
0.00050200 
0.00050050 
0.00049740 
0.00049740 
0.00049620 
0.00049590 
0.00049920 
0.00049950 
0.00050000 
0.00050000 
0.00049920 
0.00049910 
0.00049810 
0.00049960 
0.00050050 
0.00050320 
0.00050320 
0.00050290 
0.00050210 
0.00050200 
0.00050260 
0.00050290 
0.00050170 
0.00050170 
0.00050050 
0.00050170 
0.00050300 
0.00050340 
0.00050450 
0.00050320 
0.00050350 
0.00050370 
0.00050370 
0.00050360 
0.00050440 
0.00050460 
0.00050360 
0.00050310 
0.00050310 
0.00050210 
0.00050210 
0.00050210 
0.00050190 
0.00050070 
0.00050240 
0.00050100 
0.00050060 
0.00049970 
0.00049920 
0.00050070 
0.00050090 
0.00050090 
0.00050090 
0.00050090 
0.00050100 
0.00050070 
0.00050020 
0.00049910 
0.00049780 
0.00049780 
0.00049780 
0.00049680 
0.00049640 
0.00049610 
0.00049640 
0.00049640 
0.00049480 
0.00049750 
0.00049540 
0.00049480 
0.00049530 
0.00049560 
0.00049810 
0.00049820 
0.00049890 
0.00049870 
0.00049870 
0.00049800 
0.00049780 
0.00049870 
0.00049990 
0.00049950 
0.00049900 
0.00049790 
0.00049910 
0.00049800 
0.00049890 
0.00049720 
0.00049530 
0.00049410 
0.00049760 
0.00049750 
0.00049960 
0.00049950 
0.00049760 
0.00049760 
0.00049460 
0.00049220 
0.00049220 
0.00049220 
0.00049460 
0.00049230 
0.00049360 
0.00049490 
0.00049750 
0.00049660 
0.00049770 
0.00049830 
0.00049900 
0.00049760 
0.00049900 
0.00049800 
0.00049540 
0.00049470 
0.00049340 
0.00049650 
0.00049740 
0.00049840 
0.00049860 
0.00049860 
0.00049850 
0.00049630 
0.00049800 
0.00049780 
0.00049760 
0.00049480 
0.00049620 
0.00049330 
0.00049710 
0.00049720 
0.00049650 
0.00049520 
0.00049490 
0.00049410 
0.00049430 
0.00049400 
0.00049530 
0.00049620 
0.00049460 
0.00049190 
0.00049390 
0.00049320 
0.00049070 
0.00048760 
0.00048760 
0.00048890 
0.00048730 
0.00048890 
0.00048530 
0.00048490 
0.00048490 
0.00048410 
0.00048600 
0.00048320 
0.00048450 
0.00048320 
0.00048460 
0.00048320 
0.00048320 
0.00048290 
0.00048170 
0.00048290 
0.00048260 
0.00048130 
0.00048320 
0.00048600 
0.00048830 
0.00048830 
0.00048830 
0.00048790 
0.00048550 
0.00048600 
0.00048600 
0.00048620 
0.00048620 
0.00048620 
0.00048700 
0.00048660 
0.00048700 
0.00048740 
0.00048980 
0.00048960 
0.00048960 
0.00048750 
0.00048820 
0.00048920 
0.00048860 
0.00048770 
0.00048880 
0.00048990 
0.00049000 
0.00048990 
0.00049160 
0.00049220 
0.00049600 
0.00049760 
0.00049620 
0.00049460 
0.00049590 
0.00049420 
0.00049390 
0.00049620 
0.00049610 
0.00049470 
0.00049340 
0.00049610 
0.00049480 
0.00049610 
0.00049470 
0.00049730 
0.00049480 
0.00049510 
0.00049330 
0.00049160 
0.00049110 
0.00048880 
0.00048880 
0.00048970 
0.00048970 
0.00048860 
0.00048870 
0.00048780 
0.00048700 
0.00048740 
0.00048730 
0.00048780 
0.00048820 
0.00048750 
0.00048570 
0.00048540 
0.00048480 
0.00048480 
0.00048430 
0.00048490 
0.00048510 
0.00048530 
0.00048530 
0.00048530 
0.00048480 
0.00048470 
0.00048530 
0.00048470 
0.00048470 
0.00048510 
0.00048500 
0.00048420 
0.00048420 
0.00048510 
0.00048520 
0.00048520 
0.00048600 
0.00048400 
0.00048500 
0.00048400 
0.00048400 
0.00048410 
0.00048310 
0.00048330 
0.00048470 
0.00048600 
0.00048360 
0.00048280 
0.00048480 
0.00048500 
0.00048760 
0.00049040 
0.00049090 
0.00049140 
0.00049330 
0.00049330 
0.00049210 
0.00049270 
0.00049280 
0.00049120 
0.00049040 
0.00049120 
0.00049160 
0.00049250 
0.00049180 
0.00049050 
0.00049110 
0.00049310 
0.00049540 
0.00049490 
0.00049480 
0.00049480 
0.00049600 
0.00049480 
0.00049620 
0.00049500 
0.00049040 
0.00048760 
0.00048700 
0.00048600 
0.00048380 
0.00048460 
0.00048520 
0.00048600 
0.00048840 
0.00048820 
0.00048430 
0.00048190 
0.00048260 
0.00048220 
0.00048340 
0.00048340 
0.00048450 
0.00048450 
0.00048450 
0.00048470 
0.00048460 
0.00048570 
0.00048610 
0.00048600 
0.00048620 
0.00048750 
0.00048750 
0.00048890 
0.00048670 
0.00048600 
0.00048750 
0.00048600 
0.00048580 
0.00048580 
0.00048690 
0.00048770 
0.00049010 
0.00048990 
0.00048850 
0.00049010 
0.00048930 
0.00049010 
0.00049000 
0.00049000 
0.00048900 
0.00048800 
0.00048870 
0.00048950 
0.00048950 
0.00049000 
0.00048800 
0.00048850 
0.00048620 
0.00048710 
0.00048850 
0.00048550 
0.00048440 
0.00048410 
0.00048260 
0.00048430 
0.00048390 
0.00048200 
0.00048350 
0.00048290 
0.00048290 
0.00048290 
0.00048390 
0.00048390 
0.00048400 
0.00048450 
0.00048540 
0.00048560 
0.00048440 
0.00048560 
0.00048450 
0.00048590 
0.00048700 
0.00049000 
0.00049150 
0.00049150 
0.00049460 
0.00049700 
0.00049740 
0.00049700 
0.00049760 
0.00049670 
0.00049750 
0.00049750 
0.00049630 
0.00049760 
0.00049750 
0.00049610 
0.00049630 
0.00049690 
0.00049600 
0.00049460 
0.00049590 
0.00049700 
0.00049700 
0.00049690 
0.00049670 
0.00049670 
0.00049660 
0.00049730 
0.00049730 
0.00049730 
0.00049730 
0.00049730 
0.00049730 
0.00049740 
0.00049410 
0.00049450 
0.00049300 
0.00049550 
0.00049560 
0.00049520 
0.00049670 
0.00049600 
0.00049930 
0.00050040 
0.00049830 
0.00049830 
0.00049830 
0.00049830 
0.00049780 
0.00049870 
0.00049890 
0.00050020 
0.00049960 
0.00050040 
0.00049960 
0.00049960 
0.00050100 
0.00050060 
0.00050170 
0.00050230 
0.00050270 
0.00050070 
0.00050170 
0.00050060 
0.00050190 
0.00050190 
0.00050190 
0.00050170 
0.00050170 
0.00050210 
0.00050120 
0.00050040 
0.00049970 
0.00050010 
0.00049980 
0.00049840 
0.00049840 
0.00049650 
0.00049660 
0.00049660 
0.00049580 
0.00049620 
0.00049620 
0.00049570 
0.00049570 
0.00049570 
0.00050620 
0.00050470 
0.00050400 
0.00050530 
0.00050510 
0.00050390 
0.00050390 
0.00050460 
0.00050490 
0.00050340 
0.00050310 
0.00050410 
0.00050240 
0.00050240 
0.00050290 
0.00050280 
0.00050260 
0.00050180 
0.00050200 
0.00050140 
0.00050240 
0.00050200 
0.00050100 
0.00050020 
0.00050190 
0.00050100 
0.00050200 
0.00050200 
0.00050200 
0.00050050 
0.00049740 
0.00049740 
0.00049620 
0.00049590 
0.00049920 
0.00049950 
0.00050000 
0.00050000 
0.00049920 
0.00049910 
0.00049810 
0.00049960 
0.00050050 
0.00050320 
0.00050320 
0.00050290 
0.00050210 
0.00050200 
0.00050260 
0.00050290 
0.00050170 
0.00050170 
0.00050050 
0.00050170 
0.00050300 
0.00050340 
0.00050450 
0.00050320 
0.00050350 
0.00050370 
0.00050370 
0.00050360 
0.00050440 
0.00050460 
0.00050360 
0.00050310 
0.00050310 
0.00050210 
0.00050210 
0.00050210 
0.00050190 
0.00050070 
0.00050240 
0.00050100 
0.00050060 
0.00049970 
0.00049920 
0.00050070 
0.00050090 
0.00050090 
0.00050090 
0.00050090 
0.00050100 
0.00050070 
0.00050020 
0.00049910 
0.00049780 
0.00049780 
0.00049780 
0.00049680 
0.00049640 
0.00049610 
0.00049640 
0.00049640 
0.00049480 
0.00049750 
0.00049540 
0.00049480 
0.00049530 
0.00049560 
0.00049810 
0.00049820 
0.00049890 
0.00049870 
0.00049870 
0.00049800 
0.00049780 
0.00049870 
0.00049990 
0.00049950 
0.00049900 
0.00049790 
0.00049910 
0.00049800 
0.00049890 
0.00049720 
0.00049530 
0.00049410 
0.00049760 
0.00049750 
0.00049960 
0.00049950 
0.00049760 
0.00049760 
0.00049460 
0.00049220 
0.00049220 
0.00049220 
0.00049460 
0.00049230 
0.00049360 
0.00049490 
0.00049750 
0.00049660 
0.00049770 
0.00049830 
0.00049900 
0.00049760 
0.00049900 
0.00049800 
0.00049540 
0.00049470 
0.00049340 
0.00049650 
0.00049740 
0.00049840 
0.00049860 
0.00049860 
0.00049850 
0.00049630 
0.00049800 
0.00049780 
0.00049760 
0.00049480 
0.00049620 
0.00049330 
0.00049710 
0.00049720 
0.00049650 
0.00049520 
0.00049490 
0.00049410 
0.00049430 
0.00049400 
0.00049530 
0.00049620 
0.00049460 
0.00049190 
0.00049390 
0.00049320 
0.00049070 
0.00048760 
0.00048760 
0.00048890 
0.00048730 
0.00048890 
0.00048530 
0.00048490 
0.00048490 
0.00048410 
0.00048600 
0.00048320 
0.00048450 
0.00048320 
0.00048460 
0.00048320 
0.00048320 
0.00048290 
0.00048170 
0.00048290 
0.00048260 
0.00048130 
0.00048320 
0.00048600 
0.00048830 
0.00048830 
0.00048830 
0.00048790 
0.00048550 
0.00048600 
0.00048600 
0.00048620 
0.00048620 
0.00048620 
0.00048700 
0.00048660 
0.00048700 
0.00048740 
0.00048980 
0.00048960 
0.00048960 
0.00048750 
0.00048820 
0.00048920 
0.00048860 
0.00048770 
0.00048880 
0.00048990 
0.00049000 
0.00048990 
0.00049160 
0.00049220 
0.00049600 
0.00049760 
0.00049620 
0.00049460 
0.00049590 
0.00049420 
0.00049390 
0.00049620 
0.00049610 
0.00049470 
0.00049340 
0.00049610 
0.00049480 
0.00049610 
0.00049470 
0.00049730 
0.00049480 
0.00049510 
0.00049330 
0.00049160 
0.00049110 
0.00048880 
0.00048880 
0.00048970 
0.00048970 
0.00048860 
0.00048870 
0.00048780 
0.00048700 
0.00048740 
0.00048730 
0.00048780 
0.00048820 
0.00048750 
0.00048570 
0.00048540 
0.00048480 
0.00048480 
0.00048430 
0.00048490 
0.00048510 
0.00048530 
0.00048530 
0.00048530 
0.00048480 
0.00048470 
0.00048530 
0.00048470 
0.00048470 
0.00048510 
0.00048500 
0.00048420 
0.00048420 
0.00048510 
0.00048520 
0.00048520 
0.00048600 
0.00048400 
0.00048500 
0.00048400 
0.00048400 
0.00048410 
0.00048310 
0.00048330 
0.00048470 
0.00048600 
0.00048360 
0.00048280 
0.00048480 
0.00048500 
0.00048760 
0.00049040 
0.00049090 
0.00049140 
0.00049330 
0.00049330 
0.00049210 
0.00049270 
0.00049280 
0.00049120 
0.00049040 
0.00049120 
0.00049160 
0.00049250 
0.00049180 
0.00049050 
0.00049110 
0.00049310 
0.00049540 
0.00049490 
0.00049480 
0.00049480 
0.00049600 
0.00049480 
0.00049620 
0.00049500 
0.00049040 
0.00048760 
0.00048700 
0.00048600 
0.00048380 
0.00048460 
0.00048520 
0.00048600 
0.00048840 
0.00048820 
0.00048430 
0.00048190 
0.00048260 
0.00048220 
0.00048340 
0.00048340 
0.00048450 
0.00048450 
0.00048450 
0.00048470 
0.00048460 
0.00048570 
0.00048610 
0.00048600 
0.00048620 
0.00048750 
0.00048750 
0.00048890 
0.00048670 
0.00048600 
0.00048750 
0.00048600 
0.00048580 
0.00048580 
0.00048690 
0.00048770 
0.00049010 
0.00048990 
0.00048850 
0.00049010 
0.00048930 
0.00049010 
0.00049000 
0.00049000 
0.00048900 
0.00048800 
0.00048870 
0.00048950 
0.00048950 
0.00049000 
0.00048800 
0.00048850 
0.00048620 
0.00048710 
0.00048850 
0.00048550 
0.00048440 
0.00048410 
0.00048260 
0.00048430 
0.00048390 
0.00048200 
0.00048350 
0.00048290 
0.00048290 
0.00048290 
0.00048390 
0.00048390 
0.00048400 
0.00048450 
0.00048540 
0.00048560 
0.00048440 
0.00048560 
0.00048450 
0.00048590 
0.00048700 
0.00049000 
0.00049150 
0.00049150 
0.00049460 
0.00049700 
0.00049740 
0.00049700 
0.00049760 
0.00049670 
0.00049750 
0.00049750 
0.00049630 
0.00049760 
0.00049750 
0.00049610 
0.00049630 
0.00049690 
0.00049600 
0.00049460 
0.00049590 
0.00049700 
0.00049700 
0.00049690 
0.00049670 
0.00049670 
0.00049660 
0.00049730 
0.00049730 
0.00049730 
0.00049730 
0.00049730 
0.00049730 
0.00049740 
0.00049410 
0.00049450 
0.00049300 
0.00049550 
0.00049560 
0.00049520 
0.00049670 
0.00049600 
0.00049930 
0.00050040 
0.00049830 
0.00049830 
0.00049830 
0.00049830 
0.00049780 
0.00049870 
0.00049890 
0.00050020 
0.00049960 
0.00050040 
0.00049960 
0.00049960 
0.00050100 
0.00050060 
0.00050170 
0.00050230 
0.00050270 
0.00050070 
0.00050170 
0.00050060 
0.00050190 
0.00050190 
0.00050190 
0.00050170 
0.00050170 
0.00050210 
0.00050120 
0.00050040 
0.00049970 
0.00050010 
0.00049980 
0.00049840 
0.00049840 
0.00049650 
0.00049660 
0.00049660 
0.00049580 
0.00049620 
0.00049620 
0.00049570 
0.00049570 
0.00049570 
