1586.22000000 
1255.61000000 
1958.59000000 
3346.89000000 
2283.35000000 
2546.43000000 
19.43000000 
2468.58000000 
2025.22000000 
1634.91000000 
3389.92000000 
3057.79000000 
1838.02000000 
1037.80000000 
1058.90000000 
2345.89000000 
1515.80000000 
1550.37000000 
2174.27000000 
1241.54000000 
303.27000000 
2047.42000000 
2113.86000000 
977.46000000 
1518.48000000 
2180.35000000 
770.17000000 
1921.20000000 
2434.19000000 
3865.37000000 
3204.64000000 
1242.32000000 
1669.81000000 
637.48000000 
5576.12000000 
1924.47000000 
162.53000000 
1596.78000000 
752.38000000 
1099.26000000 
2227.65000000 
2296.36000000 
2240.96000000 
1922.53000000 
1042.11000000 
535.64000000 
1773.18000000 
294.74000000 
1523.02000000 
2016.16000000 
1515.00000000 
857.01000000 
1045.04000000 
1536.07000000 
2053.87000000 
772.92000000 
2286.27000000 
1680.75000000 
1594.58000000 
1653.01000000 
170.00000000 
1074.33000000 
1891.82000000 
2696.26000000 
1811.59000000 
2502.93000000 
1016.05000000 
989.71000000 
2465.17000000 
1251.07000000 
1739.94000000 
2949.56000000 
2419.54000000 
963.84000000 
2383.51000000 
3271.76000000 
1657.71000000 
1030.04000000 
719.85000000 
1997.19000000 
1322.20000000 
1208.85000000 
611.45000000 
286.88000000 
2290.75000000 
1491.36000000 
2646.73000000 
2074.00000000 
2490.00000000 
1373.89000000 
1994.00000000 
4234.71000000 
1006.00000000 
2435.25000000 
1104.20000000 
2417.97000000 
1039.77000000 
1263.62000000 
1173.00000000 
1064.14000000 
2328.01000000 
2179.82000000 
1747.00000000 
1316.65000000 
1144.55000000 
1297.74000000 
2040.09000000 
921.48000000 
1505.00000000 
2287.71000000 
691.00000000 
3757.94000000 
1121.58000000 
1447.64000000 
1402.14000000 
2376.77000000 
5298.29000000 
1761.84000000 
2285.70000000 
1505.54000000 
6624.86000000 
3656.78000000 
4274.79000000 
3838.18000000 
3367.85000000 
2453.87000000 
1736.98000000 
2890.09000000 
1639.91000000 
1633.04000000 
1008.54000000 
1504.58000000 
2527.80000000 
1356.39000000 
2193.48000000 
1385.92000000 
2051.69000000 
1716.06000000 
1094.92000000 
2464.32000000 
1653.99000000 
745.19000000 
5167.84000000 
3490.65000000 
3142.73000000 
2290.76000000 
3087.56000000 
2299.55000000 
2644.41000000 
3089.24000000 
1161.38000000 
1037.17000000 
1076.18000000 
1123.77000000 
1525.90000000 
2477.04000000 
5122.13000000 
3493.26000000 
2238.90000000 
1834.84000000 
412.68000000 
2288.49000000 
1896.26000000 
1802.00000000 
3702.85000000 
2113.00000000 
1900.66000000 
2805.44000000 
2733.86000000 
2613.29000000 
1831.99000000 
3109.03000000 
440.75000000 
1372.88000000 
975.71000000 
2442.68000000 
2930.36000000 
918.27000000 
2460.73000000 
2269.76000000 
1398.34000000 
1203.29000000 
1244.59000000 
152.22000000 
2169.20000000 
2399.92000000 
2180.84000000 
1468.82000000 
2275.17000000 
1709.23000000 
1863.52000000 
1256.19000000 
5142.32000000 
3682.14000000 
3202.15000000 
1566.00000000 
792.99000000 
5023.85000000 
4754.78000000 
1232.05000000 
1046.00000000 
408.51000000 
801.00000000 
579.97000000 
1655.50000000 
2276.26000000 
2052.15000000 
1361.88000000 
3729.15000000 
1383.95000000 
1165.29000000 
2069.69000000 
2376.13000000 
2488.34000000 
1315.70000000 
1893.05000000 
3072.82000000 
1341.63000000 
561.94000000 
2336.20000000 
4647.77000000 
2754.81000000 
1506.92000000 
4861.67000000 
1720.97000000 
1076.32000000 
1904.31000000 
2096.33000000 
767.00000000 
1554.75000000 
625.45000000 
2399.11000000 
1874.00000000 
1846.47000000 
1377.67000000 
2644.42000000 
1347.74000000 
4082.49000000 
1560.11000000 
2360.79000000 
4481.38000000 
2084.02000000 
1815.34000000 
3180.84000000 
1134.00000000 
1970.38000000 
1290.76000000 
1642.20000000 
693.80000000 
2884.07000000 
2293.00000000 
2094.55000000 
3388.63000000 
3162.00000000 
2622.85000000 
1601.43000000 
851.24000000 
1608.42000000 
871.20000000 
1260.00000000 
2674.78000000 
1996.48000000 
1976.03000000 
2019.52000000 
2928.00000000 
586.00000000 
1107.53000000 
1637.30000000 
1602.20000000 
1944.37000000 
1446.40000000 
2038.88000000 
932.77000000 
715.00000000 
746.00000000 
1221.67000000 
1614.53000000 
1072.35000000 
353.81000000 
2307.23000000 
1531.21000000 
2064.72000000 
247.19000000 
1404.93000000 
2121.00000000 
1234.76000000 
1926.85000000 
1374.32000000 
2333.94000000 
1985.24000000 
3979.66000000 
2974.12000000 
3784.37000000 
3945.92000000 
2715.07000000 
1209.00000000 
6979.01000000 
1537.13000000 
2431.13000000 
374.10000000 
3107.20000000 
2622.29000000 
0.00000000 
1599.59000000 
1188.57000000 
1441.56000000 
1766.00000000 
611.68000000 
1403.88000000 
2697.81000000 
2721.67000000 
2055.84000000 
1767.38000000 
1316.03000000 
2246.41000000 
1387.01000000 
1606.25000000 
3198.41000000 
5098.91000000 
1915.92000000 
2843.04000000 
2211.56000000 
2378.17000000 
4316.07000000 
3411.41000000 
1170.02000000 
2353.56000000 
4394.44000000 
3242.29000000 
12036.05000000 
1679.96000000 
2284.61000000 
1671.97000000 
2578.80000000 
1298.03000000 
316.31000000 
1025.42000000 
1698.75000000 
2424.20000000 
916.46000000 
1382.68000000 
1918.90000000 
1123.83000000 
978.12000000 
499.00000000 
1870.00000000 
3633.23000000 
1334.93000000 
1231.00000000 
2759.82000000 
1143.08000000 
1343.00000000 
1874.72000000 
3201.69000000 
2313.50000000 
1549.94000000 
2101.43000000 
1544.13000000 
4056.10000000 
2519.35000000 
1031.02000000 
2367.49000000 
1782.79000000 
1225.28000000 
968.90000000 
1755.21000000 
485.02000000 
2485.45000000 
1791.01000000 
2350.89000000 
1809.06000000 
2355.44000000 
1369.09000000 
1741.73000000 
2173.74000000 
750.02000000 
1603.59000000 
1793.72000000 
1811.81000000 
2228.59000000 
2191.30000000 
1748.91000000 
2270.33000000 
2340.79000000 
1949.45000000 
1885.32000000 
1987.00000000 
2373.02000000 
523.45000000 
910.74000000 
1050.50000000 
3823.00000000 
1560.92000000 
2605.62000000 
5152.43000000 
4128.52000000 
2381.88000000 
3017.65000000 
3975.77000000 
2842.35000000 
3693.32000000 
2621.90000000 
1191.42000000 
1354.45000000 
1631.40000000 
52.63000000 
1879.50000000 
1444.12000000 
2412.00000000 
1046.58000000 
1099.63000000 
1961.00000000 
3461.25000000 
1095.85000000 
1488.00000000 
1508.70000000 
1656.00000000 
1510.84000000 
1951.69000000 
1842.00000000 
1064.38000000 
963.28000000 
30.17000000 
270.77000000 
7.56000000 
17.49000000 
44.00000000 
1261.28000000 
1820.68000000 
1307.52000000 
1065.94000000 
2948.60000000 
2114.97000000 
2164.00000000 
1558.72000000 
1069.92000000 
2972.77000000 
940.84000000 
2303.03000000 
1139.47000000 
571.00000000 
1946.90000000 
2693.39000000 
1508.12000000 
2666.63000000 
1572.76000000 
2214.14000000 
2512.86000000 
3423.64000000 
1775.95000000 
1177.28000000 
2317.39000000 
1415.05000000 
1286.81000000 
1820.37000000 
593.53000000 
781.32000000 
2173.02000000 
2004.42000000 
1120.00000000 
1707.00000000 
1598.00000000 
757.45000000 
2095.91000000 
1588.66000000 
2560.87000000 
1888.59000000 
289.00000000 
2214.51000000 
1680.30000000 
1364.68000000 
2891.84000000 
2309.00000000 
1604.12000000 
3235.62000000 
2118.95000000 
678.57000000 
1591.00000000 
3438.00000000 
1652.95000000 
1586.22000000 
1255.61000000 
1958.59000000 
3346.89000000 
2283.35000000 
2546.43000000 
19.43000000 
2468.58000000 
2025.22000000 
1634.91000000 
3389.92000000 
3057.79000000 
1838.02000000 
1037.80000000 
1058.90000000 
2345.89000000 
1515.80000000 
1550.37000000 
2174.27000000 
1241.54000000 
303.27000000 
2047.42000000 
2113.86000000 
977.46000000 
1518.48000000 
2180.35000000 
770.17000000 
1921.20000000 
2434.19000000 
3865.37000000 
3204.64000000 
1242.32000000 
1669.81000000 
637.48000000 
5576.12000000 
1924.47000000 
162.53000000 
1596.78000000 
752.38000000 
1099.26000000 
2227.65000000 
2296.36000000 
2240.96000000 
1922.53000000 
1042.11000000 
535.64000000 
1773.18000000 
294.74000000 
1523.02000000 
2016.16000000 
1515.00000000 
857.01000000 
1045.04000000 
1536.07000000 
2053.87000000 
772.92000000 
2286.27000000 
1680.75000000 
1594.58000000 
1653.01000000 
170.00000000 
1074.33000000 
1891.82000000 
2696.26000000 
1811.59000000 
2502.93000000 
1016.05000000 
989.71000000 
2465.17000000 
1251.07000000 
1739.94000000 
2949.56000000 
2419.54000000 
963.84000000 
2383.51000000 
3271.76000000 
1657.71000000 
1030.04000000 
719.85000000 
1997.19000000 
1322.20000000 
1208.85000000 
611.45000000 
286.88000000 
2290.75000000 
1491.36000000 
2646.73000000 
2074.00000000 
2490.00000000 
1373.89000000 
1994.00000000 
4234.71000000 
1006.00000000 
2435.25000000 
1104.20000000 
2417.97000000 
1039.77000000 
1263.62000000 
1173.00000000 
1064.14000000 
2328.01000000 
2179.82000000 
1747.00000000 
1316.65000000 
1144.55000000 
1297.74000000 
2040.09000000 
921.48000000 
1505.00000000 
2287.71000000 
691.00000000 
3757.94000000 
1121.58000000 
1447.64000000 
1402.14000000 
2376.77000000 
5298.29000000 
1761.84000000 
2285.70000000 
1505.54000000 
6624.86000000 
3656.78000000 
4274.79000000 
3838.18000000 
3367.85000000 
2453.87000000 
1736.98000000 
2890.09000000 
1639.91000000 
1633.04000000 
1008.54000000 
1504.58000000 
2527.80000000 
1356.39000000 
2193.48000000 
1385.92000000 
2051.69000000 
1716.06000000 
1094.92000000 
2464.32000000 
1653.99000000 
745.19000000 
5167.84000000 
3490.65000000 
3142.73000000 
2290.76000000 
3087.56000000 
2299.55000000 
2644.41000000 
3089.24000000 
1161.38000000 
1037.17000000 
1076.18000000 
1123.77000000 
1525.90000000 
2477.04000000 
5122.13000000 
3493.26000000 
2238.90000000 
1834.84000000 
412.68000000 
2288.49000000 
1896.26000000 
1802.00000000 
3702.85000000 
2113.00000000 
1900.66000000 
2805.44000000 
2733.86000000 
2613.29000000 
1831.99000000 
3109.03000000 
440.75000000 
1372.88000000 
975.71000000 
2442.68000000 
2930.36000000 
918.27000000 
2460.73000000 
2269.76000000 
1398.34000000 
1203.29000000 
1244.59000000 
152.22000000 
2169.20000000 
2399.92000000 
2180.84000000 
1468.82000000 
2275.17000000 
1709.23000000 
1863.52000000 
1256.19000000 
5142.32000000 
3682.14000000 
3202.15000000 
1566.00000000 
792.99000000 
5023.85000000 
4754.78000000 
1232.05000000 
1046.00000000 
408.51000000 
801.00000000 
579.97000000 
1655.50000000 
2276.26000000 
2052.15000000 
1361.88000000 
3729.15000000 
1383.95000000 
1165.29000000 
2069.69000000 
2376.13000000 
2488.34000000 
1315.70000000 
1893.05000000 
3072.82000000 
1341.63000000 
561.94000000 
2336.20000000 
4647.77000000 
2754.81000000 
1506.92000000 
4861.67000000 
1720.97000000 
1076.32000000 
1904.31000000 
2096.33000000 
767.00000000 
1554.75000000 
625.45000000 
2399.11000000 
1874.00000000 
1846.47000000 
1377.67000000 
2644.42000000 
1347.74000000 
4082.49000000 
1560.11000000 
2360.79000000 
4481.38000000 
2084.02000000 
1815.34000000 
3180.84000000 
1134.00000000 
1970.38000000 
1290.76000000 
1642.20000000 
693.80000000 
2884.07000000 
2293.00000000 
2094.55000000 
3388.63000000 
3162.00000000 
2622.85000000 
1601.43000000 
851.24000000 
1608.42000000 
871.20000000 
1260.00000000 
2674.78000000 
1996.48000000 
1976.03000000 
2019.52000000 
2928.00000000 
586.00000000 
1107.53000000 
1637.30000000 
1602.20000000 
1944.37000000 
1446.40000000 
2038.88000000 
932.77000000 
715.00000000 
746.00000000 
1221.67000000 
1614.53000000 
1072.35000000 
353.81000000 
2307.23000000 
1531.21000000 
2064.72000000 
247.19000000 
1404.93000000 
2121.00000000 
1234.76000000 
1926.85000000 
1374.32000000 
2333.94000000 
1985.24000000 
3979.66000000 
2974.12000000 
3784.37000000 
3945.92000000 
2715.07000000 
1209.00000000 
6979.01000000 
1537.13000000 
2431.13000000 
374.10000000 
3107.20000000 
2622.29000000 
0.00000000 
1599.59000000 
1188.57000000 
1441.56000000 
1766.00000000 
611.68000000 
1403.88000000 
2697.81000000 
2721.67000000 
2055.84000000 
1767.38000000 
1316.03000000 
2246.41000000 
1387.01000000 
1606.25000000 
3198.41000000 
5098.91000000 
1915.92000000 
2843.04000000 
2211.56000000 
2378.17000000 
4316.07000000 
3411.41000000 
1170.02000000 
2353.56000000 
4394.44000000 
3242.29000000 
12036.05000000 
1679.96000000 
2284.61000000 
1671.97000000 
2578.80000000 
1298.03000000 
316.31000000 
1025.42000000 
1698.75000000 
2424.20000000 
916.46000000 
1382.68000000 
1918.90000000 
1123.83000000 
978.12000000 
499.00000000 
1870.00000000 
3633.23000000 
1334.93000000 
1231.00000000 
2759.82000000 
1143.08000000 
1343.00000000 
1874.72000000 
3201.69000000 
2313.50000000 
1549.94000000 
2101.43000000 
1544.13000000 
4056.10000000 
2519.35000000 
1031.02000000 
2367.49000000 
1782.79000000 
1225.28000000 
968.90000000 
1755.21000000 
485.02000000 
2485.45000000 
1791.01000000 
2350.89000000 
1809.06000000 
2355.44000000 
1369.09000000 
1741.73000000 
2173.74000000 
750.02000000 
1603.59000000 
1793.72000000 
1811.81000000 
2228.59000000 
2191.30000000 
1748.91000000 
2270.33000000 
2340.79000000 
1949.45000000 
1885.32000000 
1987.00000000 
2373.02000000 
523.45000000 
910.74000000 
1050.50000000 
3823.00000000 
1560.92000000 
2605.62000000 
5152.43000000 
4128.52000000 
2381.88000000 
3017.65000000 
3975.77000000 
2842.35000000 
3693.32000000 
2621.90000000 
1191.42000000 
1354.45000000 
1631.40000000 
52.63000000 
1879.50000000 
1444.12000000 
2412.00000000 
1046.58000000 
1099.63000000 
1961.00000000 
3461.25000000 
1095.85000000 
1488.00000000 
1508.70000000 
1656.00000000 
1510.84000000 
1951.69000000 
1842.00000000 
1064.38000000 
963.28000000 
30.17000000 
270.77000000 
7.56000000 
17.49000000 
44.00000000 
1261.28000000 
1820.68000000 
1307.52000000 
1065.94000000 
2948.60000000 
2114.97000000 
2164.00000000 
1558.72000000 
1069.92000000 
2972.77000000 
940.84000000 
2303.03000000 
1139.47000000 
571.00000000 
1946.90000000 
2693.39000000 
1508.12000000 
2666.63000000 
1572.76000000 
2214.14000000 
2512.86000000 
3423.64000000 
1775.95000000 
1177.28000000 
2317.39000000 
1415.05000000 
1286.81000000 
1820.37000000 
593.53000000 
781.32000000 
2173.02000000 
2004.42000000 
1120.00000000 
1707.00000000 
1598.00000000 
757.45000000 
2095.91000000 
1588.66000000 
2560.87000000 
1888.59000000 
289.00000000 
2214.51000000 
1680.30000000 
1364.68000000 
2891.84000000 
2309.00000000 
1604.12000000 
3235.62000000 
2118.95000000 
678.57000000 
1591.00000000 
3438.00000000 
1652.95000000 
1586.22000000 
1255.61000000 
1958.59000000 
3346.89000000 
2283.35000000 
2546.43000000 
19.43000000 
2468.58000000 
2025.22000000 
1634.91000000 
3389.92000000 
3057.79000000 
1838.02000000 
1037.80000000 
1058.90000000 
2345.89000000 
1515.80000000 
1550.37000000 
2174.27000000 
1241.54000000 
303.27000000 
2047.42000000 
2113.86000000 
977.46000000 
1518.48000000 
2180.35000000 
770.17000000 
1921.20000000 
2434.19000000 
3865.37000000 
3204.64000000 
1242.32000000 
1669.81000000 
637.48000000 
5576.12000000 
1924.47000000 
162.53000000 
1596.78000000 
752.38000000 
1099.26000000 
2227.65000000 
2296.36000000 
2240.96000000 
1922.53000000 
1042.11000000 
535.64000000 
1773.18000000 
294.74000000 
1523.02000000 
2016.16000000 
1515.00000000 
857.01000000 
1045.04000000 
1536.07000000 
2053.87000000 
772.92000000 
2286.27000000 
1680.75000000 
1594.58000000 
1653.01000000 
170.00000000 
1074.33000000 
1891.82000000 
2696.26000000 
1811.59000000 
2502.93000000 
1016.05000000 
989.71000000 
2465.17000000 
1251.07000000 
1739.94000000 
2949.56000000 
2419.54000000 
963.84000000 
2383.51000000 
3271.76000000 
1657.71000000 
1030.04000000 
719.85000000 
1997.19000000 
1322.20000000 
1208.85000000 
611.45000000 
286.88000000 
2290.75000000 
1491.36000000 
2646.73000000 
2074.00000000 
2490.00000000 
1373.89000000 
1994.00000000 
4234.71000000 
1006.00000000 
2435.25000000 
1104.20000000 
2417.97000000 
1039.77000000 
1263.62000000 
1173.00000000 
1064.14000000 
2328.01000000 
2179.82000000 
1747.00000000 
1316.65000000 
1144.55000000 
1297.74000000 
2040.09000000 
921.48000000 
1505.00000000 
2287.71000000 
691.00000000 
3757.94000000 
1121.58000000 
1447.64000000 
1402.14000000 
2376.77000000 
5298.29000000 
1761.84000000 
2285.70000000 
1505.54000000 
6624.86000000 
3656.78000000 
4274.79000000 
3838.18000000 
3367.85000000 
2453.87000000 
1736.98000000 
2890.09000000 
1639.91000000 
1633.04000000 
1008.54000000 
1504.58000000 
2527.80000000 
1356.39000000 
2193.48000000 
1385.92000000 
2051.69000000 
1716.06000000 
1094.92000000 
2464.32000000 
1653.99000000 
745.19000000 
5167.84000000 
3490.65000000 
3142.73000000 
2290.76000000 
3087.56000000 
2299.55000000 
2644.41000000 
3089.24000000 
1161.38000000 
1037.17000000 
1076.18000000 
1123.77000000 
1525.90000000 
2477.04000000 
5122.13000000 
3493.26000000 
2238.90000000 
1834.84000000 
412.68000000 
2288.49000000 
1896.26000000 
1802.00000000 
3702.85000000 
2113.00000000 
1900.66000000 
2805.44000000 
2733.86000000 
2613.29000000 
1831.99000000 
3109.03000000 
440.75000000 
1372.88000000 
975.71000000 
2442.68000000 
2930.36000000 
918.27000000 
2460.73000000 
2269.76000000 
1398.34000000 
1203.29000000 
1244.59000000 
152.22000000 
2169.20000000 
2399.92000000 
2180.84000000 
1468.82000000 
2275.17000000 
1709.23000000 
1863.52000000 
1256.19000000 
5142.32000000 
3682.14000000 
3202.15000000 
1566.00000000 
792.99000000 
5023.85000000 
4754.78000000 
1232.05000000 
1046.00000000 
408.51000000 
801.00000000 
579.97000000 
1655.50000000 
2276.26000000 
2052.15000000 
1361.88000000 
3729.15000000 
1383.95000000 
1165.29000000 
2069.69000000 
2376.13000000 
2488.34000000 
1315.70000000 
1893.05000000 
3072.82000000 
1341.63000000 
561.94000000 
2336.20000000 
4647.77000000 
2754.81000000 
1506.92000000 
4861.67000000 
1720.97000000 
1076.32000000 
1904.31000000 
2096.33000000 
767.00000000 
1554.75000000 
625.45000000 
2399.11000000 
1874.00000000 
1846.47000000 
1377.67000000 
2644.42000000 
1347.74000000 
4082.49000000 
1560.11000000 
2360.79000000 
4481.38000000 
2084.02000000 
1815.34000000 
3180.84000000 
1134.00000000 
1970.38000000 
1290.76000000 
1642.20000000 
693.80000000 
2884.07000000 
2293.00000000 
2094.55000000 
3388.63000000 
3162.00000000 
2622.85000000 
1601.43000000 
851.24000000 
1608.42000000 
871.20000000 
1260.00000000 
2674.78000000 
1996.48000000 
1976.03000000 
2019.52000000 
2928.00000000 
586.00000000 
1107.53000000 
1637.30000000 
1602.20000000 
1944.37000000 
1446.40000000 
2038.88000000 
932.77000000 
715.00000000 
746.00000000 
1221.67000000 
1614.53000000 
1072.35000000 
353.81000000 
2307.23000000 
1531.21000000 
2064.72000000 
247.19000000 
1404.93000000 
2121.00000000 
1234.76000000 
1926.85000000 
1374.32000000 
2333.94000000 
1985.24000000 
3979.66000000 
2974.12000000 
3784.37000000 
3945.92000000 
2715.07000000 
1209.00000000 
6979.01000000 
1537.13000000 
2431.13000000 
374.10000000 
3107.20000000 
2622.29000000 
0.00000000 
1599.59000000 
1188.57000000 
1441.56000000 
1766.00000000 
611.68000000 
1403.88000000 
2697.81000000 
2721.67000000 
2055.84000000 
1767.38000000 
1316.03000000 
2246.41000000 
1387.01000000 
1606.25000000 
3198.41000000 
5098.91000000 
1915.92000000 
2843.04000000 
2211.56000000 
2378.17000000 
4316.07000000 
3411.41000000 
1170.02000000 
2353.56000000 
4394.44000000 
3242.29000000 
12036.05000000 
1679.96000000 
2284.61000000 
1671.97000000 
2578.80000000 
1298.03000000 
316.31000000 
1025.42000000 
1698.75000000 
2424.20000000 
916.46000000 
1382.68000000 
1918.90000000 
1123.83000000 
978.12000000 
499.00000000 
1870.00000000 
3633.23000000 
1334.93000000 
1231.00000000 
2759.82000000 
1143.08000000 
1343.00000000 
1874.72000000 
3201.69000000 
2313.50000000 
1549.94000000 
2101.43000000 
1544.13000000 
4056.10000000 
2519.35000000 
1031.02000000 
2367.49000000 
1782.79000000 
1225.28000000 
968.90000000 
1755.21000000 
485.02000000 
2485.45000000 
1791.01000000 
2350.89000000 
1809.06000000 
2355.44000000 
1369.09000000 
1741.73000000 
2173.74000000 
750.02000000 
1603.59000000 
1793.72000000 
1811.81000000 
2228.59000000 
2191.30000000 
1748.91000000 
2270.33000000 
2340.79000000 
1949.45000000 
1885.32000000 
1987.00000000 
2373.02000000 
523.45000000 
910.74000000 
1050.50000000 
3823.00000000 
1560.92000000 
2605.62000000 
5152.43000000 
4128.52000000 
2381.88000000 
3017.65000000 
3975.77000000 
2842.35000000 
3693.32000000 
2621.90000000 
1191.42000000 
1354.45000000 
1631.40000000 
52.63000000 
1879.50000000 
1444.12000000 
2412.00000000 
1046.58000000 
1099.63000000 
1961.00000000 
3461.25000000 
1095.85000000 
1488.00000000 
1508.70000000 
1656.00000000 
1510.84000000 
1951.69000000 
1842.00000000 
1064.38000000 
963.28000000 
30.17000000 
270.77000000 
7.56000000 
17.49000000 
44.00000000 
1261.28000000 
1820.68000000 
1307.52000000 
1065.94000000 
2948.60000000 
2114.97000000 
2164.00000000 
1558.72000000 
1069.92000000 
2972.77000000 
940.84000000 
2303.03000000 
1139.47000000 
571.00000000 
1946.90000000 
2693.39000000 
1508.12000000 
2666.63000000 
1572.76000000 
2214.14000000 
2512.86000000 
3423.64000000 
1775.95000000 
1177.28000000 
2317.39000000 
1415.05000000 
1286.81000000 
1820.37000000 
593.53000000 
781.32000000 
2173.02000000 
2004.42000000 
1120.00000000 
1707.00000000 
1598.00000000 
757.45000000 
2095.91000000 
1588.66000000 
2560.87000000 
1888.59000000 
289.00000000 
2214.51000000 
1680.30000000 
1364.68000000 
2891.84000000 
2309.00000000 
1604.12000000 
3235.62000000 
2118.95000000 
678.57000000 
1591.00000000 
3438.00000000 
1652.95000000 
