2938.64000000 
2175.37000000 
2791.65000000 
1786.96000000 
1345.90000000 
1203.81000000 
2171.50000000 
3089.69000000 
1787.43000000 
1840.08000000 
2625.28000000 
832.48000000 
1563.20000000 
4883.34000000 
4014.78000000 
2350.00000000 
3171.70000000 
3759.68000000 
956.50000000 
2843.65000000 
3050.90000000 
3214.80000000 
2177.07000000 
1773.59000000 
6247.48000000 
2008.44000000 
2693.11000000 
5040.29000000 
6292.17000000 
1248.61000000 
889.54000000 
3371.92000000 
3789.96000000 
4030.93000000 
2095.64000000 
3288.69000000 
2573.66000000 
3053.15000000 
1737.48000000 
3535.24000000 
1821.32000000 
3679.15000000 
3071.65000000 
3920.30000000 
4460.43000000 
2215.06000000 
3507.90000000 
2890.02000000 
2183.86000000 
2452.37000000 
1801.54000000 
3250.59000000 
2970.64000000 
3773.20000000 
3689.90000000 
3141.76000000 
1698.61000000 
2835.14000000 
2429.11000000 
1486.10000000 
2239.70000000 
2164.63000000 
2835.91000000 
2451.56000000 
3021.49000000 
4184.27000000 
6974.01000000 
6591.92000000 
8956.23000000 
4403.73000000 
3326.75000000 
5015.12000000 
2565.41000000 
2060.33000000 
1873.19000000 
4409.80000000 
3398.38000000 
2974.13000000 
3388.13000000 
2582.39000000 
4570.26000000 
1767.63000000 
2072.85000000 
1599.56000000 
1299.44000000 
3680.26000000 
3614.49000000 
3686.97000000 
3100.90000000 
2548.57000000 
2712.51000000 
4607.80000000 
2739.24000000 
4041.88000000 
3441.55000000 
2295.92000000 
3592.21000000 
2859.08000000 
2388.47000000 
2795.43000000 
2274.45000000 
3424.65000000 
2313.09000000 
1293.19000000 
2897.67000000 
2512.29000000 
1933.94000000 
1082.85000000 
1990.37000000 
2082.96000000 
2625.41000000 
2006.05000000 
1619.85000000 
1770.70000000 
4054.16000000 
4420.92000000 
4299.69000000 
1442.74000000 
3473.52000000 
1947.79000000 
1412.89000000 
2950.24000000 
3341.85000000 
4451.01000000 
3574.97000000 
2960.20000000 
3293.75000000 
1572.33000000 
1481.97000000 
2385.02000000 
2472.93000000 
2805.45000000 
3429.62000000 
3205.51000000 
4027.30000000 
1097.52000000 
2331.99000000 
677.35000000 
3973.02000000 
6413.19000000 
3610.37000000 
3476.97000000 
4195.55000000 
7335.30000000 
4454.44000000 
2557.00000000 
2935.58000000 
6573.87000000 
6247.68000000 
6430.16000000 
8299.30000000 
6560.26000000 
4866.71000000 
4905.82000000 
4419.03000000 
5534.63000000 
6074.13000000 
7810.85000000 
5050.79000000 
6185.69000000 
2100.34000000 
1876.45000000 
4926.99000000 
3804.26000000 
4943.09000000 
8777.22000000 
2965.09000000 
5335.34000000 
7250.28000000 
6124.84000000 
5717.08000000 
6458.48000000 
6346.19000000 
6092.35000000 
3611.91000000 
4651.66000000 
2366.34000000 
6394.89000000 
7641.27000000 
3733.78000000 
2442.78000000 
6190.01000000 
6739.90000000 
4260.85000000 
3633.95000000 
10663.10000000 
3116.45000000 
8184.36000000 
4367.55000000 
5452.75000000 
6586.44000000 
8383.21000000 
6174.78000000 
3407.09000000 
9326.52000000 
2739.50000000 
2313.73000000 
3461.66000000 
1865.72000000 
2950.44000000 
366.16000000 
1489.94000000 
2940.76000000 
4834.45000000 
1817.09000000 
2061.29000000 
3410.94000000 
4151.22000000 
2991.43000000 
4864.99000000 
2721.92000000 
3304.93000000 
2930.57000000 
3266.97000000 
2873.69000000 
2433.54000000 
1222.79000000 
3346.09000000 
2957.61000000 
1455.16000000 
337.94000000 
2204.96000000 
3792.86000000 
3887.62000000 
2103.75000000 
3247.90000000 
2742.86000000 
3929.02000000 
2001.21000000 
3459.61000000 
4424.87000000 
1784.14000000 
1959.61000000 
2025.27000000 
2551.97000000 
2825.72000000 
2562.83000000 
4258.88000000 
764.92000000 
3469.78000000 
3954.42000000 
2047.37000000 
4066.85000000 
3333.76000000 
3076.09000000 
5278.50000000 
4769.70000000 
5501.92000000 
1305.88000000 
6925.94000000 
6609.92000000 
2950.58000000 
906.39000000 
542.64000000 
3726.64000000 
8024.87000000 
2101.18000000 
7105.15000000 
5867.34000000 
6895.27000000 
4678.61000000 
3159.36000000 
6820.35000000 
5187.18000000 
10713.02000000 
4045.78000000 
4065.05000000 
3473.98000000 
4402.79000000 
4808.13000000 
7156.55000000 
3706.73000000 
7109.03000000 
5827.30000000 
7676.74000000 
6846.89000000 
3821.93000000 
3841.85000000 
5003.12000000 
2415.38000000 
1119.16000000 
7202.32000000 
6555.09000000 
5777.13000000 
3001.58000000 
6416.03000000 
5737.03000000 
8411.30000000 
5303.11000000 
7297.37000000 
4139.83000000 
9107.05000000 
6574.57000000 
10195.67000000 
10594.49000000 
7797.17000000 
6580.77000000 
2731.10000000 
5181.45000000 
5641.36000000 
6404.39000000 
6528.50000000 
5191.55000000 
1873.61000000 
2502.36000000 
6696.71000000 
6303.18000000 
3929.80000000 
4892.16000000 
5450.92000000 
2889.95000000 
6376.44000000 
7315.44000000 
2752.64000000 
5779.74000000 
5191.90000000 
4843.90000000 
4925.05000000 
4165.05000000 
4979.53000000 
3684.20000000 
6340.39000000 
6983.51000000 
5351.11000000 
5324.35000000 
3879.28000000 
3141.18000000 
5149.60000000 
5012.50000000 
3945.80000000 
5903.43000000 
6425.43000000 
5095.89000000 
5358.07000000 
3442.75000000 
4863.88000000 
3252.30000000 
3946.30000000 
4809.83000000 
2854.95000000 
3652.99000000 
4437.75000000 
6262.36000000 
5597.88000000 
8090.50000000 
5454.09000000 
5918.09000000 
3236.04000000 
4227.13000000 
2826.67000000 
3494.69000000 
4877.05000000 
4992.09000000 
6421.18000000 
3648.24000000 
2317.30000000 
3077.97000000 
3263.09000000 
6286.49000000 
5062.82000000 
5124.90000000 
5072.11000000 
4778.35000000 
5013.42000000 
4372.97000000 
7251.42000000 
5734.70000000 
7258.49000000 
3915.30000000 
5750.59000000 
8111.41000000 
7362.39000000 
9468.17000000 
10445.24000000 
6570.50000000 
2647.25000000 
2622.41000000 
4161.88000000 
2655.35000000 
2630.23000000 
6083.51000000 
3689.71000000 
7158.05000000 
5581.91000000 
2959.20000000 
6727.32000000 
3517.07000000 
4237.07000000 
4171.21000000 
7091.39000000 
4296.53000000 
6697.75000000 
5601.47000000 
5731.09000000 
6571.02000000 
7407.34000000 
5032.65000000 
6028.31000000 
5261.22000000 
5885.40000000 
5713.14000000 
5314.31000000 
6822.88000000 
4897.98000000 
6898.73000000 
5182.60000000 
4746.50000000 
4807.32000000 
5908.71000000 
3006.26000000 
5487.65000000 
4390.99000000 
2056.68000000 
5759.83000000 
7245.17000000 
4480.20000000 
4225.35000000 
2929.34000000 
5044.09000000 
2846.91000000 
8989.29000000 
5038.55000000 
4047.44000000 
3240.20000000 
1375.76000000 
1744.18000000 
2397.19000000 
4245.11000000 
2822.32000000 
3915.01000000 
3957.11000000 
2352.92000000 
2059.44000000 
1404.62000000 
4050.35000000 
4043.89000000 
3531.87000000 
3642.62000000 
1505.47000000 
2491.72000000 
3432.60000000 
4557.05000000 
2111.95000000 
2896.56000000 
2802.73000000 
4558.16000000 
1713.35000000 
2544.62000000 
1509.02000000 
3135.43000000 
1193.07000000 
3242.80000000 
1892.73000000 
3219.13000000 
2006.77000000 
803.98000000 
1357.87000000 
2790.36000000 
2351.04000000 
1323.60000000 
3886.44000000 
1705.50000000 
565.53000000 
3605.62000000 
1674.72000000 
766.46000000 
1819.73000000 
1178.91000000 
2848.78000000 
2463.55000000 
2018.13000000 
1511.41000000 
3196.58000000 
2006.24000000 
980.11000000 
323.09000000 
27.14000000 
14.64000000 
16.26000000 
730.45000000 
3048.64000000 
2175.37000000 
2791.65000000 
1786.96000000 
1345.90000000 
1203.81000000 
2171.50000000 
3089.69000000 
1787.43000000 
1840.08000000 
2625.28000000 
832.48000000 
1563.20000000 
4883.34000000 
4014.78000000 
2350.00000000 
3171.70000000 
3759.68000000 
956.50000000 
2843.65000000 
3050.90000000 
3214.80000000 
2177.07000000 
1773.59000000 
6247.48000000 
2008.44000000 
2693.11000000 
5040.29000000 
6292.17000000 
1248.61000000 
889.54000000 
3371.92000000 
3789.96000000 
4030.93000000 
2095.64000000 
3288.69000000 
2573.66000000 
3053.15000000 
1737.48000000 
3535.24000000 
1821.32000000 
3679.15000000 
3071.65000000 
3920.30000000 
4460.43000000 
2215.06000000 
3507.90000000 
2890.02000000 
2183.86000000 
2452.37000000 
1801.54000000 
3250.59000000 
2970.64000000 
3773.20000000 
3689.90000000 
3141.76000000 
1698.61000000 
2835.14000000 
2429.11000000 
1486.10000000 
2239.70000000 
2164.63000000 
2835.91000000 
2451.56000000 
3021.49000000 
4184.27000000 
6974.01000000 
6591.92000000 
8956.23000000 
4403.73000000 
3326.75000000 
5015.12000000 
2565.41000000 
2060.33000000 
1873.19000000 
4409.80000000 
3398.38000000 
2974.13000000 
3388.13000000 
2582.39000000 
4570.26000000 
1767.63000000 
2072.85000000 
1599.56000000 
1299.44000000 
3680.26000000 
3614.49000000 
3686.97000000 
3100.90000000 
2548.57000000 
2712.51000000 
4607.80000000 
2739.24000000 
4041.88000000 
3441.55000000 
2295.92000000 
3592.21000000 
2859.08000000 
2388.47000000 
2795.43000000 
2274.45000000 
3424.65000000 
2313.09000000 
1293.19000000 
2897.67000000 
2512.29000000 
1933.94000000 
1082.85000000 
1990.37000000 
2082.96000000 
2625.41000000 
2006.05000000 
1619.85000000 
1770.70000000 
4054.16000000 
4420.92000000 
4299.69000000 
1442.74000000 
3473.52000000 
1947.79000000 
1412.89000000 
2950.24000000 
3341.85000000 
4451.01000000 
3574.97000000 
2960.20000000 
3293.75000000 
1572.33000000 
1481.97000000 
2385.02000000 
2472.93000000 
2805.45000000 
3429.62000000 
3205.51000000 
4027.30000000 
1097.52000000 
2331.99000000 
677.35000000 
3973.02000000 
6413.19000000 
3610.37000000 
3476.97000000 
4195.55000000 
7335.30000000 
4454.44000000 
2557.00000000 
2935.58000000 
6573.87000000 
6247.68000000 
6430.16000000 
8299.30000000 
6560.26000000 
4866.71000000 
4905.82000000 
4419.03000000 
5534.63000000 
6074.13000000 
7810.85000000 
5050.79000000 
6185.69000000 
2100.34000000 
1876.45000000 
4926.99000000 
3804.26000000 
4943.09000000 
8777.22000000 
2965.09000000 
5335.34000000 
7250.28000000 
6124.84000000 
5717.08000000 
6458.48000000 
6346.19000000 
6092.35000000 
3611.91000000 
4651.66000000 
2366.34000000 
6394.89000000 
7641.27000000 
3733.78000000 
2442.78000000 
6190.01000000 
6739.90000000 
4260.85000000 
3633.95000000 
10663.10000000 
3116.45000000 
8184.36000000 
4367.55000000 
5452.75000000 
6586.44000000 
8383.21000000 
6174.78000000 
3407.09000000 
9326.52000000 
2739.50000000 
2313.73000000 
3461.66000000 
1865.72000000 
2950.44000000 
366.16000000 
1489.94000000 
2940.76000000 
4834.45000000 
1817.09000000 
2061.29000000 
3410.94000000 
4151.22000000 
2991.43000000 
4864.99000000 
2721.92000000 
3304.93000000 
2930.57000000 
3266.97000000 
2873.69000000 
2433.54000000 
1222.79000000 
3346.09000000 
2957.61000000 
1455.16000000 
337.94000000 
2204.96000000 
3792.86000000 
3887.62000000 
2103.75000000 
3247.90000000 
2742.86000000 
3929.02000000 
2001.21000000 
3459.61000000 
4424.87000000 
1784.14000000 
1959.61000000 
2025.27000000 
2551.97000000 
2825.72000000 
2562.83000000 
4258.88000000 
764.92000000 
3469.78000000 
3954.42000000 
2047.37000000 
4066.85000000 
3333.76000000 
3076.09000000 
5278.50000000 
4769.70000000 
5501.92000000 
1305.88000000 
6925.94000000 
6609.92000000 
2950.58000000 
906.39000000 
542.64000000 
3726.64000000 
8024.87000000 
2101.18000000 
7105.15000000 
5867.34000000 
6895.27000000 
4678.61000000 
3159.36000000 
6820.35000000 
5187.18000000 
10713.02000000 
4045.78000000 
4065.05000000 
3473.98000000 
4402.79000000 
4808.13000000 
7156.55000000 
3706.73000000 
7109.03000000 
5827.30000000 
7676.74000000 
6846.89000000 
3821.93000000 
3841.85000000 
5003.12000000 
2415.38000000 
1119.16000000 
7202.32000000 
6555.09000000 
5777.13000000 
3001.58000000 
6416.03000000 
5737.03000000 
8411.30000000 
5303.11000000 
7297.37000000 
4139.83000000 
9107.05000000 
6574.57000000 
10195.67000000 
10594.49000000 
7797.17000000 
6580.77000000 
2731.10000000 
5181.45000000 
5641.36000000 
6404.39000000 
6528.50000000 
5191.55000000 
1873.61000000 
2502.36000000 
6696.71000000 
6303.18000000 
3929.80000000 
4892.16000000 
5450.92000000 
2889.95000000 
6376.44000000 
7315.44000000 
2752.64000000 
5779.74000000 
5191.90000000 
4843.90000000 
4925.05000000 
4165.05000000 
4979.53000000 
3684.20000000 
6340.39000000 
6983.51000000 
5351.11000000 
5324.35000000 
3879.28000000 
3141.18000000 
5149.60000000 
5012.50000000 
3945.80000000 
5903.43000000 
6425.43000000 
5095.89000000 
5358.07000000 
3442.75000000 
4863.88000000 
3252.30000000 
3946.30000000 
4809.83000000 
2854.95000000 
3652.99000000 
4437.75000000 
6262.36000000 
5597.88000000 
8090.50000000 
5454.09000000 
5918.09000000 
3236.04000000 
4227.13000000 
2826.67000000 
3494.69000000 
4877.05000000 
4992.09000000 
6421.18000000 
3648.24000000 
2317.30000000 
3077.97000000 
3263.09000000 
6286.49000000 
5062.82000000 
5124.90000000 
5072.11000000 
4778.35000000 
5013.42000000 
4372.97000000 
7251.42000000 
5734.70000000 
7258.49000000 
3915.30000000 
5750.59000000 
8111.41000000 
7362.39000000 
9468.17000000 
10445.24000000 
6570.50000000 
2647.25000000 
2622.41000000 
4161.88000000 
2655.35000000 
2630.23000000 
6083.51000000 
3689.71000000 
7158.05000000 
5581.91000000 
2959.20000000 
6727.32000000 
3517.07000000 
4237.07000000 
4171.21000000 
7091.39000000 
4296.53000000 
6697.75000000 
5601.47000000 
5731.09000000 
6571.02000000 
7407.34000000 
5032.65000000 
6028.31000000 
5261.22000000 
5885.40000000 
5713.14000000 
5314.31000000 
6822.88000000 
4897.98000000 
6898.73000000 
5182.60000000 
4746.50000000 
4807.32000000 
5908.71000000 
3006.26000000 
5487.65000000 
4390.99000000 
2056.68000000 
5759.83000000 
7245.17000000 
4480.20000000 
4225.35000000 
2929.34000000 
5044.09000000 
2846.91000000 
8989.29000000 
5038.55000000 
4047.44000000 
3240.20000000 
1375.76000000 
1744.18000000 
2397.19000000 
4245.11000000 
2822.32000000 
3915.01000000 
3957.11000000 
2352.92000000 
2059.44000000 
1404.62000000 
4050.35000000 
4043.89000000 
3531.87000000 
3642.62000000 
1505.47000000 
2491.72000000 
3432.60000000 
4557.05000000 
2111.95000000 
2896.56000000 
2802.73000000 
4558.16000000 
1713.35000000 
2544.62000000 
1509.02000000 
3135.43000000 
1193.07000000 
3242.80000000 
1892.73000000 
3219.13000000 
2006.77000000 
803.98000000 
1357.87000000 
2790.36000000 
2351.04000000 
1323.60000000 
3886.44000000 
1705.50000000 
565.53000000 
3605.62000000 
1674.72000000 
766.46000000 
1819.73000000 
1178.91000000 
2848.78000000 
2463.55000000 
2018.13000000 
1511.41000000 
3196.58000000 
2006.24000000 
980.11000000 
323.09000000 
27.14000000 
14.64000000 
16.26000000 
730.45000000 
3048.64000000 
2175.37000000 
2791.65000000 
1786.96000000 
1345.90000000 
1203.81000000 
2171.50000000 
3089.69000000 
1787.43000000 
1840.08000000 
2625.28000000 
832.48000000 
1563.20000000 
4883.34000000 
4014.78000000 
2350.00000000 
3171.70000000 
3759.68000000 
956.50000000 
2843.65000000 
3050.90000000 
3214.80000000 
2177.07000000 
1773.59000000 
6247.48000000 
2008.44000000 
2693.11000000 
5040.29000000 
6292.17000000 
1248.61000000 
889.54000000 
3371.92000000 
3789.96000000 
4030.93000000 
2095.64000000 
3288.69000000 
2573.66000000 
3053.15000000 
1737.48000000 
3535.24000000 
1821.32000000 
3679.15000000 
3071.65000000 
3920.30000000 
4460.43000000 
2215.06000000 
3507.90000000 
2890.02000000 
2183.86000000 
2452.37000000 
1801.54000000 
3250.59000000 
2970.64000000 
3773.20000000 
3689.90000000 
3141.76000000 
1698.61000000 
2835.14000000 
2429.11000000 
1486.10000000 
2239.70000000 
2164.63000000 
2835.91000000 
2451.56000000 
3021.49000000 
4184.27000000 
6974.01000000 
6591.92000000 
8956.23000000 
4403.73000000 
3326.75000000 
5015.12000000 
2565.41000000 
2060.33000000 
1873.19000000 
4409.80000000 
3398.38000000 
2974.13000000 
3388.13000000 
2582.39000000 
4570.26000000 
1767.63000000 
2072.85000000 
1599.56000000 
1299.44000000 
3680.26000000 
3614.49000000 
3686.97000000 
3100.90000000 
2548.57000000 
2712.51000000 
4607.80000000 
2739.24000000 
4041.88000000 
3441.55000000 
2295.92000000 
3592.21000000 
2859.08000000 
2388.47000000 
2795.43000000 
2274.45000000 
3424.65000000 
2313.09000000 
1293.19000000 
2897.67000000 
2512.29000000 
1933.94000000 
1082.85000000 
1990.37000000 
2082.96000000 
2625.41000000 
2006.05000000 
1619.85000000 
1770.70000000 
4054.16000000 
4420.92000000 
4299.69000000 
1442.74000000 
3473.52000000 
1947.79000000 
1412.89000000 
2950.24000000 
3341.85000000 
4451.01000000 
3574.97000000 
2960.20000000 
3293.75000000 
1572.33000000 
1481.97000000 
2385.02000000 
2472.93000000 
2805.45000000 
3429.62000000 
3205.51000000 
4027.30000000 
1097.52000000 
2331.99000000 
677.35000000 
3973.02000000 
6413.19000000 
3610.37000000 
3476.97000000 
4195.55000000 
7335.30000000 
4454.44000000 
2557.00000000 
2935.58000000 
6573.87000000 
6247.68000000 
6430.16000000 
8299.30000000 
6560.26000000 
4866.71000000 
4905.82000000 
4419.03000000 
5534.63000000 
6074.13000000 
7810.85000000 
5050.79000000 
6185.69000000 
2100.34000000 
1876.45000000 
4926.99000000 
3804.26000000 
4943.09000000 
8777.22000000 
2965.09000000 
5335.34000000 
7250.28000000 
6124.84000000 
5717.08000000 
6458.48000000 
6346.19000000 
6092.35000000 
3611.91000000 
4651.66000000 
2366.34000000 
6394.89000000 
7641.27000000 
3733.78000000 
2442.78000000 
6190.01000000 
6739.90000000 
4260.85000000 
3633.95000000 
10663.10000000 
3116.45000000 
8184.36000000 
4367.55000000 
5452.75000000 
6586.44000000 
8383.21000000 
6174.78000000 
3407.09000000 
9326.52000000 
2739.50000000 
2313.73000000 
3461.66000000 
1865.72000000 
2950.44000000 
366.16000000 
1489.94000000 
2940.76000000 
4834.45000000 
1817.09000000 
2061.29000000 
3410.94000000 
4151.22000000 
2991.43000000 
4864.99000000 
2721.92000000 
3304.93000000 
2930.57000000 
3266.97000000 
2873.69000000 
2433.54000000 
1222.79000000 
3346.09000000 
2957.61000000 
1455.16000000 
337.94000000 
2204.96000000 
3792.86000000 
3887.62000000 
2103.75000000 
3247.90000000 
2742.86000000 
3929.02000000 
2001.21000000 
3459.61000000 
4424.87000000 
1784.14000000 
1959.61000000 
2025.27000000 
2551.97000000 
2825.72000000 
2562.83000000 
4258.88000000 
764.92000000 
3469.78000000 
3954.42000000 
2047.37000000 
4066.85000000 
3333.76000000 
3076.09000000 
5278.50000000 
4769.70000000 
5501.92000000 
1305.88000000 
6925.94000000 
6609.92000000 
2950.58000000 
906.39000000 
542.64000000 
3726.64000000 
8024.87000000 
2101.18000000 
7105.15000000 
5867.34000000 
6895.27000000 
4678.61000000 
3159.36000000 
6820.35000000 
5187.18000000 
10713.02000000 
4045.78000000 
4065.05000000 
3473.98000000 
4402.79000000 
4808.13000000 
7156.55000000 
3706.73000000 
7109.03000000 
5827.30000000 
7676.74000000 
6846.89000000 
3821.93000000 
3841.85000000 
5003.12000000 
2415.38000000 
1119.16000000 
7202.32000000 
6555.09000000 
5777.13000000 
3001.58000000 
6416.03000000 
5737.03000000 
8411.30000000 
5303.11000000 
7297.37000000 
4139.83000000 
9107.05000000 
6574.57000000 
10195.67000000 
10594.49000000 
7797.17000000 
6580.77000000 
2731.10000000 
5181.45000000 
5641.36000000 
6404.39000000 
6528.50000000 
5191.55000000 
1873.61000000 
2502.36000000 
6696.71000000 
6303.18000000 
3929.80000000 
4892.16000000 
5450.92000000 
2889.95000000 
6376.44000000 
7315.44000000 
2752.64000000 
5779.74000000 
5191.90000000 
4843.90000000 
4925.05000000 
4165.05000000 
4979.53000000 
3684.20000000 
6340.39000000 
6983.51000000 
5351.11000000 
5324.35000000 
3879.28000000 
3141.18000000 
5149.60000000 
5012.50000000 
3945.80000000 
5903.43000000 
6425.43000000 
5095.89000000 
5358.07000000 
3442.75000000 
4863.88000000 
3252.30000000 
3946.30000000 
4809.83000000 
2854.95000000 
3652.99000000 
4437.75000000 
6262.36000000 
5597.88000000 
8090.50000000 
5454.09000000 
5918.09000000 
3236.04000000 
4227.13000000 
2826.67000000 
3494.69000000 
4877.05000000 
4992.09000000 
6421.18000000 
3648.24000000 
2317.30000000 
3077.97000000 
3263.09000000 
6286.49000000 
5062.82000000 
5124.90000000 
5072.11000000 
4778.35000000 
5013.42000000 
4372.97000000 
7251.42000000 
5734.70000000 
7258.49000000 
3915.30000000 
5750.59000000 
8111.41000000 
7362.39000000 
9468.17000000 
10445.24000000 
6570.50000000 
2647.25000000 
2622.41000000 
4161.88000000 
2655.35000000 
2630.23000000 
6083.51000000 
3689.71000000 
7158.05000000 
5581.91000000 
2959.20000000 
6727.32000000 
3517.07000000 
4237.07000000 
4171.21000000 
7091.39000000 
4296.53000000 
6697.75000000 
5601.47000000 
5731.09000000 
6571.02000000 
7407.34000000 
5032.65000000 
6028.31000000 
5261.22000000 
5885.40000000 
5713.14000000 
5314.31000000 
6822.88000000 
4897.98000000 
6898.73000000 
5182.60000000 
4746.50000000 
4807.32000000 
5908.71000000 
3006.26000000 
5487.65000000 
4390.99000000 
2056.68000000 
5759.83000000 
7245.17000000 
4480.20000000 
4225.35000000 
2929.34000000 
5044.09000000 
2846.91000000 
8989.29000000 
5038.55000000 
4047.44000000 
3240.20000000 
1375.76000000 
1744.18000000 
2397.19000000 
4245.11000000 
2822.32000000 
3915.01000000 
3957.11000000 
2352.92000000 
2059.44000000 
1404.62000000 
4050.35000000 
4043.89000000 
3531.87000000 
3642.62000000 
1505.47000000 
2491.72000000 
3432.60000000 
4557.05000000 
2111.95000000 
2896.56000000 
2802.73000000 
4558.16000000 
1713.35000000 
2544.62000000 
1509.02000000 
3135.43000000 
1193.07000000 
3242.80000000 
1892.73000000 
3219.13000000 
2006.77000000 
803.98000000 
1357.87000000 
2790.36000000 
2351.04000000 
1323.60000000 
3886.44000000 
1705.50000000 
565.53000000 
3605.62000000 
1674.72000000 
766.46000000 
1819.73000000 
1178.91000000 
2848.78000000 
2463.55000000 
2018.13000000 
1511.41000000 
3196.58000000 
2006.24000000 
980.11000000 
323.09000000 
27.14000000 
14.64000000 
16.26000000 
730.45000000 
