362.00000000 
1425.00000000 
1704.00000000 
357.00000000 
46.00000000 
309.00000000 
277.00000000 
834.00000000 
212.00000000 
0.00000000 
8.00000000 
62.00000000 
100.00000000 
712.00000000 
3139.00000000 
1114.00000000 
27.00000000 
448.00000000 
1395.00000000 
2819.00000000 
5496.00000000 
134.00000000 
3905.00000000 
52.00000000 
139.00000000 
7818.00000000 
1937.00000000 
8434.00000000 
39.00000000 
1543.00000000 
638.00000000 
441.00000000 
605.00000000 
809.00000000 
30.00000000 
1213.00000000 
1774.00000000 
25.00000000 
685.00000000 
208.00000000 
141.00000000 
112.00000000 
283.00000000 
71.00000000 
7423.00000000 
145.00000000 
100.00000000 
36.00000000 
3631.00000000 
90.00000000 
567.00000000 
10.00000000 
48.00000000 
256.00000000 
99.00000000 
2928.00000000 
30.00000000 
22.00000000 
3235.00000000 
0.00000000 
23.00000000 
0.00000000 
55.00000000 
914.00000000 
156.00000000 
213.00000000 
119.00000000 
251.00000000 
267.00000000 
0.00000000 
0.00000000 
236.00000000 
39.00000000 
0.00000000 
107.00000000 
367.00000000 
781.00000000 
124.00000000 
291.00000000 
199.00000000 
91.00000000 
1102.00000000 
1816.00000000 
320.00000000 
0.00000000 
354.00000000 
77.00000000 
944.00000000 
227.00000000 
603.00000000 
249.00000000 
363.00000000 
208.00000000 
8.00000000 
1118.00000000 
612.00000000 
1414.00000000 
600.00000000 
496.00000000 
1676.00000000 
493.00000000 
463.00000000 
179.00000000 
756.00000000 
386.00000000 
54.00000000 
590.00000000 
256.00000000 
831.00000000 
100.00000000 
1318.00000000 
354.00000000 
320.00000000 
973.00000000 
267.00000000 
100.00000000 
801.00000000 
615.00000000 
2185.00000000 
2486.00000000 
503.00000000 
687.00000000 
508.00000000 
1722.00000000 
75.00000000 
1840.00000000 
1935.00000000 
221.00000000 
52.00000000 
1.00000000 
765.00000000 
22.00000000 
223.00000000 
0.00000000 
119.00000000 
1430.00000000 
0.00000000 
374.00000000 
1419.00000000 
451.00000000 
435.00000000 
655.00000000 
547.00000000 
702.00000000 
464.00000000 
184.00000000 
1655.00000000 
4868.00000000 
50.00000000 
1509.00000000 
1491.00000000 
2085.00000000 
1966.00000000 
4033.00000000 
151.00000000 
219.00000000 
1255.00000000 
1107.00000000 
633.00000000 
348.00000000 
317.00000000 
868.00000000 
1523.00000000 
65.00000000 
712.00000000 
1093.00000000 
1365.00000000 
2750.00000000 
415.00000000 
259.00000000 
261.00000000 
417.00000000 
1317.00000000 
1316.00000000 
2710.00000000 
2000.00000000 
228.00000000 
1108.00000000 
536.00000000 
243.00000000 
11.00000000 
2353.00000000 
157.00000000 
3286.00000000 
8403.00000000 
116.00000000 
59.00000000 
63.00000000 
5300.00000000 
12.00000000 
309.00000000 
322.00000000 
57.00000000 
33.00000000 
1485.00000000 
118.00000000 
1706.00000000 
0.00000000 
66.00000000 
88.00000000 
0.00000000 
71.00000000 
96.00000000 
49.00000000 
686.00000000 
603.00000000 
492.00000000 
8139.00000000 
598.00000000 
269.00000000 
400.00000000 
426.00000000 
285.00000000 
214.00000000 
58.00000000 
33.00000000 
0.00000000 
321.00000000 
2165.00000000 
1680.00000000 
454.00000000 
30.00000000 
6.00000000 
431.00000000 
122.00000000 
1688.00000000 
2605.00000000 
1000.00000000 
300.00000000 
949.00000000 
2119.00000000 
3477.00000000 
2306.00000000 
579.00000000 
1179.00000000 
1275.00000000 
1724.00000000 
294.00000000 
930.00000000 
3439.00000000 
623.00000000 
854.00000000 
983.00000000 
1118.00000000 
915.00000000 
106.00000000 
714.00000000 
0.00000000 
32883.00000000 
2710.00000000 
400.00000000 
1066.00000000 
623.00000000 
1456.00000000 
698.00000000 
1564.00000000 
7245.00000000 
130.00000000 
483.00000000 
0.00000000 
1222.00000000 
209.00000000 
523.00000000 
101.00000000 
72.00000000 
135.00000000 
1183.00000000 
1400.00000000 
25.00000000 
0.00000000 
368.00000000 
0.00000000 
194.00000000 
13.00000000 
6.00000000 
574.00000000 
340.00000000 
409.00000000 
0.00000000 
786.00000000 
79.00000000 
0.00000000 
20.00000000 
0.00000000 
0.00000000 
0.00000000 
0.00000000 
0.00000000 
0.00000000 
0.00000000 
0.00000000 
0.00000000 
64.00000000 
0.00000000 
888.00000000 
649.00000000 
254.00000000 
21.00000000 
1181.00000000 
127.00000000 
884.00000000 
582.00000000 
159.00000000 
0.00000000 
11.00000000 
112.00000000 
0.00000000 
0.00000000 
4596.00000000 
3177.00000000 
585.00000000 
473.00000000 
0.00000000 
0.00000000 
56.00000000 
0.00000000 
169.00000000 
142.00000000 
62.00000000 
300.00000000 
346.00000000 
328.00000000 
347.00000000 
0.00000000 
879.00000000 
302.00000000 
716.00000000 
0.00000000 
755.00000000 
339.00000000 
581.00000000 
12816.00000000 
5210.00000000 
4193.00000000 
2901.00000000 
2464.00000000 
14.00000000 
135.00000000 
0.00000000 
52.00000000 
37.00000000 
36.00000000 
92.00000000 
5.00000000 
0.00000000 
0.00000000 
0.00000000 
0.00000000 
255.00000000 
384.00000000 
462.00000000 
1400.00000000 
550.00000000 
646.00000000 
104.00000000 
173.00000000 
802.00000000 
264.00000000 
1014.00000000 
6265.00000000 
955.00000000 
341.00000000 
1005.00000000 
2242.00000000 
898.00000000 
852.00000000 
86.00000000 
105.00000000 
0.00000000 
84.00000000 
54.00000000 
1197.00000000 
49.00000000 
0.00000000 
54.00000000 
1834.00000000 
328.00000000 
0.00000000 
0.00000000 
0.00000000 
0.00000000 
536.00000000 
360.00000000 
424.00000000 
90.00000000 
0.00000000 
379.00000000 
362.00000000 
378.00000000 
0.00000000 
145.00000000 
468.00000000 
323.00000000 
0.00000000 
93.00000000 
0.00000000 
0.00000000 
0.00000000 
935.00000000 
2222.00000000 
0.00000000 
43.00000000 
0.00000000 
0.00000000 
0.00000000 
92.00000000 
2345.00000000 
502.00000000 
19.00000000 
0.00000000 
0.00000000 
314.00000000 
88.00000000 
39.00000000 
818.00000000 
736.00000000 
415.00000000 
549.00000000 
32.00000000 
426.00000000 
215.00000000 
1434.00000000 
108.00000000 
214.00000000 
1.00000000 
100.00000000 
349.00000000 
4378.00000000 
2757.00000000 
5444.00000000 
792.00000000 
0.00000000 
226.00000000 
0.00000000 
12.00000000 
58.00000000 
952.00000000 
0.00000000 
1.00000000 
0.00000000 
0.00000000 
0.00000000 
0.00000000 
463.00000000 
547.00000000 
0.00000000 
538.00000000 
607.00000000 
179.00000000 
120.00000000 
2829.00000000 
533.00000000 
510.00000000 
0.00000000 
105.00000000 
631.00000000 
548.00000000 
566.00000000 
707.00000000 
0.00000000 
7.00000000 
775.00000000 
7739.00000000 
0.00000000 
0.00000000 
1887.00000000 
1111.00000000 
1998.00000000 
141.00000000 
16.00000000 
149.00000000 
2536.00000000 
7549.00000000 
11.00000000 
0.00000000 
747.00000000 
0.00000000 
95.00000000 
2001.00000000 
23.00000000 
362.00000000 
1425.00000000 
1704.00000000 
357.00000000 
46.00000000 
309.00000000 
277.00000000 
834.00000000 
212.00000000 
0.00000000 
8.00000000 
62.00000000 
100.00000000 
712.00000000 
3139.00000000 
1114.00000000 
27.00000000 
448.00000000 
1395.00000000 
2819.00000000 
5496.00000000 
134.00000000 
3905.00000000 
52.00000000 
139.00000000 
7818.00000000 
1937.00000000 
8434.00000000 
39.00000000 
1543.00000000 
638.00000000 
441.00000000 
605.00000000 
809.00000000 
30.00000000 
1213.00000000 
1774.00000000 
25.00000000 
685.00000000 
208.00000000 
141.00000000 
112.00000000 
283.00000000 
71.00000000 
7423.00000000 
145.00000000 
100.00000000 
36.00000000 
3631.00000000 
90.00000000 
567.00000000 
10.00000000 
48.00000000 
256.00000000 
99.00000000 
2928.00000000 
30.00000000 
22.00000000 
3235.00000000 
0.00000000 
23.00000000 
0.00000000 
55.00000000 
914.00000000 
156.00000000 
213.00000000 
119.00000000 
251.00000000 
267.00000000 
0.00000000 
0.00000000 
236.00000000 
39.00000000 
0.00000000 
107.00000000 
367.00000000 
781.00000000 
124.00000000 
291.00000000 
199.00000000 
91.00000000 
1102.00000000 
1816.00000000 
320.00000000 
0.00000000 
354.00000000 
77.00000000 
944.00000000 
227.00000000 
603.00000000 
249.00000000 
363.00000000 
208.00000000 
8.00000000 
1118.00000000 
612.00000000 
1414.00000000 
600.00000000 
496.00000000 
1676.00000000 
493.00000000 
463.00000000 
179.00000000 
756.00000000 
386.00000000 
54.00000000 
590.00000000 
256.00000000 
831.00000000 
100.00000000 
1318.00000000 
354.00000000 
320.00000000 
973.00000000 
267.00000000 
100.00000000 
801.00000000 
615.00000000 
2185.00000000 
2486.00000000 
503.00000000 
687.00000000 
508.00000000 
1722.00000000 
75.00000000 
1840.00000000 
1935.00000000 
221.00000000 
52.00000000 
1.00000000 
765.00000000 
22.00000000 
223.00000000 
0.00000000 
119.00000000 
1430.00000000 
0.00000000 
374.00000000 
1419.00000000 
451.00000000 
435.00000000 
655.00000000 
547.00000000 
702.00000000 
464.00000000 
184.00000000 
1655.00000000 
4868.00000000 
50.00000000 
1509.00000000 
1491.00000000 
2085.00000000 
1966.00000000 
4033.00000000 
151.00000000 
219.00000000 
1255.00000000 
1107.00000000 
633.00000000 
348.00000000 
317.00000000 
868.00000000 
1523.00000000 
65.00000000 
712.00000000 
1093.00000000 
1365.00000000 
2750.00000000 
415.00000000 
259.00000000 
261.00000000 
417.00000000 
1317.00000000 
1316.00000000 
2710.00000000 
2000.00000000 
228.00000000 
1108.00000000 
536.00000000 
243.00000000 
11.00000000 
2353.00000000 
157.00000000 
3286.00000000 
8403.00000000 
116.00000000 
59.00000000 
63.00000000 
5300.00000000 
12.00000000 
309.00000000 
322.00000000 
57.00000000 
33.00000000 
1485.00000000 
118.00000000 
1706.00000000 
0.00000000 
66.00000000 
88.00000000 
0.00000000 
71.00000000 
96.00000000 
49.00000000 
686.00000000 
603.00000000 
492.00000000 
8139.00000000 
598.00000000 
269.00000000 
400.00000000 
426.00000000 
285.00000000 
214.00000000 
58.00000000 
33.00000000 
0.00000000 
321.00000000 
2165.00000000 
1680.00000000 
454.00000000 
30.00000000 
6.00000000 
431.00000000 
122.00000000 
1688.00000000 
2605.00000000 
1000.00000000 
300.00000000 
949.00000000 
2119.00000000 
3477.00000000 
2306.00000000 
579.00000000 
1179.00000000 
1275.00000000 
1724.00000000 
294.00000000 
930.00000000 
3439.00000000 
623.00000000 
854.00000000 
983.00000000 
1118.00000000 
915.00000000 
106.00000000 
714.00000000 
0.00000000 
32883.00000000 
2710.00000000 
400.00000000 
1066.00000000 
623.00000000 
1456.00000000 
698.00000000 
1564.00000000 
7245.00000000 
130.00000000 
483.00000000 
0.00000000 
1222.00000000 
209.00000000 
523.00000000 
101.00000000 
72.00000000 
135.00000000 
1183.00000000 
1400.00000000 
25.00000000 
0.00000000 
368.00000000 
0.00000000 
194.00000000 
13.00000000 
6.00000000 
574.00000000 
340.00000000 
409.00000000 
0.00000000 
786.00000000 
79.00000000 
0.00000000 
20.00000000 
0.00000000 
0.00000000 
0.00000000 
0.00000000 
0.00000000 
0.00000000 
0.00000000 
0.00000000 
0.00000000 
64.00000000 
0.00000000 
888.00000000 
649.00000000 
254.00000000 
21.00000000 
1181.00000000 
127.00000000 
884.00000000 
582.00000000 
159.00000000 
0.00000000 
11.00000000 
112.00000000 
0.00000000 
0.00000000 
4596.00000000 
3177.00000000 
585.00000000 
473.00000000 
0.00000000 
0.00000000 
56.00000000 
0.00000000 
169.00000000 
142.00000000 
62.00000000 
300.00000000 
346.00000000 
328.00000000 
347.00000000 
0.00000000 
879.00000000 
302.00000000 
716.00000000 
0.00000000 
755.00000000 
339.00000000 
581.00000000 
12816.00000000 
5210.00000000 
4193.00000000 
2901.00000000 
2464.00000000 
14.00000000 
135.00000000 
0.00000000 
52.00000000 
37.00000000 
36.00000000 
92.00000000 
5.00000000 
0.00000000 
0.00000000 
0.00000000 
0.00000000 
255.00000000 
384.00000000 
462.00000000 
1400.00000000 
550.00000000 
646.00000000 
104.00000000 
173.00000000 
802.00000000 
264.00000000 
1014.00000000 
6265.00000000 
955.00000000 
341.00000000 
1005.00000000 
2242.00000000 
898.00000000 
852.00000000 
86.00000000 
105.00000000 
0.00000000 
84.00000000 
54.00000000 
1197.00000000 
49.00000000 
0.00000000 
54.00000000 
1834.00000000 
328.00000000 
0.00000000 
0.00000000 
0.00000000 
0.00000000 
536.00000000 
360.00000000 
424.00000000 
90.00000000 
0.00000000 
379.00000000 
362.00000000 
378.00000000 
0.00000000 
145.00000000 
468.00000000 
323.00000000 
0.00000000 
93.00000000 
0.00000000 
0.00000000 
0.00000000 
935.00000000 
2222.00000000 
0.00000000 
43.00000000 
0.00000000 
0.00000000 
0.00000000 
92.00000000 
2345.00000000 
502.00000000 
19.00000000 
0.00000000 
0.00000000 
314.00000000 
88.00000000 
39.00000000 
818.00000000 
736.00000000 
415.00000000 
549.00000000 
32.00000000 
426.00000000 
215.00000000 
1434.00000000 
108.00000000 
214.00000000 
1.00000000 
100.00000000 
349.00000000 
4378.00000000 
2757.00000000 
5444.00000000 
792.00000000 
0.00000000 
226.00000000 
0.00000000 
12.00000000 
58.00000000 
952.00000000 
0.00000000 
1.00000000 
0.00000000 
0.00000000 
0.00000000 
0.00000000 
463.00000000 
547.00000000 
0.00000000 
538.00000000 
607.00000000 
179.00000000 
120.00000000 
2829.00000000 
533.00000000 
510.00000000 
0.00000000 
105.00000000 
631.00000000 
548.00000000 
566.00000000 
707.00000000 
0.00000000 
7.00000000 
775.00000000 
7739.00000000 
0.00000000 
0.00000000 
1887.00000000 
1111.00000000 
1998.00000000 
141.00000000 
16.00000000 
149.00000000 
2536.00000000 
7549.00000000 
11.00000000 
0.00000000 
747.00000000 
0.00000000 
95.00000000 
2001.00000000 
362.00000000 
1425.00000000 
1704.00000000 
357.00000000 
46.00000000 
309.00000000 
277.00000000 
834.00000000 
212.00000000 
0.00000000 
8.00000000 
62.00000000 
100.00000000 
712.00000000 
3139.00000000 
1114.00000000 
27.00000000 
448.00000000 
1395.00000000 
2819.00000000 
5496.00000000 
134.00000000 
3905.00000000 
52.00000000 
139.00000000 
7818.00000000 
1937.00000000 
8434.00000000 
39.00000000 
1543.00000000 
638.00000000 
441.00000000 
605.00000000 
809.00000000 
30.00000000 
1213.00000000 
1774.00000000 
25.00000000 
685.00000000 
208.00000000 
141.00000000 
112.00000000 
283.00000000 
71.00000000 
7423.00000000 
145.00000000 
100.00000000 
36.00000000 
3631.00000000 
90.00000000 
567.00000000 
10.00000000 
48.00000000 
256.00000000 
99.00000000 
2928.00000000 
30.00000000 
22.00000000 
3235.00000000 
0.00000000 
23.00000000 
0.00000000 
55.00000000 
914.00000000 
156.00000000 
213.00000000 
119.00000000 
251.00000000 
267.00000000 
0.00000000 
0.00000000 
236.00000000 
39.00000000 
0.00000000 
107.00000000 
367.00000000 
781.00000000 
124.00000000 
291.00000000 
199.00000000 
91.00000000 
1102.00000000 
1816.00000000 
320.00000000 
0.00000000 
354.00000000 
77.00000000 
944.00000000 
227.00000000 
603.00000000 
249.00000000 
363.00000000 
208.00000000 
8.00000000 
1118.00000000 
612.00000000 
1414.00000000 
600.00000000 
496.00000000 
1676.00000000 
493.00000000 
463.00000000 
179.00000000 
756.00000000 
386.00000000 
54.00000000 
590.00000000 
256.00000000 
831.00000000 
100.00000000 
1318.00000000 
354.00000000 
320.00000000 
973.00000000 
267.00000000 
100.00000000 
801.00000000 
615.00000000 
2185.00000000 
2486.00000000 
503.00000000 
687.00000000 
508.00000000 
1722.00000000 
75.00000000 
1840.00000000 
1935.00000000 
221.00000000 
52.00000000 
1.00000000 
765.00000000 
22.00000000 
223.00000000 
0.00000000 
119.00000000 
1430.00000000 
0.00000000 
374.00000000 
1419.00000000 
451.00000000 
435.00000000 
655.00000000 
547.00000000 
702.00000000 
464.00000000 
184.00000000 
1655.00000000 
4868.00000000 
50.00000000 
1509.00000000 
1491.00000000 
2085.00000000 
1966.00000000 
4033.00000000 
151.00000000 
219.00000000 
1255.00000000 
1107.00000000 
633.00000000 
348.00000000 
317.00000000 
868.00000000 
1523.00000000 
65.00000000 
712.00000000 
1093.00000000 
1365.00000000 
2750.00000000 
415.00000000 
259.00000000 
261.00000000 
417.00000000 
1317.00000000 
1316.00000000 
2710.00000000 
2000.00000000 
228.00000000 
1108.00000000 
536.00000000 
243.00000000 
11.00000000 
2353.00000000 
157.00000000 
3286.00000000 
8403.00000000 
116.00000000 
59.00000000 
63.00000000 
5300.00000000 
12.00000000 
309.00000000 
322.00000000 
57.00000000 
33.00000000 
1485.00000000 
118.00000000 
1706.00000000 
0.00000000 
66.00000000 
88.00000000 
0.00000000 
71.00000000 
96.00000000 
49.00000000 
686.00000000 
603.00000000 
492.00000000 
8139.00000000 
598.00000000 
269.00000000 
400.00000000 
426.00000000 
285.00000000 
214.00000000 
58.00000000 
33.00000000 
0.00000000 
321.00000000 
2165.00000000 
1680.00000000 
454.00000000 
30.00000000 
6.00000000 
431.00000000 
122.00000000 
1688.00000000 
2605.00000000 
1000.00000000 
300.00000000 
949.00000000 
2119.00000000 
3477.00000000 
2306.00000000 
579.00000000 
1179.00000000 
1275.00000000 
1724.00000000 
294.00000000 
930.00000000 
3439.00000000 
623.00000000 
854.00000000 
983.00000000 
1118.00000000 
915.00000000 
106.00000000 
714.00000000 
0.00000000 
32883.00000000 
2710.00000000 
400.00000000 
1066.00000000 
623.00000000 
1456.00000000 
698.00000000 
1564.00000000 
7245.00000000 
130.00000000 
483.00000000 
0.00000000 
1222.00000000 
209.00000000 
523.00000000 
101.00000000 
72.00000000 
135.00000000 
1183.00000000 
1400.00000000 
25.00000000 
0.00000000 
368.00000000 
0.00000000 
194.00000000 
13.00000000 
6.00000000 
574.00000000 
340.00000000 
409.00000000 
0.00000000 
786.00000000 
79.00000000 
0.00000000 
20.00000000 
0.00000000 
0.00000000 
0.00000000 
0.00000000 
0.00000000 
0.00000000 
0.00000000 
0.00000000 
0.00000000 
64.00000000 
0.00000000 
888.00000000 
649.00000000 
254.00000000 
21.00000000 
1181.00000000 
127.00000000 
884.00000000 
582.00000000 
159.00000000 
0.00000000 
11.00000000 
112.00000000 
0.00000000 
0.00000000 
4596.00000000 
3177.00000000 
585.00000000 
473.00000000 
0.00000000 
0.00000000 
56.00000000 
0.00000000 
169.00000000 
142.00000000 
62.00000000 
300.00000000 
346.00000000 
328.00000000 
347.00000000 
0.00000000 
879.00000000 
302.00000000 
716.00000000 
0.00000000 
755.00000000 
339.00000000 
581.00000000 
12816.00000000 
5210.00000000 
4193.00000000 
2901.00000000 
2464.00000000 
14.00000000 
135.00000000 
0.00000000 
52.00000000 
37.00000000 
36.00000000 
92.00000000 
5.00000000 
0.00000000 
0.00000000 
0.00000000 
0.00000000 
255.00000000 
384.00000000 
462.00000000 
1400.00000000 
550.00000000 
646.00000000 
104.00000000 
173.00000000 
802.00000000 
264.00000000 
1014.00000000 
6265.00000000 
955.00000000 
341.00000000 
1005.00000000 
2242.00000000 
898.00000000 
852.00000000 
86.00000000 
105.00000000 
0.00000000 
84.00000000 
54.00000000 
1197.00000000 
49.00000000 
0.00000000 
54.00000000 
1834.00000000 
328.00000000 
0.00000000 
0.00000000 
0.00000000 
0.00000000 
536.00000000 
360.00000000 
424.00000000 
90.00000000 
0.00000000 
379.00000000 
362.00000000 
378.00000000 
0.00000000 
145.00000000 
468.00000000 
323.00000000 
0.00000000 
93.00000000 
0.00000000 
0.00000000 
0.00000000 
935.00000000 
2222.00000000 
0.00000000 
43.00000000 
0.00000000 
0.00000000 
0.00000000 
92.00000000 
2345.00000000 
502.00000000 
19.00000000 
0.00000000 
0.00000000 
314.00000000 
88.00000000 
39.00000000 
818.00000000 
736.00000000 
415.00000000 
549.00000000 
32.00000000 
426.00000000 
215.00000000 
1434.00000000 
108.00000000 
214.00000000 
1.00000000 
100.00000000 
349.00000000 
4378.00000000 
2757.00000000 
5444.00000000 
792.00000000 
0.00000000 
226.00000000 
0.00000000 
12.00000000 
58.00000000 
952.00000000 
0.00000000 
1.00000000 
0.00000000 
0.00000000 
0.00000000 
0.00000000 
463.00000000 
547.00000000 
0.00000000 
538.00000000 
607.00000000 
179.00000000 
120.00000000 
2829.00000000 
533.00000000 
510.00000000 
0.00000000 
105.00000000 
631.00000000 
548.00000000 
566.00000000 
707.00000000 
0.00000000 
7.00000000 
775.00000000 
7739.00000000 
0.00000000 
0.00000000 
1887.00000000 
1111.00000000 
1998.00000000 
141.00000000 
16.00000000 
149.00000000 
2536.00000000 
7549.00000000 
11.00000000 
0.00000000 
747.00000000 
0.00000000 
95.00000000 
2001.00000000 
