0.00019004 
0.00018886 
0.00018878 
0.00019035 
0.00018939 
0.00018957 
0.00019006 
0.00019173 
0.00018876 
0.00018876 
0.00018876 
0.00018880 
0.00018734 
0.00018710 
0.00018764 
0.00019339 
0.00019039 
0.00019226 
0.00018957 
0.00018919 
0.00019114 
0.00018752 
0.00018678 
0.00018564 
0.00018564 
0.00018503 
0.00018502 
0.00018502 
0.00018501 
0.00018496 
0.00018484 
0.00018328 
0.00018317 
0.00018314 
0.00018312 
0.00018312 
0.00018296 
0.00018300 
0.00018300 
0.00018300 
0.00018223 
0.00018223 
0.00018300 
0.00018300 
0.00018300 
0.00018300 
0.00018300 
0.00018223 
0.00018300 
0.00018153 
0.00018167 
0.00018135 
0.00018071 
0.00018153 
0.00018153 
0.00018070 
0.00018140 
0.00018140 
0.00018098 
0.00018098 
0.00018098 
0.00018098 
0.00018098 
0.00018101 
0.00018019 
0.00018019 
0.00018019 
0.00018109 
0.00018101 
0.00018112 
0.00018112 
0.00018112 
0.00018112 
0.00018018 
0.00018018 
0.00018022 
0.00018017 
0.00018046 
0.00017920 
0.00018009 
0.00017939 
0.00018000 
0.00018161 
0.00018167 
0.00018167 
0.00018167 
0.00018187 
0.00018201 
0.00018227 
0.00018251 
0.00018300 
0.00018286 
0.00018300 
0.00018300 
0.00018289 
0.00018286 
0.00018202 
0.00018177 
0.00018202 
0.00018202 
0.00018325 
0.00018430 
0.00018328 
0.00018327 
0.00018359 
0.00018502 
0.00018502 
0.00018502 
0.00018503 
0.00018503 
0.00018509 
0.00018505 
0.00018474 
0.00018335 
0.00018302 
0.00018323 
0.00018557 
0.00018370 
0.00018649 
0.00018522 
0.00018342 
0.00018155 
0.00018154 
0.00018023 
0.00018091 
0.00018035 
0.00017864 
0.00017841 
0.00017983 
0.00017906 
0.00018016 
0.00018077 
0.00017929 
0.00018060 
0.00018060 
0.00018064 
0.00017937 
0.00017937 
0.00018040 
0.00017845 
0.00017809 
0.00017808 
0.00017688 
0.00017813 
0.00017813 
0.00017800 
0.00017626 
0.00017807 
0.00017899 
0.00018018 
0.00018120 
0.00018085 
0.00018084 
0.00018020 
0.00017933 
0.00017930 
0.00017912 
0.00018132 
0.00017914 
0.00017800 
0.00017799 
0.00017888 
0.00017742 
0.00017868 
0.00017860 
0.00017735 
0.00017668 
0.00017497 
0.00017576 
0.00017494 
0.00017479 
0.00017357 
0.00017711 
0.00017152 
0.00017152 
0.00017152 
0.00017152 
0.00016991 
0.00017139 
0.00017108 
0.00017176 
0.00017195 
0.00017096 
0.00017078 
0.00017288 
0.00017098 
0.00017022 
0.00017001 
0.00016850 
0.00016930 
0.00016927 
0.00017090 
0.00016934 
0.00017091 
0.00016929 
0.00017099 
0.00017097 
0.00016928 
0.00016928 
0.00016980 
0.00016980 
0.00016980 
0.00016980 
0.00017097 
0.00017000 
0.00017087 
0.00017087 
0.00017093 
0.00017090 
0.00017179 
0.00017189 
0.00017087 
0.00017001 
0.00017114 
0.00017095 
0.00017100 
0.00017102 
0.00017102 
0.00017001 
0.00017244 
0.00017180 
0.00017182 
0.00017181 
0.00017182 
0.00017278 
0.00017180 
0.00017287 
0.00017185 
0.00017283 
0.00017294 
0.00017367 
0.00017169 
0.00017368 
0.00017110 
0.00017214 
0.00017270 
0.00017256 
0.00017555 
0.00017655 
0.00017512 
0.00017843 
0.00017485 
0.00017506 
0.00017253 
0.00017257 
0.00017374 
0.00017345 
0.00017336 
0.00017336 
0.00017000 
0.00017000 
0.00017000 
0.00017002 
0.00017097 
0.00016901 
0.00017057 
0.00016894 
0.00017138 
0.00017214 
0.00017200 
0.00017200 
0.00017207 
0.00017061 
0.00017176 
0.00017405 
0.00017457 
0.00017326 
0.00017400 
0.00017591 
0.00017591 
0.00017591 
0.00017545 
0.00017545 
0.00017610 
0.00017610 
0.00017697 
0.00017697 
0.00017605 
0.00017650 
0.00017650 
0.00017700 
0.00017638 
0.00017638 
0.00017639 
0.00017639 
0.00017639 
0.00017639 
0.00017639 
0.00017639 
0.00017639 
0.00017639 
0.00017639 
0.00017639 
0.00017753 
0.00017753 
0.00017774 
0.00017692 
0.00017737 
0.00017767 
0.00017823 
0.00017948 
0.00017948 
0.00017901 
0.00017873 
0.00017873 
0.00017877 
0.00017675 
0.00017675 
0.00017675 
0.00017903 
0.00017675 
0.00017658 
0.00017791 
0.00017791 
0.00017791 
0.00017785 
0.00017785 
0.00017800 
0.00017800 
0.00017800 
0.00017708 
0.00017638 
0.00017638 
0.00017926 
0.00017926 
0.00018005 
0.00017597 
0.00017380 
0.00017380 
0.00017381 
0.00017478 
0.00017433 
0.00017495 
0.00017556 
0.00017640 
0.00017688 
0.00017978 
0.00018043 
0.00018044 
0.00018044 
0.00018044 
0.00018044 
0.00018068 
0.00018222 
0.00018224 
0.00018224 
0.00018224 
0.00018224 
0.00018224 
0.00018166 
0.00018117 
0.00018071 
0.00018021 
0.00017943 
0.00017928 
0.00017900 
0.00018004 
0.00018008 
0.00018076 
0.00018039 
0.00018305 
0.00018167 
0.00018092 
0.00018038 
0.00018167 
0.00018170 
0.00018327 
0.00018327 
0.00018492 
0.00018492 
0.00018499 
0.00018325 
0.00018384 
0.00018404 
0.00018404 
0.00018571 
0.00018485 
0.00018297 
0.00018297 
0.00018297 
0.00018297 
0.00018297 
0.00018392 
0.00018493 
0.00018400 
0.00018493 
0.00018493 
0.00018142 
0.00018558 
0.00018324 
0.00018324 
0.00018537 
0.00018537 
0.00018616 
0.00018616 
0.00018616 
0.00018616 
0.00018616 
0.00018616 
0.00018520 
0.00018462 
0.00018462 
0.00018472 
0.00018472 
0.00018472 
0.00018472 
0.00018618 
0.00018666 
0.00018460 
0.00018548 
0.00018548 
0.00018548 
0.00018660 
0.00018507 
0.00018502 
0.00018432 
0.00018475 
0.00018045 
0.00018524 
0.00018425 
0.00018471 
0.00018338 
0.00018483 
0.00018483 
0.00018479 
0.00018369 
0.00018479 
0.00018482 
0.00018456 
0.00018526 
0.00018809 
0.00018876 
0.00018876 
0.00018994 
0.00018994 
0.00018993 
0.00019009 
0.00019003 
0.00019003 
0.00018941 
0.00018941 
0.00018941 
0.00018941 
0.00018941 
0.00019255 
0.00018889 
0.00018889 
0.00018642 
0.00018756 
0.00018600 
0.00018695 
0.00018423 
0.00018794 
0.00019007 
0.00019007 
0.00018950 
0.00019007 
0.00019007 
0.00019160 
0.00019159 
0.00019159 
0.00019234 
0.00019236 
0.00019097 
0.00019097 
0.00019097 
0.00018904 
0.00018919 
0.00018989 
0.00018884 
0.00018872 
0.00018981 
0.00018802 
0.00018498 
0.00018580 
0.00018580 
0.00018577 
0.00018577 
0.00018580 
0.00018581 
0.00019004 
0.00018886 
0.00018878 
0.00019035 
0.00018939 
0.00018957 
0.00019006 
0.00019173 
0.00018876 
0.00018876 
0.00018876 
0.00018880 
0.00018734 
0.00018710 
0.00018764 
0.00019339 
0.00019039 
0.00019226 
0.00018957 
0.00018919 
0.00019114 
0.00018752 
0.00018678 
0.00018564 
0.00018564 
0.00018503 
0.00018502 
0.00018502 
0.00018501 
0.00018496 
0.00018484 
0.00018328 
0.00018317 
0.00018314 
0.00018312 
0.00018312 
0.00018296 
0.00018300 
0.00018300 
0.00018300 
0.00018223 
0.00018223 
0.00018300 
0.00018300 
0.00018300 
0.00018300 
0.00018300 
0.00018223 
0.00018300 
0.00018153 
0.00018167 
0.00018135 
0.00018071 
0.00018153 
0.00018153 
0.00018070 
0.00018140 
0.00018140 
0.00018098 
0.00018098 
0.00018098 
0.00018098 
0.00018098 
0.00018101 
0.00018019 
0.00018019 
0.00018019 
0.00018109 
0.00018101 
0.00018112 
0.00018112 
0.00018112 
0.00018112 
0.00018018 
0.00018018 
0.00018022 
0.00018017 
0.00018046 
0.00017920 
0.00018009 
0.00017939 
0.00018000 
0.00018161 
0.00018167 
0.00018167 
0.00018167 
0.00018187 
0.00018201 
0.00018227 
0.00018251 
0.00018300 
0.00018286 
0.00018300 
0.00018300 
0.00018289 
0.00018286 
0.00018202 
0.00018177 
0.00018202 
0.00018202 
0.00018325 
0.00018430 
0.00018328 
0.00018327 
0.00018359 
0.00018502 
0.00018502 
0.00018502 
0.00018503 
0.00018503 
0.00018509 
0.00018505 
0.00018474 
0.00018335 
0.00018302 
0.00018323 
0.00018557 
0.00018370 
0.00018649 
0.00018522 
0.00018342 
0.00018155 
0.00018154 
0.00018023 
0.00018091 
0.00018035 
0.00017864 
0.00017841 
0.00017983 
0.00017906 
0.00018016 
0.00018077 
0.00017929 
0.00018060 
0.00018060 
0.00018064 
0.00017937 
0.00017937 
0.00018040 
0.00017845 
0.00017809 
0.00017808 
0.00017688 
0.00017813 
0.00017813 
0.00017800 
0.00017626 
0.00017807 
0.00017899 
0.00018018 
0.00018120 
0.00018085 
0.00018084 
0.00018020 
0.00017933 
0.00017930 
0.00017912 
0.00018132 
0.00017914 
0.00017800 
0.00017799 
0.00017888 
0.00017742 
0.00017868 
0.00017860 
0.00017735 
0.00017668 
0.00017497 
0.00017576 
0.00017494 
0.00017479 
0.00017357 
0.00017711 
0.00017152 
0.00017152 
0.00017152 
0.00017152 
0.00016991 
0.00017139 
0.00017108 
0.00017176 
0.00017195 
0.00017096 
0.00017078 
0.00017288 
0.00017098 
0.00017022 
0.00017001 
0.00016850 
0.00016930 
0.00016927 
0.00017090 
0.00016934 
0.00017091 
0.00016929 
0.00017099 
0.00017097 
0.00016928 
0.00016928 
0.00016980 
0.00016980 
0.00016980 
0.00016980 
0.00017097 
0.00017000 
0.00017087 
0.00017087 
0.00017093 
0.00017090 
0.00017179 
0.00017189 
0.00017087 
0.00017001 
0.00017114 
0.00017095 
0.00017100 
0.00017102 
0.00017102 
0.00017001 
0.00017244 
0.00017180 
0.00017182 
0.00017181 
0.00017182 
0.00017278 
0.00017180 
0.00017287 
0.00017185 
0.00017283 
0.00017294 
0.00017367 
0.00017169 
0.00017368 
0.00017110 
0.00017214 
0.00017270 
0.00017256 
0.00017555 
0.00017655 
0.00017512 
0.00017843 
0.00017485 
0.00017506 
0.00017253 
0.00017257 
0.00017374 
0.00017345 
0.00017336 
0.00017336 
0.00017000 
0.00017000 
0.00017000 
0.00017002 
0.00017097 
0.00016901 
0.00017057 
0.00016894 
0.00017138 
0.00017214 
0.00017200 
0.00017200 
0.00017207 
0.00017061 
0.00017176 
0.00017405 
0.00017457 
0.00017326 
0.00017400 
0.00017591 
0.00017591 
0.00017591 
0.00017545 
0.00017545 
0.00017610 
0.00017610 
0.00017697 
0.00017697 
0.00017605 
0.00017650 
0.00017650 
0.00017700 
0.00017638 
0.00017638 
0.00017639 
0.00017639 
0.00017639 
0.00017639 
0.00017639 
0.00017639 
0.00017639 
0.00017639 
0.00017639 
0.00017639 
0.00017753 
0.00017753 
0.00017774 
0.00017692 
0.00017737 
0.00017767 
0.00017823 
0.00017948 
0.00017948 
0.00017901 
0.00017873 
0.00017873 
0.00017877 
0.00017675 
0.00017675 
0.00017675 
0.00017903 
0.00017675 
0.00017658 
0.00017791 
0.00017791 
0.00017791 
0.00017785 
0.00017785 
0.00017800 
0.00017800 
0.00017800 
0.00017708 
0.00017638 
0.00017638 
0.00017926 
0.00017926 
0.00018005 
0.00017597 
0.00017380 
0.00017380 
0.00017381 
0.00017478 
0.00017433 
0.00017495 
0.00017556 
0.00017640 
0.00017688 
0.00017978 
0.00018043 
0.00018044 
0.00018044 
0.00018044 
0.00018044 
0.00018068 
0.00018222 
0.00018224 
0.00018224 
0.00018224 
0.00018224 
0.00018224 
0.00018166 
0.00018117 
0.00018071 
0.00018021 
0.00017943 
0.00017928 
0.00017900 
0.00018004 
0.00018008 
0.00018076 
0.00018039 
0.00018305 
0.00018167 
0.00018092 
0.00018038 
0.00018167 
0.00018170 
0.00018327 
0.00018327 
0.00018492 
0.00018492 
0.00018499 
0.00018325 
0.00018384 
0.00018404 
0.00018404 
0.00018571 
0.00018485 
0.00018297 
0.00018297 
0.00018297 
0.00018297 
0.00018297 
0.00018392 
0.00018493 
0.00018400 
0.00018493 
0.00018493 
0.00018142 
0.00018558 
0.00018324 
0.00018324 
0.00018537 
0.00018537 
0.00018616 
0.00018616 
0.00018616 
0.00018616 
0.00018616 
0.00018616 
0.00018520 
0.00018462 
0.00018462 
0.00018472 
0.00018472 
0.00018472 
0.00018472 
0.00018618 
0.00018666 
0.00018460 
0.00018548 
0.00018548 
0.00018548 
0.00018660 
0.00018507 
0.00018502 
0.00018432 
0.00018475 
0.00018045 
0.00018524 
0.00018425 
0.00018471 
0.00018338 
0.00018483 
0.00018483 
0.00018479 
0.00018369 
0.00018479 
0.00018482 
0.00018456 
0.00018526 
0.00018809 
0.00018876 
0.00018876 
0.00018994 
0.00018994 
0.00018993 
0.00019009 
0.00019003 
0.00019003 
0.00018941 
0.00018941 
0.00018941 
0.00018941 
0.00018941 
0.00019255 
0.00018889 
0.00018889 
0.00018642 
0.00018756 
0.00018600 
0.00018695 
0.00018423 
0.00018794 
0.00019007 
0.00019007 
0.00018950 
0.00019007 
0.00019007 
0.00019160 
0.00019159 
0.00019159 
0.00019234 
0.00019236 
0.00019097 
0.00019097 
0.00019097 
0.00018904 
0.00018919 
0.00018989 
0.00018884 
0.00018872 
0.00018981 
0.00018802 
0.00018498 
0.00018580 
0.00018580 
0.00018577 
0.00018577 
0.00018580 
0.00019004 
0.00018886 
0.00018878 
0.00019035 
0.00018939 
0.00018957 
0.00019006 
0.00019173 
0.00018876 
0.00018876 
0.00018876 
0.00018880 
0.00018734 
0.00018710 
0.00018764 
0.00019339 
0.00019039 
0.00019226 
0.00018957 
0.00018919 
0.00019114 
0.00018752 
0.00018678 
0.00018564 
0.00018564 
0.00018503 
0.00018502 
0.00018502 
0.00018501 
0.00018496 
0.00018484 
0.00018328 
0.00018317 
0.00018314 
0.00018312 
0.00018312 
0.00018296 
0.00018300 
0.00018300 
0.00018300 
0.00018223 
0.00018223 
0.00018300 
0.00018300 
0.00018300 
0.00018300 
0.00018300 
0.00018223 
0.00018300 
0.00018153 
0.00018167 
0.00018135 
0.00018071 
0.00018153 
0.00018153 
0.00018070 
0.00018140 
0.00018140 
0.00018098 
0.00018098 
0.00018098 
0.00018098 
0.00018098 
0.00018101 
0.00018019 
0.00018019 
0.00018019 
0.00018109 
0.00018101 
0.00018112 
0.00018112 
0.00018112 
0.00018112 
0.00018018 
0.00018018 
0.00018022 
0.00018017 
0.00018046 
0.00017920 
0.00018009 
0.00017939 
0.00018000 
0.00018161 
0.00018167 
0.00018167 
0.00018167 
0.00018187 
0.00018201 
0.00018227 
0.00018251 
0.00018300 
0.00018286 
0.00018300 
0.00018300 
0.00018289 
0.00018286 
0.00018202 
0.00018177 
0.00018202 
0.00018202 
0.00018325 
0.00018430 
0.00018328 
0.00018327 
0.00018359 
0.00018502 
0.00018502 
0.00018502 
0.00018503 
0.00018503 
0.00018509 
0.00018505 
0.00018474 
0.00018335 
0.00018302 
0.00018323 
0.00018557 
0.00018370 
0.00018649 
0.00018522 
0.00018342 
0.00018155 
0.00018154 
0.00018023 
0.00018091 
0.00018035 
0.00017864 
0.00017841 
0.00017983 
0.00017906 
0.00018016 
0.00018077 
0.00017929 
0.00018060 
0.00018060 
0.00018064 
0.00017937 
0.00017937 
0.00018040 
0.00017845 
0.00017809 
0.00017808 
0.00017688 
0.00017813 
0.00017813 
0.00017800 
0.00017626 
0.00017807 
0.00017899 
0.00018018 
0.00018120 
0.00018085 
0.00018084 
0.00018020 
0.00017933 
0.00017930 
0.00017912 
0.00018132 
0.00017914 
0.00017800 
0.00017799 
0.00017888 
0.00017742 
0.00017868 
0.00017860 
0.00017735 
0.00017668 
0.00017497 
0.00017576 
0.00017494 
0.00017479 
0.00017357 
0.00017711 
0.00017152 
0.00017152 
0.00017152 
0.00017152 
0.00016991 
0.00017139 
0.00017108 
0.00017176 
0.00017195 
0.00017096 
0.00017078 
0.00017288 
0.00017098 
0.00017022 
0.00017001 
0.00016850 
0.00016930 
0.00016927 
0.00017090 
0.00016934 
0.00017091 
0.00016929 
0.00017099 
0.00017097 
0.00016928 
0.00016928 
0.00016980 
0.00016980 
0.00016980 
0.00016980 
0.00017097 
0.00017000 
0.00017087 
0.00017087 
0.00017093 
0.00017090 
0.00017179 
0.00017189 
0.00017087 
0.00017001 
0.00017114 
0.00017095 
0.00017100 
0.00017102 
0.00017102 
0.00017001 
0.00017244 
0.00017180 
0.00017182 
0.00017181 
0.00017182 
0.00017278 
0.00017180 
0.00017287 
0.00017185 
0.00017283 
0.00017294 
0.00017367 
0.00017169 
0.00017368 
0.00017110 
0.00017214 
0.00017270 
0.00017256 
0.00017555 
0.00017655 
0.00017512 
0.00017843 
0.00017485 
0.00017506 
0.00017253 
0.00017257 
0.00017374 
0.00017345 
0.00017336 
0.00017336 
0.00017000 
0.00017000 
0.00017000 
0.00017002 
0.00017097 
0.00016901 
0.00017057 
0.00016894 
0.00017138 
0.00017214 
0.00017200 
0.00017200 
0.00017207 
0.00017061 
0.00017176 
0.00017405 
0.00017457 
0.00017326 
0.00017400 
0.00017591 
0.00017591 
0.00017591 
0.00017545 
0.00017545 
0.00017610 
0.00017610 
0.00017697 
0.00017697 
0.00017605 
0.00017650 
0.00017650 
0.00017700 
0.00017638 
0.00017638 
0.00017639 
0.00017639 
0.00017639 
0.00017639 
0.00017639 
0.00017639 
0.00017639 
0.00017639 
0.00017639 
0.00017639 
0.00017753 
0.00017753 
0.00017774 
0.00017692 
0.00017737 
0.00017767 
0.00017823 
0.00017948 
0.00017948 
0.00017901 
0.00017873 
0.00017873 
0.00017877 
0.00017675 
0.00017675 
0.00017675 
0.00017903 
0.00017675 
0.00017658 
0.00017791 
0.00017791 
0.00017791 
0.00017785 
0.00017785 
0.00017800 
0.00017800 
0.00017800 
0.00017708 
0.00017638 
0.00017638 
0.00017926 
0.00017926 
0.00018005 
0.00017597 
0.00017380 
0.00017380 
0.00017381 
0.00017478 
0.00017433 
0.00017495 
0.00017556 
0.00017640 
0.00017688 
0.00017978 
0.00018043 
0.00018044 
0.00018044 
0.00018044 
0.00018044 
0.00018068 
0.00018222 
0.00018224 
0.00018224 
0.00018224 
0.00018224 
0.00018224 
0.00018166 
0.00018117 
0.00018071 
0.00018021 
0.00017943 
0.00017928 
0.00017900 
0.00018004 
0.00018008 
0.00018076 
0.00018039 
0.00018305 
0.00018167 
0.00018092 
0.00018038 
0.00018167 
0.00018170 
0.00018327 
0.00018327 
0.00018492 
0.00018492 
0.00018499 
0.00018325 
0.00018384 
0.00018404 
0.00018404 
0.00018571 
0.00018485 
0.00018297 
0.00018297 
0.00018297 
0.00018297 
0.00018297 
0.00018392 
0.00018493 
0.00018400 
0.00018493 
0.00018493 
0.00018142 
0.00018558 
0.00018324 
0.00018324 
0.00018537 
0.00018537 
0.00018616 
0.00018616 
0.00018616 
0.00018616 
0.00018616 
0.00018616 
0.00018520 
0.00018462 
0.00018462 
0.00018472 
0.00018472 
0.00018472 
0.00018472 
0.00018618 
0.00018666 
0.00018460 
0.00018548 
0.00018548 
0.00018548 
0.00018660 
0.00018507 
0.00018502 
0.00018432 
0.00018475 
0.00018045 
0.00018524 
0.00018425 
0.00018471 
0.00018338 
0.00018483 
0.00018483 
0.00018479 
0.00018369 
0.00018479 
0.00018482 
0.00018456 
0.00018526 
0.00018809 
0.00018876 
0.00018876 
0.00018994 
0.00018994 
0.00018993 
0.00019009 
0.00019003 
0.00019003 
0.00018941 
0.00018941 
0.00018941 
0.00018941 
0.00018941 
0.00019255 
0.00018889 
0.00018889 
0.00018642 
0.00018756 
0.00018600 
0.00018695 
0.00018423 
0.00018794 
0.00019007 
0.00019007 
0.00018950 
0.00019007 
0.00019007 
0.00019160 
0.00019159 
0.00019159 
0.00019234 
0.00019236 
0.00019097 
0.00019097 
0.00019097 
0.00018904 
0.00018919 
0.00018989 
0.00018884 
0.00018872 
0.00018981 
0.00018802 
0.00018498 
0.00018580 
0.00018580 
0.00018577 
0.00018577 
0.00018580 
