1037.16000000 
211981.36000000 
159169.52000000 
168235.03000000 
78966.83000000 
41833.81000000 
53016.17000000 
50424.67000000 
135035.90000000 
102866.65000000 
83100.26000000 
127986.50000000 
132926.11000000 
260113.61000000 
202253.69000000 
200072.64000000 
107763.75000000 
255247.40000000 
274801.11000000 
261371.33000000 
116298.60000000 
176893.25000000 
252993.69000000 
232215.42000000 
223035.76000000 
89692.01000000 
201020.70000000 
189075.13000000 
290038.66000000 
196207.96000000 
283761.44000000 
146507.70000000 
173621.15000000 
160559.04000000 
161816.00000000 
227675.59000000 
232375.22000000 
155954.99000000 
117266.90000000 
93463.14000000 
76925.28000000 
135708.30000000 
160367.99000000 
230273.31000000 
100726.54000000 
158942.07000000 
170819.30000000 
116113.65000000 
97993.48000000 
76170.35000000 
77111.14000000 
51066.51000000 
78690.81000000 
36841.81000000 
40937.36000000 
20182.47000000 
41670.74000000 
33977.72000000 
23437.35000000 
55878.20000000 
14918.81000000 
30904.68000000 
36482.81000000 
45082.68000000 
40407.32000000 
26054.80000000 
26764.39000000 
15685.76000000 
31370.06000000 
55121.92000000 
40547.60000000 
31007.93000000 
58013.32000000 
81040.31000000 
21145.39000000 
75774.94000000 
78888.38000000 
35798.10000000 
40419.29000000 
34431.05000000 
70448.28000000 
33419.88000000 
25791.92000000 
19326.63000000 
33127.16000000 
32962.53000000 
53843.25000000 
42299.82000000 
42629.54000000 
40184.12000000 
27689.00000000 
13256.57000000 
63524.93000000 
54262.44000000 
18546.92000000 
61267.78000000 
74587.06000000 
73718.75000000 
34739.32000000 
116258.37000000 
157148.18000000 
111309.32000000 
95145.89000000 
78688.02000000 
74425.48000000 
76733.13000000 
110398.38000000 
84225.62000000 
136158.40000000 
48147.93000000 
70285.94000000 
189294.96000000 
108853.06000000 
175399.68000000 
112162.91000000 
77989.33000000 
240712.11000000 
168038.97000000 
114359.09000000 
107094.91000000 
140394.49000000 
270163.86000000 
160984.93000000 
102770.46000000 
92291.44000000 
108121.22000000 
69657.18000000 
56705.05000000 
73924.02000000 
12003.45000000 
14768.39000000 
14456.67000000 
43313.77000000 
26735.62000000 
13182.57000000 
28732.61000000 
30423.50000000 
31000.25000000 
30309.44000000 
35972.89000000 
32880.22000000 
27819.20000000 
23821.82000000 
46447.99000000 
54960.91000000 
91359.68000000 
44979.40000000 
33025.78000000 
42908.67000000 
22667.29000000 
74449.21000000 
38123.54000000 
48323.44000000 
71690.60000000 
64379.28000000 
149008.24000000 
54490.51000000 
46890.26000000 
35229.34000000 
46006.58000000 
39716.29000000 
23307.67000000 
35062.39000000 
39142.32000000 
34944.99000000 
32277.80000000 
41127.78000000 
75596.03000000 
69340.18000000 
26846.42000000 
34357.85000000 
73733.21000000 
29558.33000000 
47365.55000000 
26191.89000000 
16277.99000000 
31035.16000000 
16357.27000000 
24073.09000000 
8977.42000000 
18235.59000000 
26180.88000000 
73740.16000000 
94314.56000000 
15457.25000000 
23072.36000000 
10197.68000000 
27192.80000000 
32896.23000000 
40769.53000000 
20531.22000000 
50510.25000000 
21453.57000000 
50254.53000000 
139873.30000000 
65212.27000000 
63883.63000000 
58961.43000000 
49086.91000000 
150960.15000000 
44609.28000000 
42275.69000000 
22593.89000000 
33467.99000000 
14694.20000000 
15417.68000000 
13811.81000000 
28444.76000000 
30550.61000000 
27631.26000000 
38274.67000000 
4077.14000000 
18381.97000000 
75625.33000000 
22706.40000000 
34525.48000000 
15979.27000000 
13343.30000000 
49379.60000000 
50104.37000000 
32777.54000000 
42601.15000000 
57643.37000000 
106165.65000000 
42379.18000000 
42290.57000000 
21773.00000000 
17216.23000000 
35370.93000000 
41157.33000000 
70189.39000000 
34177.29000000 
61712.58000000 
36482.07000000 
52156.20000000 
39274.58000000 
97449.26000000 
60870.58000000 
105929.49000000 
85870.25000000 
56418.45000000 
133993.42000000 
39114.48000000 
26718.04000000 
54758.25000000 
28616.08000000 
100261.14000000 
35276.83000000 
110055.84000000 
79794.76000000 
16062.53000000 
49491.84000000 
5455.32000000 
27294.27000000 
19620.91000000 
7115.34000000 
18679.19000000 
14127.05000000 
4146.59000000 
13828.94000000 
17588.65000000 
49694.31000000 
11644.52000000 
8050.86000000 
49868.94000000 
14153.85000000 
16036.39000000 
15513.47000000 
14733.30000000 
7658.53000000 
26487.55000000 
45062.94000000 
92114.69000000 
40030.71000000 
56225.34000000 
7687.48000000 
5250.45000000 
14226.47000000 
6915.79000000 
28997.21000000 
44408.31000000 
25197.32000000 
40658.19000000 
9556.77000000 
12638.21000000 
13363.42000000 
19694.83000000 
7333.80000000 
17029.92000000 
10283.76000000 
14834.29000000 
12815.43000000 
14821.65000000 
41795.12000000 
21669.25000000 
6022.00000000 
5987.74000000 
35021.63000000 
11955.21000000 
12846.46000000 
19904.08000000 
15093.62000000 
12246.37000000 
15485.59000000 
36888.23000000 
35672.12000000 
19981.78000000 
71067.38000000 
12197.20000000 
29227.68000000 
16828.14000000 
25444.03000000 
41265.29000000 
119616.71000000 
39567.14000000 
30171.06000000 
27246.56000000 
33062.10000000 
41542.00000000 
35078.54000000 
96486.66000000 
42521.66000000 
19007.28000000 
11996.76000000 
20929.67000000 
22862.21000000 
28241.72000000 
45911.84000000 
98443.77000000 
70630.14000000 
20951.92000000 
53431.83000000 
35098.75000000 
68114.38000000 
16925.55000000 
42276.81000000 
249289.36000000 
23454.51000000 
137796.39000000 
38864.43000000 
9668.29000000 
29977.71000000 
16089.03000000 
37603.85000000 
37637.65000000 
15935.61000000 
31850.54000000 
16583.24000000 
8697.23000000 
4620.36000000 
37517.21000000 
26017.57000000 
10952.03000000 
20990.14000000 
28579.38000000 
21608.57000000 
13043.23000000 
24072.84000000 
26978.05000000 
44005.41000000 
42174.99000000 
53586.16000000 
26381.42000000 
18600.92000000 
50798.72000000 
21779.26000000 
52378.15000000 
30832.56000000 
30609.59000000 
64517.37000000 
59681.88000000 
119894.14000000 
59285.74000000 
10917.66000000 
56496.86000000 
22249.36000000 
36219.47000000 
15708.06000000 
29259.47000000 
14722.93000000 
18201.59000000 
13340.14000000 
30176.90000000 
43959.41000000 
77680.31000000 
28700.66000000 
21594.79000000 
29029.59000000 
93356.75000000 
25256.41000000 
44368.62000000 
20134.03000000 
103204.12000000 
37980.78000000 
37547.16000000 
99129.58000000 
43720.27000000 
23720.06000000 
30540.29000000 
60615.69000000 
56995.28000000 
34902.02000000 
29430.43000000 
41817.31000000 
14786.83000000 
46059.64000000 
57177.79000000 
49880.16000000 
20077.46000000 
14834.22000000 
22748.15000000 
17946.55000000 
12661.51000000 
59230.04000000 
7814.47000000 
17851.25000000 
22550.08000000 
26165.36000000 
15174.77000000 
10611.44000000 
11936.86000000 
16604.85000000 
12152.08000000 
45980.87000000 
50529.00000000 
42181.23000000 
38060.94000000 
12990.04000000 
20545.45000000 
22685.06000000 
44402.87000000 
57408.19000000 
48935.64000000 
69778.49000000 
20327.17000000 
12519.03000000 
12541.18000000 
10574.95000000 
42869.60000000 
18874.63000000 
20654.41000000 
33247.80000000 
28853.85000000 
25221.77000000 
69290.52000000 
41354.65000000 
22883.54000000 
17564.23000000 
31577.97000000 
40259.18000000 
42988.61000000 
44274.41000000 
72581.88000000 
61192.38000000 
61924.37000000 
77678.75000000 
56121.31000000 
127540.19000000 
44995.41000000 
73152.89000000 
50613.14000000 
18964.02000000 
36305.64000000 
32544.04000000 
47179.10000000 
43619.79000000 
36846.86000000 
40893.18000000 
75194.24000000 
77678.03000000 
47112.17000000 
54072.61000000 
28153.36000000 
39299.48000000 
84725.67000000 
48076.95000000 
36630.33000000 
84583.61000000 
46283.77000000 
51376.09000000 
1193.38000000 
211981.36000000 
159169.52000000 
168235.03000000 
78966.83000000 
41833.81000000 
53016.17000000 
50424.67000000 
135035.90000000 
102866.65000000 
83100.26000000 
127986.50000000 
132926.11000000 
260113.61000000 
202253.69000000 
200072.64000000 
107763.75000000 
255247.40000000 
274801.11000000 
261371.33000000 
116298.60000000 
176893.25000000 
252993.69000000 
232215.42000000 
223035.76000000 
89692.01000000 
201020.70000000 
189075.13000000 
290038.66000000 
196207.96000000 
283761.44000000 
146507.70000000 
173621.15000000 
160559.04000000 
161816.00000000 
227675.59000000 
232375.22000000 
155954.99000000 
117266.90000000 
93463.14000000 
76925.28000000 
135708.30000000 
160367.99000000 
230273.31000000 
100726.54000000 
158942.07000000 
170819.30000000 
116113.65000000 
97993.48000000 
76170.35000000 
77111.14000000 
51066.51000000 
78690.81000000 
36841.81000000 
40937.36000000 
20182.47000000 
41670.74000000 
33977.72000000 
23437.35000000 
55878.20000000 
14918.81000000 
30904.68000000 
36482.81000000 
45082.68000000 
40407.32000000 
26054.80000000 
26764.39000000 
15685.76000000 
31370.06000000 
55121.92000000 
40547.60000000 
31007.93000000 
58013.32000000 
81040.31000000 
21145.39000000 
75774.94000000 
78888.38000000 
35798.10000000 
40419.29000000 
34431.05000000 
70448.28000000 
33419.88000000 
25791.92000000 
19326.63000000 
33127.16000000 
32962.53000000 
53843.25000000 
42299.82000000 
42629.54000000 
40184.12000000 
27689.00000000 
13256.57000000 
63524.93000000 
54262.44000000 
18546.92000000 
61267.78000000 
74587.06000000 
73718.75000000 
34739.32000000 
116258.37000000 
157148.18000000 
111309.32000000 
95145.89000000 
78688.02000000 
74425.48000000 
76733.13000000 
110398.38000000 
84225.62000000 
136158.40000000 
48147.93000000 
70285.94000000 
189294.96000000 
108853.06000000 
175399.68000000 
112162.91000000 
77989.33000000 
240712.11000000 
168038.97000000 
114359.09000000 
107094.91000000 
140394.49000000 
270163.86000000 
160984.93000000 
102770.46000000 
92291.44000000 
108121.22000000 
69657.18000000 
56705.05000000 
73924.02000000 
12003.45000000 
14768.39000000 
14456.67000000 
43313.77000000 
26735.62000000 
13182.57000000 
28732.61000000 
30423.50000000 
31000.25000000 
30309.44000000 
35972.89000000 
32880.22000000 
27819.20000000 
23821.82000000 
46447.99000000 
54960.91000000 
91359.68000000 
44979.40000000 
33025.78000000 
42908.67000000 
22667.29000000 
74449.21000000 
38123.54000000 
48323.44000000 
71690.60000000 
64379.28000000 
149008.24000000 
54490.51000000 
46890.26000000 
35229.34000000 
46006.58000000 
39716.29000000 
23307.67000000 
35062.39000000 
39142.32000000 
34944.99000000 
32277.80000000 
41127.78000000 
75596.03000000 
69340.18000000 
26846.42000000 
34357.85000000 
73733.21000000 
29558.33000000 
47365.55000000 
26191.89000000 
16277.99000000 
31035.16000000 
16357.27000000 
24073.09000000 
8977.42000000 
18235.59000000 
26180.88000000 
73740.16000000 
94314.56000000 
15457.25000000 
23072.36000000 
10197.68000000 
27192.80000000 
32896.23000000 
40769.53000000 
20531.22000000 
50510.25000000 
21453.57000000 
50254.53000000 
139873.30000000 
65212.27000000 
63883.63000000 
58961.43000000 
49086.91000000 
150960.15000000 
44609.28000000 
42275.69000000 
22593.89000000 
33467.99000000 
14694.20000000 
15417.68000000 
13811.81000000 
28444.76000000 
30550.61000000 
27631.26000000 
38274.67000000 
4077.14000000 
18381.97000000 
75625.33000000 
22706.40000000 
34525.48000000 
15979.27000000 
13343.30000000 
49379.60000000 
50104.37000000 
32777.54000000 
42601.15000000 
57643.37000000 
106165.65000000 
42379.18000000 
42290.57000000 
21773.00000000 
17216.23000000 
35370.93000000 
41157.33000000 
70189.39000000 
34177.29000000 
61712.58000000 
36482.07000000 
52156.20000000 
39274.58000000 
97449.26000000 
60870.58000000 
105929.49000000 
85870.25000000 
56418.45000000 
133993.42000000 
39114.48000000 
26718.04000000 
54758.25000000 
28616.08000000 
100261.14000000 
35276.83000000 
110055.84000000 
79794.76000000 
16062.53000000 
49491.84000000 
5455.32000000 
27294.27000000 
19620.91000000 
7115.34000000 
18679.19000000 
14127.05000000 
4146.59000000 
13828.94000000 
17588.65000000 
49694.31000000 
11644.52000000 
8050.86000000 
49868.94000000 
14153.85000000 
16036.39000000 
15513.47000000 
14733.30000000 
7658.53000000 
26487.55000000 
45062.94000000 
92114.69000000 
40030.71000000 
56225.34000000 
7687.48000000 
5250.45000000 
14226.47000000 
6915.79000000 
28997.21000000 
44408.31000000 
25197.32000000 
40658.19000000 
9556.77000000 
12638.21000000 
13363.42000000 
19694.83000000 
7333.80000000 
17029.92000000 
10283.76000000 
14834.29000000 
12815.43000000 
14821.65000000 
41795.12000000 
21669.25000000 
6022.00000000 
5987.74000000 
35021.63000000 
11955.21000000 
12846.46000000 
19904.08000000 
15093.62000000 
12246.37000000 
15485.59000000 
36888.23000000 
35672.12000000 
19981.78000000 
71067.38000000 
12197.20000000 
29227.68000000 
16828.14000000 
25444.03000000 
41265.29000000 
119616.71000000 
39567.14000000 
30171.06000000 
27246.56000000 
33062.10000000 
41542.00000000 
35078.54000000 
96486.66000000 
42521.66000000 
19007.28000000 
11996.76000000 
20929.67000000 
22862.21000000 
28241.72000000 
45911.84000000 
98443.77000000 
70630.14000000 
20951.92000000 
53431.83000000 
35098.75000000 
68114.38000000 
16925.55000000 
42276.81000000 
249289.36000000 
23454.51000000 
137796.39000000 
38864.43000000 
9668.29000000 
29977.71000000 
16089.03000000 
37603.85000000 
37637.65000000 
15935.61000000 
31850.54000000 
16583.24000000 
8697.23000000 
4620.36000000 
37517.21000000 
26017.57000000 
10952.03000000 
20990.14000000 
28579.38000000 
21608.57000000 
13043.23000000 
24072.84000000 
26978.05000000 
44005.41000000 
42174.99000000 
53586.16000000 
26381.42000000 
18600.92000000 
50798.72000000 
21779.26000000 
52378.15000000 
30832.56000000 
30609.59000000 
64517.37000000 
59681.88000000 
119894.14000000 
59285.74000000 
10917.66000000 
56496.86000000 
22249.36000000 
36219.47000000 
15708.06000000 
29259.47000000 
14722.93000000 
18201.59000000 
13340.14000000 
30176.90000000 
43959.41000000 
77680.31000000 
28700.66000000 
21594.79000000 
29029.59000000 
93356.75000000 
25256.41000000 
44368.62000000 
20134.03000000 
103204.12000000 
37980.78000000 
37547.16000000 
99129.58000000 
43720.27000000 
23720.06000000 
30540.29000000 
60615.69000000 
56995.28000000 
34902.02000000 
29430.43000000 
41817.31000000 
14786.83000000 
46059.64000000 
57177.79000000 
49880.16000000 
20077.46000000 
14834.22000000 
22748.15000000 
17946.55000000 
12661.51000000 
59230.04000000 
7814.47000000 
17851.25000000 
22550.08000000 
26165.36000000 
15174.77000000 
10611.44000000 
11936.86000000 
16604.85000000 
12152.08000000 
45980.87000000 
50529.00000000 
42181.23000000 
38060.94000000 
12990.04000000 
20545.45000000 
22685.06000000 
44402.87000000 
57408.19000000 
48935.64000000 
69778.49000000 
20327.17000000 
12519.03000000 
12541.18000000 
10574.95000000 
42869.60000000 
18874.63000000 
20654.41000000 
33247.80000000 
28853.85000000 
25221.77000000 
69290.52000000 
41354.65000000 
22883.54000000 
17564.23000000 
31577.97000000 
40259.18000000 
42988.61000000 
44274.41000000 
72581.88000000 
61192.38000000 
61924.37000000 
77678.75000000 
56121.31000000 
127540.19000000 
44995.41000000 
73152.89000000 
50613.14000000 
18964.02000000 
36305.64000000 
32544.04000000 
47179.10000000 
43619.79000000 
36846.86000000 
40893.18000000 
75194.24000000 
77678.03000000 
47112.17000000 
54072.61000000 
28153.36000000 
39299.48000000 
84725.67000000 
48076.95000000 
36630.33000000 
84583.61000000 
46283.77000000 
51376.09000000 
1461.79000000 
211981.36000000 
159169.52000000 
168235.03000000 
78966.83000000 
41833.81000000 
53016.17000000 
50424.67000000 
135035.90000000 
102866.65000000 
83100.26000000 
127986.50000000 
132926.11000000 
260113.61000000 
202253.69000000 
200072.64000000 
107763.75000000 
255247.40000000 
274801.11000000 
261371.33000000 
116298.60000000 
176893.25000000 
252993.69000000 
232215.42000000 
223035.76000000 
89692.01000000 
201020.70000000 
189075.13000000 
290038.66000000 
196207.96000000 
283761.44000000 
146507.70000000 
173621.15000000 
160559.04000000 
161816.00000000 
227675.59000000 
232375.22000000 
155954.99000000 
117266.90000000 
93463.14000000 
76925.28000000 
135708.30000000 
160367.99000000 
230273.31000000 
100726.54000000 
158942.07000000 
170819.30000000 
116113.65000000 
97993.48000000 
76170.35000000 
77111.14000000 
51066.51000000 
78690.81000000 
36841.81000000 
40937.36000000 
20182.47000000 
41670.74000000 
33977.72000000 
23437.35000000 
55878.20000000 
14918.81000000 
30904.68000000 
36482.81000000 
45082.68000000 
40407.32000000 
26054.80000000 
26764.39000000 
15685.76000000 
31370.06000000 
55121.92000000 
40547.60000000 
31007.93000000 
58013.32000000 
81040.31000000 
21145.39000000 
75774.94000000 
78888.38000000 
35798.10000000 
40419.29000000 
34431.05000000 
70448.28000000 
33419.88000000 
25791.92000000 
19326.63000000 
33127.16000000 
32962.53000000 
53843.25000000 
42299.82000000 
42629.54000000 
40184.12000000 
27689.00000000 
13256.57000000 
63524.93000000 
54262.44000000 
18546.92000000 
61267.78000000 
74587.06000000 
73718.75000000 
34739.32000000 
116258.37000000 
157148.18000000 
111309.32000000 
95145.89000000 
78688.02000000 
74425.48000000 
76733.13000000 
110398.38000000 
84225.62000000 
136158.40000000 
48147.93000000 
70285.94000000 
189294.96000000 
108853.06000000 
175399.68000000 
112162.91000000 
77989.33000000 
240712.11000000 
168038.97000000 
114359.09000000 
107094.91000000 
140394.49000000 
270163.86000000 
160984.93000000 
102770.46000000 
92291.44000000 
108121.22000000 
69657.18000000 
56705.05000000 
73924.02000000 
12003.45000000 
14768.39000000 
14456.67000000 
43313.77000000 
26735.62000000 
13182.57000000 
28732.61000000 
30423.50000000 
31000.25000000 
30309.44000000 
35972.89000000 
32880.22000000 
27819.20000000 
23821.82000000 
46447.99000000 
54960.91000000 
91359.68000000 
44979.40000000 
33025.78000000 
42908.67000000 
22667.29000000 
74449.21000000 
38123.54000000 
48323.44000000 
71690.60000000 
64379.28000000 
149008.24000000 
54490.51000000 
46890.26000000 
35229.34000000 
46006.58000000 
39716.29000000 
23307.67000000 
35062.39000000 
39142.32000000 
34944.99000000 
32277.80000000 
41127.78000000 
75596.03000000 
69340.18000000 
26846.42000000 
34357.85000000 
73733.21000000 
29558.33000000 
47365.55000000 
26191.89000000 
16277.99000000 
31035.16000000 
16357.27000000 
24073.09000000 
8977.42000000 
18235.59000000 
26180.88000000 
73740.16000000 
94314.56000000 
15457.25000000 
23072.36000000 
10197.68000000 
27192.80000000 
32896.23000000 
40769.53000000 
20531.22000000 
50510.25000000 
21453.57000000 
50254.53000000 
139873.30000000 
65212.27000000 
63883.63000000 
58961.43000000 
49086.91000000 
150960.15000000 
44609.28000000 
42275.69000000 
22593.89000000 
33467.99000000 
14694.20000000 
15417.68000000 
13811.81000000 
28444.76000000 
30550.61000000 
27631.26000000 
38274.67000000 
4077.14000000 
18381.97000000 
75625.33000000 
22706.40000000 
34525.48000000 
15979.27000000 
13343.30000000 
49379.60000000 
50104.37000000 
32777.54000000 
42601.15000000 
57643.37000000 
106165.65000000 
42379.18000000 
42290.57000000 
21773.00000000 
17216.23000000 
35370.93000000 
41157.33000000 
70189.39000000 
34177.29000000 
61712.58000000 
36482.07000000 
52156.20000000 
39274.58000000 
97449.26000000 
60870.58000000 
105929.49000000 
85870.25000000 
56418.45000000 
133993.42000000 
39114.48000000 
26718.04000000 
54758.25000000 
28616.08000000 
100261.14000000 
35276.83000000 
110055.84000000 
79794.76000000 
16062.53000000 
49491.84000000 
5455.32000000 
27294.27000000 
19620.91000000 
7115.34000000 
18679.19000000 
14127.05000000 
4146.59000000 
13828.94000000 
17588.65000000 
49694.31000000 
11644.52000000 
8050.86000000 
49868.94000000 
14153.85000000 
16036.39000000 
15513.47000000 
14733.30000000 
7658.53000000 
26487.55000000 
45062.94000000 
92114.69000000 
40030.71000000 
56225.34000000 
7687.48000000 
5250.45000000 
14226.47000000 
6915.79000000 
28997.21000000 
44408.31000000 
25197.32000000 
40658.19000000 
9556.77000000 
12638.21000000 
13363.42000000 
19694.83000000 
7333.80000000 
17029.92000000 
10283.76000000 
14834.29000000 
12815.43000000 
14821.65000000 
41795.12000000 
21669.25000000 
6022.00000000 
5987.74000000 
35021.63000000 
11955.21000000 
12846.46000000 
19904.08000000 
15093.62000000 
12246.37000000 
15485.59000000 
36888.23000000 
35672.12000000 
19981.78000000 
71067.38000000 
12197.20000000 
29227.68000000 
16828.14000000 
25444.03000000 
41265.29000000 
119616.71000000 
39567.14000000 
30171.06000000 
27246.56000000 
33062.10000000 
41542.00000000 
35078.54000000 
96486.66000000 
42521.66000000 
19007.28000000 
11996.76000000 
20929.67000000 
22862.21000000 
28241.72000000 
45911.84000000 
98443.77000000 
70630.14000000 
20951.92000000 
53431.83000000 
35098.75000000 
68114.38000000 
16925.55000000 
42276.81000000 
249289.36000000 
23454.51000000 
137796.39000000 
38864.43000000 
9668.29000000 
29977.71000000 
16089.03000000 
37603.85000000 
37637.65000000 
15935.61000000 
31850.54000000 
16583.24000000 
8697.23000000 
4620.36000000 
37517.21000000 
26017.57000000 
10952.03000000 
20990.14000000 
28579.38000000 
21608.57000000 
13043.23000000 
24072.84000000 
26978.05000000 
44005.41000000 
42174.99000000 
53586.16000000 
26381.42000000 
18600.92000000 
50798.72000000 
21779.26000000 
52378.15000000 
30832.56000000 
30609.59000000 
64517.37000000 
59681.88000000 
119894.14000000 
59285.74000000 
10917.66000000 
56496.86000000 
22249.36000000 
36219.47000000 
15708.06000000 
29259.47000000 
14722.93000000 
18201.59000000 
13340.14000000 
30176.90000000 
43959.41000000 
77680.31000000 
28700.66000000 
21594.79000000 
29029.59000000 
93356.75000000 
25256.41000000 
44368.62000000 
20134.03000000 
103204.12000000 
37980.78000000 
37547.16000000 
99129.58000000 
43720.27000000 
23720.06000000 
30540.29000000 
60615.69000000 
56995.28000000 
34902.02000000 
29430.43000000 
41817.31000000 
14786.83000000 
46059.64000000 
57177.79000000 
49880.16000000 
20077.46000000 
14834.22000000 
22748.15000000 
17946.55000000 
12661.51000000 
59230.04000000 
7814.47000000 
17851.25000000 
22550.08000000 
26165.36000000 
15174.77000000 
10611.44000000 
11936.86000000 
16604.85000000 
12152.08000000 
45980.87000000 
50529.00000000 
42181.23000000 
38060.94000000 
12990.04000000 
20545.45000000 
22685.06000000 
44402.87000000 
57408.19000000 
48935.64000000 
69778.49000000 
20327.17000000 
12519.03000000 
12541.18000000 
10574.95000000 
42869.60000000 
18874.63000000 
20654.41000000 
33247.80000000 
28853.85000000 
25221.77000000 
69290.52000000 
41354.65000000 
22883.54000000 
17564.23000000 
31577.97000000 
40259.18000000 
42988.61000000 
44274.41000000 
72581.88000000 
61192.38000000 
61924.37000000 
77678.75000000 
56121.31000000 
127540.19000000 
44995.41000000 
73152.89000000 
50613.14000000 
18964.02000000 
36305.64000000 
32544.04000000 
47179.10000000 
43619.79000000 
36846.86000000 
40893.18000000 
75194.24000000 
77678.03000000 
47112.17000000 
54072.61000000 
28153.36000000 
39299.48000000 
84725.67000000 
48076.95000000 
36630.33000000 
84583.61000000 
46283.77000000 
51376.09000000 
