0.00058850 
0.00058750 
0.00059200 
0.00059900 
0.00059430 
0.00059130 
0.00058550 
0.00058870 
0.00058500 
0.00057680 
0.00057760 
0.00058000 
0.00058730 
0.00058140 
0.00056750 
0.00055500 
0.00057610 
0.00058000 
0.00057290 
0.00057290 
0.00060230 
0.00061220 
0.00061700 
0.00060540 
0.00059780 
0.00059210 
0.00058700 
0.00058500 
0.00059260 
0.00058800 
0.00057930 
0.00057450 
0.00056110 
0.00057600 
0.00056390 
0.00056690 
0.00056100 
0.00055490 
0.00055100 
0.00053850 
0.00054600 
0.00054980 
0.00054620 
0.00055150 
0.00054850 
0.00054520 
0.00054300 
0.00053600 
0.00052180 
0.00052280 
0.00052560 
0.00052500 
0.00052100 
0.00051800 
0.00051190 
0.00050830 
0.00050860 
0.00051270 
0.00051120 
0.00051070 
0.00050740 
0.00050630 
0.00050500 
0.00050160 
0.00049980 
0.00049910 
0.00050100 
0.00050600 
0.00050640 
0.00050300 
0.00050350 
0.00050420 
0.00050740 
0.00050740 
0.00050300 
0.00049680 
0.00049800 
0.00049240 
0.00048670 
0.00048790 
0.00048580 
0.00048730 
0.00049180 
0.00049440 
0.00049480 
0.00049590 
0.00049300 
0.00049210 
0.00049360 
0.00049900 
0.00049950 
0.00049750 
0.00049420 
0.00050200 
0.00050160 
0.00050200 
0.00050300 
0.00050400 
0.00049180 
0.00049480 
0.00049100 
0.00049100 
0.00049830 
0.00049990 
0.00050890 
0.00050800 
0.00050200 
0.00050380 
0.00050590 
0.00051540 
0.00051650 
0.00052050 
0.00052700 
0.00052260 
0.00051390 
0.00050680 
0.00050500 
0.00049730 
0.00051020 
0.00050980 
0.00050650 
0.00050460 
0.00050490 
0.00049470 
0.00049250 
0.00047990 
0.00047750 
0.00047370 
0.00046630 
0.00045860 
0.00045640 
0.00045780 
0.00045740 
0.00045900 
0.00045920 
0.00045830 
0.00045720 
0.00045690 
0.00045450 
0.00045260 
0.00045260 
0.00045100 
0.00044740 
0.00044790 
0.00044560 
0.00045470 
0.00045650 
0.00045580 
0.00045760 
0.00045640 
0.00045970 
0.00046320 
0.00045990 
0.00046130 
0.00045660 
0.00045300 
0.00045960 
0.00046160 
0.00045670 
0.00045720 
0.00045290 
0.00045220 
0.00045020 
0.00045250 
0.00044910 
0.00044500 
0.00044990 
0.00045550 
0.00045370 
0.00045760 
0.00045200 
0.00045000 
0.00044480 
0.00044310 
0.00044290 
0.00044400 
0.00044240 
0.00044000 
0.00044180 
0.00043820 
0.00043690 
0.00043760 
0.00044250 
0.00044240 
0.00042780 
0.00042800 
0.00042840 
0.00042600 
0.00043150 
0.00042060 
0.00042000 
0.00042460 
0.00042340 
0.00042000 
0.00042000 
0.00041930 
0.00042000 
0.00041920 
0.00041900 
0.00042150 
0.00042990 
0.00043500 
0.00043320 
0.00043890 
0.00043490 
0.00043910 
0.00043930 
0.00043590 
0.00043700 
0.00043560 
0.00043230 
0.00044220 
0.00044100 
0.00044220 
0.00043330 
0.00043070 
0.00043330 
0.00043450 
0.00043740 
0.00043500 
0.00043610 
0.00043650 
0.00044020 
0.00043610 
0.00044880 
0.00045300 
0.00045440 
0.00045330 
0.00045390 
0.00045220 
0.00045500 
0.00045270 
0.00045130 
0.00044140 
0.00044560 
0.00044500 
0.00045580 
0.00045360 
0.00046380 
0.00045750 
0.00045950 
0.00045690 
0.00045550 
0.00044690 
0.00044070 
0.00043930 
0.00043800 
0.00043350 
0.00042860 
0.00043000 
0.00041900 
0.00041550 
0.00041370 
0.00041350 
0.00041370 
0.00041320 
0.00041270 
0.00041110 
0.00041090 
0.00041010 
0.00040970 
0.00041210 
0.00041210 
0.00041010 
0.00041070 
0.00041080 
0.00041240 
0.00041140 
0.00041160 
0.00041020 
0.00041130 
0.00041190 
0.00041430 
0.00040600 
0.00040220 
0.00040600 
0.00040650 
0.00040590 
0.00040560 
0.00040520 
0.00040910 
0.00040760 
0.00040980 
0.00041100 
0.00041190 
0.00041100 
0.00041170 
0.00041220 
0.00041200 
0.00041410 
0.00041500 
0.00041400 
0.00041080 
0.00041020 
0.00041360 
0.00040840 
0.00040930 
0.00040810 
0.00041120 
0.00040860 
0.00040840 
0.00040820 
0.00041100 
0.00040830 
0.00040950 
0.00040620 
0.00040760 
0.00040830 
0.00041490 
0.00041440 
0.00041790 
0.00041490 
0.00041510 
0.00041780 
0.00042500 
0.00042460 
0.00042480 
0.00042310 
0.00041980 
0.00041920 
0.00041990 
0.00041420 
0.00041250 
0.00041320 
0.00041340 
0.00041290 
0.00041380 
0.00041350 
0.00041050 
0.00041510 
0.00039570 
0.00039350 
0.00039620 
0.00039950 
0.00040540 
0.00040880 
0.00040720 
0.00041650 
0.00041570 
0.00042320 
0.00042550 
0.00042760 
0.00042370 
0.00042590 
0.00043170 
0.00042340 
0.00042380 
0.00042520 
0.00042230 
0.00042040 
0.00042290 
0.00041870 
0.00042510 
0.00042680 
0.00042940 
0.00042570 
0.00042250 
0.00042550 
0.00042380 
0.00042370 
0.00042360 
0.00042020 
0.00041740 
0.00041590 
0.00041760 
0.00041970 
0.00042330 
0.00042060 
0.00042080 
0.00041780 
0.00042100 
0.00041420 
0.00040930 
0.00041190 
0.00041390 
0.00041670 
0.00041950 
0.00042090 
0.00041960 
0.00042000 
0.00041500 
0.00041310 
0.00041290 
0.00041480 
0.00040890 
0.00041040 
0.00041490 
0.00041520 
0.00041230 
0.00041990 
0.00042100 
0.00042280 
0.00042680 
0.00042000 
0.00041360 
0.00041810 
0.00041510 
0.00042220 
0.00042310 
0.00042270 
0.00042950 
0.00043180 
0.00043630 
0.00043230 
0.00043520 
0.00043240 
0.00043590 
0.00043590 
0.00044330 
0.00044780 
0.00044440 
0.00044500 
0.00044720 
0.00045190 
0.00045040 
0.00045120 
0.00044960 
0.00045040 
0.00044930 
0.00044670 
0.00044390 
0.00044290 
0.00044170 
0.00043810 
0.00043850 
0.00044110 
0.00044230 
0.00044710 
0.00044960 
0.00044770 
0.00045150 
0.00045100 
0.00044690 
0.00044380 
0.00044470 
0.00044300 
0.00044350 
0.00044290 
0.00044180 
0.00044140 
0.00044060 
0.00043940 
0.00044150 
0.00043890 
0.00043670 
0.00043860 
0.00044040 
0.00044470 
0.00044640 
0.00044510 
0.00044700 
0.00044360 
0.00043960 
0.00043180 
0.00043290 
0.00043700 
0.00043420 
0.00044100 
0.00044350 
0.00045180 
0.00045160 
0.00045630 
0.00045800 
0.00046050 
0.00046000 
0.00046490 
0.00046470 
0.00046700 
0.00046270 
0.00045850 
0.00045370 
0.00045620 
0.00045360 
0.00045730 
0.00045030 
0.00046000 
0.00046220 
0.00045980 
0.00045690 
0.00044730 
0.00058980 
0.00058750 
0.00059200 
0.00059900 
0.00059430 
0.00059130 
0.00058550 
0.00058870 
0.00058500 
0.00057680 
0.00057760 
0.00058000 
0.00058730 
0.00058140 
0.00056750 
0.00055500 
0.00057610 
0.00058000 
0.00057290 
0.00057290 
0.00060230 
0.00061220 
0.00061700 
0.00060540 
0.00059780 
0.00059210 
0.00058700 
0.00058500 
0.00059260 
0.00058800 
0.00057930 
0.00057450 
0.00056110 
0.00057600 
0.00056390 
0.00056690 
0.00056100 
0.00055490 
0.00055100 
0.00053850 
0.00054600 
0.00054980 
0.00054620 
0.00055150 
0.00054850 
0.00054520 
0.00054300 
0.00053600 
0.00052180 
0.00052280 
0.00052560 
0.00052500 
0.00052100 
0.00051800 
0.00051190 
0.00050830 
0.00050860 
0.00051270 
0.00051120 
0.00051070 
0.00050740 
0.00050630 
0.00050500 
0.00050160 
0.00049980 
0.00049910 
0.00050100 
0.00050600 
0.00050640 
0.00050300 
0.00050350 
0.00050420 
0.00050740 
0.00050740 
0.00050300 
0.00049680 
0.00049800 
0.00049240 
0.00048670 
0.00048790 
0.00048580 
0.00048730 
0.00049180 
0.00049440 
0.00049480 
0.00049590 
0.00049300 
0.00049210 
0.00049360 
0.00049900 
0.00049950 
0.00049750 
0.00049420 
0.00050200 
0.00050160 
0.00050200 
0.00050300 
0.00050400 
0.00049180 
0.00049480 
0.00049100 
0.00049100 
0.00049830 
0.00049990 
0.00050890 
0.00050800 
0.00050200 
0.00050380 
0.00050590 
0.00051540 
0.00051650 
0.00052050 
0.00052700 
0.00052260 
0.00051390 
0.00050680 
0.00050500 
0.00049730 
0.00051020 
0.00050980 
0.00050650 
0.00050460 
0.00050490 
0.00049470 
0.00049250 
0.00047990 
0.00047750 
0.00047370 
0.00046630 
0.00045860 
0.00045640 
0.00045780 
0.00045740 
0.00045900 
0.00045920 
0.00045830 
0.00045720 
0.00045690 
0.00045450 
0.00045260 
0.00045260 
0.00045100 
0.00044740 
0.00044790 
0.00044560 
0.00045470 
0.00045650 
0.00045580 
0.00045760 
0.00045640 
0.00045970 
0.00046320 
0.00045990 
0.00046130 
0.00045660 
0.00045300 
0.00045960 
0.00046160 
0.00045670 
0.00045720 
0.00045290 
0.00045220 
0.00045020 
0.00045250 
0.00044910 
0.00044500 
0.00044990 
0.00045550 
0.00045370 
0.00045760 
0.00045200 
0.00045000 
0.00044480 
0.00044310 
0.00044290 
0.00044400 
0.00044240 
0.00044000 
0.00044180 
0.00043820 
0.00043690 
0.00043760 
0.00044250 
0.00044240 
0.00042780 
0.00042800 
0.00042840 
0.00042600 
0.00043150 
0.00042060 
0.00042000 
0.00042460 
0.00042340 
0.00042000 
0.00042000 
0.00041930 
0.00042000 
0.00041920 
0.00041900 
0.00042150 
0.00042990 
0.00043500 
0.00043320 
0.00043890 
0.00043490 
0.00043910 
0.00043930 
0.00043590 
0.00043700 
0.00043560 
0.00043230 
0.00044220 
0.00044100 
0.00044220 
0.00043330 
0.00043070 
0.00043330 
0.00043450 
0.00043740 
0.00043500 
0.00043610 
0.00043650 
0.00044020 
0.00043610 
0.00044880 
0.00045300 
0.00045440 
0.00045330 
0.00045390 
0.00045220 
0.00045500 
0.00045270 
0.00045130 
0.00044140 
0.00044560 
0.00044500 
0.00045580 
0.00045360 
0.00046380 
0.00045750 
0.00045950 
0.00045690 
0.00045550 
0.00044690 
0.00044070 
0.00043930 
0.00043800 
0.00043350 
0.00042860 
0.00043000 
0.00041900 
0.00041550 
0.00041370 
0.00041350 
0.00041370 
0.00041320 
0.00041270 
0.00041110 
0.00041090 
0.00041010 
0.00040970 
0.00041210 
0.00041210 
0.00041010 
0.00041070 
0.00041080 
0.00041240 
0.00041140 
0.00041160 
0.00041020 
0.00041130 
0.00041190 
0.00041430 
0.00040600 
0.00040220 
0.00040600 
0.00040650 
0.00040590 
0.00040560 
0.00040520 
0.00040910 
0.00040760 
0.00040980 
0.00041100 
0.00041190 
0.00041100 
0.00041170 
0.00041220 
0.00041200 
0.00041410 
0.00041500 
0.00041400 
0.00041080 
0.00041020 
0.00041360 
0.00040840 
0.00040930 
0.00040810 
0.00041120 
0.00040860 
0.00040840 
0.00040820 
0.00041100 
0.00040830 
0.00040950 
0.00040620 
0.00040760 
0.00040830 
0.00041490 
0.00041440 
0.00041790 
0.00041490 
0.00041510 
0.00041780 
0.00042500 
0.00042460 
0.00042480 
0.00042310 
0.00041980 
0.00041920 
0.00041990 
0.00041420 
0.00041250 
0.00041320 
0.00041340 
0.00041290 
0.00041380 
0.00041350 
0.00041050 
0.00041510 
0.00039570 
0.00039350 
0.00039620 
0.00039950 
0.00040540 
0.00040880 
0.00040720 
0.00041650 
0.00041570 
0.00042320 
0.00042550 
0.00042760 
0.00042370 
0.00042590 
0.00043170 
0.00042340 
0.00042380 
0.00042520 
0.00042230 
0.00042040 
0.00042290 
0.00041870 
0.00042510 
0.00042680 
0.00042940 
0.00042570 
0.00042250 
0.00042550 
0.00042380 
0.00042370 
0.00042360 
0.00042020 
0.00041740 
0.00041590 
0.00041760 
0.00041970 
0.00042330 
0.00042060 
0.00042080 
0.00041780 
0.00042100 
0.00041420 
0.00040930 
0.00041190 
0.00041390 
0.00041670 
0.00041950 
0.00042090 
0.00041960 
0.00042000 
0.00041500 
0.00041310 
0.00041290 
0.00041480 
0.00040890 
0.00041040 
0.00041490 
0.00041520 
0.00041230 
0.00041990 
0.00042100 
0.00042280 
0.00042680 
0.00042000 
0.00041360 
0.00041810 
0.00041510 
0.00042220 
0.00042310 
0.00042270 
0.00042950 
0.00043180 
0.00043630 
0.00043230 
0.00043520 
0.00043240 
0.00043590 
0.00043590 
0.00044330 
0.00044780 
0.00044440 
0.00044500 
0.00044720 
0.00045190 
0.00045040 
0.00045120 
0.00044960 
0.00045040 
0.00044930 
0.00044670 
0.00044390 
0.00044290 
0.00044170 
0.00043810 
0.00043850 
0.00044110 
0.00044230 
0.00044710 
0.00044960 
0.00044770 
0.00045150 
0.00045100 
0.00044690 
0.00044380 
0.00044470 
0.00044300 
0.00044350 
0.00044290 
0.00044180 
0.00044140 
0.00044060 
0.00043940 
0.00044150 
0.00043890 
0.00043670 
0.00043860 
0.00044040 
0.00044470 
0.00044640 
0.00044510 
0.00044700 
0.00044360 
0.00043960 
0.00043180 
0.00043290 
0.00043700 
0.00043420 
0.00044100 
0.00044350 
0.00045180 
0.00045160 
0.00045630 
0.00045800 
0.00046050 
0.00046000 
0.00046490 
0.00046470 
0.00046700 
0.00046270 
0.00045850 
0.00045370 
0.00045620 
0.00045360 
0.00045730 
0.00045030 
0.00046000 
0.00046220 
0.00045980 
0.00045690 
0.00044730 
0.00058670 
0.00058750 
0.00059200 
0.00059900 
0.00059430 
0.00059130 
0.00058550 
0.00058870 
0.00058500 
0.00057680 
0.00057760 
0.00058000 
0.00058730 
0.00058140 
0.00056750 
0.00055500 
0.00057610 
0.00058000 
0.00057290 
0.00057290 
0.00060230 
0.00061220 
0.00061700 
0.00060540 
0.00059780 
0.00059210 
0.00058700 
0.00058500 
0.00059260 
0.00058800 
0.00057930 
0.00057450 
0.00056110 
0.00057600 
0.00056390 
0.00056690 
0.00056100 
0.00055490 
0.00055100 
0.00053850 
0.00054600 
0.00054980 
0.00054620 
0.00055150 
0.00054850 
0.00054520 
0.00054300 
0.00053600 
0.00052180 
0.00052280 
0.00052560 
0.00052500 
0.00052100 
0.00051800 
0.00051190 
0.00050830 
0.00050860 
0.00051270 
0.00051120 
0.00051070 
0.00050740 
0.00050630 
0.00050500 
0.00050160 
0.00049980 
0.00049910 
0.00050100 
0.00050600 
0.00050640 
0.00050300 
0.00050350 
0.00050420 
0.00050740 
0.00050740 
0.00050300 
0.00049680 
0.00049800 
0.00049240 
0.00048670 
0.00048790 
0.00048580 
0.00048730 
0.00049180 
0.00049440 
0.00049480 
0.00049590 
0.00049300 
0.00049210 
0.00049360 
0.00049900 
0.00049950 
0.00049750 
0.00049420 
0.00050200 
0.00050160 
0.00050200 
0.00050300 
0.00050400 
0.00049180 
0.00049480 
0.00049100 
0.00049100 
0.00049830 
0.00049990 
0.00050890 
0.00050800 
0.00050200 
0.00050380 
0.00050590 
0.00051540 
0.00051650 
0.00052050 
0.00052700 
0.00052260 
0.00051390 
0.00050680 
0.00050500 
0.00049730 
0.00051020 
0.00050980 
0.00050650 
0.00050460 
0.00050490 
0.00049470 
0.00049250 
0.00047990 
0.00047750 
0.00047370 
0.00046630 
0.00045860 
0.00045640 
0.00045780 
0.00045740 
0.00045900 
0.00045920 
0.00045830 
0.00045720 
0.00045690 
0.00045450 
0.00045260 
0.00045260 
0.00045100 
0.00044740 
0.00044790 
0.00044560 
0.00045470 
0.00045650 
0.00045580 
0.00045760 
0.00045640 
0.00045970 
0.00046320 
0.00045990 
0.00046130 
0.00045660 
0.00045300 
0.00045960 
0.00046160 
0.00045670 
0.00045720 
0.00045290 
0.00045220 
0.00045020 
0.00045250 
0.00044910 
0.00044500 
0.00044990 
0.00045550 
0.00045370 
0.00045760 
0.00045200 
0.00045000 
0.00044480 
0.00044310 
0.00044290 
0.00044400 
0.00044240 
0.00044000 
0.00044180 
0.00043820 
0.00043690 
0.00043760 
0.00044250 
0.00044240 
0.00042780 
0.00042800 
0.00042840 
0.00042600 
0.00043150 
0.00042060 
0.00042000 
0.00042460 
0.00042340 
0.00042000 
0.00042000 
0.00041930 
0.00042000 
0.00041920 
0.00041900 
0.00042150 
0.00042990 
0.00043500 
0.00043320 
0.00043890 
0.00043490 
0.00043910 
0.00043930 
0.00043590 
0.00043700 
0.00043560 
0.00043230 
0.00044220 
0.00044100 
0.00044220 
0.00043330 
0.00043070 
0.00043330 
0.00043450 
0.00043740 
0.00043500 
0.00043610 
0.00043650 
0.00044020 
0.00043610 
0.00044880 
0.00045300 
0.00045440 
0.00045330 
0.00045390 
0.00045220 
0.00045500 
0.00045270 
0.00045130 
0.00044140 
0.00044560 
0.00044500 
0.00045580 
0.00045360 
0.00046380 
0.00045750 
0.00045950 
0.00045690 
0.00045550 
0.00044690 
0.00044070 
0.00043930 
0.00043800 
0.00043350 
0.00042860 
0.00043000 
0.00041900 
0.00041550 
0.00041370 
0.00041350 
0.00041370 
0.00041320 
0.00041270 
0.00041110 
0.00041090 
0.00041010 
0.00040970 
0.00041210 
0.00041210 
0.00041010 
0.00041070 
0.00041080 
0.00041240 
0.00041140 
0.00041160 
0.00041020 
0.00041130 
0.00041190 
0.00041430 
0.00040600 
0.00040220 
0.00040600 
0.00040650 
0.00040590 
0.00040560 
0.00040520 
0.00040910 
0.00040760 
0.00040980 
0.00041100 
0.00041190 
0.00041100 
0.00041170 
0.00041220 
0.00041200 
0.00041410 
0.00041500 
0.00041400 
0.00041080 
0.00041020 
0.00041360 
0.00040840 
0.00040930 
0.00040810 
0.00041120 
0.00040860 
0.00040840 
0.00040820 
0.00041100 
0.00040830 
0.00040950 
0.00040620 
0.00040760 
0.00040830 
0.00041490 
0.00041440 
0.00041790 
0.00041490 
0.00041510 
0.00041780 
0.00042500 
0.00042460 
0.00042480 
0.00042310 
0.00041980 
0.00041920 
0.00041990 
0.00041420 
0.00041250 
0.00041320 
0.00041340 
0.00041290 
0.00041380 
0.00041350 
0.00041050 
0.00041510 
0.00039570 
0.00039350 
0.00039620 
0.00039950 
0.00040540 
0.00040880 
0.00040720 
0.00041650 
0.00041570 
0.00042320 
0.00042550 
0.00042760 
0.00042370 
0.00042590 
0.00043170 
0.00042340 
0.00042380 
0.00042520 
0.00042230 
0.00042040 
0.00042290 
0.00041870 
0.00042510 
0.00042680 
0.00042940 
0.00042570 
0.00042250 
0.00042550 
0.00042380 
0.00042370 
0.00042360 
0.00042020 
0.00041740 
0.00041590 
0.00041760 
0.00041970 
0.00042330 
0.00042060 
0.00042080 
0.00041780 
0.00042100 
0.00041420 
0.00040930 
0.00041190 
0.00041390 
0.00041670 
0.00041950 
0.00042090 
0.00041960 
0.00042000 
0.00041500 
0.00041310 
0.00041290 
0.00041480 
0.00040890 
0.00041040 
0.00041490 
0.00041520 
0.00041230 
0.00041990 
0.00042100 
0.00042280 
0.00042680 
0.00042000 
0.00041360 
0.00041810 
0.00041510 
0.00042220 
0.00042310 
0.00042270 
0.00042950 
0.00043180 
0.00043630 
0.00043230 
0.00043520 
0.00043240 
0.00043590 
0.00043590 
0.00044330 
0.00044780 
0.00044440 
0.00044500 
0.00044720 
0.00045190 
0.00045040 
0.00045120 
0.00044960 
0.00045040 
0.00044930 
0.00044670 
0.00044390 
0.00044290 
0.00044170 
0.00043810 
0.00043850 
0.00044110 
0.00044230 
0.00044710 
0.00044960 
0.00044770 
0.00045150 
0.00045100 
0.00044690 
0.00044380 
0.00044470 
0.00044300 
0.00044350 
0.00044290 
0.00044180 
0.00044140 
0.00044060 
0.00043940 
0.00044150 
0.00043890 
0.00043670 
0.00043860 
0.00044040 
0.00044470 
0.00044640 
0.00044510 
0.00044700 
0.00044360 
0.00043960 
0.00043180 
0.00043290 
0.00043700 
0.00043420 
0.00044100 
0.00044350 
0.00045180 
0.00045160 
0.00045630 
0.00045800 
0.00046050 
0.00046000 
0.00046490 
0.00046470 
0.00046700 
0.00046270 
0.00045850 
0.00045370 
0.00045620 
0.00045360 
0.00045730 
0.00045030 
0.00046000 
0.00046220 
0.00045980 
0.00045690 
0.00044730 
