0.00059140 
0.00059040 
0.00059930 
0.00059430 
0.00059100 
0.00058600 
0.00058860 
0.00058400 
0.00057680 
0.00057760 
0.00058000 
0.00058730 
0.00058140 
0.00056980 
0.00055500 
0.00057600 
0.00058250 
0.00057290 
0.00057200 
0.00060250 
0.00061240 
0.00061500 
0.00060600 
0.00059620 
0.00059200 
0.00058620 
0.00058430 
0.00059270 
0.00058800 
0.00057910 
0.00057490 
0.00056110 
0.00057640 
0.00056390 
0.00056400 
0.00056110 
0.00055490 
0.00055100 
0.00053850 
0.00054660 
0.00054940 
0.00054590 
0.00054920 
0.00054720 
0.00054460 
0.00054300 
0.00053430 
0.00052180 
0.00052270 
0.00052600 
0.00052510 
0.00052110 
0.00051800 
0.00051200 
0.00050830 
0.00050960 
0.00051250 
0.00051120 
0.00051060 
0.00050850 
0.00050640 
0.00050490 
0.00050170 
0.00049970 
0.00049910 
0.00050100 
0.00050600 
0.00050600 
0.00050300 
0.00050430 
0.00050320 
0.00050600 
0.00050750 
0.00050350 
0.00049770 
0.00049810 
0.00049200 
0.00048580 
0.00048760 
0.00048600 
0.00048700 
0.00049090 
0.00049300 
0.00049430 
0.00049650 
0.00049300 
0.00049260 
0.00049300 
0.00049900 
0.00049940 
0.00049800 
0.00049550 
0.00049980 
0.00050100 
0.00050190 
0.00050300 
0.00050400 
0.00049260 
0.00049470 
0.00049090 
0.00049100 
0.00049830 
0.00050080 
0.00050870 
0.00050830 
0.00050200 
0.00050380 
0.00050590 
0.00051540 
0.00051630 
0.00052050 
0.00052700 
0.00052260 
0.00051390 
0.00050690 
0.00050500 
0.00049730 
0.00051020 
0.00050740 
0.00050650 
0.00050340 
0.00050490 
0.00049440 
0.00049170 
0.00048010 
0.00047750 
0.00047370 
0.00046630 
0.00045850 
0.00045690 
0.00045780 
0.00045790 
0.00045890 
0.00045930 
0.00045830 
0.00045720 
0.00045690 
0.00045460 
0.00045270 
0.00045250 
0.00045100 
0.00044740 
0.00044800 
0.00044740 
0.00045470 
0.00045550 
0.00045670 
0.00045760 
0.00045640 
0.00045970 
0.00046320 
0.00045980 
0.00046120 
0.00045660 
0.00045300 
0.00045990 
0.00046080 
0.00045700 
0.00045710 
0.00045290 
0.00045210 
0.00045130 
0.00045300 
0.00044910 
0.00044690 
0.00044990 
0.00045540 
0.00045470 
0.00045840 
0.00045200 
0.00044990 
0.00044480 
0.00044380 
0.00044300 
0.00044400 
0.00044150 
0.00043970 
0.00044170 
0.00043900 
0.00043690 
0.00043680 
0.00044250 
0.00044190 
0.00042760 
0.00042800 
0.00042850 
0.00042600 
0.00043180 
0.00041960 
0.00042000 
0.00042360 
0.00042350 
0.00041960 
0.00042030 
0.00042000 
0.00042000 
0.00041900 
0.00042000 
0.00042000 
0.00043070 
0.00043410 
0.00043320 
0.00043890 
0.00043400 
0.00043910 
0.00043930 
0.00043390 
0.00043610 
0.00043560 
0.00043280 
0.00044220 
0.00044100 
0.00044220 
0.00043340 
0.00043070 
0.00043280 
0.00043440 
0.00043740 
0.00043480 
0.00043580 
0.00043670 
0.00044020 
0.00043660 
0.00044880 
0.00045560 
0.00045440 
0.00045300 
0.00045390 
0.00045200 
0.00045500 
0.00045230 
0.00045130 
0.00044060 
0.00044540 
0.00044490 
0.00045320 
0.00045400 
0.00046380 
0.00045760 
0.00045950 
0.00045690 
0.00045550 
0.00044690 
0.00044130 
0.00043960 
0.00043810 
0.00043350 
0.00042910 
0.00043010 
0.00041900 
0.00041560 
0.00041380 
0.00041350 
0.00041370 
0.00041250 
0.00041200 
0.00041110 
0.00041090 
0.00041000 
0.00040930 
0.00041210 
0.00041280 
0.00041000 
0.00041060 
0.00041040 
0.00041240 
0.00041170 
0.00041250 
0.00041020 
0.00041140 
0.00041380 
0.00041500 
0.00040700 
0.00040280 
0.00040600 
0.00040650 
0.00040650 
0.00040610 
0.00040560 
0.00040920 
0.00040770 
0.00040980 
0.00041100 
0.00041200 
0.00041080 
0.00041170 
0.00041180 
0.00041190 
0.00041330 
0.00041500 
0.00041420 
0.00041070 
0.00041020 
0.00041290 
0.00040860 
0.00040840 
0.00040810 
0.00041120 
0.00040890 
0.00040840 
0.00040820 
0.00041100 
0.00040890 
0.00040860 
0.00040620 
0.00040750 
0.00040770 
0.00041490 
0.00041430 
0.00041710 
0.00041490 
0.00041510 
0.00041780 
0.00042580 
0.00042530 
0.00042380 
0.00042290 
0.00041960 
0.00041930 
0.00042000 
0.00041460 
0.00041350 
0.00041320 
0.00041340 
0.00041260 
0.00041350 
0.00041350 
0.00041000 
0.00041560 
0.00039490 
0.00039350 
0.00039620 
0.00039870 
0.00040520 
0.00040990 
0.00040670 
0.00041600 
0.00041570 
0.00042320 
0.00042520 
0.00042760 
0.00042380 
0.00042450 
0.00043060 
0.00042390 
0.00042440 
0.00042520 
0.00042200 
0.00042050 
0.00042510 
0.00041920 
0.00042630 
0.00042780 
0.00042940 
0.00042520 
0.00042290 
0.00042550 
0.00042380 
0.00042370 
0.00042360 
0.00041990 
0.00041740 
0.00041590 
0.00041760 
0.00041990 
0.00042320 
0.00042130 
0.00042080 
0.00041950 
0.00042010 
0.00041420 
0.00041100 
0.00041280 
0.00041390 
0.00041670 
0.00041930 
0.00042140 
0.00042030 
0.00042000 
0.00041490 
0.00041400 
0.00041290 
0.00041350 
0.00040890 
0.00041050 
0.00041490 
0.00041490 
0.00041300 
0.00041980 
0.00042110 
0.00042300 
0.00042600 
0.00042000 
0.00041460 
0.00041760 
0.00041510 
0.00042160 
0.00042310 
0.00042300 
0.00042910 
0.00043180 
0.00043650 
0.00043160 
0.00043500 
0.00043340 
0.00043590 
0.00043590 
0.00044180 
0.00044790 
0.00044440 
0.00044530 
0.00044650 
0.00045190 
0.00044980 
0.00045160 
0.00044950 
0.00045000 
0.00044910 
0.00044660 
0.00044390 
0.00044290 
0.00044170 
0.00043960 
0.00043930 
0.00044120 
0.00044250 
0.00044720 
0.00044960 
0.00044900 
0.00044820 
0.00045100 
0.00044690 
0.00044380 
0.00044480 
0.00044300 
0.00044300 
0.00044290 
0.00044180 
0.00044140 
0.00043980 
0.00043940 
0.00044230 
0.00043890 
0.00043710 
0.00043860 
0.00044190 
0.00044450 
0.00044690 
0.00044530 
0.00044770 
0.00044390 
0.00043920 
0.00043180 
0.00043290 
0.00043700 
0.00043480 
0.00044110 
0.00044250 
0.00045180 
0.00045150 
0.00045620 
0.00045790 
0.00046040 
0.00046000 
0.00046380 
0.00046380 
0.00046300 
0.00046260 
0.00045900 
0.00045450 
0.00045530 
0.00045360 
0.00045720 
0.00045340 
0.00045910 
0.00046190 
0.00045980 
0.00045690 
0.00044730 
0.00044660 
0.00059140 
0.00059040 
0.00059930 
0.00059430 
0.00059100 
0.00058600 
0.00058860 
0.00058400 
0.00057680 
0.00057760 
0.00058000 
0.00058730 
0.00058140 
0.00056980 
0.00055500 
0.00057600 
0.00058250 
0.00057290 
0.00057200 
0.00060250 
0.00061240 
0.00061500 
0.00060600 
0.00059620 
0.00059200 
0.00058620 
0.00058430 
0.00059270 
0.00058800 
0.00057910 
0.00057490 
0.00056110 
0.00057640 
0.00056390 
0.00056400 
0.00056110 
0.00055490 
0.00055100 
0.00053850 
0.00054660 
0.00054940 
0.00054590 
0.00054920 
0.00054720 
0.00054460 
0.00054300 
0.00053430 
0.00052180 
0.00052270 
0.00052600 
0.00052510 
0.00052110 
0.00051800 
0.00051200 
0.00050830 
0.00050960 
0.00051250 
0.00051120 
0.00051060 
0.00050850 
0.00050640 
0.00050490 
0.00050170 
0.00049970 
0.00049910 
0.00050100 
0.00050600 
0.00050600 
0.00050300 
0.00050430 
0.00050320 
0.00050600 
0.00050750 
0.00050350 
0.00049770 
0.00049810 
0.00049200 
0.00048580 
0.00048760 
0.00048600 
0.00048700 
0.00049090 
0.00049300 
0.00049430 
0.00049650 
0.00049300 
0.00049260 
0.00049300 
0.00049900 
0.00049940 
0.00049800 
0.00049550 
0.00049980 
0.00050100 
0.00050190 
0.00050300 
0.00050400 
0.00049260 
0.00049470 
0.00049090 
0.00049100 
0.00049830 
0.00050080 
0.00050870 
0.00050830 
0.00050200 
0.00050380 
0.00050590 
0.00051540 
0.00051630 
0.00052050 
0.00052700 
0.00052260 
0.00051390 
0.00050690 
0.00050500 
0.00049730 
0.00051020 
0.00050740 
0.00050650 
0.00050340 
0.00050490 
0.00049440 
0.00049170 
0.00048010 
0.00047750 
0.00047370 
0.00046630 
0.00045850 
0.00045690 
0.00045780 
0.00045790 
0.00045890 
0.00045930 
0.00045830 
0.00045720 
0.00045690 
0.00045460 
0.00045270 
0.00045250 
0.00045100 
0.00044740 
0.00044800 
0.00044740 
0.00045470 
0.00045550 
0.00045670 
0.00045760 
0.00045640 
0.00045970 
0.00046320 
0.00045980 
0.00046120 
0.00045660 
0.00045300 
0.00045990 
0.00046080 
0.00045700 
0.00045710 
0.00045290 
0.00045210 
0.00045130 
0.00045300 
0.00044910 
0.00044690 
0.00044990 
0.00045540 
0.00045470 
0.00045840 
0.00045200 
0.00044990 
0.00044480 
0.00044380 
0.00044300 
0.00044400 
0.00044150 
0.00043970 
0.00044170 
0.00043900 
0.00043690 
0.00043680 
0.00044250 
0.00044190 
0.00042760 
0.00042800 
0.00042850 
0.00042600 
0.00043180 
0.00041960 
0.00042000 
0.00042360 
0.00042350 
0.00041960 
0.00042030 
0.00042000 
0.00042000 
0.00041900 
0.00042000 
0.00042000 
0.00043070 
0.00043410 
0.00043320 
0.00043890 
0.00043400 
0.00043910 
0.00043930 
0.00043390 
0.00043610 
0.00043560 
0.00043280 
0.00044220 
0.00044100 
0.00044220 
0.00043340 
0.00043070 
0.00043280 
0.00043440 
0.00043740 
0.00043480 
0.00043580 
0.00043670 
0.00044020 
0.00043660 
0.00044880 
0.00045560 
0.00045440 
0.00045300 
0.00045390 
0.00045200 
0.00045500 
0.00045230 
0.00045130 
0.00044060 
0.00044540 
0.00044490 
0.00045320 
0.00045400 
0.00046380 
0.00045760 
0.00045950 
0.00045690 
0.00045550 
0.00044690 
0.00044130 
0.00043960 
0.00043810 
0.00043350 
0.00042910 
0.00043010 
0.00041900 
0.00041560 
0.00041380 
0.00041350 
0.00041370 
0.00041250 
0.00041200 
0.00041110 
0.00041090 
0.00041000 
0.00040930 
0.00041210 
0.00041280 
0.00041000 
0.00041060 
0.00041040 
0.00041240 
0.00041170 
0.00041250 
0.00041020 
0.00041140 
0.00041380 
0.00041500 
0.00040700 
0.00040280 
0.00040600 
0.00040650 
0.00040650 
0.00040610 
0.00040560 
0.00040920 
0.00040770 
0.00040980 
0.00041100 
0.00041200 
0.00041080 
0.00041170 
0.00041180 
0.00041190 
0.00041330 
0.00041500 
0.00041420 
0.00041070 
0.00041020 
0.00041290 
0.00040860 
0.00040840 
0.00040810 
0.00041120 
0.00040890 
0.00040840 
0.00040820 
0.00041100 
0.00040890 
0.00040860 
0.00040620 
0.00040750 
0.00040770 
0.00041490 
0.00041430 
0.00041710 
0.00041490 
0.00041510 
0.00041780 
0.00042580 
0.00042530 
0.00042380 
0.00042290 
0.00041960 
0.00041930 
0.00042000 
0.00041460 
0.00041350 
0.00041320 
0.00041340 
0.00041260 
0.00041350 
0.00041350 
0.00041000 
0.00041560 
0.00039490 
0.00039350 
0.00039620 
0.00039870 
0.00040520 
0.00040990 
0.00040670 
0.00041600 
0.00041570 
0.00042320 
0.00042520 
0.00042760 
0.00042380 
0.00042450 
0.00043060 
0.00042390 
0.00042440 
0.00042520 
0.00042200 
0.00042050 
0.00042510 
0.00041920 
0.00042630 
0.00042780 
0.00042940 
0.00042520 
0.00042290 
0.00042550 
0.00042380 
0.00042370 
0.00042360 
0.00041990 
0.00041740 
0.00041590 
0.00041760 
0.00041990 
0.00042320 
0.00042130 
0.00042080 
0.00041950 
0.00042010 
0.00041420 
0.00041100 
0.00041280 
0.00041390 
0.00041670 
0.00041930 
0.00042140 
0.00042030 
0.00042000 
0.00041490 
0.00041400 
0.00041290 
0.00041350 
0.00040890 
0.00041050 
0.00041490 
0.00041490 
0.00041300 
0.00041980 
0.00042110 
0.00042300 
0.00042600 
0.00042000 
0.00041460 
0.00041760 
0.00041510 
0.00042160 
0.00042310 
0.00042300 
0.00042910 
0.00043180 
0.00043650 
0.00043160 
0.00043500 
0.00043340 
0.00043590 
0.00043590 
0.00044180 
0.00044790 
0.00044440 
0.00044530 
0.00044650 
0.00045190 
0.00044980 
0.00045160 
0.00044950 
0.00045000 
0.00044910 
0.00044660 
0.00044390 
0.00044290 
0.00044170 
0.00043960 
0.00043930 
0.00044120 
0.00044250 
0.00044720 
0.00044960 
0.00044900 
0.00044820 
0.00045100 
0.00044690 
0.00044380 
0.00044480 
0.00044300 
0.00044300 
0.00044290 
0.00044180 
0.00044140 
0.00043980 
0.00043940 
0.00044230 
0.00043890 
0.00043710 
0.00043860 
0.00044190 
0.00044450 
0.00044690 
0.00044530 
0.00044770 
0.00044390 
0.00043920 
0.00043180 
0.00043290 
0.00043700 
0.00043480 
0.00044110 
0.00044250 
0.00045180 
0.00045150 
0.00045620 
0.00045790 
0.00046040 
0.00046000 
0.00046380 
0.00046380 
0.00046300 
0.00046260 
0.00045900 
0.00045450 
0.00045530 
0.00045360 
0.00045720 
0.00045340 
0.00045910 
0.00046190 
0.00045980 
0.00045690 
0.00044730 
0.00044660 
0.00059140 
0.00059040 
0.00059930 
0.00059430 
0.00059100 
0.00058600 
0.00058860 
0.00058400 
0.00057680 
0.00057760 
0.00058000 
0.00058730 
0.00058140 
0.00056980 
0.00055500 
0.00057600 
0.00058250 
0.00057290 
0.00057200 
0.00060250 
0.00061240 
0.00061500 
0.00060600 
0.00059620 
0.00059200 
0.00058620 
0.00058430 
0.00059270 
0.00058800 
0.00057910 
0.00057490 
0.00056110 
0.00057640 
0.00056390 
0.00056400 
0.00056110 
0.00055490 
0.00055100 
0.00053850 
0.00054660 
0.00054940 
0.00054590 
0.00054920 
0.00054720 
0.00054460 
0.00054300 
0.00053430 
0.00052180 
0.00052270 
0.00052600 
0.00052510 
0.00052110 
0.00051800 
0.00051200 
0.00050830 
0.00050960 
0.00051250 
0.00051120 
0.00051060 
0.00050850 
0.00050640 
0.00050490 
0.00050170 
0.00049970 
0.00049910 
0.00050100 
0.00050600 
0.00050600 
0.00050300 
0.00050430 
0.00050320 
0.00050600 
0.00050750 
0.00050350 
0.00049770 
0.00049810 
0.00049200 
0.00048580 
0.00048760 
0.00048600 
0.00048700 
0.00049090 
0.00049300 
0.00049430 
0.00049650 
0.00049300 
0.00049260 
0.00049300 
0.00049900 
0.00049940 
0.00049800 
0.00049550 
0.00049980 
0.00050100 
0.00050190 
0.00050300 
0.00050400 
0.00049260 
0.00049470 
0.00049090 
0.00049100 
0.00049830 
0.00050080 
0.00050870 
0.00050830 
0.00050200 
0.00050380 
0.00050590 
0.00051540 
0.00051630 
0.00052050 
0.00052700 
0.00052260 
0.00051390 
0.00050690 
0.00050500 
0.00049730 
0.00051020 
0.00050740 
0.00050650 
0.00050340 
0.00050490 
0.00049440 
0.00049170 
0.00048010 
0.00047750 
0.00047370 
0.00046630 
0.00045850 
0.00045690 
0.00045780 
0.00045790 
0.00045890 
0.00045930 
0.00045830 
0.00045720 
0.00045690 
0.00045460 
0.00045270 
0.00045250 
0.00045100 
0.00044740 
0.00044800 
0.00044740 
0.00045470 
0.00045550 
0.00045670 
0.00045760 
0.00045640 
0.00045970 
0.00046320 
0.00045980 
0.00046120 
0.00045660 
0.00045300 
0.00045990 
0.00046080 
0.00045700 
0.00045710 
0.00045290 
0.00045210 
0.00045130 
0.00045300 
0.00044910 
0.00044690 
0.00044990 
0.00045540 
0.00045470 
0.00045840 
0.00045200 
0.00044990 
0.00044480 
0.00044380 
0.00044300 
0.00044400 
0.00044150 
0.00043970 
0.00044170 
0.00043900 
0.00043690 
0.00043680 
0.00044250 
0.00044190 
0.00042760 
0.00042800 
0.00042850 
0.00042600 
0.00043180 
0.00041960 
0.00042000 
0.00042360 
0.00042350 
0.00041960 
0.00042030 
0.00042000 
0.00042000 
0.00041900 
0.00042000 
0.00042000 
0.00043070 
0.00043410 
0.00043320 
0.00043890 
0.00043400 
0.00043910 
0.00043930 
0.00043390 
0.00043610 
0.00043560 
0.00043280 
0.00044220 
0.00044100 
0.00044220 
0.00043340 
0.00043070 
0.00043280 
0.00043440 
0.00043740 
0.00043480 
0.00043580 
0.00043670 
0.00044020 
0.00043660 
0.00044880 
0.00045560 
0.00045440 
0.00045300 
0.00045390 
0.00045200 
0.00045500 
0.00045230 
0.00045130 
0.00044060 
0.00044540 
0.00044490 
0.00045320 
0.00045400 
0.00046380 
0.00045760 
0.00045950 
0.00045690 
0.00045550 
0.00044690 
0.00044130 
0.00043960 
0.00043810 
0.00043350 
0.00042910 
0.00043010 
0.00041900 
0.00041560 
0.00041380 
0.00041350 
0.00041370 
0.00041250 
0.00041200 
0.00041110 
0.00041090 
0.00041000 
0.00040930 
0.00041210 
0.00041280 
0.00041000 
0.00041060 
0.00041040 
0.00041240 
0.00041170 
0.00041250 
0.00041020 
0.00041140 
0.00041380 
0.00041500 
0.00040700 
0.00040280 
0.00040600 
0.00040650 
0.00040650 
0.00040610 
0.00040560 
0.00040920 
0.00040770 
0.00040980 
0.00041100 
0.00041200 
0.00041080 
0.00041170 
0.00041180 
0.00041190 
0.00041330 
0.00041500 
0.00041420 
0.00041070 
0.00041020 
0.00041290 
0.00040860 
0.00040840 
0.00040810 
0.00041120 
0.00040890 
0.00040840 
0.00040820 
0.00041100 
0.00040890 
0.00040860 
0.00040620 
0.00040750 
0.00040770 
0.00041490 
0.00041430 
0.00041710 
0.00041490 
0.00041510 
0.00041780 
0.00042580 
0.00042530 
0.00042380 
0.00042290 
0.00041960 
0.00041930 
0.00042000 
0.00041460 
0.00041350 
0.00041320 
0.00041340 
0.00041260 
0.00041350 
0.00041350 
0.00041000 
0.00041560 
0.00039490 
0.00039350 
0.00039620 
0.00039870 
0.00040520 
0.00040990 
0.00040670 
0.00041600 
0.00041570 
0.00042320 
0.00042520 
0.00042760 
0.00042380 
0.00042450 
0.00043060 
0.00042390 
0.00042440 
0.00042520 
0.00042200 
0.00042050 
0.00042510 
0.00041920 
0.00042630 
0.00042780 
0.00042940 
0.00042520 
0.00042290 
0.00042550 
0.00042380 
0.00042370 
0.00042360 
0.00041990 
0.00041740 
0.00041590 
0.00041760 
0.00041990 
0.00042320 
0.00042130 
0.00042080 
0.00041950 
0.00042010 
0.00041420 
0.00041100 
0.00041280 
0.00041390 
0.00041670 
0.00041930 
0.00042140 
0.00042030 
0.00042000 
0.00041490 
0.00041400 
0.00041290 
0.00041350 
0.00040890 
0.00041050 
0.00041490 
0.00041490 
0.00041300 
0.00041980 
0.00042110 
0.00042300 
0.00042600 
0.00042000 
0.00041460 
0.00041760 
0.00041510 
0.00042160 
0.00042310 
0.00042300 
0.00042910 
0.00043180 
0.00043650 
0.00043160 
0.00043500 
0.00043340 
0.00043590 
0.00043590 
0.00044180 
0.00044790 
0.00044440 
0.00044530 
0.00044650 
0.00045190 
0.00044980 
0.00045160 
0.00044950 
0.00045000 
0.00044910 
0.00044660 
0.00044390 
0.00044290 
0.00044170 
0.00043960 
0.00043930 
0.00044120 
0.00044250 
0.00044720 
0.00044960 
0.00044900 
0.00044820 
0.00045100 
0.00044690 
0.00044380 
0.00044480 
0.00044300 
0.00044300 
0.00044290 
0.00044180 
0.00044140 
0.00043980 
0.00043940 
0.00044230 
0.00043890 
0.00043710 
0.00043860 
0.00044190 
0.00044450 
0.00044690 
0.00044530 
0.00044770 
0.00044390 
0.00043920 
0.00043180 
0.00043290 
0.00043700 
0.00043480 
0.00044110 
0.00044250 
0.00045180 
0.00045150 
0.00045620 
0.00045790 
0.00046040 
0.00046000 
0.00046380 
0.00046380 
0.00046300 
0.00046260 
0.00045900 
0.00045450 
0.00045530 
0.00045360 
0.00045720 
0.00045340 
0.00045910 
0.00046190 
0.00045980 
0.00045690 
0.00044730 
0.00044660 
