58.00000000 
9547.00000000 
10151.00000000 
11609.00000000 
9350.00000000 
13080.00000000 
12109.00000000 
20581.00000000 
48933.00000000 
30072.00000000 
16672.00000000 
39209.00000000 
21855.00000000 
19060.00000000 
27934.00000000 
12341.00000000 
23065.00000000 
14491.00000000 
19296.00000000 
14599.00000000 
12002.00000000 
78971.00000000 
16409.00000000 
15792.00000000 
12092.00000000 
10911.00000000 
25000.00000000 
77242.00000000 
26429.00000000 
60000.00000000 
30111.00000000 
24293.00000000 
18419.00000000 
11540.00000000 
16967.00000000 
30121.00000000 
27221.00000000 
18835.00000000 
6010.00000000 
12152.00000000 
1813.00000000 
4749.00000000 
8043.00000000 
13682.00000000 
5607.00000000 
33366.00000000 
18880.00000000 
11763.00000000 
8974.00000000 
3619.00000000 
9102.00000000 
16450.00000000 
1682.00000000 
5316.00000000 
6717.00000000 
8921.00000000 
4481.00000000 
6364.00000000 
7353.00000000 
3220.00000000 
8570.00000000 
15908.00000000 
3183.00000000 
45363.00000000 
4269.00000000 
1926.00000000 
18992.00000000 
17386.00000000 
7446.00000000 
3246.00000000 
18909.00000000 
3717.00000000 
7360.00000000 
43513.00000000 
8404.00000000 
5948.00000000 
2955.00000000 
8379.00000000 
9445.00000000 
2083.00000000 
1157.00000000 
5113.00000000 
12776.00000000 
22118.00000000 
13167.00000000 
24062.00000000 
7420.00000000 
5277.00000000 
7659.00000000 
3899.00000000 
9711.00000000 
8622.00000000 
4364.00000000 
4250.00000000 
8860.00000000 
16009.00000000 
12857.00000000 
1890.00000000 
4554.00000000 
3916.00000000 
32998.00000000 
25981.00000000 
9670.00000000 
8675.00000000 
9832.00000000 
6706.00000000 
22504.00000000 
7988.00000000 
33067.00000000 
5043.00000000 
5243.00000000 
20624.00000000 
13325.00000000 
48444.00000000 
15745.00000000 
20225.00000000 
4373.00000000 
5332.00000000 
14624.00000000 
27480.00000000 
19089.00000000 
15925.00000000 
26225.00000000 
80332.00000000 
22544.00000000 
29222.00000000 
48611.00000000 
3732.00000000 
11374.00000000 
3053.00000000 
6741.00000000 
12947.00000000 
17878.00000000 
8897.00000000 
6225.00000000 
4625.00000000 
5835.00000000 
14409.00000000 
7340.00000000 
6788.00000000 
14732.00000000 
6694.00000000 
5017.00000000 
17032.00000000 
11604.00000000 
8534.00000000 
5456.00000000 
5240.00000000 
5962.00000000 
7015.00000000 
16671.00000000 
21466.00000000 
15227.00000000 
29185.00000000 
18497.00000000 
46665.00000000 
48675.00000000 
19714.00000000 
11707.00000000 
8694.00000000 
6350.00000000 
20810.00000000 
8819.00000000 
10480.00000000 
10677.00000000 
5015.00000000 
5686.00000000 
23998.00000000 
50611.00000000 
30677.00000000 
36252.00000000 
79940.00000000 
9253.00000000 
15906.00000000 
4155.00000000 
5606.00000000 
8037.00000000 
17008.00000000 
14387.00000000 
10981.00000000 
2636.00000000 
6481.00000000 
10418.00000000 
4875.00000000 
2826.00000000 
4946.00000000 
5381.00000000 
1262.00000000 
1627.00000000 
9917.00000000 
10041.00000000 
6623.00000000 
8575.00000000 
10986.00000000 
15666.00000000 
8327.00000000 
3459.00000000 
6300.00000000 
5299.00000000 
4311.00000000 
2238.00000000 
983.00000000 
10838.00000000 
15328.00000000 
10075.00000000 
9163.00000000 
4640.00000000 
20996.00000000 
10202.00000000 
2498.00000000 
3958.00000000 
36269.00000000 
9190.00000000 
21893.00000000 
18596.00000000 
359987.00000000 
25185.00000000 
5370.00000000 
17474.00000000 
10857.00000000 
14899.00000000 
10455.00000000 
42579.00000000 
18957.00000000 
6179.00000000 
5162.00000000 
43196.00000000 
12170.00000000 
7886.00000000 
9713.00000000 
3573.00000000 
9105.00000000 
14990.00000000 
14505.00000000 
14449.00000000 
20988.00000000 
22518.00000000 
30476.00000000 
30192.00000000 
21147.00000000 
13712.00000000 
20164.00000000 
17926.00000000 
27720.00000000 
57358.00000000 
31488.00000000 
4841.00000000 
10111.00000000 
9861.00000000 
40907.00000000 
31620.00000000 
2250.00000000 
5847.00000000 
9651.00000000 
8852.00000000 
7135.00000000 
4711.00000000 
14506.00000000 
9562.00000000 
6464.00000000 
4204.00000000 
10265.00000000 
8478.00000000 
14736.00000000 
13376.00000000 
8063.00000000 
2912.00000000 
4244.00000000 
5666.00000000 
7891.00000000 
11669.00000000 
24082.00000000 
22779.00000000 
12144.00000000 
17444.00000000 
14435.00000000 
3182.00000000 
3478.00000000 
10308.00000000 
5024.00000000 
3972.00000000 
56756.00000000 
19954.00000000 
37610.00000000 
7241.00000000 
13482.00000000 
6473.00000000 
15734.00000000 
10751.00000000 
30872.00000000 
38770.00000000 
18870.00000000 
14440.00000000 
7161.00000000 
5856.00000000 
5361.00000000 
13960.00000000 
32304.00000000 
13916.00000000 
7157.00000000 
14766.00000000 
21259.00000000 
10858.00000000 
8157.00000000 
16298.00000000 
20795.00000000 
15735.00000000 
4844.00000000 
5346.00000000 
36114.00000000 
8288.00000000 
12467.00000000 
11351.00000000 
3811.00000000 
15326.00000000 
11729.00000000 
10073.00000000 
11415.00000000 
3967.00000000 
11953.00000000 
7585.00000000 
14095.00000000 
2785.00000000 
11608.00000000 
16890.00000000 
19814.00000000 
16035.00000000 
13401.00000000 
37145.00000000 
46001.00000000 
25377.00000000 
48635.00000000 
10704.00000000 
9568.00000000 
13192.00000000 
6778.00000000 
14611.00000000 
8273.00000000 
37482.00000000 
31148.00000000 
6351.00000000 
8965.00000000 
13275.00000000 
8595.00000000 
22188.00000000 
10185.00000000 
16834.00000000 
18870.00000000 
11067.00000000 
10410.00000000 
10926.00000000 
9950.00000000 
8229.00000000 
55734.00000000 
5302.00000000 
8196.00000000 
11929.00000000 
20645.00000000 
6496.00000000 
7240.00000000 
9305.00000000 
25153.00000000 
113727.00000000 
14131.00000000 
25474.00000000 
7095.00000000 
7210.00000000 
6284.00000000 
8739.00000000 
9072.00000000 
19857.00000000 
13329.00000000 
8730.00000000 
12531.00000000 
9561.00000000 
6658.00000000 
10187.00000000 
11954.00000000 
6099.00000000 
2826.00000000 
2931.00000000 
3058.00000000 
3783.00000000 
10220.00000000 
16607.00000000 
14816.00000000 
9843.00000000 
10160.00000000 
2544.00000000 
27678.00000000 
6825.00000000 
4560.00000000 
5358.00000000 
17156.00000000 
15020.00000000 
38117.00000000 
24775.00000000 
4164.00000000 
8399.00000000 
3827.00000000 
8166.00000000 
3449.00000000 
2143.00000000 
4715.00000000 
10887.00000000 
6078.00000000 
12991.00000000 
3556.00000000 
6331.00000000 
2236.00000000 
6907.00000000 
13771.00000000 
13192.00000000 
3899.00000000 
1384.00000000 
3573.00000000 
7022.00000000 
17396.00000000 
8623.00000000 
1720.00000000 
15298.00000000 
8654.00000000 
8268.00000000 
22489.00000000 
4294.00000000 
15810.00000000 
17779.00000000 
17131.00000000 
3789.00000000 
4898.00000000 
1638.00000000 
3361.00000000 
12989.00000000 
4736.00000000 
548.00000000 
6193.00000000 
2768.00000000 
3223.00000000 
8100.00000000 
13336.00000000 
10091.00000000 
8780.00000000 
7742.00000000 
9881.00000000 
18175.00000000 
9563.00000000 
5237.00000000 
6530.00000000 
5717.00000000 
5599.00000000 
12155.00000000 
2543.00000000 
24085.00000000 
18013.00000000 
6502.00000000 
3588.00000000 
6077.00000000 
18504.00000000 
23489.00000000 
5682.00000000 
11354.00000000 
2907.00000000 
11619.00000000 
4885.00000000 
6263.00000000 
4390.00000000 
5433.00000000 
6250.00000000 
17349.00000000 
6655.00000000 
4376.00000000 
8980.00000000 
14814.00000000 
7814.00000000 
22317.00000000 
6588.00000000 
4874.00000000 
9722.00000000 
10822.00000000 
28784.00000000 
58.00000000 
9547.00000000 
10151.00000000 
11609.00000000 
9350.00000000 
13080.00000000 
12109.00000000 
20581.00000000 
48933.00000000 
30072.00000000 
16672.00000000 
39209.00000000 
21855.00000000 
19060.00000000 
27934.00000000 
12341.00000000 
23065.00000000 
14491.00000000 
19296.00000000 
14599.00000000 
12002.00000000 
78971.00000000 
16409.00000000 
15792.00000000 
12092.00000000 
10911.00000000 
25000.00000000 
77242.00000000 
26429.00000000 
60000.00000000 
30111.00000000 
24293.00000000 
18419.00000000 
11540.00000000 
16967.00000000 
30121.00000000 
27221.00000000 
18835.00000000 
6010.00000000 
12152.00000000 
1813.00000000 
4749.00000000 
8043.00000000 
13682.00000000 
5607.00000000 
33366.00000000 
18880.00000000 
11763.00000000 
8974.00000000 
3619.00000000 
9102.00000000 
16450.00000000 
1682.00000000 
5316.00000000 
6717.00000000 
8921.00000000 
4481.00000000 
6364.00000000 
7353.00000000 
3220.00000000 
8570.00000000 
15908.00000000 
3183.00000000 
45363.00000000 
4269.00000000 
1926.00000000 
18992.00000000 
17386.00000000 
7446.00000000 
3246.00000000 
18909.00000000 
3717.00000000 
7360.00000000 
43513.00000000 
8404.00000000 
5948.00000000 
2955.00000000 
8379.00000000 
9445.00000000 
2083.00000000 
1157.00000000 
5113.00000000 
12776.00000000 
22118.00000000 
13167.00000000 
24062.00000000 
7420.00000000 
5277.00000000 
7659.00000000 
3899.00000000 
9711.00000000 
8622.00000000 
4364.00000000 
4250.00000000 
8860.00000000 
16009.00000000 
12857.00000000 
1890.00000000 
4554.00000000 
3916.00000000 
32998.00000000 
25981.00000000 
9670.00000000 
8675.00000000 
9832.00000000 
6706.00000000 
22504.00000000 
7988.00000000 
33067.00000000 
5043.00000000 
5243.00000000 
20624.00000000 
13325.00000000 
48444.00000000 
15745.00000000 
20225.00000000 
4373.00000000 
5332.00000000 
14624.00000000 
27480.00000000 
19089.00000000 
15925.00000000 
26225.00000000 
80332.00000000 
22544.00000000 
29222.00000000 
48611.00000000 
3732.00000000 
11374.00000000 
3053.00000000 
6741.00000000 
12947.00000000 
17878.00000000 
8897.00000000 
6225.00000000 
4625.00000000 
5835.00000000 
14409.00000000 
7340.00000000 
6788.00000000 
14732.00000000 
6694.00000000 
5017.00000000 
17032.00000000 
11604.00000000 
8534.00000000 
5456.00000000 
5240.00000000 
5962.00000000 
7015.00000000 
16671.00000000 
21466.00000000 
15227.00000000 
29185.00000000 
18497.00000000 
46665.00000000 
48675.00000000 
19714.00000000 
11707.00000000 
8694.00000000 
6350.00000000 
20810.00000000 
8819.00000000 
10480.00000000 
10677.00000000 
5015.00000000 
5686.00000000 
23998.00000000 
50611.00000000 
30677.00000000 
36252.00000000 
79940.00000000 
9253.00000000 
15906.00000000 
4155.00000000 
5606.00000000 
8037.00000000 
17008.00000000 
14387.00000000 
10981.00000000 
2636.00000000 
6481.00000000 
10418.00000000 
4875.00000000 
2826.00000000 
4946.00000000 
5381.00000000 
1262.00000000 
1627.00000000 
9917.00000000 
10041.00000000 
6623.00000000 
8575.00000000 
10986.00000000 
15666.00000000 
8327.00000000 
3459.00000000 
6300.00000000 
5299.00000000 
4311.00000000 
2238.00000000 
983.00000000 
10838.00000000 
15328.00000000 
10075.00000000 
9163.00000000 
4640.00000000 
20996.00000000 
10202.00000000 
2498.00000000 
3958.00000000 
36269.00000000 
9190.00000000 
21893.00000000 
18596.00000000 
359987.00000000 
25185.00000000 
5370.00000000 
17474.00000000 
10857.00000000 
14899.00000000 
10455.00000000 
42579.00000000 
18957.00000000 
6179.00000000 
5162.00000000 
43196.00000000 
12170.00000000 
7886.00000000 
9713.00000000 
3573.00000000 
9105.00000000 
14990.00000000 
14505.00000000 
14449.00000000 
20988.00000000 
22518.00000000 
30476.00000000 
30192.00000000 
21147.00000000 
13712.00000000 
20164.00000000 
17926.00000000 
27720.00000000 
57358.00000000 
31488.00000000 
4841.00000000 
10111.00000000 
9861.00000000 
40907.00000000 
31620.00000000 
2250.00000000 
5847.00000000 
9651.00000000 
8852.00000000 
7135.00000000 
4711.00000000 
14506.00000000 
9562.00000000 
6464.00000000 
4204.00000000 
10265.00000000 
8478.00000000 
14736.00000000 
13376.00000000 
8063.00000000 
2912.00000000 
4244.00000000 
5666.00000000 
7891.00000000 
11669.00000000 
24082.00000000 
22779.00000000 
12144.00000000 
17444.00000000 
14435.00000000 
3182.00000000 
3478.00000000 
10308.00000000 
5024.00000000 
3972.00000000 
56756.00000000 
19954.00000000 
37610.00000000 
7241.00000000 
13482.00000000 
6473.00000000 
15734.00000000 
10751.00000000 
30872.00000000 
38770.00000000 
18870.00000000 
14440.00000000 
7161.00000000 
5856.00000000 
5361.00000000 
13960.00000000 
32304.00000000 
13916.00000000 
7157.00000000 
14766.00000000 
21259.00000000 
10858.00000000 
8157.00000000 
16298.00000000 
20795.00000000 
15735.00000000 
4844.00000000 
5346.00000000 
36114.00000000 
8288.00000000 
12467.00000000 
11351.00000000 
3811.00000000 
15326.00000000 
11729.00000000 
10073.00000000 
11415.00000000 
3967.00000000 
11953.00000000 
7585.00000000 
14095.00000000 
2785.00000000 
11608.00000000 
16890.00000000 
19814.00000000 
16035.00000000 
13401.00000000 
37145.00000000 
46001.00000000 
25377.00000000 
48635.00000000 
10704.00000000 
9568.00000000 
13192.00000000 
6778.00000000 
14611.00000000 
8273.00000000 
37482.00000000 
31148.00000000 
6351.00000000 
8965.00000000 
13275.00000000 
8595.00000000 
22188.00000000 
10185.00000000 
16834.00000000 
18870.00000000 
11067.00000000 
10410.00000000 
10926.00000000 
9950.00000000 
8229.00000000 
55734.00000000 
5302.00000000 
8196.00000000 
11929.00000000 
20645.00000000 
6496.00000000 
7240.00000000 
9305.00000000 
25153.00000000 
113727.00000000 
14131.00000000 
25474.00000000 
7095.00000000 
7210.00000000 
6284.00000000 
8739.00000000 
9072.00000000 
19857.00000000 
13329.00000000 
8730.00000000 
12531.00000000 
9561.00000000 
6658.00000000 
10187.00000000 
11954.00000000 
6099.00000000 
2826.00000000 
2931.00000000 
3058.00000000 
3783.00000000 
10220.00000000 
16607.00000000 
14816.00000000 
9843.00000000 
10160.00000000 
2544.00000000 
27678.00000000 
6825.00000000 
4560.00000000 
5358.00000000 
17156.00000000 
15020.00000000 
38117.00000000 
24775.00000000 
4164.00000000 
8399.00000000 
3827.00000000 
8166.00000000 
3449.00000000 
2143.00000000 
4715.00000000 
10887.00000000 
6078.00000000 
12991.00000000 
3556.00000000 
6331.00000000 
2236.00000000 
6907.00000000 
13771.00000000 
13192.00000000 
3899.00000000 
1384.00000000 
3573.00000000 
7022.00000000 
17396.00000000 
8623.00000000 
1720.00000000 
15298.00000000 
8654.00000000 
8268.00000000 
22489.00000000 
4294.00000000 
15810.00000000 
17779.00000000 
17131.00000000 
3789.00000000 
4898.00000000 
1638.00000000 
3361.00000000 
12989.00000000 
4736.00000000 
548.00000000 
6193.00000000 
2768.00000000 
3223.00000000 
8100.00000000 
13336.00000000 
10091.00000000 
8780.00000000 
7742.00000000 
9881.00000000 
18175.00000000 
9563.00000000 
5237.00000000 
6530.00000000 
5717.00000000 
5599.00000000 
12155.00000000 
2543.00000000 
24085.00000000 
18013.00000000 
6502.00000000 
3588.00000000 
6077.00000000 
18504.00000000 
23489.00000000 
5682.00000000 
11354.00000000 
2907.00000000 
11619.00000000 
4885.00000000 
6263.00000000 
4390.00000000 
5433.00000000 
6250.00000000 
17349.00000000 
6655.00000000 
4376.00000000 
8980.00000000 
14814.00000000 
7814.00000000 
22317.00000000 
6588.00000000 
4874.00000000 
9722.00000000 
10822.00000000 
28784.00000000 
121.00000000 
9547.00000000 
10151.00000000 
11609.00000000 
9350.00000000 
13080.00000000 
12109.00000000 
20581.00000000 
48933.00000000 
30072.00000000 
16672.00000000 
39209.00000000 
21855.00000000 
19060.00000000 
27934.00000000 
12341.00000000 
23065.00000000 
14491.00000000 
19296.00000000 
14599.00000000 
12002.00000000 
78971.00000000 
16409.00000000 
15792.00000000 
12092.00000000 
10911.00000000 
25000.00000000 
77242.00000000 
26429.00000000 
60000.00000000 
30111.00000000 
24293.00000000 
18419.00000000 
11540.00000000 
16967.00000000 
30121.00000000 
27221.00000000 
18835.00000000 
6010.00000000 
12152.00000000 
1813.00000000 
4749.00000000 
8043.00000000 
13682.00000000 
5607.00000000 
33366.00000000 
18880.00000000 
11763.00000000 
8974.00000000 
3619.00000000 
9102.00000000 
16450.00000000 
1682.00000000 
5316.00000000 
6717.00000000 
8921.00000000 
4481.00000000 
6364.00000000 
7353.00000000 
3220.00000000 
8570.00000000 
15908.00000000 
3183.00000000 
45363.00000000 
4269.00000000 
1926.00000000 
18992.00000000 
17386.00000000 
7446.00000000 
3246.00000000 
18909.00000000 
3717.00000000 
7360.00000000 
43513.00000000 
8404.00000000 
5948.00000000 
2955.00000000 
8379.00000000 
9445.00000000 
2083.00000000 
1157.00000000 
5113.00000000 
12776.00000000 
22118.00000000 
13167.00000000 
24062.00000000 
7420.00000000 
5277.00000000 
7659.00000000 
3899.00000000 
9711.00000000 
8622.00000000 
4364.00000000 
4250.00000000 
8860.00000000 
16009.00000000 
12857.00000000 
1890.00000000 
4554.00000000 
3916.00000000 
32998.00000000 
25981.00000000 
9670.00000000 
8675.00000000 
9832.00000000 
6706.00000000 
22504.00000000 
7988.00000000 
33067.00000000 
5043.00000000 
5243.00000000 
20624.00000000 
13325.00000000 
48444.00000000 
15745.00000000 
20225.00000000 
4373.00000000 
5332.00000000 
14624.00000000 
27480.00000000 
19089.00000000 
15925.00000000 
26225.00000000 
80332.00000000 
22544.00000000 
29222.00000000 
48611.00000000 
3732.00000000 
11374.00000000 
3053.00000000 
6741.00000000 
12947.00000000 
17878.00000000 
8897.00000000 
6225.00000000 
4625.00000000 
5835.00000000 
14409.00000000 
7340.00000000 
6788.00000000 
14732.00000000 
6694.00000000 
5017.00000000 
17032.00000000 
11604.00000000 
8534.00000000 
5456.00000000 
5240.00000000 
5962.00000000 
7015.00000000 
16671.00000000 
21466.00000000 
15227.00000000 
29185.00000000 
18497.00000000 
46665.00000000 
48675.00000000 
19714.00000000 
11707.00000000 
8694.00000000 
6350.00000000 
20810.00000000 
8819.00000000 
10480.00000000 
10677.00000000 
5015.00000000 
5686.00000000 
23998.00000000 
50611.00000000 
30677.00000000 
36252.00000000 
79940.00000000 
9253.00000000 
15906.00000000 
4155.00000000 
5606.00000000 
8037.00000000 
17008.00000000 
14387.00000000 
10981.00000000 
2636.00000000 
6481.00000000 
10418.00000000 
4875.00000000 
2826.00000000 
4946.00000000 
5381.00000000 
1262.00000000 
1627.00000000 
9917.00000000 
10041.00000000 
6623.00000000 
8575.00000000 
10986.00000000 
15666.00000000 
8327.00000000 
3459.00000000 
6300.00000000 
5299.00000000 
4311.00000000 
2238.00000000 
983.00000000 
10838.00000000 
15328.00000000 
10075.00000000 
9163.00000000 
4640.00000000 
20996.00000000 
10202.00000000 
2498.00000000 
3958.00000000 
36269.00000000 
9190.00000000 
21893.00000000 
18596.00000000 
359987.00000000 
25185.00000000 
5370.00000000 
17474.00000000 
10857.00000000 
14899.00000000 
10455.00000000 
42579.00000000 
18957.00000000 
6179.00000000 
5162.00000000 
43196.00000000 
12170.00000000 
7886.00000000 
9713.00000000 
3573.00000000 
9105.00000000 
14990.00000000 
14505.00000000 
14449.00000000 
20988.00000000 
22518.00000000 
30476.00000000 
30192.00000000 
21147.00000000 
13712.00000000 
20164.00000000 
17926.00000000 
27720.00000000 
57358.00000000 
31488.00000000 
4841.00000000 
10111.00000000 
9861.00000000 
40907.00000000 
31620.00000000 
2250.00000000 
5847.00000000 
9651.00000000 
8852.00000000 
7135.00000000 
4711.00000000 
14506.00000000 
9562.00000000 
6464.00000000 
4204.00000000 
10265.00000000 
8478.00000000 
14736.00000000 
13376.00000000 
8063.00000000 
2912.00000000 
4244.00000000 
5666.00000000 
7891.00000000 
11669.00000000 
24082.00000000 
22779.00000000 
12144.00000000 
17444.00000000 
14435.00000000 
3182.00000000 
3478.00000000 
10308.00000000 
5024.00000000 
3972.00000000 
56756.00000000 
19954.00000000 
37610.00000000 
7241.00000000 
13482.00000000 
6473.00000000 
15734.00000000 
10751.00000000 
30872.00000000 
38770.00000000 
18870.00000000 
14440.00000000 
7161.00000000 
5856.00000000 
5361.00000000 
13960.00000000 
32304.00000000 
13916.00000000 
7157.00000000 
14766.00000000 
21259.00000000 
10858.00000000 
8157.00000000 
16298.00000000 
20795.00000000 
15735.00000000 
4844.00000000 
5346.00000000 
36114.00000000 
8288.00000000 
12467.00000000 
11351.00000000 
3811.00000000 
15326.00000000 
11729.00000000 
10073.00000000 
11415.00000000 
3967.00000000 
11953.00000000 
7585.00000000 
14095.00000000 
2785.00000000 
11608.00000000 
16890.00000000 
19814.00000000 
16035.00000000 
13401.00000000 
37145.00000000 
46001.00000000 
25377.00000000 
48635.00000000 
10704.00000000 
9568.00000000 
13192.00000000 
6778.00000000 
14611.00000000 
8273.00000000 
37482.00000000 
31148.00000000 
6351.00000000 
8965.00000000 
13275.00000000 
8595.00000000 
22188.00000000 
10185.00000000 
16834.00000000 
18870.00000000 
11067.00000000 
10410.00000000 
10926.00000000 
9950.00000000 
8229.00000000 
55734.00000000 
5302.00000000 
8196.00000000 
11929.00000000 
20645.00000000 
6496.00000000 
7240.00000000 
9305.00000000 
25153.00000000 
113727.00000000 
14131.00000000 
25474.00000000 
7095.00000000 
7210.00000000 
6284.00000000 
8739.00000000 
9072.00000000 
19857.00000000 
13329.00000000 
8730.00000000 
12531.00000000 
9561.00000000 
6658.00000000 
10187.00000000 
11954.00000000 
6099.00000000 
2826.00000000 
2931.00000000 
3058.00000000 
3783.00000000 
10220.00000000 
16607.00000000 
14816.00000000 
9843.00000000 
10160.00000000 
2544.00000000 
27678.00000000 
6825.00000000 
4560.00000000 
5358.00000000 
17156.00000000 
15020.00000000 
38117.00000000 
24775.00000000 
4164.00000000 
8399.00000000 
3827.00000000 
8166.00000000 
3449.00000000 
2143.00000000 
4715.00000000 
10887.00000000 
6078.00000000 
12991.00000000 
3556.00000000 
6331.00000000 
2236.00000000 
6907.00000000 
13771.00000000 
13192.00000000 
3899.00000000 
1384.00000000 
3573.00000000 
7022.00000000 
17396.00000000 
8623.00000000 
1720.00000000 
15298.00000000 
8654.00000000 
8268.00000000 
22489.00000000 
4294.00000000 
15810.00000000 
17779.00000000 
17131.00000000 
3789.00000000 
4898.00000000 
1638.00000000 
3361.00000000 
12989.00000000 
4736.00000000 
548.00000000 
6193.00000000 
2768.00000000 
3223.00000000 
8100.00000000 
13336.00000000 
10091.00000000 
8780.00000000 
7742.00000000 
9881.00000000 
18175.00000000 
9563.00000000 
5237.00000000 
6530.00000000 
5717.00000000 
5599.00000000 
12155.00000000 
2543.00000000 
24085.00000000 
18013.00000000 
6502.00000000 
3588.00000000 
6077.00000000 
18504.00000000 
23489.00000000 
5682.00000000 
11354.00000000 
2907.00000000 
11619.00000000 
4885.00000000 
6263.00000000 
4390.00000000 
5433.00000000 
6250.00000000 
17349.00000000 
6655.00000000 
4376.00000000 
8980.00000000 
14814.00000000 
7814.00000000 
22317.00000000 
6588.00000000 
4874.00000000 
9722.00000000 
10822.00000000 
28784.00000000 
