0.00021690 
0.00021681 
0.00021657 
0.00021650 
0.00021683 
0.00021628 
0.00021613 
0.00021610 
0.00021650 
0.00021850 
0.00021830 
0.00021771 
0.00021553 
0.00021507 
0.00021489 
0.00021653 
0.00021625 
0.00021390 
0.00021317 
0.00021397 
0.00021241 
0.00021330 
0.00021310 
0.00021357 
0.00021460 
0.00021439 
0.00021417 
0.00021490 
0.00021250 
0.00021254 
0.00021290 
0.00021135 
0.00021180 
0.00021249 
0.00021221 
0.00021225 
0.00021223 
0.00021200 
0.00021266 
0.00021277 
0.00021248 
0.00021234 
0.00021200 
0.00021218 
0.00021400 
0.00021322 
0.00021348 
0.00021220 
0.00021226 
0.00021204 
0.00021213 
0.00021200 
0.00021288 
0.00021289 
0.00021297 
0.00021196 
0.00021177 
0.00021160 
0.00021202 
0.00021196 
0.00021121 
0.00021181 
0.00021218 
0.00021097 
0.00021093 
0.00021050 
0.00021015 
0.00021021 
0.00021022 
0.00020991 
0.00021005 
0.00021147 
0.00021096 
0.00021097 
0.00020939 
0.00020924 
0.00020872 
0.00020844 
0.00020680 
0.00020708 
0.00020660 
0.00020676 
0.00020733 
0.00020700 
0.00020905 
0.00020959 
0.00020920 
0.00021000 
0.00021105 
0.00021150 
0.00021155 
0.00021100 
0.00021168 
0.00021168 
0.00021100 
0.00021067 
0.00021033 
0.00020919 
0.00020981 
0.00020912 
0.00020884 
0.00020894 
0.00021031 
0.00021050 
0.00020907 
0.00020901 
0.00020952 
0.00020952 
0.00020952 
0.00020930 
0.00020872 
0.00020958 
0.00020977 
0.00021002 
0.00021173 
0.00021107 
0.00021056 
0.00020901 
0.00020951 
0.00021041 
0.00020950 
0.00020990 
0.00020995 
0.00021000 
0.00021301 
0.00021160 
0.00021048 
0.00020889 
0.00020820 
0.00020650 
0.00020674 
0.00020658 
0.00020552 
0.00020652 
0.00020675 
0.00020725 
0.00020752 
0.00020744 
0.00020700 
0.00020584 
0.00020650 
0.00020650 
0.00020500 
0.00020536 
0.00020484 
0.00020642 
0.00020728 
0.00020749 
0.00020680 
0.00020605 
0.00020664 
0.00020682 
0.00020687 
0.00020800 
0.00020950 
0.00020900 
0.00020900 
0.00020756 
0.00020700 
0.00020619 
0.00020673 
0.00020521 
0.00020716 
0.00020600 
0.00020566 
0.00020503 
0.00020526 
0.00020617 
0.00020523 
0.00020522 
0.00020656 
0.00020600 
0.00020508 
0.00020414 
0.00020423 
0.00020442 
0.00020364 
0.00020401 
0.00020363 
0.00020324 
0.00020233 
0.00020323 
0.00020313 
0.00020280 
0.00020232 
0.00020231 
0.00020255 
0.00020239 
0.00020207 
0.00020133 
0.00020168 
0.00020047 
0.00020109 
0.00020042 
0.00019997 
0.00020000 
0.00019811 
0.00019859 
0.00019805 
0.00019858 
0.00019900 
0.00019910 
0.00019948 
0.00019800 
0.00019790 
0.00019797 
0.00019711 
0.00019818 
0.00019766 
0.00019797 
0.00019780 
0.00019658 
0.00019716 
0.00019438 
0.00019611 
0.00019636 
0.00019822 
0.00019824 
0.00019881 
0.00019839 
0.00019999 
0.00020000 
0.00019999 
0.00020020 
0.00020234 
0.00020292 
0.00020233 
0.00020292 
0.00020127 
0.00020177 
0.00020258 
0.00020309 
0.00020257 
0.00020175 
0.00020172 
0.00020290 
0.00020311 
0.00020307 
0.00020162 
0.00019898 
0.00019992 
0.00019934 
0.00019999 
0.00019878 
0.00019953 
0.00019985 
0.00019777 
0.00019706 
0.00019800 
0.00019806 
0.00019804 
0.00019683 
0.00019714 
0.00019688 
0.00019650 
0.00019750 
0.00019776 
0.00019796 
0.00019753 
0.00019754 
0.00019701 
0.00019778 
0.00019797 
0.00019750 
0.00019808 
0.00019801 
0.00019870 
0.00019910 
0.00019849 
0.00019783 
0.00019870 
0.00019817 
0.00019800 
0.00019772 
0.00019860 
0.00019869 
0.00019866 
0.00019869 
0.00019870 
0.00019828 
0.00019888 
0.00019761 
0.00019650 
0.00019711 
0.00019872 
0.00019889 
0.00019852 
0.00019913 
0.00019954 
0.00020000 
0.00019800 
0.00019851 
0.00019800 
0.00019851 
0.00019850 
0.00019852 
0.00020026 
0.00019751 
0.00019801 
0.00019823 
0.00019885 
0.00019843 
0.00019905 
0.00019910 
0.00019880 
0.00019901 
0.00019999 
0.00020117 
0.00020152 
0.00020273 
0.00020167 
0.00020374 
0.00020268 
0.00020320 
0.00020365 
0.00020450 
0.00020486 
0.00020607 
0.00020470 
0.00020534 
0.00020484 
0.00020488 
0.00020437 
0.00020378 
0.00020379 
0.00020315 
0.00020250 
0.00020506 
0.00020600 
0.00020218 
0.00019998 
0.00019999 
0.00020003 
0.00020004 
0.00020007 
0.00020011 
0.00020001 
0.00020004 
0.00020000 
0.00020142 
0.00020215 
0.00020163 
0.00020124 
0.00020156 
0.00020101 
0.00020114 
0.00020273 
0.00020400 
0.00020477 
0.00020523 
0.00020435 
0.00020411 
0.00020326 
0.00020151 
0.00020234 
0.00020116 
0.00020350 
0.00020265 
0.00020186 
0.00020264 
0.00020266 
0.00020122 
0.00020256 
0.00020401 
0.00020499 
0.00020500 
0.00020514 
0.00020525 
0.00020570 
0.00020561 
0.00020634 
0.00020690 
0.00020672 
0.00020803 
0.00020811 
0.00020800 
0.00020739 
0.00020727 
0.00020680 
0.00020725 
0.00020674 
0.00020586 
0.00020599 
0.00020547 
0.00020464 
0.00020450 
0.00020307 
0.00020485 
0.00020488 
0.00020557 
0.00020557 
0.00020631 
0.00020672 
0.00020608 
0.00020557 
0.00020550 
0.00020500 
0.00020555 
0.00020527 
0.00020562 
0.00020555 
0.00020485 
0.00020470 
0.00020497 
0.00020500 
0.00020600 
0.00020600 
0.00020657 
0.00020600 
0.00020742 
0.00020676 
0.00020720 
0.00020694 
0.00020777 
0.00020827 
0.00020772 
0.00020775 
0.00020777 
0.00020691 
0.00020631 
0.00020612 
0.00020709 
0.00020901 
0.00020917 
0.00020929 
0.00020888 
0.00020889 
0.00020798 
0.00020800 
0.00020818 
0.00020848 
0.00020885 
0.00020657 
0.00020896 
0.00020756 
0.00020601 
0.00020636 
0.00020584 
0.00020600 
0.00020664 
0.00020668 
0.00020642 
0.00020668 
0.00020667 
0.00020668 
0.00020875 
0.00020909 
0.00020948 
0.00020901 
0.00020881 
0.00020779 
0.00020725 
0.00020697 
0.00020605 
0.00020633 
0.00020644 
0.00020651 
0.00020648 
0.00020740 
0.00020805 
0.00020855 
0.00020923 
0.00020976 
0.00020976 
0.00020942 
0.00020934 
0.00021000 
0.00021001 
0.00021000 
0.00020960 
0.00020994 
0.00020943 
0.00020955 
0.00020950 
0.00020898 
0.00020941 
0.00020936 
0.00020672 
0.00020736 
0.00020701 
0.00021690 
0.00021681 
0.00021657 
0.00021650 
0.00021683 
0.00021628 
0.00021613 
0.00021610 
0.00021650 
0.00021850 
0.00021830 
0.00021771 
0.00021553 
0.00021507 
0.00021489 
0.00021653 
0.00021625 
0.00021390 
0.00021317 
0.00021397 
0.00021241 
0.00021330 
0.00021310 
0.00021357 
0.00021460 
0.00021439 
0.00021417 
0.00021490 
0.00021250 
0.00021254 
0.00021290 
0.00021135 
0.00021180 
0.00021249 
0.00021221 
0.00021225 
0.00021223 
0.00021200 
0.00021266 
0.00021277 
0.00021248 
0.00021234 
0.00021200 
0.00021218 
0.00021400 
0.00021322 
0.00021348 
0.00021220 
0.00021226 
0.00021204 
0.00021213 
0.00021200 
0.00021288 
0.00021289 
0.00021297 
0.00021196 
0.00021177 
0.00021160 
0.00021202 
0.00021196 
0.00021121 
0.00021181 
0.00021218 
0.00021097 
0.00021093 
0.00021050 
0.00021015 
0.00021021 
0.00021022 
0.00020991 
0.00021005 
0.00021147 
0.00021096 
0.00021097 
0.00020939 
0.00020924 
0.00020872 
0.00020844 
0.00020680 
0.00020708 
0.00020660 
0.00020676 
0.00020733 
0.00020700 
0.00020905 
0.00020959 
0.00020920 
0.00021000 
0.00021105 
0.00021150 
0.00021155 
0.00021100 
0.00021168 
0.00021168 
0.00021100 
0.00021067 
0.00021033 
0.00020919 
0.00020981 
0.00020912 
0.00020884 
0.00020894 
0.00021031 
0.00021050 
0.00020907 
0.00020901 
0.00020952 
0.00020952 
0.00020952 
0.00020930 
0.00020872 
0.00020958 
0.00020977 
0.00021002 
0.00021173 
0.00021107 
0.00021056 
0.00020901 
0.00020951 
0.00021041 
0.00020950 
0.00020990 
0.00020995 
0.00021000 
0.00021301 
0.00021160 
0.00021048 
0.00020889 
0.00020820 
0.00020650 
0.00020674 
0.00020658 
0.00020552 
0.00020652 
0.00020675 
0.00020725 
0.00020752 
0.00020744 
0.00020700 
0.00020584 
0.00020650 
0.00020650 
0.00020500 
0.00020536 
0.00020484 
0.00020642 
0.00020728 
0.00020749 
0.00020680 
0.00020605 
0.00020664 
0.00020682 
0.00020687 
0.00020800 
0.00020950 
0.00020900 
0.00020900 
0.00020756 
0.00020700 
0.00020619 
0.00020673 
0.00020521 
0.00020716 
0.00020600 
0.00020566 
0.00020503 
0.00020526 
0.00020617 
0.00020523 
0.00020522 
0.00020656 
0.00020600 
0.00020508 
0.00020414 
0.00020423 
0.00020442 
0.00020364 
0.00020401 
0.00020363 
0.00020324 
0.00020233 
0.00020323 
0.00020313 
0.00020280 
0.00020232 
0.00020231 
0.00020255 
0.00020239 
0.00020207 
0.00020133 
0.00020168 
0.00020047 
0.00020109 
0.00020042 
0.00019997 
0.00020000 
0.00019811 
0.00019859 
0.00019805 
0.00019858 
0.00019900 
0.00019910 
0.00019948 
0.00019800 
0.00019790 
0.00019797 
0.00019711 
0.00019818 
0.00019766 
0.00019797 
0.00019780 
0.00019658 
0.00019716 
0.00019438 
0.00019611 
0.00019636 
0.00019822 
0.00019824 
0.00019881 
0.00019839 
0.00019999 
0.00020000 
0.00019999 
0.00020020 
0.00020234 
0.00020292 
0.00020233 
0.00020292 
0.00020127 
0.00020177 
0.00020258 
0.00020309 
0.00020257 
0.00020175 
0.00020172 
0.00020290 
0.00020311 
0.00020307 
0.00020162 
0.00019898 
0.00019992 
0.00019934 
0.00019999 
0.00019878 
0.00019953 
0.00019985 
0.00019777 
0.00019706 
0.00019800 
0.00019806 
0.00019804 
0.00019683 
0.00019714 
0.00019688 
0.00019650 
0.00019750 
0.00019776 
0.00019796 
0.00019753 
0.00019754 
0.00019701 
0.00019778 
0.00019797 
0.00019750 
0.00019808 
0.00019801 
0.00019870 
0.00019910 
0.00019849 
0.00019783 
0.00019870 
0.00019817 
0.00019800 
0.00019772 
0.00019860 
0.00019869 
0.00019866 
0.00019869 
0.00019870 
0.00019828 
0.00019888 
0.00019761 
0.00019650 
0.00019711 
0.00019872 
0.00019889 
0.00019852 
0.00019913 
0.00019954 
0.00020000 
0.00019800 
0.00019851 
0.00019800 
0.00019851 
0.00019850 
0.00019852 
0.00020026 
0.00019751 
0.00019801 
0.00019823 
0.00019885 
0.00019843 
0.00019905 
0.00019910 
0.00019880 
0.00019901 
0.00019999 
0.00020117 
0.00020152 
0.00020273 
0.00020167 
0.00020374 
0.00020268 
0.00020320 
0.00020365 
0.00020450 
0.00020486 
0.00020607 
0.00020470 
0.00020534 
0.00020484 
0.00020488 
0.00020437 
0.00020378 
0.00020379 
0.00020315 
0.00020250 
0.00020506 
0.00020600 
0.00020218 
0.00019998 
0.00019999 
0.00020003 
0.00020004 
0.00020007 
0.00020011 
0.00020001 
0.00020004 
0.00020000 
0.00020142 
0.00020215 
0.00020163 
0.00020124 
0.00020156 
0.00020101 
0.00020114 
0.00020273 
0.00020400 
0.00020477 
0.00020523 
0.00020435 
0.00020411 
0.00020326 
0.00020151 
0.00020234 
0.00020116 
0.00020350 
0.00020265 
0.00020186 
0.00020264 
0.00020266 
0.00020122 
0.00020256 
0.00020401 
0.00020499 
0.00020500 
0.00020514 
0.00020525 
0.00020570 
0.00020561 
0.00020634 
0.00020690 
0.00020672 
0.00020803 
0.00020811 
0.00020800 
0.00020739 
0.00020727 
0.00020680 
0.00020725 
0.00020674 
0.00020586 
0.00020599 
0.00020547 
0.00020464 
0.00020450 
0.00020307 
0.00020485 
0.00020488 
0.00020557 
0.00020557 
0.00020631 
0.00020672 
0.00020608 
0.00020557 
0.00020550 
0.00020500 
0.00020555 
0.00020527 
0.00020562 
0.00020555 
0.00020485 
0.00020470 
0.00020497 
0.00020500 
0.00020600 
0.00020600 
0.00020657 
0.00020600 
0.00020742 
0.00020676 
0.00020720 
0.00020694 
0.00020777 
0.00020827 
0.00020772 
0.00020775 
0.00020777 
0.00020691 
0.00020631 
0.00020612 
0.00020709 
0.00020901 
0.00020917 
0.00020929 
0.00020888 
0.00020889 
0.00020798 
0.00020800 
0.00020818 
0.00020848 
0.00020885 
0.00020657 
0.00020896 
0.00020756 
0.00020601 
0.00020636 
0.00020584 
0.00020600 
0.00020664 
0.00020668 
0.00020642 
0.00020668 
0.00020667 
0.00020668 
0.00020875 
0.00020909 
0.00020948 
0.00020901 
0.00020881 
0.00020779 
0.00020725 
0.00020697 
0.00020605 
0.00020633 
0.00020644 
0.00020651 
0.00020648 
0.00020740 
0.00020805 
0.00020855 
0.00020923 
0.00020976 
0.00020976 
0.00020942 
0.00020934 
0.00021000 
0.00021001 
0.00021000 
0.00020960 
0.00020994 
0.00020943 
0.00020955 
0.00020950 
0.00020898 
0.00020941 
0.00020936 
0.00020672 
0.00020736 
0.00020701 
0.00021690 
0.00021681 
0.00021657 
0.00021650 
0.00021683 
0.00021628 
0.00021613 
0.00021610 
0.00021650 
0.00021850 
0.00021830 
0.00021771 
0.00021553 
0.00021507 
0.00021489 
0.00021653 
0.00021625 
0.00021390 
0.00021317 
0.00021397 
0.00021241 
0.00021330 
0.00021310 
0.00021357 
0.00021460 
0.00021439 
0.00021417 
0.00021490 
0.00021250 
0.00021254 
0.00021290 
0.00021135 
0.00021180 
0.00021249 
0.00021221 
0.00021225 
0.00021223 
0.00021200 
0.00021266 
0.00021277 
0.00021248 
0.00021234 
0.00021200 
0.00021218 
0.00021400 
0.00021322 
0.00021348 
0.00021220 
0.00021226 
0.00021204 
0.00021213 
0.00021200 
0.00021288 
0.00021289 
0.00021297 
0.00021196 
0.00021177 
0.00021160 
0.00021202 
0.00021196 
0.00021121 
0.00021181 
0.00021218 
0.00021097 
0.00021093 
0.00021050 
0.00021015 
0.00021021 
0.00021022 
0.00020991 
0.00021005 
0.00021147 
0.00021096 
0.00021097 
0.00020939 
0.00020924 
0.00020872 
0.00020844 
0.00020680 
0.00020708 
0.00020660 
0.00020676 
0.00020733 
0.00020700 
0.00020905 
0.00020959 
0.00020920 
0.00021000 
0.00021105 
0.00021150 
0.00021155 
0.00021100 
0.00021168 
0.00021168 
0.00021100 
0.00021067 
0.00021033 
0.00020919 
0.00020981 
0.00020912 
0.00020884 
0.00020894 
0.00021031 
0.00021050 
0.00020907 
0.00020901 
0.00020952 
0.00020952 
0.00020952 
0.00020930 
0.00020872 
0.00020958 
0.00020977 
0.00021002 
0.00021173 
0.00021107 
0.00021056 
0.00020901 
0.00020951 
0.00021041 
0.00020950 
0.00020990 
0.00020995 
0.00021000 
0.00021301 
0.00021160 
0.00021048 
0.00020889 
0.00020820 
0.00020650 
0.00020674 
0.00020658 
0.00020552 
0.00020652 
0.00020675 
0.00020725 
0.00020752 
0.00020744 
0.00020700 
0.00020584 
0.00020650 
0.00020650 
0.00020500 
0.00020536 
0.00020484 
0.00020642 
0.00020728 
0.00020749 
0.00020680 
0.00020605 
0.00020664 
0.00020682 
0.00020687 
0.00020800 
0.00020950 
0.00020900 
0.00020900 
0.00020756 
0.00020700 
0.00020619 
0.00020673 
0.00020521 
0.00020716 
0.00020600 
0.00020566 
0.00020503 
0.00020526 
0.00020617 
0.00020523 
0.00020522 
0.00020656 
0.00020600 
0.00020508 
0.00020414 
0.00020423 
0.00020442 
0.00020364 
0.00020401 
0.00020363 
0.00020324 
0.00020233 
0.00020323 
0.00020313 
0.00020280 
0.00020232 
0.00020231 
0.00020255 
0.00020239 
0.00020207 
0.00020133 
0.00020168 
0.00020047 
0.00020109 
0.00020042 
0.00019997 
0.00020000 
0.00019811 
0.00019859 
0.00019805 
0.00019858 
0.00019900 
0.00019910 
0.00019948 
0.00019800 
0.00019790 
0.00019797 
0.00019711 
0.00019818 
0.00019766 
0.00019797 
0.00019780 
0.00019658 
0.00019716 
0.00019438 
0.00019611 
0.00019636 
0.00019822 
0.00019824 
0.00019881 
0.00019839 
0.00019999 
0.00020000 
0.00019999 
0.00020020 
0.00020234 
0.00020292 
0.00020233 
0.00020292 
0.00020127 
0.00020177 
0.00020258 
0.00020309 
0.00020257 
0.00020175 
0.00020172 
0.00020290 
0.00020311 
0.00020307 
0.00020162 
0.00019898 
0.00019992 
0.00019934 
0.00019999 
0.00019878 
0.00019953 
0.00019985 
0.00019777 
0.00019706 
0.00019800 
0.00019806 
0.00019804 
0.00019683 
0.00019714 
0.00019688 
0.00019650 
0.00019750 
0.00019776 
0.00019796 
0.00019753 
0.00019754 
0.00019701 
0.00019778 
0.00019797 
0.00019750 
0.00019808 
0.00019801 
0.00019870 
0.00019910 
0.00019849 
0.00019783 
0.00019870 
0.00019817 
0.00019800 
0.00019772 
0.00019860 
0.00019869 
0.00019866 
0.00019869 
0.00019870 
0.00019828 
0.00019888 
0.00019761 
0.00019650 
0.00019711 
0.00019872 
0.00019889 
0.00019852 
0.00019913 
0.00019954 
0.00020000 
0.00019800 
0.00019851 
0.00019800 
0.00019851 
0.00019850 
0.00019852 
0.00020026 
0.00019751 
0.00019801 
0.00019823 
0.00019885 
0.00019843 
0.00019905 
0.00019910 
0.00019880 
0.00019901 
0.00019999 
0.00020117 
0.00020152 
0.00020273 
0.00020167 
0.00020374 
0.00020268 
0.00020320 
0.00020365 
0.00020450 
0.00020486 
0.00020607 
0.00020470 
0.00020534 
0.00020484 
0.00020488 
0.00020437 
0.00020378 
0.00020379 
0.00020315 
0.00020250 
0.00020506 
0.00020600 
0.00020218 
0.00019998 
0.00019999 
0.00020003 
0.00020004 
0.00020007 
0.00020011 
0.00020001 
0.00020004 
0.00020000 
0.00020142 
0.00020215 
0.00020163 
0.00020124 
0.00020156 
0.00020101 
0.00020114 
0.00020273 
0.00020400 
0.00020477 
0.00020523 
0.00020435 
0.00020411 
0.00020326 
0.00020151 
0.00020234 
0.00020116 
0.00020350 
0.00020265 
0.00020186 
0.00020264 
0.00020266 
0.00020122 
0.00020256 
0.00020401 
0.00020499 
0.00020500 
0.00020514 
0.00020525 
0.00020570 
0.00020561 
0.00020634 
0.00020690 
0.00020672 
0.00020803 
0.00020811 
0.00020800 
0.00020739 
0.00020727 
0.00020680 
0.00020725 
0.00020674 
0.00020586 
0.00020599 
0.00020547 
0.00020464 
0.00020450 
0.00020307 
0.00020485 
0.00020488 
0.00020557 
0.00020557 
0.00020631 
0.00020672 
0.00020608 
0.00020557 
0.00020550 
0.00020500 
0.00020555 
0.00020527 
0.00020562 
0.00020555 
0.00020485 
0.00020470 
0.00020497 
0.00020500 
0.00020600 
0.00020600 
0.00020657 
0.00020600 
0.00020742 
0.00020676 
0.00020720 
0.00020694 
0.00020777 
0.00020827 
0.00020772 
0.00020775 
0.00020777 
0.00020691 
0.00020631 
0.00020612 
0.00020709 
0.00020901 
0.00020917 
0.00020929 
0.00020888 
0.00020889 
0.00020798 
0.00020800 
0.00020818 
0.00020848 
0.00020885 
0.00020657 
0.00020896 
0.00020756 
0.00020601 
0.00020636 
0.00020584 
0.00020600 
0.00020664 
0.00020668 
0.00020642 
0.00020668 
0.00020667 
0.00020668 
0.00020875 
0.00020909 
0.00020948 
0.00020901 
0.00020881 
0.00020779 
0.00020725 
0.00020697 
0.00020605 
0.00020633 
0.00020644 
0.00020651 
0.00020648 
0.00020740 
0.00020805 
0.00020855 
0.00020923 
0.00020976 
0.00020976 
0.00020942 
0.00020934 
0.00021000 
0.00021001 
0.00021000 
0.00020960 
0.00020994 
0.00020943 
0.00020955 
0.00020950 
0.00020898 
0.00020941 
0.00020936 
0.00020672 
0.00020736 
0.00020701 
