0.00021690 
0.00021680 
0.00021650 
0.00021660 
0.00021611 
0.00021613 
0.00021614 
0.00021650 
0.00021850 
0.00021850 
0.00021771 
0.00021620 
0.00021546 
0.00021530 
0.00021653 
0.00021642 
0.00021390 
0.00021382 
0.00021359 
0.00021277 
0.00021206 
0.00021310 
0.00021357 
0.00021460 
0.00021439 
0.00021448 
0.00021490 
0.00021250 
0.00021254 
0.00021251 
0.00021206 
0.00021220 
0.00021247 
0.00021220 
0.00021223 
0.00021217 
0.00021200 
0.00021266 
0.00021280 
0.00021183 
0.00021198 
0.00021200 
0.00021234 
0.00021400 
0.00021247 
0.00021350 
0.00021287 
0.00021226 
0.00021213 
0.00021208 
0.00021212 
0.00021288 
0.00021289 
0.00021213 
0.00021249 
0.00021196 
0.00021113 
0.00021196 
0.00021228 
0.00021196 
0.00021200 
0.00021218 
0.00021148 
0.00021095 
0.00021050 
0.00021013 
0.00021021 
0.00021022 
0.00020997 
0.00020921 
0.00021060 
0.00021095 
0.00021097 
0.00020940 
0.00020940 
0.00020872 
0.00020873 
0.00020726 
0.00020709 
0.00020661 
0.00020676 
0.00020733 
0.00020700 
0.00020904 
0.00020952 
0.00020920 
0.00021000 
0.00021115 
0.00021104 
0.00021152 
0.00021100 
0.00021119 
0.00021168 
0.00021100 
0.00021014 
0.00021076 
0.00020998 
0.00020963 
0.00020986 
0.00020836 
0.00020892 
0.00021030 
0.00021011 
0.00020976 
0.00020901 
0.00020952 
0.00020952 
0.00020951 
0.00020930 
0.00020872 
0.00020957 
0.00021033 
0.00021003 
0.00021196 
0.00021104 
0.00021056 
0.00020901 
0.00020952 
0.00020981 
0.00020923 
0.00020921 
0.00020999 
0.00021000 
0.00021300 
0.00021160 
0.00021078 
0.00020889 
0.00020820 
0.00020650 
0.00020638 
0.00020665 
0.00020552 
0.00020593 
0.00020675 
0.00020672 
0.00020752 
0.00020745 
0.00020710 
0.00020634 
0.00020658 
0.00020648 
0.00020520 
0.00020534 
0.00020485 
0.00020693 
0.00020655 
0.00020749 
0.00020697 
0.00020605 
0.00020664 
0.00020682 
0.00020687 
0.00020717 
0.00020950 
0.00020900 
0.00020900 
0.00020790 
0.00020700 
0.00020619 
0.00020699 
0.00020574 
0.00020716 
0.00020574 
0.00020566 
0.00020502 
0.00020526 
0.00020616 
0.00020523 
0.00020523 
0.00020656 
0.00020604 
0.00020438 
0.00020475 
0.00020404 
0.00020442 
0.00020364 
0.00020400 
0.00020363 
0.00020324 
0.00020246 
0.00020322 
0.00020313 
0.00020280 
0.00020231 
0.00020231 
0.00020285 
0.00020214 
0.00020207 
0.00020207 
0.00020169 
0.00020048 
0.00020117 
0.00020050 
0.00019996 
0.00020000 
0.00019859 
0.00019896 
0.00019858 
0.00019838 
0.00019936 
0.00019934 
0.00019842 
0.00019800 
0.00019789 
0.00019798 
0.00019758 
0.00019751 
0.00019767 
0.00019798 
0.00019726 
0.00019713 
0.00019622 
0.00019490 
0.00019611 
0.00019635 
0.00019821 
0.00019880 
0.00019880 
0.00019898 
0.00019999 
0.00020000 
0.00019993 
0.00020022 
0.00020165 
0.00020247 
0.00020250 
0.00020200 
0.00020127 
0.00020177 
0.00020258 
0.00020260 
0.00020257 
0.00020175 
0.00020088 
0.00020285 
0.00020357 
0.00020258 
0.00020162 
0.00019898 
0.00019963 
0.00019990 
0.00019980 
0.00019850 
0.00019999 
0.00019988 
0.00019777 
0.00019760 
0.00019860 
0.00019807 
0.00019809 
0.00019683 
0.00019710 
0.00019688 
0.00019651 
0.00019721 
0.00019772 
0.00019736 
0.00019754 
0.00019754 
0.00019701 
0.00019772 
0.00019702 
0.00019750 
0.00019808 
0.00019814 
0.00019868 
0.00019909 
0.00019820 
0.00019820 
0.00019812 
0.00019817 
0.00019864 
0.00019799 
0.00019863 
0.00019866 
0.00019866 
0.00019869 
0.00019850 
0.00019826 
0.00019885 
0.00019756 
0.00019650 
0.00019711 
0.00019837 
0.00019852 
0.00019851 
0.00019911 
0.00019953 
0.00020000 
0.00019800 
0.00019852 
0.00019850 
0.00019772 
0.00019854 
0.00019854 
0.00019988 
0.00019751 
0.00019821 
0.00019870 
0.00019839 
0.00019843 
0.00019854 
0.00019840 
0.00019880 
0.00019901 
0.00019999 
0.00020117 
0.00020257 
0.00020256 
0.00020167 
0.00020220 
0.00020288 
0.00020320 
0.00020368 
0.00020447 
0.00020487 
0.00020604 
0.00020483 
0.00020549 
0.00020500 
0.00020488 
0.00020437 
0.00020418 
0.00020489 
0.00020275 
0.00020347 
0.00020580 
0.00020598 
0.00020218 
0.00019998 
0.00019992 
0.00020003 
0.00020004 
0.00020006 
0.00020065 
0.00020000 
0.00020085 
0.00020000 
0.00020076 
0.00020174 
0.00020111 
0.00020124 
0.00020124 
0.00020106 
0.00020114 
0.00020269 
0.00020400 
0.00020477 
0.00020497 
0.00020435 
0.00020411 
0.00020326 
0.00020158 
0.00020193 
0.00020202 
0.00020350 
0.00020265 
0.00020179 
0.00020211 
0.00020265 
0.00020257 
0.00020144 
0.00020406 
0.00020500 
0.00020421 
0.00020514 
0.00020532 
0.00020555 
0.00020577 
0.00020633 
0.00020668 
0.00020590 
0.00020803 
0.00020811 
0.00020793 
0.00020739 
0.00020725 
0.00020681 
0.00020725 
0.00020672 
0.00020583 
0.00020599 
0.00020445 
0.00020549 
0.00020478 
0.00020486 
0.00020485 
0.00020501 
0.00020589 
0.00020595 
0.00020631 
0.00020650 
0.00020608 
0.00020561 
0.00020550 
0.00020500 
0.00020556 
0.00020556 
0.00020563 
0.00020556 
0.00020478 
0.00020470 
0.00020497 
0.00020406 
0.00020590 
0.00020584 
0.00020657 
0.00020601 
0.00020768 
0.00020643 
0.00020720 
0.00020693 
0.00020820 
0.00020772 
0.00020789 
0.00020773 
0.00020790 
0.00020720 
0.00020689 
0.00020713 
0.00020704 
0.00020901 
0.00020824 
0.00020929 
0.00020884 
0.00020867 
0.00020804 
0.00020800 
0.00020818 
0.00020805 
0.00020883 
0.00020765 
0.00020845 
0.00020753 
0.00020631 
0.00020600 
0.00020584 
0.00020653 
0.00020602 
0.00020668 
0.00020642 
0.00020642 
0.00020667 
0.00020672 
0.00020875 
0.00020910 
0.00020948 
0.00020903 
0.00020881 
0.00020777 
0.00020725 
0.00020696 
0.00020600 
0.00020562 
0.00020644 
0.00020688 
0.00020648 
0.00020738 
0.00020805 
0.00020855 
0.00020904 
0.00020974 
0.00021000 
0.00020943 
0.00020941 
0.00021000 
0.00021001 
0.00020998 
0.00020959 
0.00020955 
0.00020955 
0.00020952 
0.00020950 
0.00020898 
0.00020958 
0.00020934 
0.00020671 
0.00020735 
0.00020700 
0.00020826 
0.00021690 
0.00021680 
0.00021650 
0.00021660 
0.00021611 
0.00021613 
0.00021614 
0.00021650 
0.00021850 
0.00021850 
0.00021771 
0.00021620 
0.00021546 
0.00021530 
0.00021653 
0.00021642 
0.00021390 
0.00021382 
0.00021359 
0.00021277 
0.00021206 
0.00021310 
0.00021357 
0.00021460 
0.00021439 
0.00021448 
0.00021490 
0.00021250 
0.00021254 
0.00021251 
0.00021206 
0.00021220 
0.00021247 
0.00021220 
0.00021223 
0.00021217 
0.00021200 
0.00021266 
0.00021280 
0.00021183 
0.00021198 
0.00021200 
0.00021234 
0.00021400 
0.00021247 
0.00021350 
0.00021287 
0.00021226 
0.00021213 
0.00021208 
0.00021212 
0.00021288 
0.00021289 
0.00021213 
0.00021249 
0.00021196 
0.00021113 
0.00021196 
0.00021228 
0.00021196 
0.00021200 
0.00021218 
0.00021148 
0.00021095 
0.00021050 
0.00021013 
0.00021021 
0.00021022 
0.00020997 
0.00020921 
0.00021060 
0.00021095 
0.00021097 
0.00020940 
0.00020940 
0.00020872 
0.00020873 
0.00020726 
0.00020709 
0.00020661 
0.00020676 
0.00020733 
0.00020700 
0.00020904 
0.00020952 
0.00020920 
0.00021000 
0.00021115 
0.00021104 
0.00021152 
0.00021100 
0.00021119 
0.00021168 
0.00021100 
0.00021014 
0.00021076 
0.00020998 
0.00020963 
0.00020986 
0.00020836 
0.00020892 
0.00021030 
0.00021011 
0.00020976 
0.00020901 
0.00020952 
0.00020952 
0.00020951 
0.00020930 
0.00020872 
0.00020957 
0.00021033 
0.00021003 
0.00021196 
0.00021104 
0.00021056 
0.00020901 
0.00020952 
0.00020981 
0.00020923 
0.00020921 
0.00020999 
0.00021000 
0.00021300 
0.00021160 
0.00021078 
0.00020889 
0.00020820 
0.00020650 
0.00020638 
0.00020665 
0.00020552 
0.00020593 
0.00020675 
0.00020672 
0.00020752 
0.00020745 
0.00020710 
0.00020634 
0.00020658 
0.00020648 
0.00020520 
0.00020534 
0.00020485 
0.00020693 
0.00020655 
0.00020749 
0.00020697 
0.00020605 
0.00020664 
0.00020682 
0.00020687 
0.00020717 
0.00020950 
0.00020900 
0.00020900 
0.00020790 
0.00020700 
0.00020619 
0.00020699 
0.00020574 
0.00020716 
0.00020574 
0.00020566 
0.00020502 
0.00020526 
0.00020616 
0.00020523 
0.00020523 
0.00020656 
0.00020604 
0.00020438 
0.00020475 
0.00020404 
0.00020442 
0.00020364 
0.00020400 
0.00020363 
0.00020324 
0.00020246 
0.00020322 
0.00020313 
0.00020280 
0.00020231 
0.00020231 
0.00020285 
0.00020214 
0.00020207 
0.00020207 
0.00020169 
0.00020048 
0.00020117 
0.00020050 
0.00019996 
0.00020000 
0.00019859 
0.00019896 
0.00019858 
0.00019838 
0.00019936 
0.00019934 
0.00019842 
0.00019800 
0.00019789 
0.00019798 
0.00019758 
0.00019751 
0.00019767 
0.00019798 
0.00019726 
0.00019713 
0.00019622 
0.00019490 
0.00019611 
0.00019635 
0.00019821 
0.00019880 
0.00019880 
0.00019898 
0.00019999 
0.00020000 
0.00019993 
0.00020022 
0.00020165 
0.00020247 
0.00020250 
0.00020200 
0.00020127 
0.00020177 
0.00020258 
0.00020260 
0.00020257 
0.00020175 
0.00020088 
0.00020285 
0.00020357 
0.00020258 
0.00020162 
0.00019898 
0.00019963 
0.00019990 
0.00019980 
0.00019850 
0.00019999 
0.00019988 
0.00019777 
0.00019760 
0.00019860 
0.00019807 
0.00019809 
0.00019683 
0.00019710 
0.00019688 
0.00019651 
0.00019721 
0.00019772 
0.00019736 
0.00019754 
0.00019754 
0.00019701 
0.00019772 
0.00019702 
0.00019750 
0.00019808 
0.00019814 
0.00019868 
0.00019909 
0.00019820 
0.00019820 
0.00019812 
0.00019817 
0.00019864 
0.00019799 
0.00019863 
0.00019866 
0.00019866 
0.00019869 
0.00019850 
0.00019826 
0.00019885 
0.00019756 
0.00019650 
0.00019711 
0.00019837 
0.00019852 
0.00019851 
0.00019911 
0.00019953 
0.00020000 
0.00019800 
0.00019852 
0.00019850 
0.00019772 
0.00019854 
0.00019854 
0.00019988 
0.00019751 
0.00019821 
0.00019870 
0.00019839 
0.00019843 
0.00019854 
0.00019840 
0.00019880 
0.00019901 
0.00019999 
0.00020117 
0.00020257 
0.00020256 
0.00020167 
0.00020220 
0.00020288 
0.00020320 
0.00020368 
0.00020447 
0.00020487 
0.00020604 
0.00020483 
0.00020549 
0.00020500 
0.00020488 
0.00020437 
0.00020418 
0.00020489 
0.00020275 
0.00020347 
0.00020580 
0.00020598 
0.00020218 
0.00019998 
0.00019992 
0.00020003 
0.00020004 
0.00020006 
0.00020065 
0.00020000 
0.00020085 
0.00020000 
0.00020076 
0.00020174 
0.00020111 
0.00020124 
0.00020124 
0.00020106 
0.00020114 
0.00020269 
0.00020400 
0.00020477 
0.00020497 
0.00020435 
0.00020411 
0.00020326 
0.00020158 
0.00020193 
0.00020202 
0.00020350 
0.00020265 
0.00020179 
0.00020211 
0.00020265 
0.00020257 
0.00020144 
0.00020406 
0.00020500 
0.00020421 
0.00020514 
0.00020532 
0.00020555 
0.00020577 
0.00020633 
0.00020668 
0.00020590 
0.00020803 
0.00020811 
0.00020793 
0.00020739 
0.00020725 
0.00020681 
0.00020725 
0.00020672 
0.00020583 
0.00020599 
0.00020445 
0.00020549 
0.00020478 
0.00020486 
0.00020485 
0.00020501 
0.00020589 
0.00020595 
0.00020631 
0.00020650 
0.00020608 
0.00020561 
0.00020550 
0.00020500 
0.00020556 
0.00020556 
0.00020563 
0.00020556 
0.00020478 
0.00020470 
0.00020497 
0.00020406 
0.00020590 
0.00020584 
0.00020657 
0.00020601 
0.00020768 
0.00020643 
0.00020720 
0.00020693 
0.00020820 
0.00020772 
0.00020789 
0.00020773 
0.00020790 
0.00020720 
0.00020689 
0.00020713 
0.00020704 
0.00020901 
0.00020824 
0.00020929 
0.00020884 
0.00020867 
0.00020804 
0.00020800 
0.00020818 
0.00020805 
0.00020883 
0.00020765 
0.00020845 
0.00020753 
0.00020631 
0.00020600 
0.00020584 
0.00020653 
0.00020602 
0.00020668 
0.00020642 
0.00020642 
0.00020667 
0.00020672 
0.00020875 
0.00020910 
0.00020948 
0.00020903 
0.00020881 
0.00020777 
0.00020725 
0.00020696 
0.00020600 
0.00020562 
0.00020644 
0.00020688 
0.00020648 
0.00020738 
0.00020805 
0.00020855 
0.00020904 
0.00020974 
0.00021000 
0.00020943 
0.00020941 
0.00021000 
0.00021001 
0.00020998 
0.00020959 
0.00020955 
0.00020955 
0.00020952 
0.00020950 
0.00020898 
0.00020958 
0.00020934 
0.00020671 
0.00020735 
0.00020700 
0.00020826 
0.00021690 
0.00021680 
0.00021650 
0.00021660 
0.00021611 
0.00021613 
0.00021614 
0.00021650 
0.00021850 
0.00021850 
0.00021771 
0.00021620 
0.00021546 
0.00021530 
0.00021653 
0.00021642 
0.00021390 
0.00021382 
0.00021359 
0.00021277 
0.00021206 
0.00021310 
0.00021357 
0.00021460 
0.00021439 
0.00021448 
0.00021490 
0.00021250 
0.00021254 
0.00021251 
0.00021206 
0.00021220 
0.00021247 
0.00021220 
0.00021223 
0.00021217 
0.00021200 
0.00021266 
0.00021280 
0.00021183 
0.00021198 
0.00021200 
0.00021234 
0.00021400 
0.00021247 
0.00021350 
0.00021287 
0.00021226 
0.00021213 
0.00021208 
0.00021212 
0.00021288 
0.00021289 
0.00021213 
0.00021249 
0.00021196 
0.00021113 
0.00021196 
0.00021228 
0.00021196 
0.00021200 
0.00021218 
0.00021148 
0.00021095 
0.00021050 
0.00021013 
0.00021021 
0.00021022 
0.00020997 
0.00020921 
0.00021060 
0.00021095 
0.00021097 
0.00020940 
0.00020940 
0.00020872 
0.00020873 
0.00020726 
0.00020709 
0.00020661 
0.00020676 
0.00020733 
0.00020700 
0.00020904 
0.00020952 
0.00020920 
0.00021000 
0.00021115 
0.00021104 
0.00021152 
0.00021100 
0.00021119 
0.00021168 
0.00021100 
0.00021014 
0.00021076 
0.00020998 
0.00020963 
0.00020986 
0.00020836 
0.00020892 
0.00021030 
0.00021011 
0.00020976 
0.00020901 
0.00020952 
0.00020952 
0.00020951 
0.00020930 
0.00020872 
0.00020957 
0.00021033 
0.00021003 
0.00021196 
0.00021104 
0.00021056 
0.00020901 
0.00020952 
0.00020981 
0.00020923 
0.00020921 
0.00020999 
0.00021000 
0.00021300 
0.00021160 
0.00021078 
0.00020889 
0.00020820 
0.00020650 
0.00020638 
0.00020665 
0.00020552 
0.00020593 
0.00020675 
0.00020672 
0.00020752 
0.00020745 
0.00020710 
0.00020634 
0.00020658 
0.00020648 
0.00020520 
0.00020534 
0.00020485 
0.00020693 
0.00020655 
0.00020749 
0.00020697 
0.00020605 
0.00020664 
0.00020682 
0.00020687 
0.00020717 
0.00020950 
0.00020900 
0.00020900 
0.00020790 
0.00020700 
0.00020619 
0.00020699 
0.00020574 
0.00020716 
0.00020574 
0.00020566 
0.00020502 
0.00020526 
0.00020616 
0.00020523 
0.00020523 
0.00020656 
0.00020604 
0.00020438 
0.00020475 
0.00020404 
0.00020442 
0.00020364 
0.00020400 
0.00020363 
0.00020324 
0.00020246 
0.00020322 
0.00020313 
0.00020280 
0.00020231 
0.00020231 
0.00020285 
0.00020214 
0.00020207 
0.00020207 
0.00020169 
0.00020048 
0.00020117 
0.00020050 
0.00019996 
0.00020000 
0.00019859 
0.00019896 
0.00019858 
0.00019838 
0.00019936 
0.00019934 
0.00019842 
0.00019800 
0.00019789 
0.00019798 
0.00019758 
0.00019751 
0.00019767 
0.00019798 
0.00019726 
0.00019713 
0.00019622 
0.00019490 
0.00019611 
0.00019635 
0.00019821 
0.00019880 
0.00019880 
0.00019898 
0.00019999 
0.00020000 
0.00019993 
0.00020022 
0.00020165 
0.00020247 
0.00020250 
0.00020200 
0.00020127 
0.00020177 
0.00020258 
0.00020260 
0.00020257 
0.00020175 
0.00020088 
0.00020285 
0.00020357 
0.00020258 
0.00020162 
0.00019898 
0.00019963 
0.00019990 
0.00019980 
0.00019850 
0.00019999 
0.00019988 
0.00019777 
0.00019760 
0.00019860 
0.00019807 
0.00019809 
0.00019683 
0.00019710 
0.00019688 
0.00019651 
0.00019721 
0.00019772 
0.00019736 
0.00019754 
0.00019754 
0.00019701 
0.00019772 
0.00019702 
0.00019750 
0.00019808 
0.00019814 
0.00019868 
0.00019909 
0.00019820 
0.00019820 
0.00019812 
0.00019817 
0.00019864 
0.00019799 
0.00019863 
0.00019866 
0.00019866 
0.00019869 
0.00019850 
0.00019826 
0.00019885 
0.00019756 
0.00019650 
0.00019711 
0.00019837 
0.00019852 
0.00019851 
0.00019911 
0.00019953 
0.00020000 
0.00019800 
0.00019852 
0.00019850 
0.00019772 
0.00019854 
0.00019854 
0.00019988 
0.00019751 
0.00019821 
0.00019870 
0.00019839 
0.00019843 
0.00019854 
0.00019840 
0.00019880 
0.00019901 
0.00019999 
0.00020117 
0.00020257 
0.00020256 
0.00020167 
0.00020220 
0.00020288 
0.00020320 
0.00020368 
0.00020447 
0.00020487 
0.00020604 
0.00020483 
0.00020549 
0.00020500 
0.00020488 
0.00020437 
0.00020418 
0.00020489 
0.00020275 
0.00020347 
0.00020580 
0.00020598 
0.00020218 
0.00019998 
0.00019992 
0.00020003 
0.00020004 
0.00020006 
0.00020065 
0.00020000 
0.00020085 
0.00020000 
0.00020076 
0.00020174 
0.00020111 
0.00020124 
0.00020124 
0.00020106 
0.00020114 
0.00020269 
0.00020400 
0.00020477 
0.00020497 
0.00020435 
0.00020411 
0.00020326 
0.00020158 
0.00020193 
0.00020202 
0.00020350 
0.00020265 
0.00020179 
0.00020211 
0.00020265 
0.00020257 
0.00020144 
0.00020406 
0.00020500 
0.00020421 
0.00020514 
0.00020532 
0.00020555 
0.00020577 
0.00020633 
0.00020668 
0.00020590 
0.00020803 
0.00020811 
0.00020793 
0.00020739 
0.00020725 
0.00020681 
0.00020725 
0.00020672 
0.00020583 
0.00020599 
0.00020445 
0.00020549 
0.00020478 
0.00020486 
0.00020485 
0.00020501 
0.00020589 
0.00020595 
0.00020631 
0.00020650 
0.00020608 
0.00020561 
0.00020550 
0.00020500 
0.00020556 
0.00020556 
0.00020563 
0.00020556 
0.00020478 
0.00020470 
0.00020497 
0.00020406 
0.00020590 
0.00020584 
0.00020657 
0.00020601 
0.00020768 
0.00020643 
0.00020720 
0.00020693 
0.00020820 
0.00020772 
0.00020789 
0.00020773 
0.00020790 
0.00020720 
0.00020689 
0.00020713 
0.00020704 
0.00020901 
0.00020824 
0.00020929 
0.00020884 
0.00020867 
0.00020804 
0.00020800 
0.00020818 
0.00020805 
0.00020883 
0.00020765 
0.00020845 
0.00020753 
0.00020631 
0.00020600 
0.00020584 
0.00020653 
0.00020602 
0.00020668 
0.00020642 
0.00020642 
0.00020667 
0.00020672 
0.00020875 
0.00020910 
0.00020948 
0.00020903 
0.00020881 
0.00020777 
0.00020725 
0.00020696 
0.00020600 
0.00020562 
0.00020644 
0.00020688 
0.00020648 
0.00020738 
0.00020805 
0.00020855 
0.00020904 
0.00020974 
0.00021000 
0.00020943 
0.00020941 
0.00021000 
0.00021001 
0.00020998 
0.00020959 
0.00020955 
0.00020955 
0.00020952 
0.00020950 
0.00020898 
0.00020958 
0.00020934 
0.00020671 
0.00020735 
0.00020700 
0.00020826 
