0.00048860 
0.00048930 
0.00048940 
0.00048970 
0.00049490 
0.00049270 
0.00049650 
0.00049490 
0.00049200 
0.00049190 
0.00049140 
0.00048920 
0.00048920 
0.00049050 
0.00048810 
0.00048660 
0.00049070 
0.00049070 
0.00049140 
0.00049130 
0.00049000 
0.00048990 
0.00049000 
0.00048600 
0.00048600 
0.00048590 
0.00048490 
0.00048500 
0.00048570 
0.00048600 
0.00048610 
0.00049100 
0.00049160 
0.00049230 
0.00049200 
0.00049170 
0.00049530 
0.00049540 
0.00049220 
0.00049000 
0.00049610 
0.00049390 
0.00049500 
0.00049540 
0.00049500 
0.00049540 
0.00049400 
0.00049620 
0.00049540 
0.00049200 
0.00049210 
0.00048800 
0.00049320 
0.00049260 
0.00049170 
0.00049140 
0.00049130 
0.00048930 
0.00048940 
0.00048890 
0.00048800 
0.00048800 
0.00048630 
0.00048660 
0.00048830 
0.00048830 
0.00048610 
0.00048530 
0.00048620 
0.00048620 
0.00048890 
0.00048850 
0.00048600 
0.00048750 
0.00048790 
0.00048870 
0.00048850 
0.00048820 
0.00048480 
0.00048820 
0.00049270 
0.00049420 
0.00049370 
0.00049300 
0.00049570 
0.00049130 
0.00049000 
0.00048960 
0.00048580 
0.00048590 
0.00048410 
0.00048410 
0.00048380 
0.00048350 
0.00048290 
0.00048260 
0.00048270 
0.00048260 
0.00048140 
0.00048100 
0.00047870 
0.00047750 
0.00048430 
0.00048590 
0.00048610 
0.00048620 
0.00048580 
0.00048130 
0.00048090 
0.00048290 
0.00048910 
0.00048350 
0.00048130 
0.00047950 
0.00047950 
0.00047890 
0.00047640 
0.00047860 
0.00047820 
0.00047850 
0.00047380 
0.00046850 
0.00046830 
0.00047370 
0.00046790 
0.00047110 
0.00046940 
0.00047410 
0.00047250 
0.00047060 
0.00047180 
0.00046940 
0.00046970 
0.00047230 
0.00047150 
0.00047000 
0.00047190 
0.00047320 
0.00047240 
0.00046910 
0.00046700 
0.00047320 
0.00047470 
0.00047240 
0.00047120 
0.00047350 
0.00047870 
0.00047550 
0.00048000 
0.00048240 
0.00047280 
0.00047160 
0.00047070 
0.00047540 
0.00047780 
0.00047780 
0.00047250 
0.00047170 
0.00047280 
0.00047240 
0.00047170 
0.00047060 
0.00047410 
0.00047470 
0.00047200 
0.00047200 
0.00047070 
0.00047180 
0.00047060 
0.00046970 
0.00047130 
0.00046960 
0.00046760 
0.00046670 
0.00046660 
0.00046370 
0.00046760 
0.00046900 
0.00046140 
0.00046570 
0.00046110 
0.00046470 
0.00046390 
0.00046110 
0.00046440 
0.00046430 
0.00046010 
0.00045470 
0.00045480 
0.00045390 
0.00045390 
0.00045400 
0.00045400 
0.00045400 
0.00045000 
0.00045000 
0.00045000 
0.00045000 
0.00045010 
0.00045430 
0.00045000 
0.00045000 
0.00045000 
0.00045000 
0.00045000 
0.00045000 
0.00045010 
0.00045000 
0.00045020 
0.00045010 
0.00045010 
0.00045010 
0.00045300 
0.00045300 
0.00045140 
0.00045330 
0.00045350 
0.00045350 
0.00045350 
0.00045470 
0.00045470 
0.00045350 
0.00045350 
0.00045350 
0.00045390 
0.00045030 
0.00045010 
0.00045010 
0.00045080 
0.00045010 
0.00045010 
0.00045010 
0.00045410 
0.00045040 
0.00045290 
0.00045040 
0.00045090 
0.00045090 
0.00044760 
0.00044900 
0.00045040 
0.00044910 
0.00044950 
0.00044700 
0.00044690 
0.00044530 
0.00044500 
0.00044500 
0.00044670 
0.00044670 
0.00044510 
0.00044510 
0.00044680 
0.00044500 
0.00044050 
0.00044290 
0.00044500 
0.00044500 
0.00044670 
0.00044650 
0.00044500 
0.00044520 
0.00044500 
0.00044500 
0.00044500 
0.00044500 
0.00044500 
0.00044500 
0.00044550 
0.00044540 
0.00044500 
0.00042860 
0.00042180 
0.00042220 
0.00042250 
0.00042240 
0.00043060 
0.00042380 
0.00042300 
0.00042390 
0.00042320 
0.00042300 
0.00042420 
0.00042170 
0.00042140 
0.00042250 
0.00042170 
0.00042080 
0.00042090 
0.00041230 
0.00041820 
0.00041460 
0.00041720 
0.00041970 
0.00041930 
0.00041620 
0.00041720 
0.00042080 
0.00042450 
0.00042140 
0.00041540 
0.00041710 
0.00042610 
0.00042820 
0.00043470 
0.00043490 
0.00043640 
0.00043640 
0.00043800 
0.00044210 
0.00044060 
0.00044490 
0.00044250 
0.00044190 
0.00044050 
0.00044040 
0.00044110 
0.00044030 
0.00044380 
0.00044360 
0.00044200 
0.00043780 
0.00043950 
0.00043770 
0.00043870 
0.00043780 
0.00043770 
0.00043770 
0.00043780 
0.00043770 
0.00043970 
0.00043780 
0.00044290 
0.00044080 
0.00044770 
0.00045010 
0.00045140 
0.00045000 
0.00045010 
0.00045080 
0.00045080 
0.00045090 
0.00045090 
0.00045230 
0.00045410 
0.00045100 
0.00045100 
0.00045290 
0.00045300 
0.00045180 
0.00045190 
0.00045190 
0.00045210 
0.00045190 
0.00045210 
0.00045210 
0.00045220 
0.00045230 
0.00045700 
0.00045700 
0.00045700 
0.00045740 
0.00045790 
0.00045830 
0.00045750 
0.00045990 
0.00045850 
0.00045750 
0.00045940 
0.00045890 
0.00045860 
0.00045870 
0.00046070 
0.00045820 
0.00046180 
0.00045900 
0.00045890 
0.00045900 
0.00045840 
0.00046170 
0.00045770 
0.00045710 
0.00045700 
0.00045710 
0.00045710 
0.00045710 
0.00045830 
0.00045970 
0.00046030 
0.00046040 
0.00045970 
0.00046010 
0.00045900 
0.00045810 
0.00045800 
0.00045880 
0.00045890 
0.00046070 
0.00045890 
0.00045810 
0.00045940 
0.00045930 
0.00045940 
0.00046060 
0.00046070 
0.00046110 
0.00046630 
0.00046560 
0.00046290 
0.00046820 
0.00046470 
0.00047430 
0.00047430 
0.00047310 
0.00047180 
0.00047140 
0.00047130 
0.00047110 
0.00047100 
0.00047380 
0.00047090 
0.00047270 
0.00047340 
0.00047850 
0.00047610 
0.00047880 
0.00047880 
0.00047610 
0.00047800 
0.00047790 
0.00047390 
0.00046910 
0.00046470 
0.00046930 
0.00046950 
0.00046950 
0.00046940 
0.00046940 
0.00046960 
0.00047180 
0.00046940 
0.00046930 
0.00046930 
0.00046930 
0.00046930 
0.00046850 
0.00046850 
0.00047060 
0.00047020 
0.00046820 
0.00046380 
0.00046260 
0.00046940 
0.00046960 
0.00046910 
0.00046850 
0.00046840 
0.00046860 
0.00047240 
0.00047250 
0.00046920 
0.00047530 
0.00047140 
0.00047550 
0.00047550 
0.00047250 
0.00047250 
0.00047250 
0.00047280 
0.00047280 
0.00047340 
0.00046790 
0.00046790 
0.00047250 
0.00047350 
0.00047310 
0.00047320 
0.00047300 
0.00047200 
0.00047020 
0.00048860 
0.00048930 
0.00048940 
0.00048970 
0.00049490 
0.00049270 
0.00049650 
0.00049490 
0.00049200 
0.00049190 
0.00049140 
0.00048920 
0.00048920 
0.00049050 
0.00048810 
0.00048660 
0.00049070 
0.00049070 
0.00049140 
0.00049130 
0.00049000 
0.00048990 
0.00049000 
0.00048600 
0.00048600 
0.00048590 
0.00048490 
0.00048500 
0.00048570 
0.00048600 
0.00048610 
0.00049100 
0.00049160 
0.00049230 
0.00049200 
0.00049170 
0.00049530 
0.00049540 
0.00049220 
0.00049000 
0.00049610 
0.00049390 
0.00049500 
0.00049540 
0.00049500 
0.00049540 
0.00049400 
0.00049620 
0.00049540 
0.00049200 
0.00049210 
0.00048800 
0.00049320 
0.00049260 
0.00049170 
0.00049140 
0.00049130 
0.00048930 
0.00048940 
0.00048890 
0.00048800 
0.00048800 
0.00048630 
0.00048660 
0.00048830 
0.00048830 
0.00048610 
0.00048530 
0.00048620 
0.00048620 
0.00048890 
0.00048850 
0.00048600 
0.00048750 
0.00048790 
0.00048870 
0.00048850 
0.00048820 
0.00048480 
0.00048820 
0.00049270 
0.00049420 
0.00049370 
0.00049300 
0.00049570 
0.00049130 
0.00049000 
0.00048960 
0.00048580 
0.00048590 
0.00048410 
0.00048410 
0.00048380 
0.00048350 
0.00048290 
0.00048260 
0.00048270 
0.00048260 
0.00048140 
0.00048100 
0.00047870 
0.00047750 
0.00048430 
0.00048590 
0.00048610 
0.00048620 
0.00048580 
0.00048130 
0.00048090 
0.00048290 
0.00048910 
0.00048350 
0.00048130 
0.00047950 
0.00047950 
0.00047890 
0.00047640 
0.00047860 
0.00047820 
0.00047850 
0.00047380 
0.00046850 
0.00046830 
0.00047370 
0.00046790 
0.00047110 
0.00046940 
0.00047410 
0.00047250 
0.00047060 
0.00047180 
0.00046940 
0.00046970 
0.00047230 
0.00047150 
0.00047000 
0.00047190 
0.00047320 
0.00047240 
0.00046910 
0.00046700 
0.00047320 
0.00047470 
0.00047240 
0.00047120 
0.00047350 
0.00047870 
0.00047550 
0.00048000 
0.00048240 
0.00047280 
0.00047160 
0.00047070 
0.00047540 
0.00047780 
0.00047780 
0.00047250 
0.00047170 
0.00047280 
0.00047240 
0.00047170 
0.00047060 
0.00047410 
0.00047470 
0.00047200 
0.00047200 
0.00047070 
0.00047180 
0.00047060 
0.00046970 
0.00047130 
0.00046960 
0.00046760 
0.00046670 
0.00046660 
0.00046370 
0.00046760 
0.00046900 
0.00046140 
0.00046570 
0.00046110 
0.00046470 
0.00046390 
0.00046110 
0.00046440 
0.00046430 
0.00046010 
0.00045470 
0.00045480 
0.00045390 
0.00045390 
0.00045400 
0.00045400 
0.00045400 
0.00045000 
0.00045000 
0.00045000 
0.00045000 
0.00045010 
0.00045430 
0.00045000 
0.00045000 
0.00045000 
0.00045000 
0.00045000 
0.00045000 
0.00045010 
0.00045000 
0.00045020 
0.00045010 
0.00045010 
0.00045010 
0.00045300 
0.00045300 
0.00045140 
0.00045330 
0.00045350 
0.00045350 
0.00045350 
0.00045470 
0.00045470 
0.00045350 
0.00045350 
0.00045350 
0.00045390 
0.00045030 
0.00045010 
0.00045010 
0.00045080 
0.00045010 
0.00045010 
0.00045010 
0.00045410 
0.00045040 
0.00045290 
0.00045040 
0.00045090 
0.00045090 
0.00044760 
0.00044900 
0.00045040 
0.00044910 
0.00044950 
0.00044700 
0.00044690 
0.00044530 
0.00044500 
0.00044500 
0.00044670 
0.00044670 
0.00044510 
0.00044510 
0.00044680 
0.00044500 
0.00044050 
0.00044290 
0.00044500 
0.00044500 
0.00044670 
0.00044650 
0.00044500 
0.00044520 
0.00044500 
0.00044500 
0.00044500 
0.00044500 
0.00044500 
0.00044500 
0.00044550 
0.00044540 
0.00044500 
0.00042860 
0.00042180 
0.00042220 
0.00042250 
0.00042240 
0.00043060 
0.00042380 
0.00042300 
0.00042390 
0.00042320 
0.00042300 
0.00042420 
0.00042170 
0.00042140 
0.00042250 
0.00042170 
0.00042080 
0.00042090 
0.00041230 
0.00041820 
0.00041460 
0.00041720 
0.00041970 
0.00041930 
0.00041620 
0.00041720 
0.00042080 
0.00042450 
0.00042140 
0.00041540 
0.00041710 
0.00042610 
0.00042820 
0.00043470 
0.00043490 
0.00043640 
0.00043640 
0.00043800 
0.00044210 
0.00044060 
0.00044490 
0.00044250 
0.00044190 
0.00044050 
0.00044040 
0.00044110 
0.00044030 
0.00044380 
0.00044360 
0.00044200 
0.00043780 
0.00043950 
0.00043770 
0.00043870 
0.00043780 
0.00043770 
0.00043770 
0.00043780 
0.00043770 
0.00043970 
0.00043780 
0.00044290 
0.00044080 
0.00044770 
0.00045010 
0.00045140 
0.00045000 
0.00045010 
0.00045080 
0.00045080 
0.00045090 
0.00045090 
0.00045230 
0.00045410 
0.00045100 
0.00045100 
0.00045290 
0.00045300 
0.00045180 
0.00045190 
0.00045190 
0.00045210 
0.00045190 
0.00045210 
0.00045210 
0.00045220 
0.00045230 
0.00045700 
0.00045700 
0.00045700 
0.00045740 
0.00045790 
0.00045830 
0.00045750 
0.00045990 
0.00045850 
0.00045750 
0.00045940 
0.00045890 
0.00045860 
0.00045870 
0.00046070 
0.00045820 
0.00046180 
0.00045900 
0.00045890 
0.00045900 
0.00045840 
0.00046170 
0.00045770 
0.00045710 
0.00045700 
0.00045710 
0.00045710 
0.00045710 
0.00045830 
0.00045970 
0.00046030 
0.00046040 
0.00045970 
0.00046010 
0.00045900 
0.00045810 
0.00045800 
0.00045880 
0.00045890 
0.00046070 
0.00045890 
0.00045810 
0.00045940 
0.00045930 
0.00045940 
0.00046060 
0.00046070 
0.00046110 
0.00046630 
0.00046560 
0.00046290 
0.00046820 
0.00046470 
0.00047430 
0.00047430 
0.00047310 
0.00047180 
0.00047140 
0.00047130 
0.00047110 
0.00047100 
0.00047380 
0.00047090 
0.00047270 
0.00047340 
0.00047850 
0.00047610 
0.00047880 
0.00047880 
0.00047610 
0.00047800 
0.00047790 
0.00047390 
0.00046910 
0.00046470 
0.00046930 
0.00046950 
0.00046950 
0.00046940 
0.00046940 
0.00046960 
0.00047180 
0.00046940 
0.00046930 
0.00046930 
0.00046930 
0.00046930 
0.00046850 
0.00046850 
0.00047060 
0.00047020 
0.00046820 
0.00046380 
0.00046260 
0.00046940 
0.00046960 
0.00046910 
0.00046850 
0.00046840 
0.00046860 
0.00047240 
0.00047250 
0.00046920 
0.00047530 
0.00047140 
0.00047550 
0.00047550 
0.00047250 
0.00047250 
0.00047250 
0.00047280 
0.00047280 
0.00047340 
0.00046790 
0.00046790 
0.00047250 
0.00047350 
0.00047310 
0.00047320 
0.00047300 
0.00047200 
0.00047020 
0.00048860 
0.00048930 
0.00048940 
0.00048970 
0.00049490 
0.00049270 
0.00049650 
0.00049490 
0.00049200 
0.00049190 
0.00049140 
0.00048920 
0.00048920 
0.00049050 
0.00048810 
0.00048660 
0.00049070 
0.00049070 
0.00049140 
0.00049130 
0.00049000 
0.00048990 
0.00049000 
0.00048600 
0.00048600 
0.00048590 
0.00048490 
0.00048500 
0.00048570 
0.00048600 
0.00048610 
0.00049100 
0.00049160 
0.00049230 
0.00049200 
0.00049170 
0.00049530 
0.00049540 
0.00049220 
0.00049000 
0.00049610 
0.00049390 
0.00049500 
0.00049540 
0.00049500 
0.00049540 
0.00049400 
0.00049620 
0.00049540 
0.00049200 
0.00049210 
0.00048800 
0.00049320 
0.00049260 
0.00049170 
0.00049140 
0.00049130 
0.00048930 
0.00048940 
0.00048890 
0.00048800 
0.00048800 
0.00048630 
0.00048660 
0.00048830 
0.00048830 
0.00048610 
0.00048530 
0.00048620 
0.00048620 
0.00048890 
0.00048850 
0.00048600 
0.00048750 
0.00048790 
0.00048870 
0.00048850 
0.00048820 
0.00048480 
0.00048820 
0.00049270 
0.00049420 
0.00049370 
0.00049300 
0.00049570 
0.00049130 
0.00049000 
0.00048960 
0.00048580 
0.00048590 
0.00048410 
0.00048410 
0.00048380 
0.00048350 
0.00048290 
0.00048260 
0.00048270 
0.00048260 
0.00048140 
0.00048100 
0.00047870 
0.00047750 
0.00048430 
0.00048590 
0.00048610 
0.00048620 
0.00048580 
0.00048130 
0.00048090 
0.00048290 
0.00048910 
0.00048350 
0.00048130 
0.00047950 
0.00047950 
0.00047890 
0.00047640 
0.00047860 
0.00047820 
0.00047850 
0.00047380 
0.00046850 
0.00046830 
0.00047370 
0.00046790 
0.00047110 
0.00046940 
0.00047410 
0.00047250 
0.00047060 
0.00047180 
0.00046940 
0.00046970 
0.00047230 
0.00047150 
0.00047000 
0.00047190 
0.00047320 
0.00047240 
0.00046910 
0.00046700 
0.00047320 
0.00047470 
0.00047240 
0.00047120 
0.00047350 
0.00047870 
0.00047550 
0.00048000 
0.00048240 
0.00047280 
0.00047160 
0.00047070 
0.00047540 
0.00047780 
0.00047780 
0.00047250 
0.00047170 
0.00047280 
0.00047240 
0.00047170 
0.00047060 
0.00047410 
0.00047470 
0.00047200 
0.00047200 
0.00047070 
0.00047180 
0.00047060 
0.00046970 
0.00047130 
0.00046960 
0.00046760 
0.00046670 
0.00046660 
0.00046370 
0.00046760 
0.00046900 
0.00046140 
0.00046570 
0.00046110 
0.00046470 
0.00046390 
0.00046110 
0.00046440 
0.00046430 
0.00046010 
0.00045470 
0.00045480 
0.00045390 
0.00045390 
0.00045400 
0.00045400 
0.00045400 
0.00045000 
0.00045000 
0.00045000 
0.00045000 
0.00045010 
0.00045430 
0.00045000 
0.00045000 
0.00045000 
0.00045000 
0.00045000 
0.00045000 
0.00045010 
0.00045000 
0.00045020 
0.00045010 
0.00045010 
0.00045010 
0.00045300 
0.00045300 
0.00045140 
0.00045330 
0.00045350 
0.00045350 
0.00045350 
0.00045470 
0.00045470 
0.00045350 
0.00045350 
0.00045350 
0.00045390 
0.00045030 
0.00045010 
0.00045010 
0.00045080 
0.00045010 
0.00045010 
0.00045010 
0.00045410 
0.00045040 
0.00045290 
0.00045040 
0.00045090 
0.00045090 
0.00044760 
0.00044900 
0.00045040 
0.00044910 
0.00044950 
0.00044700 
0.00044690 
0.00044530 
0.00044500 
0.00044500 
0.00044670 
0.00044670 
0.00044510 
0.00044510 
0.00044680 
0.00044500 
0.00044050 
0.00044290 
0.00044500 
0.00044500 
0.00044670 
0.00044650 
0.00044500 
0.00044520 
0.00044500 
0.00044500 
0.00044500 
0.00044500 
0.00044500 
0.00044500 
0.00044550 
0.00044540 
0.00044500 
0.00042860 
0.00042180 
0.00042220 
0.00042250 
0.00042240 
0.00043060 
0.00042380 
0.00042300 
0.00042390 
0.00042320 
0.00042300 
0.00042420 
0.00042170 
0.00042140 
0.00042250 
0.00042170 
0.00042080 
0.00042090 
0.00041230 
0.00041820 
0.00041460 
0.00041720 
0.00041970 
0.00041930 
0.00041620 
0.00041720 
0.00042080 
0.00042450 
0.00042140 
0.00041540 
0.00041710 
0.00042610 
0.00042820 
0.00043470 
0.00043490 
0.00043640 
0.00043640 
0.00043800 
0.00044210 
0.00044060 
0.00044490 
0.00044250 
0.00044190 
0.00044050 
0.00044040 
0.00044110 
0.00044030 
0.00044380 
0.00044360 
0.00044200 
0.00043780 
0.00043950 
0.00043770 
0.00043870 
0.00043780 
0.00043770 
0.00043770 
0.00043780 
0.00043770 
0.00043970 
0.00043780 
0.00044290 
0.00044080 
0.00044770 
0.00045010 
0.00045140 
0.00045000 
0.00045010 
0.00045080 
0.00045080 
0.00045090 
0.00045090 
0.00045230 
0.00045410 
0.00045100 
0.00045100 
0.00045290 
0.00045300 
0.00045180 
0.00045190 
0.00045190 
0.00045210 
0.00045190 
0.00045210 
0.00045210 
0.00045220 
0.00045230 
0.00045700 
0.00045700 
0.00045700 
0.00045740 
0.00045790 
0.00045830 
0.00045750 
0.00045990 
0.00045850 
0.00045750 
0.00045940 
0.00045890 
0.00045860 
0.00045870 
0.00046070 
0.00045820 
0.00046180 
0.00045900 
0.00045890 
0.00045900 
0.00045840 
0.00046170 
0.00045770 
0.00045710 
0.00045700 
0.00045710 
0.00045710 
0.00045710 
0.00045830 
0.00045970 
0.00046030 
0.00046040 
0.00045970 
0.00046010 
0.00045900 
0.00045810 
0.00045800 
0.00045880 
0.00045890 
0.00046070 
0.00045890 
0.00045810 
0.00045940 
0.00045930 
0.00045940 
0.00046060 
0.00046070 
0.00046110 
0.00046630 
0.00046560 
0.00046290 
0.00046820 
0.00046470 
0.00047430 
0.00047430 
0.00047310 
0.00047180 
0.00047140 
0.00047130 
0.00047110 
0.00047100 
0.00047380 
0.00047090 
0.00047270 
0.00047340 
0.00047850 
0.00047610 
0.00047880 
0.00047880 
0.00047610 
0.00047800 
0.00047790 
0.00047390 
0.00046910 
0.00046470 
0.00046930 
0.00046950 
0.00046950 
0.00046940 
0.00046940 
0.00046960 
0.00047180 
0.00046940 
0.00046930 
0.00046930 
0.00046930 
0.00046930 
0.00046850 
0.00046850 
0.00047060 
0.00047020 
0.00046820 
0.00046380 
0.00046260 
0.00046940 
0.00046960 
0.00046910 
0.00046850 
0.00046840 
0.00046860 
0.00047240 
0.00047250 
0.00046920 
0.00047530 
0.00047140 
0.00047550 
0.00047550 
0.00047250 
0.00047250 
0.00047250 
0.00047280 
0.00047280 
0.00047340 
0.00046790 
0.00046790 
0.00047250 
0.00047350 
0.00047310 
0.00047320 
0.00047300 
0.00047200 
0.00047020 
