0.00048700 
0.00048840 
0.00048850 
0.00048940 
0.00048820 
0.00049530 
0.00049230 
0.00049530 
0.00049210 
0.00049200 
0.00049140 
0.00049140 
0.00048920 
0.00048920 
0.00048830 
0.00048840 
0.00048930 
0.00049100 
0.00049070 
0.00049070 
0.00049150 
0.00048990 
0.00048880 
0.00049000 
0.00048600 
0.00048600 
0.00048500 
0.00048490 
0.00048500 
0.00048600 
0.00048620 
0.00048600 
0.00049130 
0.00049050 
0.00049190 
0.00049230 
0.00049530 
0.00049530 
0.00049220 
0.00049610 
0.00049460 
0.00049610 
0.00048980 
0.00049500 
0.00049580 
0.00049540 
0.00049060 
0.00049660 
0.00049330 
0.00049580 
0.00049200 
0.00049200 
0.00048800 
0.00049260 
0.00049350 
0.00049360 
0.00049320 
0.00049130 
0.00048930 
0.00048930 
0.00048860 
0.00048770 
0.00048440 
0.00048750 
0.00048870 
0.00048830 
0.00048830 
0.00048420 
0.00048630 
0.00048630 
0.00048630 
0.00048900 
0.00048530 
0.00048690 
0.00048790 
0.00048620 
0.00048870 
0.00048990 
0.00048840 
0.00048410 
0.00048950 
0.00049260 
0.00049400 
0.00049130 
0.00049300 
0.00049350 
0.00049130 
0.00048990 
0.00048970 
0.00048800 
0.00048410 
0.00048410 
0.00048380 
0.00048350 
0.00048350 
0.00048260 
0.00048260 
0.00048260 
0.00048260 
0.00048220 
0.00049100 
0.00047860 
0.00047750 
0.00048860 
0.00048590 
0.00048600 
0.00048610 
0.00048580 
0.00048580 
0.00047940 
0.00048650 
0.00048910 
0.00048300 
0.00047900 
0.00047950 
0.00047960 
0.00048290 
0.00047760 
0.00047860 
0.00047850 
0.00047860 
0.00047380 
0.00046860 
0.00047260 
0.00047370 
0.00046790 
0.00047420 
0.00047360 
0.00047210 
0.00047240 
0.00047180 
0.00047180 
0.00046980 
0.00047290 
0.00047190 
0.00047150 
0.00047320 
0.00047420 
0.00047230 
0.00047300 
0.00046910 
0.00046670 
0.00047430 
0.00047500 
0.00047630 
0.00047090 
0.00047120 
0.00047590 
0.00047980 
0.00048040 
0.00048060 
0.00047270 
0.00047480 
0.00047340 
0.00047700 
0.00047400 
0.00047680 
0.00047230 
0.00047180 
0.00047280 
0.00047240 
0.00047060 
0.00047060 
0.00047200 
0.00047470 
0.00047060 
0.00047200 
0.00047070 
0.00047170 
0.00047060 
0.00046970 
0.00047130 
0.00046960 
0.00046760 
0.00046960 
0.00046670 
0.00046560 
0.00046900 
0.00046710 
0.00046280 
0.00046580 
0.00046120 
0.00046170 
0.00046390 
0.00046620 
0.00046430 
0.00046430 
0.00046000 
0.00045470 
0.00045670 
0.00045390 
0.00045060 
0.00045400 
0.00045400 
0.00045390 
0.00045010 
0.00045000 
0.00045000 
0.00045000 
0.00045010 
0.00045000 
0.00045000 
0.00045430 
0.00045000 
0.00045000 
0.00045000 
0.00045010 
0.00045020 
0.00045010 
0.00045020 
0.00045010 
0.00045170 
0.00045030 
0.00045300 
0.00045300 
0.00045300 
0.00045330 
0.00045350 
0.00045350 
0.00045350 
0.00045470 
0.00045350 
0.00045350 
0.00045350 
0.00045390 
0.00045390 
0.00045010 
0.00045010 
0.00045010 
0.00045030 
0.00045160 
0.00045010 
0.00045010 
0.00045040 
0.00045030 
0.00045050 
0.00045290 
0.00045040 
0.00045470 
0.00045150 
0.00044900 
0.00045070 
0.00045340 
0.00044950 
0.00044700 
0.00044700 
0.00044500 
0.00044500 
0.00044690 
0.00044670 
0.00044500 
0.00044690 
0.00044510 
0.00044500 
0.00044500 
0.00044010 
0.00044550 
0.00044670 
0.00044620 
0.00044660 
0.00044650 
0.00044500 
0.00044520 
0.00044500 
0.00044500 
0.00044500 
0.00044500 
0.00044530 
0.00044500 
0.00044540 
0.00045460 
0.00044500 
0.00042220 
0.00042350 
0.00042230 
0.00042580 
0.00042300 
0.00042890 
0.00042180 
0.00042300 
0.00042460 
0.00042380 
0.00042300 
0.00042380 
0.00042160 
0.00042150 
0.00042240 
0.00042170 
0.00042090 
0.00042090 
0.00041450 
0.00041630 
0.00041460 
0.00041900 
0.00042090 
0.00042160 
0.00041770 
0.00041740 
0.00042160 
0.00042460 
0.00042340 
0.00041990 
0.00041660 
0.00042610 
0.00042500 
0.00043370 
0.00043540 
0.00043640 
0.00043640 
0.00043640 
0.00044050 
0.00043960 
0.00044460 
0.00044290 
0.00044050 
0.00044040 
0.00044230 
0.00044090 
0.00044310 
0.00044460 
0.00043920 
0.00044200 
0.00044220 
0.00043770 
0.00043770 
0.00043790 
0.00043770 
0.00043770 
0.00043990 
0.00043770 
0.00043770 
0.00044360 
0.00043800 
0.00044190 
0.00044080 
0.00044330 
0.00045000 
0.00045140 
0.00045000 
0.00045010 
0.00045000 
0.00045080 
0.00045090 
0.00045090 
0.00045280 
0.00045410 
0.00045300 
0.00045290 
0.00045100 
0.00045360 
0.00045180 
0.00045190 
0.00045180 
0.00045210 
0.00045180 
0.00045210 
0.00045210 
0.00045210 
0.00045250 
0.00045700 
0.00045700 
0.00045700 
0.00045790 
0.00045790 
0.00045830 
0.00045840 
0.00045800 
0.00045820 
0.00045760 
0.00045890 
0.00045890 
0.00045850 
0.00046200 
0.00046140 
0.00046190 
0.00046200 
0.00045900 
0.00045900 
0.00045840 
0.00045840 
0.00046130 
0.00045710 
0.00045710 
0.00045700 
0.00045710 
0.00045710 
0.00045730 
0.00045970 
0.00045970 
0.00046030 
0.00045970 
0.00045820 
0.00046030 
0.00045810 
0.00045800 
0.00045800 
0.00045890 
0.00045910 
0.00045890 
0.00045940 
0.00045810 
0.00045900 
0.00045920 
0.00045920 
0.00046070 
0.00046110 
0.00046110 
0.00046700 
0.00046560 
0.00046090 
0.00047040 
0.00046810 
0.00047430 
0.00047380 
0.00047380 
0.00047370 
0.00047130 
0.00047120 
0.00047340 
0.00047340 
0.00047380 
0.00047050 
0.00047270 
0.00047330 
0.00047620 
0.00047610 
0.00047610 
0.00047610 
0.00047960 
0.00047790 
0.00047800 
0.00047300 
0.00046870 
0.00046820 
0.00046950 
0.00046950 
0.00046960 
0.00046930 
0.00046930 
0.00046960 
0.00047190 
0.00046930 
0.00046930 
0.00046930 
0.00046930 
0.00046850 
0.00046850 
0.00046850 
0.00047020 
0.00047020 
0.00046830 
0.00046380 
0.00046380 
0.00046950 
0.00046910 
0.00046850 
0.00046840 
0.00046840 
0.00046860 
0.00047260 
0.00046870 
0.00046890 
0.00047550 
0.00047490 
0.00047550 
0.00047550 
0.00047240 
0.00047250 
0.00047250 
0.00047280 
0.00047290 
0.00046790 
0.00046790 
0.00046790 
0.00047350 
0.00047340 
0.00047440 
0.00047310 
0.00047300 
0.00047200 
0.00048840 
0.00048840 
0.00048850 
0.00048940 
0.00048820 
0.00049530 
0.00049230 
0.00049530 
0.00049210 
0.00049200 
0.00049140 
0.00049140 
0.00048920 
0.00048920 
0.00048830 
0.00048840 
0.00048930 
0.00049100 
0.00049070 
0.00049070 
0.00049150 
0.00048990 
0.00048880 
0.00049000 
0.00048600 
0.00048600 
0.00048500 
0.00048490 
0.00048500 
0.00048600 
0.00048620 
0.00048600 
0.00049130 
0.00049050 
0.00049190 
0.00049230 
0.00049530 
0.00049530 
0.00049220 
0.00049610 
0.00049460 
0.00049610 
0.00048980 
0.00049500 
0.00049580 
0.00049540 
0.00049060 
0.00049660 
0.00049330 
0.00049580 
0.00049200 
0.00049200 
0.00048800 
0.00049260 
0.00049350 
0.00049360 
0.00049320 
0.00049130 
0.00048930 
0.00048930 
0.00048860 
0.00048770 
0.00048440 
0.00048750 
0.00048870 
0.00048830 
0.00048830 
0.00048420 
0.00048630 
0.00048630 
0.00048630 
0.00048900 
0.00048530 
0.00048690 
0.00048790 
0.00048620 
0.00048870 
0.00048990 
0.00048840 
0.00048410 
0.00048950 
0.00049260 
0.00049400 
0.00049130 
0.00049300 
0.00049350 
0.00049130 
0.00048990 
0.00048970 
0.00048800 
0.00048410 
0.00048410 
0.00048380 
0.00048350 
0.00048350 
0.00048260 
0.00048260 
0.00048260 
0.00048260 
0.00048220 
0.00049100 
0.00047860 
0.00047750 
0.00048860 
0.00048590 
0.00048600 
0.00048610 
0.00048580 
0.00048580 
0.00047940 
0.00048650 
0.00048910 
0.00048300 
0.00047900 
0.00047950 
0.00047960 
0.00048290 
0.00047760 
0.00047860 
0.00047850 
0.00047860 
0.00047380 
0.00046860 
0.00047260 
0.00047370 
0.00046790 
0.00047420 
0.00047360 
0.00047210 
0.00047240 
0.00047180 
0.00047180 
0.00046980 
0.00047290 
0.00047190 
0.00047150 
0.00047320 
0.00047420 
0.00047230 
0.00047300 
0.00046910 
0.00046670 
0.00047430 
0.00047500 
0.00047630 
0.00047090 
0.00047120 
0.00047590 
0.00047980 
0.00048040 
0.00048060 
0.00047270 
0.00047480 
0.00047340 
0.00047700 
0.00047400 
0.00047680 
0.00047230 
0.00047180 
0.00047280 
0.00047240 
0.00047060 
0.00047060 
0.00047200 
0.00047470 
0.00047060 
0.00047200 
0.00047070 
0.00047170 
0.00047060 
0.00046970 
0.00047130 
0.00046960 
0.00046760 
0.00046960 
0.00046670 
0.00046560 
0.00046900 
0.00046710 
0.00046280 
0.00046580 
0.00046120 
0.00046170 
0.00046390 
0.00046620 
0.00046430 
0.00046430 
0.00046000 
0.00045470 
0.00045670 
0.00045390 
0.00045060 
0.00045400 
0.00045400 
0.00045390 
0.00045010 
0.00045000 
0.00045000 
0.00045000 
0.00045010 
0.00045000 
0.00045000 
0.00045430 
0.00045000 
0.00045000 
0.00045000 
0.00045010 
0.00045020 
0.00045010 
0.00045020 
0.00045010 
0.00045170 
0.00045030 
0.00045300 
0.00045300 
0.00045300 
0.00045330 
0.00045350 
0.00045350 
0.00045350 
0.00045470 
0.00045350 
0.00045350 
0.00045350 
0.00045390 
0.00045390 
0.00045010 
0.00045010 
0.00045010 
0.00045030 
0.00045160 
0.00045010 
0.00045010 
0.00045040 
0.00045030 
0.00045050 
0.00045290 
0.00045040 
0.00045470 
0.00045150 
0.00044900 
0.00045070 
0.00045340 
0.00044950 
0.00044700 
0.00044700 
0.00044500 
0.00044500 
0.00044690 
0.00044670 
0.00044500 
0.00044690 
0.00044510 
0.00044500 
0.00044500 
0.00044010 
0.00044550 
0.00044670 
0.00044620 
0.00044660 
0.00044650 
0.00044500 
0.00044520 
0.00044500 
0.00044500 
0.00044500 
0.00044500 
0.00044530 
0.00044500 
0.00044540 
0.00045460 
0.00044500 
0.00042220 
0.00042350 
0.00042230 
0.00042580 
0.00042300 
0.00042890 
0.00042180 
0.00042300 
0.00042460 
0.00042380 
0.00042300 
0.00042380 
0.00042160 
0.00042150 
0.00042240 
0.00042170 
0.00042090 
0.00042090 
0.00041450 
0.00041630 
0.00041460 
0.00041900 
0.00042090 
0.00042160 
0.00041770 
0.00041740 
0.00042160 
0.00042460 
0.00042340 
0.00041990 
0.00041660 
0.00042610 
0.00042500 
0.00043370 
0.00043540 
0.00043640 
0.00043640 
0.00043640 
0.00044050 
0.00043960 
0.00044460 
0.00044290 
0.00044050 
0.00044040 
0.00044230 
0.00044090 
0.00044310 
0.00044460 
0.00043920 
0.00044200 
0.00044220 
0.00043770 
0.00043770 
0.00043790 
0.00043770 
0.00043770 
0.00043990 
0.00043770 
0.00043770 
0.00044360 
0.00043800 
0.00044190 
0.00044080 
0.00044330 
0.00045000 
0.00045140 
0.00045000 
0.00045010 
0.00045000 
0.00045080 
0.00045090 
0.00045090 
0.00045280 
0.00045410 
0.00045300 
0.00045290 
0.00045100 
0.00045360 
0.00045180 
0.00045190 
0.00045180 
0.00045210 
0.00045180 
0.00045210 
0.00045210 
0.00045210 
0.00045250 
0.00045700 
0.00045700 
0.00045700 
0.00045790 
0.00045790 
0.00045830 
0.00045840 
0.00045800 
0.00045820 
0.00045760 
0.00045890 
0.00045890 
0.00045850 
0.00046200 
0.00046140 
0.00046190 
0.00046200 
0.00045900 
0.00045900 
0.00045840 
0.00045840 
0.00046130 
0.00045710 
0.00045710 
0.00045700 
0.00045710 
0.00045710 
0.00045730 
0.00045970 
0.00045970 
0.00046030 
0.00045970 
0.00045820 
0.00046030 
0.00045810 
0.00045800 
0.00045800 
0.00045890 
0.00045910 
0.00045890 
0.00045940 
0.00045810 
0.00045900 
0.00045920 
0.00045920 
0.00046070 
0.00046110 
0.00046110 
0.00046700 
0.00046560 
0.00046090 
0.00047040 
0.00046810 
0.00047430 
0.00047380 
0.00047380 
0.00047370 
0.00047130 
0.00047120 
0.00047340 
0.00047340 
0.00047380 
0.00047050 
0.00047270 
0.00047330 
0.00047620 
0.00047610 
0.00047610 
0.00047610 
0.00047960 
0.00047790 
0.00047800 
0.00047300 
0.00046870 
0.00046820 
0.00046950 
0.00046950 
0.00046960 
0.00046930 
0.00046930 
0.00046960 
0.00047190 
0.00046930 
0.00046930 
0.00046930 
0.00046930 
0.00046850 
0.00046850 
0.00046850 
0.00047020 
0.00047020 
0.00046830 
0.00046380 
0.00046380 
0.00046950 
0.00046910 
0.00046850 
0.00046840 
0.00046840 
0.00046860 
0.00047260 
0.00046870 
0.00046890 
0.00047550 
0.00047490 
0.00047550 
0.00047550 
0.00047240 
0.00047250 
0.00047250 
0.00047280 
0.00047290 
0.00046790 
0.00046790 
0.00046790 
0.00047350 
0.00047340 
0.00047440 
0.00047310 
0.00047300 
0.00047200 
0.00048840 
0.00048840 
0.00048850 
0.00048940 
0.00048820 
0.00049530 
0.00049230 
0.00049530 
0.00049210 
0.00049200 
0.00049140 
0.00049140 
0.00048920 
0.00048920 
0.00048830 
0.00048840 
0.00048930 
0.00049100 
0.00049070 
0.00049070 
0.00049150 
0.00048990 
0.00048880 
0.00049000 
0.00048600 
0.00048600 
0.00048500 
0.00048490 
0.00048500 
0.00048600 
0.00048620 
0.00048600 
0.00049130 
0.00049050 
0.00049190 
0.00049230 
0.00049530 
0.00049530 
0.00049220 
0.00049610 
0.00049460 
0.00049610 
0.00048980 
0.00049500 
0.00049580 
0.00049540 
0.00049060 
0.00049660 
0.00049330 
0.00049580 
0.00049200 
0.00049200 
0.00048800 
0.00049260 
0.00049350 
0.00049360 
0.00049320 
0.00049130 
0.00048930 
0.00048930 
0.00048860 
0.00048770 
0.00048440 
0.00048750 
0.00048870 
0.00048830 
0.00048830 
0.00048420 
0.00048630 
0.00048630 
0.00048630 
0.00048900 
0.00048530 
0.00048690 
0.00048790 
0.00048620 
0.00048870 
0.00048990 
0.00048840 
0.00048410 
0.00048950 
0.00049260 
0.00049400 
0.00049130 
0.00049300 
0.00049350 
0.00049130 
0.00048990 
0.00048970 
0.00048800 
0.00048410 
0.00048410 
0.00048380 
0.00048350 
0.00048350 
0.00048260 
0.00048260 
0.00048260 
0.00048260 
0.00048220 
0.00049100 
0.00047860 
0.00047750 
0.00048860 
0.00048590 
0.00048600 
0.00048610 
0.00048580 
0.00048580 
0.00047940 
0.00048650 
0.00048910 
0.00048300 
0.00047900 
0.00047950 
0.00047960 
0.00048290 
0.00047760 
0.00047860 
0.00047850 
0.00047860 
0.00047380 
0.00046860 
0.00047260 
0.00047370 
0.00046790 
0.00047420 
0.00047360 
0.00047210 
0.00047240 
0.00047180 
0.00047180 
0.00046980 
0.00047290 
0.00047190 
0.00047150 
0.00047320 
0.00047420 
0.00047230 
0.00047300 
0.00046910 
0.00046670 
0.00047430 
0.00047500 
0.00047630 
0.00047090 
0.00047120 
0.00047590 
0.00047980 
0.00048040 
0.00048060 
0.00047270 
0.00047480 
0.00047340 
0.00047700 
0.00047400 
0.00047680 
0.00047230 
0.00047180 
0.00047280 
0.00047240 
0.00047060 
0.00047060 
0.00047200 
0.00047470 
0.00047060 
0.00047200 
0.00047070 
0.00047170 
0.00047060 
0.00046970 
0.00047130 
0.00046960 
0.00046760 
0.00046960 
0.00046670 
0.00046560 
0.00046900 
0.00046710 
0.00046280 
0.00046580 
0.00046120 
0.00046170 
0.00046390 
0.00046620 
0.00046430 
0.00046430 
0.00046000 
0.00045470 
0.00045670 
0.00045390 
0.00045060 
0.00045400 
0.00045400 
0.00045390 
0.00045010 
0.00045000 
0.00045000 
0.00045000 
0.00045010 
0.00045000 
0.00045000 
0.00045430 
0.00045000 
0.00045000 
0.00045000 
0.00045010 
0.00045020 
0.00045010 
0.00045020 
0.00045010 
0.00045170 
0.00045030 
0.00045300 
0.00045300 
0.00045300 
0.00045330 
0.00045350 
0.00045350 
0.00045350 
0.00045470 
0.00045350 
0.00045350 
0.00045350 
0.00045390 
0.00045390 
0.00045010 
0.00045010 
0.00045010 
0.00045030 
0.00045160 
0.00045010 
0.00045010 
0.00045040 
0.00045030 
0.00045050 
0.00045290 
0.00045040 
0.00045470 
0.00045150 
0.00044900 
0.00045070 
0.00045340 
0.00044950 
0.00044700 
0.00044700 
0.00044500 
0.00044500 
0.00044690 
0.00044670 
0.00044500 
0.00044690 
0.00044510 
0.00044500 
0.00044500 
0.00044010 
0.00044550 
0.00044670 
0.00044620 
0.00044660 
0.00044650 
0.00044500 
0.00044520 
0.00044500 
0.00044500 
0.00044500 
0.00044500 
0.00044530 
0.00044500 
0.00044540 
0.00045460 
0.00044500 
0.00042220 
0.00042350 
0.00042230 
0.00042580 
0.00042300 
0.00042890 
0.00042180 
0.00042300 
0.00042460 
0.00042380 
0.00042300 
0.00042380 
0.00042160 
0.00042150 
0.00042240 
0.00042170 
0.00042090 
0.00042090 
0.00041450 
0.00041630 
0.00041460 
0.00041900 
0.00042090 
0.00042160 
0.00041770 
0.00041740 
0.00042160 
0.00042460 
0.00042340 
0.00041990 
0.00041660 
0.00042610 
0.00042500 
0.00043370 
0.00043540 
0.00043640 
0.00043640 
0.00043640 
0.00044050 
0.00043960 
0.00044460 
0.00044290 
0.00044050 
0.00044040 
0.00044230 
0.00044090 
0.00044310 
0.00044460 
0.00043920 
0.00044200 
0.00044220 
0.00043770 
0.00043770 
0.00043790 
0.00043770 
0.00043770 
0.00043990 
0.00043770 
0.00043770 
0.00044360 
0.00043800 
0.00044190 
0.00044080 
0.00044330 
0.00045000 
0.00045140 
0.00045000 
0.00045010 
0.00045000 
0.00045080 
0.00045090 
0.00045090 
0.00045280 
0.00045410 
0.00045300 
0.00045290 
0.00045100 
0.00045360 
0.00045180 
0.00045190 
0.00045180 
0.00045210 
0.00045180 
0.00045210 
0.00045210 
0.00045210 
0.00045250 
0.00045700 
0.00045700 
0.00045700 
0.00045790 
0.00045790 
0.00045830 
0.00045840 
0.00045800 
0.00045820 
0.00045760 
0.00045890 
0.00045890 
0.00045850 
0.00046200 
0.00046140 
0.00046190 
0.00046200 
0.00045900 
0.00045900 
0.00045840 
0.00045840 
0.00046130 
0.00045710 
0.00045710 
0.00045700 
0.00045710 
0.00045710 
0.00045730 
0.00045970 
0.00045970 
0.00046030 
0.00045970 
0.00045820 
0.00046030 
0.00045810 
0.00045800 
0.00045800 
0.00045890 
0.00045910 
0.00045890 
0.00045940 
0.00045810 
0.00045900 
0.00045920 
0.00045920 
0.00046070 
0.00046110 
0.00046110 
0.00046700 
0.00046560 
0.00046090 
0.00047040 
0.00046810 
0.00047430 
0.00047380 
0.00047380 
0.00047370 
0.00047130 
0.00047120 
0.00047340 
0.00047340 
0.00047380 
0.00047050 
0.00047270 
0.00047330 
0.00047620 
0.00047610 
0.00047610 
0.00047610 
0.00047960 
0.00047790 
0.00047800 
0.00047300 
0.00046870 
0.00046820 
0.00046950 
0.00046950 
0.00046960 
0.00046930 
0.00046930 
0.00046960 
0.00047190 
0.00046930 
0.00046930 
0.00046930 
0.00046930 
0.00046850 
0.00046850 
0.00046850 
0.00047020 
0.00047020 
0.00046830 
0.00046380 
0.00046380 
0.00046950 
0.00046910 
0.00046850 
0.00046840 
0.00046840 
0.00046860 
0.00047260 
0.00046870 
0.00046890 
0.00047550 
0.00047490 
0.00047550 
0.00047550 
0.00047240 
0.00047250 
0.00047250 
0.00047280 
0.00047290 
0.00046790 
0.00046790 
0.00046790 
0.00047350 
0.00047340 
0.00047440 
0.00047310 
0.00047300 
0.00047200 
