15.00000000 
770.00000000 
359.00000000 
7735.00000000 
1380.00000000 
1434.00000000 
4119.00000000 
1413.00000000 
995.00000000 
1091.00000000 
1910.00000000 
230.00000000 
229.00000000 
617.00000000 
3784.00000000 
5217.00000000 
1911.00000000 
973.00000000 
1709.00000000 
1094.00000000 
801.00000000 
2716.00000000 
474.00000000 
1088.00000000 
5567.00000000 
1504.00000000 
3505.00000000 
5912.00000000 
1225.00000000 
8746.00000000 
3483.00000000 
5181.00000000 
2875.00000000 
13458.00000000 
7419.00000000 
4779.00000000 
7280.00000000 
266.00000000 
1317.00000000 
3677.00000000 
565.00000000 
1558.00000000 
991.00000000 
737.00000000 
2146.00000000 
2294.00000000 
1081.00000000 
1134.00000000 
482.00000000 
1274.00000000 
1121.00000000 
6594.00000000 
3118.00000000 
1133.00000000 
2680.00000000 
1134.00000000 
587.00000000 
1774.00000000 
2104.00000000 
1902.00000000 
3685.00000000 
3781.00000000 
798.00000000 
3377.00000000 
4659.00000000 
308.00000000 
268.00000000 
624.00000000 
3198.00000000 
16638.00000000 
4419.00000000 
1640.00000000 
199.00000000 
846.00000000 
1924.00000000 
1037.00000000 
2922.00000000 
2110.00000000 
1058.00000000 
868.00000000 
2174.00000000 
1868.00000000 
1465.00000000 
1910.00000000 
718.00000000 
2234.00000000 
1265.00000000 
2187.00000000 
402.00000000 
541.00000000 
1357.00000000 
397.00000000 
388.00000000 
1651.00000000 
685.00000000 
747.00000000 
329.00000000 
8456.00000000 
3028.00000000 
2472.00000000 
7642.00000000 
6241.00000000 
569.00000000 
56.00000000 
397.00000000 
89.00000000 
324.00000000 
2284.00000000 
23574.00000000 
373.00000000 
3020.00000000 
113.00000000 
2155.00000000 
921.00000000 
691.00000000 
987.00000000 
4133.00000000 
1930.00000000 
1647.00000000 
3232.00000000 
1060.00000000 
2601.00000000 
10115.00000000 
2461.00000000 
2092.00000000 
5106.00000000 
9460.00000000 
5405.00000000 
4712.00000000 
10363.00000000 
4242.00000000 
8503.00000000 
4061.00000000 
3407.00000000 
84.00000000 
4125.00000000 
863.00000000 
1703.00000000 
5534.00000000 
1837.00000000 
3595.00000000 
709.00000000 
3959.00000000 
4098.00000000 
5790.00000000 
3716.00000000 
3960.00000000 
1830.00000000 
5383.00000000 
3470.00000000 
9374.00000000 
2003.00000000 
4023.00000000 
6121.00000000 
3058.00000000 
3247.00000000 
17509.00000000 
1508.00000000 
5468.00000000 
5859.00000000 
4460.00000000 
12547.00000000 
11670.00000000 
3728.00000000 
232.00000000 
2593.00000000 
285.00000000 
613.00000000 
452.00000000 
3454.00000000 
840.00000000 
2075.00000000 
2998.00000000 
455.00000000 
509.00000000 
3943.00000000 
1262.00000000 
2926.00000000 
1376.00000000 
7324.00000000 
1782.00000000 
385.00000000 
905.00000000 
1387.00000000 
337.00000000 
1237.00000000 
2290.00000000 
1929.00000000 
15295.00000000 
1944.00000000 
276.00000000 
1052.00000000 
1481.00000000 
274.00000000 
1467.00000000 
667.00000000 
9048.00000000 
966.00000000 
812.00000000 
318.00000000 
311.00000000 
602.00000000 
744.00000000 
63.00000000 
2519.00000000 
8535.00000000 
720.00000000 
2837.00000000 
4802.00000000 
6899.00000000 
4107.00000000 
923.00000000 
6499.00000000 
2512.00000000 
4275.00000000 
4668.00000000 
220.00000000 
171.00000000 
816.00000000 
341.00000000 
647.00000000 
1797.00000000 
4062.00000000 
788.00000000 
5067.00000000 
2298.00000000 
1372.00000000 
1239.00000000 
1302.00000000 
714.00000000 
1719.00000000 
1081.00000000 
4213.00000000 
2337.00000000 
2876.00000000 
4381.00000000 
1422.00000000 
3328.00000000 
12066.00000000 
2945.00000000 
14600.00000000 
2073.00000000 
4928.00000000 
2842.00000000 
2172.00000000 
3878.00000000 
7791.00000000 
2039.00000000 
2512.00000000 
1629.00000000 
6648.00000000 
4259.00000000 
4603.00000000 
898.00000000 
122.00000000 
11948.00000000 
4792.00000000 
137.00000000 
1354.00000000 
2407.00000000 
2903.00000000 
1126.00000000 
1244.00000000 
4257.00000000 
333.00000000 
1532.00000000 
185.00000000 
1177.00000000 
472.00000000 
1444.00000000 
2796.00000000 
1394.00000000 
4106.00000000 
2493.00000000 
527.00000000 
796.00000000 
1999.00000000 
5524.00000000 
100.00000000 
38.00000000 
3077.00000000 
3339.00000000 
53.00000000 
1281.00000000 
2625.00000000 
2201.00000000 
1570.00000000 
1281.00000000 
460.00000000 
1038.00000000 
637.00000000 
42.00000000 
1470.00000000 
1022.00000000 
4663.00000000 
132.00000000 
20269.00000000 
2495.00000000 
59.00000000 
45.00000000 
70.00000000 
655.00000000 
9630.00000000 
566.00000000 
5334.00000000 
3897.00000000 
21747.00000000 
5622.00000000 
2463.00000000 
1328.00000000 
720.00000000 
1016.00000000 
1915.00000000 
3717.00000000 
1469.00000000 
2408.00000000 
859.00000000 
902.00000000 
54.00000000 
3264.00000000 
6273.00000000 
525.00000000 
9184.00000000 
27803.00000000 
12888.00000000 
1824.00000000 
2406.00000000 
4715.00000000 
3986.00000000 
3618.00000000 
4577.00000000 
4529.00000000 
2964.00000000 
8997.00000000 
1223.00000000 
5793.00000000 
1232.00000000 
983.00000000 
10103.00000000 
3031.00000000 
3731.00000000 
2100.00000000 
3281.00000000 
2858.00000000 
2395.00000000 
2358.00000000 
9911.00000000 
3387.00000000 
4609.00000000 
1166.00000000 
894.00000000 
12720.00000000 
2290.00000000 
1474.00000000 
934.00000000 
3016.00000000 
2274.00000000 
3587.00000000 
12970.00000000 
1176.00000000 
12260.00000000 
3601.00000000 
5812.00000000 
268.00000000 
1976.00000000 
376.00000000 
906.00000000 
4194.00000000 
5443.00000000 
5218.00000000 
3312.00000000 
1921.00000000 
4110.00000000 
538.00000000 
560.00000000 
3416.00000000 
12265.00000000 
4345.00000000 
1545.00000000 
16448.00000000 
2685.00000000 
454.00000000 
21419.00000000 
7457.00000000 
3448.00000000 
3901.00000000 
3247.00000000 
4044.00000000 
11436.00000000 
404.00000000 
1812.00000000 
717.00000000 
3519.00000000 
3293.00000000 
1933.00000000 
3978.00000000 
5288.00000000 
4032.00000000 
11347.00000000 
1285.00000000 
893.00000000 
437.00000000 
4650.00000000 
2795.00000000 
1951.00000000 
400.00000000 
496.00000000 
692.00000000 
1321.00000000 
3929.00000000 
11646.00000000 
16050.00000000 
10736.00000000 
714.00000000 
2063.00000000 
2218.00000000 
997.00000000 
1535.00000000 
620.00000000 
160.00000000 
125.00000000 
3985.00000000 
820.00000000 
799.00000000 
1398.00000000 
9956.00000000 
788.00000000 
2093.00000000 
414.00000000 
3080.00000000 
3273.00000000 
2786.00000000 
1733.00000000 
1615.00000000 
1457.00000000 
554.00000000 
134.00000000 
1602.00000000 
387.00000000 
214.00000000 
66.00000000 
4055.00000000 
961.00000000 
2411.00000000 
1568.00000000 
174.00000000 
846.00000000 
692.00000000 
4774.00000000 
3499.00000000 
3444.00000000 
192.00000000 
2289.00000000 
1239.00000000 
6262.00000000 
1543.00000000 
6840.00000000 
3262.00000000 
754.00000000 
195.00000000 
246.00000000 
37.00000000 
707.00000000 
582.00000000 
4263.00000000 
1120.00000000 
142.00000000 
5289.00000000 
8544.00000000 
2651.00000000 
1321.00000000 
1966.00000000 
7637.00000000 
5254.00000000 
2744.00000000 
1028.00000000 
3188.00000000 
14012.00000000 
10421.00000000 
377.00000000 
15.00000000 
770.00000000 
359.00000000 
7735.00000000 
1380.00000000 
1434.00000000 
4119.00000000 
1413.00000000 
995.00000000 
1091.00000000 
1910.00000000 
230.00000000 
229.00000000 
617.00000000 
3784.00000000 
5217.00000000 
1911.00000000 
973.00000000 
1709.00000000 
1094.00000000 
801.00000000 
2716.00000000 
474.00000000 
1088.00000000 
5567.00000000 
1504.00000000 
3505.00000000 
5912.00000000 
1225.00000000 
8746.00000000 
3483.00000000 
5181.00000000 
2875.00000000 
13458.00000000 
7419.00000000 
4779.00000000 
7280.00000000 
266.00000000 
1317.00000000 
3677.00000000 
565.00000000 
1558.00000000 
991.00000000 
737.00000000 
2146.00000000 
2294.00000000 
1081.00000000 
1134.00000000 
482.00000000 
1274.00000000 
1121.00000000 
6594.00000000 
3118.00000000 
1133.00000000 
2680.00000000 
1134.00000000 
587.00000000 
1774.00000000 
2104.00000000 
1902.00000000 
3685.00000000 
3781.00000000 
798.00000000 
3377.00000000 
4659.00000000 
308.00000000 
268.00000000 
624.00000000 
3198.00000000 
16638.00000000 
4419.00000000 
1640.00000000 
199.00000000 
846.00000000 
1924.00000000 
1037.00000000 
2922.00000000 
2110.00000000 
1058.00000000 
868.00000000 
2174.00000000 
1868.00000000 
1465.00000000 
1910.00000000 
718.00000000 
2234.00000000 
1265.00000000 
2187.00000000 
402.00000000 
541.00000000 
1357.00000000 
397.00000000 
388.00000000 
1651.00000000 
685.00000000 
747.00000000 
329.00000000 
8456.00000000 
3028.00000000 
2472.00000000 
7642.00000000 
6241.00000000 
569.00000000 
56.00000000 
397.00000000 
89.00000000 
324.00000000 
2284.00000000 
23574.00000000 
373.00000000 
3020.00000000 
113.00000000 
2155.00000000 
921.00000000 
691.00000000 
987.00000000 
4133.00000000 
1930.00000000 
1647.00000000 
3232.00000000 
1060.00000000 
2601.00000000 
10115.00000000 
2461.00000000 
2092.00000000 
5106.00000000 
9460.00000000 
5405.00000000 
4712.00000000 
10363.00000000 
4242.00000000 
8503.00000000 
4061.00000000 
3407.00000000 
84.00000000 
4125.00000000 
863.00000000 
1703.00000000 
5534.00000000 
1837.00000000 
3595.00000000 
709.00000000 
3959.00000000 
4098.00000000 
5790.00000000 
3716.00000000 
3960.00000000 
1830.00000000 
5383.00000000 
3470.00000000 
9374.00000000 
2003.00000000 
4023.00000000 
6121.00000000 
3058.00000000 
3247.00000000 
17509.00000000 
1508.00000000 
5468.00000000 
5859.00000000 
4460.00000000 
12547.00000000 
11670.00000000 
3728.00000000 
232.00000000 
2593.00000000 
285.00000000 
613.00000000 
452.00000000 
3454.00000000 
840.00000000 
2075.00000000 
2998.00000000 
455.00000000 
509.00000000 
3943.00000000 
1262.00000000 
2926.00000000 
1376.00000000 
7324.00000000 
1782.00000000 
385.00000000 
905.00000000 
1387.00000000 
337.00000000 
1237.00000000 
2290.00000000 
1929.00000000 
15295.00000000 
1944.00000000 
276.00000000 
1052.00000000 
1481.00000000 
274.00000000 
1467.00000000 
667.00000000 
9048.00000000 
966.00000000 
812.00000000 
318.00000000 
311.00000000 
602.00000000 
744.00000000 
63.00000000 
2519.00000000 
8535.00000000 
720.00000000 
2837.00000000 
4802.00000000 
6899.00000000 
4107.00000000 
923.00000000 
6499.00000000 
2512.00000000 
4275.00000000 
4668.00000000 
220.00000000 
171.00000000 
816.00000000 
341.00000000 
647.00000000 
1797.00000000 
4062.00000000 
788.00000000 
5067.00000000 
2298.00000000 
1372.00000000 
1239.00000000 
1302.00000000 
714.00000000 
1719.00000000 
1081.00000000 
4213.00000000 
2337.00000000 
2876.00000000 
4381.00000000 
1422.00000000 
3328.00000000 
12066.00000000 
2945.00000000 
14600.00000000 
2073.00000000 
4928.00000000 
2842.00000000 
2172.00000000 
3878.00000000 
7791.00000000 
2039.00000000 
2512.00000000 
1629.00000000 
6648.00000000 
4259.00000000 
4603.00000000 
898.00000000 
122.00000000 
11948.00000000 
4792.00000000 
137.00000000 
1354.00000000 
2407.00000000 
2903.00000000 
1126.00000000 
1244.00000000 
4257.00000000 
333.00000000 
1532.00000000 
185.00000000 
1177.00000000 
472.00000000 
1444.00000000 
2796.00000000 
1394.00000000 
4106.00000000 
2493.00000000 
527.00000000 
796.00000000 
1999.00000000 
5524.00000000 
100.00000000 
38.00000000 
3077.00000000 
3339.00000000 
53.00000000 
1281.00000000 
2625.00000000 
2201.00000000 
1570.00000000 
1281.00000000 
460.00000000 
1038.00000000 
637.00000000 
42.00000000 
1470.00000000 
1022.00000000 
4663.00000000 
132.00000000 
20269.00000000 
2495.00000000 
59.00000000 
45.00000000 
70.00000000 
655.00000000 
9630.00000000 
566.00000000 
5334.00000000 
3897.00000000 
21747.00000000 
5622.00000000 
2463.00000000 
1328.00000000 
720.00000000 
1016.00000000 
1915.00000000 
3717.00000000 
1469.00000000 
2408.00000000 
859.00000000 
902.00000000 
54.00000000 
3264.00000000 
6273.00000000 
525.00000000 
9184.00000000 
27803.00000000 
12888.00000000 
1824.00000000 
2406.00000000 
4715.00000000 
3986.00000000 
3618.00000000 
4577.00000000 
4529.00000000 
2964.00000000 
8997.00000000 
1223.00000000 
5793.00000000 
1232.00000000 
983.00000000 
10103.00000000 
3031.00000000 
3731.00000000 
2100.00000000 
3281.00000000 
2858.00000000 
2395.00000000 
2358.00000000 
9911.00000000 
3387.00000000 
4609.00000000 
1166.00000000 
894.00000000 
12720.00000000 
2290.00000000 
1474.00000000 
934.00000000 
3016.00000000 
2274.00000000 
3587.00000000 
12970.00000000 
1176.00000000 
12260.00000000 
3601.00000000 
5812.00000000 
268.00000000 
1976.00000000 
376.00000000 
906.00000000 
4194.00000000 
5443.00000000 
5218.00000000 
3312.00000000 
1921.00000000 
4110.00000000 
538.00000000 
560.00000000 
3416.00000000 
12265.00000000 
4345.00000000 
1545.00000000 
16448.00000000 
2685.00000000 
454.00000000 
21419.00000000 
7457.00000000 
3448.00000000 
3901.00000000 
3247.00000000 
4044.00000000 
11436.00000000 
404.00000000 
1812.00000000 
717.00000000 
3519.00000000 
3293.00000000 
1933.00000000 
3978.00000000 
5288.00000000 
4032.00000000 
11347.00000000 
1285.00000000 
893.00000000 
437.00000000 
4650.00000000 
2795.00000000 
1951.00000000 
400.00000000 
496.00000000 
692.00000000 
1321.00000000 
3929.00000000 
11646.00000000 
16050.00000000 
10736.00000000 
714.00000000 
2063.00000000 
2218.00000000 
997.00000000 
1535.00000000 
620.00000000 
160.00000000 
125.00000000 
3985.00000000 
820.00000000 
799.00000000 
1398.00000000 
9956.00000000 
788.00000000 
2093.00000000 
414.00000000 
3080.00000000 
3273.00000000 
2786.00000000 
1733.00000000 
1615.00000000 
1457.00000000 
554.00000000 
134.00000000 
1602.00000000 
387.00000000 
214.00000000 
66.00000000 
4055.00000000 
961.00000000 
2411.00000000 
1568.00000000 
174.00000000 
846.00000000 
692.00000000 
4774.00000000 
3499.00000000 
3444.00000000 
192.00000000 
2289.00000000 
1239.00000000 
6262.00000000 
1543.00000000 
6840.00000000 
3262.00000000 
754.00000000 
195.00000000 
246.00000000 
37.00000000 
707.00000000 
582.00000000 
4263.00000000 
1120.00000000 
142.00000000 
5289.00000000 
8544.00000000 
2651.00000000 
1321.00000000 
1966.00000000 
7637.00000000 
5254.00000000 
2744.00000000 
1028.00000000 
3188.00000000 
14012.00000000 
10421.00000000 
377.00000000 
15.00000000 
770.00000000 
359.00000000 
7735.00000000 
1380.00000000 
1434.00000000 
4119.00000000 
1413.00000000 
995.00000000 
1091.00000000 
1910.00000000 
230.00000000 
229.00000000 
617.00000000 
3784.00000000 
5217.00000000 
1911.00000000 
973.00000000 
1709.00000000 
1094.00000000 
801.00000000 
2716.00000000 
474.00000000 
1088.00000000 
5567.00000000 
1504.00000000 
3505.00000000 
5912.00000000 
1225.00000000 
8746.00000000 
3483.00000000 
5181.00000000 
2875.00000000 
13458.00000000 
7419.00000000 
4779.00000000 
7280.00000000 
266.00000000 
1317.00000000 
3677.00000000 
565.00000000 
1558.00000000 
991.00000000 
737.00000000 
2146.00000000 
2294.00000000 
1081.00000000 
1134.00000000 
482.00000000 
1274.00000000 
1121.00000000 
6594.00000000 
3118.00000000 
1133.00000000 
2680.00000000 
1134.00000000 
587.00000000 
1774.00000000 
2104.00000000 
1902.00000000 
3685.00000000 
3781.00000000 
798.00000000 
3377.00000000 
4659.00000000 
308.00000000 
268.00000000 
624.00000000 
3198.00000000 
16638.00000000 
4419.00000000 
1640.00000000 
199.00000000 
846.00000000 
1924.00000000 
1037.00000000 
2922.00000000 
2110.00000000 
1058.00000000 
868.00000000 
2174.00000000 
1868.00000000 
1465.00000000 
1910.00000000 
718.00000000 
2234.00000000 
1265.00000000 
2187.00000000 
402.00000000 
541.00000000 
1357.00000000 
397.00000000 
388.00000000 
1651.00000000 
685.00000000 
747.00000000 
329.00000000 
8456.00000000 
3028.00000000 
2472.00000000 
7642.00000000 
6241.00000000 
569.00000000 
56.00000000 
397.00000000 
89.00000000 
324.00000000 
2284.00000000 
23574.00000000 
373.00000000 
3020.00000000 
113.00000000 
2155.00000000 
921.00000000 
691.00000000 
987.00000000 
4133.00000000 
1930.00000000 
1647.00000000 
3232.00000000 
1060.00000000 
2601.00000000 
10115.00000000 
2461.00000000 
2092.00000000 
5106.00000000 
9460.00000000 
5405.00000000 
4712.00000000 
10363.00000000 
4242.00000000 
8503.00000000 
4061.00000000 
3407.00000000 
84.00000000 
4125.00000000 
863.00000000 
1703.00000000 
5534.00000000 
1837.00000000 
3595.00000000 
709.00000000 
3959.00000000 
4098.00000000 
5790.00000000 
3716.00000000 
3960.00000000 
1830.00000000 
5383.00000000 
3470.00000000 
9374.00000000 
2003.00000000 
4023.00000000 
6121.00000000 
3058.00000000 
3247.00000000 
17509.00000000 
1508.00000000 
5468.00000000 
5859.00000000 
4460.00000000 
12547.00000000 
11670.00000000 
3728.00000000 
232.00000000 
2593.00000000 
285.00000000 
613.00000000 
452.00000000 
3454.00000000 
840.00000000 
2075.00000000 
2998.00000000 
455.00000000 
509.00000000 
3943.00000000 
1262.00000000 
2926.00000000 
1376.00000000 
7324.00000000 
1782.00000000 
385.00000000 
905.00000000 
1387.00000000 
337.00000000 
1237.00000000 
2290.00000000 
1929.00000000 
15295.00000000 
1944.00000000 
276.00000000 
1052.00000000 
1481.00000000 
274.00000000 
1467.00000000 
667.00000000 
9048.00000000 
966.00000000 
812.00000000 
318.00000000 
311.00000000 
602.00000000 
744.00000000 
63.00000000 
2519.00000000 
8535.00000000 
720.00000000 
2837.00000000 
4802.00000000 
6899.00000000 
4107.00000000 
923.00000000 
6499.00000000 
2512.00000000 
4275.00000000 
4668.00000000 
220.00000000 
171.00000000 
816.00000000 
341.00000000 
647.00000000 
1797.00000000 
4062.00000000 
788.00000000 
5067.00000000 
2298.00000000 
1372.00000000 
1239.00000000 
1302.00000000 
714.00000000 
1719.00000000 
1081.00000000 
4213.00000000 
2337.00000000 
2876.00000000 
4381.00000000 
1422.00000000 
3328.00000000 
12066.00000000 
2945.00000000 
14600.00000000 
2073.00000000 
4928.00000000 
2842.00000000 
2172.00000000 
3878.00000000 
7791.00000000 
2039.00000000 
2512.00000000 
1629.00000000 
6648.00000000 
4259.00000000 
4603.00000000 
898.00000000 
122.00000000 
11948.00000000 
4792.00000000 
137.00000000 
1354.00000000 
2407.00000000 
2903.00000000 
1126.00000000 
1244.00000000 
4257.00000000 
333.00000000 
1532.00000000 
185.00000000 
1177.00000000 
472.00000000 
1444.00000000 
2796.00000000 
1394.00000000 
4106.00000000 
2493.00000000 
527.00000000 
796.00000000 
1999.00000000 
5524.00000000 
100.00000000 
38.00000000 
3077.00000000 
3339.00000000 
53.00000000 
1281.00000000 
2625.00000000 
2201.00000000 
1570.00000000 
1281.00000000 
460.00000000 
1038.00000000 
637.00000000 
42.00000000 
1470.00000000 
1022.00000000 
4663.00000000 
132.00000000 
20269.00000000 
2495.00000000 
59.00000000 
45.00000000 
70.00000000 
655.00000000 
9630.00000000 
566.00000000 
5334.00000000 
3897.00000000 
21747.00000000 
5622.00000000 
2463.00000000 
1328.00000000 
720.00000000 
1016.00000000 
1915.00000000 
3717.00000000 
1469.00000000 
2408.00000000 
859.00000000 
902.00000000 
54.00000000 
3264.00000000 
6273.00000000 
525.00000000 
9184.00000000 
27803.00000000 
12888.00000000 
1824.00000000 
2406.00000000 
4715.00000000 
3986.00000000 
3618.00000000 
4577.00000000 
4529.00000000 
2964.00000000 
8997.00000000 
1223.00000000 
5793.00000000 
1232.00000000 
983.00000000 
10103.00000000 
3031.00000000 
3731.00000000 
2100.00000000 
3281.00000000 
2858.00000000 
2395.00000000 
2358.00000000 
9911.00000000 
3387.00000000 
4609.00000000 
1166.00000000 
894.00000000 
12720.00000000 
2290.00000000 
1474.00000000 
934.00000000 
3016.00000000 
2274.00000000 
3587.00000000 
12970.00000000 
1176.00000000 
12260.00000000 
3601.00000000 
5812.00000000 
268.00000000 
1976.00000000 
376.00000000 
906.00000000 
4194.00000000 
5443.00000000 
5218.00000000 
3312.00000000 
1921.00000000 
4110.00000000 
538.00000000 
560.00000000 
3416.00000000 
12265.00000000 
4345.00000000 
1545.00000000 
16448.00000000 
2685.00000000 
454.00000000 
21419.00000000 
7457.00000000 
3448.00000000 
3901.00000000 
3247.00000000 
4044.00000000 
11436.00000000 
404.00000000 
1812.00000000 
717.00000000 
3519.00000000 
3293.00000000 
1933.00000000 
3978.00000000 
5288.00000000 
4032.00000000 
11347.00000000 
1285.00000000 
893.00000000 
437.00000000 
4650.00000000 
2795.00000000 
1951.00000000 
400.00000000 
496.00000000 
692.00000000 
1321.00000000 
3929.00000000 
11646.00000000 
16050.00000000 
10736.00000000 
714.00000000 
2063.00000000 
2218.00000000 
997.00000000 
1535.00000000 
620.00000000 
160.00000000 
125.00000000 
3985.00000000 
820.00000000 
799.00000000 
1398.00000000 
9956.00000000 
788.00000000 
2093.00000000 
414.00000000 
3080.00000000 
3273.00000000 
2786.00000000 
1733.00000000 
1615.00000000 
1457.00000000 
554.00000000 
134.00000000 
1602.00000000 
387.00000000 
214.00000000 
66.00000000 
4055.00000000 
961.00000000 
2411.00000000 
1568.00000000 
174.00000000 
846.00000000 
692.00000000 
4774.00000000 
3499.00000000 
3444.00000000 
192.00000000 
2289.00000000 
1239.00000000 
6262.00000000 
1543.00000000 
6840.00000000 
3262.00000000 
754.00000000 
195.00000000 
246.00000000 
37.00000000 
707.00000000 
582.00000000 
4263.00000000 
1120.00000000 
142.00000000 
5289.00000000 
8544.00000000 
2651.00000000 
1321.00000000 
1966.00000000 
7637.00000000 
5254.00000000 
2744.00000000 
1028.00000000 
3188.00000000 
14012.00000000 
10421.00000000 
377.00000000 
