0.00039501 
0.00039495 
0.00039979 
0.00039980 
0.00040142 
0.00040054 
0.00039725 
0.00039663 
0.00039650 
0.00039669 
0.00039898 
0.00039800 
0.00039800 
0.00039867 
0.00039962 
0.00039722 
0.00039840 
0.00039800 
0.00039713 
0.00039713 
0.00039714 
0.00039601 
0.00039654 
0.00039496 
0.00039837 
0.00039812 
0.00039617 
0.00039400 
0.00039385 
0.00038983 
0.00039053 
0.00039186 
0.00039191 
0.00038999 
0.00039415 
0.00039980 
0.00040146 
0.00040550 
0.00040086 
0.00040286 
0.00039895 
0.00039887 
0.00039850 
0.00039880 
0.00039879 
0.00040000 
0.00039850 
0.00039850 
0.00040006 
0.00039493 
0.00039493 
0.00039701 
0.00039712 
0.00040155 
0.00040155 
0.00040350 
0.00040210 
0.00040200 
0.00040325 
0.00040174 
0.00040161 
0.00039794 
0.00039913 
0.00039944 
0.00040098 
0.00039996 
0.00039997 
0.00039897 
0.00039997 
0.00039383 
0.00039225 
0.00038836 
0.00038705 
0.00038673 
0.00038588 
0.00039045 
0.00038574 
0.00038646 
0.00038843 
0.00038650 
0.00038855 
0.00039225 
0.00038980 
0.00039199 
0.00039027 
0.00039002 
0.00038875 
0.00038713 
0.00038601 
0.00038511 
0.00038481 
0.00038400 
0.00038468 
0.00038278 
0.00038448 
0.00038448 
0.00038050 
0.00038092 
0.00037998 
0.00038000 
0.00038018 
0.00038299 
0.00038479 
0.00038480 
0.00038475 
0.00038475 
0.00038484 
0.00038511 
0.00038247 
0.00038656 
0.00038403 
0.00038729 
0.00038703 
0.00038774 
0.00038830 
0.00038676 
0.00038501 
0.00038289 
0.00038214 
0.00038474 
0.00038573 
0.00038856 
0.00039073 
0.00039101 
0.00039257 
0.00039029 
0.00038793 
0.00038430 
0.00038400 
0.00038221 
0.00038300 
0.00038219 
0.00038166 
0.00038200 
0.00038100 
0.00038000 
0.00037993 
0.00038086 
0.00038201 
0.00037784 
0.00037811 
0.00037800 
0.00037757 
0.00038015 
0.00037761 
0.00038029 
0.00037850 
0.00037840 
0.00037703 
0.00037701 
0.00037816 
0.00038364 
0.00038200 
0.00038300 
0.00038446 
0.00037968 
0.00038005 
0.00037184 
0.00037000 
0.00037242 
0.00036756 
0.00037012 
0.00036700 
0.00036004 
0.00035859 
0.00035711 
0.00035710 
0.00035685 
0.00035684 
0.00035845 
0.00035781 
0.00035606 
0.00035504 
0.00035725 
0.00035468 
0.00035605 
0.00035653 
0.00035284 
0.00035813 
0.00035816 
0.00035893 
0.00035329 
0.00035276 
0.00035178 
0.00035275 
0.00035129 
0.00034856 
0.00035152 
0.00034657 
0.00035170 
0.00035147 
0.00035169 
0.00035117 
0.00034918 
0.00034300 
0.00034265 
0.00034166 
0.00035117 
0.00035120 
0.00035200 
0.00035120 
0.00035117 
0.00035039 
0.00035276 
0.00035013 
0.00035280 
0.00035206 
0.00035140 
0.00035621 
0.00035609 
0.00035264 
0.00035619 
0.00034944 
0.00034829 
0.00034897 
0.00035093 
0.00035146 
0.00035184 
0.00035410 
0.00035093 
0.00034935 
0.00034888 
0.00035665 
0.00036449 
0.00036240 
0.00036100 
0.00035970 
0.00035700 
0.00035402 
0.00035293 
0.00035339 
0.00034878 
0.00034750 
0.00035337 
0.00035618 
0.00035997 
0.00036389 
0.00036100 
0.00036300 
0.00036467 
0.00036465 
0.00036336 
0.00036053 
0.00036002 
0.00035942 
0.00035800 
0.00035391 
0.00035377 
0.00035523 
0.00035619 
0.00035388 
0.00035350 
0.00035138 
0.00035107 
0.00035099 
0.00035204 
0.00035001 
0.00034712 
0.00034646 
0.00034647 
0.00034444 
0.00034211 
0.00034364 
0.00034688 
0.00034470 
0.00034447 
0.00034452 
0.00034270 
0.00034229 
0.00034100 
0.00034110 
0.00034107 
0.00034200 
0.00034235 
0.00034232 
0.00034200 
0.00034100 
0.00034100 
0.00034100 
0.00034100 
0.00034100 
0.00034156 
0.00034307 
0.00034102 
0.00034401 
0.00034288 
0.00034300 
0.00034484 
0.00034341 
0.00034491 
0.00034412 
0.00034326 
0.00034618 
0.00034311 
0.00034250 
0.00034261 
0.00034100 
0.00034200 
0.00034318 
0.00034494 
0.00034310 
0.00034424 
0.00034222 
0.00034336 
0.00034500 
0.00034510 
0.00034500 
0.00035047 
0.00035088 
0.00035086 
0.00035086 
0.00035082 
0.00034903 
0.00035065 
0.00035059 
0.00035217 
0.00035036 
0.00035258 
0.00035196 
0.00035196 
0.00034818 
0.00034720 
0.00034801 
0.00034700 
0.00034443 
0.00034440 
0.00034440 
0.00034250 
0.00034319 
0.00034237 
0.00034100 
0.00034100 
0.00034302 
0.00034099 
0.00034319 
0.00034200 
0.00034318 
0.00034540 
0.00034201 
0.00034200 
0.00034388 
0.00034392 
0.00034351 
0.00034201 
0.00034231 
0.00034363 
0.00034351 
0.00034353 
0.00034350 
0.00034700 
0.00034920 
0.00034902 
0.00034487 
0.00034496 
0.00034495 
0.00034391 
0.00034100 
0.00034335 
0.00034401 
0.00034485 
0.00034382 
0.00034371 
0.00034210 
0.00034370 
0.00034483 
0.00034404 
0.00034365 
0.00034365 
0.00034575 
0.00034502 
0.00034749 
0.00034705 
0.00034793 
0.00034950 
0.00035010 
0.00035010 
0.00035010 
0.00035010 
0.00035010 
0.00035010 
0.00035010 
0.00035011 
0.00035014 
0.00035020 
0.00035374 
0.00035357 
0.00035400 
0.00035462 
0.00035477 
0.00035607 
0.00035638 
0.00035724 
0.00035760 
0.00035832 
0.00035857 
0.00035778 
0.00035476 
0.00036000 
0.00035900 
0.00036301 
0.00036296 
0.00036139 
0.00036273 
0.00036270 
0.00036569 
0.00036500 
0.00036709 
0.00036871 
0.00036695 
0.00036726 
0.00037100 
0.00037316 
0.00037397 
0.00037178 
0.00036957 
0.00037000 
0.00036957 
0.00036957 
0.00037000 
0.00037100 
0.00037110 
0.00036953 
0.00037243 
0.00037243 
0.00037242 
0.00037493 
0.00037493 
0.00037128 
0.00037162 
0.00037430 
0.00037415 
0.00037579 
0.00036915 
0.00036736 
0.00036648 
0.00037028 
0.00037357 
0.00037388 
0.00037445 
0.00037058 
0.00037223 
0.00037209 
0.00037050 
0.00037050 
0.00037227 
0.00037224 
0.00037225 
0.00037359 
0.00037217 
0.00037355 
0.00037337 
0.00037320 
0.00037320 
0.00037635 
0.00037476 
0.00037500 
0.00037903 
0.00038375 
0.00038543 
0.00038666 
0.00038758 
0.00038758 
0.00038759 
0.00039000 
0.00039000 
0.00039071 
0.00038962 
0.00038911 
0.00038876 
0.00038989 
0.00038900 
0.00038876 
0.00038600 
0.00039129 
0.00038900 
0.00038756 
0.00038667 
0.00038200 
0.00037990 
0.00037750 
0.00039501 
0.00039495 
0.00039979 
0.00039980 
0.00040142 
0.00040054 
0.00039725 
0.00039663 
0.00039650 
0.00039669 
0.00039898 
0.00039800 
0.00039800 
0.00039867 
0.00039962 
0.00039722 
0.00039840 
0.00039800 
0.00039713 
0.00039713 
0.00039714 
0.00039601 
0.00039654 
0.00039496 
0.00039837 
0.00039812 
0.00039617 
0.00039400 
0.00039385 
0.00038983 
0.00039053 
0.00039186 
0.00039191 
0.00038999 
0.00039415 
0.00039980 
0.00040146 
0.00040550 
0.00040086 
0.00040286 
0.00039895 
0.00039887 
0.00039850 
0.00039880 
0.00039879 
0.00040000 
0.00039850 
0.00039850 
0.00040006 
0.00039493 
0.00039493 
0.00039701 
0.00039712 
0.00040155 
0.00040155 
0.00040350 
0.00040210 
0.00040200 
0.00040325 
0.00040174 
0.00040161 
0.00039794 
0.00039913 
0.00039944 
0.00040098 
0.00039996 
0.00039997 
0.00039897 
0.00039997 
0.00039383 
0.00039225 
0.00038836 
0.00038705 
0.00038673 
0.00038588 
0.00039045 
0.00038574 
0.00038646 
0.00038843 
0.00038650 
0.00038855 
0.00039225 
0.00038980 
0.00039199 
0.00039027 
0.00039002 
0.00038875 
0.00038713 
0.00038601 
0.00038511 
0.00038481 
0.00038400 
0.00038468 
0.00038278 
0.00038448 
0.00038448 
0.00038050 
0.00038092 
0.00037998 
0.00038000 
0.00038018 
0.00038299 
0.00038479 
0.00038480 
0.00038475 
0.00038475 
0.00038484 
0.00038511 
0.00038247 
0.00038656 
0.00038403 
0.00038729 
0.00038703 
0.00038774 
0.00038830 
0.00038676 
0.00038501 
0.00038289 
0.00038214 
0.00038474 
0.00038573 
0.00038856 
0.00039073 
0.00039101 
0.00039257 
0.00039029 
0.00038793 
0.00038430 
0.00038400 
0.00038221 
0.00038300 
0.00038219 
0.00038166 
0.00038200 
0.00038100 
0.00038000 
0.00037993 
0.00038086 
0.00038201 
0.00037784 
0.00037811 
0.00037800 
0.00037757 
0.00038015 
0.00037761 
0.00038029 
0.00037850 
0.00037840 
0.00037703 
0.00037701 
0.00037816 
0.00038364 
0.00038200 
0.00038300 
0.00038446 
0.00037968 
0.00038005 
0.00037184 
0.00037000 
0.00037242 
0.00036756 
0.00037012 
0.00036700 
0.00036004 
0.00035859 
0.00035711 
0.00035710 
0.00035685 
0.00035684 
0.00035845 
0.00035781 
0.00035606 
0.00035504 
0.00035725 
0.00035468 
0.00035605 
0.00035653 
0.00035284 
0.00035813 
0.00035816 
0.00035893 
0.00035329 
0.00035276 
0.00035178 
0.00035275 
0.00035129 
0.00034856 
0.00035152 
0.00034657 
0.00035170 
0.00035147 
0.00035169 
0.00035117 
0.00034918 
0.00034300 
0.00034265 
0.00034166 
0.00035117 
0.00035120 
0.00035200 
0.00035120 
0.00035117 
0.00035039 
0.00035276 
0.00035013 
0.00035280 
0.00035206 
0.00035140 
0.00035621 
0.00035609 
0.00035264 
0.00035619 
0.00034944 
0.00034829 
0.00034897 
0.00035093 
0.00035146 
0.00035184 
0.00035410 
0.00035093 
0.00034935 
0.00034888 
0.00035665 
0.00036449 
0.00036240 
0.00036100 
0.00035970 
0.00035700 
0.00035402 
0.00035293 
0.00035339 
0.00034878 
0.00034750 
0.00035337 
0.00035618 
0.00035997 
0.00036389 
0.00036100 
0.00036300 
0.00036467 
0.00036465 
0.00036336 
0.00036053 
0.00036002 
0.00035942 
0.00035800 
0.00035391 
0.00035377 
0.00035523 
0.00035619 
0.00035388 
0.00035350 
0.00035138 
0.00035107 
0.00035099 
0.00035204 
0.00035001 
0.00034712 
0.00034646 
0.00034647 
0.00034444 
0.00034211 
0.00034364 
0.00034688 
0.00034470 
0.00034447 
0.00034452 
0.00034270 
0.00034229 
0.00034100 
0.00034110 
0.00034107 
0.00034200 
0.00034235 
0.00034232 
0.00034200 
0.00034100 
0.00034100 
0.00034100 
0.00034100 
0.00034100 
0.00034156 
0.00034307 
0.00034102 
0.00034401 
0.00034288 
0.00034300 
0.00034484 
0.00034341 
0.00034491 
0.00034412 
0.00034326 
0.00034618 
0.00034311 
0.00034250 
0.00034261 
0.00034100 
0.00034200 
0.00034318 
0.00034494 
0.00034310 
0.00034424 
0.00034222 
0.00034336 
0.00034500 
0.00034510 
0.00034500 
0.00035047 
0.00035088 
0.00035086 
0.00035086 
0.00035082 
0.00034903 
0.00035065 
0.00035059 
0.00035217 
0.00035036 
0.00035258 
0.00035196 
0.00035196 
0.00034818 
0.00034720 
0.00034801 
0.00034700 
0.00034443 
0.00034440 
0.00034440 
0.00034250 
0.00034319 
0.00034237 
0.00034100 
0.00034100 
0.00034302 
0.00034099 
0.00034319 
0.00034200 
0.00034318 
0.00034540 
0.00034201 
0.00034200 
0.00034388 
0.00034392 
0.00034351 
0.00034201 
0.00034231 
0.00034363 
0.00034351 
0.00034353 
0.00034350 
0.00034700 
0.00034920 
0.00034902 
0.00034487 
0.00034496 
0.00034495 
0.00034391 
0.00034100 
0.00034335 
0.00034401 
0.00034485 
0.00034382 
0.00034371 
0.00034210 
0.00034370 
0.00034483 
0.00034404 
0.00034365 
0.00034365 
0.00034575 
0.00034502 
0.00034749 
0.00034705 
0.00034793 
0.00034950 
0.00035010 
0.00035010 
0.00035010 
0.00035010 
0.00035010 
0.00035010 
0.00035010 
0.00035011 
0.00035014 
0.00035020 
0.00035374 
0.00035357 
0.00035400 
0.00035462 
0.00035477 
0.00035607 
0.00035638 
0.00035724 
0.00035760 
0.00035832 
0.00035857 
0.00035778 
0.00035476 
0.00036000 
0.00035900 
0.00036301 
0.00036296 
0.00036139 
0.00036273 
0.00036270 
0.00036569 
0.00036500 
0.00036709 
0.00036871 
0.00036695 
0.00036726 
0.00037100 
0.00037316 
0.00037397 
0.00037178 
0.00036957 
0.00037000 
0.00036957 
0.00036957 
0.00037000 
0.00037100 
0.00037110 
0.00036953 
0.00037243 
0.00037243 
0.00037242 
0.00037493 
0.00037493 
0.00037128 
0.00037162 
0.00037430 
0.00037415 
0.00037579 
0.00036915 
0.00036736 
0.00036648 
0.00037028 
0.00037357 
0.00037388 
0.00037445 
0.00037058 
0.00037223 
0.00037209 
0.00037050 
0.00037050 
0.00037227 
0.00037224 
0.00037225 
0.00037359 
0.00037217 
0.00037355 
0.00037337 
0.00037320 
0.00037320 
0.00037635 
0.00037476 
0.00037500 
0.00037903 
0.00038375 
0.00038543 
0.00038666 
0.00038758 
0.00038758 
0.00038759 
0.00039000 
0.00039000 
0.00039071 
0.00038962 
0.00038911 
0.00038876 
0.00038989 
0.00038900 
0.00038876 
0.00038600 
0.00039129 
0.00038900 
0.00038756 
0.00038667 
0.00038200 
0.00037990 
0.00037750 
0.00039501 
0.00039495 
0.00039979 
0.00039980 
0.00040142 
0.00040054 
0.00039725 
0.00039663 
0.00039650 
0.00039669 
0.00039898 
0.00039800 
0.00039800 
0.00039867 
0.00039962 
0.00039722 
0.00039840 
0.00039800 
0.00039713 
0.00039713 
0.00039714 
0.00039601 
0.00039654 
0.00039496 
0.00039837 
0.00039812 
0.00039617 
0.00039400 
0.00039385 
0.00038983 
0.00039053 
0.00039186 
0.00039191 
0.00038999 
0.00039415 
0.00039980 
0.00040146 
0.00040550 
0.00040086 
0.00040286 
0.00039895 
0.00039887 
0.00039850 
0.00039880 
0.00039879 
0.00040000 
0.00039850 
0.00039850 
0.00040006 
0.00039493 
0.00039493 
0.00039701 
0.00039712 
0.00040155 
0.00040155 
0.00040350 
0.00040210 
0.00040200 
0.00040325 
0.00040174 
0.00040161 
0.00039794 
0.00039913 
0.00039944 
0.00040098 
0.00039996 
0.00039997 
0.00039897 
0.00039997 
0.00039383 
0.00039225 
0.00038836 
0.00038705 
0.00038673 
0.00038588 
0.00039045 
0.00038574 
0.00038646 
0.00038843 
0.00038650 
0.00038855 
0.00039225 
0.00038980 
0.00039199 
0.00039027 
0.00039002 
0.00038875 
0.00038713 
0.00038601 
0.00038511 
0.00038481 
0.00038400 
0.00038468 
0.00038278 
0.00038448 
0.00038448 
0.00038050 
0.00038092 
0.00037998 
0.00038000 
0.00038018 
0.00038299 
0.00038479 
0.00038480 
0.00038475 
0.00038475 
0.00038484 
0.00038511 
0.00038247 
0.00038656 
0.00038403 
0.00038729 
0.00038703 
0.00038774 
0.00038830 
0.00038676 
0.00038501 
0.00038289 
0.00038214 
0.00038474 
0.00038573 
0.00038856 
0.00039073 
0.00039101 
0.00039257 
0.00039029 
0.00038793 
0.00038430 
0.00038400 
0.00038221 
0.00038300 
0.00038219 
0.00038166 
0.00038200 
0.00038100 
0.00038000 
0.00037993 
0.00038086 
0.00038201 
0.00037784 
0.00037811 
0.00037800 
0.00037757 
0.00038015 
0.00037761 
0.00038029 
0.00037850 
0.00037840 
0.00037703 
0.00037701 
0.00037816 
0.00038364 
0.00038200 
0.00038300 
0.00038446 
0.00037968 
0.00038005 
0.00037184 
0.00037000 
0.00037242 
0.00036756 
0.00037012 
0.00036700 
0.00036004 
0.00035859 
0.00035711 
0.00035710 
0.00035685 
0.00035684 
0.00035845 
0.00035781 
0.00035606 
0.00035504 
0.00035725 
0.00035468 
0.00035605 
0.00035653 
0.00035284 
0.00035813 
0.00035816 
0.00035893 
0.00035329 
0.00035276 
0.00035178 
0.00035275 
0.00035129 
0.00034856 
0.00035152 
0.00034657 
0.00035170 
0.00035147 
0.00035169 
0.00035117 
0.00034918 
0.00034300 
0.00034265 
0.00034166 
0.00035117 
0.00035120 
0.00035200 
0.00035120 
0.00035117 
0.00035039 
0.00035276 
0.00035013 
0.00035280 
0.00035206 
0.00035140 
0.00035621 
0.00035609 
0.00035264 
0.00035619 
0.00034944 
0.00034829 
0.00034897 
0.00035093 
0.00035146 
0.00035184 
0.00035410 
0.00035093 
0.00034935 
0.00034888 
0.00035665 
0.00036449 
0.00036240 
0.00036100 
0.00035970 
0.00035700 
0.00035402 
0.00035293 
0.00035339 
0.00034878 
0.00034750 
0.00035337 
0.00035618 
0.00035997 
0.00036389 
0.00036100 
0.00036300 
0.00036467 
0.00036465 
0.00036336 
0.00036053 
0.00036002 
0.00035942 
0.00035800 
0.00035391 
0.00035377 
0.00035523 
0.00035619 
0.00035388 
0.00035350 
0.00035138 
0.00035107 
0.00035099 
0.00035204 
0.00035001 
0.00034712 
0.00034646 
0.00034647 
0.00034444 
0.00034211 
0.00034364 
0.00034688 
0.00034470 
0.00034447 
0.00034452 
0.00034270 
0.00034229 
0.00034100 
0.00034110 
0.00034107 
0.00034200 
0.00034235 
0.00034232 
0.00034200 
0.00034100 
0.00034100 
0.00034100 
0.00034100 
0.00034100 
0.00034156 
0.00034307 
0.00034102 
0.00034401 
0.00034288 
0.00034300 
0.00034484 
0.00034341 
0.00034491 
0.00034412 
0.00034326 
0.00034618 
0.00034311 
0.00034250 
0.00034261 
0.00034100 
0.00034200 
0.00034318 
0.00034494 
0.00034310 
0.00034424 
0.00034222 
0.00034336 
0.00034500 
0.00034510 
0.00034500 
0.00035047 
0.00035088 
0.00035086 
0.00035086 
0.00035082 
0.00034903 
0.00035065 
0.00035059 
0.00035217 
0.00035036 
0.00035258 
0.00035196 
0.00035196 
0.00034818 
0.00034720 
0.00034801 
0.00034700 
0.00034443 
0.00034440 
0.00034440 
0.00034250 
0.00034319 
0.00034237 
0.00034100 
0.00034100 
0.00034302 
0.00034099 
0.00034319 
0.00034200 
0.00034318 
0.00034540 
0.00034201 
0.00034200 
0.00034388 
0.00034392 
0.00034351 
0.00034201 
0.00034231 
0.00034363 
0.00034351 
0.00034353 
0.00034350 
0.00034700 
0.00034920 
0.00034902 
0.00034487 
0.00034496 
0.00034495 
0.00034391 
0.00034100 
0.00034335 
0.00034401 
0.00034485 
0.00034382 
0.00034371 
0.00034210 
0.00034370 
0.00034483 
0.00034404 
0.00034365 
0.00034365 
0.00034575 
0.00034502 
0.00034749 
0.00034705 
0.00034793 
0.00034950 
0.00035010 
0.00035010 
0.00035010 
0.00035010 
0.00035010 
0.00035010 
0.00035010 
0.00035011 
0.00035014 
0.00035020 
0.00035374 
0.00035357 
0.00035400 
0.00035462 
0.00035477 
0.00035607 
0.00035638 
0.00035724 
0.00035760 
0.00035832 
0.00035857 
0.00035778 
0.00035476 
0.00036000 
0.00035900 
0.00036301 
0.00036296 
0.00036139 
0.00036273 
0.00036270 
0.00036569 
0.00036500 
0.00036709 
0.00036871 
0.00036695 
0.00036726 
0.00037100 
0.00037316 
0.00037397 
0.00037178 
0.00036957 
0.00037000 
0.00036957 
0.00036957 
0.00037000 
0.00037100 
0.00037110 
0.00036953 
0.00037243 
0.00037243 
0.00037242 
0.00037493 
0.00037493 
0.00037128 
0.00037162 
0.00037430 
0.00037415 
0.00037579 
0.00036915 
0.00036736 
0.00036648 
0.00037028 
0.00037357 
0.00037388 
0.00037445 
0.00037058 
0.00037223 
0.00037209 
0.00037050 
0.00037050 
0.00037227 
0.00037224 
0.00037225 
0.00037359 
0.00037217 
0.00037355 
0.00037337 
0.00037320 
0.00037320 
0.00037635 
0.00037476 
0.00037500 
0.00037903 
0.00038375 
0.00038543 
0.00038666 
0.00038758 
0.00038758 
0.00038759 
0.00039000 
0.00039000 
0.00039071 
0.00038962 
0.00038911 
0.00038876 
0.00038989 
0.00038900 
0.00038876 
0.00038600 
0.00039129 
0.00038900 
0.00038756 
0.00038667 
0.00038200 
0.00037990 
0.00037750 
