0.00039501 
0.00039979 
0.00039979 
0.00040163 
0.00040054 
0.00039700 
0.00039649 
0.00039664 
0.00039664 
0.00039896 
0.00039718 
0.00039800 
0.00039797 
0.00039928 
0.00039671 
0.00039775 
0.00039800 
0.00039800 
0.00039821 
0.00039825 
0.00039743 
0.00039510 
0.00039527 
0.00039825 
0.00039664 
0.00039613 
0.00039400 
0.00039360 
0.00038982 
0.00039051 
0.00039000 
0.00039189 
0.00039000 
0.00039411 
0.00040152 
0.00040148 
0.00040105 
0.00040284 
0.00040285 
0.00039913 
0.00039994 
0.00039850 
0.00039879 
0.00039944 
0.00040000 
0.00039977 
0.00039850 
0.00039750 
0.00039756 
0.00039498 
0.00039721 
0.00039706 
0.00040100 
0.00040325 
0.00040212 
0.00040213 
0.00040201 
0.00040325 
0.00040170 
0.00040173 
0.00040066 
0.00039913 
0.00039944 
0.00040095 
0.00039956 
0.00039996 
0.00039824 
0.00039776 
0.00039856 
0.00039225 
0.00038836 
0.00038673 
0.00038851 
0.00038688 
0.00039045 
0.00038907 
0.00038900 
0.00038847 
0.00038650 
0.00038859 
0.00039238 
0.00038979 
0.00039029 
0.00039199 
0.00039020 
0.00038877 
0.00038757 
0.00038601 
0.00038512 
0.00038481 
0.00038409 
0.00038448 
0.00038434 
0.00038400 
0.00038448 
0.00038200 
0.00038138 
0.00037997 
0.00038100 
0.00038016 
0.00038170 
0.00038304 
0.00038480 
0.00038481 
0.00038470 
0.00038484 
0.00038497 
0.00038291 
0.00038518 
0.00038418 
0.00038532 
0.00038543 
0.00038733 
0.00038766 
0.00038869 
0.00038601 
0.00038289 
0.00038210 
0.00038460 
0.00038481 
0.00038700 
0.00038852 
0.00039100 
0.00039257 
0.00039000 
0.00038775 
0.00038430 
0.00038401 
0.00038353 
0.00038300 
0.00038219 
0.00038481 
0.00038200 
0.00038008 
0.00038101 
0.00037890 
0.00038086 
0.00037979 
0.00037945 
0.00037811 
0.00037949 
0.00037953 
0.00038000 
0.00037758 
0.00038029 
0.00038008 
0.00037840 
0.00037757 
0.00037701 
0.00037983 
0.00038338 
0.00038200 
0.00038438 
0.00038492 
0.00038000 
0.00038005 
0.00037199 
0.00037163 
0.00037242 
0.00036746 
0.00037013 
0.00036700 
0.00036013 
0.00035844 
0.00035711 
0.00035711 
0.00035685 
0.00035681 
0.00035631 
0.00035779 
0.00035722 
0.00035607 
0.00035676 
0.00035753 
0.00035869 
0.00035651 
0.00035500 
0.00035653 
0.00035816 
0.00035309 
0.00035329 
0.00035276 
0.00035179 
0.00035268 
0.00035150 
0.00034854 
0.00035141 
0.00034692 
0.00035218 
0.00034969 
0.00035169 
0.00035113 
0.00034496 
0.00034472 
0.00034265 
0.00034579 
0.00035117 
0.00035120 
0.00035120 
0.00035120 
0.00035116 
0.00035271 
0.00035039 
0.00035277 
0.00035280 
0.00035202 
0.00035140 
0.00035335 
0.00035613 
0.00035157 
0.00035122 
0.00034944 
0.00034830 
0.00034897 
0.00035397 
0.00035163 
0.00035195 
0.00035136 
0.00035093 
0.00035093 
0.00035233 
0.00035337 
0.00036457 
0.00036553 
0.00036105 
0.00035970 
0.00035700 
0.00035414 
0.00035330 
0.00035339 
0.00034878 
0.00034750 
0.00035335 
0.00035439 
0.00035992 
0.00036330 
0.00036263 
0.00036130 
0.00036630 
0.00036700 
0.00036339 
0.00036078 
0.00036007 
0.00035930 
0.00035800 
0.00035739 
0.00035378 
0.00035610 
0.00035400 
0.00035391 
0.00035350 
0.00035399 
0.00035263 
0.00035099 
0.00035032 
0.00035100 
0.00034859 
0.00034504 
0.00034638 
0.00034477 
0.00034862 
0.00034677 
0.00034695 
0.00034470 
0.00034436 
0.00034452 
0.00034270 
0.00034103 
0.00034229 
0.00034229 
0.00034110 
0.00034269 
0.00034235 
0.00034200 
0.00034200 
0.00034101 
0.00034110 
0.00034275 
0.00034101 
0.00034154 
0.00034149 
0.00034295 
0.00034313 
0.00034387 
0.00034138 
0.00034300 
0.00034400 
0.00034400 
0.00034341 
0.00034412 
0.00034495 
0.00034344 
0.00034401 
0.00034250 
0.00034261 
0.00034261 
0.00034200 
0.00034318 
0.00034489 
0.00034311 
0.00034424 
0.00034551 
0.00034335 
0.00034500 
0.00034500 
0.00034678 
0.00034776 
0.00035087 
0.00035088 
0.00035085 
0.00035086 
0.00034912 
0.00035065 
0.00035205 
0.00035257 
0.00035046 
0.00035034 
0.00035263 
0.00035196 
0.00034970 
0.00034870 
0.00034800 
0.00034700 
0.00034700 
0.00034441 
0.00034439 
0.00034457 
0.00034237 
0.00034103 
0.00034101 
0.00034100 
0.00034118 
0.00034050 
0.00034318 
0.00034200 
0.00034318 
0.00034315 
0.00034201 
0.00034200 
0.00034235 
0.00034234 
0.00034201 
0.00034201 
0.00034230 
0.00034364 
0.00034354 
0.00034353 
0.00034444 
0.00034547 
0.00035000 
0.00034901 
0.00034493 
0.00034526 
0.00034493 
0.00034394 
0.00034199 
0.00034329 
0.00034229 
0.00034210 
0.00034347 
0.00034371 
0.00034300 
0.00034507 
0.00034368 
0.00034404 
0.00034386 
0.00034499 
0.00034481 
0.00034502 
0.00034513 
0.00034921 
0.00034792 
0.00034911 
0.00035009 
0.00035010 
0.00035010 
0.00035010 
0.00034982 
0.00035010 
0.00035010 
0.00035011 
0.00035095 
0.00035020 
0.00035220 
0.00035203 
0.00035401 
0.00035509 
0.00035472 
0.00035525 
0.00035613 
0.00035588 
0.00035748 
0.00035464 
0.00035702 
0.00035804 
0.00035477 
0.00036000 
0.00036095 
0.00036301 
0.00036299 
0.00036303 
0.00036271 
0.00036351 
0.00036537 
0.00036400 
0.00036713 
0.00036871 
0.00036695 
0.00036718 
0.00036674 
0.00037316 
0.00037386 
0.00037179 
0.00036987 
0.00036957 
0.00036957 
0.00037000 
0.00037041 
0.00037100 
0.00037100 
0.00037104 
0.00037286 
0.00037243 
0.00037390 
0.00037281 
0.00037186 
0.00037227 
0.00037410 
0.00037430 
0.00037496 
0.00037573 
0.00036927 
0.00036736 
0.00036602 
0.00037010 
0.00037130 
0.00037068 
0.00037131 
0.00037248 
0.00037223 
0.00037223 
0.00037211 
0.00037219 
0.00037225 
0.00037224 
0.00037229 
0.00037359 
0.00037368 
0.00037355 
0.00037337 
0.00037211 
0.00037202 
0.00037631 
0.00037340 
0.00037500 
0.00037902 
0.00038370 
0.00038543 
0.00038759 
0.00038666 
0.00038758 
0.00038758 
0.00039000 
0.00039095 
0.00039071 
0.00038962 
0.00038949 
0.00038876 
0.00038839 
0.00038895 
0.00038849 
0.00038503 
0.00039150 
0.00038854 
0.00038766 
0.00038667 
0.00038496 
0.00038222 
0.00037750 
0.00037853 
0.00039501 
0.00039979 
0.00039979 
0.00040163 
0.00040054 
0.00039700 
0.00039649 
0.00039664 
0.00039664 
0.00039896 
0.00039718 
0.00039800 
0.00039797 
0.00039928 
0.00039671 
0.00039775 
0.00039800 
0.00039800 
0.00039821 
0.00039825 
0.00039743 
0.00039510 
0.00039527 
0.00039825 
0.00039664 
0.00039613 
0.00039400 
0.00039360 
0.00038982 
0.00039051 
0.00039000 
0.00039189 
0.00039000 
0.00039411 
0.00040152 
0.00040148 
0.00040105 
0.00040284 
0.00040285 
0.00039913 
0.00039994 
0.00039850 
0.00039879 
0.00039944 
0.00040000 
0.00039977 
0.00039850 
0.00039750 
0.00039756 
0.00039498 
0.00039721 
0.00039706 
0.00040100 
0.00040325 
0.00040212 
0.00040213 
0.00040201 
0.00040325 
0.00040170 
0.00040173 
0.00040066 
0.00039913 
0.00039944 
0.00040095 
0.00039956 
0.00039996 
0.00039824 
0.00039776 
0.00039856 
0.00039225 
0.00038836 
0.00038673 
0.00038851 
0.00038688 
0.00039045 
0.00038907 
0.00038900 
0.00038847 
0.00038650 
0.00038859 
0.00039238 
0.00038979 
0.00039029 
0.00039199 
0.00039020 
0.00038877 
0.00038757 
0.00038601 
0.00038512 
0.00038481 
0.00038409 
0.00038448 
0.00038434 
0.00038400 
0.00038448 
0.00038200 
0.00038138 
0.00037997 
0.00038100 
0.00038016 
0.00038170 
0.00038304 
0.00038480 
0.00038481 
0.00038470 
0.00038484 
0.00038497 
0.00038291 
0.00038518 
0.00038418 
0.00038532 
0.00038543 
0.00038733 
0.00038766 
0.00038869 
0.00038601 
0.00038289 
0.00038210 
0.00038460 
0.00038481 
0.00038700 
0.00038852 
0.00039100 
0.00039257 
0.00039000 
0.00038775 
0.00038430 
0.00038401 
0.00038353 
0.00038300 
0.00038219 
0.00038481 
0.00038200 
0.00038008 
0.00038101 
0.00037890 
0.00038086 
0.00037979 
0.00037945 
0.00037811 
0.00037949 
0.00037953 
0.00038000 
0.00037758 
0.00038029 
0.00038008 
0.00037840 
0.00037757 
0.00037701 
0.00037983 
0.00038338 
0.00038200 
0.00038438 
0.00038492 
0.00038000 
0.00038005 
0.00037199 
0.00037163 
0.00037242 
0.00036746 
0.00037013 
0.00036700 
0.00036013 
0.00035844 
0.00035711 
0.00035711 
0.00035685 
0.00035681 
0.00035631 
0.00035779 
0.00035722 
0.00035607 
0.00035676 
0.00035753 
0.00035869 
0.00035651 
0.00035500 
0.00035653 
0.00035816 
0.00035309 
0.00035329 
0.00035276 
0.00035179 
0.00035268 
0.00035150 
0.00034854 
0.00035141 
0.00034692 
0.00035218 
0.00034969 
0.00035169 
0.00035113 
0.00034496 
0.00034472 
0.00034265 
0.00034579 
0.00035117 
0.00035120 
0.00035120 
0.00035120 
0.00035116 
0.00035271 
0.00035039 
0.00035277 
0.00035280 
0.00035202 
0.00035140 
0.00035335 
0.00035613 
0.00035157 
0.00035122 
0.00034944 
0.00034830 
0.00034897 
0.00035397 
0.00035163 
0.00035195 
0.00035136 
0.00035093 
0.00035093 
0.00035233 
0.00035337 
0.00036457 
0.00036553 
0.00036105 
0.00035970 
0.00035700 
0.00035414 
0.00035330 
0.00035339 
0.00034878 
0.00034750 
0.00035335 
0.00035439 
0.00035992 
0.00036330 
0.00036263 
0.00036130 
0.00036630 
0.00036700 
0.00036339 
0.00036078 
0.00036007 
0.00035930 
0.00035800 
0.00035739 
0.00035378 
0.00035610 
0.00035400 
0.00035391 
0.00035350 
0.00035399 
0.00035263 
0.00035099 
0.00035032 
0.00035100 
0.00034859 
0.00034504 
0.00034638 
0.00034477 
0.00034862 
0.00034677 
0.00034695 
0.00034470 
0.00034436 
0.00034452 
0.00034270 
0.00034103 
0.00034229 
0.00034229 
0.00034110 
0.00034269 
0.00034235 
0.00034200 
0.00034200 
0.00034101 
0.00034110 
0.00034275 
0.00034101 
0.00034154 
0.00034149 
0.00034295 
0.00034313 
0.00034387 
0.00034138 
0.00034300 
0.00034400 
0.00034400 
0.00034341 
0.00034412 
0.00034495 
0.00034344 
0.00034401 
0.00034250 
0.00034261 
0.00034261 
0.00034200 
0.00034318 
0.00034489 
0.00034311 
0.00034424 
0.00034551 
0.00034335 
0.00034500 
0.00034500 
0.00034678 
0.00034776 
0.00035087 
0.00035088 
0.00035085 
0.00035086 
0.00034912 
0.00035065 
0.00035205 
0.00035257 
0.00035046 
0.00035034 
0.00035263 
0.00035196 
0.00034970 
0.00034870 
0.00034800 
0.00034700 
0.00034700 
0.00034441 
0.00034439 
0.00034457 
0.00034237 
0.00034103 
0.00034101 
0.00034100 
0.00034118 
0.00034050 
0.00034318 
0.00034200 
0.00034318 
0.00034315 
0.00034201 
0.00034200 
0.00034235 
0.00034234 
0.00034201 
0.00034201 
0.00034230 
0.00034364 
0.00034354 
0.00034353 
0.00034444 
0.00034547 
0.00035000 
0.00034901 
0.00034493 
0.00034526 
0.00034493 
0.00034394 
0.00034199 
0.00034329 
0.00034229 
0.00034210 
0.00034347 
0.00034371 
0.00034300 
0.00034507 
0.00034368 
0.00034404 
0.00034386 
0.00034499 
0.00034481 
0.00034502 
0.00034513 
0.00034921 
0.00034792 
0.00034911 
0.00035009 
0.00035010 
0.00035010 
0.00035010 
0.00034982 
0.00035010 
0.00035010 
0.00035011 
0.00035095 
0.00035020 
0.00035220 
0.00035203 
0.00035401 
0.00035509 
0.00035472 
0.00035525 
0.00035613 
0.00035588 
0.00035748 
0.00035464 
0.00035702 
0.00035804 
0.00035477 
0.00036000 
0.00036095 
0.00036301 
0.00036299 
0.00036303 
0.00036271 
0.00036351 
0.00036537 
0.00036400 
0.00036713 
0.00036871 
0.00036695 
0.00036718 
0.00036674 
0.00037316 
0.00037386 
0.00037179 
0.00036987 
0.00036957 
0.00036957 
0.00037000 
0.00037041 
0.00037100 
0.00037100 
0.00037104 
0.00037286 
0.00037243 
0.00037390 
0.00037281 
0.00037186 
0.00037227 
0.00037410 
0.00037430 
0.00037496 
0.00037573 
0.00036927 
0.00036736 
0.00036602 
0.00037010 
0.00037130 
0.00037068 
0.00037131 
0.00037248 
0.00037223 
0.00037223 
0.00037211 
0.00037219 
0.00037225 
0.00037224 
0.00037229 
0.00037359 
0.00037368 
0.00037355 
0.00037337 
0.00037211 
0.00037202 
0.00037631 
0.00037340 
0.00037500 
0.00037902 
0.00038370 
0.00038543 
0.00038759 
0.00038666 
0.00038758 
0.00038758 
0.00039000 
0.00039095 
0.00039071 
0.00038962 
0.00038949 
0.00038876 
0.00038839 
0.00038895 
0.00038849 
0.00038503 
0.00039150 
0.00038854 
0.00038766 
0.00038667 
0.00038496 
0.00038222 
0.00037750 
0.00037853 
0.00039501 
0.00039979 
0.00039979 
0.00040163 
0.00040054 
0.00039700 
0.00039649 
0.00039664 
0.00039664 
0.00039896 
0.00039718 
0.00039800 
0.00039797 
0.00039928 
0.00039671 
0.00039775 
0.00039800 
0.00039800 
0.00039821 
0.00039825 
0.00039743 
0.00039510 
0.00039527 
0.00039825 
0.00039664 
0.00039613 
0.00039400 
0.00039360 
0.00038982 
0.00039051 
0.00039000 
0.00039189 
0.00039000 
0.00039411 
0.00040152 
0.00040148 
0.00040105 
0.00040284 
0.00040285 
0.00039913 
0.00039994 
0.00039850 
0.00039879 
0.00039944 
0.00040000 
0.00039977 
0.00039850 
0.00039750 
0.00039756 
0.00039498 
0.00039721 
0.00039706 
0.00040100 
0.00040325 
0.00040212 
0.00040213 
0.00040201 
0.00040325 
0.00040170 
0.00040173 
0.00040066 
0.00039913 
0.00039944 
0.00040095 
0.00039956 
0.00039996 
0.00039824 
0.00039776 
0.00039856 
0.00039225 
0.00038836 
0.00038673 
0.00038851 
0.00038688 
0.00039045 
0.00038907 
0.00038900 
0.00038847 
0.00038650 
0.00038859 
0.00039238 
0.00038979 
0.00039029 
0.00039199 
0.00039020 
0.00038877 
0.00038757 
0.00038601 
0.00038512 
0.00038481 
0.00038409 
0.00038448 
0.00038434 
0.00038400 
0.00038448 
0.00038200 
0.00038138 
0.00037997 
0.00038100 
0.00038016 
0.00038170 
0.00038304 
0.00038480 
0.00038481 
0.00038470 
0.00038484 
0.00038497 
0.00038291 
0.00038518 
0.00038418 
0.00038532 
0.00038543 
0.00038733 
0.00038766 
0.00038869 
0.00038601 
0.00038289 
0.00038210 
0.00038460 
0.00038481 
0.00038700 
0.00038852 
0.00039100 
0.00039257 
0.00039000 
0.00038775 
0.00038430 
0.00038401 
0.00038353 
0.00038300 
0.00038219 
0.00038481 
0.00038200 
0.00038008 
0.00038101 
0.00037890 
0.00038086 
0.00037979 
0.00037945 
0.00037811 
0.00037949 
0.00037953 
0.00038000 
0.00037758 
0.00038029 
0.00038008 
0.00037840 
0.00037757 
0.00037701 
0.00037983 
0.00038338 
0.00038200 
0.00038438 
0.00038492 
0.00038000 
0.00038005 
0.00037199 
0.00037163 
0.00037242 
0.00036746 
0.00037013 
0.00036700 
0.00036013 
0.00035844 
0.00035711 
0.00035711 
0.00035685 
0.00035681 
0.00035631 
0.00035779 
0.00035722 
0.00035607 
0.00035676 
0.00035753 
0.00035869 
0.00035651 
0.00035500 
0.00035653 
0.00035816 
0.00035309 
0.00035329 
0.00035276 
0.00035179 
0.00035268 
0.00035150 
0.00034854 
0.00035141 
0.00034692 
0.00035218 
0.00034969 
0.00035169 
0.00035113 
0.00034496 
0.00034472 
0.00034265 
0.00034579 
0.00035117 
0.00035120 
0.00035120 
0.00035120 
0.00035116 
0.00035271 
0.00035039 
0.00035277 
0.00035280 
0.00035202 
0.00035140 
0.00035335 
0.00035613 
0.00035157 
0.00035122 
0.00034944 
0.00034830 
0.00034897 
0.00035397 
0.00035163 
0.00035195 
0.00035136 
0.00035093 
0.00035093 
0.00035233 
0.00035337 
0.00036457 
0.00036553 
0.00036105 
0.00035970 
0.00035700 
0.00035414 
0.00035330 
0.00035339 
0.00034878 
0.00034750 
0.00035335 
0.00035439 
0.00035992 
0.00036330 
0.00036263 
0.00036130 
0.00036630 
0.00036700 
0.00036339 
0.00036078 
0.00036007 
0.00035930 
0.00035800 
0.00035739 
0.00035378 
0.00035610 
0.00035400 
0.00035391 
0.00035350 
0.00035399 
0.00035263 
0.00035099 
0.00035032 
0.00035100 
0.00034859 
0.00034504 
0.00034638 
0.00034477 
0.00034862 
0.00034677 
0.00034695 
0.00034470 
0.00034436 
0.00034452 
0.00034270 
0.00034103 
0.00034229 
0.00034229 
0.00034110 
0.00034269 
0.00034235 
0.00034200 
0.00034200 
0.00034101 
0.00034110 
0.00034275 
0.00034101 
0.00034154 
0.00034149 
0.00034295 
0.00034313 
0.00034387 
0.00034138 
0.00034300 
0.00034400 
0.00034400 
0.00034341 
0.00034412 
0.00034495 
0.00034344 
0.00034401 
0.00034250 
0.00034261 
0.00034261 
0.00034200 
0.00034318 
0.00034489 
0.00034311 
0.00034424 
0.00034551 
0.00034335 
0.00034500 
0.00034500 
0.00034678 
0.00034776 
0.00035087 
0.00035088 
0.00035085 
0.00035086 
0.00034912 
0.00035065 
0.00035205 
0.00035257 
0.00035046 
0.00035034 
0.00035263 
0.00035196 
0.00034970 
0.00034870 
0.00034800 
0.00034700 
0.00034700 
0.00034441 
0.00034439 
0.00034457 
0.00034237 
0.00034103 
0.00034101 
0.00034100 
0.00034118 
0.00034050 
0.00034318 
0.00034200 
0.00034318 
0.00034315 
0.00034201 
0.00034200 
0.00034235 
0.00034234 
0.00034201 
0.00034201 
0.00034230 
0.00034364 
0.00034354 
0.00034353 
0.00034444 
0.00034547 
0.00035000 
0.00034901 
0.00034493 
0.00034526 
0.00034493 
0.00034394 
0.00034199 
0.00034329 
0.00034229 
0.00034210 
0.00034347 
0.00034371 
0.00034300 
0.00034507 
0.00034368 
0.00034404 
0.00034386 
0.00034499 
0.00034481 
0.00034502 
0.00034513 
0.00034921 
0.00034792 
0.00034911 
0.00035009 
0.00035010 
0.00035010 
0.00035010 
0.00034982 
0.00035010 
0.00035010 
0.00035011 
0.00035095 
0.00035020 
0.00035220 
0.00035203 
0.00035401 
0.00035509 
0.00035472 
0.00035525 
0.00035613 
0.00035588 
0.00035748 
0.00035464 
0.00035702 
0.00035804 
0.00035477 
0.00036000 
0.00036095 
0.00036301 
0.00036299 
0.00036303 
0.00036271 
0.00036351 
0.00036537 
0.00036400 
0.00036713 
0.00036871 
0.00036695 
0.00036718 
0.00036674 
0.00037316 
0.00037386 
0.00037179 
0.00036987 
0.00036957 
0.00036957 
0.00037000 
0.00037041 
0.00037100 
0.00037100 
0.00037104 
0.00037286 
0.00037243 
0.00037390 
0.00037281 
0.00037186 
0.00037227 
0.00037410 
0.00037430 
0.00037496 
0.00037573 
0.00036927 
0.00036736 
0.00036602 
0.00037010 
0.00037130 
0.00037068 
0.00037131 
0.00037248 
0.00037223 
0.00037223 
0.00037211 
0.00037219 
0.00037225 
0.00037224 
0.00037229 
0.00037359 
0.00037368 
0.00037355 
0.00037337 
0.00037211 
0.00037202 
0.00037631 
0.00037340 
0.00037500 
0.00037902 
0.00038370 
0.00038543 
0.00038759 
0.00038666 
0.00038758 
0.00038758 
0.00039000 
0.00039095 
0.00039071 
0.00038962 
0.00038949 
0.00038876 
0.00038839 
0.00038895 
0.00038849 
0.00038503 
0.00039150 
0.00038854 
0.00038766 
0.00038667 
0.00038496 
0.00038222 
0.00037750 
0.00037853 
