2920.00000000 
141570.00000000 
77281.00000000 
197053.00000000 
65732.00000000 
169141.00000000 
76255.00000000 
142131.00000000 
35085.00000000 
38646.00000000 
52989.00000000 
23104.00000000 
17173.00000000 
63157.00000000 
122249.00000000 
92103.00000000 
59085.00000000 
94228.00000000 
130722.00000000 
110496.00000000 
132311.00000000 
182659.00000000 
200819.00000000 
121805.00000000 
225294.00000000 
148764.00000000 
267991.00000000 
182890.00000000 
240121.00000000 
399099.00000000 
107841.00000000 
74340.00000000 
31332.00000000 
71142.00000000 
54643.00000000 
365583.00000000 
267533.00000000 
68163.00000000 
109960.00000000 
292844.00000000 
93036.00000000 
77314.00000000 
72933.00000000 
247891.00000000 
167971.00000000 
154150.00000000 
79663.00000000 
162495.00000000 
75341.00000000 
60667.00000000 
38176.00000000 
1439.00000000 
23745.00000000 
124244.00000000 
102193.00000000 
53053.00000000 
73903.00000000 
108648.00000000 
52552.00000000 
134088.00000000 
56846.00000000 
16732.00000000 
13914.00000000 
5785.00000000 
118433.00000000 
33759.00000000 
51427.00000000 
32783.00000000 
28431.00000000 
33076.00000000 
18656.00000000 
9978.00000000 
46947.00000000 
79230.00000000 
42557.00000000 
50779.00000000 
51416.00000000 
44040.00000000 
92326.00000000 
14256.00000000 
37526.00000000 
42811.00000000 
18909.00000000 
57913.00000000 
42477.00000000 
5837.00000000 
16076.00000000 
37409.00000000 
23927.00000000 
51767.00000000 
38570.00000000 
113268.00000000 
112712.00000000 
35043.00000000 
83818.00000000 
60445.00000000 
161957.00000000 
283203.00000000 
194857.00000000 
104482.00000000 
276180.00000000 
29518.00000000 
20556.00000000 
32660.00000000 
9499.00000000 
41800.00000000 
30044.00000000 
46442.00000000 
65261.00000000 
21284.00000000 
42756.00000000 
22588.00000000 
103914.00000000 
83913.00000000 
132848.00000000 
373174.00000000 
100127.00000000 
38989.00000000 
48309.00000000 
78771.00000000 
115173.00000000 
144715.00000000 
63505.00000000 
83861.00000000 
88672.00000000 
174803.00000000 
180820.00000000 
52759.00000000 
17115.00000000 
34003.00000000 
13602.00000000 
28033.00000000 
33715.00000000 
42306.00000000 
113376.00000000 
59351.00000000 
55103.00000000 
19900.00000000 
128110.00000000 
67608.00000000 
104401.00000000 
117029.00000000 
72006.00000000 
70828.00000000 
118826.00000000 
41350.00000000 
83835.00000000 
61527.00000000 
25558.00000000 
158871.00000000 
67556.00000000 
34156.00000000 
64358.00000000 
45729.00000000 
73383.00000000 
50396.00000000 
96215.00000000 
75437.00000000 
69115.00000000 
26730.00000000 
104605.00000000 
18934.00000000 
41219.00000000 
135943.00000000 
35102.00000000 
69393.00000000 
111471.00000000 
226330.00000000 
112734.00000000 
29183.00000000 
67201.00000000 
85238.00000000 
178161.00000000 
111341.00000000 
43004.00000000 
21632.00000000 
24216.00000000 
10789.00000000 
4038.00000000 
52312.00000000 
3933.00000000 
18913.00000000 
21035.00000000 
4193.00000000 
1874.00000000 
1942.00000000 
6069.00000000 
25714.00000000 
18524.00000000 
23297.00000000 
443136.00000000 
331309.00000000 
487484.00000000 
17325.00000000 
10594.00000000 
104782.00000000 
62854.00000000 
11281.00000000 
25565.00000000 
12819.00000000 
40428.00000000 
3046.00000000 
43677.00000000 
8187.00000000 
8038.00000000 
721.00000000 
18950.00000000 
12172.00000000 
18023.00000000 
435.00000000 
41742.00000000 
123591.00000000 
14655.00000000 
18729.00000000 
4621.00000000 
43279.00000000 
26887.00000000 
12980.00000000 
81075.00000000 
1222.00000000 
70222.00000000 
17498.00000000 
51737.00000000 
188308.00000000 
14583.00000000 
10673.00000000 
16651.00000000 
0.00000000 
22328.00000000 
4388.00000000 
52290.00000000 
19617.00000000 
15264.00000000 
37094.00000000 
57239.00000000 
27953.00000000 
64117.00000000 
136002.00000000 
91024.00000000 
15658.00000000 
21950.00000000 
446825.00000000 
44976.00000000 
45070.00000000 
58588.00000000 
122381.00000000 
573098.00000000 
204287.00000000 
82051.00000000 
70635.00000000 
29377.00000000 
17515.00000000 
37239.00000000 
14141.00000000 
6176.00000000 
13562.00000000 
40778.00000000 
64448.00000000 
197846.00000000 
32025.00000000 
0.00000000 
66339.00000000 
10138.00000000 
43435.00000000 
100416.00000000 
5694.00000000 
11911.00000000 
32426.00000000 
7373.00000000 
26836.00000000 
15388.00000000 
37911.00000000 
23675.00000000 
21869.00000000 
5203.00000000 
47762.00000000 
21532.00000000 
21788.00000000 
4928.00000000 
4288.00000000 
9794.00000000 
10314.00000000 
112521.00000000 
32363.00000000 
66016.00000000 
16982.00000000 
85285.00000000 
112455.00000000 
4650.00000000 
17746.00000000 
11238.00000000 
8397.00000000 
67742.00000000 
38458.00000000 
89903.00000000 
3494.00000000 
16094.00000000 
16783.00000000 
129104.00000000 
136293.00000000 
3793.00000000 
3431.00000000 
14192.00000000 
47476.00000000 
113564.00000000 
37585.00000000 
43091.00000000 
205894.00000000 
26519.00000000 
33721.00000000 
10824.00000000 
56547.00000000 
179425.00000000 
14673.00000000 
64960.00000000 
63698.00000000 
9702.00000000 
43971.00000000 
41318.00000000 
35438.00000000 
107639.00000000 
46377.00000000 
89012.00000000 
16285.00000000 
22782.00000000 
41409.00000000 
39482.00000000 
30743.00000000 
223373.00000000 
55157.00000000 
46083.00000000 
93004.00000000 
46197.00000000 
106701.00000000 
99189.00000000 
180095.00000000 
148630.00000000 
142097.00000000 
14095.00000000 
46295.00000000 
76289.00000000 
18995.00000000 
209624.00000000 
18254.00000000 
65561.00000000 
29408.00000000 
61500.00000000 
16833.00000000 
180138.00000000 
68096.00000000 
39183.00000000 
14734.00000000 
20283.00000000 
40972.00000000 
170527.00000000 
58585.00000000 
162670.00000000 
186484.00000000 
97711.00000000 
101920.00000000 
122411.00000000 
42114.00000000 
60411.00000000 
66457.00000000 
35498.00000000 
13166.00000000 
11711.00000000 
28158.00000000 
192495.00000000 
3453.00000000 
15128.00000000 
62629.00000000 
47982.00000000 
59876.00000000 
60697.00000000 
19752.00000000 
21890.00000000 
23435.00000000 
41537.00000000 
99937.00000000 
17566.00000000 
174673.00000000 
39152.00000000 
59008.00000000 
124463.00000000 
16300.00000000 
558922.00000000 
136112.00000000 
9647.00000000 
55811.00000000 
142016.00000000 
187537.00000000 
403042.00000000 
54180.00000000 
52966.00000000 
14080.00000000 
53560.00000000 
29904.00000000 
33070.00000000 
18531.00000000 
40060.00000000 
73146.00000000 
22850.00000000 
76257.00000000 
12416.00000000 
45771.00000000 
51125.00000000 
15982.00000000 
1705.00000000 
16518.00000000 
2479.00000000 
5591.00000000 
326.00000000 
44508.00000000 
58866.00000000 
10380.00000000 
4538.00000000 
8281.00000000 
45561.00000000 
34051.00000000 
7631.00000000 
52783.00000000 
44120.00000000 
52345.00000000 
1660.00000000 
31662.00000000 
20497.00000000 
30658.00000000 
6645.00000000 
48698.00000000 
76178.00000000 
4659.00000000 
58143.00000000 
12886.00000000 
3304.00000000 
19909.00000000 
17438.00000000 
3499.00000000 
10127.00000000 
3815.00000000 
2905.00000000 
61266.00000000 
19723.00000000 
22930.00000000 
10952.00000000 
28780.00000000 
12590.00000000 
6833.00000000 
46712.00000000 
26988.00000000 
3770.00000000 
35822.00000000 
59126.00000000 
98327.00000000 
30364.00000000 
6444.00000000 
2800.00000000 
75988.00000000 
68385.00000000 
43821.00000000 
9167.00000000 
16480.00000000 
19306.00000000 
29250.00000000 
26677.00000000 
14617.00000000 
3509.00000000 
76596.00000000 
12024.00000000 
85756.00000000 
21000.00000000 
24959.00000000 
24653.00000000 
137748.00000000 
20334.00000000 
58693.00000000 
16239.00000000 
72958.00000000 
37477.00000000 
26293.00000000 
2920.00000000 
141570.00000000 
77281.00000000 
197053.00000000 
65732.00000000 
169141.00000000 
76255.00000000 
142131.00000000 
35085.00000000 
38646.00000000 
52989.00000000 
23104.00000000 
17173.00000000 
63157.00000000 
122249.00000000 
92103.00000000 
59085.00000000 
94228.00000000 
130722.00000000 
110496.00000000 
132311.00000000 
182659.00000000 
200819.00000000 
121805.00000000 
225294.00000000 
148764.00000000 
267991.00000000 
182890.00000000 
240121.00000000 
399099.00000000 
107841.00000000 
74340.00000000 
31332.00000000 
71142.00000000 
54643.00000000 
365583.00000000 
267533.00000000 
68163.00000000 
109960.00000000 
292844.00000000 
93036.00000000 
77314.00000000 
72933.00000000 
247891.00000000 
167971.00000000 
154150.00000000 
79663.00000000 
162495.00000000 
75341.00000000 
60667.00000000 
38176.00000000 
1439.00000000 
23745.00000000 
124244.00000000 
102193.00000000 
53053.00000000 
73903.00000000 
108648.00000000 
52552.00000000 
134088.00000000 
56846.00000000 
16732.00000000 
13914.00000000 
5785.00000000 
118433.00000000 
33759.00000000 
51427.00000000 
32783.00000000 
28431.00000000 
33076.00000000 
18656.00000000 
9978.00000000 
46947.00000000 
79230.00000000 
42557.00000000 
50779.00000000 
51416.00000000 
44040.00000000 
92326.00000000 
14256.00000000 
37526.00000000 
42811.00000000 
18909.00000000 
57913.00000000 
42477.00000000 
5837.00000000 
16076.00000000 
37409.00000000 
23927.00000000 
51767.00000000 
38570.00000000 
113268.00000000 
112712.00000000 
35043.00000000 
83818.00000000 
60445.00000000 
161957.00000000 
283203.00000000 
194857.00000000 
104482.00000000 
276180.00000000 
29518.00000000 
20556.00000000 
32660.00000000 
9499.00000000 
41800.00000000 
30044.00000000 
46442.00000000 
65261.00000000 
21284.00000000 
42756.00000000 
22588.00000000 
103914.00000000 
83913.00000000 
132848.00000000 
373174.00000000 
100127.00000000 
38989.00000000 
48309.00000000 
78771.00000000 
115173.00000000 
144715.00000000 
63505.00000000 
83861.00000000 
88672.00000000 
174803.00000000 
180820.00000000 
52759.00000000 
17115.00000000 
34003.00000000 
13602.00000000 
28033.00000000 
33715.00000000 
42306.00000000 
113376.00000000 
59351.00000000 
55103.00000000 
19900.00000000 
128110.00000000 
67608.00000000 
104401.00000000 
117029.00000000 
72006.00000000 
70828.00000000 
118826.00000000 
41350.00000000 
83835.00000000 
61527.00000000 
25558.00000000 
158871.00000000 
67556.00000000 
34156.00000000 
64358.00000000 
45729.00000000 
73383.00000000 
50396.00000000 
96215.00000000 
75437.00000000 
69115.00000000 
26730.00000000 
104605.00000000 
18934.00000000 
41219.00000000 
135943.00000000 
35102.00000000 
69393.00000000 
111471.00000000 
226330.00000000 
112734.00000000 
29183.00000000 
67201.00000000 
85238.00000000 
178161.00000000 
111341.00000000 
43004.00000000 
21632.00000000 
24216.00000000 
10789.00000000 
4038.00000000 
52312.00000000 
3933.00000000 
18913.00000000 
21035.00000000 
4193.00000000 
1874.00000000 
1942.00000000 
6069.00000000 
25714.00000000 
18524.00000000 
23297.00000000 
443136.00000000 
331309.00000000 
487484.00000000 
17325.00000000 
10594.00000000 
104782.00000000 
62854.00000000 
11281.00000000 
25565.00000000 
12819.00000000 
40428.00000000 
3046.00000000 
43677.00000000 
8187.00000000 
8038.00000000 
721.00000000 
18950.00000000 
12172.00000000 
18023.00000000 
435.00000000 
41742.00000000 
123591.00000000 
14655.00000000 
18729.00000000 
4621.00000000 
43279.00000000 
26887.00000000 
12980.00000000 
81075.00000000 
1222.00000000 
70222.00000000 
17498.00000000 
51737.00000000 
188308.00000000 
14583.00000000 
10673.00000000 
16651.00000000 
0.00000000 
22328.00000000 
4388.00000000 
52290.00000000 
19617.00000000 
15264.00000000 
37094.00000000 
57239.00000000 
27953.00000000 
64117.00000000 
136002.00000000 
91024.00000000 
15658.00000000 
21950.00000000 
446825.00000000 
44976.00000000 
45070.00000000 
58588.00000000 
122381.00000000 
573098.00000000 
204287.00000000 
82051.00000000 
70635.00000000 
29377.00000000 
17515.00000000 
37239.00000000 
14141.00000000 
6176.00000000 
13562.00000000 
40778.00000000 
64448.00000000 
197846.00000000 
32025.00000000 
0.00000000 
66339.00000000 
10138.00000000 
43435.00000000 
100416.00000000 
5694.00000000 
11911.00000000 
32426.00000000 
7373.00000000 
26836.00000000 
15388.00000000 
37911.00000000 
23675.00000000 
21869.00000000 
5203.00000000 
47762.00000000 
21532.00000000 
21788.00000000 
4928.00000000 
4288.00000000 
9794.00000000 
10314.00000000 
112521.00000000 
32363.00000000 
66016.00000000 
16982.00000000 
85285.00000000 
112455.00000000 
4650.00000000 
17746.00000000 
11238.00000000 
8397.00000000 
67742.00000000 
38458.00000000 
89903.00000000 
3494.00000000 
16094.00000000 
16783.00000000 
129104.00000000 
136293.00000000 
3793.00000000 
3431.00000000 
14192.00000000 
47476.00000000 
113564.00000000 
37585.00000000 
43091.00000000 
205894.00000000 
26519.00000000 
33721.00000000 
10824.00000000 
56547.00000000 
179425.00000000 
14673.00000000 
64960.00000000 
63698.00000000 
9702.00000000 
43971.00000000 
41318.00000000 
35438.00000000 
107639.00000000 
46377.00000000 
89012.00000000 
16285.00000000 
22782.00000000 
41409.00000000 
39482.00000000 
30743.00000000 
223373.00000000 
55157.00000000 
46083.00000000 
93004.00000000 
46197.00000000 
106701.00000000 
99189.00000000 
180095.00000000 
148630.00000000 
142097.00000000 
14095.00000000 
46295.00000000 
76289.00000000 
18995.00000000 
209624.00000000 
18254.00000000 
65561.00000000 
29408.00000000 
61500.00000000 
16833.00000000 
180138.00000000 
68096.00000000 
39183.00000000 
14734.00000000 
20283.00000000 
40972.00000000 
170527.00000000 
58585.00000000 
162670.00000000 
186484.00000000 
97711.00000000 
101920.00000000 
122411.00000000 
42114.00000000 
60411.00000000 
66457.00000000 
35498.00000000 
13166.00000000 
11711.00000000 
28158.00000000 
192495.00000000 
3453.00000000 
15128.00000000 
62629.00000000 
47982.00000000 
59876.00000000 
60697.00000000 
19752.00000000 
21890.00000000 
23435.00000000 
41537.00000000 
99937.00000000 
17566.00000000 
174673.00000000 
39152.00000000 
59008.00000000 
124463.00000000 
16300.00000000 
558922.00000000 
136112.00000000 
9647.00000000 
55811.00000000 
142016.00000000 
187537.00000000 
403042.00000000 
54180.00000000 
52966.00000000 
14080.00000000 
53560.00000000 
29904.00000000 
33070.00000000 
18531.00000000 
40060.00000000 
73146.00000000 
22850.00000000 
76257.00000000 
12416.00000000 
45771.00000000 
51125.00000000 
15982.00000000 
1705.00000000 
16518.00000000 
2479.00000000 
5591.00000000 
326.00000000 
44508.00000000 
58866.00000000 
10380.00000000 
4538.00000000 
8281.00000000 
45561.00000000 
34051.00000000 
7631.00000000 
52783.00000000 
44120.00000000 
52345.00000000 
1660.00000000 
31662.00000000 
20497.00000000 
30658.00000000 
6645.00000000 
48698.00000000 
76178.00000000 
4659.00000000 
58143.00000000 
12886.00000000 
3304.00000000 
19909.00000000 
17438.00000000 
3499.00000000 
10127.00000000 
3815.00000000 
2905.00000000 
61266.00000000 
19723.00000000 
22930.00000000 
10952.00000000 
28780.00000000 
12590.00000000 
6833.00000000 
46712.00000000 
26988.00000000 
3770.00000000 
35822.00000000 
59126.00000000 
98327.00000000 
30364.00000000 
6444.00000000 
2800.00000000 
75988.00000000 
68385.00000000 
43821.00000000 
9167.00000000 
16480.00000000 
19306.00000000 
29250.00000000 
26677.00000000 
14617.00000000 
3509.00000000 
76596.00000000 
12024.00000000 
85756.00000000 
21000.00000000 
24959.00000000 
24653.00000000 
137748.00000000 
20334.00000000 
58693.00000000 
16239.00000000 
72958.00000000 
37477.00000000 
26293.00000000 
3096.00000000 
141570.00000000 
77281.00000000 
197053.00000000 
65732.00000000 
169141.00000000 
76255.00000000 
142131.00000000 
35085.00000000 
38646.00000000 
52989.00000000 
23104.00000000 
17173.00000000 
63157.00000000 
122249.00000000 
92103.00000000 
59085.00000000 
94228.00000000 
130722.00000000 
110496.00000000 
132311.00000000 
182659.00000000 
200819.00000000 
121805.00000000 
225294.00000000 
148764.00000000 
267991.00000000 
182890.00000000 
240121.00000000 
399099.00000000 
107841.00000000 
74340.00000000 
31332.00000000 
71142.00000000 
54643.00000000 
365583.00000000 
267533.00000000 
68163.00000000 
109960.00000000 
292844.00000000 
93036.00000000 
77314.00000000 
72933.00000000 
247891.00000000 
167971.00000000 
154150.00000000 
79663.00000000 
162495.00000000 
75341.00000000 
60667.00000000 
38176.00000000 
1439.00000000 
23745.00000000 
124244.00000000 
102193.00000000 
53053.00000000 
73903.00000000 
108648.00000000 
52552.00000000 
134088.00000000 
56846.00000000 
16732.00000000 
13914.00000000 
5785.00000000 
118433.00000000 
33759.00000000 
51427.00000000 
32783.00000000 
28431.00000000 
33076.00000000 
18656.00000000 
9978.00000000 
46947.00000000 
79230.00000000 
42557.00000000 
50779.00000000 
51416.00000000 
44040.00000000 
92326.00000000 
14256.00000000 
37526.00000000 
42811.00000000 
18909.00000000 
57913.00000000 
42477.00000000 
5837.00000000 
16076.00000000 
37409.00000000 
23927.00000000 
51767.00000000 
38570.00000000 
113268.00000000 
112712.00000000 
35043.00000000 
83818.00000000 
60445.00000000 
161957.00000000 
283203.00000000 
194857.00000000 
104482.00000000 
276180.00000000 
29518.00000000 
20556.00000000 
32660.00000000 
9499.00000000 
41800.00000000 
30044.00000000 
46442.00000000 
65261.00000000 
21284.00000000 
42756.00000000 
22588.00000000 
103914.00000000 
83913.00000000 
132848.00000000 
373174.00000000 
100127.00000000 
38989.00000000 
48309.00000000 
78771.00000000 
115173.00000000 
144715.00000000 
63505.00000000 
83861.00000000 
88672.00000000 
174803.00000000 
180820.00000000 
52759.00000000 
17115.00000000 
34003.00000000 
13602.00000000 
28033.00000000 
33715.00000000 
42306.00000000 
113376.00000000 
59351.00000000 
55103.00000000 
19900.00000000 
128110.00000000 
67608.00000000 
104401.00000000 
117029.00000000 
72006.00000000 
70828.00000000 
118826.00000000 
41350.00000000 
83835.00000000 
61527.00000000 
25558.00000000 
158871.00000000 
67556.00000000 
34156.00000000 
64358.00000000 
45729.00000000 
73383.00000000 
50396.00000000 
96215.00000000 
75437.00000000 
69115.00000000 
26730.00000000 
104605.00000000 
18934.00000000 
41219.00000000 
135943.00000000 
35102.00000000 
69393.00000000 
111471.00000000 
226330.00000000 
112734.00000000 
29183.00000000 
67201.00000000 
85238.00000000 
178161.00000000 
111341.00000000 
43004.00000000 
21632.00000000 
24216.00000000 
10789.00000000 
4038.00000000 
52312.00000000 
3933.00000000 
18913.00000000 
21035.00000000 
4193.00000000 
1874.00000000 
1942.00000000 
6069.00000000 
25714.00000000 
18524.00000000 
23297.00000000 
443136.00000000 
331309.00000000 
487484.00000000 
17325.00000000 
10594.00000000 
104782.00000000 
62854.00000000 
11281.00000000 
25565.00000000 
12819.00000000 
40428.00000000 
3046.00000000 
43677.00000000 
8187.00000000 
8038.00000000 
721.00000000 
18950.00000000 
12172.00000000 
18023.00000000 
435.00000000 
41742.00000000 
123591.00000000 
14655.00000000 
18729.00000000 
4621.00000000 
43279.00000000 
26887.00000000 
12980.00000000 
81075.00000000 
1222.00000000 
70222.00000000 
17498.00000000 
51737.00000000 
188308.00000000 
14583.00000000 
10673.00000000 
16651.00000000 
0.00000000 
22328.00000000 
4388.00000000 
52290.00000000 
19617.00000000 
15264.00000000 
37094.00000000 
57239.00000000 
27953.00000000 
64117.00000000 
136002.00000000 
91024.00000000 
15658.00000000 
21950.00000000 
446825.00000000 
44976.00000000 
45070.00000000 
58588.00000000 
122381.00000000 
573098.00000000 
204287.00000000 
82051.00000000 
70635.00000000 
29377.00000000 
17515.00000000 
37239.00000000 
14141.00000000 
6176.00000000 
13562.00000000 
40778.00000000 
64448.00000000 
197846.00000000 
32025.00000000 
0.00000000 
66339.00000000 
10138.00000000 
43435.00000000 
100416.00000000 
5694.00000000 
11911.00000000 
32426.00000000 
7373.00000000 
26836.00000000 
15388.00000000 
37911.00000000 
23675.00000000 
21869.00000000 
5203.00000000 
47762.00000000 
21532.00000000 
21788.00000000 
4928.00000000 
4288.00000000 
9794.00000000 
10314.00000000 
112521.00000000 
32363.00000000 
66016.00000000 
16982.00000000 
85285.00000000 
112455.00000000 
4650.00000000 
17746.00000000 
11238.00000000 
8397.00000000 
67742.00000000 
38458.00000000 
89903.00000000 
3494.00000000 
16094.00000000 
16783.00000000 
129104.00000000 
136293.00000000 
3793.00000000 
3431.00000000 
14192.00000000 
47476.00000000 
113564.00000000 
37585.00000000 
43091.00000000 
205894.00000000 
26519.00000000 
33721.00000000 
10824.00000000 
56547.00000000 
179425.00000000 
14673.00000000 
64960.00000000 
63698.00000000 
9702.00000000 
43971.00000000 
41318.00000000 
35438.00000000 
107639.00000000 
46377.00000000 
89012.00000000 
16285.00000000 
22782.00000000 
41409.00000000 
39482.00000000 
30743.00000000 
223373.00000000 
55157.00000000 
46083.00000000 
93004.00000000 
46197.00000000 
106701.00000000 
99189.00000000 
180095.00000000 
148630.00000000 
142097.00000000 
14095.00000000 
46295.00000000 
76289.00000000 
18995.00000000 
209624.00000000 
18254.00000000 
65561.00000000 
29408.00000000 
61500.00000000 
16833.00000000 
180138.00000000 
68096.00000000 
39183.00000000 
14734.00000000 
20283.00000000 
40972.00000000 
170527.00000000 
58585.00000000 
162670.00000000 
186484.00000000 
97711.00000000 
101920.00000000 
122411.00000000 
42114.00000000 
60411.00000000 
66457.00000000 
35498.00000000 
13166.00000000 
11711.00000000 
28158.00000000 
192495.00000000 
3453.00000000 
15128.00000000 
62629.00000000 
47982.00000000 
59876.00000000 
60697.00000000 
19752.00000000 
21890.00000000 
23435.00000000 
41537.00000000 
99937.00000000 
17566.00000000 
174673.00000000 
39152.00000000 
59008.00000000 
124463.00000000 
16300.00000000 
558922.00000000 
136112.00000000 
9647.00000000 
55811.00000000 
142016.00000000 
187537.00000000 
403042.00000000 
54180.00000000 
52966.00000000 
14080.00000000 
53560.00000000 
29904.00000000 
33070.00000000 
18531.00000000 
40060.00000000 
73146.00000000 
22850.00000000 
76257.00000000 
12416.00000000 
45771.00000000 
51125.00000000 
15982.00000000 
1705.00000000 
16518.00000000 
2479.00000000 
5591.00000000 
326.00000000 
44508.00000000 
58866.00000000 
10380.00000000 
4538.00000000 
8281.00000000 
45561.00000000 
34051.00000000 
7631.00000000 
52783.00000000 
44120.00000000 
52345.00000000 
1660.00000000 
31662.00000000 
20497.00000000 
30658.00000000 
6645.00000000 
48698.00000000 
76178.00000000 
4659.00000000 
58143.00000000 
12886.00000000 
3304.00000000 
19909.00000000 
17438.00000000 
3499.00000000 
10127.00000000 
3815.00000000 
2905.00000000 
61266.00000000 
19723.00000000 
22930.00000000 
10952.00000000 
28780.00000000 
12590.00000000 
6833.00000000 
46712.00000000 
26988.00000000 
3770.00000000 
35822.00000000 
59126.00000000 
98327.00000000 
30364.00000000 
6444.00000000 
2800.00000000 
75988.00000000 
68385.00000000 
43821.00000000 
9167.00000000 
16480.00000000 
19306.00000000 
29250.00000000 
26677.00000000 
14617.00000000 
3509.00000000 
76596.00000000 
12024.00000000 
85756.00000000 
21000.00000000 
24959.00000000 
24653.00000000 
137748.00000000 
20334.00000000 
58693.00000000 
16239.00000000 
72958.00000000 
37477.00000000 
26293.00000000 
