0.00005470 
0.00005438 
0.00005458 
0.00005446 
0.00005396 
0.00005359 
0.00005359 
0.00005310 
0.00005358 
0.00005308 
0.00005333 
0.00005279 
0.00005278 
0.00005249 
0.00005277 
0.00005319 
0.00005325 
0.00005225 
0.00005238 
0.00005229 
0.00005290 
0.00005257 
0.00005300 
0.00005291 
0.00005249 
0.00005243 
0.00005246 
0.00005219 
0.00005219 
0.00005230 
0.00005250 
0.00005249 
0.00005249 
0.00005231 
0.00005247 
0.00005218 
0.00005214 
0.00005240 
0.00005246 
0.00005247 
0.00005257 
0.00005225 
0.00005250 
0.00005261 
0.00005290 
0.00005301 
0.00005213 
0.00005153 
0.00005108 
0.00005108 
0.00005116 
0.00005091 
0.00005066 
0.00005094 
0.00005094 
0.00005058 
0.00005045 
0.00005061 
0.00005100 
0.00005100 
0.00005093 
0.00005053 
0.00005098 
0.00005104 
0.00005103 
0.00005080 
0.00005118 
0.00005074 
0.00005075 
0.00005070 
0.00005073 
0.00005076 
0.00005079 
0.00005046 
0.00005112 
0.00005025 
0.00004977 
0.00004955 
0.00004950 
0.00004903 
0.00004902 
0.00004931 
0.00004950 
0.00004915 
0.00004941 
0.00004881 
0.00004904 
0.00004905 
0.00004910 
0.00004945 
0.00004927 
0.00004903 
0.00004903 
0.00004903 
0.00004926 
0.00004952 
0.00004930 
0.00004950 
0.00004953 
0.00004990 
0.00004937 
0.00004910 
0.00004980 
0.00004984 
0.00005042 
0.00005036 
0.00005042 
0.00005079 
0.00005110 
0.00005110 
0.00005095 
0.00005061 
0.00005036 
0.00005060 
0.00005025 
0.00005026 
0.00005002 
0.00005042 
0.00005060 
0.00005083 
0.00005105 
0.00005082 
0.00005101 
0.00005096 
0.00005168 
0.00005122 
0.00005089 
0.00005079 
0.00005062 
0.00005084 
0.00005068 
0.00005016 
0.00005037 
0.00005028 
0.00005007 
0.00004990 
0.00004984 
0.00004993 
0.00004992 
0.00004973 
0.00004947 
0.00004880 
0.00004889 
0.00004890 
0.00004837 
0.00004894 
0.00004925 
0.00004877 
0.00004889 
0.00004869 
0.00004911 
0.00004934 
0.00004887 
0.00004937 
0.00004928 
0.00004916 
0.00004894 
0.00004815 
0.00004806 
0.00004733 
0.00004725 
0.00004771 
0.00004774 
0.00004761 
0.00004783 
0.00004736 
0.00004744 
0.00004782 
0.00004775 
0.00004790 
0.00004916 
0.00004730 
0.00004719 
0.00004719 
0.00004668 
0.00004657 
0.00004638 
0.00004614 
0.00004592 
0.00004647 
0.00004611 
0.00004596 
0.00004592 
0.00004575 
0.00004568 
0.00004542 
0.00004508 
0.00004541 
0.00004525 
0.00004500 
0.00004546 
0.00004542 
0.00004536 
0.00004502 
0.00004543 
0.00004501 
0.00004460 
0.00004456 
0.00004496 
0.00004384 
0.00004499 
0.00004566 
0.00004649 
0.00004585 
0.00004579 
0.00004603 
0.00004586 
0.00004620 
0.00004715 
0.00004724 
0.00004793 
0.00004792 
0.00004734 
0.00004728 
0.00004694 
0.00004744 
0.00004740 
0.00004800 
0.00004802 
0.00004866 
0.00004877 
0.00004893 
0.00004857 
0.00004893 
0.00004856 
0.00004862 
0.00004853 
0.00004826 
0.00004822 
0.00004792 
0.00004849 
0.00004790 
0.00004887 
0.00004865 
0.00004865 
0.00004911 
0.00005061 
0.00004999 
0.00005036 
0.00004965 
0.00004864 
0.00004845 
0.00004800 
0.00004725 
0.00004713 
0.00004666 
0.00004653 
0.00004606 
0.00004561 
0.00004604 
0.00004585 
0.00004544 
0.00004544 
0.00004520 
0.00004523 
0.00004537 
0.00004583 
0.00004586 
0.00004586 
0.00004586 
0.00004597 
0.00004619 
0.00004623 
0.00004623 
0.00004623 
0.00004623 
0.00004623 
0.00004623 
0.00004626 
0.00004634 
0.00004634 
0.00004623 
0.00004623 
0.00004634 
0.00004622 
0.00004598 
0.00004629 
0.00004603 
0.00004574 
0.00004600 
0.00004603 
0.00004603 
0.00004599 
0.00004610 
0.00004604 
0.00004604 
0.00004649 
0.00004669 
0.00004627 
0.00004731 
0.00004735 
0.00004731 
0.00004686 
0.00004623 
0.00004625 
0.00004638 
0.00004600 
0.00004605 
0.00004610 
0.00004640 
0.00004607 
0.00004606 
0.00004622 
0.00004622 
0.00004600 
0.00004616 
0.00004622 
0.00004664 
0.00004646 
0.00004632 
0.00004632 
0.00004600 
0.00004588 
0.00004593 
0.00004592 
0.00004588 
0.00004584 
0.00004557 
0.00004567 
0.00004567 
0.00004527 
0.00004562 
0.00004516 
0.00004516 
0.00004561 
0.00004585 
0.00004639 
0.00004585 
0.00004634 
0.00004570 
0.00004570 
0.00004583 
0.00004594 
0.00004506 
0.00004565 
0.00004519 
0.00004473 
0.00004480 
0.00004435 
0.00004457 
0.00004415 
0.00004509 
0.00004505 
0.00004517 
0.00004527 
0.00004576 
0.00004612 
0.00004611 
0.00004620 
0.00004620 
0.00004628 
0.00004628 
0.00004628 
0.00004658 
0.00004755 
0.00004739 
0.00004739 
0.00004785 
0.00004788 
0.00004732 
0.00004705 
0.00004628 
0.00004645 
0.00004631 
0.00004631 
0.00004656 
0.00004630 
0.00004656 
0.00004671 
0.00004749 
0.00004749 
0.00004736 
0.00004736 
0.00004747 
0.00004793 
0.00004768 
0.00004737 
0.00004832 
0.00004886 
0.00004827 
0.00004850 
0.00004904 
0.00004833 
0.00004833 
0.00004833 
0.00004861 
0.00004900 
0.00004939 
0.00004945 
0.00004962 
0.00004975 
0.00004962 
0.00004945 
0.00004967 
0.00004945 
0.00004945 
0.00004949 
0.00004952 
0.00004948 
0.00004968 
0.00005001 
0.00005000 
0.00005009 
0.00005045 
0.00005014 
0.00004977 
0.00004980 
0.00004977 
0.00004977 
0.00005017 
0.00004948 
0.00004948 
0.00004983 
0.00004982 
0.00004982 
0.00004982 
0.00004982 
0.00005000 
0.00005000 
0.00004989 
0.00004989 
0.00004981 
0.00004981 
0.00004997 
0.00005012 
0.00004972 
0.00004998 
0.00004952 
0.00005055 
0.00005093 
0.00005040 
0.00005029 
0.00005010 
0.00004945 
0.00004951 
0.00004951 
0.00004950 
0.00004950 
0.00004908 
0.00004951 
0.00004991 
0.00004991 
0.00004979 
0.00004957 
0.00004951 
0.00004902 
0.00004941 
0.00005051 
0.00005064 
0.00004930 
0.00004916 
0.00004946 
0.00004896 
0.00004903 
0.00005007 
0.00005115 
0.00004930 
0.00005002 
0.00005033 
0.00005026 
0.00005080 
0.00005035 
0.00005047 
0.00005013 
0.00004966 
0.00005000 
0.00005226 
0.00005027 
0.00004987 
0.00004954 
0.00004997 
0.00004951 
0.00004944 
0.00004991 
0.00005027 
0.00004924 
0.00004940 
0.00004935 
0.00004916 
0.00004916 
0.00005470 
0.00005438 
0.00005458 
0.00005446 
0.00005396 
0.00005359 
0.00005359 
0.00005310 
0.00005358 
0.00005308 
0.00005333 
0.00005279 
0.00005278 
0.00005249 
0.00005277 
0.00005319 
0.00005325 
0.00005225 
0.00005238 
0.00005229 
0.00005290 
0.00005257 
0.00005300 
0.00005291 
0.00005249 
0.00005243 
0.00005246 
0.00005219 
0.00005219 
0.00005230 
0.00005250 
0.00005249 
0.00005249 
0.00005231 
0.00005247 
0.00005218 
0.00005214 
0.00005240 
0.00005246 
0.00005247 
0.00005257 
0.00005225 
0.00005250 
0.00005261 
0.00005290 
0.00005301 
0.00005213 
0.00005153 
0.00005108 
0.00005108 
0.00005116 
0.00005091 
0.00005066 
0.00005094 
0.00005094 
0.00005058 
0.00005045 
0.00005061 
0.00005100 
0.00005100 
0.00005093 
0.00005053 
0.00005098 
0.00005104 
0.00005103 
0.00005080 
0.00005118 
0.00005074 
0.00005075 
0.00005070 
0.00005073 
0.00005076 
0.00005079 
0.00005046 
0.00005112 
0.00005025 
0.00004977 
0.00004955 
0.00004950 
0.00004903 
0.00004902 
0.00004931 
0.00004950 
0.00004915 
0.00004941 
0.00004881 
0.00004904 
0.00004905 
0.00004910 
0.00004945 
0.00004927 
0.00004903 
0.00004903 
0.00004903 
0.00004926 
0.00004952 
0.00004930 
0.00004950 
0.00004953 
0.00004990 
0.00004937 
0.00004910 
0.00004980 
0.00004984 
0.00005042 
0.00005036 
0.00005042 
0.00005079 
0.00005110 
0.00005110 
0.00005095 
0.00005061 
0.00005036 
0.00005060 
0.00005025 
0.00005026 
0.00005002 
0.00005042 
0.00005060 
0.00005083 
0.00005105 
0.00005082 
0.00005101 
0.00005096 
0.00005168 
0.00005122 
0.00005089 
0.00005079 
0.00005062 
0.00005084 
0.00005068 
0.00005016 
0.00005037 
0.00005028 
0.00005007 
0.00004990 
0.00004984 
0.00004993 
0.00004992 
0.00004973 
0.00004947 
0.00004880 
0.00004889 
0.00004890 
0.00004837 
0.00004894 
0.00004925 
0.00004877 
0.00004889 
0.00004869 
0.00004911 
0.00004934 
0.00004887 
0.00004937 
0.00004928 
0.00004916 
0.00004894 
0.00004815 
0.00004806 
0.00004733 
0.00004725 
0.00004771 
0.00004774 
0.00004761 
0.00004783 
0.00004736 
0.00004744 
0.00004782 
0.00004775 
0.00004790 
0.00004916 
0.00004730 
0.00004719 
0.00004719 
0.00004668 
0.00004657 
0.00004638 
0.00004614 
0.00004592 
0.00004647 
0.00004611 
0.00004596 
0.00004592 
0.00004575 
0.00004568 
0.00004542 
0.00004508 
0.00004541 
0.00004525 
0.00004500 
0.00004546 
0.00004542 
0.00004536 
0.00004502 
0.00004543 
0.00004501 
0.00004460 
0.00004456 
0.00004496 
0.00004384 
0.00004499 
0.00004566 
0.00004649 
0.00004585 
0.00004579 
0.00004603 
0.00004586 
0.00004620 
0.00004715 
0.00004724 
0.00004793 
0.00004792 
0.00004734 
0.00004728 
0.00004694 
0.00004744 
0.00004740 
0.00004800 
0.00004802 
0.00004866 
0.00004877 
0.00004893 
0.00004857 
0.00004893 
0.00004856 
0.00004862 
0.00004853 
0.00004826 
0.00004822 
0.00004792 
0.00004849 
0.00004790 
0.00004887 
0.00004865 
0.00004865 
0.00004911 
0.00005061 
0.00004999 
0.00005036 
0.00004965 
0.00004864 
0.00004845 
0.00004800 
0.00004725 
0.00004713 
0.00004666 
0.00004653 
0.00004606 
0.00004561 
0.00004604 
0.00004585 
0.00004544 
0.00004544 
0.00004520 
0.00004523 
0.00004537 
0.00004583 
0.00004586 
0.00004586 
0.00004586 
0.00004597 
0.00004619 
0.00004623 
0.00004623 
0.00004623 
0.00004623 
0.00004623 
0.00004623 
0.00004626 
0.00004634 
0.00004634 
0.00004623 
0.00004623 
0.00004634 
0.00004622 
0.00004598 
0.00004629 
0.00004603 
0.00004574 
0.00004600 
0.00004603 
0.00004603 
0.00004599 
0.00004610 
0.00004604 
0.00004604 
0.00004649 
0.00004669 
0.00004627 
0.00004731 
0.00004735 
0.00004731 
0.00004686 
0.00004623 
0.00004625 
0.00004638 
0.00004600 
0.00004605 
0.00004610 
0.00004640 
0.00004607 
0.00004606 
0.00004622 
0.00004622 
0.00004600 
0.00004616 
0.00004622 
0.00004664 
0.00004646 
0.00004632 
0.00004632 
0.00004600 
0.00004588 
0.00004593 
0.00004592 
0.00004588 
0.00004584 
0.00004557 
0.00004567 
0.00004567 
0.00004527 
0.00004562 
0.00004516 
0.00004516 
0.00004561 
0.00004585 
0.00004639 
0.00004585 
0.00004634 
0.00004570 
0.00004570 
0.00004583 
0.00004594 
0.00004506 
0.00004565 
0.00004519 
0.00004473 
0.00004480 
0.00004435 
0.00004457 
0.00004415 
0.00004509 
0.00004505 
0.00004517 
0.00004527 
0.00004576 
0.00004612 
0.00004611 
0.00004620 
0.00004620 
0.00004628 
0.00004628 
0.00004628 
0.00004658 
0.00004755 
0.00004739 
0.00004739 
0.00004785 
0.00004788 
0.00004732 
0.00004705 
0.00004628 
0.00004645 
0.00004631 
0.00004631 
0.00004656 
0.00004630 
0.00004656 
0.00004671 
0.00004749 
0.00004749 
0.00004736 
0.00004736 
0.00004747 
0.00004793 
0.00004768 
0.00004737 
0.00004832 
0.00004886 
0.00004827 
0.00004850 
0.00004904 
0.00004833 
0.00004833 
0.00004833 
0.00004861 
0.00004900 
0.00004939 
0.00004945 
0.00004962 
0.00004975 
0.00004962 
0.00004945 
0.00004967 
0.00004945 
0.00004945 
0.00004949 
0.00004952 
0.00004948 
0.00004968 
0.00005001 
0.00005000 
0.00005009 
0.00005045 
0.00005014 
0.00004977 
0.00004980 
0.00004977 
0.00004977 
0.00005017 
0.00004948 
0.00004948 
0.00004983 
0.00004982 
0.00004982 
0.00004982 
0.00004982 
0.00005000 
0.00005000 
0.00004989 
0.00004989 
0.00004981 
0.00004981 
0.00004997 
0.00005012 
0.00004972 
0.00004998 
0.00004952 
0.00005055 
0.00005093 
0.00005040 
0.00005029 
0.00005010 
0.00004945 
0.00004951 
0.00004951 
0.00004950 
0.00004950 
0.00004908 
0.00004951 
0.00004991 
0.00004991 
0.00004979 
0.00004957 
0.00004951 
0.00004902 
0.00004941 
0.00005051 
0.00005064 
0.00004930 
0.00004916 
0.00004946 
0.00004896 
0.00004903 
0.00005007 
0.00005115 
0.00004930 
0.00005002 
0.00005033 
0.00005026 
0.00005080 
0.00005035 
0.00005047 
0.00005013 
0.00004966 
0.00005000 
0.00005226 
0.00005027 
0.00004987 
0.00004954 
0.00004997 
0.00004951 
0.00004944 
0.00004991 
0.00005027 
0.00004924 
0.00004940 
0.00004935 
0.00004916 
0.00004916 
0.00005470 
0.00005438 
0.00005458 
0.00005446 
0.00005396 
0.00005359 
0.00005359 
0.00005310 
0.00005358 
0.00005308 
0.00005333 
0.00005279 
0.00005278 
0.00005249 
0.00005277 
0.00005319 
0.00005325 
0.00005225 
0.00005238 
0.00005229 
0.00005290 
0.00005257 
0.00005300 
0.00005291 
0.00005249 
0.00005243 
0.00005246 
0.00005219 
0.00005219 
0.00005230 
0.00005250 
0.00005249 
0.00005249 
0.00005231 
0.00005247 
0.00005218 
0.00005214 
0.00005240 
0.00005246 
0.00005247 
0.00005257 
0.00005225 
0.00005250 
0.00005261 
0.00005290 
0.00005301 
0.00005213 
0.00005153 
0.00005108 
0.00005108 
0.00005116 
0.00005091 
0.00005066 
0.00005094 
0.00005094 
0.00005058 
0.00005045 
0.00005061 
0.00005100 
0.00005100 
0.00005093 
0.00005053 
0.00005098 
0.00005104 
0.00005103 
0.00005080 
0.00005118 
0.00005074 
0.00005075 
0.00005070 
0.00005073 
0.00005076 
0.00005079 
0.00005046 
0.00005112 
0.00005025 
0.00004977 
0.00004955 
0.00004950 
0.00004903 
0.00004902 
0.00004931 
0.00004950 
0.00004915 
0.00004941 
0.00004881 
0.00004904 
0.00004905 
0.00004910 
0.00004945 
0.00004927 
0.00004903 
0.00004903 
0.00004903 
0.00004926 
0.00004952 
0.00004930 
0.00004950 
0.00004953 
0.00004990 
0.00004937 
0.00004910 
0.00004980 
0.00004984 
0.00005042 
0.00005036 
0.00005042 
0.00005079 
0.00005110 
0.00005110 
0.00005095 
0.00005061 
0.00005036 
0.00005060 
0.00005025 
0.00005026 
0.00005002 
0.00005042 
0.00005060 
0.00005083 
0.00005105 
0.00005082 
0.00005101 
0.00005096 
0.00005168 
0.00005122 
0.00005089 
0.00005079 
0.00005062 
0.00005084 
0.00005068 
0.00005016 
0.00005037 
0.00005028 
0.00005007 
0.00004990 
0.00004984 
0.00004993 
0.00004992 
0.00004973 
0.00004947 
0.00004880 
0.00004889 
0.00004890 
0.00004837 
0.00004894 
0.00004925 
0.00004877 
0.00004889 
0.00004869 
0.00004911 
0.00004934 
0.00004887 
0.00004937 
0.00004928 
0.00004916 
0.00004894 
0.00004815 
0.00004806 
0.00004733 
0.00004725 
0.00004771 
0.00004774 
0.00004761 
0.00004783 
0.00004736 
0.00004744 
0.00004782 
0.00004775 
0.00004790 
0.00004916 
0.00004730 
0.00004719 
0.00004719 
0.00004668 
0.00004657 
0.00004638 
0.00004614 
0.00004592 
0.00004647 
0.00004611 
0.00004596 
0.00004592 
0.00004575 
0.00004568 
0.00004542 
0.00004508 
0.00004541 
0.00004525 
0.00004500 
0.00004546 
0.00004542 
0.00004536 
0.00004502 
0.00004543 
0.00004501 
0.00004460 
0.00004456 
0.00004496 
0.00004384 
0.00004499 
0.00004566 
0.00004649 
0.00004585 
0.00004579 
0.00004603 
0.00004586 
0.00004620 
0.00004715 
0.00004724 
0.00004793 
0.00004792 
0.00004734 
0.00004728 
0.00004694 
0.00004744 
0.00004740 
0.00004800 
0.00004802 
0.00004866 
0.00004877 
0.00004893 
0.00004857 
0.00004893 
0.00004856 
0.00004862 
0.00004853 
0.00004826 
0.00004822 
0.00004792 
0.00004849 
0.00004790 
0.00004887 
0.00004865 
0.00004865 
0.00004911 
0.00005061 
0.00004999 
0.00005036 
0.00004965 
0.00004864 
0.00004845 
0.00004800 
0.00004725 
0.00004713 
0.00004666 
0.00004653 
0.00004606 
0.00004561 
0.00004604 
0.00004585 
0.00004544 
0.00004544 
0.00004520 
0.00004523 
0.00004537 
0.00004583 
0.00004586 
0.00004586 
0.00004586 
0.00004597 
0.00004619 
0.00004623 
0.00004623 
0.00004623 
0.00004623 
0.00004623 
0.00004623 
0.00004626 
0.00004634 
0.00004634 
0.00004623 
0.00004623 
0.00004634 
0.00004622 
0.00004598 
0.00004629 
0.00004603 
0.00004574 
0.00004600 
0.00004603 
0.00004603 
0.00004599 
0.00004610 
0.00004604 
0.00004604 
0.00004649 
0.00004669 
0.00004627 
0.00004731 
0.00004735 
0.00004731 
0.00004686 
0.00004623 
0.00004625 
0.00004638 
0.00004600 
0.00004605 
0.00004610 
0.00004640 
0.00004607 
0.00004606 
0.00004622 
0.00004622 
0.00004600 
0.00004616 
0.00004622 
0.00004664 
0.00004646 
0.00004632 
0.00004632 
0.00004600 
0.00004588 
0.00004593 
0.00004592 
0.00004588 
0.00004584 
0.00004557 
0.00004567 
0.00004567 
0.00004527 
0.00004562 
0.00004516 
0.00004516 
0.00004561 
0.00004585 
0.00004639 
0.00004585 
0.00004634 
0.00004570 
0.00004570 
0.00004583 
0.00004594 
0.00004506 
0.00004565 
0.00004519 
0.00004473 
0.00004480 
0.00004435 
0.00004457 
0.00004415 
0.00004509 
0.00004505 
0.00004517 
0.00004527 
0.00004576 
0.00004612 
0.00004611 
0.00004620 
0.00004620 
0.00004628 
0.00004628 
0.00004628 
0.00004658 
0.00004755 
0.00004739 
0.00004739 
0.00004785 
0.00004788 
0.00004732 
0.00004705 
0.00004628 
0.00004645 
0.00004631 
0.00004631 
0.00004656 
0.00004630 
0.00004656 
0.00004671 
0.00004749 
0.00004749 
0.00004736 
0.00004736 
0.00004747 
0.00004793 
0.00004768 
0.00004737 
0.00004832 
0.00004886 
0.00004827 
0.00004850 
0.00004904 
0.00004833 
0.00004833 
0.00004833 
0.00004861 
0.00004900 
0.00004939 
0.00004945 
0.00004962 
0.00004975 
0.00004962 
0.00004945 
0.00004967 
0.00004945 
0.00004945 
0.00004949 
0.00004952 
0.00004948 
0.00004968 
0.00005001 
0.00005000 
0.00005009 
0.00005045 
0.00005014 
0.00004977 
0.00004980 
0.00004977 
0.00004977 
0.00005017 
0.00004948 
0.00004948 
0.00004983 
0.00004982 
0.00004982 
0.00004982 
0.00004982 
0.00005000 
0.00005000 
0.00004989 
0.00004989 
0.00004981 
0.00004981 
0.00004997 
0.00005012 
0.00004972 
0.00004998 
0.00004952 
0.00005055 
0.00005093 
0.00005040 
0.00005029 
0.00005010 
0.00004945 
0.00004951 
0.00004951 
0.00004950 
0.00004950 
0.00004908 
0.00004951 
0.00004991 
0.00004991 
0.00004979 
0.00004957 
0.00004951 
0.00004902 
0.00004941 
0.00005051 
0.00005064 
0.00004930 
0.00004916 
0.00004946 
0.00004896 
0.00004903 
0.00005007 
0.00005115 
0.00004930 
0.00005002 
0.00005033 
0.00005026 
0.00005080 
0.00005035 
0.00005047 
0.00005013 
0.00004966 
0.00005000 
0.00005226 
0.00005027 
0.00004987 
0.00004954 
0.00004997 
0.00004951 
0.00004944 
0.00004991 
0.00005027 
0.00004924 
0.00004940 
0.00004935 
0.00004916 
0.00004916 
