0.00005470 
0.00005454 
0.00005451 
0.00005343 
0.00005358 
0.00005359 
0.00005315 
0.00005356 
0.00005351 
0.00005345 
0.00005270 
0.00005304 
0.00005242 
0.00005266 
0.00005318 
0.00005301 
0.00005228 
0.00005238 
0.00005288 
0.00005290 
0.00005275 
0.00005300 
0.00005300 
0.00005249 
0.00005243 
0.00005246 
0.00005219 
0.00005219 
0.00005241 
0.00005250 
0.00005250 
0.00005249 
0.00005249 
0.00005247 
0.00005226 
0.00005215 
0.00005240 
0.00005211 
0.00005203 
0.00005246 
0.00005225 
0.00005250 
0.00005251 
0.00005290 
0.00005317 
0.00005230 
0.00005153 
0.00005116 
0.00005109 
0.00005117 
0.00005089 
0.00005097 
0.00005095 
0.00005062 
0.00005054 
0.00005058 
0.00005092 
0.00005074 
0.00005074 
0.00005094 
0.00005074 
0.00005099 
0.00005097 
0.00005074 
0.00005103 
0.00005110 
0.00005074 
0.00005050 
0.00005069 
0.00005073 
0.00005073 
0.00005079 
0.00005045 
0.00005079 
0.00005025 
0.00005000 
0.00004955 
0.00004950 
0.00004916 
0.00004932 
0.00004917 
0.00004917 
0.00004917 
0.00004949 
0.00004905 
0.00004904 
0.00004905 
0.00004910 
0.00004915 
0.00004945 
0.00004927 
0.00004903 
0.00004904 
0.00004923 
0.00004940 
0.00004930 
0.00004949 
0.00004950 
0.00004935 
0.00004937 
0.00004910 
0.00004949 
0.00004969 
0.00005028 
0.00005042 
0.00005042 
0.00005061 
0.00005114 
0.00005110 
0.00005090 
0.00005080 
0.00005061 
0.00005060 
0.00005007 
0.00005012 
0.00004999 
0.00005022 
0.00005056 
0.00005083 
0.00005085 
0.00005104 
0.00005074 
0.00005096 
0.00005149 
0.00005167 
0.00005095 
0.00005079 
0.00005058 
0.00005068 
0.00005059 
0.00005015 
0.00005037 
0.00005031 
0.00005022 
0.00004990 
0.00004983 
0.00004996 
0.00004994 
0.00004985 
0.00004925 
0.00004880 
0.00004889 
0.00004864 
0.00004850 
0.00004894 
0.00004892 
0.00004916 
0.00004856 
0.00004942 
0.00004910 
0.00004934 
0.00004900 
0.00004937 
0.00004928 
0.00004916 
0.00004897 
0.00004827 
0.00004803 
0.00004774 
0.00004728 
0.00004745 
0.00004774 
0.00004774 
0.00004783 
0.00004777 
0.00004744 
0.00004782 
0.00004788 
0.00004767 
0.00004850 
0.00004765 
0.00004720 
0.00004676 
0.00004668 
0.00004657 
0.00004638 
0.00004619 
0.00004594 
0.00004632 
0.00004610 
0.00004596 
0.00004593 
0.00004572 
0.00004571 
0.00004543 
0.00004541 
0.00004536 
0.00004525 
0.00004497 
0.00004546 
0.00004542 
0.00004536 
0.00004542 
0.00004543 
0.00004542 
0.00004465 
0.00004458 
0.00004525 
0.00004462 
0.00004534 
0.00004585 
0.00004610 
0.00004585 
0.00004580 
0.00004601 
0.00004590 
0.00004616 
0.00004715 
0.00004724 
0.00004760 
0.00004741 
0.00004760 
0.00004752 
0.00004702 
0.00004739 
0.00004740 
0.00004767 
0.00004801 
0.00004852 
0.00004860 
0.00004858 
0.00004858 
0.00004892 
0.00004859 
0.00004855 
0.00004850 
0.00004893 
0.00004822 
0.00004792 
0.00004801 
0.00004756 
0.00004851 
0.00004917 
0.00004865 
0.00004910 
0.00005002 
0.00004928 
0.00005039 
0.00004965 
0.00004882 
0.00004831 
0.00004814 
0.00004740 
0.00004709 
0.00004677 
0.00004641 
0.00004638 
0.00004602 
0.00004562 
0.00004584 
0.00004547 
0.00004505 
0.00004520 
0.00004530 
0.00004537 
0.00004582 
0.00004583 
0.00004548 
0.00004586 
0.00004588 
0.00004606 
0.00004601 
0.00004623 
0.00004623 
0.00004623 
0.00004623 
0.00004623 
0.00004623 
0.00004626 
0.00004626 
0.00004624 
0.00004600 
0.00004633 
0.00004603 
0.00004598 
0.00004603 
0.00004603 
0.00004600 
0.00004600 
0.00004603 
0.00004600 
0.00004599 
0.00004611 
0.00004610 
0.00004604 
0.00004604 
0.00004632 
0.00004631 
0.00004710 
0.00004731 
0.00004731 
0.00004734 
0.00004619 
0.00004623 
0.00004625 
0.00004589 
0.00004600 
0.00004617 
0.00004617 
0.00004606 
0.00004607 
0.00004604 
0.00004580 
0.00004562 
0.00004605 
0.00004630 
0.00004630 
0.00004646 
0.00004632 
0.00004632 
0.00004600 
0.00004588 
0.00004590 
0.00004600 
0.00004587 
0.00004585 
0.00004557 
0.00004555 
0.00004563 
0.00004530 
0.00004524 
0.00004561 
0.00004516 
0.00004567 
0.00004585 
0.00004635 
0.00004585 
0.00004585 
0.00004647 
0.00004570 
0.00004575 
0.00004570 
0.00004502 
0.00004565 
0.00004523 
0.00004473 
0.00004445 
0.00004472 
0.00004457 
0.00004404 
0.00004524 
0.00004510 
0.00004517 
0.00004530 
0.00004575 
0.00004608 
0.00004611 
0.00004620 
0.00004620 
0.00004621 
0.00004628 
0.00004628 
0.00004674 
0.00004732 
0.00004740 
0.00004743 
0.00004779 
0.00004756 
0.00004778 
0.00004673 
0.00004628 
0.00004631 
0.00004631 
0.00004631 
0.00004645 
0.00004656 
0.00004656 
0.00004675 
0.00004736 
0.00004749 
0.00004747 
0.00004736 
0.00004747 
0.00004754 
0.00004767 
0.00004760 
0.00004831 
0.00004835 
0.00004883 
0.00004894 
0.00004876 
0.00004833 
0.00004832 
0.00004834 
0.00004808 
0.00004898 
0.00004945 
0.00004945 
0.00004962 
0.00004970 
0.00004962 
0.00004945 
0.00004964 
0.00004945 
0.00004975 
0.00004945 
0.00004948 
0.00004994 
0.00004968 
0.00005038 
0.00005001 
0.00005048 
0.00005045 
0.00004985 
0.00004982 
0.00004987 
0.00004980 
0.00004977 
0.00004964 
0.00004996 
0.00004948 
0.00004983 
0.00004983 
0.00004982 
0.00004982 
0.00004982 
0.00004982 
0.00005000 
0.00005006 
0.00004989 
0.00004978 
0.00004978 
0.00004981 
0.00005007 
0.00005010 
0.00004998 
0.00004966 
0.00005047 
0.00005057 
0.00005054 
0.00005049 
0.00005006 
0.00004939 
0.00004931 
0.00004911 
0.00004951 
0.00004950 
0.00004908 
0.00004930 
0.00004968 
0.00004954 
0.00004970 
0.00004967 
0.00004951 
0.00004951 
0.00004940 
0.00005058 
0.00005030 
0.00004980 
0.00004920 
0.00004907 
0.00004892 
0.00004902 
0.00005005 
0.00005101 
0.00004951 
0.00005002 
0.00005033 
0.00005045 
0.00005015 
0.00005034 
0.00005004 
0.00005001 
0.00005013 
0.00004968 
0.00005172 
0.00005069 
0.00004987 
0.00004987 
0.00004993 
0.00004978 
0.00004987 
0.00004992 
0.00005023 
0.00004961 
0.00004980 
0.00004935 
0.00004932 
0.00004916 
0.00004938 
0.00005470 
0.00005454 
0.00005451 
0.00005343 
0.00005358 
0.00005359 
0.00005315 
0.00005356 
0.00005351 
0.00005345 
0.00005270 
0.00005304 
0.00005242 
0.00005266 
0.00005318 
0.00005301 
0.00005228 
0.00005238 
0.00005288 
0.00005290 
0.00005275 
0.00005300 
0.00005300 
0.00005249 
0.00005243 
0.00005246 
0.00005219 
0.00005219 
0.00005241 
0.00005250 
0.00005250 
0.00005249 
0.00005249 
0.00005247 
0.00005226 
0.00005215 
0.00005240 
0.00005211 
0.00005203 
0.00005246 
0.00005225 
0.00005250 
0.00005251 
0.00005290 
0.00005317 
0.00005230 
0.00005153 
0.00005116 
0.00005109 
0.00005117 
0.00005089 
0.00005097 
0.00005095 
0.00005062 
0.00005054 
0.00005058 
0.00005092 
0.00005074 
0.00005074 
0.00005094 
0.00005074 
0.00005099 
0.00005097 
0.00005074 
0.00005103 
0.00005110 
0.00005074 
0.00005050 
0.00005069 
0.00005073 
0.00005073 
0.00005079 
0.00005045 
0.00005079 
0.00005025 
0.00005000 
0.00004955 
0.00004950 
0.00004916 
0.00004932 
0.00004917 
0.00004917 
0.00004917 
0.00004949 
0.00004905 
0.00004904 
0.00004905 
0.00004910 
0.00004915 
0.00004945 
0.00004927 
0.00004903 
0.00004904 
0.00004923 
0.00004940 
0.00004930 
0.00004949 
0.00004950 
0.00004935 
0.00004937 
0.00004910 
0.00004949 
0.00004969 
0.00005028 
0.00005042 
0.00005042 
0.00005061 
0.00005114 
0.00005110 
0.00005090 
0.00005080 
0.00005061 
0.00005060 
0.00005007 
0.00005012 
0.00004999 
0.00005022 
0.00005056 
0.00005083 
0.00005085 
0.00005104 
0.00005074 
0.00005096 
0.00005149 
0.00005167 
0.00005095 
0.00005079 
0.00005058 
0.00005068 
0.00005059 
0.00005015 
0.00005037 
0.00005031 
0.00005022 
0.00004990 
0.00004983 
0.00004996 
0.00004994 
0.00004985 
0.00004925 
0.00004880 
0.00004889 
0.00004864 
0.00004850 
0.00004894 
0.00004892 
0.00004916 
0.00004856 
0.00004942 
0.00004910 
0.00004934 
0.00004900 
0.00004937 
0.00004928 
0.00004916 
0.00004897 
0.00004827 
0.00004803 
0.00004774 
0.00004728 
0.00004745 
0.00004774 
0.00004774 
0.00004783 
0.00004777 
0.00004744 
0.00004782 
0.00004788 
0.00004767 
0.00004850 
0.00004765 
0.00004720 
0.00004676 
0.00004668 
0.00004657 
0.00004638 
0.00004619 
0.00004594 
0.00004632 
0.00004610 
0.00004596 
0.00004593 
0.00004572 
0.00004571 
0.00004543 
0.00004541 
0.00004536 
0.00004525 
0.00004497 
0.00004546 
0.00004542 
0.00004536 
0.00004542 
0.00004543 
0.00004542 
0.00004465 
0.00004458 
0.00004525 
0.00004462 
0.00004534 
0.00004585 
0.00004610 
0.00004585 
0.00004580 
0.00004601 
0.00004590 
0.00004616 
0.00004715 
0.00004724 
0.00004760 
0.00004741 
0.00004760 
0.00004752 
0.00004702 
0.00004739 
0.00004740 
0.00004767 
0.00004801 
0.00004852 
0.00004860 
0.00004858 
0.00004858 
0.00004892 
0.00004859 
0.00004855 
0.00004850 
0.00004893 
0.00004822 
0.00004792 
0.00004801 
0.00004756 
0.00004851 
0.00004917 
0.00004865 
0.00004910 
0.00005002 
0.00004928 
0.00005039 
0.00004965 
0.00004882 
0.00004831 
0.00004814 
0.00004740 
0.00004709 
0.00004677 
0.00004641 
0.00004638 
0.00004602 
0.00004562 
0.00004584 
0.00004547 
0.00004505 
0.00004520 
0.00004530 
0.00004537 
0.00004582 
0.00004583 
0.00004548 
0.00004586 
0.00004588 
0.00004606 
0.00004601 
0.00004623 
0.00004623 
0.00004623 
0.00004623 
0.00004623 
0.00004623 
0.00004626 
0.00004626 
0.00004624 
0.00004600 
0.00004633 
0.00004603 
0.00004598 
0.00004603 
0.00004603 
0.00004600 
0.00004600 
0.00004603 
0.00004600 
0.00004599 
0.00004611 
0.00004610 
0.00004604 
0.00004604 
0.00004632 
0.00004631 
0.00004710 
0.00004731 
0.00004731 
0.00004734 
0.00004619 
0.00004623 
0.00004625 
0.00004589 
0.00004600 
0.00004617 
0.00004617 
0.00004606 
0.00004607 
0.00004604 
0.00004580 
0.00004562 
0.00004605 
0.00004630 
0.00004630 
0.00004646 
0.00004632 
0.00004632 
0.00004600 
0.00004588 
0.00004590 
0.00004600 
0.00004587 
0.00004585 
0.00004557 
0.00004555 
0.00004563 
0.00004530 
0.00004524 
0.00004561 
0.00004516 
0.00004567 
0.00004585 
0.00004635 
0.00004585 
0.00004585 
0.00004647 
0.00004570 
0.00004575 
0.00004570 
0.00004502 
0.00004565 
0.00004523 
0.00004473 
0.00004445 
0.00004472 
0.00004457 
0.00004404 
0.00004524 
0.00004510 
0.00004517 
0.00004530 
0.00004575 
0.00004608 
0.00004611 
0.00004620 
0.00004620 
0.00004621 
0.00004628 
0.00004628 
0.00004674 
0.00004732 
0.00004740 
0.00004743 
0.00004779 
0.00004756 
0.00004778 
0.00004673 
0.00004628 
0.00004631 
0.00004631 
0.00004631 
0.00004645 
0.00004656 
0.00004656 
0.00004675 
0.00004736 
0.00004749 
0.00004747 
0.00004736 
0.00004747 
0.00004754 
0.00004767 
0.00004760 
0.00004831 
0.00004835 
0.00004883 
0.00004894 
0.00004876 
0.00004833 
0.00004832 
0.00004834 
0.00004808 
0.00004898 
0.00004945 
0.00004945 
0.00004962 
0.00004970 
0.00004962 
0.00004945 
0.00004964 
0.00004945 
0.00004975 
0.00004945 
0.00004948 
0.00004994 
0.00004968 
0.00005038 
0.00005001 
0.00005048 
0.00005045 
0.00004985 
0.00004982 
0.00004987 
0.00004980 
0.00004977 
0.00004964 
0.00004996 
0.00004948 
0.00004983 
0.00004983 
0.00004982 
0.00004982 
0.00004982 
0.00004982 
0.00005000 
0.00005006 
0.00004989 
0.00004978 
0.00004978 
0.00004981 
0.00005007 
0.00005010 
0.00004998 
0.00004966 
0.00005047 
0.00005057 
0.00005054 
0.00005049 
0.00005006 
0.00004939 
0.00004931 
0.00004911 
0.00004951 
0.00004950 
0.00004908 
0.00004930 
0.00004968 
0.00004954 
0.00004970 
0.00004967 
0.00004951 
0.00004951 
0.00004940 
0.00005058 
0.00005030 
0.00004980 
0.00004920 
0.00004907 
0.00004892 
0.00004902 
0.00005005 
0.00005101 
0.00004951 
0.00005002 
0.00005033 
0.00005045 
0.00005015 
0.00005034 
0.00005004 
0.00005001 
0.00005013 
0.00004968 
0.00005172 
0.00005069 
0.00004987 
0.00004987 
0.00004993 
0.00004978 
0.00004987 
0.00004992 
0.00005023 
0.00004961 
0.00004980 
0.00004935 
0.00004932 
0.00004916 
0.00004938 
0.00005470 
0.00005454 
0.00005451 
0.00005343 
0.00005358 
0.00005359 
0.00005315 
0.00005356 
0.00005351 
0.00005345 
0.00005270 
0.00005304 
0.00005242 
0.00005266 
0.00005318 
0.00005301 
0.00005228 
0.00005238 
0.00005288 
0.00005290 
0.00005275 
0.00005300 
0.00005300 
0.00005249 
0.00005243 
0.00005246 
0.00005219 
0.00005219 
0.00005241 
0.00005250 
0.00005250 
0.00005249 
0.00005249 
0.00005247 
0.00005226 
0.00005215 
0.00005240 
0.00005211 
0.00005203 
0.00005246 
0.00005225 
0.00005250 
0.00005251 
0.00005290 
0.00005317 
0.00005230 
0.00005153 
0.00005116 
0.00005109 
0.00005117 
0.00005089 
0.00005097 
0.00005095 
0.00005062 
0.00005054 
0.00005058 
0.00005092 
0.00005074 
0.00005074 
0.00005094 
0.00005074 
0.00005099 
0.00005097 
0.00005074 
0.00005103 
0.00005110 
0.00005074 
0.00005050 
0.00005069 
0.00005073 
0.00005073 
0.00005079 
0.00005045 
0.00005079 
0.00005025 
0.00005000 
0.00004955 
0.00004950 
0.00004916 
0.00004932 
0.00004917 
0.00004917 
0.00004917 
0.00004949 
0.00004905 
0.00004904 
0.00004905 
0.00004910 
0.00004915 
0.00004945 
0.00004927 
0.00004903 
0.00004904 
0.00004923 
0.00004940 
0.00004930 
0.00004949 
0.00004950 
0.00004935 
0.00004937 
0.00004910 
0.00004949 
0.00004969 
0.00005028 
0.00005042 
0.00005042 
0.00005061 
0.00005114 
0.00005110 
0.00005090 
0.00005080 
0.00005061 
0.00005060 
0.00005007 
0.00005012 
0.00004999 
0.00005022 
0.00005056 
0.00005083 
0.00005085 
0.00005104 
0.00005074 
0.00005096 
0.00005149 
0.00005167 
0.00005095 
0.00005079 
0.00005058 
0.00005068 
0.00005059 
0.00005015 
0.00005037 
0.00005031 
0.00005022 
0.00004990 
0.00004983 
0.00004996 
0.00004994 
0.00004985 
0.00004925 
0.00004880 
0.00004889 
0.00004864 
0.00004850 
0.00004894 
0.00004892 
0.00004916 
0.00004856 
0.00004942 
0.00004910 
0.00004934 
0.00004900 
0.00004937 
0.00004928 
0.00004916 
0.00004897 
0.00004827 
0.00004803 
0.00004774 
0.00004728 
0.00004745 
0.00004774 
0.00004774 
0.00004783 
0.00004777 
0.00004744 
0.00004782 
0.00004788 
0.00004767 
0.00004850 
0.00004765 
0.00004720 
0.00004676 
0.00004668 
0.00004657 
0.00004638 
0.00004619 
0.00004594 
0.00004632 
0.00004610 
0.00004596 
0.00004593 
0.00004572 
0.00004571 
0.00004543 
0.00004541 
0.00004536 
0.00004525 
0.00004497 
0.00004546 
0.00004542 
0.00004536 
0.00004542 
0.00004543 
0.00004542 
0.00004465 
0.00004458 
0.00004525 
0.00004462 
0.00004534 
0.00004585 
0.00004610 
0.00004585 
0.00004580 
0.00004601 
0.00004590 
0.00004616 
0.00004715 
0.00004724 
0.00004760 
0.00004741 
0.00004760 
0.00004752 
0.00004702 
0.00004739 
0.00004740 
0.00004767 
0.00004801 
0.00004852 
0.00004860 
0.00004858 
0.00004858 
0.00004892 
0.00004859 
0.00004855 
0.00004850 
0.00004893 
0.00004822 
0.00004792 
0.00004801 
0.00004756 
0.00004851 
0.00004917 
0.00004865 
0.00004910 
0.00005002 
0.00004928 
0.00005039 
0.00004965 
0.00004882 
0.00004831 
0.00004814 
0.00004740 
0.00004709 
0.00004677 
0.00004641 
0.00004638 
0.00004602 
0.00004562 
0.00004584 
0.00004547 
0.00004505 
0.00004520 
0.00004530 
0.00004537 
0.00004582 
0.00004583 
0.00004548 
0.00004586 
0.00004588 
0.00004606 
0.00004601 
0.00004623 
0.00004623 
0.00004623 
0.00004623 
0.00004623 
0.00004623 
0.00004626 
0.00004626 
0.00004624 
0.00004600 
0.00004633 
0.00004603 
0.00004598 
0.00004603 
0.00004603 
0.00004600 
0.00004600 
0.00004603 
0.00004600 
0.00004599 
0.00004611 
0.00004610 
0.00004604 
0.00004604 
0.00004632 
0.00004631 
0.00004710 
0.00004731 
0.00004731 
0.00004734 
0.00004619 
0.00004623 
0.00004625 
0.00004589 
0.00004600 
0.00004617 
0.00004617 
0.00004606 
0.00004607 
0.00004604 
0.00004580 
0.00004562 
0.00004605 
0.00004630 
0.00004630 
0.00004646 
0.00004632 
0.00004632 
0.00004600 
0.00004588 
0.00004590 
0.00004600 
0.00004587 
0.00004585 
0.00004557 
0.00004555 
0.00004563 
0.00004530 
0.00004524 
0.00004561 
0.00004516 
0.00004567 
0.00004585 
0.00004635 
0.00004585 
0.00004585 
0.00004647 
0.00004570 
0.00004575 
0.00004570 
0.00004502 
0.00004565 
0.00004523 
0.00004473 
0.00004445 
0.00004472 
0.00004457 
0.00004404 
0.00004524 
0.00004510 
0.00004517 
0.00004530 
0.00004575 
0.00004608 
0.00004611 
0.00004620 
0.00004620 
0.00004621 
0.00004628 
0.00004628 
0.00004674 
0.00004732 
0.00004740 
0.00004743 
0.00004779 
0.00004756 
0.00004778 
0.00004673 
0.00004628 
0.00004631 
0.00004631 
0.00004631 
0.00004645 
0.00004656 
0.00004656 
0.00004675 
0.00004736 
0.00004749 
0.00004747 
0.00004736 
0.00004747 
0.00004754 
0.00004767 
0.00004760 
0.00004831 
0.00004835 
0.00004883 
0.00004894 
0.00004876 
0.00004833 
0.00004832 
0.00004834 
0.00004808 
0.00004898 
0.00004945 
0.00004945 
0.00004962 
0.00004970 
0.00004962 
0.00004945 
0.00004964 
0.00004945 
0.00004975 
0.00004945 
0.00004948 
0.00004994 
0.00004968 
0.00005038 
0.00005001 
0.00005048 
0.00005045 
0.00004985 
0.00004982 
0.00004987 
0.00004980 
0.00004977 
0.00004964 
0.00004996 
0.00004948 
0.00004983 
0.00004983 
0.00004982 
0.00004982 
0.00004982 
0.00004982 
0.00005000 
0.00005006 
0.00004989 
0.00004978 
0.00004978 
0.00004981 
0.00005007 
0.00005010 
0.00004998 
0.00004966 
0.00005047 
0.00005057 
0.00005054 
0.00005049 
0.00005006 
0.00004939 
0.00004931 
0.00004911 
0.00004951 
0.00004950 
0.00004908 
0.00004930 
0.00004968 
0.00004954 
0.00004970 
0.00004967 
0.00004951 
0.00004951 
0.00004940 
0.00005058 
0.00005030 
0.00004980 
0.00004920 
0.00004907 
0.00004892 
0.00004902 
0.00005005 
0.00005101 
0.00004951 
0.00005002 
0.00005033 
0.00005045 
0.00005015 
0.00005034 
0.00005004 
0.00005001 
0.00005013 
0.00004968 
0.00005172 
0.00005069 
0.00004987 
0.00004987 
0.00004993 
0.00004978 
0.00004987 
0.00004992 
0.00005023 
0.00004961 
0.00004980 
0.00004935 
0.00004932 
0.00004916 
0.00004938 
