1320.00000000 
3561.00000000 
0.00000000 
1611.00000000 
456.00000000 
272.00000000 
1646.00000000 
426.00000000 
6134.00000000 
737.00000000 
2064.00000000 
1020.00000000 
849.00000000 
530.00000000 
2740.00000000 
2266.00000000 
2928.00000000 
13639.00000000 
20304.00000000 
23011.00000000 
4788.00000000 
2176.00000000 
12603.00000000 
216.00000000 
8780.00000000 
14974.00000000 
13091.00000000 
15904.00000000 
3488.00000000 
12005.00000000 
9696.00000000 
11950.00000000 
893.00000000 
22658.00000000 
1746.00000000 
3362.00000000 
16314.00000000 
5758.00000000 
2919.00000000 
6387.00000000 
5343.00000000 
1046.00000000 
8302.00000000 
5231.00000000 
13753.00000000 
905.00000000 
554.00000000 
1816.00000000 
5299.00000000 
2361.00000000 
4854.00000000 
0.00000000 
2252.00000000 
1006.00000000 
2310.00000000 
969.00000000 
352.00000000 
2265.00000000 
2810.00000000 
3323.00000000 
2848.00000000 
0.00000000 
341.00000000 
628.00000000 
1975.00000000 
1141.00000000 
200.00000000 
906.00000000 
1982.00000000 
3103.00000000 
4512.00000000 
711.00000000 
1463.00000000 
6112.00000000 
7892.00000000 
7723.00000000 
19510.00000000 
1169.00000000 
9028.00000000 
2091.00000000 
1422.00000000 
318.00000000 
18084.00000000 
319.00000000 
0.00000000 
632.00000000 
361.00000000 
729.00000000 
1766.00000000 
2700.00000000 
58.00000000 
162.00000000 
585.00000000 
180.00000000 
450.00000000 
1520.00000000 
928.00000000 
1274.00000000 
1241.00000000 
2910.00000000 
6103.00000000 
3815.00000000 
805.00000000 
12406.00000000 
6566.00000000 
3316.00000000 
4008.00000000 
7169.00000000 
5839.00000000 
2671.00000000 
2142.00000000 
469.00000000 
2826.00000000 
1045.00000000 
4262.00000000 
14241.00000000 
9762.00000000 
11705.00000000 
16276.00000000 
4183.00000000 
15427.00000000 
8869.00000000 
32125.00000000 
40245.00000000 
19381.00000000 
4085.00000000 
6881.00000000 
7772.00000000 
455.00000000 
995.00000000 
2044.00000000 
2942.00000000 
46.00000000 
17230.00000000 
4696.00000000 
1268.00000000 
3092.00000000 
2341.00000000 
2011.00000000 
3097.00000000 
3949.00000000 
21288.00000000 
9910.00000000 
31181.00000000 
10496.00000000 
9677.00000000 
20782.00000000 
24111.00000000 
945.00000000 
8469.00000000 
12236.00000000 
2740.00000000 
2505.00000000 
2003.00000000 
802.00000000 
2104.00000000 
2689.00000000 
3090.00000000 
1315.00000000 
3024.00000000 
2625.00000000 
601.00000000 
671.00000000 
1034.00000000 
1252.00000000 
2266.00000000 
6035.00000000 
5440.00000000 
20147.00000000 
24911.00000000 
6968.00000000 
2454.00000000 
856.00000000 
521.00000000 
26.00000000 
4135.00000000 
5284.00000000 
1733.00000000 
2632.00000000 
130.00000000 
3704.00000000 
1588.00000000 
1640.00000000 
3560.00000000 
3164.00000000 
742.00000000 
11717.00000000 
2750.00000000 
2783.00000000 
1603.00000000 
3592.00000000 
1686.00000000 
321.00000000 
5964.00000000 
557.00000000 
0.00000000 
2988.00000000 
217.00000000 
2338.00000000 
16487.00000000 
5079.00000000 
2625.00000000 
460.00000000 
190.00000000 
0.00000000 
905.00000000 
4811.00000000 
3225.00000000 
1588.00000000 
953.00000000 
15653.00000000 
1520.00000000 
10425.00000000 
1748.00000000 
1659.00000000 
7781.00000000 
1151.00000000 
11462.00000000 
6295.00000000 
6944.00000000 
533.00000000 
1477.00000000 
6950.00000000 
5835.00000000 
72.00000000 
4008.00000000 
2832.00000000 
6497.00000000 
6188.00000000 
11041.00000000 
7278.00000000 
4820.00000000 
22869.00000000 
1125.00000000 
1113.00000000 
28949.00000000 
25638.00000000 
3501.00000000 
34698.00000000 
6588.00000000 
4953.00000000 
13191.00000000 
4194.00000000 
1725.00000000 
6197.00000000 
3886.00000000 
16716.00000000 
1597.00000000 
10794.00000000 
1927.00000000 
576.00000000 
4441.00000000 
0.00000000 
582.00000000 
4324.00000000 
7696.00000000 
7701.00000000 
8933.00000000 
1289.00000000 
3418.00000000 
15679.00000000 
5691.00000000 
750.00000000 
4798.00000000 
5074.00000000 
671.00000000 
590.00000000 
3890.00000000 
4258.00000000 
2198.00000000 
1956.00000000 
2396.00000000 
4935.00000000 
2664.00000000 
6386.00000000 
537.00000000 
2785.00000000 
35140.00000000 
1358.00000000 
1395.00000000 
7803.00000000 
25310.00000000 
6807.00000000 
654.00000000 
1333.00000000 
2619.00000000 
2953.00000000 
204.00000000 
6750.00000000 
2794.00000000 
0.00000000 
1078.00000000 
4728.00000000 
16277.00000000 
1377.00000000 
22453.00000000 
9019.00000000 
3999.00000000 
3029.00000000 
1791.00000000 
4547.00000000 
962.00000000 
3261.00000000 
5311.00000000 
6018.00000000 
4847.00000000 
7048.00000000 
23791.00000000 
864.00000000 
0.00000000 
13383.00000000 
3252.00000000 
21802.00000000 
10215.00000000 
1177.00000000 
3568.00000000 
9118.00000000 
10694.00000000 
14985.00000000 
5402.00000000 
12705.00000000 
5649.00000000 
12427.00000000 
3808.00000000 
3201.00000000 
4116.00000000 
11031.00000000 
14028.00000000 
35193.00000000 
15238.00000000 
29890.00000000 
3785.00000000 
6327.00000000 
10676.00000000 
22423.00000000 
1600.00000000 
2242.00000000 
7012.00000000 
4292.00000000 
2148.00000000 
2595.00000000 
11142.00000000 
6230.00000000 
65037.00000000 
15245.00000000 
11704.00000000 
1994.00000000 
3917.00000000 
3230.00000000 
2508.00000000 
54598.00000000 
137.00000000 
4299.00000000 
7105.00000000 
5406.00000000 
522.00000000 
2438.00000000 
3209.00000000 
5148.00000000 
3966.00000000 
5074.00000000 
8581.00000000 
3960.00000000 
1252.00000000 
17884.00000000 
5072.00000000 
1897.00000000 
20523.00000000 
3483.00000000 
3179.00000000 
3217.00000000 
1351.00000000 
43965.00000000 
8914.00000000 
7018.00000000 
5035.00000000 
3762.00000000 
14687.00000000 
10467.00000000 
7492.00000000 
1360.00000000 
900.00000000 
2977.00000000 
7053.00000000 
1698.00000000 
1847.00000000 
11556.00000000 
63827.00000000 
23167.00000000 
4760.00000000 
5932.00000000 
13119.00000000 
6190.00000000 
6328.00000000 
14110.00000000 
3003.00000000 
4497.00000000 
20771.00000000 
4355.00000000 
11783.00000000 
50776.00000000 
5602.00000000 
120.00000000 
228.00000000 
6605.00000000 
861.00000000 
2088.00000000 
6347.00000000 
8220.00000000 
4003.00000000 
3841.00000000 
2700.00000000 
2861.00000000 
40.00000000 
803.00000000 
86.00000000 
0.00000000 
100.00000000 
3520.00000000 
4763.00000000 
2861.00000000 
697.00000000 
200.00000000 
1884.00000000 
582.00000000 
15263.00000000 
37452.00000000 
485.00000000 
857.00000000 
1140.00000000 
3271.00000000 
2500.00000000 
700.00000000 
50.00000000 
5.00000000 
1094.00000000 
0.00000000 
97.00000000 
20308.00000000 
25751.00000000 
810.00000000 
1991.00000000 
491.00000000 
152.00000000 
1349.00000000 
1014.00000000 
1660.00000000 
14635.00000000 
3005.00000000 
7870.00000000 
4521.00000000 
1035.00000000 
5580.00000000 
3069.00000000 
565.00000000 
2490.00000000 
53501.00000000 
220.00000000 
352.00000000 
5236.00000000 
1337.00000000 
1183.00000000 
29.00000000 
0.00000000 
1802.00000000 
2807.00000000 
3913.00000000 
18.00000000 
1517.00000000 
11608.00000000 
2086.00000000 
1700.00000000 
132.00000000 
239.00000000 
0.00000000 
214.00000000 
875.00000000 
765.00000000 
2217.00000000 
945.00000000 
1320.00000000 
3561.00000000 
0.00000000 
1611.00000000 
456.00000000 
272.00000000 
1646.00000000 
426.00000000 
6134.00000000 
737.00000000 
2064.00000000 
1020.00000000 
849.00000000 
530.00000000 
2740.00000000 
2266.00000000 
2928.00000000 
13639.00000000 
20304.00000000 
23011.00000000 
4788.00000000 
2176.00000000 
12603.00000000 
216.00000000 
8780.00000000 
14974.00000000 
13091.00000000 
15904.00000000 
3488.00000000 
12005.00000000 
9696.00000000 
11950.00000000 
893.00000000 
22658.00000000 
1746.00000000 
3362.00000000 
16314.00000000 
5758.00000000 
2919.00000000 
6387.00000000 
5343.00000000 
1046.00000000 
8302.00000000 
5231.00000000 
13753.00000000 
905.00000000 
554.00000000 
1816.00000000 
5299.00000000 
2361.00000000 
4854.00000000 
0.00000000 
2252.00000000 
1006.00000000 
2310.00000000 
969.00000000 
352.00000000 
2265.00000000 
2810.00000000 
3323.00000000 
2848.00000000 
0.00000000 
341.00000000 
628.00000000 
1975.00000000 
1141.00000000 
200.00000000 
906.00000000 
1982.00000000 
3103.00000000 
4512.00000000 
711.00000000 
1463.00000000 
6112.00000000 
7892.00000000 
7723.00000000 
19510.00000000 
1169.00000000 
9028.00000000 
2091.00000000 
1422.00000000 
318.00000000 
18084.00000000 
319.00000000 
0.00000000 
632.00000000 
361.00000000 
729.00000000 
1766.00000000 
2700.00000000 
58.00000000 
162.00000000 
585.00000000 
180.00000000 
450.00000000 
1520.00000000 
928.00000000 
1274.00000000 
1241.00000000 
2910.00000000 
6103.00000000 
3815.00000000 
805.00000000 
12406.00000000 
6566.00000000 
3316.00000000 
4008.00000000 
7169.00000000 
5839.00000000 
2671.00000000 
2142.00000000 
469.00000000 
2826.00000000 
1045.00000000 
4262.00000000 
14241.00000000 
9762.00000000 
11705.00000000 
16276.00000000 
4183.00000000 
15427.00000000 
8869.00000000 
32125.00000000 
40245.00000000 
19381.00000000 
4085.00000000 
6881.00000000 
7772.00000000 
455.00000000 
995.00000000 
2044.00000000 
2942.00000000 
46.00000000 
17230.00000000 
4696.00000000 
1268.00000000 
3092.00000000 
2341.00000000 
2011.00000000 
3097.00000000 
3949.00000000 
21288.00000000 
9910.00000000 
31181.00000000 
10496.00000000 
9677.00000000 
20782.00000000 
24111.00000000 
945.00000000 
8469.00000000 
12236.00000000 
2740.00000000 
2505.00000000 
2003.00000000 
802.00000000 
2104.00000000 
2689.00000000 
3090.00000000 
1315.00000000 
3024.00000000 
2625.00000000 
601.00000000 
671.00000000 
1034.00000000 
1252.00000000 
2266.00000000 
6035.00000000 
5440.00000000 
20147.00000000 
24911.00000000 
6968.00000000 
2454.00000000 
856.00000000 
521.00000000 
26.00000000 
4135.00000000 
5284.00000000 
1733.00000000 
2632.00000000 
130.00000000 
3704.00000000 
1588.00000000 
1640.00000000 
3560.00000000 
3164.00000000 
742.00000000 
11717.00000000 
2750.00000000 
2783.00000000 
1603.00000000 
3592.00000000 
1686.00000000 
321.00000000 
5964.00000000 
557.00000000 
0.00000000 
2988.00000000 
217.00000000 
2338.00000000 
16487.00000000 
5079.00000000 
2625.00000000 
460.00000000 
190.00000000 
0.00000000 
905.00000000 
4811.00000000 
3225.00000000 
1588.00000000 
953.00000000 
15653.00000000 
1520.00000000 
10425.00000000 
1748.00000000 
1659.00000000 
7781.00000000 
1151.00000000 
11462.00000000 
6295.00000000 
6944.00000000 
533.00000000 
1477.00000000 
6950.00000000 
5835.00000000 
72.00000000 
4008.00000000 
2832.00000000 
6497.00000000 
6188.00000000 
11041.00000000 
7278.00000000 
4820.00000000 
22869.00000000 
1125.00000000 
1113.00000000 
28949.00000000 
25638.00000000 
3501.00000000 
34698.00000000 
6588.00000000 
4953.00000000 
13191.00000000 
4194.00000000 
1725.00000000 
6197.00000000 
3886.00000000 
16716.00000000 
1597.00000000 
10794.00000000 
1927.00000000 
576.00000000 
4441.00000000 
0.00000000 
582.00000000 
4324.00000000 
7696.00000000 
7701.00000000 
8933.00000000 
1289.00000000 
3418.00000000 
15679.00000000 
5691.00000000 
750.00000000 
4798.00000000 
5074.00000000 
671.00000000 
590.00000000 
3890.00000000 
4258.00000000 
2198.00000000 
1956.00000000 
2396.00000000 
4935.00000000 
2664.00000000 
6386.00000000 
537.00000000 
2785.00000000 
35140.00000000 
1358.00000000 
1395.00000000 
7803.00000000 
25310.00000000 
6807.00000000 
654.00000000 
1333.00000000 
2619.00000000 
2953.00000000 
204.00000000 
6750.00000000 
2794.00000000 
0.00000000 
1078.00000000 
4728.00000000 
16277.00000000 
1377.00000000 
22453.00000000 
9019.00000000 
3999.00000000 
3029.00000000 
1791.00000000 
4547.00000000 
962.00000000 
3261.00000000 
5311.00000000 
6018.00000000 
4847.00000000 
7048.00000000 
23791.00000000 
864.00000000 
0.00000000 
13383.00000000 
3252.00000000 
21802.00000000 
10215.00000000 
1177.00000000 
3568.00000000 
9118.00000000 
10694.00000000 
14985.00000000 
5402.00000000 
12705.00000000 
5649.00000000 
12427.00000000 
3808.00000000 
3201.00000000 
4116.00000000 
11031.00000000 
14028.00000000 
35193.00000000 
15238.00000000 
29890.00000000 
3785.00000000 
6327.00000000 
10676.00000000 
22423.00000000 
1600.00000000 
2242.00000000 
7012.00000000 
4292.00000000 
2148.00000000 
2595.00000000 
11142.00000000 
6230.00000000 
65037.00000000 
15245.00000000 
11704.00000000 
1994.00000000 
3917.00000000 
3230.00000000 
2508.00000000 
54598.00000000 
137.00000000 
4299.00000000 
7105.00000000 
5406.00000000 
522.00000000 
2438.00000000 
3209.00000000 
5148.00000000 
3966.00000000 
5074.00000000 
8581.00000000 
3960.00000000 
1252.00000000 
17884.00000000 
5072.00000000 
1897.00000000 
20523.00000000 
3483.00000000 
3179.00000000 
3217.00000000 
1351.00000000 
43965.00000000 
8914.00000000 
7018.00000000 
5035.00000000 
3762.00000000 
14687.00000000 
10467.00000000 
7492.00000000 
1360.00000000 
900.00000000 
2977.00000000 
7053.00000000 
1698.00000000 
1847.00000000 
11556.00000000 
63827.00000000 
23167.00000000 
4760.00000000 
5932.00000000 
13119.00000000 
6190.00000000 
6328.00000000 
14110.00000000 
3003.00000000 
4497.00000000 
20771.00000000 
4355.00000000 
11783.00000000 
50776.00000000 
5602.00000000 
120.00000000 
228.00000000 
6605.00000000 
861.00000000 
2088.00000000 
6347.00000000 
8220.00000000 
4003.00000000 
3841.00000000 
2700.00000000 
2861.00000000 
40.00000000 
803.00000000 
86.00000000 
0.00000000 
100.00000000 
3520.00000000 
4763.00000000 
2861.00000000 
697.00000000 
200.00000000 
1884.00000000 
582.00000000 
15263.00000000 
37452.00000000 
485.00000000 
857.00000000 
1140.00000000 
3271.00000000 
2500.00000000 
700.00000000 
50.00000000 
5.00000000 
1094.00000000 
0.00000000 
97.00000000 
20308.00000000 
25751.00000000 
810.00000000 
1991.00000000 
491.00000000 
152.00000000 
1349.00000000 
1014.00000000 
1660.00000000 
14635.00000000 
3005.00000000 
7870.00000000 
4521.00000000 
1035.00000000 
5580.00000000 
3069.00000000 
565.00000000 
2490.00000000 
53501.00000000 
220.00000000 
352.00000000 
5236.00000000 
1337.00000000 
1183.00000000 
29.00000000 
0.00000000 
1802.00000000 
2807.00000000 
3913.00000000 
18.00000000 
1517.00000000 
11608.00000000 
2086.00000000 
1700.00000000 
132.00000000 
239.00000000 
0.00000000 
214.00000000 
875.00000000 
765.00000000 
2217.00000000 
945.00000000 
1320.00000000 
3561.00000000 
0.00000000 
1611.00000000 
456.00000000 
272.00000000 
1646.00000000 
426.00000000 
6134.00000000 
737.00000000 
2064.00000000 
1020.00000000 
849.00000000 
530.00000000 
2740.00000000 
2266.00000000 
2928.00000000 
13639.00000000 
20304.00000000 
23011.00000000 
4788.00000000 
2176.00000000 
12603.00000000 
216.00000000 
8780.00000000 
14974.00000000 
13091.00000000 
15904.00000000 
3488.00000000 
12005.00000000 
9696.00000000 
11950.00000000 
893.00000000 
22658.00000000 
1746.00000000 
3362.00000000 
16314.00000000 
5758.00000000 
2919.00000000 
6387.00000000 
5343.00000000 
1046.00000000 
8302.00000000 
5231.00000000 
13753.00000000 
905.00000000 
554.00000000 
1816.00000000 
5299.00000000 
2361.00000000 
4854.00000000 
0.00000000 
2252.00000000 
1006.00000000 
2310.00000000 
969.00000000 
352.00000000 
2265.00000000 
2810.00000000 
3323.00000000 
2848.00000000 
0.00000000 
341.00000000 
628.00000000 
1975.00000000 
1141.00000000 
200.00000000 
906.00000000 
1982.00000000 
3103.00000000 
4512.00000000 
711.00000000 
1463.00000000 
6112.00000000 
7892.00000000 
7723.00000000 
19510.00000000 
1169.00000000 
9028.00000000 
2091.00000000 
1422.00000000 
318.00000000 
18084.00000000 
319.00000000 
0.00000000 
632.00000000 
361.00000000 
729.00000000 
1766.00000000 
2700.00000000 
58.00000000 
162.00000000 
585.00000000 
180.00000000 
450.00000000 
1520.00000000 
928.00000000 
1274.00000000 
1241.00000000 
2910.00000000 
6103.00000000 
3815.00000000 
805.00000000 
12406.00000000 
6566.00000000 
3316.00000000 
4008.00000000 
7169.00000000 
5839.00000000 
2671.00000000 
2142.00000000 
469.00000000 
2826.00000000 
1045.00000000 
4262.00000000 
14241.00000000 
9762.00000000 
11705.00000000 
16276.00000000 
4183.00000000 
15427.00000000 
8869.00000000 
32125.00000000 
40245.00000000 
19381.00000000 
4085.00000000 
6881.00000000 
7772.00000000 
455.00000000 
995.00000000 
2044.00000000 
2942.00000000 
46.00000000 
17230.00000000 
4696.00000000 
1268.00000000 
3092.00000000 
2341.00000000 
2011.00000000 
3097.00000000 
3949.00000000 
21288.00000000 
9910.00000000 
31181.00000000 
10496.00000000 
9677.00000000 
20782.00000000 
24111.00000000 
945.00000000 
8469.00000000 
12236.00000000 
2740.00000000 
2505.00000000 
2003.00000000 
802.00000000 
2104.00000000 
2689.00000000 
3090.00000000 
1315.00000000 
3024.00000000 
2625.00000000 
601.00000000 
671.00000000 
1034.00000000 
1252.00000000 
2266.00000000 
6035.00000000 
5440.00000000 
20147.00000000 
24911.00000000 
6968.00000000 
2454.00000000 
856.00000000 
521.00000000 
26.00000000 
4135.00000000 
5284.00000000 
1733.00000000 
2632.00000000 
130.00000000 
3704.00000000 
1588.00000000 
1640.00000000 
3560.00000000 
3164.00000000 
742.00000000 
11717.00000000 
2750.00000000 
2783.00000000 
1603.00000000 
3592.00000000 
1686.00000000 
321.00000000 
5964.00000000 
557.00000000 
0.00000000 
2988.00000000 
217.00000000 
2338.00000000 
16487.00000000 
5079.00000000 
2625.00000000 
460.00000000 
190.00000000 
0.00000000 
905.00000000 
4811.00000000 
3225.00000000 
1588.00000000 
953.00000000 
15653.00000000 
1520.00000000 
10425.00000000 
1748.00000000 
1659.00000000 
7781.00000000 
1151.00000000 
11462.00000000 
6295.00000000 
6944.00000000 
533.00000000 
1477.00000000 
6950.00000000 
5835.00000000 
72.00000000 
4008.00000000 
2832.00000000 
6497.00000000 
6188.00000000 
11041.00000000 
7278.00000000 
4820.00000000 
22869.00000000 
1125.00000000 
1113.00000000 
28949.00000000 
25638.00000000 
3501.00000000 
34698.00000000 
6588.00000000 
4953.00000000 
13191.00000000 
4194.00000000 
1725.00000000 
6197.00000000 
3886.00000000 
16716.00000000 
1597.00000000 
10794.00000000 
1927.00000000 
576.00000000 
4441.00000000 
0.00000000 
582.00000000 
4324.00000000 
7696.00000000 
7701.00000000 
8933.00000000 
1289.00000000 
3418.00000000 
15679.00000000 
5691.00000000 
750.00000000 
4798.00000000 
5074.00000000 
671.00000000 
590.00000000 
3890.00000000 
4258.00000000 
2198.00000000 
1956.00000000 
2396.00000000 
4935.00000000 
2664.00000000 
6386.00000000 
537.00000000 
2785.00000000 
35140.00000000 
1358.00000000 
1395.00000000 
7803.00000000 
25310.00000000 
6807.00000000 
654.00000000 
1333.00000000 
2619.00000000 
2953.00000000 
204.00000000 
6750.00000000 
2794.00000000 
0.00000000 
1078.00000000 
4728.00000000 
16277.00000000 
1377.00000000 
22453.00000000 
9019.00000000 
3999.00000000 
3029.00000000 
1791.00000000 
4547.00000000 
962.00000000 
3261.00000000 
5311.00000000 
6018.00000000 
4847.00000000 
7048.00000000 
23791.00000000 
864.00000000 
0.00000000 
13383.00000000 
3252.00000000 
21802.00000000 
10215.00000000 
1177.00000000 
3568.00000000 
9118.00000000 
10694.00000000 
14985.00000000 
5402.00000000 
12705.00000000 
5649.00000000 
12427.00000000 
3808.00000000 
3201.00000000 
4116.00000000 
11031.00000000 
14028.00000000 
35193.00000000 
15238.00000000 
29890.00000000 
3785.00000000 
6327.00000000 
10676.00000000 
22423.00000000 
1600.00000000 
2242.00000000 
7012.00000000 
4292.00000000 
2148.00000000 
2595.00000000 
11142.00000000 
6230.00000000 
65037.00000000 
15245.00000000 
11704.00000000 
1994.00000000 
3917.00000000 
3230.00000000 
2508.00000000 
54598.00000000 
137.00000000 
4299.00000000 
7105.00000000 
5406.00000000 
522.00000000 
2438.00000000 
3209.00000000 
5148.00000000 
3966.00000000 
5074.00000000 
8581.00000000 
3960.00000000 
1252.00000000 
17884.00000000 
5072.00000000 
1897.00000000 
20523.00000000 
3483.00000000 
3179.00000000 
3217.00000000 
1351.00000000 
43965.00000000 
8914.00000000 
7018.00000000 
5035.00000000 
3762.00000000 
14687.00000000 
10467.00000000 
7492.00000000 
1360.00000000 
900.00000000 
2977.00000000 
7053.00000000 
1698.00000000 
1847.00000000 
11556.00000000 
63827.00000000 
23167.00000000 
4760.00000000 
5932.00000000 
13119.00000000 
6190.00000000 
6328.00000000 
14110.00000000 
3003.00000000 
4497.00000000 
20771.00000000 
4355.00000000 
11783.00000000 
50776.00000000 
5602.00000000 
120.00000000 
228.00000000 
6605.00000000 
861.00000000 
2088.00000000 
6347.00000000 
8220.00000000 
4003.00000000 
3841.00000000 
2700.00000000 
2861.00000000 
40.00000000 
803.00000000 
86.00000000 
0.00000000 
100.00000000 
3520.00000000 
4763.00000000 
2861.00000000 
697.00000000 
200.00000000 
1884.00000000 
582.00000000 
15263.00000000 
37452.00000000 
485.00000000 
857.00000000 
1140.00000000 
3271.00000000 
2500.00000000 
700.00000000 
50.00000000 
5.00000000 
1094.00000000 
0.00000000 
97.00000000 
20308.00000000 
25751.00000000 
810.00000000 
1991.00000000 
491.00000000 
152.00000000 
1349.00000000 
1014.00000000 
1660.00000000 
14635.00000000 
3005.00000000 
7870.00000000 
4521.00000000 
1035.00000000 
5580.00000000 
3069.00000000 
565.00000000 
2490.00000000 
53501.00000000 
220.00000000 
352.00000000 
5236.00000000 
1337.00000000 
1183.00000000 
29.00000000 
0.00000000 
1802.00000000 
2807.00000000 
3913.00000000 
18.00000000 
1517.00000000 
11608.00000000 
2086.00000000 
1700.00000000 
132.00000000 
239.00000000 
0.00000000 
214.00000000 
875.00000000 
765.00000000 
2217.00000000 
945.00000000 
