0.00008286 
0.00008251 
0.00008289 
0.00008288 
0.00008254 
0.00008255 
0.00008276 
0.00008282 
0.00008250 
0.00008282 
0.00008281 
0.00008250 
0.00008242 
0.00008230 
0.00008241 
0.00008260 
0.00008253 
0.00008256 
0.00008230 
0.00008256 
0.00008206 
0.00008218 
0.00008246 
0.00008247 
0.00008217 
0.00008215 
0.00008183 
0.00008222 
0.00008174 
0.00008114 
0.00008098 
0.00008119 
0.00008136 
0.00008125 
0.00008088 
0.00008092 
0.00008055 
0.00008051 
0.00008049 
0.00008037 
0.00007988 
0.00007950 
0.00007909 
0.00007874 
0.00007800 
0.00007778 
0.00007759 
0.00007794 
0.00007754 
0.00007760 
0.00007739 
0.00007720 
0.00007718 
0.00007739 
0.00007719 
0.00007714 
0.00007739 
0.00007730 
0.00007691 
0.00007643 
0.00007629 
0.00007600 
0.00007604 
0.00007562 
0.00007617 
0.00007642 
0.00007680 
0.00007629 
0.00007644 
0.00007639 
0.00007522 
0.00007520 
0.00007519 
0.00007483 
0.00007486 
0.00007534 
0.00007651 
0.00007673 
0.00007689 
0.00007709 
0.00007726 
0.00007726 
0.00007725 
0.00007744 
0.00007748 
0.00007778 
0.00007747 
0.00007784 
0.00007786 
0.00007735 
0.00007734 
0.00007729 
0.00007714 
0.00007729 
0.00007706 
0.00007743 
0.00007781 
0.00007765 
0.00007783 
0.00007762 
0.00007772 
0.00007786 
0.00007787 
0.00007800 
0.00007813 
0.00007836 
0.00007896 
0.00007895 
0.00007893 
0.00007891 
0.00007857 
0.00007856 
0.00007849 
0.00007839 
0.00007760 
0.00007795 
0.00007778 
0.00007779 
0.00007790 
0.00007794 
0.00007799 
0.00007770 
0.00007789 
0.00007606 
0.00007530 
0.00007530 
0.00007600 
0.00007600 
0.00007606 
0.00007606 
0.00007583 
0.00007545 
0.00007545 
0.00007547 
0.00007527 
0.00007522 
0.00007525 
0.00007526 
0.00007536 
0.00007510 
0.00007510 
0.00007500 
0.00007532 
0.00007553 
0.00007609 
0.00007660 
0.00007600 
0.00007800 
0.00007795 
0.00007898 
0.00007854 
0.00007919 
0.00007895 
0.00007855 
0.00007855 
0.00007862 
0.00007788 
0.00007814 
0.00007825 
0.00007820 
0.00007791 
0.00007797 
0.00007819 
0.00007776 
0.00007732 
0.00007726 
0.00007708 
0.00007722 
0.00007700 
0.00007685 
0.00007593 
0.00007558 
0.00007592 
0.00007545 
0.00007548 
0.00007593 
0.00007579 
0.00007543 
0.00007564 
0.00007520 
0.00007528 
0.00007501 
0.00007535 
0.00007528 
0.00007450 
0.00007450 
0.00007410 
0.00007442 
0.00007439 
0.00007445 
0.00007421 
0.00007383 
0.00007392 
0.00007369 
0.00007351 
0.00007368 
0.00007348 
0.00007315 
0.00007402 
0.00007322 
0.00007340 
0.00007263 
0.00007241 
0.00007190 
0.00007156 
0.00007158 
0.00007215 
0.00007232 
0.00007216 
0.00007217 
0.00007138 
0.00007120 
0.00007077 
0.00007089 
0.00007173 
0.00007269 
0.00007275 
0.00007379 
0.00007369 
0.00007269 
0.00007237 
0.00007210 
0.00007215 
0.00007228 
0.00007195 
0.00007235 
0.00007208 
0.00007132 
0.00007136 
0.00007043 
0.00007171 
0.00007146 
0.00007273 
0.00007329 
0.00007332 
0.00007521 
0.00007500 
0.00007449 
0.00007510 
0.00007507 
0.00007500 
0.00007472 
0.00007406 
0.00007346 
0.00007241 
0.00007275 
0.00007136 
0.00007045 
0.00006995 
0.00006995 
0.00006930 
0.00007022 
0.00007061 
0.00007059 
0.00007064 
0.00007105 
0.00007196 
0.00007039 
0.00006996 
0.00006993 
0.00006875 
0.00006815 
0.00006836 
0.00006754 
0.00006780 
0.00006745 
0.00006746 
0.00006776 
0.00006775 
0.00006770 
0.00006770 
0.00006755 
0.00006802 
0.00006803 
0.00006735 
0.00006710 
0.00006700 
0.00006712 
0.00006724 
0.00006726 
0.00006726 
0.00006712 
0.00006739 
0.00006742 
0.00006760 
0.00006761 
0.00006776 
0.00006776 
0.00006777 
0.00006777 
0.00006777 
0.00006803 
0.00006805 
0.00006843 
0.00006799 
0.00006776 
0.00006780 
0.00006797 
0.00006855 
0.00006852 
0.00006890 
0.00006891 
0.00006890 
0.00006887 
0.00006848 
0.00006890 
0.00006885 
0.00006873 
0.00006839 
0.00006862 
0.00006857 
0.00006827 
0.00006839 
0.00006828 
0.00006851 
0.00006826 
0.00006831 
0.00006742 
0.00006690 
0.00006709 
0.00006631 
0.00006617 
0.00006609 
0.00006632 
0.00006663 
0.00006683 
0.00006705 
0.00006667 
0.00006602 
0.00006557 
0.00006590 
0.00006600 
0.00006610 
0.00006667 
0.00006709 
0.00006692 
0.00006692 
0.00006709 
0.00006767 
0.00006786 
0.00006803 
0.00006835 
0.00006813 
0.00006883 
0.00006900 
0.00006900 
0.00006928 
0.00006928 
0.00006900 
0.00006906 
0.00006990 
0.00006961 
0.00006987 
0.00006973 
0.00006930 
0.00006933 
0.00006934 
0.00006935 
0.00006994 
0.00007000 
0.00007000 
0.00007006 
0.00007003 
0.00007037 
0.00007014 
0.00007003 
0.00007015 
0.00007010 
0.00007040 
0.00007076 
0.00007078 
0.00007083 
0.00007097 
0.00007075 
0.00007141 
0.00007083 
0.00007110 
0.00007073 
0.00007050 
0.00007159 
0.00007179 
0.00007187 
0.00007198 
0.00007155 
0.00007095 
0.00007135 
0.00007124 
0.00007203 
0.00007343 
0.00007372 
0.00007373 
0.00007456 
0.00007376 
0.00007408 
0.00007436 
0.00007489 
0.00007447 
0.00007510 
0.00007452 
0.00007555 
0.00007550 
0.00007656 
0.00007659 
0.00007656 
0.00007659 
0.00007656 
0.00007610 
0.00007592 
0.00007602 
0.00007603 
0.00007580 
0.00007564 
0.00007531 
0.00007531 
0.00007531 
0.00007531 
0.00007529 
0.00007529 
0.00007516 
0.00007502 
0.00007510 
0.00007546 
0.00007516 
0.00007565 
0.00007566 
0.00007476 
0.00007515 
0.00007515 
0.00007517 
0.00007503 
0.00007516 
0.00007500 
0.00007501 
0.00007505 
0.00007537 
0.00007505 
0.00007540 
0.00007540 
0.00007524 
0.00007466 
0.00007490 
0.00007497 
0.00007527 
0.00007533 
0.00007466 
0.00007466 
0.00007500 
0.00007466 
0.00007525 
0.00007578 
0.00007583 
0.00007570 
0.00007522 
0.00007605 
0.00007508 
0.00007545 
0.00007623 
0.00007657 
0.00007658 
0.00007653 
0.00007661 
0.00007715 
0.00007717 
0.00007718 
0.00007688 
0.00007702 
0.00007733 
0.00007733 
0.00007661 
0.00007696 
0.00007699 
0.00007724 
0.00007700 
0.00007696 
0.00007697 
0.00007697 
0.00007705 
0.00007652 
0.00007649 
0.00007649 
0.00008286 
0.00008251 
0.00008289 
0.00008288 
0.00008254 
0.00008255 
0.00008276 
0.00008282 
0.00008250 
0.00008282 
0.00008281 
0.00008250 
0.00008242 
0.00008230 
0.00008241 
0.00008260 
0.00008253 
0.00008256 
0.00008230 
0.00008256 
0.00008206 
0.00008218 
0.00008246 
0.00008247 
0.00008217 
0.00008215 
0.00008183 
0.00008222 
0.00008174 
0.00008114 
0.00008098 
0.00008119 
0.00008136 
0.00008125 
0.00008088 
0.00008092 
0.00008055 
0.00008051 
0.00008049 
0.00008037 
0.00007988 
0.00007950 
0.00007909 
0.00007874 
0.00007800 
0.00007778 
0.00007759 
0.00007794 
0.00007754 
0.00007760 
0.00007739 
0.00007720 
0.00007718 
0.00007739 
0.00007719 
0.00007714 
0.00007739 
0.00007730 
0.00007691 
0.00007643 
0.00007629 
0.00007600 
0.00007604 
0.00007562 
0.00007617 
0.00007642 
0.00007680 
0.00007629 
0.00007644 
0.00007639 
0.00007522 
0.00007520 
0.00007519 
0.00007483 
0.00007486 
0.00007534 
0.00007651 
0.00007673 
0.00007689 
0.00007709 
0.00007726 
0.00007726 
0.00007725 
0.00007744 
0.00007748 
0.00007778 
0.00007747 
0.00007784 
0.00007786 
0.00007735 
0.00007734 
0.00007729 
0.00007714 
0.00007729 
0.00007706 
0.00007743 
0.00007781 
0.00007765 
0.00007783 
0.00007762 
0.00007772 
0.00007786 
0.00007787 
0.00007800 
0.00007813 
0.00007836 
0.00007896 
0.00007895 
0.00007893 
0.00007891 
0.00007857 
0.00007856 
0.00007849 
0.00007839 
0.00007760 
0.00007795 
0.00007778 
0.00007779 
0.00007790 
0.00007794 
0.00007799 
0.00007770 
0.00007789 
0.00007606 
0.00007530 
0.00007530 
0.00007600 
0.00007600 
0.00007606 
0.00007606 
0.00007583 
0.00007545 
0.00007545 
0.00007547 
0.00007527 
0.00007522 
0.00007525 
0.00007526 
0.00007536 
0.00007510 
0.00007510 
0.00007500 
0.00007532 
0.00007553 
0.00007609 
0.00007660 
0.00007600 
0.00007800 
0.00007795 
0.00007898 
0.00007854 
0.00007919 
0.00007895 
0.00007855 
0.00007855 
0.00007862 
0.00007788 
0.00007814 
0.00007825 
0.00007820 
0.00007791 
0.00007797 
0.00007819 
0.00007776 
0.00007732 
0.00007726 
0.00007708 
0.00007722 
0.00007700 
0.00007685 
0.00007593 
0.00007558 
0.00007592 
0.00007545 
0.00007548 
0.00007593 
0.00007579 
0.00007543 
0.00007564 
0.00007520 
0.00007528 
0.00007501 
0.00007535 
0.00007528 
0.00007450 
0.00007450 
0.00007410 
0.00007442 
0.00007439 
0.00007445 
0.00007421 
0.00007383 
0.00007392 
0.00007369 
0.00007351 
0.00007368 
0.00007348 
0.00007315 
0.00007402 
0.00007322 
0.00007340 
0.00007263 
0.00007241 
0.00007190 
0.00007156 
0.00007158 
0.00007215 
0.00007232 
0.00007216 
0.00007217 
0.00007138 
0.00007120 
0.00007077 
0.00007089 
0.00007173 
0.00007269 
0.00007275 
0.00007379 
0.00007369 
0.00007269 
0.00007237 
0.00007210 
0.00007215 
0.00007228 
0.00007195 
0.00007235 
0.00007208 
0.00007132 
0.00007136 
0.00007043 
0.00007171 
0.00007146 
0.00007273 
0.00007329 
0.00007332 
0.00007521 
0.00007500 
0.00007449 
0.00007510 
0.00007507 
0.00007500 
0.00007472 
0.00007406 
0.00007346 
0.00007241 
0.00007275 
0.00007136 
0.00007045 
0.00006995 
0.00006995 
0.00006930 
0.00007022 
0.00007061 
0.00007059 
0.00007064 
0.00007105 
0.00007196 
0.00007039 
0.00006996 
0.00006993 
0.00006875 
0.00006815 
0.00006836 
0.00006754 
0.00006780 
0.00006745 
0.00006746 
0.00006776 
0.00006775 
0.00006770 
0.00006770 
0.00006755 
0.00006802 
0.00006803 
0.00006735 
0.00006710 
0.00006700 
0.00006712 
0.00006724 
0.00006726 
0.00006726 
0.00006712 
0.00006739 
0.00006742 
0.00006760 
0.00006761 
0.00006776 
0.00006776 
0.00006777 
0.00006777 
0.00006777 
0.00006803 
0.00006805 
0.00006843 
0.00006799 
0.00006776 
0.00006780 
0.00006797 
0.00006855 
0.00006852 
0.00006890 
0.00006891 
0.00006890 
0.00006887 
0.00006848 
0.00006890 
0.00006885 
0.00006873 
0.00006839 
0.00006862 
0.00006857 
0.00006827 
0.00006839 
0.00006828 
0.00006851 
0.00006826 
0.00006831 
0.00006742 
0.00006690 
0.00006709 
0.00006631 
0.00006617 
0.00006609 
0.00006632 
0.00006663 
0.00006683 
0.00006705 
0.00006667 
0.00006602 
0.00006557 
0.00006590 
0.00006600 
0.00006610 
0.00006667 
0.00006709 
0.00006692 
0.00006692 
0.00006709 
0.00006767 
0.00006786 
0.00006803 
0.00006835 
0.00006813 
0.00006883 
0.00006900 
0.00006900 
0.00006928 
0.00006928 
0.00006900 
0.00006906 
0.00006990 
0.00006961 
0.00006987 
0.00006973 
0.00006930 
0.00006933 
0.00006934 
0.00006935 
0.00006994 
0.00007000 
0.00007000 
0.00007006 
0.00007003 
0.00007037 
0.00007014 
0.00007003 
0.00007015 
0.00007010 
0.00007040 
0.00007076 
0.00007078 
0.00007083 
0.00007097 
0.00007075 
0.00007141 
0.00007083 
0.00007110 
0.00007073 
0.00007050 
0.00007159 
0.00007179 
0.00007187 
0.00007198 
0.00007155 
0.00007095 
0.00007135 
0.00007124 
0.00007203 
0.00007343 
0.00007372 
0.00007373 
0.00007456 
0.00007376 
0.00007408 
0.00007436 
0.00007489 
0.00007447 
0.00007510 
0.00007452 
0.00007555 
0.00007550 
0.00007656 
0.00007659 
0.00007656 
0.00007659 
0.00007656 
0.00007610 
0.00007592 
0.00007602 
0.00007603 
0.00007580 
0.00007564 
0.00007531 
0.00007531 
0.00007531 
0.00007531 
0.00007529 
0.00007529 
0.00007516 
0.00007502 
0.00007510 
0.00007546 
0.00007516 
0.00007565 
0.00007566 
0.00007476 
0.00007515 
0.00007515 
0.00007517 
0.00007503 
0.00007516 
0.00007500 
0.00007501 
0.00007505 
0.00007537 
0.00007505 
0.00007540 
0.00007540 
0.00007524 
0.00007466 
0.00007490 
0.00007497 
0.00007527 
0.00007533 
0.00007466 
0.00007466 
0.00007500 
0.00007466 
0.00007525 
0.00007578 
0.00007583 
0.00007570 
0.00007522 
0.00007605 
0.00007508 
0.00007545 
0.00007623 
0.00007657 
0.00007658 
0.00007653 
0.00007661 
0.00007715 
0.00007717 
0.00007718 
0.00007688 
0.00007702 
0.00007733 
0.00007733 
0.00007661 
0.00007696 
0.00007699 
0.00007724 
0.00007700 
0.00007696 
0.00007697 
0.00007697 
0.00007705 
0.00007652 
0.00007649 
0.00007649 
0.00008286 
0.00008251 
0.00008289 
0.00008288 
0.00008254 
0.00008255 
0.00008276 
0.00008282 
0.00008250 
0.00008282 
0.00008281 
0.00008250 
0.00008242 
0.00008230 
0.00008241 
0.00008260 
0.00008253 
0.00008256 
0.00008230 
0.00008256 
0.00008206 
0.00008218 
0.00008246 
0.00008247 
0.00008217 
0.00008215 
0.00008183 
0.00008222 
0.00008174 
0.00008114 
0.00008098 
0.00008119 
0.00008136 
0.00008125 
0.00008088 
0.00008092 
0.00008055 
0.00008051 
0.00008049 
0.00008037 
0.00007988 
0.00007950 
0.00007909 
0.00007874 
0.00007800 
0.00007778 
0.00007759 
0.00007794 
0.00007754 
0.00007760 
0.00007739 
0.00007720 
0.00007718 
0.00007739 
0.00007719 
0.00007714 
0.00007739 
0.00007730 
0.00007691 
0.00007643 
0.00007629 
0.00007600 
0.00007604 
0.00007562 
0.00007617 
0.00007642 
0.00007680 
0.00007629 
0.00007644 
0.00007639 
0.00007522 
0.00007520 
0.00007519 
0.00007483 
0.00007486 
0.00007534 
0.00007651 
0.00007673 
0.00007689 
0.00007709 
0.00007726 
0.00007726 
0.00007725 
0.00007744 
0.00007748 
0.00007778 
0.00007747 
0.00007784 
0.00007786 
0.00007735 
0.00007734 
0.00007729 
0.00007714 
0.00007729 
0.00007706 
0.00007743 
0.00007781 
0.00007765 
0.00007783 
0.00007762 
0.00007772 
0.00007786 
0.00007787 
0.00007800 
0.00007813 
0.00007836 
0.00007896 
0.00007895 
0.00007893 
0.00007891 
0.00007857 
0.00007856 
0.00007849 
0.00007839 
0.00007760 
0.00007795 
0.00007778 
0.00007779 
0.00007790 
0.00007794 
0.00007799 
0.00007770 
0.00007789 
0.00007606 
0.00007530 
0.00007530 
0.00007600 
0.00007600 
0.00007606 
0.00007606 
0.00007583 
0.00007545 
0.00007545 
0.00007547 
0.00007527 
0.00007522 
0.00007525 
0.00007526 
0.00007536 
0.00007510 
0.00007510 
0.00007500 
0.00007532 
0.00007553 
0.00007609 
0.00007660 
0.00007600 
0.00007800 
0.00007795 
0.00007898 
0.00007854 
0.00007919 
0.00007895 
0.00007855 
0.00007855 
0.00007862 
0.00007788 
0.00007814 
0.00007825 
0.00007820 
0.00007791 
0.00007797 
0.00007819 
0.00007776 
0.00007732 
0.00007726 
0.00007708 
0.00007722 
0.00007700 
0.00007685 
0.00007593 
0.00007558 
0.00007592 
0.00007545 
0.00007548 
0.00007593 
0.00007579 
0.00007543 
0.00007564 
0.00007520 
0.00007528 
0.00007501 
0.00007535 
0.00007528 
0.00007450 
0.00007450 
0.00007410 
0.00007442 
0.00007439 
0.00007445 
0.00007421 
0.00007383 
0.00007392 
0.00007369 
0.00007351 
0.00007368 
0.00007348 
0.00007315 
0.00007402 
0.00007322 
0.00007340 
0.00007263 
0.00007241 
0.00007190 
0.00007156 
0.00007158 
0.00007215 
0.00007232 
0.00007216 
0.00007217 
0.00007138 
0.00007120 
0.00007077 
0.00007089 
0.00007173 
0.00007269 
0.00007275 
0.00007379 
0.00007369 
0.00007269 
0.00007237 
0.00007210 
0.00007215 
0.00007228 
0.00007195 
0.00007235 
0.00007208 
0.00007132 
0.00007136 
0.00007043 
0.00007171 
0.00007146 
0.00007273 
0.00007329 
0.00007332 
0.00007521 
0.00007500 
0.00007449 
0.00007510 
0.00007507 
0.00007500 
0.00007472 
0.00007406 
0.00007346 
0.00007241 
0.00007275 
0.00007136 
0.00007045 
0.00006995 
0.00006995 
0.00006930 
0.00007022 
0.00007061 
0.00007059 
0.00007064 
0.00007105 
0.00007196 
0.00007039 
0.00006996 
0.00006993 
0.00006875 
0.00006815 
0.00006836 
0.00006754 
0.00006780 
0.00006745 
0.00006746 
0.00006776 
0.00006775 
0.00006770 
0.00006770 
0.00006755 
0.00006802 
0.00006803 
0.00006735 
0.00006710 
0.00006700 
0.00006712 
0.00006724 
0.00006726 
0.00006726 
0.00006712 
0.00006739 
0.00006742 
0.00006760 
0.00006761 
0.00006776 
0.00006776 
0.00006777 
0.00006777 
0.00006777 
0.00006803 
0.00006805 
0.00006843 
0.00006799 
0.00006776 
0.00006780 
0.00006797 
0.00006855 
0.00006852 
0.00006890 
0.00006891 
0.00006890 
0.00006887 
0.00006848 
0.00006890 
0.00006885 
0.00006873 
0.00006839 
0.00006862 
0.00006857 
0.00006827 
0.00006839 
0.00006828 
0.00006851 
0.00006826 
0.00006831 
0.00006742 
0.00006690 
0.00006709 
0.00006631 
0.00006617 
0.00006609 
0.00006632 
0.00006663 
0.00006683 
0.00006705 
0.00006667 
0.00006602 
0.00006557 
0.00006590 
0.00006600 
0.00006610 
0.00006667 
0.00006709 
0.00006692 
0.00006692 
0.00006709 
0.00006767 
0.00006786 
0.00006803 
0.00006835 
0.00006813 
0.00006883 
0.00006900 
0.00006900 
0.00006928 
0.00006928 
0.00006900 
0.00006906 
0.00006990 
0.00006961 
0.00006987 
0.00006973 
0.00006930 
0.00006933 
0.00006934 
0.00006935 
0.00006994 
0.00007000 
0.00007000 
0.00007006 
0.00007003 
0.00007037 
0.00007014 
0.00007003 
0.00007015 
0.00007010 
0.00007040 
0.00007076 
0.00007078 
0.00007083 
0.00007097 
0.00007075 
0.00007141 
0.00007083 
0.00007110 
0.00007073 
0.00007050 
0.00007159 
0.00007179 
0.00007187 
0.00007198 
0.00007155 
0.00007095 
0.00007135 
0.00007124 
0.00007203 
0.00007343 
0.00007372 
0.00007373 
0.00007456 
0.00007376 
0.00007408 
0.00007436 
0.00007489 
0.00007447 
0.00007510 
0.00007452 
0.00007555 
0.00007550 
0.00007656 
0.00007659 
0.00007656 
0.00007659 
0.00007656 
0.00007610 
0.00007592 
0.00007602 
0.00007603 
0.00007580 
0.00007564 
0.00007531 
0.00007531 
0.00007531 
0.00007531 
0.00007529 
0.00007529 
0.00007516 
0.00007502 
0.00007510 
0.00007546 
0.00007516 
0.00007565 
0.00007566 
0.00007476 
0.00007515 
0.00007515 
0.00007517 
0.00007503 
0.00007516 
0.00007500 
0.00007501 
0.00007505 
0.00007537 
0.00007505 
0.00007540 
0.00007540 
0.00007524 
0.00007466 
0.00007490 
0.00007497 
0.00007527 
0.00007533 
0.00007466 
0.00007466 
0.00007500 
0.00007466 
0.00007525 
0.00007578 
0.00007583 
0.00007570 
0.00007522 
0.00007605 
0.00007508 
0.00007545 
0.00007623 
0.00007657 
0.00007658 
0.00007653 
0.00007661 
0.00007715 
0.00007717 
0.00007718 
0.00007688 
0.00007702 
0.00007733 
0.00007733 
0.00007661 
0.00007696 
0.00007699 
0.00007724 
0.00007700 
0.00007696 
0.00007697 
0.00007697 
0.00007705 
0.00007652 
0.00007649 
0.00007649 
