0.00008284 
0.00008284 
0.00008289 
0.00008289 
0.00008288 
0.00008254 
0.00008281 
0.00008281 
0.00008292 
0.00008254 
0.00008290 
0.00008282 
0.00008255 
0.00008230 
0.00008228 
0.00008248 
0.00008260 
0.00008208 
0.00008291 
0.00008234 
0.00008256 
0.00008218 
0.00008218 
0.00008247 
0.00008249 
0.00008215 
0.00008215 
0.00008220 
0.00008222 
0.00008174 
0.00008099 
0.00008099 
0.00008120 
0.00008100 
0.00008091 
0.00008083 
0.00008089 
0.00008050 
0.00008051 
0.00008018 
0.00008032 
0.00007988 
0.00007950 
0.00007907 
0.00007874 
0.00007799 
0.00007785 
0.00007759 
0.00007759 
0.00007786 
0.00007760 
0.00007720 
0.00007720 
0.00007740 
0.00007739 
0.00007740 
0.00007718 
0.00007705 
0.00007730 
0.00007694 
0.00007623 
0.00007600 
0.00007600 
0.00007580 
0.00007563 
0.00007670 
0.00007680 
0.00007657 
0.00007629 
0.00007642 
0.00007679 
0.00007522 
0.00007522 
0.00007520 
0.00007403 
0.00007469 
0.00007569 
0.00007659 
0.00007673 
0.00007699 
0.00007789 
0.00007726 
0.00007679 
0.00007748 
0.00007748 
0.00007748 
0.00007755 
0.00007725 
0.00007790 
0.00007790 
0.00007734 
0.00007733 
0.00007714 
0.00007714 
0.00007706 
0.00007734 
0.00007780 
0.00007746 
0.00007743 
0.00007766 
0.00007716 
0.00007750 
0.00007786 
0.00007796 
0.00007800 
0.00007813 
0.00007885 
0.00007857 
0.00007893 
0.00007893 
0.00007870 
0.00007856 
0.00007849 
0.00007796 
0.00007805 
0.00007750 
0.00007800 
0.00007778 
0.00007763 
0.00007790 
0.00007795 
0.00007802 
0.00007770 
0.00007752 
0.00007600 
0.00007530 
0.00007534 
0.00007600 
0.00007606 
0.00007606 
0.00007603 
0.00007586 
0.00007570 
0.00007554 
0.00007535 
0.00007527 
0.00007523 
0.00007499 
0.00007507 
0.00007500 
0.00007547 
0.00007543 
0.00007520 
0.00007507 
0.00007553 
0.00007609 
0.00007600 
0.00007600 
0.00007804 
0.00007736 
0.00007809 
0.00007890 
0.00007924 
0.00007897 
0.00007855 
0.00007855 
0.00007862 
0.00007788 
0.00007855 
0.00007826 
0.00007781 
0.00007828 
0.00007876 
0.00007809 
0.00007731 
0.00007733 
0.00007710 
0.00007712 
0.00007700 
0.00007700 
0.00007665 
0.00007593 
0.00007585 
0.00007592 
0.00007548 
0.00007561 
0.00007593 
0.00007579 
0.00007512 
0.00007527 
0.00007516 
0.00007579 
0.00007501 
0.00007535 
0.00007526 
0.00007450 
0.00007450 
0.00007444 
0.00007403 
0.00007406 
0.00007445 
0.00007383 
0.00007420 
0.00007368 
0.00007369 
0.00007368 
0.00007368 
0.00007315 
0.00007349 
0.00007402 
0.00007398 
0.00007370 
0.00007267 
0.00007190 
0.00007156 
0.00007156 
0.00007162 
0.00007221 
0.00007234 
0.00007216 
0.00007216 
0.00007110 
0.00007112 
0.00007080 
0.00007004 
0.00007180 
0.00007274 
0.00007342 
0.00007328 
0.00007362 
0.00007269 
0.00007226 
0.00007246 
0.00007284 
0.00007195 
0.00007225 
0.00007211 
0.00007209 
0.00007099 
0.00007127 
0.00007043 
0.00007172 
0.00007149 
0.00007273 
0.00007330 
0.00007340 
0.00007520 
0.00007500 
0.00007490 
0.00007504 
0.00007481 
0.00007445 
0.00007443 
0.00007402 
0.00007332 
0.00007239 
0.00007204 
0.00007136 
0.00007068 
0.00006995 
0.00006940 
0.00006913 
0.00007061 
0.00007061 
0.00007065 
0.00007077 
0.00007115 
0.00007197 
0.00007037 
0.00007007 
0.00006961 
0.00006854 
0.00006836 
0.00006804 
0.00006776 
0.00006746 
0.00006730 
0.00006790 
0.00006776 
0.00006773 
0.00006770 
0.00006742 
0.00006755 
0.00006803 
0.00006793 
0.00006735 
0.00006720 
0.00006687 
0.00006712 
0.00006712 
0.00006712 
0.00006726 
0.00006739 
0.00006739 
0.00006706 
0.00006761 
0.00006777 
0.00006761 
0.00006776 
0.00006777 
0.00006777 
0.00006777 
0.00006775 
0.00006805 
0.00006814 
0.00006799 
0.00006786 
0.00006790 
0.00006838 
0.00006856 
0.00006878 
0.00006890 
0.00006890 
0.00006890 
0.00006875 
0.00006781 
0.00006890 
0.00006885 
0.00006874 
0.00006862 
0.00006862 
0.00006828 
0.00006859 
0.00006876 
0.00006860 
0.00006817 
0.00006826 
0.00006809 
0.00006747 
0.00006718 
0.00006709 
0.00006631 
0.00006617 
0.00006632 
0.00006630 
0.00006663 
0.00006688 
0.00006671 
0.00006665 
0.00006602 
0.00006562 
0.00006558 
0.00006628 
0.00006610 
0.00006669 
0.00006693 
0.00006693 
0.00006691 
0.00006709 
0.00006736 
0.00006805 
0.00006845 
0.00006815 
0.00006816 
0.00006883 
0.00006936 
0.00006936 
0.00006926 
0.00006900 
0.00006936 
0.00006925 
0.00006994 
0.00006961 
0.00006995 
0.00006976 
0.00006904 
0.00006904 
0.00006934 
0.00006936 
0.00006979 
0.00007000 
0.00007000 
0.00007003 
0.00007002 
0.00007065 
0.00007010 
0.00007010 
0.00007001 
0.00007010 
0.00007047 
0.00007077 
0.00007078 
0.00007050 
0.00007101 
0.00007062 
0.00007111 
0.00007109 
0.00007110 
0.00007073 
0.00007093 
0.00007174 
0.00007179 
0.00007162 
0.00007165 
0.00007155 
0.00007093 
0.00007140 
0.00007175 
0.00007223 
0.00007370 
0.00007372 
0.00007376 
0.00007453 
0.00007357 
0.00007400 
0.00007401 
0.00007488 
0.00007448 
0.00007550 
0.00007488 
0.00007515 
0.00007600 
0.00007659 
0.00007656 
0.00007656 
0.00007659 
0.00007653 
0.00007610 
0.00007560 
0.00007621 
0.00007603 
0.00007587 
0.00007562 
0.00007531 
0.00007531 
0.00007531 
0.00007529 
0.00007529 
0.00007529 
0.00007511 
0.00007511 
0.00007511 
0.00007516 
0.00007555 
0.00007566 
0.00007558 
0.00007463 
0.00007516 
0.00007515 
0.00007497 
0.00007516 
0.00007505 
0.00007501 
0.00007505 
0.00007537 
0.00007505 
0.00007540 
0.00007540 
0.00007540 
0.00007526 
0.00007497 
0.00007478 
0.00007497 
0.00007533 
0.00007535 
0.00007466 
0.00007467 
0.00007500 
0.00007475 
0.00007544 
0.00007579 
0.00007579 
0.00007593 
0.00007506 
0.00007505 
0.00007439 
0.00007560 
0.00007657 
0.00007661 
0.00007658 
0.00007674 
0.00007661 
0.00007717 
0.00007718 
0.00007718 
0.00007720 
0.00007708 
0.00007733 
0.00007695 
0.00007659 
0.00007675 
0.00007737 
0.00007700 
0.00007700 
0.00007697 
0.00007697 
0.00007737 
0.00007680 
0.00007652 
0.00007641 
0.00008284 
0.00008284 
0.00008289 
0.00008289 
0.00008288 
0.00008254 
0.00008281 
0.00008281 
0.00008292 
0.00008254 
0.00008290 
0.00008282 
0.00008255 
0.00008230 
0.00008228 
0.00008248 
0.00008260 
0.00008208 
0.00008291 
0.00008234 
0.00008256 
0.00008218 
0.00008218 
0.00008247 
0.00008249 
0.00008215 
0.00008215 
0.00008220 
0.00008222 
0.00008174 
0.00008099 
0.00008099 
0.00008120 
0.00008100 
0.00008091 
0.00008083 
0.00008089 
0.00008050 
0.00008051 
0.00008018 
0.00008032 
0.00007988 
0.00007950 
0.00007907 
0.00007874 
0.00007799 
0.00007785 
0.00007759 
0.00007759 
0.00007786 
0.00007760 
0.00007720 
0.00007720 
0.00007740 
0.00007739 
0.00007740 
0.00007718 
0.00007705 
0.00007730 
0.00007694 
0.00007623 
0.00007600 
0.00007600 
0.00007580 
0.00007563 
0.00007670 
0.00007680 
0.00007657 
0.00007629 
0.00007642 
0.00007679 
0.00007522 
0.00007522 
0.00007520 
0.00007403 
0.00007469 
0.00007569 
0.00007659 
0.00007673 
0.00007699 
0.00007789 
0.00007726 
0.00007679 
0.00007748 
0.00007748 
0.00007748 
0.00007755 
0.00007725 
0.00007790 
0.00007790 
0.00007734 
0.00007733 
0.00007714 
0.00007714 
0.00007706 
0.00007734 
0.00007780 
0.00007746 
0.00007743 
0.00007766 
0.00007716 
0.00007750 
0.00007786 
0.00007796 
0.00007800 
0.00007813 
0.00007885 
0.00007857 
0.00007893 
0.00007893 
0.00007870 
0.00007856 
0.00007849 
0.00007796 
0.00007805 
0.00007750 
0.00007800 
0.00007778 
0.00007763 
0.00007790 
0.00007795 
0.00007802 
0.00007770 
0.00007752 
0.00007600 
0.00007530 
0.00007534 
0.00007600 
0.00007606 
0.00007606 
0.00007603 
0.00007586 
0.00007570 
0.00007554 
0.00007535 
0.00007527 
0.00007523 
0.00007499 
0.00007507 
0.00007500 
0.00007547 
0.00007543 
0.00007520 
0.00007507 
0.00007553 
0.00007609 
0.00007600 
0.00007600 
0.00007804 
0.00007736 
0.00007809 
0.00007890 
0.00007924 
0.00007897 
0.00007855 
0.00007855 
0.00007862 
0.00007788 
0.00007855 
0.00007826 
0.00007781 
0.00007828 
0.00007876 
0.00007809 
0.00007731 
0.00007733 
0.00007710 
0.00007712 
0.00007700 
0.00007700 
0.00007665 
0.00007593 
0.00007585 
0.00007592 
0.00007548 
0.00007561 
0.00007593 
0.00007579 
0.00007512 
0.00007527 
0.00007516 
0.00007579 
0.00007501 
0.00007535 
0.00007526 
0.00007450 
0.00007450 
0.00007444 
0.00007403 
0.00007406 
0.00007445 
0.00007383 
0.00007420 
0.00007368 
0.00007369 
0.00007368 
0.00007368 
0.00007315 
0.00007349 
0.00007402 
0.00007398 
0.00007370 
0.00007267 
0.00007190 
0.00007156 
0.00007156 
0.00007162 
0.00007221 
0.00007234 
0.00007216 
0.00007216 
0.00007110 
0.00007112 
0.00007080 
0.00007004 
0.00007180 
0.00007274 
0.00007342 
0.00007328 
0.00007362 
0.00007269 
0.00007226 
0.00007246 
0.00007284 
0.00007195 
0.00007225 
0.00007211 
0.00007209 
0.00007099 
0.00007127 
0.00007043 
0.00007172 
0.00007149 
0.00007273 
0.00007330 
0.00007340 
0.00007520 
0.00007500 
0.00007490 
0.00007504 
0.00007481 
0.00007445 
0.00007443 
0.00007402 
0.00007332 
0.00007239 
0.00007204 
0.00007136 
0.00007068 
0.00006995 
0.00006940 
0.00006913 
0.00007061 
0.00007061 
0.00007065 
0.00007077 
0.00007115 
0.00007197 
0.00007037 
0.00007007 
0.00006961 
0.00006854 
0.00006836 
0.00006804 
0.00006776 
0.00006746 
0.00006730 
0.00006790 
0.00006776 
0.00006773 
0.00006770 
0.00006742 
0.00006755 
0.00006803 
0.00006793 
0.00006735 
0.00006720 
0.00006687 
0.00006712 
0.00006712 
0.00006712 
0.00006726 
0.00006739 
0.00006739 
0.00006706 
0.00006761 
0.00006777 
0.00006761 
0.00006776 
0.00006777 
0.00006777 
0.00006777 
0.00006775 
0.00006805 
0.00006814 
0.00006799 
0.00006786 
0.00006790 
0.00006838 
0.00006856 
0.00006878 
0.00006890 
0.00006890 
0.00006890 
0.00006875 
0.00006781 
0.00006890 
0.00006885 
0.00006874 
0.00006862 
0.00006862 
0.00006828 
0.00006859 
0.00006876 
0.00006860 
0.00006817 
0.00006826 
0.00006809 
0.00006747 
0.00006718 
0.00006709 
0.00006631 
0.00006617 
0.00006632 
0.00006630 
0.00006663 
0.00006688 
0.00006671 
0.00006665 
0.00006602 
0.00006562 
0.00006558 
0.00006628 
0.00006610 
0.00006669 
0.00006693 
0.00006693 
0.00006691 
0.00006709 
0.00006736 
0.00006805 
0.00006845 
0.00006815 
0.00006816 
0.00006883 
0.00006936 
0.00006936 
0.00006926 
0.00006900 
0.00006936 
0.00006925 
0.00006994 
0.00006961 
0.00006995 
0.00006976 
0.00006904 
0.00006904 
0.00006934 
0.00006936 
0.00006979 
0.00007000 
0.00007000 
0.00007003 
0.00007002 
0.00007065 
0.00007010 
0.00007010 
0.00007001 
0.00007010 
0.00007047 
0.00007077 
0.00007078 
0.00007050 
0.00007101 
0.00007062 
0.00007111 
0.00007109 
0.00007110 
0.00007073 
0.00007093 
0.00007174 
0.00007179 
0.00007162 
0.00007165 
0.00007155 
0.00007093 
0.00007140 
0.00007175 
0.00007223 
0.00007370 
0.00007372 
0.00007376 
0.00007453 
0.00007357 
0.00007400 
0.00007401 
0.00007488 
0.00007448 
0.00007550 
0.00007488 
0.00007515 
0.00007600 
0.00007659 
0.00007656 
0.00007656 
0.00007659 
0.00007653 
0.00007610 
0.00007560 
0.00007621 
0.00007603 
0.00007587 
0.00007562 
0.00007531 
0.00007531 
0.00007531 
0.00007529 
0.00007529 
0.00007529 
0.00007511 
0.00007511 
0.00007511 
0.00007516 
0.00007555 
0.00007566 
0.00007558 
0.00007463 
0.00007516 
0.00007515 
0.00007497 
0.00007516 
0.00007505 
0.00007501 
0.00007505 
0.00007537 
0.00007505 
0.00007540 
0.00007540 
0.00007540 
0.00007526 
0.00007497 
0.00007478 
0.00007497 
0.00007533 
0.00007535 
0.00007466 
0.00007467 
0.00007500 
0.00007475 
0.00007544 
0.00007579 
0.00007579 
0.00007593 
0.00007506 
0.00007505 
0.00007439 
0.00007560 
0.00007657 
0.00007661 
0.00007658 
0.00007674 
0.00007661 
0.00007717 
0.00007718 
0.00007718 
0.00007720 
0.00007708 
0.00007733 
0.00007695 
0.00007659 
0.00007675 
0.00007737 
0.00007700 
0.00007700 
0.00007697 
0.00007697 
0.00007737 
0.00007680 
0.00007652 
0.00007641 
0.00008284 
0.00008284 
0.00008289 
0.00008289 
0.00008288 
0.00008254 
0.00008281 
0.00008281 
0.00008292 
0.00008254 
0.00008290 
0.00008282 
0.00008255 
0.00008230 
0.00008228 
0.00008248 
0.00008260 
0.00008208 
0.00008291 
0.00008234 
0.00008256 
0.00008218 
0.00008218 
0.00008247 
0.00008249 
0.00008215 
0.00008215 
0.00008220 
0.00008222 
0.00008174 
0.00008099 
0.00008099 
0.00008120 
0.00008100 
0.00008091 
0.00008083 
0.00008089 
0.00008050 
0.00008051 
0.00008018 
0.00008032 
0.00007988 
0.00007950 
0.00007907 
0.00007874 
0.00007799 
0.00007785 
0.00007759 
0.00007759 
0.00007786 
0.00007760 
0.00007720 
0.00007720 
0.00007740 
0.00007739 
0.00007740 
0.00007718 
0.00007705 
0.00007730 
0.00007694 
0.00007623 
0.00007600 
0.00007600 
0.00007580 
0.00007563 
0.00007670 
0.00007680 
0.00007657 
0.00007629 
0.00007642 
0.00007679 
0.00007522 
0.00007522 
0.00007520 
0.00007403 
0.00007469 
0.00007569 
0.00007659 
0.00007673 
0.00007699 
0.00007789 
0.00007726 
0.00007679 
0.00007748 
0.00007748 
0.00007748 
0.00007755 
0.00007725 
0.00007790 
0.00007790 
0.00007734 
0.00007733 
0.00007714 
0.00007714 
0.00007706 
0.00007734 
0.00007780 
0.00007746 
0.00007743 
0.00007766 
0.00007716 
0.00007750 
0.00007786 
0.00007796 
0.00007800 
0.00007813 
0.00007885 
0.00007857 
0.00007893 
0.00007893 
0.00007870 
0.00007856 
0.00007849 
0.00007796 
0.00007805 
0.00007750 
0.00007800 
0.00007778 
0.00007763 
0.00007790 
0.00007795 
0.00007802 
0.00007770 
0.00007752 
0.00007600 
0.00007530 
0.00007534 
0.00007600 
0.00007606 
0.00007606 
0.00007603 
0.00007586 
0.00007570 
0.00007554 
0.00007535 
0.00007527 
0.00007523 
0.00007499 
0.00007507 
0.00007500 
0.00007547 
0.00007543 
0.00007520 
0.00007507 
0.00007553 
0.00007609 
0.00007600 
0.00007600 
0.00007804 
0.00007736 
0.00007809 
0.00007890 
0.00007924 
0.00007897 
0.00007855 
0.00007855 
0.00007862 
0.00007788 
0.00007855 
0.00007826 
0.00007781 
0.00007828 
0.00007876 
0.00007809 
0.00007731 
0.00007733 
0.00007710 
0.00007712 
0.00007700 
0.00007700 
0.00007665 
0.00007593 
0.00007585 
0.00007592 
0.00007548 
0.00007561 
0.00007593 
0.00007579 
0.00007512 
0.00007527 
0.00007516 
0.00007579 
0.00007501 
0.00007535 
0.00007526 
0.00007450 
0.00007450 
0.00007444 
0.00007403 
0.00007406 
0.00007445 
0.00007383 
0.00007420 
0.00007368 
0.00007369 
0.00007368 
0.00007368 
0.00007315 
0.00007349 
0.00007402 
0.00007398 
0.00007370 
0.00007267 
0.00007190 
0.00007156 
0.00007156 
0.00007162 
0.00007221 
0.00007234 
0.00007216 
0.00007216 
0.00007110 
0.00007112 
0.00007080 
0.00007004 
0.00007180 
0.00007274 
0.00007342 
0.00007328 
0.00007362 
0.00007269 
0.00007226 
0.00007246 
0.00007284 
0.00007195 
0.00007225 
0.00007211 
0.00007209 
0.00007099 
0.00007127 
0.00007043 
0.00007172 
0.00007149 
0.00007273 
0.00007330 
0.00007340 
0.00007520 
0.00007500 
0.00007490 
0.00007504 
0.00007481 
0.00007445 
0.00007443 
0.00007402 
0.00007332 
0.00007239 
0.00007204 
0.00007136 
0.00007068 
0.00006995 
0.00006940 
0.00006913 
0.00007061 
0.00007061 
0.00007065 
0.00007077 
0.00007115 
0.00007197 
0.00007037 
0.00007007 
0.00006961 
0.00006854 
0.00006836 
0.00006804 
0.00006776 
0.00006746 
0.00006730 
0.00006790 
0.00006776 
0.00006773 
0.00006770 
0.00006742 
0.00006755 
0.00006803 
0.00006793 
0.00006735 
0.00006720 
0.00006687 
0.00006712 
0.00006712 
0.00006712 
0.00006726 
0.00006739 
0.00006739 
0.00006706 
0.00006761 
0.00006777 
0.00006761 
0.00006776 
0.00006777 
0.00006777 
0.00006777 
0.00006775 
0.00006805 
0.00006814 
0.00006799 
0.00006786 
0.00006790 
0.00006838 
0.00006856 
0.00006878 
0.00006890 
0.00006890 
0.00006890 
0.00006875 
0.00006781 
0.00006890 
0.00006885 
0.00006874 
0.00006862 
0.00006862 
0.00006828 
0.00006859 
0.00006876 
0.00006860 
0.00006817 
0.00006826 
0.00006809 
0.00006747 
0.00006718 
0.00006709 
0.00006631 
0.00006617 
0.00006632 
0.00006630 
0.00006663 
0.00006688 
0.00006671 
0.00006665 
0.00006602 
0.00006562 
0.00006558 
0.00006628 
0.00006610 
0.00006669 
0.00006693 
0.00006693 
0.00006691 
0.00006709 
0.00006736 
0.00006805 
0.00006845 
0.00006815 
0.00006816 
0.00006883 
0.00006936 
0.00006936 
0.00006926 
0.00006900 
0.00006936 
0.00006925 
0.00006994 
0.00006961 
0.00006995 
0.00006976 
0.00006904 
0.00006904 
0.00006934 
0.00006936 
0.00006979 
0.00007000 
0.00007000 
0.00007003 
0.00007002 
0.00007065 
0.00007010 
0.00007010 
0.00007001 
0.00007010 
0.00007047 
0.00007077 
0.00007078 
0.00007050 
0.00007101 
0.00007062 
0.00007111 
0.00007109 
0.00007110 
0.00007073 
0.00007093 
0.00007174 
0.00007179 
0.00007162 
0.00007165 
0.00007155 
0.00007093 
0.00007140 
0.00007175 
0.00007223 
0.00007370 
0.00007372 
0.00007376 
0.00007453 
0.00007357 
0.00007400 
0.00007401 
0.00007488 
0.00007448 
0.00007550 
0.00007488 
0.00007515 
0.00007600 
0.00007659 
0.00007656 
0.00007656 
0.00007659 
0.00007653 
0.00007610 
0.00007560 
0.00007621 
0.00007603 
0.00007587 
0.00007562 
0.00007531 
0.00007531 
0.00007531 
0.00007529 
0.00007529 
0.00007529 
0.00007511 
0.00007511 
0.00007511 
0.00007516 
0.00007555 
0.00007566 
0.00007558 
0.00007463 
0.00007516 
0.00007515 
0.00007497 
0.00007516 
0.00007505 
0.00007501 
0.00007505 
0.00007537 
0.00007505 
0.00007540 
0.00007540 
0.00007540 
0.00007526 
0.00007497 
0.00007478 
0.00007497 
0.00007533 
0.00007535 
0.00007466 
0.00007467 
0.00007500 
0.00007475 
0.00007544 
0.00007579 
0.00007579 
0.00007593 
0.00007506 
0.00007505 
0.00007439 
0.00007560 
0.00007657 
0.00007661 
0.00007658 
0.00007674 
0.00007661 
0.00007717 
0.00007718 
0.00007718 
0.00007720 
0.00007708 
0.00007733 
0.00007695 
0.00007659 
0.00007675 
0.00007737 
0.00007700 
0.00007700 
0.00007697 
0.00007697 
0.00007737 
0.00007680 
0.00007652 
0.00007641 
