0.00232420 
0.00232360 
0.00232530 
0.00232780 
0.00231750 
0.00232080 
0.00231410 
0.00231780 
0.00230180 
0.00230430 
0.00230950 
0.00230590 
0.00230210 
0.00230600 
0.00231390 
0.00231490 
0.00230590 
0.00230500 
0.00230700 
0.00230590 
0.00229980 
0.00229920 
0.00229550 
0.00230050 
0.00229980 
0.00229440 
0.00228450 
0.00227050 
0.00228500 
0.00227630 
0.00227620 
0.00227790 
0.00227270 
0.00226020 
0.00225000 
0.00225200 
0.00225010 
0.00225000 
0.00224930 
0.00225070 
0.00224600 
0.00224530 
0.00225480 
0.00225480 
0.00225480 
0.00226060 
0.00225510 
0.00225350 
0.00225890 
0.00225610 
0.00225610 
0.00225610 
0.00225590 
0.00225400 
0.00225000 
0.00224810 
0.00223900 
0.00223640 
0.00224120 
0.00223850 
0.00224350 
0.00223770 
0.00222090 
0.00224440 
0.00224500 
0.00224500 
0.00222930 
0.00222250 
0.00222240 
0.00222290 
0.00222240 
0.00221970 
0.00221260 
0.00220520 
0.00220080 
0.00219980 
0.00220860 
0.00219800 
0.00220140 
0.00220960 
0.00220090 
0.00220000 
0.00220600 
0.00221890 
0.00221890 
0.00220970 
0.00221400 
0.00221270 
0.00221670 
0.00221970 
0.00222570 
0.00222570 
0.00222570 
0.00222780 
0.00222650 
0.00223500 
0.00222880 
0.00223190 
0.00222680 
0.00222020 
0.00222500 
0.00222200 
0.00223190 
0.00224500 
0.00223450 
0.00223520 
0.00223550 
0.00223570 
0.00223560 
0.00223980 
0.00224250 
0.00224270 
0.00224260 
0.00224340 
0.00224180 
0.00224550 
0.00224550 
0.00223930 
0.00224330 
0.00224950 
0.00223300 
0.00225230 
0.00225840 
0.00225600 
0.00225180 
0.00225090 
0.00224690 
0.00224660 
0.00223890 
0.00223260 
0.00223130 
0.00224050 
0.00222930 
0.00224010 
0.00223710 
0.00223540 
0.00223390 
0.00223960 
0.00222560 
0.00223020 
0.00223710 
0.00222730 
0.00222230 
0.00223010 
0.00223480 
0.00224720 
0.00225400 
0.00225270 
0.00224950 
0.00225050 
0.00224540 
0.00225650 
0.00226550 
0.00226810 
0.00225820 
0.00225610 
0.00225130 
0.00225300 
0.00223940 
0.00224990 
0.00223700 
0.00222800 
0.00223830 
0.00224130 
0.00223540 
0.00224040 
0.00223340 
0.00223860 
0.00224730 
0.00224570 
0.00223980 
0.00223820 
0.00222930 
0.00220430 
0.00220210 
0.00219500 
0.00219900 
0.00218280 
0.00218110 
0.00217870 
0.00216840 
0.00217870 
0.00216830 
0.00216810 
0.00216710 
0.00216110 
0.00216630 
0.00215950 
0.00214840 
0.00214820 
0.00214360 
0.00214390 
0.00214920 
0.00214400 
0.00214280 
0.00213490 
0.00213070 
0.00213070 
0.00212970 
0.00213000 
0.00213090 
0.00213010 
0.00213850 
0.00213840 
0.00213780 
0.00213700 
0.00213580 
0.00215310 
0.00213930 
0.00214290 
0.00214250 
0.00215210 
0.00215200 
0.00215280 
0.00214030 
0.00214000 
0.00214150 
0.00214370 
0.00215480 
0.00214920 
0.00215010 
0.00215420 
0.00216160 
0.00216880 
0.00219800 
0.00218380 
0.00216470 
0.00215490 
0.00216550 
0.00214660 
0.00214820 
0.00214820 
0.00214970 
0.00216200 
0.00215460 
0.00216730 
0.00216240 
0.00216900 
0.00216980 
0.00213070 
0.00212100 
0.00212200 
0.00212410 
0.00210010 
0.00208220 
0.00206510 
0.00203340 
0.00202620 
0.00204270 
0.00202270 
0.00201530 
0.00201480 
0.00201600 
0.00201190 
0.00201190 
0.00201230 
0.00202780 
0.00203050 
0.00202290 
0.00202910 
0.00202900 
0.00203180 
0.00203220 
0.00203200 
0.00203180 
0.00204250 
0.00203340 
0.00202090 
0.00200900 
0.00200740 
0.00200970 
0.00201140 
0.00201000 
0.00201000 
0.00201590 
0.00201420 
0.00201410 
0.00201410 
0.00202100 
0.00201130 
0.00201060 
0.00201110 
0.00203160 
0.00204990 
0.00207100 
0.00206500 
0.00206650 
0.00206630 
0.00208190 
0.00208480 
0.00205500 
0.00204990 
0.00204270 
0.00202760 
0.00202600 
0.00201960 
0.00201150 
0.00201010 
0.00201010 
0.00201010 
0.00201010 
0.00201240 
0.00202230 
0.00201140 
0.00201010 
0.00201470 
0.00202840 
0.00203050 
0.00203720 
0.00203730 
0.00203580 
0.00204800 
0.00204960 
0.00205820 
0.00207650 
0.00207660 
0.00207410 
0.00206630 
0.00205370 
0.00205430 
0.00204160 
0.00203300 
0.00202500 
0.00202400 
0.00201850 
0.00202180 
0.00202000 
0.00201340 
0.00202000 
0.00202000 
0.00201190 
0.00201020 
0.00201420 
0.00201270 
0.00201800 
0.00201910 
0.00201390 
0.00201910 
0.00201850 
0.00202920 
0.00203010 
0.00203750 
0.00203190 
0.00203010 
0.00203010 
0.00203010 
0.00203760 
0.00204660 
0.00203770 
0.00204440 
0.00203790 
0.00203910 
0.00204080 
0.00204310 
0.00204810 
0.00205000 
0.00205010 
0.00205000 
0.00205020 
0.00205000 
0.00205590 
0.00205380 
0.00206730 
0.00206850 
0.00206290 
0.00206900 
0.00206500 
0.00207590 
0.00207350 
0.00208080 
0.00209690 
0.00210010 
0.00210100 
0.00210210 
0.00210580 
0.00210550 
0.00210580 
0.00210000 
0.00210370 
0.00210000 
0.00210010 
0.00210040 
0.00210570 
0.00210020 
0.00210020 
0.00210080 
0.00211660 
0.00210570 
0.00210020 
0.00210840 
0.00211900 
0.00212000 
0.00210490 
0.00210500 
0.00210020 
0.00210760 
0.00210110 
0.00211120 
0.00211860 
0.00212030 
0.00212500 
0.00214550 
0.00213070 
0.00214540 
0.00213300 
0.00213410 
0.00213900 
0.00214660 
0.00214920 
0.00214410 
0.00213940 
0.00214630 
0.00214500 
0.00214960 
0.00213030 
0.00214470 
0.00216050 
0.00215990 
0.00215610 
0.00216170 
0.00216430 
0.00216910 
0.00217420 
0.00217480 
0.00218090 
0.00218130 
0.00218490 
0.00218180 
0.00218150 
0.00218140 
0.00217580 
0.00217570 
0.00217600 
0.00216740 
0.00216190 
0.00215650 
0.00215620 
0.00216370 
0.00215990 
0.00217000 
0.00215650 
0.00215680 
0.00215300 
0.00215150 
0.00214580 
0.00214170 
0.00215830 
0.00215830 
0.00216920 
0.00217060 
0.00216000 
0.00215210 
0.00216390 
0.00215690 
0.00216130 
0.00215490 
0.00216280 
0.00217590 
0.00218610 
0.00219220 
0.00220090 
0.00221060 
0.00221430 
0.00221510 
0.00221360 
0.00221520 
0.00221610 
0.00221730 
0.00221520 
0.00221480 
0.00222130 
0.00221290 
0.00221000 
0.00221320 
0.00221220 
0.00221250 
0.00221180 
0.00221370 
0.00220810 
0.00220790 
0.00232420 
0.00232360 
0.00232530 
0.00232780 
0.00231750 
0.00232080 
0.00231410 
0.00231780 
0.00230180 
0.00230430 
0.00230950 
0.00230590 
0.00230210 
0.00230600 
0.00231390 
0.00231490 
0.00230590 
0.00230500 
0.00230700 
0.00230590 
0.00229980 
0.00229920 
0.00229550 
0.00230050 
0.00229980 
0.00229440 
0.00228450 
0.00227050 
0.00228500 
0.00227630 
0.00227620 
0.00227790 
0.00227270 
0.00226020 
0.00225000 
0.00225200 
0.00225010 
0.00225000 
0.00224930 
0.00225070 
0.00224600 
0.00224530 
0.00225480 
0.00225480 
0.00225480 
0.00226060 
0.00225510 
0.00225350 
0.00225890 
0.00225610 
0.00225610 
0.00225610 
0.00225590 
0.00225400 
0.00225000 
0.00224810 
0.00223900 
0.00223640 
0.00224120 
0.00223850 
0.00224350 
0.00223770 
0.00222090 
0.00224440 
0.00224500 
0.00224500 
0.00222930 
0.00222250 
0.00222240 
0.00222290 
0.00222240 
0.00221970 
0.00221260 
0.00220520 
0.00220080 
0.00219980 
0.00220860 
0.00219800 
0.00220140 
0.00220960 
0.00220090 
0.00220000 
0.00220600 
0.00221890 
0.00221890 
0.00220970 
0.00221400 
0.00221270 
0.00221670 
0.00221970 
0.00222570 
0.00222570 
0.00222570 
0.00222780 
0.00222650 
0.00223500 
0.00222880 
0.00223190 
0.00222680 
0.00222020 
0.00222500 
0.00222200 
0.00223190 
0.00224500 
0.00223450 
0.00223520 
0.00223550 
0.00223570 
0.00223560 
0.00223980 
0.00224250 
0.00224270 
0.00224260 
0.00224340 
0.00224180 
0.00224550 
0.00224550 
0.00223930 
0.00224330 
0.00224950 
0.00223300 
0.00225230 
0.00225840 
0.00225600 
0.00225180 
0.00225090 
0.00224690 
0.00224660 
0.00223890 
0.00223260 
0.00223130 
0.00224050 
0.00222930 
0.00224010 
0.00223710 
0.00223540 
0.00223390 
0.00223960 
0.00222560 
0.00223020 
0.00223710 
0.00222730 
0.00222230 
0.00223010 
0.00223480 
0.00224720 
0.00225400 
0.00225270 
0.00224950 
0.00225050 
0.00224540 
0.00225650 
0.00226550 
0.00226810 
0.00225820 
0.00225610 
0.00225130 
0.00225300 
0.00223940 
0.00224990 
0.00223700 
0.00222800 
0.00223830 
0.00224130 
0.00223540 
0.00224040 
0.00223340 
0.00223860 
0.00224730 
0.00224570 
0.00223980 
0.00223820 
0.00222930 
0.00220430 
0.00220210 
0.00219500 
0.00219900 
0.00218280 
0.00218110 
0.00217870 
0.00216840 
0.00217870 
0.00216830 
0.00216810 
0.00216710 
0.00216110 
0.00216630 
0.00215950 
0.00214840 
0.00214820 
0.00214360 
0.00214390 
0.00214920 
0.00214400 
0.00214280 
0.00213490 
0.00213070 
0.00213070 
0.00212970 
0.00213000 
0.00213090 
0.00213010 
0.00213850 
0.00213840 
0.00213780 
0.00213700 
0.00213580 
0.00215310 
0.00213930 
0.00214290 
0.00214250 
0.00215210 
0.00215200 
0.00215280 
0.00214030 
0.00214000 
0.00214150 
0.00214370 
0.00215480 
0.00214920 
0.00215010 
0.00215420 
0.00216160 
0.00216880 
0.00219800 
0.00218380 
0.00216470 
0.00215490 
0.00216550 
0.00214660 
0.00214820 
0.00214820 
0.00214970 
0.00216200 
0.00215460 
0.00216730 
0.00216240 
0.00216900 
0.00216980 
0.00213070 
0.00212100 
0.00212200 
0.00212410 
0.00210010 
0.00208220 
0.00206510 
0.00203340 
0.00202620 
0.00204270 
0.00202270 
0.00201530 
0.00201480 
0.00201600 
0.00201190 
0.00201190 
0.00201230 
0.00202780 
0.00203050 
0.00202290 
0.00202910 
0.00202900 
0.00203180 
0.00203220 
0.00203200 
0.00203180 
0.00204250 
0.00203340 
0.00202090 
0.00200900 
0.00200740 
0.00200970 
0.00201140 
0.00201000 
0.00201000 
0.00201590 
0.00201420 
0.00201410 
0.00201410 
0.00202100 
0.00201130 
0.00201060 
0.00201110 
0.00203160 
0.00204990 
0.00207100 
0.00206500 
0.00206650 
0.00206630 
0.00208190 
0.00208480 
0.00205500 
0.00204990 
0.00204270 
0.00202760 
0.00202600 
0.00201960 
0.00201150 
0.00201010 
0.00201010 
0.00201010 
0.00201010 
0.00201240 
0.00202230 
0.00201140 
0.00201010 
0.00201470 
0.00202840 
0.00203050 
0.00203720 
0.00203730 
0.00203580 
0.00204800 
0.00204960 
0.00205820 
0.00207650 
0.00207660 
0.00207410 
0.00206630 
0.00205370 
0.00205430 
0.00204160 
0.00203300 
0.00202500 
0.00202400 
0.00201850 
0.00202180 
0.00202000 
0.00201340 
0.00202000 
0.00202000 
0.00201190 
0.00201020 
0.00201420 
0.00201270 
0.00201800 
0.00201910 
0.00201390 
0.00201910 
0.00201850 
0.00202920 
0.00203010 
0.00203750 
0.00203190 
0.00203010 
0.00203010 
0.00203010 
0.00203760 
0.00204660 
0.00203770 
0.00204440 
0.00203790 
0.00203910 
0.00204080 
0.00204310 
0.00204810 
0.00205000 
0.00205010 
0.00205000 
0.00205020 
0.00205000 
0.00205590 
0.00205380 
0.00206730 
0.00206850 
0.00206290 
0.00206900 
0.00206500 
0.00207590 
0.00207350 
0.00208080 
0.00209690 
0.00210010 
0.00210100 
0.00210210 
0.00210580 
0.00210550 
0.00210580 
0.00210000 
0.00210370 
0.00210000 
0.00210010 
0.00210040 
0.00210570 
0.00210020 
0.00210020 
0.00210080 
0.00211660 
0.00210570 
0.00210020 
0.00210840 
0.00211900 
0.00212000 
0.00210490 
0.00210500 
0.00210020 
0.00210760 
0.00210110 
0.00211120 
0.00211860 
0.00212030 
0.00212500 
0.00214550 
0.00213070 
0.00214540 
0.00213300 
0.00213410 
0.00213900 
0.00214660 
0.00214920 
0.00214410 
0.00213940 
0.00214630 
0.00214500 
0.00214960 
0.00213030 
0.00214470 
0.00216050 
0.00215990 
0.00215610 
0.00216170 
0.00216430 
0.00216910 
0.00217420 
0.00217480 
0.00218090 
0.00218130 
0.00218490 
0.00218180 
0.00218150 
0.00218140 
0.00217580 
0.00217570 
0.00217600 
0.00216740 
0.00216190 
0.00215650 
0.00215620 
0.00216370 
0.00215990 
0.00217000 
0.00215650 
0.00215680 
0.00215300 
0.00215150 
0.00214580 
0.00214170 
0.00215830 
0.00215830 
0.00216920 
0.00217060 
0.00216000 
0.00215210 
0.00216390 
0.00215690 
0.00216130 
0.00215490 
0.00216280 
0.00217590 
0.00218610 
0.00219220 
0.00220090 
0.00221060 
0.00221430 
0.00221510 
0.00221360 
0.00221520 
0.00221610 
0.00221730 
0.00221520 
0.00221480 
0.00222130 
0.00221290 
0.00221000 
0.00221320 
0.00221220 
0.00221250 
0.00221180 
0.00221370 
0.00220810 
0.00220790 
0.00232420 
0.00232360 
0.00232530 
0.00232780 
0.00231750 
0.00232080 
0.00231410 
0.00231780 
0.00230180 
0.00230430 
0.00230950 
0.00230590 
0.00230210 
0.00230600 
0.00231390 
0.00231490 
0.00230590 
0.00230500 
0.00230700 
0.00230590 
0.00229980 
0.00229920 
0.00229550 
0.00230050 
0.00229980 
0.00229440 
0.00228450 
0.00227050 
0.00228500 
0.00227630 
0.00227620 
0.00227790 
0.00227270 
0.00226020 
0.00225000 
0.00225200 
0.00225010 
0.00225000 
0.00224930 
0.00225070 
0.00224600 
0.00224530 
0.00225480 
0.00225480 
0.00225480 
0.00226060 
0.00225510 
0.00225350 
0.00225890 
0.00225610 
0.00225610 
0.00225610 
0.00225590 
0.00225400 
0.00225000 
0.00224810 
0.00223900 
0.00223640 
0.00224120 
0.00223850 
0.00224350 
0.00223770 
0.00222090 
0.00224440 
0.00224500 
0.00224500 
0.00222930 
0.00222250 
0.00222240 
0.00222290 
0.00222240 
0.00221970 
0.00221260 
0.00220520 
0.00220080 
0.00219980 
0.00220860 
0.00219800 
0.00220140 
0.00220960 
0.00220090 
0.00220000 
0.00220600 
0.00221890 
0.00221890 
0.00220970 
0.00221400 
0.00221270 
0.00221670 
0.00221970 
0.00222570 
0.00222570 
0.00222570 
0.00222780 
0.00222650 
0.00223500 
0.00222880 
0.00223190 
0.00222680 
0.00222020 
0.00222500 
0.00222200 
0.00223190 
0.00224500 
0.00223450 
0.00223520 
0.00223550 
0.00223570 
0.00223560 
0.00223980 
0.00224250 
0.00224270 
0.00224260 
0.00224340 
0.00224180 
0.00224550 
0.00224550 
0.00223930 
0.00224330 
0.00224950 
0.00223300 
0.00225230 
0.00225840 
0.00225600 
0.00225180 
0.00225090 
0.00224690 
0.00224660 
0.00223890 
0.00223260 
0.00223130 
0.00224050 
0.00222930 
0.00224010 
0.00223710 
0.00223540 
0.00223390 
0.00223960 
0.00222560 
0.00223020 
0.00223710 
0.00222730 
0.00222230 
0.00223010 
0.00223480 
0.00224720 
0.00225400 
0.00225270 
0.00224950 
0.00225050 
0.00224540 
0.00225650 
0.00226550 
0.00226810 
0.00225820 
0.00225610 
0.00225130 
0.00225300 
0.00223940 
0.00224990 
0.00223700 
0.00222800 
0.00223830 
0.00224130 
0.00223540 
0.00224040 
0.00223340 
0.00223860 
0.00224730 
0.00224570 
0.00223980 
0.00223820 
0.00222930 
0.00220430 
0.00220210 
0.00219500 
0.00219900 
0.00218280 
0.00218110 
0.00217870 
0.00216840 
0.00217870 
0.00216830 
0.00216810 
0.00216710 
0.00216110 
0.00216630 
0.00215950 
0.00214840 
0.00214820 
0.00214360 
0.00214390 
0.00214920 
0.00214400 
0.00214280 
0.00213490 
0.00213070 
0.00213070 
0.00212970 
0.00213000 
0.00213090 
0.00213010 
0.00213850 
0.00213840 
0.00213780 
0.00213700 
0.00213580 
0.00215310 
0.00213930 
0.00214290 
0.00214250 
0.00215210 
0.00215200 
0.00215280 
0.00214030 
0.00214000 
0.00214150 
0.00214370 
0.00215480 
0.00214920 
0.00215010 
0.00215420 
0.00216160 
0.00216880 
0.00219800 
0.00218380 
0.00216470 
0.00215490 
0.00216550 
0.00214660 
0.00214820 
0.00214820 
0.00214970 
0.00216200 
0.00215460 
0.00216730 
0.00216240 
0.00216900 
0.00216980 
0.00213070 
0.00212100 
0.00212200 
0.00212410 
0.00210010 
0.00208220 
0.00206510 
0.00203340 
0.00202620 
0.00204270 
0.00202270 
0.00201530 
0.00201480 
0.00201600 
0.00201190 
0.00201190 
0.00201230 
0.00202780 
0.00203050 
0.00202290 
0.00202910 
0.00202900 
0.00203180 
0.00203220 
0.00203200 
0.00203180 
0.00204250 
0.00203340 
0.00202090 
0.00200900 
0.00200740 
0.00200970 
0.00201140 
0.00201000 
0.00201000 
0.00201590 
0.00201420 
0.00201410 
0.00201410 
0.00202100 
0.00201130 
0.00201060 
0.00201110 
0.00203160 
0.00204990 
0.00207100 
0.00206500 
0.00206650 
0.00206630 
0.00208190 
0.00208480 
0.00205500 
0.00204990 
0.00204270 
0.00202760 
0.00202600 
0.00201960 
0.00201150 
0.00201010 
0.00201010 
0.00201010 
0.00201010 
0.00201240 
0.00202230 
0.00201140 
0.00201010 
0.00201470 
0.00202840 
0.00203050 
0.00203720 
0.00203730 
0.00203580 
0.00204800 
0.00204960 
0.00205820 
0.00207650 
0.00207660 
0.00207410 
0.00206630 
0.00205370 
0.00205430 
0.00204160 
0.00203300 
0.00202500 
0.00202400 
0.00201850 
0.00202180 
0.00202000 
0.00201340 
0.00202000 
0.00202000 
0.00201190 
0.00201020 
0.00201420 
0.00201270 
0.00201800 
0.00201910 
0.00201390 
0.00201910 
0.00201850 
0.00202920 
0.00203010 
0.00203750 
0.00203190 
0.00203010 
0.00203010 
0.00203010 
0.00203760 
0.00204660 
0.00203770 
0.00204440 
0.00203790 
0.00203910 
0.00204080 
0.00204310 
0.00204810 
0.00205000 
0.00205010 
0.00205000 
0.00205020 
0.00205000 
0.00205590 
0.00205380 
0.00206730 
0.00206850 
0.00206290 
0.00206900 
0.00206500 
0.00207590 
0.00207350 
0.00208080 
0.00209690 
0.00210010 
0.00210100 
0.00210210 
0.00210580 
0.00210550 
0.00210580 
0.00210000 
0.00210370 
0.00210000 
0.00210010 
0.00210040 
0.00210570 
0.00210020 
0.00210020 
0.00210080 
0.00211660 
0.00210570 
0.00210020 
0.00210840 
0.00211900 
0.00212000 
0.00210490 
0.00210500 
0.00210020 
0.00210760 
0.00210110 
0.00211120 
0.00211860 
0.00212030 
0.00212500 
0.00214550 
0.00213070 
0.00214540 
0.00213300 
0.00213410 
0.00213900 
0.00214660 
0.00214920 
0.00214410 
0.00213940 
0.00214630 
0.00214500 
0.00214960 
0.00213030 
0.00214470 
0.00216050 
0.00215990 
0.00215610 
0.00216170 
0.00216430 
0.00216910 
0.00217420 
0.00217480 
0.00218090 
0.00218130 
0.00218490 
0.00218180 
0.00218150 
0.00218140 
0.00217580 
0.00217570 
0.00217600 
0.00216740 
0.00216190 
0.00215650 
0.00215620 
0.00216370 
0.00215990 
0.00217000 
0.00215650 
0.00215680 
0.00215300 
0.00215150 
0.00214580 
0.00214170 
0.00215830 
0.00215830 
0.00216920 
0.00217060 
0.00216000 
0.00215210 
0.00216390 
0.00215690 
0.00216130 
0.00215490 
0.00216280 
0.00217590 
0.00218610 
0.00219220 
0.00220090 
0.00221060 
0.00221430 
0.00221510 
0.00221360 
0.00221520 
0.00221610 
0.00221730 
0.00221520 
0.00221480 
0.00222130 
0.00221290 
0.00221000 
0.00221320 
0.00221220 
0.00221250 
0.00221180 
0.00221370 
0.00220810 
0.00220790 
