0.00232300 
0.00232530 
0.00232780 
0.00232580 
0.00232080 
0.00232030 
0.00231200 
0.00230750 
0.00230730 
0.00230990 
0.00230900 
0.00230210 
0.00230600 
0.00231390 
0.00231550 
0.00230590 
0.00230600 
0.00230700 
0.00230590 
0.00229980 
0.00229490 
0.00229660 
0.00230050 
0.00229970 
0.00229440 
0.00229430 
0.00227200 
0.00228670 
0.00227630 
0.00227620 
0.00228060 
0.00227270 
0.00226490 
0.00225000 
0.00224410 
0.00225480 
0.00224990 
0.00224900 
0.00224360 
0.00225460 
0.00224600 
0.00225480 
0.00225480 
0.00225480 
0.00226110 
0.00225470 
0.00225400 
0.00225890 
0.00225610 
0.00225620 
0.00225940 
0.00225590 
0.00225400 
0.00225000 
0.00224180 
0.00224130 
0.00223830 
0.00224140 
0.00224310 
0.00223950 
0.00223710 
0.00223450 
0.00224480 
0.00224600 
0.00224010 
0.00222930 
0.00222250 
0.00222320 
0.00222240 
0.00222240 
0.00221970 
0.00221740 
0.00220520 
0.00220360 
0.00219980 
0.00220450 
0.00220310 
0.00219660 
0.00220340 
0.00220130 
0.00220050 
0.00220560 
0.00221890 
0.00221900 
0.00220510 
0.00220980 
0.00221380 
0.00221830 
0.00221970 
0.00222570 
0.00222570 
0.00222420 
0.00222780 
0.00222780 
0.00222950 
0.00222880 
0.00223360 
0.00222680 
0.00222020 
0.00222060 
0.00222480 
0.00223190 
0.00223800 
0.00223010 
0.00223520 
0.00223550 
0.00224100 
0.00223560 
0.00223510 
0.00224230 
0.00224270 
0.00224260 
0.00224160 
0.00224180 
0.00224550 
0.00224560 
0.00223930 
0.00224330 
0.00224960 
0.00223300 
0.00225230 
0.00225810 
0.00225600 
0.00225180 
0.00225090 
0.00224730 
0.00224660 
0.00223300 
0.00223260 
0.00223130 
0.00224050 
0.00224170 
0.00224440 
0.00223710 
0.00223480 
0.00223390 
0.00223810 
0.00223010 
0.00223020 
0.00223720 
0.00222730 
0.00222230 
0.00223020 
0.00223480 
0.00224720 
0.00224740 
0.00226150 
0.00224650 
0.00225050 
0.00225460 
0.00225650 
0.00226550 
0.00224730 
0.00226610 
0.00225610 
0.00226240 
0.00225300 
0.00223940 
0.00224990 
0.00224230 
0.00223030 
0.00223820 
0.00224130 
0.00223530 
0.00224890 
0.00223960 
0.00224290 
0.00224720 
0.00224560 
0.00223980 
0.00223870 
0.00222940 
0.00222000 
0.00220230 
0.00218870 
0.00219900 
0.00218290 
0.00218140 
0.00217870 
0.00216840 
0.00217870 
0.00217390 
0.00216600 
0.00216690 
0.00216310 
0.00216920 
0.00215950 
0.00215970 
0.00214840 
0.00215130 
0.00214400 
0.00214350 
0.00214400 
0.00214280 
0.00213210 
0.00213490 
0.00213070 
0.00212480 
0.00213000 
0.00213050 
0.00213000 
0.00214060 
0.00213830 
0.00213750 
0.00213700 
0.00213580 
0.00214620 
0.00214720 
0.00214490 
0.00214250 
0.00215200 
0.00215500 
0.00215280 
0.00214000 
0.00214010 
0.00214150 
0.00214530 
0.00215760 
0.00215560 
0.00215420 
0.00215400 
0.00216160 
0.00216890 
0.00218680 
0.00218640 
0.00216470 
0.00216030 
0.00216600 
0.00214990 
0.00214820 
0.00214820 
0.00214600 
0.00215280 
0.00215470 
0.00216720 
0.00216160 
0.00217010 
0.00216950 
0.00213070 
0.00213180 
0.00212800 
0.00212400 
0.00210000 
0.00208230 
0.00205430 
0.00203380 
0.00202620 
0.00204270 
0.00202260 
0.00201490 
0.00201480 
0.00201600 
0.00201190 
0.00201190 
0.00201020 
0.00202370 
0.00203020 
0.00202320 
0.00202290 
0.00203400 
0.00203150 
0.00203260 
0.00203330 
0.00203160 
0.00204250 
0.00203400 
0.00202080 
0.00200900 
0.00200540 
0.00200980 
0.00201140 
0.00201030 
0.00201010 
0.00201150 
0.00201400 
0.00201410 
0.00201420 
0.00202070 
0.00201130 
0.00201410 
0.00201100 
0.00203160 
0.00205270 
0.00207070 
0.00206500 
0.00206650 
0.00206970 
0.00208190 
0.00208560 
0.00205500 
0.00205000 
0.00204370 
0.00202760 
0.00202620 
0.00201960 
0.00201150 
0.00201010 
0.00201010 
0.00201340 
0.00201000 
0.00201250 
0.00201260 
0.00201140 
0.00201020 
0.00201180 
0.00202470 
0.00203300 
0.00203500 
0.00203530 
0.00203740 
0.00204510 
0.00204840 
0.00205850 
0.00207740 
0.00208010 
0.00208340 
0.00206630 
0.00204570 
0.00205370 
0.00204160 
0.00204940 
0.00202600 
0.00202450 
0.00202450 
0.00202000 
0.00201520 
0.00201340 
0.00202000 
0.00202000 
0.00201190 
0.00201020 
0.00201420 
0.00201270 
0.00201870 
0.00201910 
0.00201370 
0.00201370 
0.00201340 
0.00202390 
0.00203010 
0.00203750 
0.00203200 
0.00203010 
0.00203010 
0.00203010 
0.00203760 
0.00204660 
0.00204300 
0.00204520 
0.00203700 
0.00203910 
0.00204100 
0.00204790 
0.00204920 
0.00205000 
0.00205000 
0.00205030 
0.00205020 
0.00205000 
0.00205500 
0.00205430 
0.00206730 
0.00206170 
0.00206890 
0.00206870 
0.00206500 
0.00207570 
0.00206770 
0.00208750 
0.00208780 
0.00210010 
0.00210020 
0.00210200 
0.00210550 
0.00210550 
0.00210580 
0.00210010 
0.00210010 
0.00210000 
0.00210010 
0.00210050 
0.00210570 
0.00210020 
0.00210020 
0.00210080 
0.00211330 
0.00210570 
0.00210020 
0.00210820 
0.00211760 
0.00212000 
0.00210080 
0.00210400 
0.00210030 
0.00210760 
0.00210110 
0.00211110 
0.00211850 
0.00212110 
0.00212500 
0.00213040 
0.00212590 
0.00214540 
0.00213130 
0.00213410 
0.00213900 
0.00214420 
0.00214800 
0.00214410 
0.00213940 
0.00214580 
0.00214930 
0.00214960 
0.00214560 
0.00214470 
0.00215990 
0.00215970 
0.00215510 
0.00216100 
0.00216050 
0.00216430 
0.00216960 
0.00217480 
0.00218090 
0.00218330 
0.00218490 
0.00218180 
0.00218150 
0.00218140 
0.00217580 
0.00217570 
0.00217450 
0.00217440 
0.00216100 
0.00215950 
0.00215000 
0.00216070 
0.00216800 
0.00216210 
0.00215660 
0.00215720 
0.00215300 
0.00215150 
0.00214600 
0.00214170 
0.00215830 
0.00216440 
0.00216610 
0.00217330 
0.00215220 
0.00215210 
0.00216390 
0.00214870 
0.00216130 
0.00215770 
0.00216040 
0.00217590 
0.00218610 
0.00219210 
0.00220090 
0.00220970 
0.00221430 
0.00221430 
0.00221360 
0.00221500 
0.00221620 
0.00222120 
0.00221530 
0.00221500 
0.00222100 
0.00221290 
0.00221030 
0.00221320 
0.00221160 
0.00221840 
0.00221580 
0.00221360 
0.00220950 
0.00221090 
0.00221430 
0.00232300 
0.00232530 
0.00232780 
0.00232580 
0.00232080 
0.00232030 
0.00231200 
0.00230750 
0.00230730 
0.00230990 
0.00230900 
0.00230210 
0.00230600 
0.00231390 
0.00231550 
0.00230590 
0.00230600 
0.00230700 
0.00230590 
0.00229980 
0.00229490 
0.00229660 
0.00230050 
0.00229970 
0.00229440 
0.00229430 
0.00227200 
0.00228670 
0.00227630 
0.00227620 
0.00228060 
0.00227270 
0.00226490 
0.00225000 
0.00224410 
0.00225480 
0.00224990 
0.00224900 
0.00224360 
0.00225460 
0.00224600 
0.00225480 
0.00225480 
0.00225480 
0.00226110 
0.00225470 
0.00225400 
0.00225890 
0.00225610 
0.00225620 
0.00225940 
0.00225590 
0.00225400 
0.00225000 
0.00224180 
0.00224130 
0.00223830 
0.00224140 
0.00224310 
0.00223950 
0.00223710 
0.00223450 
0.00224480 
0.00224600 
0.00224010 
0.00222930 
0.00222250 
0.00222320 
0.00222240 
0.00222240 
0.00221970 
0.00221740 
0.00220520 
0.00220360 
0.00219980 
0.00220450 
0.00220310 
0.00219660 
0.00220340 
0.00220130 
0.00220050 
0.00220560 
0.00221890 
0.00221900 
0.00220510 
0.00220980 
0.00221380 
0.00221830 
0.00221970 
0.00222570 
0.00222570 
0.00222420 
0.00222780 
0.00222780 
0.00222950 
0.00222880 
0.00223360 
0.00222680 
0.00222020 
0.00222060 
0.00222480 
0.00223190 
0.00223800 
0.00223010 
0.00223520 
0.00223550 
0.00224100 
0.00223560 
0.00223510 
0.00224230 
0.00224270 
0.00224260 
0.00224160 
0.00224180 
0.00224550 
0.00224560 
0.00223930 
0.00224330 
0.00224960 
0.00223300 
0.00225230 
0.00225810 
0.00225600 
0.00225180 
0.00225090 
0.00224730 
0.00224660 
0.00223300 
0.00223260 
0.00223130 
0.00224050 
0.00224170 
0.00224440 
0.00223710 
0.00223480 
0.00223390 
0.00223810 
0.00223010 
0.00223020 
0.00223720 
0.00222730 
0.00222230 
0.00223020 
0.00223480 
0.00224720 
0.00224740 
0.00226150 
0.00224650 
0.00225050 
0.00225460 
0.00225650 
0.00226550 
0.00224730 
0.00226610 
0.00225610 
0.00226240 
0.00225300 
0.00223940 
0.00224990 
0.00224230 
0.00223030 
0.00223820 
0.00224130 
0.00223530 
0.00224890 
0.00223960 
0.00224290 
0.00224720 
0.00224560 
0.00223980 
0.00223870 
0.00222940 
0.00222000 
0.00220230 
0.00218870 
0.00219900 
0.00218290 
0.00218140 
0.00217870 
0.00216840 
0.00217870 
0.00217390 
0.00216600 
0.00216690 
0.00216310 
0.00216920 
0.00215950 
0.00215970 
0.00214840 
0.00215130 
0.00214400 
0.00214350 
0.00214400 
0.00214280 
0.00213210 
0.00213490 
0.00213070 
0.00212480 
0.00213000 
0.00213050 
0.00213000 
0.00214060 
0.00213830 
0.00213750 
0.00213700 
0.00213580 
0.00214620 
0.00214720 
0.00214490 
0.00214250 
0.00215200 
0.00215500 
0.00215280 
0.00214000 
0.00214010 
0.00214150 
0.00214530 
0.00215760 
0.00215560 
0.00215420 
0.00215400 
0.00216160 
0.00216890 
0.00218680 
0.00218640 
0.00216470 
0.00216030 
0.00216600 
0.00214990 
0.00214820 
0.00214820 
0.00214600 
0.00215280 
0.00215470 
0.00216720 
0.00216160 
0.00217010 
0.00216950 
0.00213070 
0.00213180 
0.00212800 
0.00212400 
0.00210000 
0.00208230 
0.00205430 
0.00203380 
0.00202620 
0.00204270 
0.00202260 
0.00201490 
0.00201480 
0.00201600 
0.00201190 
0.00201190 
0.00201020 
0.00202370 
0.00203020 
0.00202320 
0.00202290 
0.00203400 
0.00203150 
0.00203260 
0.00203330 
0.00203160 
0.00204250 
0.00203400 
0.00202080 
0.00200900 
0.00200540 
0.00200980 
0.00201140 
0.00201030 
0.00201010 
0.00201150 
0.00201400 
0.00201410 
0.00201420 
0.00202070 
0.00201130 
0.00201410 
0.00201100 
0.00203160 
0.00205270 
0.00207070 
0.00206500 
0.00206650 
0.00206970 
0.00208190 
0.00208560 
0.00205500 
0.00205000 
0.00204370 
0.00202760 
0.00202620 
0.00201960 
0.00201150 
0.00201010 
0.00201010 
0.00201340 
0.00201000 
0.00201250 
0.00201260 
0.00201140 
0.00201020 
0.00201180 
0.00202470 
0.00203300 
0.00203500 
0.00203530 
0.00203740 
0.00204510 
0.00204840 
0.00205850 
0.00207740 
0.00208010 
0.00208340 
0.00206630 
0.00204570 
0.00205370 
0.00204160 
0.00204940 
0.00202600 
0.00202450 
0.00202450 
0.00202000 
0.00201520 
0.00201340 
0.00202000 
0.00202000 
0.00201190 
0.00201020 
0.00201420 
0.00201270 
0.00201870 
0.00201910 
0.00201370 
0.00201370 
0.00201340 
0.00202390 
0.00203010 
0.00203750 
0.00203200 
0.00203010 
0.00203010 
0.00203010 
0.00203760 
0.00204660 
0.00204300 
0.00204520 
0.00203700 
0.00203910 
0.00204100 
0.00204790 
0.00204920 
0.00205000 
0.00205000 
0.00205030 
0.00205020 
0.00205000 
0.00205500 
0.00205430 
0.00206730 
0.00206170 
0.00206890 
0.00206870 
0.00206500 
0.00207570 
0.00206770 
0.00208750 
0.00208780 
0.00210010 
0.00210020 
0.00210200 
0.00210550 
0.00210550 
0.00210580 
0.00210010 
0.00210010 
0.00210000 
0.00210010 
0.00210050 
0.00210570 
0.00210020 
0.00210020 
0.00210080 
0.00211330 
0.00210570 
0.00210020 
0.00210820 
0.00211760 
0.00212000 
0.00210080 
0.00210400 
0.00210030 
0.00210760 
0.00210110 
0.00211110 
0.00211850 
0.00212110 
0.00212500 
0.00213040 
0.00212590 
0.00214540 
0.00213130 
0.00213410 
0.00213900 
0.00214420 
0.00214800 
0.00214410 
0.00213940 
0.00214580 
0.00214930 
0.00214960 
0.00214560 
0.00214470 
0.00215990 
0.00215970 
0.00215510 
0.00216100 
0.00216050 
0.00216430 
0.00216960 
0.00217480 
0.00218090 
0.00218330 
0.00218490 
0.00218180 
0.00218150 
0.00218140 
0.00217580 
0.00217570 
0.00217450 
0.00217440 
0.00216100 
0.00215950 
0.00215000 
0.00216070 
0.00216800 
0.00216210 
0.00215660 
0.00215720 
0.00215300 
0.00215150 
0.00214600 
0.00214170 
0.00215830 
0.00216440 
0.00216610 
0.00217330 
0.00215220 
0.00215210 
0.00216390 
0.00214870 
0.00216130 
0.00215770 
0.00216040 
0.00217590 
0.00218610 
0.00219210 
0.00220090 
0.00220970 
0.00221430 
0.00221430 
0.00221360 
0.00221500 
0.00221620 
0.00222120 
0.00221530 
0.00221500 
0.00222100 
0.00221290 
0.00221030 
0.00221320 
0.00221160 
0.00221840 
0.00221580 
0.00221360 
0.00220950 
0.00221090 
0.00221430 
0.00232300 
0.00232530 
0.00232780 
0.00232580 
0.00232080 
0.00232030 
0.00231200 
0.00230750 
0.00230730 
0.00230990 
0.00230900 
0.00230210 
0.00230600 
0.00231390 
0.00231550 
0.00230590 
0.00230600 
0.00230700 
0.00230590 
0.00229980 
0.00229490 
0.00229660 
0.00230050 
0.00229970 
0.00229440 
0.00229430 
0.00227200 
0.00228670 
0.00227630 
0.00227620 
0.00228060 
0.00227270 
0.00226490 
0.00225000 
0.00224410 
0.00225480 
0.00224990 
0.00224900 
0.00224360 
0.00225460 
0.00224600 
0.00225480 
0.00225480 
0.00225480 
0.00226110 
0.00225470 
0.00225400 
0.00225890 
0.00225610 
0.00225620 
0.00225940 
0.00225590 
0.00225400 
0.00225000 
0.00224180 
0.00224130 
0.00223830 
0.00224140 
0.00224310 
0.00223950 
0.00223710 
0.00223450 
0.00224480 
0.00224600 
0.00224010 
0.00222930 
0.00222250 
0.00222320 
0.00222240 
0.00222240 
0.00221970 
0.00221740 
0.00220520 
0.00220360 
0.00219980 
0.00220450 
0.00220310 
0.00219660 
0.00220340 
0.00220130 
0.00220050 
0.00220560 
0.00221890 
0.00221900 
0.00220510 
0.00220980 
0.00221380 
0.00221830 
0.00221970 
0.00222570 
0.00222570 
0.00222420 
0.00222780 
0.00222780 
0.00222950 
0.00222880 
0.00223360 
0.00222680 
0.00222020 
0.00222060 
0.00222480 
0.00223190 
0.00223800 
0.00223010 
0.00223520 
0.00223550 
0.00224100 
0.00223560 
0.00223510 
0.00224230 
0.00224270 
0.00224260 
0.00224160 
0.00224180 
0.00224550 
0.00224560 
0.00223930 
0.00224330 
0.00224960 
0.00223300 
0.00225230 
0.00225810 
0.00225600 
0.00225180 
0.00225090 
0.00224730 
0.00224660 
0.00223300 
0.00223260 
0.00223130 
0.00224050 
0.00224170 
0.00224440 
0.00223710 
0.00223480 
0.00223390 
0.00223810 
0.00223010 
0.00223020 
0.00223720 
0.00222730 
0.00222230 
0.00223020 
0.00223480 
0.00224720 
0.00224740 
0.00226150 
0.00224650 
0.00225050 
0.00225460 
0.00225650 
0.00226550 
0.00224730 
0.00226610 
0.00225610 
0.00226240 
0.00225300 
0.00223940 
0.00224990 
0.00224230 
0.00223030 
0.00223820 
0.00224130 
0.00223530 
0.00224890 
0.00223960 
0.00224290 
0.00224720 
0.00224560 
0.00223980 
0.00223870 
0.00222940 
0.00222000 
0.00220230 
0.00218870 
0.00219900 
0.00218290 
0.00218140 
0.00217870 
0.00216840 
0.00217870 
0.00217390 
0.00216600 
0.00216690 
0.00216310 
0.00216920 
0.00215950 
0.00215970 
0.00214840 
0.00215130 
0.00214400 
0.00214350 
0.00214400 
0.00214280 
0.00213210 
0.00213490 
0.00213070 
0.00212480 
0.00213000 
0.00213050 
0.00213000 
0.00214060 
0.00213830 
0.00213750 
0.00213700 
0.00213580 
0.00214620 
0.00214720 
0.00214490 
0.00214250 
0.00215200 
0.00215500 
0.00215280 
0.00214000 
0.00214010 
0.00214150 
0.00214530 
0.00215760 
0.00215560 
0.00215420 
0.00215400 
0.00216160 
0.00216890 
0.00218680 
0.00218640 
0.00216470 
0.00216030 
0.00216600 
0.00214990 
0.00214820 
0.00214820 
0.00214600 
0.00215280 
0.00215470 
0.00216720 
0.00216160 
0.00217010 
0.00216950 
0.00213070 
0.00213180 
0.00212800 
0.00212400 
0.00210000 
0.00208230 
0.00205430 
0.00203380 
0.00202620 
0.00204270 
0.00202260 
0.00201490 
0.00201480 
0.00201600 
0.00201190 
0.00201190 
0.00201020 
0.00202370 
0.00203020 
0.00202320 
0.00202290 
0.00203400 
0.00203150 
0.00203260 
0.00203330 
0.00203160 
0.00204250 
0.00203400 
0.00202080 
0.00200900 
0.00200540 
0.00200980 
0.00201140 
0.00201030 
0.00201010 
0.00201150 
0.00201400 
0.00201410 
0.00201420 
0.00202070 
0.00201130 
0.00201410 
0.00201100 
0.00203160 
0.00205270 
0.00207070 
0.00206500 
0.00206650 
0.00206970 
0.00208190 
0.00208560 
0.00205500 
0.00205000 
0.00204370 
0.00202760 
0.00202620 
0.00201960 
0.00201150 
0.00201010 
0.00201010 
0.00201340 
0.00201000 
0.00201250 
0.00201260 
0.00201140 
0.00201020 
0.00201180 
0.00202470 
0.00203300 
0.00203500 
0.00203530 
0.00203740 
0.00204510 
0.00204840 
0.00205850 
0.00207740 
0.00208010 
0.00208340 
0.00206630 
0.00204570 
0.00205370 
0.00204160 
0.00204940 
0.00202600 
0.00202450 
0.00202450 
0.00202000 
0.00201520 
0.00201340 
0.00202000 
0.00202000 
0.00201190 
0.00201020 
0.00201420 
0.00201270 
0.00201870 
0.00201910 
0.00201370 
0.00201370 
0.00201340 
0.00202390 
0.00203010 
0.00203750 
0.00203200 
0.00203010 
0.00203010 
0.00203010 
0.00203760 
0.00204660 
0.00204300 
0.00204520 
0.00203700 
0.00203910 
0.00204100 
0.00204790 
0.00204920 
0.00205000 
0.00205000 
0.00205030 
0.00205020 
0.00205000 
0.00205500 
0.00205430 
0.00206730 
0.00206170 
0.00206890 
0.00206870 
0.00206500 
0.00207570 
0.00206770 
0.00208750 
0.00208780 
0.00210010 
0.00210020 
0.00210200 
0.00210550 
0.00210550 
0.00210580 
0.00210010 
0.00210010 
0.00210000 
0.00210010 
0.00210050 
0.00210570 
0.00210020 
0.00210020 
0.00210080 
0.00211330 
0.00210570 
0.00210020 
0.00210820 
0.00211760 
0.00212000 
0.00210080 
0.00210400 
0.00210030 
0.00210760 
0.00210110 
0.00211110 
0.00211850 
0.00212110 
0.00212500 
0.00213040 
0.00212590 
0.00214540 
0.00213130 
0.00213410 
0.00213900 
0.00214420 
0.00214800 
0.00214410 
0.00213940 
0.00214580 
0.00214930 
0.00214960 
0.00214560 
0.00214470 
0.00215990 
0.00215970 
0.00215510 
0.00216100 
0.00216050 
0.00216430 
0.00216960 
0.00217480 
0.00218090 
0.00218330 
0.00218490 
0.00218180 
0.00218150 
0.00218140 
0.00217580 
0.00217570 
0.00217450 
0.00217440 
0.00216100 
0.00215950 
0.00215000 
0.00216070 
0.00216800 
0.00216210 
0.00215660 
0.00215720 
0.00215300 
0.00215150 
0.00214600 
0.00214170 
0.00215830 
0.00216440 
0.00216610 
0.00217330 
0.00215220 
0.00215210 
0.00216390 
0.00214870 
0.00216130 
0.00215770 
0.00216040 
0.00217590 
0.00218610 
0.00219210 
0.00220090 
0.00220970 
0.00221430 
0.00221430 
0.00221360 
0.00221500 
0.00221620 
0.00222120 
0.00221530 
0.00221500 
0.00222100 
0.00221290 
0.00221030 
0.00221320 
0.00221160 
0.00221840 
0.00221580 
0.00221360 
0.00220950 
0.00221090 
0.00221430 
