500.59000000 
1191.21000000 
788.69000000 
412.69000000 
1744.79000000 
2085.91000000 
570.06000000 
664.18000000 
155.97000000 
1440.15000000 
770.18000000 
502.32000000 
826.54000000 
1541.44000000 
2093.35000000 
2394.47000000 
1866.88000000 
2396.88000000 
2202.20000000 
1114.57000000 
917.74000000 
1331.99000000 
1545.25000000 
1278.45000000 
714.46000000 
1791.22000000 
1300.86000000 
936.16000000 
922.18000000 
1157.07000000 
1603.82000000 
1788.37000000 
892.07000000 
2456.76000000 
589.03000000 
2078.26000000 
1910.98000000 
636.31000000 
206.31000000 
582.02000000 
159.24000000 
480.85000000 
411.53000000 
286.28000000 
335.97000000 
139.32000000 
528.83000000 
754.35000000 
662.04000000 
592.50000000 
110.79000000 
56.88000000 
158.48000000 
467.18000000 
666.83000000 
195.31000000 
692.64000000 
351.22000000 
592.97000000 
220.22000000 
424.16000000 
624.85000000 
518.88000000 
953.70000000 
2110.48000000 
262.86000000 
444.75000000 
1298.47000000 
1032.35000000 
298.56000000 
654.07000000 
225.11000000 
546.01000000 
772.20000000 
224.60000000 
618.65000000 
123.42000000 
656.28000000 
471.95000000 
589.36000000 
467.28000000 
825.42000000 
748.24000000 
490.70000000 
834.82000000 
164.69000000 
313.16000000 
265.81000000 
1156.69000000 
270.69000000 
292.86000000 
37.77000000 
410.77000000 
519.48000000 
269.28000000 
519.28000000 
1653.32000000 
203.75000000 
306.93000000 
658.15000000 
756.67000000 
3453.13000000 
1360.41000000 
1355.71000000 
853.33000000 
366.19000000 
1793.72000000 
693.45000000 
119.19000000 
99.97000000 
390.28000000 
246.58000000 
218.93000000 
476.13000000 
1194.62000000 
804.93000000 
2224.91000000 
417.42000000 
1950.23000000 
1962.18000000 
947.62000000 
1833.49000000 
986.74000000 
1485.87000000 
469.43000000 
1186.26000000 
726.92000000 
925.43000000 
429.45000000 
279.32000000 
261.83000000 
663.01000000 
494.82000000 
221.53000000 
753.97000000 
423.56000000 
2018.55000000 
2627.73000000 
376.60000000 
1986.32000000 
3550.23000000 
1833.99000000 
1465.55000000 
1757.68000000 
6268.83000000 
1174.51000000 
1661.26000000 
1044.18000000 
701.62000000 
183.05000000 
1454.23000000 
1687.56000000 
977.12000000 
2577.86000000 
844.05000000 
1371.21000000 
1941.41000000 
693.90000000 
1563.87000000 
811.86000000 
510.49000000 
366.79000000 
168.52000000 
723.80000000 
812.95000000 
536.77000000 
706.98000000 
1279.73000000 
842.65000000 
562.73000000 
356.90000000 
1887.76000000 
604.19000000 
1695.68000000 
428.87000000 
1465.21000000 
496.05000000 
483.34000000 
250.14000000 
543.15000000 
373.93000000 
1196.54000000 
283.29000000 
412.86000000 
404.56000000 
1281.76000000 
2313.01000000 
461.27000000 
1055.56000000 
1492.49000000 
1432.85000000 
459.13000000 
1096.52000000 
194.44000000 
334.98000000 
111.39000000 
398.96000000 
517.04000000 
95.28000000 
383.69000000 
316.70000000 
1338.02000000 
240.44000000 
878.36000000 
632.27000000 
1179.11000000 
5167.73000000 
51.85000000 
872.06000000 
519.64000000 
225.98000000 
281.06000000 
594.17000000 
1335.23000000 
144.77000000 
337.58000000 
1795.28000000 
440.74000000 
726.09000000 
252.67000000 
312.68000000 
548.04000000 
928.09000000 
2319.57000000 
2860.62000000 
3058.88000000 
1203.71000000 
652.17000000 
3068.49000000 
1407.36000000 
376.77000000 
802.63000000 
765.67000000 
944.23000000 
1412.06000000 
2826.67000000 
3117.94000000 
5558.55000000 
2312.93000000 
1598.09000000 
1454.51000000 
1521.15000000 
1762.26000000 
1100.81000000 
2008.77000000 
2185.97000000 
1453.78000000 
1093.27000000 
2642.45000000 
489.65000000 
423.33000000 
1227.13000000 
359.23000000 
437.59000000 
77.24000000 
1368.29000000 
230.69000000 
543.78000000 
841.99000000 
448.47000000 
503.58000000 
607.85000000 
1105.85000000 
380.35000000 
531.50000000 
1264.93000000 
828.04000000 
837.41000000 
864.43000000 
249.62000000 
635.53000000 
192.39000000 
856.90000000 
1248.84000000 
2044.51000000 
155.12000000 
925.00000000 
770.06000000 
1024.23000000 
1217.83000000 
1764.31000000 
1654.61000000 
657.39000000 
1110.28000000 
108.37000000 
131.30000000 
240.94000000 
1336.54000000 
1712.04000000 
920.54000000 
1082.39000000 
437.77000000 
1464.23000000 
815.87000000 
580.82000000 
699.88000000 
902.65000000 
691.75000000 
990.34000000 
1208.90000000 
1079.00000000 
160.22000000 
229.45000000 
483.86000000 
2432.28000000 
462.85000000 
609.07000000 
522.74000000 
235.10000000 
356.19000000 
950.88000000 
1175.97000000 
1166.53000000 
726.61000000 
288.09000000 
617.01000000 
1735.62000000 
606.74000000 
368.29000000 
1177.57000000 
1928.28000000 
1437.40000000 
398.60000000 
119.18000000 
319.10000000 
829.97000000 
1962.43000000 
2240.18000000 
747.88000000 
3408.00000000 
3841.47000000 
842.75000000 
602.22000000 
169.04000000 
333.46000000 
855.13000000 
322.56000000 
127.13000000 
1201.31000000 
1183.26000000 
398.55000000 
1274.28000000 
589.67000000 
288.69000000 
864.63000000 
328.42000000 
98.32000000 
1092.25000000 
462.92000000 
834.52000000 
427.01000000 
1165.18000000 
587.94000000 
216.73000000 
1003.57000000 
389.76000000 
426.76000000 
1323.54000000 
1317.01000000 
1380.97000000 
212.09000000 
1164.97000000 
512.40000000 
1446.51000000 
1889.56000000 
3331.26000000 
1786.63000000 
698.97000000 
532.62000000 
921.78000000 
1327.84000000 
350.34000000 
676.51000000 
182.75000000 
679.25000000 
2083.91000000 
1504.79000000 
717.86000000 
2514.75000000 
2779.15000000 
631.76000000 
1205.20000000 
1666.50000000 
1146.30000000 
1113.10000000 
207.91000000 
1896.02000000 
744.33000000 
1587.38000000 
981.03000000 
614.73000000 
1515.90000000 
591.62000000 
2326.28000000 
1244.73000000 
2287.55000000 
667.27000000 
366.27000000 
3640.73000000 
1164.46000000 
1648.72000000 
499.97000000 
345.04000000 
941.59000000 
948.03000000 
628.88000000 
359.34000000 
360.53000000 
20.60000000 
527.42000000 
921.76000000 
378.83000000 
815.06000000 
350.01000000 
593.89000000 
162.57000000 
668.95000000 
93.98000000 
123.08000000 
764.47000000 
296.18000000 
667.37000000 
235.82000000 
740.69000000 
540.94000000 
983.49000000 
957.76000000 
1077.20000000 
364.16000000 
638.29000000 
805.92000000 
238.15000000 
326.11000000 
323.37000000 
36.98000000 
307.50000000 
962.04000000 
181.98000000 
425.13000000 
994.38000000 
2499.44000000 
416.40000000 
345.81000000 
265.68000000 
1248.37000000 
3894.73000000 
600.02000000 
250.40000000 
643.29000000 
1030.51000000 
1077.39000000 
248.25000000 
256.03000000 
818.20000000 
520.50000000 
1019.92000000 
3023.49000000 
1310.40000000 
315.16000000 
1954.66000000 
606.17000000 
1537.29000000 
359.45000000 
119.86000000 
195.10000000 
1831.31000000 
1163.53000000 
913.02000000 
899.18000000 
626.46000000 
165.83000000 
42.35000000 
958.40000000 
562.26000000 
341.08000000 
654.37000000 
364.88000000 
216.32000000 
60.41000000 
368.73000000 
528.25000000 
1191.21000000 
788.69000000 
412.69000000 
1744.79000000 
2085.91000000 
570.06000000 
664.18000000 
155.97000000 
1440.15000000 
770.18000000 
502.32000000 
826.54000000 
1541.44000000 
2093.35000000 
2394.47000000 
1866.88000000 
2396.88000000 
2202.20000000 
1114.57000000 
917.74000000 
1331.99000000 
1545.25000000 
1278.45000000 
714.46000000 
1791.22000000 
1300.86000000 
936.16000000 
922.18000000 
1157.07000000 
1603.82000000 
1788.37000000 
892.07000000 
2456.76000000 
589.03000000 
2078.26000000 
1910.98000000 
636.31000000 
206.31000000 
582.02000000 
159.24000000 
480.85000000 
411.53000000 
286.28000000 
335.97000000 
139.32000000 
528.83000000 
754.35000000 
662.04000000 
592.50000000 
110.79000000 
56.88000000 
158.48000000 
467.18000000 
666.83000000 
195.31000000 
692.64000000 
351.22000000 
592.97000000 
220.22000000 
424.16000000 
624.85000000 
518.88000000 
953.70000000 
2110.48000000 
262.86000000 
444.75000000 
1298.47000000 
1032.35000000 
298.56000000 
654.07000000 
225.11000000 
546.01000000 
772.20000000 
224.60000000 
618.65000000 
123.42000000 
656.28000000 
471.95000000 
589.36000000 
467.28000000 
825.42000000 
748.24000000 
490.70000000 
834.82000000 
164.69000000 
313.16000000 
265.81000000 
1156.69000000 
270.69000000 
292.86000000 
37.77000000 
410.77000000 
519.48000000 
269.28000000 
519.28000000 
1653.32000000 
203.75000000 
306.93000000 
658.15000000 
756.67000000 
3453.13000000 
1360.41000000 
1355.71000000 
853.33000000 
366.19000000 
1793.72000000 
693.45000000 
119.19000000 
99.97000000 
390.28000000 
246.58000000 
218.93000000 
476.13000000 
1194.62000000 
804.93000000 
2224.91000000 
417.42000000 
1950.23000000 
1962.18000000 
947.62000000 
1833.49000000 
986.74000000 
1485.87000000 
469.43000000 
1186.26000000 
726.92000000 
925.43000000 
429.45000000 
279.32000000 
261.83000000 
663.01000000 
494.82000000 
221.53000000 
753.97000000 
423.56000000 
2018.55000000 
2627.73000000 
376.60000000 
1986.32000000 
3550.23000000 
1833.99000000 
1465.55000000 
1757.68000000 
6268.83000000 
1174.51000000 
1661.26000000 
1044.18000000 
701.62000000 
183.05000000 
1454.23000000 
1687.56000000 
977.12000000 
2577.86000000 
844.05000000 
1371.21000000 
1941.41000000 
693.90000000 
1563.87000000 
811.86000000 
510.49000000 
366.79000000 
168.52000000 
723.80000000 
812.95000000 
536.77000000 
706.98000000 
1279.73000000 
842.65000000 
562.73000000 
356.90000000 
1887.76000000 
604.19000000 
1695.68000000 
428.87000000 
1465.21000000 
496.05000000 
483.34000000 
250.14000000 
543.15000000 
373.93000000 
1196.54000000 
283.29000000 
412.86000000 
404.56000000 
1281.76000000 
2313.01000000 
461.27000000 
1055.56000000 
1492.49000000 
1432.85000000 
459.13000000 
1096.52000000 
194.44000000 
334.98000000 
111.39000000 
398.96000000 
517.04000000 
95.28000000 
383.69000000 
316.70000000 
1338.02000000 
240.44000000 
878.36000000 
632.27000000 
1179.11000000 
5167.73000000 
51.85000000 
872.06000000 
519.64000000 
225.98000000 
281.06000000 
594.17000000 
1335.23000000 
144.77000000 
337.58000000 
1795.28000000 
440.74000000 
726.09000000 
252.67000000 
312.68000000 
548.04000000 
928.09000000 
2319.57000000 
2860.62000000 
3058.88000000 
1203.71000000 
652.17000000 
3068.49000000 
1407.36000000 
376.77000000 
802.63000000 
765.67000000 
944.23000000 
1412.06000000 
2826.67000000 
3117.94000000 
5558.55000000 
2312.93000000 
1598.09000000 
1454.51000000 
1521.15000000 
1762.26000000 
1100.81000000 
2008.77000000 
2185.97000000 
1453.78000000 
1093.27000000 
2642.45000000 
489.65000000 
423.33000000 
1227.13000000 
359.23000000 
437.59000000 
77.24000000 
1368.29000000 
230.69000000 
543.78000000 
841.99000000 
448.47000000 
503.58000000 
607.85000000 
1105.85000000 
380.35000000 
531.50000000 
1264.93000000 
828.04000000 
837.41000000 
864.43000000 
249.62000000 
635.53000000 
192.39000000 
856.90000000 
1248.84000000 
2044.51000000 
155.12000000 
925.00000000 
770.06000000 
1024.23000000 
1217.83000000 
1764.31000000 
1654.61000000 
657.39000000 
1110.28000000 
108.37000000 
131.30000000 
240.94000000 
1336.54000000 
1712.04000000 
920.54000000 
1082.39000000 
437.77000000 
1464.23000000 
815.87000000 
580.82000000 
699.88000000 
902.65000000 
691.75000000 
990.34000000 
1208.90000000 
1079.00000000 
160.22000000 
229.45000000 
483.86000000 
2432.28000000 
462.85000000 
609.07000000 
522.74000000 
235.10000000 
356.19000000 
950.88000000 
1175.97000000 
1166.53000000 
726.61000000 
288.09000000 
617.01000000 
1735.62000000 
606.74000000 
368.29000000 
1177.57000000 
1928.28000000 
1437.40000000 
398.60000000 
119.18000000 
319.10000000 
829.97000000 
1962.43000000 
2240.18000000 
747.88000000 
3408.00000000 
3841.47000000 
842.75000000 
602.22000000 
169.04000000 
333.46000000 
855.13000000 
322.56000000 
127.13000000 
1201.31000000 
1183.26000000 
398.55000000 
1274.28000000 
589.67000000 
288.69000000 
864.63000000 
328.42000000 
98.32000000 
1092.25000000 
462.92000000 
834.52000000 
427.01000000 
1165.18000000 
587.94000000 
216.73000000 
1003.57000000 
389.76000000 
426.76000000 
1323.54000000 
1317.01000000 
1380.97000000 
212.09000000 
1164.97000000 
512.40000000 
1446.51000000 
1889.56000000 
3331.26000000 
1786.63000000 
698.97000000 
532.62000000 
921.78000000 
1327.84000000 
350.34000000 
676.51000000 
182.75000000 
679.25000000 
2083.91000000 
1504.79000000 
717.86000000 
2514.75000000 
2779.15000000 
631.76000000 
1205.20000000 
1666.50000000 
1146.30000000 
1113.10000000 
207.91000000 
1896.02000000 
744.33000000 
1587.38000000 
981.03000000 
614.73000000 
1515.90000000 
591.62000000 
2326.28000000 
1244.73000000 
2287.55000000 
667.27000000 
366.27000000 
3640.73000000 
1164.46000000 
1648.72000000 
499.97000000 
345.04000000 
941.59000000 
948.03000000 
628.88000000 
359.34000000 
360.53000000 
20.60000000 
527.42000000 
921.76000000 
378.83000000 
815.06000000 
350.01000000 
593.89000000 
162.57000000 
668.95000000 
93.98000000 
123.08000000 
764.47000000 
296.18000000 
667.37000000 
235.82000000 
740.69000000 
540.94000000 
983.49000000 
957.76000000 
1077.20000000 
364.16000000 
638.29000000 
805.92000000 
238.15000000 
326.11000000 
323.37000000 
36.98000000 
307.50000000 
962.04000000 
181.98000000 
425.13000000 
994.38000000 
2499.44000000 
416.40000000 
345.81000000 
265.68000000 
1248.37000000 
3894.73000000 
600.02000000 
250.40000000 
643.29000000 
1030.51000000 
1077.39000000 
248.25000000 
256.03000000 
818.20000000 
520.50000000 
1019.92000000 
3023.49000000 
1310.40000000 
315.16000000 
1954.66000000 
606.17000000 
1537.29000000 
359.45000000 
119.86000000 
195.10000000 
1831.31000000 
1163.53000000 
913.02000000 
899.18000000 
626.46000000 
165.83000000 
42.35000000 
958.40000000 
562.26000000 
341.08000000 
654.37000000 
364.88000000 
216.32000000 
60.41000000 
368.73000000 
608.53000000 
1191.21000000 
788.69000000 
412.69000000 
1744.79000000 
2085.91000000 
570.06000000 
664.18000000 
155.97000000 
1440.15000000 
770.18000000 
502.32000000 
826.54000000 
1541.44000000 
2093.35000000 
2394.47000000 
1866.88000000 
2396.88000000 
2202.20000000 
1114.57000000 
917.74000000 
1331.99000000 
1545.25000000 
1278.45000000 
714.46000000 
1791.22000000 
1300.86000000 
936.16000000 
922.18000000 
1157.07000000 
1603.82000000 
1788.37000000 
892.07000000 
2456.76000000 
589.03000000 
2078.26000000 
1910.98000000 
636.31000000 
206.31000000 
582.02000000 
159.24000000 
480.85000000 
411.53000000 
286.28000000 
335.97000000 
139.32000000 
528.83000000 
754.35000000 
662.04000000 
592.50000000 
110.79000000 
56.88000000 
158.48000000 
467.18000000 
666.83000000 
195.31000000 
692.64000000 
351.22000000 
592.97000000 
220.22000000 
424.16000000 
624.85000000 
518.88000000 
953.70000000 
2110.48000000 
262.86000000 
444.75000000 
1298.47000000 
1032.35000000 
298.56000000 
654.07000000 
225.11000000 
546.01000000 
772.20000000 
224.60000000 
618.65000000 
123.42000000 
656.28000000 
471.95000000 
589.36000000 
467.28000000 
825.42000000 
748.24000000 
490.70000000 
834.82000000 
164.69000000 
313.16000000 
265.81000000 
1156.69000000 
270.69000000 
292.86000000 
37.77000000 
410.77000000 
519.48000000 
269.28000000 
519.28000000 
1653.32000000 
203.75000000 
306.93000000 
658.15000000 
756.67000000 
3453.13000000 
1360.41000000 
1355.71000000 
853.33000000 
366.19000000 
1793.72000000 
693.45000000 
119.19000000 
99.97000000 
390.28000000 
246.58000000 
218.93000000 
476.13000000 
1194.62000000 
804.93000000 
2224.91000000 
417.42000000 
1950.23000000 
1962.18000000 
947.62000000 
1833.49000000 
986.74000000 
1485.87000000 
469.43000000 
1186.26000000 
726.92000000 
925.43000000 
429.45000000 
279.32000000 
261.83000000 
663.01000000 
494.82000000 
221.53000000 
753.97000000 
423.56000000 
2018.55000000 
2627.73000000 
376.60000000 
1986.32000000 
3550.23000000 
1833.99000000 
1465.55000000 
1757.68000000 
6268.83000000 
1174.51000000 
1661.26000000 
1044.18000000 
701.62000000 
183.05000000 
1454.23000000 
1687.56000000 
977.12000000 
2577.86000000 
844.05000000 
1371.21000000 
1941.41000000 
693.90000000 
1563.87000000 
811.86000000 
510.49000000 
366.79000000 
168.52000000 
723.80000000 
812.95000000 
536.77000000 
706.98000000 
1279.73000000 
842.65000000 
562.73000000 
356.90000000 
1887.76000000 
604.19000000 
1695.68000000 
428.87000000 
1465.21000000 
496.05000000 
483.34000000 
250.14000000 
543.15000000 
373.93000000 
1196.54000000 
283.29000000 
412.86000000 
404.56000000 
1281.76000000 
2313.01000000 
461.27000000 
1055.56000000 
1492.49000000 
1432.85000000 
459.13000000 
1096.52000000 
194.44000000 
334.98000000 
111.39000000 
398.96000000 
517.04000000 
95.28000000 
383.69000000 
316.70000000 
1338.02000000 
240.44000000 
878.36000000 
632.27000000 
1179.11000000 
5167.73000000 
51.85000000 
872.06000000 
519.64000000 
225.98000000 
281.06000000 
594.17000000 
1335.23000000 
144.77000000 
337.58000000 
1795.28000000 
440.74000000 
726.09000000 
252.67000000 
312.68000000 
548.04000000 
928.09000000 
2319.57000000 
2860.62000000 
3058.88000000 
1203.71000000 
652.17000000 
3068.49000000 
1407.36000000 
376.77000000 
802.63000000 
765.67000000 
944.23000000 
1412.06000000 
2826.67000000 
3117.94000000 
5558.55000000 
2312.93000000 
1598.09000000 
1454.51000000 
1521.15000000 
1762.26000000 
1100.81000000 
2008.77000000 
2185.97000000 
1453.78000000 
1093.27000000 
2642.45000000 
489.65000000 
423.33000000 
1227.13000000 
359.23000000 
437.59000000 
77.24000000 
1368.29000000 
230.69000000 
543.78000000 
841.99000000 
448.47000000 
503.58000000 
607.85000000 
1105.85000000 
380.35000000 
531.50000000 
1264.93000000 
828.04000000 
837.41000000 
864.43000000 
249.62000000 
635.53000000 
192.39000000 
856.90000000 
1248.84000000 
2044.51000000 
155.12000000 
925.00000000 
770.06000000 
1024.23000000 
1217.83000000 
1764.31000000 
1654.61000000 
657.39000000 
1110.28000000 
108.37000000 
131.30000000 
240.94000000 
1336.54000000 
1712.04000000 
920.54000000 
1082.39000000 
437.77000000 
1464.23000000 
815.87000000 
580.82000000 
699.88000000 
902.65000000 
691.75000000 
990.34000000 
1208.90000000 
1079.00000000 
160.22000000 
229.45000000 
483.86000000 
2432.28000000 
462.85000000 
609.07000000 
522.74000000 
235.10000000 
356.19000000 
950.88000000 
1175.97000000 
1166.53000000 
726.61000000 
288.09000000 
617.01000000 
1735.62000000 
606.74000000 
368.29000000 
1177.57000000 
1928.28000000 
1437.40000000 
398.60000000 
119.18000000 
319.10000000 
829.97000000 
1962.43000000 
2240.18000000 
747.88000000 
3408.00000000 
3841.47000000 
842.75000000 
602.22000000 
169.04000000 
333.46000000 
855.13000000 
322.56000000 
127.13000000 
1201.31000000 
1183.26000000 
398.55000000 
1274.28000000 
589.67000000 
288.69000000 
864.63000000 
328.42000000 
98.32000000 
1092.25000000 
462.92000000 
834.52000000 
427.01000000 
1165.18000000 
587.94000000 
216.73000000 
1003.57000000 
389.76000000 
426.76000000 
1323.54000000 
1317.01000000 
1380.97000000 
212.09000000 
1164.97000000 
512.40000000 
1446.51000000 
1889.56000000 
3331.26000000 
1786.63000000 
698.97000000 
532.62000000 
921.78000000 
1327.84000000 
350.34000000 
676.51000000 
182.75000000 
679.25000000 
2083.91000000 
1504.79000000 
717.86000000 
2514.75000000 
2779.15000000 
631.76000000 
1205.20000000 
1666.50000000 
1146.30000000 
1113.10000000 
207.91000000 
1896.02000000 
744.33000000 
1587.38000000 
981.03000000 
614.73000000 
1515.90000000 
591.62000000 
2326.28000000 
1244.73000000 
2287.55000000 
667.27000000 
366.27000000 
3640.73000000 
1164.46000000 
1648.72000000 
499.97000000 
345.04000000 
941.59000000 
948.03000000 
628.88000000 
359.34000000 
360.53000000 
20.60000000 
527.42000000 
921.76000000 
378.83000000 
815.06000000 
350.01000000 
593.89000000 
162.57000000 
668.95000000 
93.98000000 
123.08000000 
764.47000000 
296.18000000 
667.37000000 
235.82000000 
740.69000000 
540.94000000 
983.49000000 
957.76000000 
1077.20000000 
364.16000000 
638.29000000 
805.92000000 
238.15000000 
326.11000000 
323.37000000 
36.98000000 
307.50000000 
962.04000000 
181.98000000 
425.13000000 
994.38000000 
2499.44000000 
416.40000000 
345.81000000 
265.68000000 
1248.37000000 
3894.73000000 
600.02000000 
250.40000000 
643.29000000 
1030.51000000 
1077.39000000 
248.25000000 
256.03000000 
818.20000000 
520.50000000 
1019.92000000 
3023.49000000 
1310.40000000 
315.16000000 
1954.66000000 
606.17000000 
1537.29000000 
359.45000000 
119.86000000 
195.10000000 
1831.31000000 
1163.53000000 
913.02000000 
899.18000000 
626.46000000 
165.83000000 
42.35000000 
958.40000000 
562.26000000 
341.08000000 
654.37000000 
364.88000000 
216.32000000 
60.41000000 
368.73000000 
