15.29000000 
55.79000000 
389.66000000 
141.22000000 
348.34000000 
426.05000000 
478.16000000 
93.95000000 
109.49000000 
201.31000000 
104.11000000 
469.73000000 
188.98000000 
275.50000000 
143.22000000 
135.33000000 
441.40000000 
294.92000000 
351.98000000 
394.89000000 
178.04000000 
310.18000000 
264.96000000 
91.02000000 
164.18000000 
155.09000000 
325.67000000 
116.39000000 
36.67000000 
83.39000000 
204.93000000 
173.33000000 
136.41000000 
101.79000000 
91.20000000 
120.08000000 
219.03000000 
156.51000000 
51.39000000 
37.50000000 
56.37000000 
67.14000000 
166.73000000 
105.64000000 
81.30000000 
148.54000000 
415.50000000 
258.58000000 
443.39000000 
235.87000000 
76.07000000 
255.38000000 
198.04000000 
327.09000000 
339.21000000 
164.11000000 
188.57000000 
184.68000000 
157.00000000 
375.69000000 
80.94000000 
268.21000000 
418.69000000 
295.55000000 
145.28000000 
93.33000000 
397.03000000 
370.66000000 
289.29000000 
110.41000000 
157.84000000 
157.68000000 
205.92000000 
171.46000000 
154.92000000 
157.43000000 
340.07000000 
1291.64000000 
506.51000000 
359.34000000 
343.32000000 
355.15000000 
241.89000000 
312.20000000 
76.43000000 
142.03000000 
108.26000000 
268.83000000 
214.76000000 
436.91000000 
260.07000000 
285.95000000 
184.58000000 
244.29000000 
1118.25000000 
95.33000000 
128.27000000 
206.93000000 
433.46000000 
66.90000000 
94.13000000 
169.60000000 
118.10000000 
465.24000000 
404.02000000 
275.97000000 
155.17000000 
156.19000000 
150.92000000 
288.48000000 
159.18000000 
176.98000000 
148.12000000 
110.70000000 
187.75000000 
118.77000000 
158.72000000 
94.53000000 
191.35000000 
202.35000000 
397.61000000 
143.00000000 
106.13000000 
329.40000000 
47.92000000 
127.82000000 
61.48000000 
134.47000000 
25.80000000 
88.93000000 
109.14000000 
63.55000000 
49.27000000 
55.46000000 
38.29000000 
71.33000000 
79.06000000 
128.08000000 
429.34000000 
61.98000000 
57.45000000 
119.93000000 
158.85000000 
74.71000000 
97.32000000 
525.61000000 
141.66000000 
47.62000000 
50.23000000 
173.37000000 
64.64000000 
53.87000000 
108.40000000 
145.97000000 
96.73000000 
57.31000000 
284.21000000 
234.55000000 
104.94000000 
123.64000000 
300.45000000 
105.11000000 
54.20000000 
109.97000000 
282.07000000 
159.14000000 
67.03000000 
170.58000000 
53.83000000 
32.12000000 
56.98000000 
103.47000000 
201.25000000 
136.95000000 
110.07000000 
26.18000000 
61.95000000 
53.26000000 
30.15000000 
79.05000000 
36.48000000 
87.96000000 
54.77000000 
131.39000000 
19.90000000 
146.78000000 
81.26000000 
107.29000000 
90.61000000 
124.65000000 
125.36000000 
172.65000000 
69.51000000 
69.26000000 
96.57000000 
56.52000000 
47.58000000 
99.39000000 
59.75000000 
80.71000000 
118.61000000 
68.97000000 
44.55000000 
86.77000000 
52.26000000 
70.22000000 
48.45000000 
31.06000000 
131.17000000 
16.92000000 
76.29000000 
99.74000000 
70.26000000 
200.79000000 
76.97000000 
62.67000000 
27.15000000 
10.54000000 
283.68000000 
62.31000000 
69.52000000 
142.25000000 
118.28000000 
92.53000000 
78.04000000 
32.74000000 
30.82000000 
54.78000000 
59.64000000 
76.34000000 
75.68000000 
24.30000000 
48.32000000 
83.07000000 
36.01000000 
37.85000000 
70.51000000 
399.74000000 
122.35000000 
59.57000000 
102.69000000 
16.68000000 
148.04000000 
67.64000000 
267.00000000 
119.87000000 
142.02000000 
46.37000000 
53.28000000 
38.68000000 
101.33000000 
142.07000000 
105.37000000 
163.66000000 
194.82000000 
98.19000000 
130.80000000 
83.66000000 
114.47000000 
47.27000000 
173.14000000 
55.41000000 
43.49000000 
108.37000000 
145.98000000 
70.90000000 
130.96000000 
89.59000000 
30.59000000 
215.16000000 
204.46000000 
73.09000000 
79.03000000 
174.65000000 
194.57000000 
116.53000000 
101.80000000 
74.60000000 
103.79000000 
21.70000000 
81.26000000 
44.15000000 
101.19000000 
69.15000000 
65.71000000 
115.97000000 
2.96000000 
56.55000000 
38.97000000 
115.91000000 
114.49000000 
86.50000000 
71.80000000 
62.20000000 
216.99000000 
125.07000000 
172.41000000 
49.80000000 
43.89000000 
244.22000000 
129.82000000 
52.18000000 
106.65000000 
94.48000000 
91.42000000 
108.77000000 
180.39000000 
63.06000000 
168.96000000 
125.12000000 
113.39000000 
251.10000000 
131.04000000 
59.85000000 
82.13000000 
267.98000000 
71.52000000 
171.02000000 
101.97000000 
85.59000000 
200.71000000 
125.40000000 
232.07000000 
143.17000000 
63.82000000 
96.72000000 
119.37000000 
221.31000000 
136.94000000 
137.68000000 
116.31000000 
84.51000000 
283.29000000 
434.31000000 
91.10000000 
269.89000000 
296.96000000 
304.89000000 
108.12000000 
110.38000000 
213.97000000 
616.76000000 
144.81000000 
114.40000000 
127.02000000 
89.93000000 
134.00000000 
152.64000000 
148.48000000 
168.60000000 
99.18000000 
306.05000000 
471.54000000 
169.29000000 
197.53000000 
134.19000000 
193.62000000 
187.24000000 
70.76000000 
144.19000000 
51.57000000 
152.49000000 
512.88000000 
151.84000000 
134.40000000 
127.50000000 
132.85000000 
358.04000000 
268.91000000 
173.57000000 
203.23000000 
218.57000000 
278.68000000 
273.72000000 
82.71000000 
798.70000000 
525.19000000 
443.43000000 
283.64000000 
162.00000000 
266.18000000 
253.12000000 
363.77000000 
211.15000000 
269.53000000 
240.88000000 
258.02000000 
137.83000000 
268.36000000 
244.15000000 
101.91000000 
137.24000000 
131.41000000 
277.39000000 
208.22000000 
273.68000000 
172.97000000 
201.96000000 
187.24000000 
404.96000000 
112.72000000 
87.46000000 
122.92000000 
176.80000000 
31.25000000 
358.07000000 
160.06000000 
103.88000000 
189.43000000 
199.95000000 
151.88000000 
64.77000000 
122.94000000 
100.93000000 
96.05000000 
70.06000000 
85.58000000 
69.88000000 
115.87000000 
153.53000000 
193.19000000 
44.22000000 
63.02000000 
144.57000000 
120.15000000 
75.81000000 
79.56000000 
134.98000000 
70.35000000 
249.85000000 
178.80000000 
301.43000000 
84.71000000 
103.17000000 
22.88000000 
249.34000000 
115.75000000 
136.86000000 
293.96000000 
246.27000000 
351.26000000 
342.45000000 
103.92000000 
27.99000000 
40.74000000 
229.42000000 
52.85000000 
121.78000000 
141.73000000 
116.94000000 
101.07000000 
164.55000000 
161.69000000 
64.84000000 
232.84000000 
238.18000000 
178.25000000 
110.78000000 
300.67000000 
129.50000000 
193.78000000 
159.96000000 
65.27000000 
97.71000000 
67.76000000 
231.18000000 
401.29000000 
696.63000000 
203.70000000 
48.19000000 
86.21000000 
629.41000000 
165.92000000 
84.51000000 
201.75000000 
201.86000000 
178.23000000 
482.61000000 
453.81000000 
193.28000000 
359.77000000 
205.03000000 
57.77000000 
166.13000000 
79.06000000 
152.64000000 
48.23000000 
66.14000000 
141.86000000 
122.89000000 
112.00000000 
80.75000000 
62.32000000 
208.68000000 
130.25000000 
87.61000000 
156.22000000 
65.56000000 
122.99000000 
109.65000000 
117.15000000 
162.40000000 
145.82000000 
58.19000000 
70.89000000 
109.57000000 
215.66000000 
306.51000000 
232.88000000 
123.74000000 
98.37000000 
536.62000000 
129.49000000 
170.73000000 
200.38000000 
104.50000000 
222.09000000 
217.83000000 
168.01000000 
266.95000000 
191.42000000 
254.93000000 
183.95000000 
137.55000000 
300.86000000 
203.63000000 
173.25000000 
551.22000000 
162.26000000 
139.31000000 
146.68000000 
257.77000000 
273.42000000 
164.30000000 
239.02000000 
281.82000000 
596.08000000 
266.22000000 
27.71000000 
241.09000000 
370.79000000 
88.13000000 
364.39000000 
208.35000000 
140.12000000 
51.74000000 
53.04000000 
203.93000000 
47.55000000 
100.15000000 
275.97000000 
53.74000000 
38.98000000 
50.51000000 
130.10000000 
82.63000000 
114.54000000 
69.60000000 
83.61000000 
26.60000000 
108.51000000 
129.99000000 
62.53000000 
147.11000000 
69.54000000 
28.90000000 
38.44000000 
33.04000000 
33.54000000 
146.93000000 
57.41000000 
118.08000000 
36.91000000 
37.04000000 
22.95000000 
44.87000000 
20.35000000 
51.51000000 
117.36000000 
18.48000000 
75.88000000 
68.12000000 
38.14000000 
43.04000000 
100.09000000 
68.94000000 
33.12000000 
154.85000000 
155.42000000 
114.75000000 
109.80000000 
152.62000000 
50.62000000 
20.49000000 
60.73000000 
129.01000000 
47.44000000 
191.77000000 
71.15000000 
92.87000000 
94.17000000 
96.57000000 
45.76000000 
105.50000000 
116.33000000 
65.98000000 
31.06000000 
142.46000000 
62.70000000 
104.38000000 
60.56000000 
119.65000000 
49.83000000 
138.82000000 
74.66000000 
92.03000000 
109.53000000 
74.82000000 
66.58000000 
45.51000000 
32.85000000 
58.31000000 
140.91000000 
71.27000000 
106.83000000 
47.24000000 
86.20000000 
47.74000000 
25.28000000 
106.09000000 
32.45000000 
118.69000000 
192.34000000 
141.27000000 
59.76000000 
27.69000000 
88.90000000 
64.16000000 
133.53000000 
85.36000000 
39.26000000 
23.08000000 
49.96000000 
45.79000000 
341.64000000 
77.31000000 
68.24000000 
109.80000000 
158.84000000 
156.69000000 
148.11000000 
50.97000000 
94.24000000 
40.67000000 
82.33000000 
93.45000000 
57.96000000 
71.00000000 
122.22000000 
193.26000000 
90.45000000 
116.63000000 
326.35000000 
200.51000000 
231.06000000 
105.58000000 
37.57000000 
26.87000000 
369.33000000 
34.50000000 
85.64000000 
191.08000000 
111.49000000 
56.89000000 
137.00000000 
119.57000000 
150.08000000 
84.58000000 
32.36000000 
55.56000000 
43.01000000 
122.83000000 
59.19000000 
121.35000000 
57.65000000 
77.47000000 
41.74000000 
64.94000000 
139.13000000 
45.63000000 
240.14000000 
284.33000000 
34.38000000 
331.90000000 
79.37000000 
102.22000000 
158.08000000 
82.23000000 
59.85000000 
89.31000000 
140.71000000 
163.20000000 
49.56000000 
327.08000000 
96.52000000 
251.74000000 
188.91000000 
110.64000000 
57.72000000 
21.12000000 
141.95000000 
164.78000000 
92.77000000 
403.07000000 
78.11000000 
98.47000000 
163.27000000 
635.72000000 
201.96000000 
187.90000000 
76.36000000 
194.22000000 
275.04000000 
282.90000000 
233.64000000 
322.21000000 
78.85000000 
97.32000000 
144.86000000 
151.86000000 
288.81000000 
153.22000000 
359.41000000 
290.52000000 
272.67000000 
99.59000000 
262.32000000 
184.52000000 
653.74000000 
94.87000000 
196.84000000 
535.21000000 
104.93000000 
145.78000000 
43.92000000 
66.92000000 
29.27000000 
33.75000000 
84.63000000 
115.42000000 
49.83000000 
69.62000000 
239.56000000 
318.85000000 
133.52000000 
75.13000000 
290.84000000 
348.49000000 
96.38000000 
211.13000000 
61.29000000 
88.87000000 
54.75000000 
34.94000000 
34.17000000 
238.92000000 
134.32000000 
17.13000000 
143.51000000 
40.94000000 
92.11000000 
46.97000000 
86.07000000 
49.85000000 
41.13000000 
9.43000000 
58.02000000 
49.63000000 
75.37000000 
14.82000000 
65.14000000 
43.16000000 
119.51000000 
73.25000000 
72.62000000 
111.07000000 
140.60000000 
79.40000000 
44.59000000 
103.47000000 
39.68000000 
20.58000000 
35.98000000 
125.90000000 
60.26000000 
77.99000000 
132.08000000 
52.59000000 
90.75000000 
53.09000000 
94.71000000 
14.54000000 
105.94000000 
148.18000000 
146.08000000 
90.09000000 
294.58000000 
2562.73000000 
77.99000000 
52.87000000 
86.48000000 
258.05000000 
65.80000000 
299.86000000 
153.24000000 
95.54000000 
46.30000000 
107.28000000 
65.22000000 
114.78000000 
170.94000000 
282.92000000 
302.03000000 
57.13000000 
324.48000000 
315.40000000 
88.62000000 
50.89000000 
26.99000000 
118.79000000 
47.67000000 
155.16000000 
41.79000000 
12.70000000 
36.41000000 
20.39000000 
109.55000000 
221.57000000 
101.29000000 
542.18000000 
120.70000000 
119.28000000 
129.16000000 
107.19000000 
130.34000000 
135.89000000 
189.75000000 
137.77000000 
201.98000000 
173.15000000 
49.18000000 
28.85000000 
85.03000000 
59.26000000 
277.84000000 
154.44000000 
64.81000000 
102.03000000 
14.46000000 
97.47000000 
35.96000000 
45.87000000 
147.38000000 
20.77000000 
121.88000000 
80.31000000 
85.12000000 
299.89000000 
137.27000000 
32.65000000 
54.32000000 
35.69000000 
214.49000000 
198.50000000 
224.65000000 
97.98000000 
50.45000000 
23.71000000 
70.56000000 
201.95000000 
185.02000000 
205.90000000 
253.67000000 
981.63000000 
271.42000000 
84.17000000 
21.77000000 
35.56000000 
132.58000000 
44.55000000 
130.32000000 
408.57000000 
57.36000000 
43.21000000 
41.31000000 
169.52000000 
113.51000000 
31.13000000 
76.43000000 
58.50000000 
131.82000000 
68.86000000 
137.06000000 
91.53000000 
98.35000000 
49.29000000 
89.76000000 
56.86000000 
68.75000000 
66.31000000 
87.76000000 
201.15000000 
141.11000000 
177.59000000 
494.09000000 
216.00000000 
169.85000000 
183.52000000 
160.57000000 
172.52000000 
103.12000000 
119.92000000 
52.35000000 
147.43000000 
225.16000000 
137.26000000 
133.87000000 
344.23000000 
231.58000000 
40.91000000 
244.42000000 
58.28000000 
115.09000000 
100.26000000 
43.95000000 
80.34000000 
49.64000000 
158.63000000 
196.61000000 
72.08000000 
146.56000000 
200.01000000 
100.17000000 
93.74000000 
100.39000000 
143.82000000 
198.56000000 
304.47000000 
258.19000000 
168.47000000 
93.96000000 
121.49000000 
246.51000000 
149.14000000 
315.21000000 
49.19000000 
277.95000000 
244.80000000 
56.37000000 
119.26000000 
175.14000000 
85.02000000 
133.38000000 
145.31000000 
184.87000000 
150.76000000 
353.83000000 
546.53000000 
580.46000000 
450.11000000 
276.83000000 
239.90000000 
198.88000000 
206.40000000 
320.69000000 
336.42000000 
137.12000000 
95.10000000 
125.80000000 
231.88000000 
468.96000000 
72.68000000 
97.24000000 
82.09000000 
82.40000000 
99.33000000 
101.70000000 
161.97000000 
211.57000000 
436.58000000 
582.50000000 
379.16000000 
271.89000000 
973.76000000 
587.32000000 
452.71000000 
646.62000000 
314.47000000 
293.04000000 
104.58000000 
83.05000000 
456.34000000 
244.30000000 
48.36000000 
216.69000000 
185.25000000 
358.28000000 
264.92000000 
38.99000000 
122.22000000 
57.53000000 
163.50000000 
38.47000000 
80.69000000 
96.65000000 
115.84000000 
114.30000000 
76.85000000 
87.48000000 
214.46000000 
262.15000000 
102.79000000 
94.38000000 
366.28000000 
132.30000000 
46.78000000 
223.04000000 
122.90000000 
162.01000000 
195.38000000 
81.28000000 
36.27000000 
25.05000000 
76.17000000 
21.05000000 
59.91000000 
98.56000000 
116.94000000 
122.90000000 
245.35000000 
303.78000000 
68.78000000 
57.96000000 
72.52000000 
87.11000000 
139.05000000 
180.57000000 
78.08000000 
134.94000000 
130.97000000 
48.94000000 
72.82000000 
115.13000000 
120.94000000 
83.70000000 
185.32000000 
181.62000000 
59.10000000 
57.99000000 
68.11000000 
77.70000000 
21.58000000 
44.69000000 
193.70000000 
76.36000000 
103.87000000 
125.23000000 
261.59000000 
93.67000000 
121.03000000 
110.27000000 
296.60000000 
231.82000000 
67.35000000 
33.88000000 
44.83000000 
38.00000000 
118.17000000 
92.65000000 
163.54000000 
208.94000000 
72.33000000 
57.79000000 
90.24000000 
178.66000000 
29.68000000 
39.52000000 
123.95000000 
67.82000000 
94.50000000 
260.55000000 
46.21000000 
233.82000000 
108.78000000 
17.70000000 
45.70000000 
96.57000000 
40.84000000 
158.77000000 
137.53000000 
60.25000000 
172.79000000 
199.96000000 
137.11000000 
126.88000000 
97.82000000 
154.90000000 
312.68000000 
15.12000000 
335.52000000 
267.29000000 
60.01000000 
256.32000000 
30.77000000 
73.72000000 
32.82000000 
63.84000000 
99.13000000 
25.34000000 
65.68000000 
253.46000000 
220.19000000 
139.89000000 
252.04000000 
269.87000000 
354.41000000 
23.18000000 
76.60000000 
83.43000000 
51.08000000 
47.45000000 
36.33000000 
166.30000000 
31.05000000 
44.68000000 
23.96000000 
27.23000000 
147.74000000 
42.97000000 
51.44000000 
373.56000000 
80.99000000 
33.18000000 
71.57000000 
85.22000000 
356.28000000 
852.68000000 
42.50000000 
68.68000000 
79.64000000 
73.75000000 
103.27000000 
63.12000000 
77.12000000 
84.57000000 
110.56000000 
192.67000000 
117.85000000 
174.88000000 
243.01000000 
516.44000000 
356.55000000 
374.55000000 
70.48000000 
81.41000000 
221.15000000 
42.38000000 
182.74000000 
130.32000000 
101.06000000 
101.54000000 
186.59000000 
131.45000000 
118.64000000 
163.79000000 
379.96000000 
571.20000000 
269.20000000 
126.04000000 
103.39000000 
291.77000000 
146.71000000 
73.60000000 
88.57000000 
65.61000000 
297.82000000 
226.58000000 
70.78000000 
184.09000000 
200.75000000 
108.89000000 
174.46000000 
157.63000000 
413.23000000 
420.20000000 
577.81000000 
252.20000000 
50.27000000 
42.82000000 
62.35000000 
125.18000000 
44.70000000 
200.64000000 
21.16000000 
26.06000000 
156.89000000 
125.51000000 
54.49000000 
241.66000000 
145.75000000 
257.48000000 
183.75000000 
52.74000000 
28.23000000 
144.11000000 
458.62000000 
63.67000000 
148.17000000 
175.31000000 
156.60000000 
42.62000000 
99.24000000 
45.44000000 
116.68000000 
51.00000000 
77.66000000 
159.91000000 
236.44000000 
164.85000000 
122.43000000 
245.73000000 
106.29000000 
565.78000000 
62.78000000 
134.94000000 
46.34000000 
73.02000000 
74.33000000 
70.58000000 
35.86000000 
41.93000000 
69.22000000 
99.47000000 
19.63000000 
72.60000000 
41.75000000 
73.51000000 
35.33000000 
34.59000000 
27.23000000 
16.25000000 
25.79000000 
32.91000000 
12.62000000 
37.34000000 
89.70000000 
49.04000000 
62.20000000 
27.30000000 
33.30000000 
41.73000000 
307.49000000 
109.76000000 
117.78000000 
74.85000000 
170.09000000 
49.03000000 
150.79000000 
112.99000000 
56.98000000 
237.59000000 
92.26000000 
78.24000000 
32.22000000 
225.21000000 
86.27000000 
30.47000000 
56.98000000 
68.41000000 
54.15000000 
68.50000000 
40.33000000 
103.77000000 
138.96000000 
68.79000000 
64.29000000 
55.95000000 
133.56000000 
46.17000000 
81.01000000 
39.30000000 
15.43000000 
23.13000000 
72.95000000 
206.88000000 
86.08000000 
129.16000000 
126.59000000 
66.77000000 
98.07000000 
116.72000000 
131.13000000 
40.49000000 
93.14000000 
188.19000000 
160.94000000 
154.02000000 
195.40000000 
88.52000000 
134.27000000 
56.29000000 
37.67000000 
57.03000000 
116.88000000 
48.36000000 
53.48000000 
57.83000000 
110.80000000 
99.31000000 
21.38000000 
51.05000000 
145.60000000 
69.08000000 
65.69000000 
64.76000000 
64.60000000 
93.62000000 
44.88000000 
55.30000000 
15.69000000 
67.43000000 
97.82000000 
54.22000000 
99.36000000 
223.68000000 
92.74000000 
70.21000000 
63.54000000 
72.54000000 
142.33000000 
317.19000000 
45.38000000 
103.52000000 
114.59000000 
57.75000000 
244.50000000 
32.48000000 
59.39000000 
219.14000000 
124.03000000 
42.12000000 
107.76000000 
229.38000000 
449.84000000 
69.85000000 
96.07000000 
214.73000000 
373.35000000 
101.69000000 
204.61000000 
447.43000000 
46.39000000 
120.48000000 
57.57000000 
62.85000000 
77.11000000 
400.43000000 
350.59000000 
150.52000000 
74.03000000 
256.85000000 
240.08000000 
139.35000000 
176.01000000 
286.62000000 
242.64000000 
121.26000000 
92.18000000 
344.84000000 
40.65000000 
122.45000000 
98.34000000 
74.14000000 
92.25000000 
272.93000000 
139.67000000 
39.54000000 
369.63000000 
45.74000000 
125.90000000 
75.62000000 
198.29000000 
62.65000000 
53.25000000 
48.13000000 
45.81000000 
145.64000000 
155.53000000 
79.42000000 
121.71000000 
170.35000000 
164.32000000 
51.89000000 
74.06000000 
167.46000000 
149.87000000 
165.10000000 
111.06000000 
130.61000000 
54.56000000 
89.09000000 
157.87000000 
180.98000000 
183.67000000 
79.03000000 
60.58000000 
155.62000000 
55.46000000 
114.03000000 
165.71000000 
59.24000000 
38.78000000 
148.18000000 
77.34000000 
36.33000000 
193.97000000 
102.09000000 
121.34000000 
90.88000000 
534.36000000 
223.54000000 
186.37000000 
123.76000000 
61.37000000 
15.93000000 
307.77000000 
250.30000000 
115.50000000 
71.60000000 
148.95000000 
51.88000000 
267.56000000 
148.96000000 
91.53000000 
101.46000000 
76.49000000 
104.39000000 
75.92000000 
185.57000000 
47.80000000 
95.02000000 
70.48000000 
77.48000000 
159.34000000 
130.67000000 
99.13000000 
288.96000000 
222.14000000 
135.96000000 
304.91000000 
339.61000000 
148.76000000 
161.14000000 
51.70000000 
232.84000000 
95.59000000 
181.20000000 
94.61000000 
267.87000000 
239.16000000 
334.43000000 
376.09000000 
376.17000000 
177.97000000 
275.92000000 
187.03000000 
127.14000000 
188.54000000 
205.17000000 
193.17000000 
268.69000000 
96.77000000 
206.24000000 
109.90000000 
119.72000000 
403.77000000 
367.79000000 
746.34000000 
283.05000000 
388.19000000 
128.34000000 
192.23000000 
207.75000000 
271.38000000 
246.12000000 
277.95000000 
286.28000000 
417.57000000 
300.65000000 
716.55000000 
300.29000000 
150.61000000 
215.10000000 
187.22000000 
214.53000000 
237.17000000 
423.95000000 
286.07000000 
291.74000000 
498.61000000 
266.01000000 
511.74000000 
270.72000000 
421.79000000 
414.93000000 
465.95000000 
154.93000000 
217.33000000 
390.27000000 
346.32000000 
471.81000000 
1228.36000000 
294.03000000 
395.88000000 
214.61000000 
235.28000000 
185.61000000 
217.14000000 
124.93000000 
107.02000000 
109.06000000 
128.33000000 
232.44000000 
317.08000000 
180.29000000 
419.85000000 
284.83000000 
692.41000000 
174.05000000 
460.97000000 
150.05000000 
532.61000000 
503.61000000 
626.99000000 
342.88000000 
531.12000000 
497.08000000 
200.01000000 
444.76000000 
235.80000000 
295.21000000 
202.28000000 
392.47000000 
94.02000000 
154.21000000 
289.72000000 
83.77000000 
325.64000000 
253.73000000 
482.42000000 
79.73000000 
234.26000000 
206.30000000 
192.85000000 
135.91000000 
171.98000000 
1853.23000000 
379.05000000 
161.27000000 
122.52000000 
641.78000000 
431.89000000 
467.35000000 
83.94000000 
143.40000000 
303.56000000 
194.24000000 
340.40000000 
188.30000000 
439.61000000 
82.34000000 
171.26000000 
329.38000000 
68.10000000 
207.69000000 
93.55000000 
249.97000000 
151.40000000 
83.24000000 
102.11000000 
155.73000000 
78.56000000 
192.91000000 
428.49000000 
148.39000000 
160.74000000 
81.68000000 
258.22000000 
231.28000000 
100.84000000 
137.42000000 
245.55000000 
177.38000000 
402.60000000 
93.39000000 
156.56000000 
198.14000000 
113.27000000 
178.15000000 
247.64000000 
127.33000000 
234.48000000 
157.49000000 
220.56000000 
85.22000000 
121.50000000 
144.61000000 
63.62000000 
63.78000000 
82.67000000 
215.73000000 
80.07000000 
81.32000000 
86.17000000 
111.11000000 
34.55000000 
76.57000000 
59.73000000 
156.44000000 
49.93000000 
164.54000000 
177.87000000 
212.05000000 
324.53000000 
161.40000000 
568.48000000 
163.89000000 
187.97000000 
119.45000000 
143.27000000 
100.90000000 
109.05000000 
199.18000000 
274.49000000 
228.98000000 
436.18000000 
268.76000000 
209.33000000 
75.85000000 
160.82000000 
196.65000000 
169.60000000 
204.83000000 
101.49000000 
637.38000000 
275.74000000 
123.40000000 
208.69000000 
252.74000000 
74.33000000 
110.98000000 
155.53000000 
253.40000000 
216.73000000 
215.31000000 
109.31000000 
270.79000000 
497.92000000 
523.57000000 
178.48000000 
427.65000000 
195.33000000 
74.88000000 
231.81000000 
137.26000000 
41.06000000 
104.92000000 
116.92000000 
70.92000000 
120.57000000 
120.70000000 
59.71000000 
54.16000000 
102.78000000 
73.00000000 
244.83000000 
128.24000000 
362.24000000 
231.09000000 
99.65000000 
180.22000000 
27.89000000 
103.74000000 
40.82000000 
55.16000000 
118.50000000 
183.29000000 
55.41000000 
218.66000000 
117.82000000 
203.57000000 
114.63000000 
65.64000000 
218.25000000 
104.53000000 
198.55000000 
191.46000000 
129.39000000 
62.46000000 
69.27000000 
58.38000000 
164.22000000 
192.93000000 
98.31000000 
76.67000000 
55.51000000 
37.81000000 
246.39000000 
68.18000000 
50.42000000 
157.33000000 
71.75000000 
490.73000000 
83.09000000 
74.20000000 
195.15000000 
73.15000000 
55.56000000 
59.07000000 
100.84000000 
120.32000000 
123.17000000 
46.06000000 
72.82000000 
118.51000000 
70.28000000 
39.09000000 
92.89000000 
85.23000000 
100.16000000 
97.27000000 
187.25000000 
40.65000000 
70.77000000 
32.65000000 
268.08000000 
18.92000000 
33.49000000 
59.98000000 
154.75000000 
62.60000000 
68.84000000 
175.15000000 
103.85000000 
245.44000000 
208.59000000 
254.77000000 
651.80000000 
215.76000000 
99.83000000 
172.10000000 
101.93000000 
92.87000000 
122.82000000 
342.92000000 
93.37000000 
192.56000000 
215.97000000 
295.05000000 
265.75000000 
230.60000000 
300.68000000 
133.59000000 
209.77000000 
157.23000000 
47.55000000 
94.44000000 
90.86000000 
174.21000000 
209.82000000 
102.01000000 
116.46000000 
138.71000000 
198.61000000 
253.65000000 
162.57000000 
124.53000000 
170.71000000 
228.30000000 
185.43000000 
397.41000000 
202.63000000 
213.49000000 
149.71000000 
524.17000000 
755.72000000 
355.27000000 
198.38000000 
682.54000000 
260.78000000 
226.29000000 
339.33000000 
364.57000000 
369.10000000 
175.99000000 
314.02000000 
192.33000000 
438.98000000 
363.81000000 
266.74000000 
125.87000000 
613.00000000 
278.52000000 
171.78000000 
104.18000000 
131.64000000 
101.62000000 
116.30000000 
219.64000000 
178.29000000 
83.07000000 
94.05000000 
328.46000000 
267.77000000 
273.24000000 
290.58000000 
122.08000000 
344.09000000 
185.45000000 
90.51000000 
99.04000000 
181.83000000 
105.89000000 
130.50000000 
19.81000000 
133.78000000 
131.62000000 
455.70000000 
375.37000000 
406.49000000 
118.37000000 
178.45000000 
188.86000000 
198.79000000 
203.59000000 
121.29000000 
47.99000000 
140.18000000 
128.01000000 
116.36000000 
89.52000000 
193.97000000 
213.45000000 
125.82000000 
699.97000000 
459.86000000 
112.82000000 
85.02000000 
34.20000000 
20.06000000 
60.75000000 
322.46000000 
113.31000000 
179.41000000 
229.79000000 
131.42000000 
440.06000000 
215.42000000 
366.32000000 
332.61000000 
212.00000000 
132.38000000 
243.78000000 
536.50000000 
101.58000000 
147.07000000 
183.59000000 
132.29000000 
123.11000000 
344.58000000 
223.70000000 
91.22000000 
111.84000000 
324.34000000 
57.02000000 
184.20000000 
299.23000000 
276.56000000 
280.40000000 
323.66000000 
428.98000000 
182.72000000 
105.95000000 
134.00000000 
129.08000000 
323.84000000 
208.84000000 
175.77000000 
126.93000000 
139.81000000 
782.94000000 
1732.50000000 
108.57000000 
152.76000000 
148.30000000 
152.69000000 
70.88000000 
10.15000000 
91.94000000 
60.22000000 
56.08000000 
143.88000000 
122.03000000 
116.68000000 
79.26000000 
133.11000000 
80.48000000 
70.42000000 
38.15000000 
82.07000000 
71.49000000 
11.82000000 
57.77000000 
21.62000000 
101.37000000 
73.94000000 
24.55000000 
181.61000000 
48.33000000 
43.20000000 
27.80000000 
30.15000000 
45.43000000 
57.36000000 
92.64000000 
85.72000000 
115.75000000 
259.47000000 
123.77000000 
30.67000000 
68.15000000 
84.83000000 
27.63000000 
39.44000000 
140.19000000 
60.08000000 
124.11000000 
41.93000000 
99.27000000 
11.48000000 
23.63000000 
16.95000000 
26.09000000 
117.53000000 
192.36000000 
177.08000000 
85.56000000 
76.13000000 
87.01000000 
102.08000000 
112.20000000 
108.32000000 
160.96000000 
73.58000000 
123.71000000 
42.21000000 
89.02000000 
77.93000000 
128.65000000 
89.57000000 
69.40000000 
56.31000000 
53.39000000 
91.42000000 
287.94000000 
113.16000000 
148.13000000 
359.08000000 
104.77000000 
88.46000000 
346.54000000 
55.32000000 
97.44000000 
263.45000000 
160.34000000 
118.59000000 
181.51000000 
88.53000000 
15.37000000 
79.11000000 
77.00000000 
310.40000000 
48.45000000 
77.64000000 
79.80000000 
114.59000000 
183.07000000 
188.25000000 
75.43000000 
54.60000000 
30.86000000 
96.61000000 
83.03000000 
75.24000000 
456.16000000 
159.44000000 
96.07000000 
84.63000000 
25.09000000 
37.89000000 
95.10000000 
65.48000000 
81.47000000 
66.68000000 
229.82000000 
73.60000000 
75.39000000 
141.99000000 
267.93000000 
55.86000000 
221.49000000 
262.42000000 
255.06000000 
173.97000000 
1060.29000000 
199.24000000 
366.19000000 
423.56000000 
235.83000000 
191.38000000 
167.47000000 
82.76000000 
172.77000000 
64.78000000 
244.91000000 
138.87000000 
322.17000000 
170.50000000 
265.91000000 
25.55000000 
82.79000000 
94.82000000 
48.27000000 
128.00000000 
107.89000000 
170.86000000 
103.59000000 
84.80000000 
141.48000000 
158.40000000 
257.21000000 
190.32000000 
250.38000000 
181.11000000 
130.76000000 
144.52000000 
88.85000000 
59.50000000 
152.34000000 
118.12000000 
64.55000000 
69.83000000 
164.01000000 
114.38000000 
76.37000000 
39.01000000 
146.62000000 
192.58000000 
81.44000000 
62.88000000 
179.14000000 
81.59000000 
85.89000000 
61.88000000 
54.80000000 
193.61000000 
71.28000000 
72.18000000 
155.84000000 
119.15000000 
243.12000000 
230.73000000 
268.38000000 
68.42000000 
118.72000000 
75.78000000 
58.61000000 
48.73000000 
63.15000000 
30.07000000 
120.74000000 
168.11000000 
712.17000000 
116.25000000 
122.67000000 
372.96000000 
101.20000000 
113.18000000 
81.92000000 
143.95000000 
73.48000000 
47.10000000 
243.83000000 
90.88000000 
37.68000000 
65.95000000 
114.41000000 
66.16000000 
24.65000000 
146.35000000 
130.66000000 
112.98000000 
487.95000000 
231.21000000 
150.99000000 
120.19000000 
47.01000000 
19.41000000 
10.50000000 
61.08000000 
28.87000000 
45.28000000 
47.13000000 
45.65000000 
21.04000000 
71.87000000 
40.05000000 
93.52000000 
128.60000000 
149.46000000 
40.28000000 
41.01000000 
45.94000000 
71.57000000 
53.00000000 
35.46000000 
95.62000000 
61.63000000 
44.88000000 
37.07000000 
23.20000000 
83.75000000 
65.55000000 
68.02000000 
50.15000000 
189.87000000 
41.72000000 
18.85000000 
96.68000000 
122.96000000 
50.63000000 
20.51000000 
48.19000000 
213.87000000 
47.15000000 
45.60000000 
69.42000000 
34.88000000 
21.27000000 
71.28000000 
13.33000000 
49.04000000 
66.14000000 
52.02000000 
92.26000000 
67.76000000 
66.46000000 
91.09000000 
64.65000000 
68.15000000 
53.89000000 
134.32000000 
53.15000000 
85.29000000 
61.33000000 
161.37000000 
63.22000000 
92.32000000 
96.53000000 
93.05000000 
75.89000000 
131.07000000 
119.86000000 
226.42000000 
144.67000000 
163.31000000 
95.10000000 
175.83000000 
307.17000000 
26.68000000 
160.50000000 
160.63000000 
102.32000000 
251.75000000 
39.78000000 
39.15000000 
130.52000000 
20.33000000 
49.48000000 
143.52000000 
253.29000000 
446.90000000 
80.44000000 
212.66000000 
50.90000000 
171.57000000 
201.01000000 
44.87000000 
567.32000000 
98.93000000 
83.55000000 
88.06000000 
69.96000000 
26.57000000 
70.86000000 
22.51000000 
12.15000000 
32.77000000 
30.85000000 
94.60000000 
29.98000000 
512.10000000 
417.81000000 
44.38000000 
74.41000000 
50.83000000 
10.43000000 
196.90000000 
11.07000000 
20.08000000 
58.53000000 
69.18000000 
35.43000000 
52.34000000 
68.55000000 
89.58000000 
88.36000000 
58.27000000 
230.68000000 
18.08000000 
105.63000000 
96.28000000 
116.79000000 
67.86000000 
131.70000000 
16.86000000 
187.08000000 
29.40000000 
236.50000000 
26.43000000 
46.56000000 
84.02000000 
159.11000000 
22.06000000 
61.15000000 
190.23000000 
76.66000000 
57.55000000 
46.49000000 
43.72000000 
107.98000000 
22.79000000 
123.40000000 
43.76000000 
155.88000000 
204.55000000 
129.63000000 
10.57000000 
37.99000000 
126.84000000 
38.24000000 
84.00000000 
17.64000000 
66.32000000 
19.66000000 
93.57000000 
46.48000000 
121.68000000 
25.27000000 
446.04000000 
33.64000000 
25.85000000 
13.42000000 
21.54000000 
44.48000000 
36.60000000 
98.84000000 
50.63000000 
63.71000000 
56.82000000 
87.21000000 
59.48000000 
32.92000000 
80.09000000 
20.31000000 
13.50000000 
29.74000000 
93.06000000 
54.80000000 
53.74000000 
42.04000000 
52.35000000 
23.58000000 
34.06000000 
114.66000000 
45.10000000 
94.55000000 
44.74000000 
101.46000000 
146.47000000 
86.42000000 
54.72000000 
21.62000000 
164.03000000 
55.88000000 
71.72000000 
71.93000000 
27.34000000 
95.29000000 
277.53000000 
106.75000000 
52.02000000 
71.36000000 
74.97000000 
30.39000000 
38.25000000 
28.37000000 
121.78000000 
16.72000000 
49.29000000 
21.68000000 
55.90000000 
71.08000000 
180.15000000 
126.88000000 
307.96000000 
60.41000000 
46.27000000 
7.53000000 
136.74000000 
31.84000000 
96.35000000 
44.15000000 
56.24000000 
15.79000000 
48.72000000 
9.96000000 
129.88000000 
22.92000000 
15.46000000 
14.22000000 
24.93000000 
67.90000000 
116.17000000 
34.95000000 
94.23000000 
88.62000000 
50.51000000 
151.33000000 
10.12000000 
52.43000000 
20.27000000 
18.18000000 
20.98000000 
21.57000000 
29.19000000 
49.89000000 
52.74000000 
29.13000000 
11.91000000 
30.70000000 
15.01000000 
1.37000000 
16.97000000 
56.38000000 
21.12000000 
78.92000000 
33.75000000 
31.89000000 
18.24000000 
29.86000000 
19.06000000 
116.46000000 
32.16000000 
101.33000000 
18.34000000 
109.36000000 
23.37000000 
28.38000000 
13.19000000 
63.15000000 
7.06000000 
41.32000000 
44.35000000 
26.29000000 
87.03000000 
6.07000000 
59.17000000 
22.16000000 
82.65000000 
21.01000000 
75.34000000 
53.52000000 
251.40000000 
42.08000000 
45.64000000 
122.36000000 
40.69000000 
9.02000000 
27.97000000 
72.12000000 
7.51000000 
20.54000000 
121.64000000 
77.31000000 
30.25000000 
9.47000000 
19.47000000 
54.66000000 
507.78000000 
46.03000000 
55.36000000 
29.03000000 
41.58000000 
147.16000000 
25.17000000 
85.53000000 
23.59000000 
24.34000000 
240.82000000 
207.83000000 
53.78000000 
133.09000000 
117.31000000 
26.55000000 
114.72000000 
368.47000000 
193.14000000 
174.35000000 
87.71000000 
135.72000000 
169.15000000 
92.53000000 
58.34000000 
196.88000000 
78.42000000 
56.01000000 
92.70000000 
95.77000000 
21.80000000 
40.65000000 
32.96000000 
100.86000000 
55.14000000 
75.87000000 
88.65000000 
89.57000000 
13.94000000 
15.30000000 
100.40000000 
102.71000000 
110.00000000 
72.63000000 
52.77000000 
68.59000000 
127.11000000 
64.76000000 
136.54000000 
199.31000000 
23.13000000 
38.71000000 
32.83000000 
35.62000000 
95.91000000 
21.32000000 
156.33000000 
63.06000000 
86.02000000 
50.72000000 
71.58000000 
65.20000000 
30.17000000 
48.47000000 
56.32000000 
60.02000000 
38.49000000 
53.05000000 
99.19000000 
69.18000000 
13.87000000 
60.60000000 
281.62000000 
54.03000000 
128.58000000 
132.81000000 
64.96000000 
41.77000000 
585.58000000 
129.78000000 
56.56000000 
168.11000000 
73.90000000 
188.18000000 
35.61000000 
95.61000000 
66.31000000 
10.74000000 
707.57000000 
159.48000000 
69.32000000 
43.26000000 
327.46000000 
59.87000000 
101.39000000 
161.40000000 
219.70000000 
359.75000000 
79.20000000 
55.31000000 
370.14000000 
343.70000000 
180.64000000 
131.96000000 
27.99000000 
378.22000000 
118.36000000 
135.51000000 
148.24000000 
193.61000000 
279.42000000 
209.33000000 
154.70000000 
148.55000000 
46.26000000 
18.48000000 
101.62000000 
46.03000000 
204.34000000 
47.17000000 
45.18000000 
55.89000000 
63.21000000 
297.44000000 
103.42000000 
50.20000000 
98.30000000 
38.76000000 
80.32000000 
65.43000000 
33.73000000 
138.56000000 
183.49000000 
36.85000000 
72.09000000 
45.22000000 
154.67000000 
84.38000000 
305.95000000 
119.15000000 
125.43000000 
349.00000000 
200.40000000 
294.10000000 
311.19000000 
123.18000000 
31.30000000 
91.36000000 
161.40000000 
66.50000000 
113.48000000 
148.77000000 
99.98000000 
527.81000000 
272.19000000 
78.47000000 
49.02000000 
63.10000000 
116.64000000 
26.18000000 
33.48000000 
69.85000000 
113.16000000 
82.70000000 
72.45000000 
46.14000000 
71.96000000 
44.49000000 
30.62000000 
36.38000000 
90.65000000 
101.85000000 
13.62000000 
6.08000000 
80.78000000 
55.46000000 
125.93000000 
50.32000000 
135.46000000 
83.17000000 
66.46000000 
22.45000000 
48.75000000 
47.89000000 
27.81000000 
19.81000000 
88.49000000 
67.72000000 
32.12000000 
36.86000000 
136.57000000 
43.90000000 
51.50000000 
120.44000000 
27.62000000 
35.21000000 
126.51000000 
56.08000000 
85.24000000 
127.43000000 
29.56000000 
48.38000000 
51.07000000 
136.36000000 
52.66000000 
168.31000000 
55.04000000 
32.09000000 
21.34000000 
57.00000000 
40.04000000 
133.18000000 
45.94000000 
17.67000000 
135.74000000 
59.16000000 
33.85000000 
88.11000000 
50.17000000 
407.28000000 
59.88000000 
45.10000000 
46.03000000 
36.02000000 
90.39000000 
37.41000000 
176.53000000 
44.06000000 
49.85000000 
79.40000000 
154.48000000 
177.76000000 
108.36000000 
124.64000000 
618.56000000 
372.04000000 
16.33000000 
223.33000000 
126.64000000 
60.18000000 
147.14000000 
152.72000000 
283.27000000 
119.08000000 
612.20000000 
125.02000000 
122.43000000 
179.36000000 
78.07000000 
251.83000000 
45.59000000 
193.56000000 
135.56000000 
49.36000000 
24.31000000 
68.20000000 
439.61000000 
602.69000000 
135.22000000 
95.13000000 
59.11000000 
459.46000000 
148.59000000 
51.98000000 
226.51000000 
120.09000000 
109.36000000 
64.49000000 
205.89000000 
102.16000000 
161.82000000 
436.66000000 
116.11000000 
112.66000000 
117.14000000 
101.17000000 
67.75000000 
13.85000000 
23.40000000 
19.51000000 
47.34000000 
61.39000000 
73.87000000 
4.82000000 
23.27000000 
50.47000000 
116.00000000 
183.03000000 
58.42000000 
87.61000000 
150.43000000 
23.83000000 
231.40000000 
83.75000000 
31.33000000 
45.77000000 
40.93000000 
32.35000000 
43.66000000 
14.42000000 
69.12000000 
135.58000000 
344.70000000 
7.63000000 
45.09000000 
60.44000000 
66.41000000 
102.55000000 
34.45000000 
43.39000000 
43.09000000 
27.34000000 
55.23000000 
57.14000000 
41.39000000 
27.73000000 
52.80000000 
139.06000000 
98.73000000 
42.83000000 
74.50000000 
102.21000000 
15.50000000 
116.86000000 
87.33000000 
41.76000000 
253.45000000 
118.59000000 
180.81000000 
239.50000000 
74.65000000 
132.81000000 
32.60000000 
87.61000000 
474.32000000 
53.80000000 
33.17000000 
99.21000000 
74.89000000 
28.73000000 
53.50000000 
179.71000000 
137.47000000 
47.32000000 
45.17000000 
31.38000000 
18.47000000 
31.06000000 
59.93000000 
42.08000000 
48.35000000 
75.85000000 
23.76000000 
25.85000000 
36.51000000 
24.03000000 
40.86000000 
79.27000000 
39.79000000 
107.66000000 
231.97000000 
170.48000000 
72.69000000 
795.08000000 
76.29000000 
15.86000000 
108.80000000 
134.19000000 
90.39000000 
91.27000000 
212.47000000 
142.90000000 
54.80000000 
58.16000000 
110.41000000 
85.93000000 
29.62000000 
52.91000000 
973.19000000 
79.51000000 
331.70000000 
159.21000000 
28.28000000 
67.50000000 
55.47000000 
72.72000000 
321.96000000 
219.82000000 
93.17000000 
76.82000000 
55.03000000 
156.13000000 
66.14000000 
104.39000000 
37.87000000 
66.78000000 
242.85000000 
243.07000000 
165.20000000 
110.61000000 
36.46000000 
161.86000000 
120.10000000 
257.48000000 
265.58000000 
137.96000000 
103.01000000 
116.90000000 
178.18000000 
125.41000000 
193.68000000 
61.92000000 
188.45000000 
80.39000000 
151.94000000 
106.77000000 
348.81000000 
384.66000000 
114.43000000 
243.84000000 
160.36000000 
62.83000000 
168.06000000 
117.84000000 
164.87000000 
387.96000000 
269.19000000 
292.34000000 
243.49000000 
73.53000000 
150.71000000 
168.52000000 
411.63000000 
143.18000000 
208.20000000 
52.75000000 
28.51000000 
116.05000000 
133.21000000 
156.86000000 
87.66000000 
67.57000000 
72.29000000 
67.64000000 
9.99000000 
171.94000000 
43.55000000 
38.92000000 
74.13000000 
29.61000000 
166.79000000 
59.03000000 
121.45000000 
76.80000000 
77.99000000 
161.39000000 
510.31000000 
442.46000000 
78.69000000 
20.09000000 
35.07000000 
19.10000000 
91.56000000 
45.93000000 
78.20000000 
17.80000000 
71.14000000 
64.36000000 
79.65000000 
132.70000000 
92.21000000 
126.23000000 
19.05000000 
81.56000000 
56.60000000 
39.62000000 
150.52000000 
92.36000000 
110.99000000 
120.31000000 
95.55000000 
129.09000000 
103.81000000 
62.12000000 
265.09000000 
70.54000000 
50.64000000 
75.67000000 
185.72000000 
134.30000000 
93.01000000 
97.31000000 
35.82000000 
133.92000000 
146.20000000 
80.05000000 
70.43000000 
51.40000000 
172.36000000 
144.56000000 
148.31000000 
87.11000000 
133.17000000 
82.76000000 
129.79000000 
101.88000000 
66.25000000 
49.37000000 
115.07000000 
90.66000000 
109.62000000 
152.42000000 
143.04000000 
193.85000000 
414.14000000 
158.67000000 
82.12000000 
185.59000000 
98.55000000 
116.40000000 
68.82000000 
89.84000000 
130.84000000 
131.40000000 
76.47000000 
133.41000000 
104.63000000 
87.40000000 
280.38000000 
82.08000000 
429.84000000 
875.96000000 
303.30000000 
193.17000000 
380.29000000 
1157.41000000 
521.97000000 
221.35000000 
171.12000000 
241.91000000 
122.52000000 
80.80000000 
166.40000000 
161.43000000 
280.48000000 
180.53000000 
142.95000000 
119.79000000 
142.87000000 
217.36000000 
65.18000000 
217.70000000 
311.23000000 
268.05000000 
154.97000000 
140.90000000 
95.38000000 
193.60000000 
230.38000000 
129.03000000 
200.77000000 
222.27000000 
238.59000000 
133.03000000 
207.97000000 
122.89000000 
144.48000000 
272.97000000 
290.97000000 
64.17000000 
69.44000000 
180.14000000 
123.70000000 
142.57000000 
198.56000000 
49.61000000 
127.00000000 
67.91000000 
153.20000000 
255.15000000 
115.87000000 
65.39000000 
52.18000000 
74.39000000 
91.20000000 
78.12000000 
232.11000000 
207.69000000 
67.21000000 
115.19000000 
116.52000000 
65.83000000 
132.92000000 
98.47000000 
124.01000000 
152.48000000 
171.09000000 
282.85000000 
133.14000000 
92.07000000 
123.15000000 
274.85000000 
227.67000000 
178.83000000 
123.58000000 
47.40000000 
195.76000000 
97.52000000 
197.84000000 
75.53000000 
64.42000000 
73.39000000 
315.82000000 
54.30000000 
65.89000000 
248.57000000 
77.71000000 
60.26000000 
213.57000000 
35.46000000 
125.93000000 
257.56000000 
193.07000000 
18.15000000 
373.37000000 
139.06000000 
194.50000000 
879.06000000 
338.99000000 
48.97000000 
160.90000000 
99.32000000 
394.57000000 
141.86000000 
27.81000000 
48.59000000 
33.03000000 
38.90000000 
296.60000000 
45.15000000 
53.39000000 
53.87000000 
115.56000000 
69.75000000 
31.81000000 
164.80000000 
33.66000000 
261.52000000 
156.87000000 
137.53000000 
70.76000000 
31.10000000 
115.82000000 
94.30000000 
55.38000000 
115.83000000 
177.02000000 
115.88000000 
42.81000000 
170.45000000 
217.37000000 
110.56000000 
149.94000000 
124.11000000 
124.90000000 
107.92000000 
28.99000000 
127.45000000 
59.22000000 
77.80000000 
68.24000000 
105.53000000 
71.89000000 
66.16000000 
82.04000000 
64.45000000 
32.27000000 
44.79000000 
79.01000000 
317.96000000 
89.35000000 
44.53000000 
141.36000000 
192.77000000 
219.31000000 
239.33000000 
149.44000000 
185.91000000 
82.21000000 
134.71000000 
137.76000000 
66.81000000 
274.27000000 
93.87000000 
60.03000000 
221.69000000 
56.19000000 
97.27000000 
146.05000000 
100.44000000 
56.26000000 
47.91000000 
127.43000000 
67.18000000 
111.75000000 
75.51000000 
183.57000000 
98.47000000 
102.85000000 
145.46000000 
63.35000000 
139.80000000 
181.39000000 
146.78000000 
53.01000000 
59.83000000 
114.67000000 
147.54000000 
98.83000000 
130.45000000 
89.70000000 
45.98000000 
86.81000000 
88.10000000 
43.51000000 
26.92000000 
51.26000000 
22.01000000 
125.72000000 
42.65000000 
170.26000000 
27.91000000 
75.59000000 
87.26000000 
98.80000000 
46.06000000 
106.63000000 
124.80000000 
67.47000000 
125.89000000 
94.21000000 
318.71000000 
241.31000000 
117.47000000 
178.82000000 
86.17000000 
365.49000000 
212.73000000 
88.17000000 
212.16000000 
289.97000000 
62.45000000 
258.49000000 
315.16000000 
168.28000000 
131.62000000 
122.08000000 
138.31000000 
383.21000000 
111.68000000 
77.51000000 
265.40000000 
221.98000000 
189.52000000 
94.03000000 
140.10000000 
112.75000000 
332.54000000 
69.67000000 
50.47000000 
33.21000000 
55.02000000 
96.90000000 
70.28000000 
100.50000000 
53.00000000 
53.58000000 
97.47000000 
70.81000000 
64.01000000 
180.98000000 
304.50000000 
206.78000000 
145.92000000 
95.45000000 
76.44000000 
232.35000000 
52.66000000 
160.37000000 
486.38000000 
185.72000000 
89.96000000 
38.54000000 
134.87000000 
120.12000000 
114.16000000 
120.45000000 
44.07000000 
146.59000000 
98.54000000 
356.70000000 
155.76000000 
137.59000000 
155.85000000 
303.89000000 
154.34000000 
141.64000000 
146.83000000 
116.30000000 
343.97000000 
46.99000000 
40.97000000 
179.50000000 
191.71000000 
218.87000000 
106.93000000 
145.06000000 
223.28000000 
203.46000000 
229.78000000 
157.26000000 
159.03000000 
380.99000000 
73.08000000 
347.59000000 
210.24000000 
146.78000000 
317.49000000 
176.59000000 
91.91000000 
42.18000000 
52.00000000 
646.71000000 
71.63000000 
141.22000000 
65.94000000 
43.70000000 
72.20000000 
39.11000000 
90.31000000 
111.79000000 
70.45000000 
251.19000000 
216.05000000 
197.58000000 
162.99000000 
226.93000000 
384.65000000 
483.25000000 
265.86000000 
90.28000000 
83.95000000 
28.42000000 
90.22000000 
35.51000000 
67.40000000 
24.29000000 
50.51000000 
149.63000000 
128.51000000 
300.97000000 
136.70000000 
38.89000000 
86.03000000 
156.77000000 
219.20000000 
267.39000000 
111.88000000 
45.49000000 
139.01000000 
147.65000000 
67.37000000 
248.95000000 
174.24000000 
108.70000000 
130.79000000 
88.30000000 
81.03000000 
72.92000000 
130.01000000 
122.60000000 
40.73000000 
20.96000000 
141.72000000 
473.29000000 
93.25000000 
47.80000000 
45.31000000 
36.34000000 
62.05000000 
105.56000000 
75.58000000 
80.05000000 
53.69000000 
58.61000000 
48.06000000 
34.98000000 
42.27000000 
97.92000000 
32.58000000 
169.70000000 
54.24000000 
98.73000000 
55.04000000 
391.29000000 
123.26000000 
128.08000000 
174.50000000 
181.17000000 
126.38000000 
236.58000000 
245.86000000 
413.35000000 
158.13000000 
165.66000000 
141.92000000 
330.06000000 
310.50000000 
388.35000000 
282.54000000 
148.41000000 
109.40000000 
60.18000000 
210.60000000 
575.63000000 
335.67000000 
414.01000000 
157.38000000 
94.37000000 
80.49000000 
182.83000000 
477.73000000 
368.10000000 
11.87000000 
105.14000000 
345.17000000 
74.36000000 
177.19000000 
84.78000000 
87.94000000 
95.77000000 
222.37000000 
429.82000000 
266.74000000 
433.47000000 
263.66000000 
31.03000000 
98.98000000 
129.85000000 
70.34000000 
228.73000000 
281.25000000 
103.01000000 
127.93000000 
208.69000000 
130.98000000 
152.53000000 
179.39000000 
91.30000000 
162.18000000 
60.94000000 
66.70000000 
34.14000000 
72.81000000 
99.22000000 
491.53000000 
373.77000000 
42.45000000 
40.04000000 
405.07000000 
338.02000000 
86.30000000 
366.06000000 
155.83000000 
120.64000000 
300.99000000 
279.08000000 
159.45000000 
421.59000000 
489.96000000 
474.51000000 
378.91000000 
328.02000000 
132.56000000 
166.20000000 
236.13000000 
239.55000000 
158.23000000 
95.87000000 
359.43000000 
252.14000000 
168.18000000 
253.05000000 
644.61000000 
284.87000000 
185.95000000 
119.18000000 
34.14000000 
85.39000000 
90.50000000 
106.19000000 
160.25000000 
411.26000000 
184.78000000 
100.63000000 
189.19000000 
294.47000000 
287.76000000 
345.31000000 
223.26000000 
214.37000000 
76.48000000 
251.61000000 
212.15000000 
126.78000000 
102.29000000 
466.73000000 
325.68000000 
316.09000000 
289.65000000 
417.20000000 
168.26000000 
254.01000000 
259.75000000 
381.56000000 
246.21000000 
306.13000000 
134.81000000 
234.53000000 
273.88000000 
98.54000000 
125.68000000 
256.84000000 
305.80000000 
248.57000000 
329.66000000 
374.68000000 
433.29000000 
377.40000000 
444.19000000 
177.15000000 
159.20000000 
280.06000000 
388.69000000 
454.18000000 
562.87000000 
1129.20000000 
716.58000000 
389.27000000 
99.38000000 
382.32000000 
91.67000000 
261.53000000 
94.43000000 
115.60000000 
178.48000000 
163.52000000 
296.33000000 
282.15000000 
114.24000000 
165.55000000 
74.98000000 
166.19000000 
134.90000000 
90.28000000 
329.66000000 
303.95000000 
243.54000000 
313.58000000 
92.86000000 
458.24000000 
133.01000000 
271.46000000 
192.02000000 
121.21000000 
109.49000000 
114.10000000 
173.43000000 
212.17000000 
121.97000000 
308.26000000 
246.31000000 
92.15000000 
301.14000000 
316.73000000 
151.51000000 
178.31000000 
389.19000000 
628.14000000 
82.13000000 
63.85000000 
96.47000000 
129.55000000 
56.99000000 
112.49000000 
75.81000000 
78.76000000 
199.24000000 
134.80000000 
213.50000000 
332.63000000 
415.40000000 
574.28000000 
374.31000000 
65.15000000 
90.36000000 
71.73000000 
213.40000000 
94.44000000 
190.26000000 
157.38000000 
70.56000000 
49.79000000 
49.64000000 
193.33000000 
670.46000000 
72.31000000 
218.53000000 
287.09000000 
314.24000000 
97.07000000 
170.47000000 
146.00000000 
395.55000000 
265.69000000 
244.89000000 
210.55000000 
125.12000000 
148.61000000 
235.92000000 
836.41000000 
414.23000000 
550.00000000 
425.75000000 
354.40000000 
264.24000000 
214.64000000 
435.39000000 
207.49000000 
386.61000000 
181.47000000 
128.49000000 
73.80000000 
40.76000000 
52.03000000 
201.99000000 
167.17000000 
257.74000000 
147.36000000 
129.92000000 
407.31000000 
627.54000000 
327.16000000 
507.29000000 
1723.40000000 
165.35000000 
62.95000000 
47.31000000 
81.01000000 
255.10000000 
158.08000000 
76.03000000 
76.84000000 
213.82000000 
1457.78000000 
91.37000000 
105.41000000 
69.89000000 
996.71000000 
124.78000000 
87.22000000 
155.42000000 
58.38000000 
89.26000000 
120.79000000 
237.63000000 
116.36000000 
221.06000000 
257.70000000 
121.00000000 
128.87000000 
78.82000000 
172.89000000 
115.63000000 
194.15000000 
83.51000000 
100.12000000 
100.07000000 
217.45000000 
346.07000000 
43.82000000 
115.58000000 
294.57000000 
249.66000000 
307.68000000 
142.53000000 
133.94000000 
108.85000000 
90.06000000 
216.78000000 
224.01000000 
174.90000000 
376.73000000 
314.87000000 
181.91000000 
325.40000000 
211.61000000 
172.54000000 
59.08000000 
77.60000000 
178.72000000 
117.12000000 
165.58000000 
602.50000000 
160.07000000 
323.81000000 
115.12000000 
140.14000000 
181.22000000 
160.82000000 
256.87000000 
121.32000000 
324.79000000 
508.98000000 
418.30000000 
457.67000000 
426.80000000 
427.97000000 
314.66000000 
221.39000000 
406.85000000 
358.28000000 
96.95000000 
185.96000000 
224.61000000 
100.39000000 
445.50000000 
117.94000000 
69.15000000 
47.41000000 
92.77000000 
133.63000000 
250.81000000 
1258.05000000 
64.93000000 
132.34000000 
140.33000000 
251.50000000 
187.30000000 
45.54000000 
82.29000000 
128.77000000 
54.27000000 
48.84000000 
60.63000000 
33.55000000 
90.90000000 
93.26000000 
123.68000000 
40.09000000 
37.44000000 
108.59000000 
79.16000000 
57.23000000 
129.80000000 
53.54000000 
61.32000000 
111.37000000 
81.12000000 
133.03000000 
143.24000000 
118.86000000 
44.95000000 
55.37000000 
90.60000000 
149.29000000 
118.32000000 
111.34000000 
196.00000000 
47.14000000 
63.74000000 
56.27000000 
147.66000000 
99.44000000 
83.54000000 
93.07000000 
99.51000000 
89.48000000 
103.33000000 
277.55000000 
38.85000000 
109.98000000 
207.21000000 
112.47000000 
66.10000000 
100.89000000 
152.31000000 
228.43000000 
326.27000000 
119.13000000 
142.74000000 
303.26000000 
183.47000000 
189.59000000 
324.10000000 
186.60000000 
132.98000000 
111.39000000 
104.31000000 
78.07000000 
189.62000000 
377.65000000 
138.09000000 
66.18000000 
108.75000000 
110.93000000 
87.57000000 
70.56000000 
157.43000000 
243.97000000 
70.56000000 
96.88000000 
171.44000000 
109.96000000 
71.23000000 
107.85000000 
184.19000000 
116.75000000 
83.30000000 
593.16000000 
245.07000000 
125.13000000 
68.25000000 
274.85000000 
115.07000000 
169.48000000 
325.37000000 
115.36000000 
388.20000000 
120.50000000 
10.37000000 
86.34000000 
151.98000000 
72.04000000 
66.78000000 
55.16000000 
72.76000000 
73.31000000 
87.91000000 
26.52000000 
191.45000000 
77.38000000 
295.01000000 
275.90000000 
82.71000000 
253.06000000 
107.72000000 
294.40000000 
57.79000000 
49.55000000 
168.58000000 
52.81000000 
79.60000000 
149.82000000 
127.19000000 
205.50000000 
147.56000000 
164.16000000 
350.41000000 
84.07000000 
39.80000000 
110.49000000 
209.08000000 
131.55000000 
136.41000000 
104.30000000 
106.72000000 
327.99000000 
111.47000000 
140.04000000 
185.47000000 
165.22000000 
142.00000000 
157.74000000 
193.33000000 
150.25000000 
194.31000000 
372.17000000 
439.45000000 
544.20000000 
963.54000000 
323.84000000 
333.61000000 
424.66000000 
187.04000000 
200.06000000 
243.29000000 
381.43000000 
195.00000000 
210.92000000 
111.49000000 
181.00000000 
51.94000000 
133.14000000 
96.13000000 
231.57000000 
262.48000000 
350.44000000 
298.98000000 
120.99000000 
78.82000000 
181.18000000 
134.27000000 
111.13000000 
136.81000000 
128.14000000 
130.39000000 
99.38000000 
173.63000000 
292.98000000 
145.36000000 
332.80000000 
143.91000000 
286.49000000 
534.57000000 
243.67000000 
242.79000000 
327.73000000 
513.37000000 
321.71000000 
1236.17000000 
301.07000000 
539.10000000 
447.81000000 
681.10000000 
541.82000000 
596.03000000 
455.33000000 
526.59000000 
317.95000000 
328.92000000 
304.68000000 
720.72000000 
795.03000000 
481.86000000 
575.73000000 
991.85000000 
815.81000000 
550.83000000 
481.22000000 
824.70000000 
803.91000000 
974.59000000 
646.10000000 
893.92000000 
1082.24000000 
421.37000000 
547.42000000 
1680.48000000 
987.94000000 
441.16000000 
501.66000000 
1010.77000000 
617.01000000 
557.52000000 
626.22000000 
244.68000000 
197.47000000 
161.46000000 
189.28000000 
333.09000000 
183.50000000 
75.41000000 
92.25000000 
145.79000000 
74.52000000 
42.36000000 
209.08000000 
216.99000000 
77.11000000 
160.30000000 
369.83000000 
234.02000000 
388.02000000 
380.60000000 
587.82000000 
403.86000000 
234.10000000 
418.50000000 
250.12000000 
208.54000000 
272.45000000 
196.74000000 
236.96000000 
91.73000000 
115.43000000 
102.06000000 
46.49000000 
35.78000000 
172.11000000 
100.69000000 
61.84000000 
192.99000000 
25.27000000 
50.47000000 
85.93000000 
103.22000000 
106.79000000 
81.94000000 
112.05000000 
184.38000000 
51.74000000 
296.19000000 
155.02000000 
56.00000000 
199.32000000 
225.58000000 
142.14000000 
94.12000000 
135.72000000 
68.83000000 
114.69000000 
43.24000000 
185.40000000 
54.44000000 
36.10000000 
50.10000000 
112.36000000 
69.17000000 
107.63000000 
227.69000000 
110.99000000 
33.50000000 
295.83000000 
114.08000000 
153.89000000 
104.45000000 
44.90000000 
70.34000000 
113.91000000 
86.47000000 
39.56000000 
364.63000000 
176.77000000 
98.40000000 
73.91000000 
92.69000000 
33.16000000 
116.12000000 
296.96000000 
142.08000000 
83.32000000 
122.71000000 
135.83000000 
64.26000000 
212.74000000 
191.38000000 
280.30000000 
51.19000000 
116.73000000 
74.00000000 
141.32000000 
271.58000000 
93.22000000 
80.29000000 
66.60000000 
206.20000000 
159.37000000 
31.32000000 
103.88000000 
41.72000000 
78.69000000 
273.73000000 
97.94000000 
261.11000000 
138.15000000 
125.40000000 
150.46000000 
73.97000000 
98.69000000 
118.60000000 
113.29000000 
71.24000000 
98.70000000 
275.75000000 
227.46000000 
194.10000000 
195.25000000 
57.70000000 
66.95000000 
210.18000000 
80.24000000 
160.48000000 
67.73000000 
257.02000000 
129.20000000 
105.91000000 
77.56000000 
167.80000000 
194.33000000 
125.42000000 
483.39000000 
286.06000000 
311.67000000 
500.03000000 
361.72000000 
226.82000000 
194.11000000 
270.44000000 
57.70000000 
149.09000000 
87.71000000 
619.26000000 
203.56000000 
95.79000000 
35.09000000 
104.69000000 
104.95000000 
61.07000000 
65.39000000 
231.24000000 
201.03000000 
52.37000000 
173.46000000 
131.77000000 
65.80000000 
181.55000000 
300.92000000 
295.54000000 
361.40000000 
500.98000000 
237.06000000 
287.32000000 
227.26000000 
293.71000000 
203.63000000 
288.21000000 
177.16000000 
157.42000000 
115.77000000 
148.21000000 
119.75000000 
204.98000000 
199.90000000 
552.46000000 
454.04000000 
389.23000000 
500.84000000 
183.43000000 
377.14000000 
219.11000000 
499.80000000 
580.52000000 
210.91000000 
273.05000000 
657.16000000 
426.97000000 
356.34000000 
394.41000000 
526.18000000 
456.99000000 
289.88000000 
588.90000000 
507.44000000 
525.69000000 
573.35000000 
418.15000000 
410.12000000 
336.60000000 
240.48000000 
547.70000000 
787.14000000 
426.07000000 
628.91000000 
363.21000000 
378.63000000 
808.80000000 
715.27000000 
574.10000000 
1396.30000000 
828.05000000 
411.56000000 
97.17000000 
245.71000000 
346.44000000 
59.85000000 
205.65000000 
112.84000000 
236.20000000 
506.22000000 
203.48000000 
199.29000000 
204.56000000 
435.87000000 
398.51000000 
716.38000000 
349.58000000 
466.23000000 
524.06000000 
348.36000000 
444.76000000 
172.23000000 
256.28000000 
60.54000000 
59.99000000 
63.03000000 
197.12000000 
184.35000000 
178.42000000 
132.19000000 
172.60000000 
523.04000000 
348.14000000 
159.20000000 
96.89000000 
420.41000000 
172.24000000 
134.29000000 
250.91000000 
71.12000000 
260.57000000 
112.02000000 
184.44000000 
111.53000000 
115.83000000 
64.84000000 
244.51000000 
91.74000000 
181.56000000 
135.01000000 
162.94000000 
105.47000000 
65.99000000 
205.52000000 
153.81000000 
100.06000000 
144.58000000 
91.35000000 
56.69000000 
210.94000000 
190.86000000 
67.97000000 
61.89000000 
193.48000000 
170.43000000 
164.72000000 
182.34000000 
425.41000000 
116.93000000 
127.46000000 
263.66000000 
260.33000000 
111.33000000 
224.36000000 
216.40000000 
263.60000000 
112.09000000 
94.24000000 
107.27000000 
43.94000000 
224.98000000 
461.46000000 
210.47000000 
163.05000000 
66.21000000 
139.61000000 
82.20000000 
83.09000000 
160.50000000 
254.43000000 
276.00000000 
86.72000000 
247.69000000 
159.46000000 
119.66000000 
151.46000000 
194.70000000 
453.49000000 
253.53000000 
330.13000000 
946.83000000 
234.36000000 
105.72000000 
35.29000000 
101.43000000 
10.92000000 
92.44000000 
59.66000000 
26.28000000 
35.56000000 
14.15000000 
27.59000000 
82.17000000 
23.06000000 
90.79000000 
184.99000000 
95.88000000 
130.96000000 
198.69000000 
74.27000000 
75.08000000 
13.11000000 
95.23000000 
61.31000000 
62.27000000 
24.17000000 
48.45000000 
84.54000000 
43.31000000 
92.71000000 
180.24000000 
590.02000000 
232.85000000 
81.81000000 
18.75000000 
80.82000000 
181.66000000 
21.25000000 
63.57000000 
163.62000000 
127.37000000 
96.71000000 
19.77000000 
374.10000000 
238.72000000 
99.44000000 
65.95000000 
58.31000000 
103.36000000 
274.38000000 
252.06000000 
113.51000000 
46.83000000 
196.11000000 
81.83000000 
76.10000000 
65.64000000 
121.57000000 
105.00000000 
64.19000000 
372.09000000 
650.35000000 
266.86000000 
346.96000000 
257.81000000 
736.95000000 
353.77000000 
212.27000000 
245.22000000 
107.51000000 
75.00000000 
133.20000000 
62.74000000 
139.72000000 
136.92000000 
117.48000000 
183.13000000 
156.25000000 
187.75000000 
133.26000000 
87.97000000 
50.59000000 
113.27000000 
77.08000000 
155.94000000 
160.78000000 
75.16000000 
137.38000000 
81.55000000 
113.05000000 
165.79000000 
90.80000000 
219.03000000 
116.32000000 
66.08000000 
109.65000000 
99.60000000 
49.48000000 
70.21000000 
53.66000000 
281.79000000 
104.37000000 
90.84000000 
111.60000000 
173.93000000 
70.72000000 
291.32000000 
154.84000000 
70.14000000 
202.03000000 
163.68000000 
177.27000000 
377.92000000 
1162.39000000 
348.81000000 
270.81000000 
294.11000000 
80.70000000 
55.01000000 
169.28000000 
88.71000000 
