0.01868800 
0.01864400 
0.01864000 
0.01860000 
0.01862200 
0.01864800 
0.01857300 
0.01852100 
0.01850000 
0.01854700 
0.01854800 
0.01851000 
0.01856000 
0.01860300 
0.01863700 
0.01860700 
0.01864400 
0.01860000 
0.01859000 
0.01853700 
0.01856900 
0.01858800 
0.01851900 
0.01850000 
0.01847600 
0.01848000 
0.01845900 
0.01845100 
0.01844100 
0.01845000 
0.01838000 
0.01836100 
0.01834000 
0.01835400 
0.01832800 
0.01836800 
0.01836000 
0.01835800 
0.01840000 
0.01840100 
0.01840400 
0.01840900 
0.01842000 
0.01846000 
0.01843700 
0.01852500 
0.01849900 
0.01846000 
0.01838000 
0.01828200 
0.01825500 
0.01825300 
0.01828300 
0.01830900 
0.01841000 
0.01840000 
0.01846800 
0.01848500 
0.01851200 
0.01849100 
0.01853100 
0.01846500 
0.01859900 
0.01867900 
0.01863600 
0.01863300 
0.01863000 
0.01862000 
0.01861900 
0.01862000 
0.01859800 
0.01860900 
0.01859900 
0.01859900 
0.01856200 
0.01858700 
0.01863000 
0.01850100 
0.01848400 
0.01845200 
0.01846900 
0.01845000 
0.01842000 
0.01842100 
0.01842400 
0.01842000 
0.01841000 
0.01840000 
0.01838900 
0.01835000 
0.01834000 
0.01832100 
0.01831000 
0.01832600 
0.01833000 
0.01835000 
0.01834000 
0.01835000 
0.01832900 
0.01831900 
0.01833000 
0.01827000 
0.01830000 
0.01826000 
0.01830200 
0.01830000 
0.01833500 
0.01828000 
0.01832000 
0.01823900 
0.01825000 
0.01829900 
0.01829000 
0.01828500 
0.01828400 
0.01828000 
0.01826700 
0.01829000 
0.01829000 
0.01827100 
0.01829900 
0.01834000 
0.01831300 
0.01832100 
0.01836700 
0.01831200 
0.01831200 
0.01834000 
0.01834000 
0.01835800 
0.01835000 
0.01839000 
0.01838900 
0.01836500 
0.01835000 
0.01837300 
0.01842000 
0.01837800 
0.01836000 
0.01836200 
0.01835000 
0.01834100 
0.01832200 
0.01833100 
0.01836400 
0.01832100 
0.01831200 
0.01831000 
0.01834300 
0.01834100 
0.01835200 
0.01835200 
0.01833000 
0.01830000 
0.01830900 
0.01832800 
0.01831000 
0.01833000 
0.01831100 
0.01832700 
0.01831000 
0.01831300 
0.01830800 
0.01831100 
0.01825000 
0.01824000 
0.01822100 
0.01819700 
0.01819900 
0.01819900 
0.01822000 
0.01822000 
0.01822000 
0.01819900 
0.01821700 
0.01822100 
0.01822000 
0.01824000 
0.01821700 
0.01824000 
0.01822900 
0.01822200 
0.01822000 
0.01822000 
0.01820500 
0.01820200 
0.01823000 
0.01820300 
0.01822600 
0.01820200 
0.01821800 
0.01821100 
0.01820000 
0.01822000 
0.01822500 
0.01820000 
0.01820000 
0.01821800 
0.01819100 
0.01820000 
0.01819000 
0.01818000 
0.01821200 
0.01820200 
0.01820900 
0.01821600 
0.01821500 
0.01819800 
0.01823400 
0.01823700 
0.01825600 
0.01829500 
0.01829400 
0.01824000 
0.01825400 
0.01826000 
0.01823100 
0.01825400 
0.01825400 
0.01824600 
0.01823000 
0.01815400 
0.01816800 
0.01818600 
0.01821400 
0.01821900 
0.01822600 
0.01819000 
0.01815000 
0.01817700 
0.01819000 
0.01822000 
0.01821800 
0.01820700 
0.01820000 
0.01817600 
0.01822300 
0.01820500 
0.01815400 
0.01817700 
0.01815800 
0.01817900 
0.01811400 
0.01812400 
0.01812100 
0.01815700 
0.01815900 
0.01819900 
0.01822000 
0.01823200 
0.01825000 
0.01825000 
0.01821800 
0.01821300 
0.01819800 
0.01819000 
0.01817000 
0.01818100 
0.01818300 
0.01817100 
0.01817000 
0.01817000 
0.01819300 
0.01816100 
0.01812000 
0.01815000 
0.01810200 
0.01812000 
0.01811700 
0.01811200 
0.01815000 
0.01817000 
0.01815000 
0.01817000 
0.01814600 
0.01815000 
0.01811000 
0.01811000 
0.01812400 
0.01812500 
0.01812900 
0.01811000 
0.01811000 
0.01812900 
0.01812900 
0.01811000 
0.01812900 
0.01810100 
0.01812100 
0.01811700 
0.01812500 
0.01811000 
0.01808000 
0.01809900 
0.01804400 
0.01805000 
0.01804200 
0.01804000 
0.01803900 
0.01803800 
0.01800200 
0.01802900 
0.01801800 
0.01801000 
0.01805900 
0.01801800 
0.01804000 
0.01804100 
0.01804000 
0.01805300 
0.01806000 
0.01809000 
0.01808300 
0.01808300 
0.01810000 
0.01807000 
0.01807900 
0.01807900 
0.01809100 
0.01809800 
0.01812100 
0.01812900 
0.01810000 
0.01809000 
0.01810000 
0.01809100 
0.01807100 
0.01807700 
0.01809600 
0.01810000 
0.01808900 
0.01805900 
0.01808000 
0.01811300 
0.01809700 
0.01815000 
0.01816100 
0.01815100 
0.01817300 
0.01820900 
0.01824500 
0.01825400 
0.01824000 
0.01823600 
0.01825400 
0.01825300 
0.01827200 
0.01828000 
0.01827000 
0.01828000 
0.01827000 
0.01830000 
0.01830000 
0.01832500 
0.01833200 
0.01832900 
0.01832000 
0.01831000 
0.01832600 
0.01831600 
0.01831000 
0.01829900 
0.01827200 
0.01827000 
0.01825100 
0.01825000 
0.01823100 
0.01822900 
0.01819300 
0.01822000 
0.01821900 
0.01822400 
0.01826000 
0.01826100 
0.01826300 
0.01822000 
0.01823100 
0.01828700 
0.01829100 
0.01831000 
0.01828200 
0.01828000 
0.01829700 
0.01826600 
0.01821800 
0.01826000 
0.01822000 
0.01823000 
0.01821100 
0.01826000 
0.01826000 
0.01823300 
0.01827100 
0.01831000 
0.01830000 
0.01828700 
0.01826800 
0.01825100 
0.01824000 
0.01822700 
0.01822000 
0.01822000 
0.01821600 
0.01822900 
0.01824000 
0.01820800 
0.01819400 
0.01819300 
0.01827000 
0.01825000 
0.01820000 
0.01822000 
0.01821900 
0.01820000 
0.01820000 
0.01822900 
0.01820000 
0.01818000 
0.01817000 
0.01816900 
0.01812100 
0.01814800 
0.01813800 
0.01813000 
0.01812800 
0.01813800 
0.01810100 
0.01815000 
0.01816300 
0.01808300 
0.01814700 
0.01813400 
0.01808000 
0.01806200 
0.01802900 
0.01805000 
0.01812000 
0.01813000 
0.01806200 
0.01808600 
0.01808700 
0.01815800 
0.01823200 
0.01825900 
0.01822200 
0.01819000 
0.01822000 
0.01820000 
0.01816200 
0.01818100 
0.01819100 
0.01814200 
0.01817000 
0.01816900 
0.01819100 
0.01818700 
0.01825000 
0.01826800 
0.01824200 
0.01829300 
0.01831000 
0.01830900 
0.01825500 
0.01824700 
0.01824000 
0.01822500 
0.01826000 
0.01823000 
0.01817000 
0.01818100 
0.01816100 
0.01816000 
0.01805500 
0.01811500 
0.01815300 
0.01810000 
0.01816900 
0.01810000 
0.01811000 
0.01810100 
0.01801100 
0.01800200 
0.01802900 
0.01801200 
0.01803500 
0.01803000 
0.01803800 
0.01802200 
0.01805600 
0.01803200 
0.01801900 
0.01801900 
0.01800000 
0.01805700 
0.01802400 
0.01804700 
0.01804900 
0.01805900 
0.01800000 
0.01796800 
0.01797000 
0.01792800 
0.01793900 
0.01795300 
0.01800900 
0.01796900 
0.01805600 
0.01810800 
0.01812200 
0.01811400 
0.01813000 
0.01815100 
0.01817000 
0.01814900 
0.01813000 
0.01811500 
0.01814000 
0.01813700 
0.01814900 
0.01810500 
0.01810600 
0.01810600 
0.01810400 
0.01810500 
0.01810300 
0.01810200 
0.01810200 
0.01808100 
0.01808000 
0.01807000 
0.01804200 
0.01809700 
0.01809400 
0.01809100 
0.01808500 
0.01808600 
0.01805000 
0.01802000 
0.01801900 
0.01801100 
0.01798000 
0.01798000 
0.01797300 
0.01798500 
0.01796000 
0.01797300 
0.01798100 
0.01799500 
0.01797100 
0.01799400 
0.01795700 
0.01795000 
0.01793800 
0.01790300 
0.01788000 
0.01790100 
0.01788000 
0.01786100 
0.01784000 
0.01789000 
0.01780300 
0.01783000 
0.01782100 
0.01782100 
0.01782400 
0.01782000 
0.01782000 
0.01779000 
0.01781000 
0.01783800 
0.01782000 
0.01784500 
0.01781700 
0.01779700 
0.01774600 
0.01776500 
0.01776500 
0.01774700 
0.01777000 
0.01779600 
0.01778000 
0.01773000 
0.01772000 
0.01766000 
0.01766300 
0.01767100 
0.01774000 
0.01770900 
0.01770400 
0.01769000 
0.01768900 
0.01766200 
0.01768300 
0.01770800 
0.01766300 
0.01771000 
0.01771200 
0.01776000 
0.01777700 
0.01776900 
0.01776900 
0.01774800 
0.01772000 
0.01772500 
0.01772100 
0.01770000 
0.01775500 
0.01773100 
0.01774900 
0.01773200 
0.01770000 
0.01772900 
0.01770800 
0.01773100 
0.01774200 
0.01782300 
0.01778000 
0.01778400 
0.01780100 
0.01778500 
0.01778100 
0.01779000 
0.01777600 
0.01776500 
0.01777300 
0.01778000 
0.01776200 
0.01780000 
0.01779900 
0.01779800 
0.01777100 
0.01778000 
0.01777800 
0.01771500 
0.01773000 
0.01770100 
0.01768200 
0.01772800 
0.01771400 
0.01775900 
0.01777000 
0.01776800 
0.01779500 
0.01779500 
0.01778800 
0.01781900 
0.01781500 
0.01779400 
0.01776700 
0.01776800 
0.01766200 
0.01763500 
0.01761600 
0.01757900 
0.01753600 
0.01753600 
0.01756000 
0.01754100 
0.01753500 
0.01747100 
0.01749700 
0.01744400 
0.01750900 
0.01747000 
0.01746100 
0.01749900 
0.01749900 
0.01750000 
0.01753000 
0.01751600 
0.01755500 
0.01753700 
0.01753800 
0.01754000 
0.01756300 
0.01760000 
0.01760200 
0.01760100 
0.01763900 
0.01762100 
0.01764200 
0.01763500 
0.01767800 
0.01766200 
0.01769900 
0.01770000 
0.01768600 
0.01770000 
0.01771500 
0.01776400 
0.01777600 
0.01774600 
0.01771400 
0.01778400 
0.01776100 
0.01774100 
0.01770400 
0.01772700 
0.01777700 
0.01773200 
0.01769000 
0.01766400 
0.01771200 
0.01767000 
0.01770000 
0.01771800 
0.01771400 
0.01770000 
0.01770200 
0.01771900 
0.01770500 
0.01773400 
0.01770300 
0.01773700 
0.01771100 
0.01773900 
0.01770000 
0.01773400 
0.01776000 
0.01779700 
0.01782900 
0.01787200 
0.01787700 
0.01779000 
0.01776900 
0.01772900 
0.01773900 
0.01776900 
0.01782000 
0.01781900 
0.01782000 
0.01785800 
0.01790200 
0.01790000 
0.01796000 
0.01798200 
0.01798400 
0.01797300 
0.01800000 
0.01795900 
0.01795900 
0.01791500 
0.01787000 
0.01790000 
0.01785000 
0.01785800 
0.01790200 
0.01788000 
0.01783500 
0.01785100 
0.01789700 
0.01788300 
0.01793400 
0.01796000 
0.01796500 
0.01795000 
0.01790000 
0.01782100 
0.01787100 
0.01787100 
0.01787200 
0.01784600 
0.01781400 
0.01784200 
0.01784900 
0.01779000 
0.01778900 
0.01778900 
0.01779100 
0.01779600 
0.01782700 
0.01781900 
0.01781500 
0.01781000 
0.01779000 
0.01779000 
0.01780000 
0.01781400 
0.01781400 
0.01781300 
0.01780000 
0.01775700 
0.01778400 
0.01778500 
0.01775300 
0.01776000 
0.01774000 
0.01769600 
0.01769600 
0.01771400 
0.01767500 
0.01769100 
0.01775400 
0.01770600 
0.01770700 
0.01773700 
0.01777900 
0.01772400 
0.01776000 
0.01779000 
0.01776900 
0.01776500 
0.01781200 
0.01779600 
0.01771200 
0.01771900 
0.01770800 
0.01774500 
0.01777800 
0.01780000 
0.01772500 
0.01777400 
0.01776900 
0.01773000 
0.01776700 
0.01776900 
0.01772200 
0.01770800 
0.01777300 
0.01778900 
0.01776700 
0.01779700 
0.01787600 
0.01784300 
0.01781000 
0.01780300 
0.01779400 
0.01782100 
0.01785500 
0.01782900 
0.01783300 
0.01778800 
0.01782800 
0.01786800 
0.01780100 
0.01782100 
0.01783900 
0.01781900 
0.01783300 
0.01789900 
0.01791300 
0.01791200 
0.01787600 
0.01791500 
0.01791500 
0.01793200 
0.01790200 
0.01792600 
0.01785600 
0.01782200 
0.01783400 
0.01781800 
0.01784900 
0.01786600 
0.01776200 
0.01778000 
0.01783800 
0.01774500 
0.01779000 
0.01777900 
0.01776900 
0.01773200 
0.01776300 
0.01775000 
0.01773800 
0.01775700 
0.01773200 
0.01776000 
0.01781700 
0.01777500 
0.01777800 
0.01785600 
0.01786600 
0.01790400 
0.01790500 
0.01787300 
0.01788800 
0.01785700 
0.01787300 
0.01779100 
0.01779300 
0.01780000 
0.01780000 
0.01789900 
0.01782400 
0.01789200 
0.01794500 
0.01789900 
0.01788900 
0.01785000 
0.01788600 
0.01782600 
0.01786700 
0.01782100 
0.01784600 
0.01784400 
0.01784300 
0.01785000 
0.01780600 
0.01784100 
0.01782000 
0.01786000 
0.01782700 
0.01782300 
0.01783100 
0.01785700 
0.01788100 
0.01789500 
0.01786600 
0.01794200 
0.01798300 
0.01793100 
0.01795300 
0.01797100 
0.01783100 
0.01782000 
0.01781700 
0.01783000 
0.01782000 
0.01783000 
0.01782000 
0.01783000 
0.01785000 
0.01788000 
0.01788200 
0.01792800 
0.01803700 
0.01805200 
0.01806700 
0.01814000 
0.01810500 
0.01810200 
0.01814600 
0.01809900 
0.01806000 
0.01805000 
0.01809900 
0.01808800 
0.01804700 
0.01809500 
0.01813300 
0.01811600 
0.01815000 
0.01810300 
0.01809500 
0.01809600 
0.01809600 
0.01816800 
0.01820900 
0.01824600 
0.01823000 
0.01826600 
0.01827600 
0.01826900 
0.01830100 
0.01833200 
0.01835900 
0.01830100 
0.01832000 
0.01830900 
0.01830000 
0.01830000 
0.01835800 
0.01833100 
0.01835900 
0.01832300 
0.01830600 
0.01832600 
0.01838900 
0.01836500 
0.01834700 
0.01837900 
0.01827800 
0.01824000 
0.01833300 
0.01829200 
0.01830800 
0.01830000 
0.01830000 
0.01830000 
0.01827800 
0.01824000 
0.01823700 
0.01821100 
0.01821900 
0.01824100 
0.01822900 
0.01828500 
0.01819200 
0.01827000 
0.01822000 
0.01815200 
0.01813900 
0.01806800 
0.01806600 
0.01792700 
0.01791300 
0.01785000 
0.01785100 
0.01787500 
0.01783000 
0.01786000 
0.01787000 
0.01789700 
0.01794000 
0.01791800 
0.01790000 
0.01789700 
0.01793500 
0.01790900 
0.01788000 
0.01789600 
0.01785600 
0.01789900 
0.01788300 
0.01786700 
0.01789600 
0.01790000 
0.01784000 
0.01787200 
0.01789500 
0.01787500 
0.01787700 
0.01790000 
0.01796400 
0.01795100 
0.01793200 
0.01795200 
0.01796100 
0.01800000 
0.01798600 
0.01798600 
0.01800000 
0.01799300 
0.01797100 
0.01797100 
0.01794100 
0.01798600 
0.01800000 
0.01800200 
0.01800900 
0.01800200 
0.01800100 
0.01800200 
0.01800100 
0.01800400 
0.01808300 
0.01808300 
0.01813500 
0.01813500 
0.01813500 
0.01820200 
0.01820300 
0.01820600 
0.01820300 
0.01825000 
0.01820500 
0.01820000 
0.01819800 
0.01820000 
0.01828500 
0.01823900 
0.01824200 
0.01820000 
0.01820000 
0.01818700 
0.01815000 
0.01821500 
0.01821500 
0.01824900 
0.01813100 
0.01810000 
0.01803700 
0.01802000 
0.01798900 
0.01798900 
0.01795300 
0.01794800 
0.01799400 
0.01793300 
0.01792100 
0.01792000 
0.01793900 
0.01796500 
0.01792300 
0.01790700 
0.01794400 
0.01798600 
0.01794100 
0.01796400 
0.01795100 
0.01794200 
0.01797000 
0.01799500 
0.01799500 
0.01799500 
0.01795200 
0.01796700 
0.01795100 
0.01799600 
0.01795700 
0.01795100 
0.01799200 
0.01803900 
0.01800500 
0.01798900 
0.01799400 
0.01794000 
0.01793000 
0.01791300 
0.01797500 
0.01800300 
0.01798300 
0.01798600 
0.01802500 
0.01801300 
0.01796000 
0.01799000 
0.01798400 
0.01797400 
0.01800000 
0.01800000 
0.01798400 
0.01800100 
0.01803200 
0.01804100 
0.01804000 
0.01807300 
0.01806500 
0.01805800 
0.01806500 
0.01806500 
0.01809900 
0.01811500 
0.01809000 
0.01809000 
0.01809400 
0.01806300 
0.01809200 
0.01805700 
0.01808300 
0.01806900 
0.01808300 
0.01808300 
0.01811000 
0.01812500 
0.01809200 
0.01808400 
0.01811100 
0.01816600 
0.01812200 
0.01816200 
0.01812000 
0.01814400 
0.01807900 
0.01804300 
0.01798800 
0.01803000 
0.01800000 
0.01795900 
0.01800000 
0.01802000 
0.01807500 
0.01807100 
0.01806600 
0.01804500 
0.01807500 
0.01799800 
0.01806900 
0.01806000 
0.01805500 
0.01804800 
0.01805700 
0.01805700 
0.01810100 
0.01813900 
0.01815600 
0.01815800 
0.01819200 
0.01817500 
0.01817600 
0.01817800 
0.01817400 
0.01822000 
0.01820100 
0.01820000 
0.01814900 
0.01809800 
0.01808400 
0.01806700 
0.01806700 
0.01815000 
0.01815700 
0.01800000 
0.01799100 
0.01803000 
0.01809500 
0.01809900 
0.01805200 
0.01811000 
0.01811200 
0.01809400 
0.01806700 
0.01808300 
0.01806000 
0.01804800 
0.01805300 
0.01802700 
0.01804500 
0.01804300 
0.01805800 
0.01812600 
0.01815200 
0.01810600 
0.01806600 
0.01810900 
0.01808400 
0.01820900 
0.01820600 
0.01818500 
0.01819400 
0.01812500 
0.01814400 
0.01808500 
0.01808500 
0.01810400 
0.01805000 
0.01807000 
0.01804500 
0.01808800 
0.01810000 
0.01810500 
0.01810000 
0.01808000 
0.01805000 
0.01812000 
0.01808000 
0.01811200 
0.01814700 
0.01812300 
0.01812700 
0.01814700 
0.01817700 
0.01817700 
0.01817700 
0.01819800 
0.01819900 
0.01817300 
0.01820000 
0.01819700 
0.01816800 
0.01819800 
0.01816800 
0.01814200 
0.01816500 
0.01812300 
0.01817500 
0.01814400 
0.01810600 
0.01813200 
0.01812800 
0.01814700 
0.01814900 
0.01817000 
0.01814700 
0.01814700 
0.01814900 
0.01815100 
0.01815100 
0.01817100 
0.01820500 
0.01818600 
0.01819700 
0.01818600 
0.01818100 
0.01820000 
0.01821800 
0.01820200 
0.01821400 
0.01822200 
0.01819000 
0.01819400 
0.01819800 
0.01819700 
0.01819000 
0.01821900 
0.01820800 
0.01818700 
0.01819400 
0.01819200 
0.01819600 
0.01821400 
0.01820600 
0.01820900 
0.01820000 
0.01818900 
0.01821500 
0.01823100 
0.01820000 
0.01818700 
0.01819600 
0.01815100 
0.01815800 
0.01816300 
0.01816700 
0.01819800 
0.01813800 
0.01811800 
0.01807100 
0.01809600 
0.01808400 
0.01806100 
0.01807900 
0.01807500 
0.01806900 
0.01809400 
0.01811800 
0.01814300 
0.01812700 
0.01813000 
0.01810900 
0.01807100 
0.01811500 
0.01815000 
0.01815000 
0.01817000 
0.01813300 
0.01811800 
0.01809600 
0.01811000 
0.01810900 
0.01813400 
0.01811800 
0.01814900 
0.01810300 
0.01809800 
0.01806100 
0.01807700 
0.01808100 
0.01808100 
0.01808100 
0.01808100 
0.01808000 
0.01809400 
0.01811100 
0.01804800 
0.01801400 
0.01805300 
0.01800100 
0.01807800 
0.01805800 
0.01806000 
0.01808600 
0.01817000 
0.01816000 
0.01816700 
0.01819900 
0.01813000 
0.01807100 
0.01803100 
0.01806100 
0.01804000 
0.01800200 
0.01798700 
0.01800100 
0.01794600 
0.01796000 
0.01798200 
0.01799400 
0.01799300 
0.01797900 
0.01797000 
0.01798000 
0.01797300 
0.01802400 
0.01803300 
0.01809900 
0.01815000 
0.01816100 
0.01810200 
0.01813000 
0.01806100 
0.01809900 
0.01817100 
0.01814600 
0.01814300 
0.01814900 
0.01814900 
0.01815000 
0.01816100 
0.01820800 
0.01819600 
0.01820500 
0.01819600 
0.01822900 
0.01822300 
0.01825400 
0.01823800 
0.01824800 
0.01825000 
0.01825000 
0.01822900 
0.01821900 
0.01823900 
0.01820000 
0.01821000 
0.01821200 
0.01821000 
0.01824000 
0.01821000 
0.01822000 
0.01821000 
0.01818700 
0.01813000 
0.01818000 
0.01818900 
0.01815000 
0.01817000 
0.01811300 
0.01811000 
0.01810000 
0.01812900 
0.01810000 
0.01811900 
0.01811900 
0.01813100 
0.01813100 
0.01814100 
0.01812000 
0.01816600 
0.01815900 
0.01815600 
0.01817100 
0.01822000 
0.01818000 
0.01819000 
0.01814000 
0.01813000 
0.01812000 
0.01807000 
0.01806800 
0.01809000 
0.01809000 
0.01808900 
0.01806800 
0.01808300 
0.01812000 
0.01807900 
0.01812500 
0.01813700 
0.01810900 
0.01817200 
0.01817100 
0.01816900 
0.01819100 
0.01823000 
0.01824000 
0.01823200 
0.01823000 
0.01818000 
0.01805100 
0.01805100 
0.01810400 
0.01813900 
0.01810600 
0.01810000 
0.01807200 
0.01806000 
0.01815900 
0.01817000 
0.01814000 
0.01803900 
0.01800200 
0.01800000 
0.01800000 
0.01800000 
0.01803900 
0.01800000 
0.01802300 
0.01809000 
0.01810000 
0.01812000 
0.01810000 
0.01808000 
0.01811400 
0.01811000 
0.01810600 
0.01812000 
0.01815000 
0.01822600 
0.01819900 
0.01820600 
0.01823000 
0.01831800 
0.01830100 
0.01834400 
0.01830000 
0.01831000 
0.01833200 
0.01836000 
0.01834000 
0.01828300 
0.01819300 
0.01814800 
0.01811600 
0.01817400 
0.01815600 
0.01815900 
0.01824600 
0.01825100 
0.01825000 
0.01830000 
0.01821100 
0.01820800 
0.01828300 
0.01822100 
0.01821000 
0.01814300 
0.01810000 
0.01806000 
0.01810000 
0.01810000 
0.01807000 
0.01806900 
0.01806000 
0.01806100 
0.01809100 
0.01804100 
0.01802300 
0.01801800 
0.01800000 
0.01793800 
0.01794200 
0.01790000 
0.01787100 
0.01800200 
0.01795300 
0.01807000 
0.01807900 
0.01801900 
0.01796200 
0.01806800 
0.01800500 
0.01799900 
0.01785200 
0.01770100 
0.01767500 
0.01767500 
0.01770300 
0.01766500 
0.01778000 
0.01786500 
0.01786700 
0.01789500 
0.01787000 
0.01789200 
0.01786000 
0.01781800 
0.01783900 
0.01777100 
0.01779000 
0.01783600 
0.01780500 
0.01780500 
0.01780800 
0.01776800 
0.01784700 
0.01786000 
0.01786000 
0.01786000 
0.01786000 
0.01786000 
0.01786200 
0.01786200 
0.01788000 
0.01789500 
0.01788600 
0.01789600 
0.01790100 
0.01790100 
0.01793300 
0.01793500 
0.01796000 
0.01792100 
0.01793900 
0.01793700 
0.01791300 
0.01796200 
0.01795900 
0.01797300 
0.01795900 
0.01794400 
0.01795900 
0.01794000 
0.01792500 
0.01792400 
0.01791000 
0.01791500 
0.01794000 
0.01789400 
0.01788800 
0.01795100 
0.01794600 
0.01797300 
0.01793000 
0.01797300 
0.01803400 
0.01805000 
0.01802200 
0.01795000 
0.01801000 
0.01805000 
0.01801000 
0.01802000 
0.01801600 
0.01800100 
0.01802100 
0.01800300 
0.01802000 
0.01800700 
0.01800000 
0.01795300 
0.01798900 
0.01799500 
0.01796700 
0.01790000 
0.01792000 
0.01794900 
0.01790000 
0.01789800 
0.01790100 
0.01803000 
0.01800900 
0.01796000 
0.01792000 
0.01784000 
0.01784000 
0.01786500 
0.01789600 
0.01788000 
0.01785200 
0.01788000 
0.01792000 
0.01782000 
0.01778400 
0.01769900 
0.01773400 
0.01778500 
0.01783400 
0.01779500 
0.01779200 
0.01781100 
0.01786400 
0.01787900 
0.01792900 
0.01789000 
0.01794100 
0.01787100 
0.01786200 
0.01787000 
0.01797000 
0.01795100 
0.01789500 
0.01798000 
0.01803000 
0.01802700 
0.01785900 
0.01781000 
0.01776000 
0.01773900 
0.01781400 
0.01783100 
0.01786000 
0.01783500 
0.01783100 
0.01785500 
0.01785000 
0.01786900 
0.01787200 
0.01793600 
0.01788300 
0.01787500 
0.01786500 
0.01791200 
0.01793500 
0.01790500 
0.01793500 
0.01793900 
0.01795500 
0.01800100 
0.01801300 
0.01799000 
0.01801000 
0.01805300 
0.01805300 
0.01803100 
0.01804000 
0.01802000 
0.01801100 
0.01797700 
0.01797000 
0.01792700 
0.01795300 
0.01790000 
0.01788000 
0.01787500 
0.01794400 
0.01794300 
0.01794000 
0.01794400 
0.01797000 
0.01793400 
0.01789300 
0.01795200 
0.01800500 
0.01802600 
0.01808000 
0.01806200 
0.01806100 
0.01809600 
0.01808000 
0.01808000 
0.01812000 
0.01808900 
0.01811100 
0.01809800 
0.01810200 
0.01810200 
0.01810100 
0.01806000 
0.01808000 
0.01815300 
0.01815100 
0.01815100 
0.01819400 
0.01820000 
0.01820100 
0.01823200 
0.01826700 
0.01823600 
0.01824500 
0.01823800 
0.01823800 
0.01822600 
0.01825000 
0.01821000 
0.01822800 
0.01817900 
0.01818900 
0.01818000 
0.01817800 
0.01816800 
0.01815600 
0.01814900 
0.01807600 
0.01812400 
0.01816000 
0.01823300 
0.01829900 
0.01838000 
0.01841900 
0.01842100 
0.01841100 
0.01840300 
0.01843500 
0.01845900 
0.01845200 
0.01843400 
0.01846000 
0.01843800 
0.01849100 
0.01838500 
0.01836400 
0.01834500 
0.01831100 
0.01832700 
0.01831200 
0.01830000 
0.01828500 
0.01832000 
0.01836900 
0.01836900 
0.01836000 
0.01836900 
0.01836000 
0.01831300 
0.01829000 
0.01826100 
0.01821800 
0.01812000 
0.01818200 
0.01820300 
0.01830600 
0.01833400 
0.01832100 
0.01827900 
0.01824800 
0.01821100 
0.01817400 
0.01809300 
0.01819900 
0.01825000 
0.01826000 
0.01824000 
0.01821000 
0.01812000 
0.01815000 
0.01819000 
0.01817000 
0.01805200 
0.01802100 
0.01781400 
0.01774900 
0.01771000 
0.01770200 
0.01768100 
0.01771700 
0.01771900 
0.01766600 
0.01768100 
0.01766400 
0.01767000 
0.01770000 
0.01771000 
0.01771100 
0.01771000 
0.01774300 
0.01784500 
0.01781700 
0.01777500 
0.01779600 
0.01773000 
0.01776000 
0.01768100 
0.01765800 
0.01762000 
0.01762000 
0.01762000 
0.01762000 
0.01759000 
0.01762000 
0.01759300 
0.01754000 
0.01752000 
0.01750900 
0.01759500 
0.01759600 
0.01760100 
0.01759900 
0.01759600 
0.01760800 
0.01766500 
0.01754000 
0.01749800 
0.01750100 
0.01753000 
0.01755000 
0.01753200 
0.01752500 
0.01756600 
0.01755000 
0.01747700 
0.01752300 
0.01753500 
0.01758000 
0.01760900 
0.01766000 
0.01769000 
0.01770000 
0.01769000 
0.01769000 
0.01772700 
0.01772900 
0.01763800 
0.01767000 
0.01767300 
0.01769700 
0.01764400 
0.01760900 
0.01762400 
0.01774000 
0.01772800 
0.01777700 
0.01772800 
0.01775300 
0.01777200 
0.01770700 
0.01751800 
0.01751000 
0.01759400 
0.01758800 
0.01754000 
0.01754000 
0.01755100 
0.01761500 
0.01767000 
0.01762600 
0.01763800 
0.01771700 
0.01763800 
0.01772700 
0.01766500 
0.01767000 
0.01774300 
0.01775300 
0.01782000 
0.01780900 
0.01780000 
0.01781000 
0.01779000 
0.01781900 
0.01780900 
0.01779000 
0.01779900 
0.01783000 
0.01782400 
0.01783000 
0.01781000 
0.01783000 
0.01787000 
0.01787700 
0.01785700 
0.01785000 
0.01780700 
0.01780900 
0.01787900 
0.01791000 
0.01794000 
0.01791500 
0.01793100 
0.01792900 
0.01793200 
0.01798000 
0.01801400 
0.01801000 
0.01800400 
0.01805000 
0.01796500 
0.01797000 
0.01797300 
0.01797900 
0.01798000 
0.01798000 
0.01800900 
0.01799000 
0.01796800 
0.01796800 
0.01794800 
0.01793000 
0.01792000 
0.01794200 
0.01791000 
0.01794000 
0.01789100 
0.01792000 
0.01788000 
0.01792000 
0.01794400 
0.01789900 
0.01792000 
0.01789200 
0.01789800 
0.01794000 
0.01795300 
0.01799100 
0.01803000 
0.01803000 
0.01806600 
0.01798000 
0.01799000 
0.01804500 
0.01797900 
0.01794900 
0.01801800 
0.01805400 
0.01802400 
0.01800200 
0.01794700 
0.01794500 
0.01786900 
0.01787900 
0.01787900 
0.01786900 
0.01787100 
0.01786900 
0.01786000 
0.01786800 
0.01784000 
0.01784100 
0.01784200 
0.01785200 
0.01782900 
0.01783000 
0.01783000 
0.01781100 
0.01785600 
0.01796100 
0.01805200 
0.01810900 
0.01809300 
0.01806000 
0.01803600 
0.01799800 
0.01797800 
0.01790000 
0.01790000 
0.01791900 
0.01792000 
0.01795000 
0.01793700 
0.01792000 
0.01791600 
0.01788100 
0.01791300 
0.01789800 
0.01789900 
0.01792400 
0.01798200 
0.01799600 
0.01803000 
0.01809700 
0.01809500 
0.01809700 
0.01806000 
0.01801100 
0.01800000 
0.01800000 
0.01786100 
0.01777300 
0.01768200 
0.01772300 
0.01775200 
0.01774200 
0.01778800 
0.01771900 
0.01775000 
0.01776800 
0.01780000 
0.01780200 
0.01782800 
0.01780900 
0.01779000 
0.01780300 
0.01787400 
0.01790000 
0.01790200 
0.01790000 
0.01792100 
0.01795900 
0.01796900 
0.01797000 
0.01800400 
0.01804000 
0.01803000 
0.01807500 
0.01809400 
0.01804900 
0.01802300 
0.01800900 
0.01799300 
0.01800800 
0.01804000 
0.01804000 
0.01804000 
0.01803500 
0.01802200 
0.01805800 
0.01808200 
0.01807500 
0.01810000 
0.01810800 
0.01811700 
0.01811800 
0.01810100 
0.01810100 
0.01811100 
0.01812500 
0.01812400 
0.01815000 
0.01815000 
0.01813800 
0.01813900 
0.01809800 
0.01809000 
0.01805100 
0.01807700 
0.01801300 
0.01801000 
0.01800100 
0.01800100 
0.01801000 
0.01797500 
0.01798000 
0.01800300 
0.01800400 
0.01800100 
0.01800700 
0.01801800 
0.01804000 
0.01805000 
0.01805200 
0.01805000 
0.01804900 
0.01804800 
0.01804700 
0.01807100 
0.01812500 
0.01814700 
0.01817500 
0.01816800 
0.01818500 
0.01819700 
0.01821000 
0.01821000 
0.01821500 
0.01821100 
0.01821100 
0.01821500 
0.01821500 
0.01823000 
0.01823900 
0.01821000 
0.01822000 
0.01823500 
0.01823500 
0.01822000 
0.01822000 
0.01821000 
0.01821400 
0.01816800 
0.01813200 
0.01813500 
0.01814000 
0.01811700 
0.01811000 
0.01810000 
0.01810000 
0.01810000 
0.01810000 
0.01810000 
0.01811200 
0.01813900 
0.01810400 
0.01812000 
0.01812000 
0.01816000 
0.01817100 
0.01816700 
0.01816000 
0.01817000 
0.01816800 
0.01815400 
0.01820600 
0.01820600 
0.01819700 
0.01820000 
0.01819600 
0.01819600 
0.01819800 
0.01817500 
0.01817000 
0.01817000 
0.01817000 
0.01819000 
0.01818000 
0.01814200 
0.01814000 
0.01810400 
0.01816000 
0.01815500 
0.01815900 
0.01820000 
0.01820400 
0.01821000 
0.01820900 
0.01823100 
0.01825700 
0.01824200 
0.01823100 
0.01824000 
0.01824000 
0.01824000 
0.01823700 
0.01825900 
0.01824000 
0.01824000 
0.01825000 
0.01827000 
0.01821900 
0.01820900 
0.01819000 
0.01815800 
0.01818100 
0.01814200 
0.01815900 
0.01816900 
0.01818200 
0.01814400 
0.01812700 
0.01812600 
0.01817500 
0.01813900 
0.01807700 
0.01799900 
0.01799300 
0.01798500 
0.01796700 
0.01801400 
0.01805000 
0.01803300 
0.01803400 
0.01807700 
0.01804000 
0.01802400 
0.01802300 
0.01802900 
0.01803200 
0.01806200 
0.01805300 
0.01810400 
0.01810000 
0.01799900 
0.01802400 
0.01802900 
0.01803100 
0.01805000 
0.01803700 
0.01807200 
0.01809500 
0.01809700 
0.01806500 
0.01808800 
0.01807800 
0.01810100 
0.01808600 
0.01804100 
0.01804100 
0.01803000 
0.01803300 
0.01802500 
0.01803300 
0.01800800 
0.01800000 
0.01796100 
0.01797700 
0.01794400 
0.01794900 
0.01796400 
0.01795100 
0.01795100 
0.01797200 
0.01800000 
0.01796700 
0.01796700 
0.01798400 
0.01797100 
0.01796500 
0.01796700 
0.01794200 
0.01793300 
0.01797300 
0.01797900 
0.01801000 
0.01803200 
0.01796900 
0.01798300 
0.01799000 
0.01798300 
0.01801100 
0.01801100 
0.01801800 
0.01801300 
0.01801300 
0.01801100 
0.01800400 
0.01800300 
0.01804000 
0.01804500 
0.01801500 
0.01802800 
0.01806800 
0.01807800 
0.01808600 
0.01804300 
0.01804800 
0.01804900 
0.01804100 
0.01804100 
0.01804300 
0.01804300 
0.01803000 
0.01804100 
0.01801900 
0.01804300 
0.01802500 
0.01805200 
0.01805400 
0.01804600 
0.01805000 
0.01811600 
0.01808900 
0.01811100 
0.01815200 
0.01810400 
0.01809300 
0.01813200 
0.01805900 
0.01802600 
0.01802000 
0.01802600 
0.01808700 
0.01808900 
0.01806300 
0.01805100 
0.01814300 
0.01816600 
0.01817000 
0.01816600 
0.01812500 
0.01822200 
0.01822400 
0.01823000 
0.01820800 
0.01818600 
0.01820800 
0.01819800 
0.01819800 
0.01818500 
0.01818800 
0.01815400 
0.01820000 
0.01820000 
0.01820300 
0.01819000 
0.01817000 
0.01823600 
0.01825100 
0.01827000 
0.01829500 
0.01829900 
0.01829400 
0.01827300 
0.01827200 
0.01826000 
0.01823400 
0.01826500 
0.01826500 
0.01825200 
0.01823200 
0.01819000 
0.01820400 
0.01820400 
0.01823700 
0.01819100 
0.01822400 
0.01820400 
0.01822800 
0.01824200 
0.01824800 
0.01821300 
0.01824400 
0.01823500 
0.01824700 
0.01823500 
0.01824800 
0.01822000 
0.01823800 
0.01825900 
0.01824400 
0.01824500 
0.01822700 
0.01823000 
0.01826500 
0.01827300 
0.01823300 
0.01823200 
0.01823500 
0.01824500 
0.01820000 
0.01820600 
0.01818300 
0.01820000 
0.01817900 
0.01818300 
0.01819000 
0.01820000 
0.01819700 
0.01816900 
0.01816900 
0.01815200 
0.01819100 
0.01823300 
0.01821000 
0.01821000 
0.01821000 
0.01821200 
0.01825400 
0.01824800 
0.01822700 
0.01822200 
0.01824700 
0.01826000 
0.01829000 
0.01834000 
0.01832900 
0.01828800 
0.01826500 
0.01826000 
0.01826000 
0.01826200 
0.01824500 
0.01824000 
0.01825500 
0.01825500 
0.01827600 
0.01828100 
0.01825200 
0.01827400 
0.01828000 
0.01831000 
0.01829000 
0.01830400 
0.01834300 
0.01836700 
0.01839500 
0.01838000 
0.01839900 
0.01838200 
0.01838200 
0.01836000 
0.01835800 
0.01836500 
0.01836100 
0.01836300 
0.01836400 
0.01833900 
0.01829900 
0.01837700 
0.01840000 
0.01840400 
0.01840600 
0.01844600 
0.01844600 
0.01846000 
0.01844000 
0.01844000 
0.01844000 
0.01845700 
0.01841700 
0.01842000 
0.01840300 
0.01840300 
0.01840100 
0.01840500 
0.01837400 
0.01837500 
0.01837100 
0.01837000 
0.01837600 
0.01837000 
0.01837000 
0.01837700 
0.01837400 
0.01836800 
0.01833500 
0.01834200 
0.01833300 
0.01831600 
0.01831000 
0.01831000 
0.01828900 
0.01831300 
0.01831000 
0.01831700 
0.01831900 
0.01831500 
0.01831900 
0.01829000 
0.01829800 
0.01829800 
0.01830000 
0.01829800 
0.01832000 
0.01835700 
0.01834000 
0.01831200 
0.01833300 
0.01834500 
0.01836700 
0.01834500 
0.01837500 
0.01836600 
0.01836600 
0.01836800 
0.01836100 
0.01835700 
0.01835600 
0.01837500 
0.01837700 
0.01835500 
0.01837100 
0.01835500 
0.01837900 
0.01835500 
0.01835400 
0.01835100 
0.01835400 
0.01835600 
0.01835600 
0.01835000 
0.01835600 
0.01834700 
0.01832900 
0.01831300 
0.01828500 
0.01829000 
0.01826800 
0.01830100 
0.01830500 
0.01827700 
0.01832900 
0.01840000 
0.01839700 
0.01841200 
0.01843000 
0.01844100 
0.01845000 
0.01842900 
0.01842900 
0.01842800 
0.01838600 
0.01834500 
0.01833600 
0.01833500 
0.01830800 
0.01833400 
0.01829300 
0.01839300 
0.01838800 
0.01841100 
0.01840300 
0.01837300 
0.01837700 
0.01833200 
0.01833500 
0.01837700 
0.01833300 
0.01835100 
0.01835400 
0.01837700 
0.01839600 
0.01835100 
0.01833700 
0.01832100 
0.01831700 
0.01834300 
0.01837100 
0.01831100 
0.01832900 
0.01832500 
0.01831000 
0.01823900 
0.01823100 
0.01818500 
0.01815000 
0.01815300 
0.01818700 
0.01816000 
0.01814100 
0.01816900 
0.01814000 
0.01810000 
0.01810000 
0.01808500 
0.01808400 
0.01801500 
0.01808800 
0.01808800 
0.01808700 
0.01808700 
0.01808700 
0.01808700 
0.01807200 
0.01805300 
0.01802500 
0.01802400 
0.01798700 
0.01799800 
0.01801700 
0.01799800 
0.01798800 
0.01798800 
0.01798800 
0.01800500 
0.01797200 
0.01800000 
0.01794300 
0.01799900 
0.01800000 
0.01800000 
0.01800000 
0.01800000 
0.01796500 
0.01799000 
0.01799300 
0.01795500 
0.01799100 
0.01795000 
0.01794100 
0.01799100 
0.01795600 
0.01799500 
0.01799700 
0.01800100 
0.01799400 
0.01800100 
0.01799100 
0.01795800 
0.01802100 
0.01803600 
0.01803800 
0.01803800 
0.01806800 
0.01810000 
0.01808500 
0.01808200 
0.01808000 
0.01803500 
0.01806100 
0.01806400 
0.01806400 
0.01803200 
0.01808500 
0.01803600 
0.01802700 
0.01802700 
0.01800000 
0.01795600 
0.01800000 
0.01802400 
0.01797000 
0.01796700 
0.01795500 
0.01790000 
0.01786400 
0.01793400 
0.01795000 
0.01793600 
0.01797400 
0.01793000 
0.01776200 
0.01770900 
0.01770100 
0.01770000 
0.01771800 
0.01773600 
0.01775000 
0.01774600 
0.01770400 
0.01770600 
0.01774400 
0.01776200 
0.01786500 
0.01783700 
0.01774700 
0.01774300 
0.01784100 
0.01787800 
0.01793300 
0.01790000 
0.01790500 
0.01792300 
0.01792500 
0.01793600 
0.01796100 
0.01800600 
0.01802600 
0.01801900 
0.01800200 
0.01803500 
0.01800200 
0.01800900 
0.01804200 
0.01809700 
0.01812500 
0.01818800 
0.01814900 
0.01816900 
0.01817400 
0.01822300 
0.01819800 
0.01819800 
0.01818500 
0.01820000 
0.01820700 
0.01817200 
0.01817100 
0.01817200 
0.01820000 
0.01817000 
0.01818400 
0.01818500 
0.01820100 
0.01822200 
0.01821000 
0.01820000 
0.01817900 
0.01816900 
0.01819900 
0.01817700 
0.01820000 
0.01815900 
0.01816500 
0.01819900 
0.01816800 
0.01819400 
0.01816500 
0.01816300 
0.01816200 
0.01816900 
0.01819900 
0.01812800 
0.01812900 
0.01810900 
0.01807000 
0.01804500 
0.01802000 
0.01801800 
0.01803100 
0.01806000 
0.01805600 
0.01801800 
0.01802900 
0.01803700 
0.01801600 
0.01805800 
0.01807300 
0.01807100 
0.01806900 
0.01809200 
0.01807200 
0.01807100 
0.01808500 
0.01810200 
0.01810000 
0.01806900 
0.01800100 
0.01800000 
0.01798100 
0.01800000 
0.01793900 
0.01798000 
0.01799000 
0.01806700 
0.01810300 
0.01810200 
0.01810300 
0.01813600 
0.01813400 
0.01811800 
0.01814200 
0.01816100 
0.01815000 
0.01814900 
0.01814900 
0.01815500 
0.01814000 
0.01815700 
0.01815700 
0.01815600 
0.01815700 
0.01816400 
0.01815900 
0.01816400 
0.01815200 
0.01815200 
0.01815300 
0.01818100 
0.01820400 
0.01819500 
0.01808900 
0.01807300 
0.01802500 
0.01805000 
0.01805000 
0.01801600 
0.01805600 
0.01805800 
0.01809100 
0.01806900 
0.01809000 
0.01808800 
0.01810000 
0.01808000 
0.01808900 
0.01810300 
0.01808900 
0.01808000 
0.01810400 
0.01810500 
0.01810400 
0.01812200 
0.01809600 
0.01812000 
0.01808000 
0.01815200 
0.01819000 
0.01817900 
0.01819100 
0.01817700 
0.01815000 
0.01815000 
0.01813200 
0.01816600 
0.01816200 
0.01820400 
0.01810700 
0.01808700 
0.01805500 
0.01807000 
0.01802900 
0.01800000 
0.01813900 
0.01811700 
0.01817400 
0.01818000 
0.01819700 
0.01814000 
0.01810100 
0.01812700 
0.01812900 
0.01820600 
0.01819000 
0.01819000 
0.01820100 
0.01816500 
0.01815900 
0.01814900 
0.01807300 
0.01795000 
0.01792800 
0.01799200 
0.01804100 
0.01807600 
0.01809300 
0.01800200 
0.01799000 
0.01790000 
0.01785900 
0.01784100 
0.01782100 
0.01779000 
0.01776600 
0.01769600 
0.01767300 
0.01770000 
0.01768000 
0.01766100 
0.01763600 
0.01760800 
0.01756500 
0.01751100 
0.01750900 
0.01751000 
0.01747400 
0.01745400 
0.01745600 
0.01746300 
0.01746400 
0.01753100 
0.01750300 
0.01751800 
0.01749900 
0.01750000 
0.01748900 
0.01760000 
0.01755900 
0.01755800 
0.01755600 
0.01755600 
0.01758300 
0.01759700 
0.01758400 
0.01755500 
0.01755200 
0.01755000 
0.01756700 
0.01752700 
0.01752100 
0.01762000 
0.01764600 
0.01764900 
0.01766600 
0.01763200 
0.01766500 
0.01762000 
0.01766200 
0.01762600 
0.01759900 
0.01756900 
0.01753500 
0.01755200 
0.01750500 
0.01759900 
0.01759900 
0.01757100 
0.01761300 
0.01763200 
0.01763200 
0.01765400 
0.01765300 
0.01767000 
0.01765200 
0.01763300 
0.01767300 
0.01766900 
0.01762800 
0.01766900 
0.01764100 
0.01766700 
0.01762200 
0.01769800 
0.01765000 
0.01764900 
0.01765300 
0.01763300 
0.01765000 
0.01771500 
0.01771700 
0.01770500 
0.01769500 
0.01770200 
0.01770400 
0.01756900 
0.01750600 
0.01750100 
0.01750800 
0.01751000 
0.01750000 
0.01753600 
0.01755800 
0.01756500 
0.01759800 
0.01758100 
0.01753700 
0.01756900 
0.01755000 
0.01755600 
0.01748600 
0.01753700 
0.01746400 
0.01755200 
0.01749800 
0.01748500 
0.01747100 
0.01739900 
0.01740600 
0.01745400 
0.01754700 
0.01759200 
0.01757100 
0.01750100 
0.01745600 
0.01745300 
0.01747000 
0.01755600 
0.01755800 
0.01755600 
0.01757900 
0.01763400 
0.01766600 
0.01766900 
0.01760000 
0.01760000 
0.01760200 
0.01763900 
0.01764500 
0.01754700 
0.01752800 
0.01752800 
0.01753100 
0.01763200 
0.01766200 
0.01759300 
0.01750100 
0.01753900 
0.01756500 
0.01765100 
0.01765900 
0.01765100 
0.01765300 
0.01766000 
0.01766300 
0.01767000 
0.01767500 
0.01769600 
0.01772300 
0.01780100 
0.01786500 
0.01787100 
0.01786500 
0.01789800 
0.01785700 
0.01791900 
0.01789000 
0.01781000 
0.01776100 
0.01775000 
0.01774500 
0.01778700 
0.01777500 
0.01777000 
0.01774800 
0.01785100 
0.01770500 
0.01766300 
0.01765100 
0.01763400 
0.01761000 
0.01762600 
0.01766500 
0.01766100 
0.01770500 
0.01776900 
0.01774700 
0.01780900 
0.01783500 
0.01786600 
0.01790600 
0.01793200 
0.01795800 
0.01794000 
0.01797900 
0.01793800 
0.01795000 
0.01795400 
0.01792700 
0.01792200 
0.01798900 
0.01799700 
0.01800000 
0.01800500 
0.01800000 
0.01799700 
0.01804500 
0.01799400 
0.01803600 
0.01800400 
0.01803700 
0.01803500 
0.01800400 
0.01797800 
0.01795100 
0.01792200 
0.01792200 
0.01795700 
0.01794800 
0.01791600 
0.01795000 
0.01795800 
0.01797700 
0.01795200 
0.01795700 
0.01798000 
0.01797400 
0.01798100 
0.01800000 
0.01800200 
0.01802100 
0.01803900 
0.01802100 
0.01804200 
0.01800700 
0.01798300 
0.01799600 
0.01807500 
0.01806600 
0.01807600 
0.01810900 
0.01811000 
0.01812700 
0.01812800 
0.01810600 
0.01813100 
0.01813100 
0.01814800 
0.01815700 
0.01815000 
0.01812600 
0.01811400 
0.01811700 
0.01806900 
0.01806800 
0.01806400 
0.01803300 
0.01803300 
0.01801000 
0.01803000 
0.01798400 
0.01798600 
0.01798400 
0.01799300 
0.01799900 
0.01799800 
0.01798400 
0.01799200 
0.01798500 
0.01799500 
0.01799500 
0.01800000 
0.01799600 
0.01800000 
0.01800500 
0.01800200 
0.01804600 
0.01802500 
0.01800000 
0.01798000 
0.01799000 
0.01799500 
0.01796600 
0.01795200 
0.01797300 
0.01799800 
0.01799700 
0.01798200 
0.01794700 
0.01793700 
0.01796700 
0.01797900 
0.01798200 
0.01800800 
0.01803700 
0.01803900 
0.01804000 
0.01802100 
0.01800000 
0.01800000 
0.01804000 
0.01804300 
0.01810400 
0.01810200 
0.01811400 
0.01809500 
0.01809900 
0.01807400 
0.01807000 
0.01812200 
0.01813400 
0.01814500 
0.01812100 
0.01812300 
0.01810000 
0.01811000 
0.01811000 
0.01804300 
0.01811000 
0.01812400 
0.01810000 
0.01810000 
0.01809700 
0.01809400 
0.01809200 
0.01808900 
0.01804100 
0.01805700 
0.01804500 
0.01800300 
0.01802800 
0.01799000 
0.01794100 
0.01797100 
0.01800800 
0.01801100 
0.01800800 
0.01800600 
0.01801200 
0.01800000 
0.01798900 
0.01798400 
0.01799900 
0.01798200 
0.01798800 
0.01795100 
0.01794500 
0.01787300 
0.01786900 
0.01786200 
0.01780100 
0.01779700 
0.01780800 
0.01781900 
0.01783100 
0.01781600 
0.01781000 
0.01782000 
0.01784500 
0.01784900 
0.01782900 
0.01783000 
0.01783000 
0.01783400 
0.01784000 
0.01784000 
0.01790700 
0.01787800 
0.01784400 
0.01789000 
0.01789000 
0.01788900 
0.01788900 
0.01789300 
0.01791100 
0.01795000 
0.01799600 
0.01794800 
0.01794400 
0.01793700 
0.01790600 
0.01791500 
0.01792600 
0.01793900 
0.01792400 
0.01793800 
0.01793900 
0.01793600 
0.01793900 
0.01793900 
0.01787500 
0.01787900 
0.01789700 
0.01785200 
0.01785400 
0.01790000 
0.01790600 
0.01790500 
0.01793800 
0.01790200 
0.01794000 
0.01792800 
0.01796700 
0.01793700 
0.01794800 
0.01789300 
0.01783300 
0.01796200 
0.01793300 
0.01797300 
0.01799300 
0.01798500 
0.01796000 
0.01795600 
0.01794200 
0.01793800 
0.01791300 
0.01792700 
0.01789900 
0.01787100 
0.01790400 
0.01793700 
0.01794100 
0.01786100 
0.01786300 
0.01789100 
0.01794900 
0.01794700 
0.01795900 
0.01789500 
0.01800900 
0.01802800 
0.01806300 
0.01806500 
0.01806500 
0.01806300 
0.01805200 
0.01806400 
0.01803600 
0.01810000 
0.01810200 
0.01813700 
0.01810000 
0.01809400 
0.01809300 
0.01809300 
0.01805200 
0.01799900 
0.01797700 
0.01795100 
0.01795000 
0.01791800 
0.01792600 
0.01792000 
0.01795700 
0.01800700 
0.01802300 
0.01809200 
0.01810000 
0.01810100 
0.01813400 
0.01810000 
0.01813400 
0.01813900 
0.01810500 
0.01814800 
0.01810300 
0.01814700 
0.01812600 
0.01809300 
0.01814700 
0.01814200 
0.01814200 
0.01814300 
0.01816800 
0.01816700 
0.01814500 
0.01815900 
0.01813600 
0.01814200 
0.01813800 
0.01814300 
0.01814100 
0.01818500 
0.01820200 
0.01822000 
0.01820900 
0.01822000 
0.01820900 
0.01818700 
0.01818500 
0.01818500 
0.01821400 
0.01820800 
0.01815800 
0.01810000 
0.01809000 
0.01809000 
0.01808800 
0.01802800 
0.01807400 
0.01808900 
0.01807800 
0.01808500 
0.01807800 
0.01807400 
0.01799900 
0.01799900 
0.01796700 
0.01796600 
0.01801000 
0.01806800 
0.01792300 
0.01787500 
0.01788000 
0.01790200 
0.01789900 
0.01788400 
0.01785400 
0.01789000 
0.01785400 
0.01786500 
0.01777500 
0.01778000 
0.01775000 
0.01792900 
0.01802700 
0.01803400 
0.01803600 
0.01801200 
0.01804800 
0.01797100 
0.01797200 
0.01799900 
0.01800200 
0.01802000 
0.01805400 
0.01801600 
0.01806300 
0.01809900 
0.01813500 
0.01812000 
0.01811100 
0.01811000 
0.01810000 
0.01810000 
0.01806900 
0.01805900 
0.01802800 
0.01806600 
0.01801100 
0.01798000 
0.01798300 
0.01798600 
0.01798000 
0.01802100 
0.01805500 
0.01805400 
0.01805300 
0.01800000 
0.01800000 
0.01800000 
0.01806200 
0.01811500 
0.01811800 
0.01814900 
0.01811300 
0.01817100 
0.01812900 
0.01808700 
0.01823700 
0.01820000 
0.01820000 
0.01811400 
0.01808900 
0.01803900 
0.01796800 
0.01796800 
0.01794000 
0.01801100 
0.01799000 
0.01800100 
0.01805700 
0.01808700 
0.01806100 
0.01806500 
0.01794500 
0.01798600 
0.01801200 
0.01801000 
0.01793000 
0.01793400 
0.01792800 
0.01785800 
0.01776900 
0.01778600 
0.01777100 
0.01776600 
0.01770800 
0.01766400 
0.01759900 
0.01752400 
0.01756900 
0.01766100 
0.01773100 
0.01781200 
0.01787400 
0.01789200 
0.01787500 
0.01785200 
0.01770000 
0.01765500 
0.01764800 
0.01766000 
0.01762200 
0.01749300 
0.01750100 
0.01751000 
0.01743800 
0.01737100 
0.01745000 
0.01755200 
0.01760500 
0.01771500 
0.01771200 
0.01745300 
0.01734100 
0.01742800 
0.01757000 
0.01764200 
0.01773400 
0.01780000 
0.01780500 
0.01774000 
0.01773600 
0.01770000 
0.01772900 
0.01782500 
0.01785700 
0.01794100 
0.01796600 
0.01804900 
0.01808100 
0.01814800 
0.01812200 
0.01810200 
0.01811700 
0.01811900 
0.01822700 
0.01825100 
0.01826400 
0.01829500 
0.01826500 
0.01824500 
0.01823400 
0.01821000 
0.01819300 
0.01814100 
0.01808800 
0.01814600 
0.01820000 
0.01820300 
0.01823500 
0.01826500 
0.01827900 
0.01823000 
0.01824600 
0.01821900 
0.01819800 
0.01810000 
0.01807700 
0.01804000 
0.01804200 
0.01802300 
0.01803600 
0.01802000 
0.01800800 
0.01801500 
0.01802100 
0.01804900 
0.01800700 
0.01802000 
0.01798600 
0.01789900 
0.01784000 
0.01775900 
0.01782000 
0.01780200 
0.01784000 
0.01782000 
0.01781600 
0.01778000 
0.01776000 
0.01774700 
0.01772700 
0.01773700 
0.01771400 
0.01774000 
0.01767900 
0.01762400 
0.01739600 
0.01743500 
0.01743700 
0.01746500 
0.01750200 
0.01760100 
0.01766800 
0.01774000 
0.01777000 
0.01780000 
0.01772100 
0.01782200 
0.01790100 
0.01787800 
0.01780000 
0.01766500 
0.01762000 
0.01757000 
0.01744100 
0.01739800 
0.01720000 
0.01714400 
0.01714500 
0.01719000 
0.01719800 
0.01720000 
0.01721300 
0.01716000 
0.01715000 
0.01715200 
0.01711400 
0.01719900 
0.01731400 
0.01737300 
0.01741100 
0.01754600 
0.01749000 
0.01750000 
0.01750400 
0.01753600 
0.01751500 
0.01752000 
0.01754900 
0.01755900 
0.01760000 
0.01761900 
0.01761800 
0.01764100 
0.01765100 
0.01760800 
0.01759500 
0.01755000 
0.01756000 
0.01757100 
0.01756900 
0.01759200 
0.01762000 
0.01760100 
0.01758000 
0.01742900 
0.01740000 
0.01733900 
0.01734300 
0.01735600 
0.01741500 
0.01750700 
0.01750100 
0.01750000 
0.01745900 
0.01740000 
0.01734700 
0.01734800 
0.01737400 
0.01740000 
0.01738000 
0.01749900 
0.01756900 
0.01758200 
0.01759900 
0.01760000 
0.01750000 
0.01747700 
0.01749000 
0.01750000 
0.01755000 
0.01757000 
0.01764400 
0.01771000 
0.01773300 
0.01777900 
0.01775100 
0.01783900 
0.01783100 
0.01789000 
0.01791600 
0.01787900 
0.01785600 
0.01784300 
0.01779400 
0.01783200 
0.01780800 
0.01779500 
0.01779800 
0.01770800 
0.01770000 
0.01773000 
0.01779500 
0.01780000 
0.01792600 
0.01798000 
0.01799900 
0.01800000 
0.01796900 
0.01800000 
0.01802700 
0.01804400 
0.01802100 
0.01810100 
0.01810400 
0.01811900 
0.01815300 
0.01810800 
0.01812000 
0.01815000 
0.01815900 
0.01820000 
0.01819900 
0.01820100 
0.01821000 
0.01821900 
0.01824900 
0.01829300 
0.01829300 
0.01826700 
0.01826700 
0.01826800 
0.01826900 
0.01829300 
0.01830000 
0.01832000 
0.01834700 
0.01836600 
0.01829700 
0.01834700 
0.01834700 
0.01829900 
0.01830000 
0.01829800 
0.01829500 
0.01830000 
0.01827400 
0.01826200 
0.01831200 
0.01831500 
0.01828000 
0.01828000 
0.01829000 
0.01836400 
0.01838100 
0.01837400 
0.01837600 
0.01834400 
0.01834400 
0.01838700 
0.01838500 
0.01838300 
0.01836300 
0.01835500 
0.01833200 
0.01835100 
0.01835700 
0.01834700 
0.01834500 
0.01833800 
0.01833000 
0.01833600 
0.01832000 
0.01831300 
0.01829900 
0.01826700 
0.01820000 
0.01820200 
0.01825000 
0.01828000 
0.01829900 
0.01832100 
0.01834400 
0.01839100 
0.01836700 
0.01839200 
0.01840800 
0.01845000 
0.01849600 
0.01848400 
0.01851500 
0.01851600 
0.01853200 
0.01854000 
0.01851200 
0.01855000 
0.01853900 
0.01854900 
0.01855000 
0.01855300 
0.01853000 
0.01853400 
0.01852000 
0.01850000 
0.01849500 
0.01847300 
0.01850000 
0.01850000 
0.01847500 
0.01852000 
0.01855700 
0.01857600 
0.01857600 
0.01852500 
0.01852100 
0.01847000 
0.01843100 
0.01846900 
0.01843000 
0.01843000 
0.01839700 
0.01836200 
0.01839000 
0.01837000 
0.01840600 
0.01843200 
0.01845500 
0.01843600 
0.01848000 
0.01852200 
0.01854700 
0.01850500 
0.01852100 
0.01854300 
0.01847800 
0.01850000 
0.01849500 
0.01839700 
0.01845000 
0.01845500 
0.01845500 
0.01845100 
0.01842500 
0.01841100 
0.01834800 
0.01827900 
0.01823000 
0.01820200 
0.01824400 
0.01825000 
0.01824000 
0.01829500 
0.01829700 
0.01830200 
0.01830700 
0.01833300 
0.01835000 
0.01835600 
0.01838500 
0.01836100 
0.01844300 
0.01845400 
0.01846800 
0.01844000 
0.01830800 
0.01825200 
0.01822000 
0.01840000 
0.01842300 
0.01850000 
0.01855100 
0.01857400 
0.01860900 
0.01860500 
0.01855000 
0.01855000 
0.01856900 
0.01860100 
0.01864900 
0.01866200 
0.01866200 
0.01869700 
0.01865500 
0.01866000 
0.01861000 
0.01864800 
0.01865000 
0.01864100 
0.01862300 
0.01859300 
0.01855900 
0.01855000 
0.01853700 
0.01852500 
0.01854900 
0.01857000 
0.01867800 
0.01869900 
0.01869100 
0.01869100 
0.01870000 
0.01870000 
0.01870000 
0.01872700 
0.01873300 
0.01869900 
0.01866900 
0.01860400 
0.01856200 
0.01855200 
0.01843600 
0.01836700 
0.01838300 
0.01859700 
0.01864700 
0.01870800 
0.01872200 
0.01871200 
0.01872000 
0.01872000 
0.01873300 
0.01879800 
0.01880800 
0.01882300 
0.01875000 
0.01865500 
0.01859900 
0.01861100 
0.01867300 
0.01868800 
0.01865000 
0.01860000 
0.01854800 
0.01852800 
0.01857300 
0.01849000 
0.01845400 
0.01835800 
0.01836200 
0.01830000 
0.01827000 
0.01824900 
0.01816100 
0.01817400 
0.01816100 
0.01814600 
0.01815000 
0.01810100 
0.01809800 
0.01808000 
0.01807900 
0.01805900 
0.01805500 
0.01807000 
0.01804600 
0.01806000 
0.01806100 
0.01800500 
0.01805800 
0.01807000 
0.01804700 
0.01802000 
0.01797200 
0.01790300 
0.01788000 
0.01785900 
0.01782000 
0.01781000 
0.01776400 
0.01769700 
0.01759000 
0.01759300 
0.01759700 
0.01757400 
0.01760300 
0.01762900 
0.01760000 
0.01762900 
0.01760400 
0.01765000 
0.01768000 
0.01765900 
0.01764200 
0.01765800 
0.01765700 
0.01765800 
0.01763500 
0.01760000 
0.01761000 
0.01756100 
0.01753900 
0.01756300 
0.01753700 
0.01758500 
0.01756400 
0.01759500 
0.01760000 
0.01762400 
0.01763000 
0.01763000 
0.01766100 
0.01768400 
0.01768700 
0.01765000 
0.01769900 
0.01770000 
0.01766300 
0.01769000 
0.01769900 
0.01770100 
0.01770000 
0.01775900 
0.01772600 
0.01775000 
0.01775000 
0.01773000 
0.01770400 
0.01773000 
0.01770400 
0.01774400 
0.01770600 
0.01771500 
0.01774300 
0.01775000 
0.01775000 
0.01774500 
0.01771200 
0.01778100 
0.01779900 
0.01780000 
0.01779000 
0.01778800 
0.01781000 
0.01784000 
0.01785800 
0.01787700 
0.01785600 
0.01789000 
0.01784600 
0.01789000 
0.01792300 
0.01793900 
0.01795500 
0.01795700 
0.01794000 
0.01796400 
0.01795100 
0.01797900 
0.01792800 
0.01790500 
0.01789500 
0.01792600 
0.01796000 
0.01796500 
0.01793600 
0.01795800 
0.01795100 
0.01795000 
0.01796500 
0.01796000 
0.01795000 
0.01795100 
0.01795100 
0.01797400 
0.01799000 
0.01799000 
0.01799000 
0.01799200 
0.01798300 
0.01797100 
0.01795500 
0.01797600 
0.01798900 
0.01798000 
0.01798000 
0.01799800 
0.01799100 
0.01800700 
0.01801000 
0.01804400 
0.01806500 
0.01802000 
0.01803700 
0.01800200 
0.01800600 
0.01798000 
0.01799900 
0.01796700 
0.01797800 
0.01790300 
0.01789900 
0.01790000 
0.01788900 
0.01788900 
0.01787000 
0.01788000 
0.01784100 
0.01786000 
0.01791700 
0.01792500 
0.01790900 
0.01784200 
0.01784300 
0.01793500 
0.01798400 
0.01800100 
0.01800000 
0.01798900 
0.01798000 
0.01797700 
0.01798200 
0.01784100 
0.01784900 
0.01781100 
0.01778800 
0.01778800 
0.01776000 
0.01773600 
0.01775100 
0.01777800 
0.01783000 
0.01790000 
0.01790100 
0.01792300 
0.01781000 
0.01774700 
0.01765100 
0.01765000 
0.01762300 
0.01775200 
0.01777000 
0.01782000 
0.01778600 
0.01764100 
0.01769700 
0.01777700 
0.01781000 
0.01785000 
0.01796400 
0.01808800 
0.01806100 
0.01812300 
0.01812000 
0.01812700 
0.01812300 
0.01812500 
0.01812000 
0.01813000 
0.01810900 
0.01810100 
0.01810000 
0.01808100 
0.01811900 
0.01808100 
0.01809700 
0.01805000 
0.01800000 
0.01797200 
0.01792500 
0.01793000 
0.01786700 
0.01784000 
0.01781000 
0.01780100 
0.01782000 
0.01778000 
0.01770000 
0.01774800 
0.01770000 
0.01768500 
0.01778100 
0.01790500 
0.01788200 
0.01781500 
0.01783300 
0.01776000 
0.01769100 
0.01768500 
0.01762900 
0.01763200 
0.01764000 
0.01765700 
0.01765700 
0.01768900 
0.01764200 
0.01764100 
0.01763100 
0.01763700 
0.01766900 
0.01760000 
0.01759600 
0.01761700 
0.01759900 
0.01758000 
0.01758000 
0.01756000 
0.01755200 
0.01752800 
0.01746500 
0.01746600 
0.01749700 
0.01750000 
0.01751100 
0.01752000 
0.01748400 
0.01749900 
0.01744000 
0.01745600 
0.01740300 
0.01739900 
0.01743000 
0.01741200 
0.01737500 
0.01727000 
0.01724000 
0.01726200 
0.01728300 
0.01734400 
0.01736200 
0.01732400 
0.01736200 
0.01736200 
0.01741500 
0.01749000 
0.01753300 
0.01752900 
0.01753000 
0.01753000 
0.01753000 
0.01751200 
0.01752300 
0.01750000 
0.01745500 
0.01745800 
0.01744000 
0.01744000 
0.01747900 
0.01749300 
0.01747400 
0.01745400 
0.01746000 
0.01748000 
0.01745200 
0.01744900 
0.01745500 
0.01741400 
0.01744300 
0.01746000 
0.01746600 
0.01737100 
0.01738100 
0.01735000 
0.01735800 
0.01732300 
0.01727000 
0.01724000 
0.01713600 
0.01709300 
0.01711200 
0.01714300 
0.01714000 
0.01711200 
0.01711300 
0.01715300 
0.01715800 
0.01716000 
0.01711100 
0.01711200 
0.01716300 
0.01711000 
0.01709000 
0.01711000 
0.01713000 
0.01712600 
0.01712300 
0.01708100 
0.01709900 
0.01709700 
0.01711500 
0.01711000 
0.01710900 
0.01711000 
0.01709100 
0.01710700 
0.01706400 
0.01706000 
0.01704000 
0.01698300 
0.01701400 
0.01705000 
0.01705800 
0.01708800 
0.01707000 
0.01702900 
0.01706000 
0.01707800 
0.01704900 
0.01704500 
0.01703000 
0.01704600 
0.01708400 
0.01711900 
0.01714300 
0.01716800 
0.01716800 
0.01712300 
0.01716800 
0.01714700 
0.01717600 
0.01717500 
0.01717500 
0.01714900 
0.01712000 
0.01711100 
0.01706100 
0.01708300 
0.01705000 
0.01703500 
0.01708300 
0.01720600 
0.01730000 
0.01733900 
0.01733800 
0.01732900 
0.01730200 
0.01730200 
0.01727300 
0.01728600 
0.01726800 
0.01725300 
0.01727900 
0.01725000 
0.01725000 
0.01718200 
0.01719600 
0.01710100 
0.01708300 
0.01704400 
0.01706600 
0.01704300 
0.01706300 
0.01707000 
0.01702900 
0.01700000 
0.01695500 
0.01695500 
0.01694000 
0.01692400 
0.01688000 
0.01684000 
0.01692200 
0.01690100 
0.01694900 
0.01699000 
0.01704000 
0.01703500 
0.01701900 
0.01703100 
0.01704700 
0.01703100 
0.01704700 
0.01705300 
0.01702000 
0.01700700 
0.01697400 
0.01693500 
0.01692900 
0.01694000 
0.01696100 
0.01686900 
0.01692400 
0.01702600 
0.01709000 
0.01716400 
0.01719900 
0.01718800 
0.01722400 
0.01722500 
