0.00246530 
0.00246450 
0.00246480 
0.00245710 
0.00246490 
0.00246490 
0.00246720 
0.00246360 
0.00245090 
0.00245090 
0.00246730 
0.00245000 
0.00245010 
0.00245790 
0.00242610 
0.00243560 
0.00243560 
0.00242560 
0.00242000 
0.00244600 
0.00248250 
0.00252670 
0.00254110 
0.00254830 
0.00255460 
0.00255000 
0.00252170 
0.00248120 
0.00245850 
0.00246940 
0.00245670 
0.00242040 
0.00242000 
0.00242990 
0.00244140 
0.00242240 
0.00248180 
0.00244640 
0.00241950 
0.00243190 
0.00242600 
0.00239820 
0.00239990 
0.00237440 
0.00243100 
0.00239920 
0.00239920 
0.00239940 
0.00238930 
0.00238200 
0.00238210 
0.00237950 
0.00237150 
0.00237180 
0.00236200 
0.00235660 
0.00236180 
0.00236100 
0.00237940 
0.00236660 
0.00235650 
0.00235550 
0.00236000 
0.00235560 
0.00236900 
0.00236880 
0.00236370 
0.00236600 
0.00236370 
0.00235210 
0.00236370 
0.00236370 
0.00234560 
0.00235120 
0.00234950 
0.00234960 
0.00234250 
0.00235400 
0.00234450 
0.00234290 
0.00234090 
0.00235000 
0.00236730 
0.00235270 
0.00236660 
0.00234600 
0.00234880 
0.00236000 
0.00236330 
0.00236390 
0.00234800 
0.00234600 
0.00235380 
0.00236620 
0.00235290 
0.00235000 
0.00233360 
0.00232000 
0.00232710 
0.00232790 
0.00233680 
0.00236000 
0.00236140 
0.00235300 
0.00243000 
0.00241560 
0.00238020 
0.00236910 
0.00236040 
0.00236020 
0.00236080 
0.00233330 
0.00229500 
0.00228900 
0.00228690 
0.00227200 
0.00226950 
0.00224470 
0.00224800 
0.00225990 
0.00223210 
0.00225980 
0.00224090 
0.00223700 
0.00221000 
0.00218720 
0.00217730 
0.00218740 
0.00218740 
0.00217700 
0.00217570 
0.00217520 
0.00217730 
0.00217510 
0.00217080 
0.00217080 
0.00217290 
0.00217370 
0.00216460 
0.00216320 
0.00216820 
0.00215300 
0.00215110 
0.00215000 
0.00216290 
0.00215420 
0.00215300 
0.00214430 
0.00213590 
0.00214330 
0.00213120 
0.00213080 
0.00213050 
0.00212560 
0.00212680 
0.00212020 
0.00213810 
0.00210880 
0.00211110 
0.00212030 
0.00212030 
0.00212030 
0.00211050 
0.00211040 
0.00211040 
0.00212920 
0.00214430 
0.00214450 
0.00214110 
0.00212600 
0.00210500 
0.00207320 
0.00208950 
0.00207980 
0.00207170 
0.00207950 
0.00208350 
0.00209000 
0.00208930 
0.00207080 
0.00207050 
0.00207010 
0.00207180 
0.00208000 
0.00208820 
0.00208830 
0.00208650 
0.00208120 
0.00209070 
0.00207770 
0.00207750 
0.00207750 
0.00209010 
0.00207700 
0.00207700 
0.00207700 
0.00207710 
0.00207190 
0.00207000 
0.00207000 
0.00205770 
0.00205590 
0.00207410 
0.00207700 
0.00209490 
0.00208920 
0.00208920 
0.00206810 
0.00206810 
0.00208230 
0.00208230 
0.00208230 
0.00208230 
0.00208360 
0.00208340 
0.00208330 
0.00208210 
0.00209980 
0.00210630 
0.00210140 
0.00210020 
0.00205010 
0.00205010 
0.00205000 
0.00204000 
0.00202010 
0.00202020 
0.00201910 
0.00201800 
0.00201770 
0.00201790 
0.00203500 
0.00204030 
0.00200530 
0.00205280 
0.00203200 
0.00203680 
0.00204310 
0.00203210 
0.00203270 
0.00204370 
0.00204850 
0.00207900 
0.00204390 
0.00199540 
0.00199540 
0.00199540 
0.00199020 
0.00199330 
0.00199590 
0.00199580 
0.00199270 
0.00197690 
0.00199140 
0.00199130 
0.00197580 
0.00197580 
0.00198920 
0.00197700 
0.00199130 
0.00197560 
0.00197590 
0.00197580 
0.00197590 
0.00198180 
0.00198090 
0.00198090 
0.00198180 
0.00198180 
0.00198180 
0.00197840 
0.00197570 
0.00197570 
0.00197520 
0.00197300 
0.00199310 
0.00199420 
0.00199600 
0.00199600 
0.00200000 
0.00199600 
0.00198200 
0.00198100 
0.00198310 
0.00199340 
0.00199100 
0.00201900 
0.00202630 
0.00204100 
0.00203720 
0.00205250 
0.00203900 
0.00203220 
0.00203160 
0.00203230 
0.00202390 
0.00205410 
0.00205370 
0.00205500 
0.00208120 
0.00206960 
0.00206920 
0.00204820 
0.00206750 
0.00206290 
0.00208390 
0.00206810 
0.00208370 
0.00206790 
0.00208390 
0.00207900 
0.00207840 
0.00208020 
0.00208010 
0.00208010 
0.00208030 
0.00207020 
0.00206010 
0.00208010 
0.00208010 
0.00208010 
0.00208940 
0.00208990 
0.00207190 
0.00206000 
0.00204960 
0.00204940 
0.00204740 
0.00204740 
0.00201600 
0.00198780 
0.00200440 
0.00201000 
0.00201000 
0.00201620 
0.00201750 
0.00201750 
0.00201750 
0.00201910 
0.00203220 
0.00201940 
0.00205490 
0.00206370 
0.00206370 
0.00206440 
0.00206440 
0.00206740 
0.00206740 
0.00206740 
0.00208060 
0.00205660 
0.00204900 
0.00204720 
0.00204220 
0.00204410 
0.00202990 
0.00204690 
0.00203980 
0.00203980 
0.00203380 
0.00202120 
0.00201920 
0.00201960 
0.00203290 
0.00201920 
0.00201480 
0.00201500 
0.00200960 
0.00201570 
0.00201510 
0.00202770 
0.00203190 
0.00202340 
0.00202710 
0.00202660 
0.00201350 
0.00202410 
0.00205730 
0.00205480 
0.00206840 
0.00206840 
0.00206840 
0.00206390 
0.00206370 
0.00205710 
0.00202460 
0.00206990 
0.00205610 
0.00206010 
0.00207310 
0.00205770 
0.00207590 
0.00206890 
0.00206890 
0.00207520 
0.00207560 
0.00209100 
0.00207510 
0.00209130 
0.00211270 
0.00214470 
0.00214470 
0.00217620 
0.00217650 
0.00217540 
0.00215590 
0.00215590 
0.00218970 
0.00219000 
0.00219000 
0.00218490 
0.00217510 
0.00218980 
0.00217800 
0.00219200 
0.00217410 
0.00219030 
0.00218720 
0.00217950 
0.00217950 
0.00217610 
0.00217430 
0.00216350 
0.00216190 
0.00217660 
0.00218840 
0.00217410 
0.00219680 
0.00219680 
0.00216840 
0.00217810 
0.00218000 
0.00218770 
0.00218760 
0.00217690 
0.00217690 
0.00218000 
0.00218320 
0.00219210 
0.00219210 
0.00217960 
0.00217990 
0.00218480 
0.00219910 
0.00219910 
0.00220810 
0.00210310 
0.00208500 
0.00210310 
0.00210320 
0.00210940 
0.00211220 
0.00211670 
0.00213600 
0.00214320 
0.00218590 
0.00218870 
0.00221400 
0.00221700 
0.00223370 
0.00225710 
0.00219750 
0.00218900 
0.00218800 
0.00217580 
0.00217580 
0.00218110 
0.00217360 
0.00216600 
0.00216600 
0.00215840 
0.00215850 
0.00215780 
0.00216890 
0.00215070 
0.00210180 
0.00209260 
0.00205000 
0.00203520 
0.00203010 
0.00246530 
0.00246450 
0.00246480 
0.00245710 
0.00246490 
0.00246490 
0.00246720 
0.00246360 
0.00245090 
0.00245090 
0.00246730 
0.00245000 
0.00245010 
0.00245790 
0.00242610 
0.00243560 
0.00243560 
0.00242560 
0.00242000 
0.00244600 
0.00248250 
0.00252670 
0.00254110 
0.00254830 
0.00255460 
0.00255000 
0.00252170 
0.00248120 
0.00245850 
0.00246940 
0.00245670 
0.00242040 
0.00242000 
0.00242990 
0.00244140 
0.00242240 
0.00248180 
0.00244640 
0.00241950 
0.00243190 
0.00242600 
0.00239820 
0.00239990 
0.00237440 
0.00243100 
0.00239920 
0.00239920 
0.00239940 
0.00238930 
0.00238200 
0.00238210 
0.00237950 
0.00237150 
0.00237180 
0.00236200 
0.00235660 
0.00236180 
0.00236100 
0.00237940 
0.00236660 
0.00235650 
0.00235550 
0.00236000 
0.00235560 
0.00236900 
0.00236880 
0.00236370 
0.00236600 
0.00236370 
0.00235210 
0.00236370 
0.00236370 
0.00234560 
0.00235120 
0.00234950 
0.00234960 
0.00234250 
0.00235400 
0.00234450 
0.00234290 
0.00234090 
0.00235000 
0.00236730 
0.00235270 
0.00236660 
0.00234600 
0.00234880 
0.00236000 
0.00236330 
0.00236390 
0.00234800 
0.00234600 
0.00235380 
0.00236620 
0.00235290 
0.00235000 
0.00233360 
0.00232000 
0.00232710 
0.00232790 
0.00233680 
0.00236000 
0.00236140 
0.00235300 
0.00243000 
0.00241560 
0.00238020 
0.00236910 
0.00236040 
0.00236020 
0.00236080 
0.00233330 
0.00229500 
0.00228900 
0.00228690 
0.00227200 
0.00226950 
0.00224470 
0.00224800 
0.00225990 
0.00223210 
0.00225980 
0.00224090 
0.00223700 
0.00221000 
0.00218720 
0.00217730 
0.00218740 
0.00218740 
0.00217700 
0.00217570 
0.00217520 
0.00217730 
0.00217510 
0.00217080 
0.00217080 
0.00217290 
0.00217370 
0.00216460 
0.00216320 
0.00216820 
0.00215300 
0.00215110 
0.00215000 
0.00216290 
0.00215420 
0.00215300 
0.00214430 
0.00213590 
0.00214330 
0.00213120 
0.00213080 
0.00213050 
0.00212560 
0.00212680 
0.00212020 
0.00213810 
0.00210880 
0.00211110 
0.00212030 
0.00212030 
0.00212030 
0.00211050 
0.00211040 
0.00211040 
0.00212920 
0.00214430 
0.00214450 
0.00214110 
0.00212600 
0.00210500 
0.00207320 
0.00208950 
0.00207980 
0.00207170 
0.00207950 
0.00208350 
0.00209000 
0.00208930 
0.00207080 
0.00207050 
0.00207010 
0.00207180 
0.00208000 
0.00208820 
0.00208830 
0.00208650 
0.00208120 
0.00209070 
0.00207770 
0.00207750 
0.00207750 
0.00209010 
0.00207700 
0.00207700 
0.00207700 
0.00207710 
0.00207190 
0.00207000 
0.00207000 
0.00205770 
0.00205590 
0.00207410 
0.00207700 
0.00209490 
0.00208920 
0.00208920 
0.00206810 
0.00206810 
0.00208230 
0.00208230 
0.00208230 
0.00208230 
0.00208360 
0.00208340 
0.00208330 
0.00208210 
0.00209980 
0.00210630 
0.00210140 
0.00210020 
0.00205010 
0.00205010 
0.00205000 
0.00204000 
0.00202010 
0.00202020 
0.00201910 
0.00201800 
0.00201770 
0.00201790 
0.00203500 
0.00204030 
0.00200530 
0.00205280 
0.00203200 
0.00203680 
0.00204310 
0.00203210 
0.00203270 
0.00204370 
0.00204850 
0.00207900 
0.00204390 
0.00199540 
0.00199540 
0.00199540 
0.00199020 
0.00199330 
0.00199590 
0.00199580 
0.00199270 
0.00197690 
0.00199140 
0.00199130 
0.00197580 
0.00197580 
0.00198920 
0.00197700 
0.00199130 
0.00197560 
0.00197590 
0.00197580 
0.00197590 
0.00198180 
0.00198090 
0.00198090 
0.00198180 
0.00198180 
0.00198180 
0.00197840 
0.00197570 
0.00197570 
0.00197520 
0.00197300 
0.00199310 
0.00199420 
0.00199600 
0.00199600 
0.00200000 
0.00199600 
0.00198200 
0.00198100 
0.00198310 
0.00199340 
0.00199100 
0.00201900 
0.00202630 
0.00204100 
0.00203720 
0.00205250 
0.00203900 
0.00203220 
0.00203160 
0.00203230 
0.00202390 
0.00205410 
0.00205370 
0.00205500 
0.00208120 
0.00206960 
0.00206920 
0.00204820 
0.00206750 
0.00206290 
0.00208390 
0.00206810 
0.00208370 
0.00206790 
0.00208390 
0.00207900 
0.00207840 
0.00208020 
0.00208010 
0.00208010 
0.00208030 
0.00207020 
0.00206010 
0.00208010 
0.00208010 
0.00208010 
0.00208940 
0.00208990 
0.00207190 
0.00206000 
0.00204960 
0.00204940 
0.00204740 
0.00204740 
0.00201600 
0.00198780 
0.00200440 
0.00201000 
0.00201000 
0.00201620 
0.00201750 
0.00201750 
0.00201750 
0.00201910 
0.00203220 
0.00201940 
0.00205490 
0.00206370 
0.00206370 
0.00206440 
0.00206440 
0.00206740 
0.00206740 
0.00206740 
0.00208060 
0.00205660 
0.00204900 
0.00204720 
0.00204220 
0.00204410 
0.00202990 
0.00204690 
0.00203980 
0.00203980 
0.00203380 
0.00202120 
0.00201920 
0.00201960 
0.00203290 
0.00201920 
0.00201480 
0.00201500 
0.00200960 
0.00201570 
0.00201510 
0.00202770 
0.00203190 
0.00202340 
0.00202710 
0.00202660 
0.00201350 
0.00202410 
0.00205730 
0.00205480 
0.00206840 
0.00206840 
0.00206840 
0.00206390 
0.00206370 
0.00205710 
0.00202460 
0.00206990 
0.00205610 
0.00206010 
0.00207310 
0.00205770 
0.00207590 
0.00206890 
0.00206890 
0.00207520 
0.00207560 
0.00209100 
0.00207510 
0.00209130 
0.00211270 
0.00214470 
0.00214470 
0.00217620 
0.00217650 
0.00217540 
0.00215590 
0.00215590 
0.00218970 
0.00219000 
0.00219000 
0.00218490 
0.00217510 
0.00218980 
0.00217800 
0.00219200 
0.00217410 
0.00219030 
0.00218720 
0.00217950 
0.00217950 
0.00217610 
0.00217430 
0.00216350 
0.00216190 
0.00217660 
0.00218840 
0.00217410 
0.00219680 
0.00219680 
0.00216840 
0.00217810 
0.00218000 
0.00218770 
0.00218760 
0.00217690 
0.00217690 
0.00218000 
0.00218320 
0.00219210 
0.00219210 
0.00217960 
0.00217990 
0.00218480 
0.00219910 
0.00219910 
0.00220810 
0.00210310 
0.00208500 
0.00210310 
0.00210320 
0.00210940 
0.00211220 
0.00211670 
0.00213600 
0.00214320 
0.00218590 
0.00218870 
0.00221400 
0.00221700 
0.00223370 
0.00225710 
0.00219750 
0.00218900 
0.00218800 
0.00217580 
0.00217580 
0.00218110 
0.00217360 
0.00216600 
0.00216600 
0.00215840 
0.00215850 
0.00215780 
0.00216890 
0.00215070 
0.00210180 
0.00209260 
0.00205000 
0.00203520 
0.00203010 
0.00246530 
0.00246450 
0.00246480 
0.00245710 
0.00246490 
0.00246490 
0.00246720 
0.00246360 
0.00245090 
0.00245090 
0.00246730 
0.00245000 
0.00245010 
0.00245790 
0.00242610 
0.00243560 
0.00243560 
0.00242560 
0.00242000 
0.00244600 
0.00248250 
0.00252670 
0.00254110 
0.00254830 
0.00255460 
0.00255000 
0.00252170 
0.00248120 
0.00245850 
0.00246940 
0.00245670 
0.00242040 
0.00242000 
0.00242990 
0.00244140 
0.00242240 
0.00248180 
0.00244640 
0.00241950 
0.00243190 
0.00242600 
0.00239820 
0.00239990 
0.00237440 
0.00243100 
0.00239920 
0.00239920 
0.00239940 
0.00238930 
0.00238200 
0.00238210 
0.00237950 
0.00237150 
0.00237180 
0.00236200 
0.00235660 
0.00236180 
0.00236100 
0.00237940 
0.00236660 
0.00235650 
0.00235550 
0.00236000 
0.00235560 
0.00236900 
0.00236880 
0.00236370 
0.00236600 
0.00236370 
0.00235210 
0.00236370 
0.00236370 
0.00234560 
0.00235120 
0.00234950 
0.00234960 
0.00234250 
0.00235400 
0.00234450 
0.00234290 
0.00234090 
0.00235000 
0.00236730 
0.00235270 
0.00236660 
0.00234600 
0.00234880 
0.00236000 
0.00236330 
0.00236390 
0.00234800 
0.00234600 
0.00235380 
0.00236620 
0.00235290 
0.00235000 
0.00233360 
0.00232000 
0.00232710 
0.00232790 
0.00233680 
0.00236000 
0.00236140 
0.00235300 
0.00243000 
0.00241560 
0.00238020 
0.00236910 
0.00236040 
0.00236020 
0.00236080 
0.00233330 
0.00229500 
0.00228900 
0.00228690 
0.00227200 
0.00226950 
0.00224470 
0.00224800 
0.00225990 
0.00223210 
0.00225980 
0.00224090 
0.00223700 
0.00221000 
0.00218720 
0.00217730 
0.00218740 
0.00218740 
0.00217700 
0.00217570 
0.00217520 
0.00217730 
0.00217510 
0.00217080 
0.00217080 
0.00217290 
0.00217370 
0.00216460 
0.00216320 
0.00216820 
0.00215300 
0.00215110 
0.00215000 
0.00216290 
0.00215420 
0.00215300 
0.00214430 
0.00213590 
0.00214330 
0.00213120 
0.00213080 
0.00213050 
0.00212560 
0.00212680 
0.00212020 
0.00213810 
0.00210880 
0.00211110 
0.00212030 
0.00212030 
0.00212030 
0.00211050 
0.00211040 
0.00211040 
0.00212920 
0.00214430 
0.00214450 
0.00214110 
0.00212600 
0.00210500 
0.00207320 
0.00208950 
0.00207980 
0.00207170 
0.00207950 
0.00208350 
0.00209000 
0.00208930 
0.00207080 
0.00207050 
0.00207010 
0.00207180 
0.00208000 
0.00208820 
0.00208830 
0.00208650 
0.00208120 
0.00209070 
0.00207770 
0.00207750 
0.00207750 
0.00209010 
0.00207700 
0.00207700 
0.00207700 
0.00207710 
0.00207190 
0.00207000 
0.00207000 
0.00205770 
0.00205590 
0.00207410 
0.00207700 
0.00209490 
0.00208920 
0.00208920 
0.00206810 
0.00206810 
0.00208230 
0.00208230 
0.00208230 
0.00208230 
0.00208360 
0.00208340 
0.00208330 
0.00208210 
0.00209980 
0.00210630 
0.00210140 
0.00210020 
0.00205010 
0.00205010 
0.00205000 
0.00204000 
0.00202010 
0.00202020 
0.00201910 
0.00201800 
0.00201770 
0.00201790 
0.00203500 
0.00204030 
0.00200530 
0.00205280 
0.00203200 
0.00203680 
0.00204310 
0.00203210 
0.00203270 
0.00204370 
0.00204850 
0.00207900 
0.00204390 
0.00199540 
0.00199540 
0.00199540 
0.00199020 
0.00199330 
0.00199590 
0.00199580 
0.00199270 
0.00197690 
0.00199140 
0.00199130 
0.00197580 
0.00197580 
0.00198920 
0.00197700 
0.00199130 
0.00197560 
0.00197590 
0.00197580 
0.00197590 
0.00198180 
0.00198090 
0.00198090 
0.00198180 
0.00198180 
0.00198180 
0.00197840 
0.00197570 
0.00197570 
0.00197520 
0.00197300 
0.00199310 
0.00199420 
0.00199600 
0.00199600 
0.00200000 
0.00199600 
0.00198200 
0.00198100 
0.00198310 
0.00199340 
0.00199100 
0.00201900 
0.00202630 
0.00204100 
0.00203720 
0.00205250 
0.00203900 
0.00203220 
0.00203160 
0.00203230 
0.00202390 
0.00205410 
0.00205370 
0.00205500 
0.00208120 
0.00206960 
0.00206920 
0.00204820 
0.00206750 
0.00206290 
0.00208390 
0.00206810 
0.00208370 
0.00206790 
0.00208390 
0.00207900 
0.00207840 
0.00208020 
0.00208010 
0.00208010 
0.00208030 
0.00207020 
0.00206010 
0.00208010 
0.00208010 
0.00208010 
0.00208940 
0.00208990 
0.00207190 
0.00206000 
0.00204960 
0.00204940 
0.00204740 
0.00204740 
0.00201600 
0.00198780 
0.00200440 
0.00201000 
0.00201000 
0.00201620 
0.00201750 
0.00201750 
0.00201750 
0.00201910 
0.00203220 
0.00201940 
0.00205490 
0.00206370 
0.00206370 
0.00206440 
0.00206440 
0.00206740 
0.00206740 
0.00206740 
0.00208060 
0.00205660 
0.00204900 
0.00204720 
0.00204220 
0.00204410 
0.00202990 
0.00204690 
0.00203980 
0.00203980 
0.00203380 
0.00202120 
0.00201920 
0.00201960 
0.00203290 
0.00201920 
0.00201480 
0.00201500 
0.00200960 
0.00201570 
0.00201510 
0.00202770 
0.00203190 
0.00202340 
0.00202710 
0.00202660 
0.00201350 
0.00202410 
0.00205730 
0.00205480 
0.00206840 
0.00206840 
0.00206840 
0.00206390 
0.00206370 
0.00205710 
0.00202460 
0.00206990 
0.00205610 
0.00206010 
0.00207310 
0.00205770 
0.00207590 
0.00206890 
0.00206890 
0.00207520 
0.00207560 
0.00209100 
0.00207510 
0.00209130 
0.00211270 
0.00214470 
0.00214470 
0.00217620 
0.00217650 
0.00217540 
0.00215590 
0.00215590 
0.00218970 
0.00219000 
0.00219000 
0.00218490 
0.00217510 
0.00218980 
0.00217800 
0.00219200 
0.00217410 
0.00219030 
0.00218720 
0.00217950 
0.00217950 
0.00217610 
0.00217430 
0.00216350 
0.00216190 
0.00217660 
0.00218840 
0.00217410 
0.00219680 
0.00219680 
0.00216840 
0.00217810 
0.00218000 
0.00218770 
0.00218760 
0.00217690 
0.00217690 
0.00218000 
0.00218320 
0.00219210 
0.00219210 
0.00217960 
0.00217990 
0.00218480 
0.00219910 
0.00219910 
0.00220810 
0.00210310 
0.00208500 
0.00210310 
0.00210320 
0.00210940 
0.00211220 
0.00211670 
0.00213600 
0.00214320 
0.00218590 
0.00218870 
0.00221400 
0.00221700 
0.00223370 
0.00225710 
0.00219750 
0.00218900 
0.00218800 
0.00217580 
0.00217580 
0.00218110 
0.00217360 
0.00216600 
0.00216600 
0.00215840 
0.00215850 
0.00215780 
0.00216890 
0.00215070 
0.00210180 
0.00209260 
0.00205000 
0.00203520 
0.00203010 
