17.84000000 
65.66000000 
8.80000000 
25.83000000 
112.04000000 
107.81000000 
30.60000000 
84.70000000 
195.80000000 
179.29000000 
190.29000000 
25.75000000 
38.89000000 
28.11000000 
533.32000000 
286.30000000 
85.72000000 
195.50000000 
121.41000000 
98.69000000 
568.09000000 
381.14000000 
191.19000000 
72.43000000 
595.47000000 
29.24000000 
1105.71000000 
1257.27000000 
168.48000000 
96.26000000 
91.08000000 
416.53000000 
143.18000000 
40.83000000 
68.56000000 
126.24000000 
270.78000000 
743.32000000 
164.74000000 
241.65000000 
333.98000000 
193.42000000 
71.30000000 
39.43000000 
120.28000000 
82.79000000 
22.66000000 
98.13000000 
64.99000000 
53.01000000 
26.44000000 
40.95000000 
77.86000000 
12.57000000 
5.41000000 
0.00000000 
77.64000000 
27.80000000 
10.78000000 
7.53000000 
83.70000000 
39.25000000 
56.66000000 
0.02000000 
58.87000000 
55.84000000 
50.89000000 
20.58000000 
113.06000000 
219.12000000 
184.04000000 
10.37000000 
44.06000000 
427.35000000 
51.93000000 
43.92000000 
26.06000000 
106.11000000 
47.81000000 
61.66000000 
181.41000000 
635.82000000 
212.25000000 
157.64000000 
58.13000000 
6.89000000 
20.26000000 
231.31000000 
25.66000000 
17.21000000 
5.49000000 
32.03000000 
54.90000000 
78.43000000 
131.56000000 
20.28000000 
184.06000000 
394.64000000 
199.73000000 
248.40000000 
89.46000000 
1096.63000000 
317.15000000 
213.92000000 
612.60000000 
713.26000000 
482.42000000 
221.69000000 
372.96000000 
439.71000000 
505.60000000 
255.46000000 
1593.77000000 
23.15000000 
144.47000000 
141.48000000 
170.32000000 
297.65000000 
205.58000000 
128.01000000 
48.29000000 
51.06000000 
31.88000000 
48.25000000 
719.22000000 
112.68000000 
58.99000000 
27.30000000 
1.83000000 
14.80000000 
111.46000000 
100.15000000 
210.14000000 
80.76000000 
141.40000000 
9.03000000 
27.17000000 
7.72000000 
81.49000000 
139.01000000 
266.70000000 
83.54000000 
1.31000000 
8.94000000 
125.18000000 
63.06000000 
50.47000000 
179.74000000 
46.27000000 
12.49000000 
56.91000000 
14.60000000 
17.85000000 
61.12000000 
31.86000000 
54.47000000 
77.52000000 
9.29000000 
81.38000000 
53.47000000 
0.00000000 
0.94000000 
4.81000000 
18.78000000 
26.49000000 
165.27000000 
33.74000000 
44.56000000 
239.06000000 
28.81000000 
59.27000000 
114.03000000 
49.37000000 
35.63000000 
25.47000000 
2.25000000 
10.55000000 
34.92000000 
91.90000000 
26.15000000 
17.41000000 
0.00000000 
249.02000000 
122.76000000 
6.47000000 
18.10000000 
396.11000000 
594.00000000 
16.17000000 
136.39000000 
30.89000000 
1.46000000 
5.89000000 
0.00000000 
0.00000000 
405.10000000 
20.00000000 
51.45000000 
41.08000000 
36.65000000 
7.93000000 
21.44000000 
1.61000000 
4.57000000 
12.62000000 
4.78000000 
2.13000000 
0.00000000 
17.22000000 
40.96000000 
0.95000000 
0.00000000 
0.00000000 
67.76000000 
1.36000000 
7.90000000 
148.11000000 
58.42000000 
408.23000000 
114.84000000 
68.59000000 
555.22000000 
7.00000000 
152.10000000 
105.05000000 
72.50000000 
14.11000000 
9.27000000 
26.51000000 
49.70000000 
0.89000000 
16.96000000 
0.80000000 
0.00000000 
32.07000000 
4.08000000 
100.28000000 
18.80000000 
24.68000000 
57.87000000 
15.94000000 
86.45000000 
164.44000000 
67.82000000 
267.70000000 
11.18000000 
25.24000000 
48.40000000 
274.64000000 
147.67000000 
71.00000000 
23.59000000 
23.44000000 
6.24000000 
5.02000000 
79.27000000 
19.58000000 
2.60000000 
100.24000000 
0.00000000 
43.61000000 
31.16000000 
2.34000000 
89.63000000 
22.15000000 
2.58000000 
98.64000000 
18.00000000 
22.82000000 
32.31000000 
1.95000000 
20.46000000 
146.61000000 
43.54000000 
22.88000000 
44.31000000 
31.76000000 
8.67000000 
1.00000000 
120.09000000 
1.89000000 
50.49000000 
133.54000000 
117.17000000 
36.01000000 
40.10000000 
613.34000000 
12.99000000 
13.28000000 
105.41000000 
18.14000000 
42.45000000 
0.00000000 
13.35000000 
14.01000000 
28.14000000 
684.53000000 
9.23000000 
7.79000000 
21.69000000 
20.16000000 
0.00000000 
75.28000000 
18.00000000 
18.67000000 
26.73000000 
1.80000000 
11.79000000 
4.00000000 
1.33000000 
24.06000000 
1.22000000 
10.62000000 
0.00000000 
1.62000000 
8.97000000 
67.03000000 
12.95000000 
0.00000000 
13.98000000 
67.55000000 
13.95000000 
4.08000000 
509.33000000 
3.55000000 
200.51000000 
173.21000000 
0.00000000 
6.60000000 
556.64000000 
108.87000000 
236.57000000 
61.78000000 
6.00000000 
8.46000000 
0.00000000 
0.00000000 
33.36000000 
4.47000000 
3.91000000 
5.27000000 
2.00000000 
82.41000000 
13.89000000 
0.00000000 
0.10000000 
0.00000000 
0.00000000 
7.45000000 
58.48000000 
4.00000000 
39.02000000 
0.00000000 
116.73000000 
9.32000000 
9.34000000 
412.27000000 
94.31000000 
24.69000000 
12.20000000 
7.26000000 
40.99000000 
87.47000000 
111.76000000 
107.53000000 
146.86000000 
0.99000000 
19.12000000 
37.84000000 
35.24000000 
21.49000000 
78.24000000 
23.13000000 
0.00000000 
119.45000000 
41.39000000 
117.06000000 
77.75000000 
6.31000000 
0.00000000 
0.00000000 
0.00000000 
94.40000000 
186.51000000 
38.77000000 
46.35000000 
67.83000000 
104.67000000 
79.33000000 
33.80000000 
67.08000000 
0.58000000 
112.99000000 
0.00000000 
111.72000000 
134.10000000 
0.00000000 
33.91000000 
16.60000000 
94.52000000 
234.70000000 
1.81000000 
252.17000000 
60.35000000 
36.67000000 
0.00000000 
5.70000000 
109.84000000 
0.00000000 
0.00000000 
85.64000000 
40.37000000 
27.25000000 
37.45000000 
20.40000000 
123.08000000 
43.16000000 
43.85000000 
33.39000000 
2.00000000 
12.56000000 
64.10000000 
16.83000000 
1.00000000 
4.59000000 
52.01000000 
4.99000000 
0.00000000 
0.68000000 
148.49000000 
1.44000000 
48.62000000 
0.00000000 
7.37000000 
0.00000000 
0.43000000 
8.04000000 
3.00000000 
5.00000000 
0.00000000 
74.53000000 
25.10000000 
10.04000000 
97.73000000 
0.52000000 
72.63000000 
501.49000000 
220.17000000 
97.72000000 
32.00000000 
0.00000000 
16.78000000 
50.35000000 
27.48000000 
386.18000000 
268.41000000 
21.62000000 
28.14000000 
100.86000000 
353.36000000 
271.79000000 
854.61000000 
56.41000000 
14.09000000 
0.00000000 
1.54000000 
64.08000000 
10.15000000 
324.96000000 
3.00000000 
46.64000000 
29.11000000 
10.15000000 
32.09000000 
101.22000000 
692.17000000 
119.16000000 
153.21000000 
44.52000000 
91.81000000 
17.84000000 
65.66000000 
8.80000000 
25.83000000 
112.04000000 
107.81000000 
30.60000000 
84.70000000 
195.80000000 
179.29000000 
190.29000000 
25.75000000 
38.89000000 
28.11000000 
533.32000000 
286.30000000 
85.72000000 
195.50000000 
121.41000000 
98.69000000 
568.09000000 
381.14000000 
191.19000000 
72.43000000 
595.47000000 
29.24000000 
1105.71000000 
1257.27000000 
168.48000000 
96.26000000 
91.08000000 
416.53000000 
143.18000000 
40.83000000 
68.56000000 
126.24000000 
270.78000000 
743.32000000 
164.74000000 
241.65000000 
333.98000000 
193.42000000 
71.30000000 
39.43000000 
120.28000000 
82.79000000 
22.66000000 
98.13000000 
64.99000000 
53.01000000 
26.44000000 
40.95000000 
77.86000000 
12.57000000 
5.41000000 
0.00000000 
77.64000000 
27.80000000 
10.78000000 
7.53000000 
83.70000000 
39.25000000 
56.66000000 
0.02000000 
58.87000000 
55.84000000 
50.89000000 
20.58000000 
113.06000000 
219.12000000 
184.04000000 
10.37000000 
44.06000000 
427.35000000 
51.93000000 
43.92000000 
26.06000000 
106.11000000 
47.81000000 
61.66000000 
181.41000000 
635.82000000 
212.25000000 
157.64000000 
58.13000000 
6.89000000 
20.26000000 
231.31000000 
25.66000000 
17.21000000 
5.49000000 
32.03000000 
54.90000000 
78.43000000 
131.56000000 
20.28000000 
184.06000000 
394.64000000 
199.73000000 
248.40000000 
89.46000000 
1096.63000000 
317.15000000 
213.92000000 
612.60000000 
713.26000000 
482.42000000 
221.69000000 
372.96000000 
439.71000000 
505.60000000 
255.46000000 
1593.77000000 
23.15000000 
144.47000000 
141.48000000 
170.32000000 
297.65000000 
205.58000000 
128.01000000 
48.29000000 
51.06000000 
31.88000000 
48.25000000 
719.22000000 
112.68000000 
58.99000000 
27.30000000 
1.83000000 
14.80000000 
111.46000000 
100.15000000 
210.14000000 
80.76000000 
141.40000000 
9.03000000 
27.17000000 
7.72000000 
81.49000000 
139.01000000 
266.70000000 
83.54000000 
1.31000000 
8.94000000 
125.18000000 
63.06000000 
50.47000000 
179.74000000 
46.27000000 
12.49000000 
56.91000000 
14.60000000 
17.85000000 
61.12000000 
31.86000000 
54.47000000 
77.52000000 
9.29000000 
81.38000000 
53.47000000 
0.00000000 
0.94000000 
4.81000000 
18.78000000 
26.49000000 
165.27000000 
33.74000000 
44.56000000 
239.06000000 
28.81000000 
59.27000000 
114.03000000 
49.37000000 
35.63000000 
25.47000000 
2.25000000 
10.55000000 
34.92000000 
91.90000000 
26.15000000 
17.41000000 
0.00000000 
249.02000000 
122.76000000 
6.47000000 
18.10000000 
396.11000000 
594.00000000 
16.17000000 
136.39000000 
30.89000000 
1.46000000 
5.89000000 
0.00000000 
0.00000000 
405.10000000 
20.00000000 
51.45000000 
41.08000000 
36.65000000 
7.93000000 
21.44000000 
1.61000000 
4.57000000 
12.62000000 
4.78000000 
2.13000000 
0.00000000 
17.22000000 
40.96000000 
0.95000000 
0.00000000 
0.00000000 
67.76000000 
1.36000000 
7.90000000 
148.11000000 
58.42000000 
408.23000000 
114.84000000 
68.59000000 
555.22000000 
7.00000000 
152.10000000 
105.05000000 
72.50000000 
14.11000000 
9.27000000 
26.51000000 
49.70000000 
0.89000000 
16.96000000 
0.80000000 
0.00000000 
32.07000000 
4.08000000 
100.28000000 
18.80000000 
24.68000000 
57.87000000 
15.94000000 
86.45000000 
164.44000000 
67.82000000 
267.70000000 
11.18000000 
25.24000000 
48.40000000 
274.64000000 
147.67000000 
71.00000000 
23.59000000 
23.44000000 
6.24000000 
5.02000000 
79.27000000 
19.58000000 
2.60000000 
100.24000000 
0.00000000 
43.61000000 
31.16000000 
2.34000000 
89.63000000 
22.15000000 
2.58000000 
98.64000000 
18.00000000 
22.82000000 
32.31000000 
1.95000000 
20.46000000 
146.61000000 
43.54000000 
22.88000000 
44.31000000 
31.76000000 
8.67000000 
1.00000000 
120.09000000 
1.89000000 
50.49000000 
133.54000000 
117.17000000 
36.01000000 
40.10000000 
613.34000000 
12.99000000 
13.28000000 
105.41000000 
18.14000000 
42.45000000 
0.00000000 
13.35000000 
14.01000000 
28.14000000 
684.53000000 
9.23000000 
7.79000000 
21.69000000 
20.16000000 
0.00000000 
75.28000000 
18.00000000 
18.67000000 
26.73000000 
1.80000000 
11.79000000 
4.00000000 
1.33000000 
24.06000000 
1.22000000 
10.62000000 
0.00000000 
1.62000000 
8.97000000 
67.03000000 
12.95000000 
0.00000000 
13.98000000 
67.55000000 
13.95000000 
4.08000000 
509.33000000 
3.55000000 
200.51000000 
173.21000000 
0.00000000 
6.60000000 
556.64000000 
108.87000000 
236.57000000 
61.78000000 
6.00000000 
8.46000000 
0.00000000 
0.00000000 
33.36000000 
4.47000000 
3.91000000 
5.27000000 
2.00000000 
82.41000000 
13.89000000 
0.00000000 
0.10000000 
0.00000000 
0.00000000 
7.45000000 
58.48000000 
4.00000000 
39.02000000 
0.00000000 
116.73000000 
9.32000000 
9.34000000 
412.27000000 
94.31000000 
24.69000000 
12.20000000 
7.26000000 
40.99000000 
87.47000000 
111.76000000 
107.53000000 
146.86000000 
0.99000000 
19.12000000 
37.84000000 
35.24000000 
21.49000000 
78.24000000 
23.13000000 
0.00000000 
119.45000000 
41.39000000 
117.06000000 
77.75000000 
6.31000000 
0.00000000 
0.00000000 
0.00000000 
94.40000000 
186.51000000 
38.77000000 
46.35000000 
67.83000000 
104.67000000 
79.33000000 
33.80000000 
67.08000000 
0.58000000 
112.99000000 
0.00000000 
111.72000000 
134.10000000 
0.00000000 
33.91000000 
16.60000000 
94.52000000 
234.70000000 
1.81000000 
252.17000000 
60.35000000 
36.67000000 
0.00000000 
5.70000000 
109.84000000 
0.00000000 
0.00000000 
85.64000000 
40.37000000 
27.25000000 
37.45000000 
20.40000000 
123.08000000 
43.16000000 
43.85000000 
33.39000000 
2.00000000 
12.56000000 
64.10000000 
16.83000000 
1.00000000 
4.59000000 
52.01000000 
4.99000000 
0.00000000 
0.68000000 
148.49000000 
1.44000000 
48.62000000 
0.00000000 
7.37000000 
0.00000000 
0.43000000 
8.04000000 
3.00000000 
5.00000000 
0.00000000 
74.53000000 
25.10000000 
10.04000000 
97.73000000 
0.52000000 
72.63000000 
501.49000000 
220.17000000 
97.72000000 
32.00000000 
0.00000000 
16.78000000 
50.35000000 
27.48000000 
386.18000000 
268.41000000 
21.62000000 
28.14000000 
100.86000000 
353.36000000 
271.79000000 
854.61000000 
56.41000000 
14.09000000 
0.00000000 
1.54000000 
64.08000000 
10.15000000 
324.96000000 
3.00000000 
46.64000000 
29.11000000 
10.15000000 
32.09000000 
101.22000000 
692.17000000 
119.16000000 
153.21000000 
44.52000000 
91.81000000 
17.84000000 
65.66000000 
8.80000000 
25.83000000 
112.04000000 
107.81000000 
30.60000000 
84.70000000 
195.80000000 
179.29000000 
190.29000000 
25.75000000 
38.89000000 
28.11000000 
533.32000000 
286.30000000 
85.72000000 
195.50000000 
121.41000000 
98.69000000 
568.09000000 
381.14000000 
191.19000000 
72.43000000 
595.47000000 
29.24000000 
1105.71000000 
1257.27000000 
168.48000000 
96.26000000 
91.08000000 
416.53000000 
143.18000000 
40.83000000 
68.56000000 
126.24000000 
270.78000000 
743.32000000 
164.74000000 
241.65000000 
333.98000000 
193.42000000 
71.30000000 
39.43000000 
120.28000000 
82.79000000 
22.66000000 
98.13000000 
64.99000000 
53.01000000 
26.44000000 
40.95000000 
77.86000000 
12.57000000 
5.41000000 
0.00000000 
77.64000000 
27.80000000 
10.78000000 
7.53000000 
83.70000000 
39.25000000 
56.66000000 
0.02000000 
58.87000000 
55.84000000 
50.89000000 
20.58000000 
113.06000000 
219.12000000 
184.04000000 
10.37000000 
44.06000000 
427.35000000 
51.93000000 
43.92000000 
26.06000000 
106.11000000 
47.81000000 
61.66000000 
181.41000000 
635.82000000 
212.25000000 
157.64000000 
58.13000000 
6.89000000 
20.26000000 
231.31000000 
25.66000000 
17.21000000 
5.49000000 
32.03000000 
54.90000000 
78.43000000 
131.56000000 
20.28000000 
184.06000000 
394.64000000 
199.73000000 
248.40000000 
89.46000000 
1096.63000000 
317.15000000 
213.92000000 
612.60000000 
713.26000000 
482.42000000 
221.69000000 
372.96000000 
439.71000000 
505.60000000 
255.46000000 
1593.77000000 
23.15000000 
144.47000000 
141.48000000 
170.32000000 
297.65000000 
205.58000000 
128.01000000 
48.29000000 
51.06000000 
31.88000000 
48.25000000 
719.22000000 
112.68000000 
58.99000000 
27.30000000 
1.83000000 
14.80000000 
111.46000000 
100.15000000 
210.14000000 
80.76000000 
141.40000000 
9.03000000 
27.17000000 
7.72000000 
81.49000000 
139.01000000 
266.70000000 
83.54000000 
1.31000000 
8.94000000 
125.18000000 
63.06000000 
50.47000000 
179.74000000 
46.27000000 
12.49000000 
56.91000000 
14.60000000 
17.85000000 
61.12000000 
31.86000000 
54.47000000 
77.52000000 
9.29000000 
81.38000000 
53.47000000 
0.00000000 
0.94000000 
4.81000000 
18.78000000 
26.49000000 
165.27000000 
33.74000000 
44.56000000 
239.06000000 
28.81000000 
59.27000000 
114.03000000 
49.37000000 
35.63000000 
25.47000000 
2.25000000 
10.55000000 
34.92000000 
91.90000000 
26.15000000 
17.41000000 
0.00000000 
249.02000000 
122.76000000 
6.47000000 
18.10000000 
396.11000000 
594.00000000 
16.17000000 
136.39000000 
30.89000000 
1.46000000 
5.89000000 
0.00000000 
0.00000000 
405.10000000 
20.00000000 
51.45000000 
41.08000000 
36.65000000 
7.93000000 
21.44000000 
1.61000000 
4.57000000 
12.62000000 
4.78000000 
2.13000000 
0.00000000 
17.22000000 
40.96000000 
0.95000000 
0.00000000 
0.00000000 
67.76000000 
1.36000000 
7.90000000 
148.11000000 
58.42000000 
408.23000000 
114.84000000 
68.59000000 
555.22000000 
7.00000000 
152.10000000 
105.05000000 
72.50000000 
14.11000000 
9.27000000 
26.51000000 
49.70000000 
0.89000000 
16.96000000 
0.80000000 
0.00000000 
32.07000000 
4.08000000 
100.28000000 
18.80000000 
24.68000000 
57.87000000 
15.94000000 
86.45000000 
164.44000000 
67.82000000 
267.70000000 
11.18000000 
25.24000000 
48.40000000 
274.64000000 
147.67000000 
71.00000000 
23.59000000 
23.44000000 
6.24000000 
5.02000000 
79.27000000 
19.58000000 
2.60000000 
100.24000000 
0.00000000 
43.61000000 
31.16000000 
2.34000000 
89.63000000 
22.15000000 
2.58000000 
98.64000000 
18.00000000 
22.82000000 
32.31000000 
1.95000000 
20.46000000 
146.61000000 
43.54000000 
22.88000000 
44.31000000 
31.76000000 
8.67000000 
1.00000000 
120.09000000 
1.89000000 
50.49000000 
133.54000000 
117.17000000 
36.01000000 
40.10000000 
613.34000000 
12.99000000 
13.28000000 
105.41000000 
18.14000000 
42.45000000 
0.00000000 
13.35000000 
14.01000000 
28.14000000 
684.53000000 
9.23000000 
7.79000000 
21.69000000 
20.16000000 
0.00000000 
75.28000000 
18.00000000 
18.67000000 
26.73000000 
1.80000000 
11.79000000 
4.00000000 
1.33000000 
24.06000000 
1.22000000 
10.62000000 
0.00000000 
1.62000000 
8.97000000 
67.03000000 
12.95000000 
0.00000000 
13.98000000 
67.55000000 
13.95000000 
4.08000000 
509.33000000 
3.55000000 
200.51000000 
173.21000000 
0.00000000 
6.60000000 
556.64000000 
108.87000000 
236.57000000 
61.78000000 
6.00000000 
8.46000000 
0.00000000 
0.00000000 
33.36000000 
4.47000000 
3.91000000 
5.27000000 
2.00000000 
82.41000000 
13.89000000 
0.00000000 
0.10000000 
0.00000000 
0.00000000 
7.45000000 
58.48000000 
4.00000000 
39.02000000 
0.00000000 
116.73000000 
9.32000000 
9.34000000 
412.27000000 
94.31000000 
24.69000000 
12.20000000 
7.26000000 
40.99000000 
87.47000000 
111.76000000 
107.53000000 
146.86000000 
0.99000000 
19.12000000 
37.84000000 
35.24000000 
21.49000000 
78.24000000 
23.13000000 
0.00000000 
119.45000000 
41.39000000 
117.06000000 
77.75000000 
6.31000000 
0.00000000 
0.00000000 
0.00000000 
94.40000000 
186.51000000 
38.77000000 
46.35000000 
67.83000000 
104.67000000 
79.33000000 
33.80000000 
67.08000000 
0.58000000 
112.99000000 
0.00000000 
111.72000000 
134.10000000 
0.00000000 
33.91000000 
16.60000000 
94.52000000 
234.70000000 
1.81000000 
252.17000000 
60.35000000 
36.67000000 
0.00000000 
5.70000000 
109.84000000 
0.00000000 
0.00000000 
85.64000000 
40.37000000 
27.25000000 
37.45000000 
20.40000000 
123.08000000 
43.16000000 
43.85000000 
33.39000000 
2.00000000 
12.56000000 
64.10000000 
16.83000000 
1.00000000 
4.59000000 
52.01000000 
4.99000000 
0.00000000 
0.68000000 
148.49000000 
1.44000000 
48.62000000 
0.00000000 
7.37000000 
0.00000000 
0.43000000 
8.04000000 
3.00000000 
5.00000000 
0.00000000 
74.53000000 
25.10000000 
10.04000000 
97.73000000 
0.52000000 
72.63000000 
501.49000000 
220.17000000 
97.72000000 
32.00000000 
0.00000000 
16.78000000 
50.35000000 
27.48000000 
386.18000000 
268.41000000 
21.62000000 
28.14000000 
100.86000000 
353.36000000 
271.79000000 
854.61000000 
56.41000000 
14.09000000 
0.00000000 
1.54000000 
64.08000000 
10.15000000 
324.96000000 
3.00000000 
46.64000000 
29.11000000 
10.15000000 
32.09000000 
101.22000000 
692.17000000 
119.16000000 
153.21000000 
44.52000000 
91.81000000 
