0.00000000 
1119.00000000 
15959.00000000 
21954.00000000 
7998.00000000 
23701.00000000 
12674.00000000 
3893.00000000 
14979.00000000 
6454.00000000 
448.00000000 
5376.00000000 
10591.00000000 
3651.00000000 
14898.00000000 
3928.00000000 
4751.00000000 
9264.00000000 
40397.00000000 
20781.00000000 
28945.00000000 
2424.00000000 
85248.00000000 
13835.00000000 
7810.00000000 
46497.00000000 
9173.00000000 
10353.00000000 
23978.00000000 
47152.00000000 
23736.00000000 
17045.00000000 
18175.00000000 
10638.00000000 
3096.00000000 
14344.00000000 
24599.00000000 
28181.00000000 
7460.00000000 
81475.00000000 
8533.00000000 
34097.00000000 
15205.00000000 
204545.00000000 
23362.00000000 
37226.00000000 
556.00000000 
4598.00000000 
2751.00000000 
1314.00000000 
5065.00000000 
2626.00000000 
3042.00000000 
23977.00000000 
2627.00000000 
3776.00000000 
2129.00000000 
6.00000000 
136.00000000 
22390.00000000 
157.00000000 
21970.00000000 
11372.00000000 
60425.00000000 
88459.00000000 
47885.00000000 
7097.00000000 
1300.00000000 
6699.00000000 
2627.00000000 
20051.00000000 
49565.00000000 
12952.00000000 
4466.00000000 
143704.00000000 
4606.00000000 
1608.00000000 
28340.00000000 
25350.00000000 
40269.00000000 
74264.00000000 
72052.00000000 
62377.00000000 
73861.00000000 
925.00000000 
15909.00000000 
33743.00000000 
18932.00000000 
97905.00000000 
98612.00000000 
135399.00000000 
207841.00000000 
75342.00000000 
79298.00000000 
118273.00000000 
89261.00000000 
81999.00000000 
17858.00000000 
15777.00000000 
37678.00000000 
16191.00000000 
38715.00000000 
44135.00000000 
12114.00000000 
17955.00000000 
15726.00000000 
15494.00000000 
40600.00000000 
47169.00000000 
23698.00000000 
7399.00000000 
42392.00000000 
62978.00000000 
52374.00000000 
14909.00000000 
17323.00000000 
40189.00000000 
39747.00000000 
55474.00000000 
59631.00000000 
32966.00000000 
95881.00000000 
126499.00000000 
196912.00000000 
85100.00000000 
6109.00000000 
5431.00000000 
23640.00000000 
11176.00000000 
4233.00000000 
970.00000000 
22451.00000000 
1921.00000000 
45204.00000000 
22388.00000000 
12495.00000000 
47188.00000000 
83128.00000000 
98309.00000000 
71202.00000000 
116369.00000000 
36128.00000000 
123877.00000000 
164137.00000000 
78141.00000000 
74937.00000000 
94411.00000000 
214420.00000000 
98031.00000000 
27699.00000000 
88253.00000000 
48053.00000000 
35756.00000000 
201333.00000000 
20604.00000000 
19611.00000000 
10148.00000000 
3639.00000000 
46653.00000000 
4489.00000000 
0.00000000 
41290.00000000 
13731.00000000 
76161.00000000 
56340.00000000 
50064.00000000 
15495.00000000 
310202.00000000 
82090.00000000 
19216.00000000 
4153.00000000 
14362.00000000 
2672.00000000 
3758.00000000 
13515.00000000 
3101.00000000 
33435.00000000 
8010.00000000 
21064.00000000 
11039.00000000 
36588.00000000 
26139.00000000 
69637.00000000 
20167.00000000 
9267.00000000 
6569.00000000 
7159.00000000 
15274.00000000 
2772.00000000 
9153.00000000 
10817.00000000 
54545.00000000 
4075.00000000 
8074.00000000 
19994.00000000 
922.00000000 
20501.00000000 
34789.00000000 
27728.00000000 
91128.00000000 
9819.00000000 
490.00000000 
14618.00000000 
30294.00000000 
11562.00000000 
3683.00000000 
13197.00000000 
5818.00000000 
1773.00000000 
38182.00000000 
37567.00000000 
2124.00000000 
1532.00000000 
1320.00000000 
7514.00000000 
23080.00000000 
2567.00000000 
19092.00000000 
529.00000000 
23390.00000000 
51921.00000000 
100.00000000 
9685.00000000 
17968.00000000 
1250.00000000 
17007.00000000 
48268.00000000 
117899.00000000 
10607.00000000 
26556.00000000 
1589.00000000 
23295.00000000 
8784.00000000 
53612.00000000 
51502.00000000 
86532.00000000 
64930.00000000 
29854.00000000 
7855.00000000 
40610.00000000 
46138.00000000 
48948.00000000 
49275.00000000 
5170.00000000 
15313.00000000 
452.00000000 
176.00000000 
898.00000000 
35782.00000000 
14552.00000000 
34283.00000000 
42051.00000000 
2894.00000000 
155137.00000000 
51877.00000000 
8557.00000000 
3723.00000000 
38400.00000000 
65281.00000000 
5296.00000000 
771.00000000 
29907.00000000 
6518.00000000 
113717.00000000 
12752.00000000 
10310.00000000 
43399.00000000 
1786.00000000 
16953.00000000 
24835.00000000 
10215.00000000 
1100.00000000 
9058.00000000 
195085.00000000 
85210.00000000 
33476.00000000 
52392.00000000 
69569.00000000 
18776.00000000 
61282.00000000 
44424.00000000 
35298.00000000 
35355.00000000 
10955.00000000 
16329.00000000 
50490.00000000 
1621.00000000 
2065.00000000 
71040.00000000 
3000.00000000 
4700.00000000 
5046.00000000 
25734.00000000 
13945.00000000 
34955.00000000 
72380.00000000 
4762.00000000 
105218.00000000 
398987.00000000 
4459.00000000 
615.00000000 
170.00000000 
38427.00000000 
32458.00000000 
51848.00000000 
66250.00000000 
17585.00000000 
27093.00000000 
11122.00000000 
5794.00000000 
51710.00000000 
23251.00000000 
22189.00000000 
28092.00000000 
2169.00000000 
22905.00000000 
89133.00000000 
6582.00000000 
32533.00000000 
71187.00000000 
118537.00000000 
7450.00000000 
19457.00000000 
10143.00000000 
43184.00000000 
37111.00000000 
27499.00000000 
15171.00000000 
27433.00000000 
103173.00000000 
24307.00000000 
219409.00000000 
134198.00000000 
88021.00000000 
27443.00000000 
5139.00000000 
31028.00000000 
35407.00000000 
23175.00000000 
32880.00000000 
31442.00000000 
32826.00000000 
9526.00000000 
49981.00000000 
7520.00000000 
12204.00000000 
29351.00000000 
2463.00000000 
47250.00000000 
2437.00000000 
22128.00000000 
43670.00000000 
34003.00000000 
20777.00000000 
34173.00000000 
51522.00000000 
75083.00000000 
15909.00000000 
19486.00000000 
91680.00000000 
18428.00000000 
7464.00000000 
7095.00000000 
85218.00000000 
8751.00000000 
2622.00000000 
15983.00000000 
63347.00000000 
5644.00000000 
3028.00000000 
5318.00000000 
21804.00000000 
32825.00000000 
12694.00000000 
12616.00000000 
6112.00000000 
72903.00000000 
22471.00000000 
71804.00000000 
7596.00000000 
116236.00000000 
4740.00000000 
4145.00000000 
33219.00000000 
42518.00000000 
1359.00000000 
27837.00000000 
20481.00000000 
40896.00000000 
10817.00000000 
30713.00000000 
16373.00000000 
5398.00000000 
11228.00000000 
81257.00000000 
52328.00000000 
78486.00000000 
23282.00000000 
36254.00000000 
44335.00000000 
24412.00000000 
48844.00000000 
6665.00000000 
55812.00000000 
33453.00000000 
2620.00000000 
2310.00000000 
3127.00000000 
29594.00000000 
466.00000000 
11838.00000000 
704.00000000 
9710.00000000 
2713.00000000 
219.00000000 
2100.00000000 
0.00000000 
14925.00000000 
17789.00000000 
451.00000000 
17256.00000000 
0.00000000 
350.00000000 
3896.00000000 
5036.00000000 
24366.00000000 
70360.00000000 
6546.00000000 
3481.00000000 
2912.00000000 
4518.00000000 
14845.00000000 
22265.00000000 
9550.00000000 
41403.00000000 
9299.00000000 
4076.00000000 
4051.00000000 
14330.00000000 
305.00000000 
28404.00000000 
6952.00000000 
9055.00000000 
16862.00000000 
9465.00000000 
8089.00000000 
23089.00000000 
8318.00000000 
32095.00000000 
27239.00000000 
13928.00000000 
11276.00000000 
24369.00000000 
21775.00000000 
12685.00000000 
33649.00000000 
10863.00000000 
54531.00000000 
13099.00000000 
23950.00000000 
10072.00000000 
8424.00000000 
37853.00000000 
210.00000000 
13113.00000000 
10003.00000000 
15927.00000000 
9057.00000000 
15011.00000000 
10730.00000000 
15875.00000000 
17772.00000000 
28174.00000000 
133388.00000000 
8667.00000000 
90777.00000000 
13744.00000000 
21768.00000000 
28163.00000000 
50252.00000000 
0.00000000 
1119.00000000 
15959.00000000 
21954.00000000 
7998.00000000 
23701.00000000 
12674.00000000 
3893.00000000 
14979.00000000 
6454.00000000 
448.00000000 
5376.00000000 
10591.00000000 
3651.00000000 
14898.00000000 
3928.00000000 
4751.00000000 
9264.00000000 
40397.00000000 
20781.00000000 
28945.00000000 
2424.00000000 
85248.00000000 
13835.00000000 
7810.00000000 
46497.00000000 
9173.00000000 
10353.00000000 
23978.00000000 
47152.00000000 
23736.00000000 
17045.00000000 
18175.00000000 
10638.00000000 
3096.00000000 
14344.00000000 
24599.00000000 
28181.00000000 
7460.00000000 
81475.00000000 
8533.00000000 
34097.00000000 
15205.00000000 
204545.00000000 
23362.00000000 
37226.00000000 
556.00000000 
4598.00000000 
2751.00000000 
1314.00000000 
5065.00000000 
2626.00000000 
3042.00000000 
23977.00000000 
2627.00000000 
3776.00000000 
2129.00000000 
6.00000000 
136.00000000 
22390.00000000 
157.00000000 
21970.00000000 
11372.00000000 
60425.00000000 
88459.00000000 
47885.00000000 
7097.00000000 
1300.00000000 
6699.00000000 
2627.00000000 
20051.00000000 
49565.00000000 
12952.00000000 
4466.00000000 
143704.00000000 
4606.00000000 
1608.00000000 
28340.00000000 
25350.00000000 
40269.00000000 
74264.00000000 
72052.00000000 
62377.00000000 
73861.00000000 
925.00000000 
15909.00000000 
33743.00000000 
18932.00000000 
97905.00000000 
98612.00000000 
135399.00000000 
207841.00000000 
75342.00000000 
79298.00000000 
118273.00000000 
89261.00000000 
81999.00000000 
17858.00000000 
15777.00000000 
37678.00000000 
16191.00000000 
38715.00000000 
44135.00000000 
12114.00000000 
17955.00000000 
15726.00000000 
15494.00000000 
40600.00000000 
47169.00000000 
23698.00000000 
7399.00000000 
42392.00000000 
62978.00000000 
52374.00000000 
14909.00000000 
17323.00000000 
40189.00000000 
39747.00000000 
55474.00000000 
59631.00000000 
32966.00000000 
95881.00000000 
126499.00000000 
196912.00000000 
85100.00000000 
6109.00000000 
5431.00000000 
23640.00000000 
11176.00000000 
4233.00000000 
970.00000000 
22451.00000000 
1921.00000000 
45204.00000000 
22388.00000000 
12495.00000000 
47188.00000000 
83128.00000000 
98309.00000000 
71202.00000000 
116369.00000000 
36128.00000000 
123877.00000000 
164137.00000000 
78141.00000000 
74937.00000000 
94411.00000000 
214420.00000000 
98031.00000000 
27699.00000000 
88253.00000000 
48053.00000000 
35756.00000000 
201333.00000000 
20604.00000000 
19611.00000000 
10148.00000000 
3639.00000000 
46653.00000000 
4489.00000000 
0.00000000 
41290.00000000 
13731.00000000 
76161.00000000 
56340.00000000 
50064.00000000 
15495.00000000 
310202.00000000 
82090.00000000 
19216.00000000 
4153.00000000 
14362.00000000 
2672.00000000 
3758.00000000 
13515.00000000 
3101.00000000 
33435.00000000 
8010.00000000 
21064.00000000 
11039.00000000 
36588.00000000 
26139.00000000 
69637.00000000 
20167.00000000 
9267.00000000 
6569.00000000 
7159.00000000 
15274.00000000 
2772.00000000 
9153.00000000 
10817.00000000 
54545.00000000 
4075.00000000 
8074.00000000 
19994.00000000 
922.00000000 
20501.00000000 
34789.00000000 
27728.00000000 
91128.00000000 
9819.00000000 
490.00000000 
14618.00000000 
30294.00000000 
11562.00000000 
3683.00000000 
13197.00000000 
5818.00000000 
1773.00000000 
38182.00000000 
37567.00000000 
2124.00000000 
1532.00000000 
1320.00000000 
7514.00000000 
23080.00000000 
2567.00000000 
19092.00000000 
529.00000000 
23390.00000000 
51921.00000000 
100.00000000 
9685.00000000 
17968.00000000 
1250.00000000 
17007.00000000 
48268.00000000 
117899.00000000 
10607.00000000 
26556.00000000 
1589.00000000 
23295.00000000 
8784.00000000 
53612.00000000 
51502.00000000 
86532.00000000 
64930.00000000 
29854.00000000 
7855.00000000 
40610.00000000 
46138.00000000 
48948.00000000 
49275.00000000 
5170.00000000 
15313.00000000 
452.00000000 
176.00000000 
898.00000000 
35782.00000000 
14552.00000000 
34283.00000000 
42051.00000000 
2894.00000000 
155137.00000000 
51877.00000000 
8557.00000000 
3723.00000000 
38400.00000000 
65281.00000000 
5296.00000000 
771.00000000 
29907.00000000 
6518.00000000 
113717.00000000 
12752.00000000 
10310.00000000 
43399.00000000 
1786.00000000 
16953.00000000 
24835.00000000 
10215.00000000 
1100.00000000 
9058.00000000 
195085.00000000 
85210.00000000 
33476.00000000 
52392.00000000 
69569.00000000 
18776.00000000 
61282.00000000 
44424.00000000 
35298.00000000 
35355.00000000 
10955.00000000 
16329.00000000 
50490.00000000 
1621.00000000 
2065.00000000 
71040.00000000 
3000.00000000 
4700.00000000 
5046.00000000 
25734.00000000 
13945.00000000 
34955.00000000 
72380.00000000 
4762.00000000 
105218.00000000 
398987.00000000 
4459.00000000 
615.00000000 
170.00000000 
38427.00000000 
32458.00000000 
51848.00000000 
66250.00000000 
17585.00000000 
27093.00000000 
11122.00000000 
5794.00000000 
51710.00000000 
23251.00000000 
22189.00000000 
28092.00000000 
2169.00000000 
22905.00000000 
89133.00000000 
6582.00000000 
32533.00000000 
71187.00000000 
118537.00000000 
7450.00000000 
19457.00000000 
10143.00000000 
43184.00000000 
37111.00000000 
27499.00000000 
15171.00000000 
27433.00000000 
103173.00000000 
24307.00000000 
219409.00000000 
134198.00000000 
88021.00000000 
27443.00000000 
5139.00000000 
31028.00000000 
35407.00000000 
23175.00000000 
32880.00000000 
31442.00000000 
32826.00000000 
9526.00000000 
49981.00000000 
7520.00000000 
12204.00000000 
29351.00000000 
2463.00000000 
47250.00000000 
2437.00000000 
22128.00000000 
43670.00000000 
34003.00000000 
20777.00000000 
34173.00000000 
51522.00000000 
75083.00000000 
15909.00000000 
19486.00000000 
91680.00000000 
18428.00000000 
7464.00000000 
7095.00000000 
85218.00000000 
8751.00000000 
2622.00000000 
15983.00000000 
63347.00000000 
5644.00000000 
3028.00000000 
5318.00000000 
21804.00000000 
32825.00000000 
12694.00000000 
12616.00000000 
6112.00000000 
72903.00000000 
22471.00000000 
71804.00000000 
7596.00000000 
116236.00000000 
4740.00000000 
4145.00000000 
33219.00000000 
42518.00000000 
1359.00000000 
27837.00000000 
20481.00000000 
40896.00000000 
10817.00000000 
30713.00000000 
16373.00000000 
5398.00000000 
11228.00000000 
81257.00000000 
52328.00000000 
78486.00000000 
23282.00000000 
36254.00000000 
44335.00000000 
24412.00000000 
48844.00000000 
6665.00000000 
55812.00000000 
33453.00000000 
2620.00000000 
2310.00000000 
3127.00000000 
29594.00000000 
466.00000000 
11838.00000000 
704.00000000 
9710.00000000 
2713.00000000 
219.00000000 
2100.00000000 
0.00000000 
14925.00000000 
17789.00000000 
451.00000000 
17256.00000000 
0.00000000 
350.00000000 
3896.00000000 
5036.00000000 
24366.00000000 
70360.00000000 
6546.00000000 
3481.00000000 
2912.00000000 
4518.00000000 
14845.00000000 
22265.00000000 
9550.00000000 
41403.00000000 
9299.00000000 
4076.00000000 
4051.00000000 
14330.00000000 
305.00000000 
28404.00000000 
6952.00000000 
9055.00000000 
16862.00000000 
9465.00000000 
8089.00000000 
23089.00000000 
8318.00000000 
32095.00000000 
27239.00000000 
13928.00000000 
11276.00000000 
24369.00000000 
21775.00000000 
12685.00000000 
33649.00000000 
10863.00000000 
54531.00000000 
13099.00000000 
23950.00000000 
10072.00000000 
8424.00000000 
37853.00000000 
210.00000000 
13113.00000000 
10003.00000000 
15927.00000000 
9057.00000000 
15011.00000000 
10730.00000000 
15875.00000000 
17772.00000000 
28174.00000000 
133388.00000000 
8667.00000000 
90777.00000000 
13744.00000000 
21768.00000000 
28163.00000000 
50252.00000000 
0.00000000 
1119.00000000 
15959.00000000 
21954.00000000 
7998.00000000 
23701.00000000 
12674.00000000 
3893.00000000 
14979.00000000 
6454.00000000 
448.00000000 
5376.00000000 
10591.00000000 
3651.00000000 
14898.00000000 
3928.00000000 
4751.00000000 
9264.00000000 
40397.00000000 
20781.00000000 
28945.00000000 
2424.00000000 
85248.00000000 
13835.00000000 
7810.00000000 
46497.00000000 
9173.00000000 
10353.00000000 
23978.00000000 
47152.00000000 
23736.00000000 
17045.00000000 
18175.00000000 
10638.00000000 
3096.00000000 
14344.00000000 
24599.00000000 
28181.00000000 
7460.00000000 
81475.00000000 
8533.00000000 
34097.00000000 
15205.00000000 
204545.00000000 
23362.00000000 
37226.00000000 
556.00000000 
4598.00000000 
2751.00000000 
1314.00000000 
5065.00000000 
2626.00000000 
3042.00000000 
23977.00000000 
2627.00000000 
3776.00000000 
2129.00000000 
6.00000000 
136.00000000 
22390.00000000 
157.00000000 
21970.00000000 
11372.00000000 
60425.00000000 
88459.00000000 
47885.00000000 
7097.00000000 
1300.00000000 
6699.00000000 
2627.00000000 
20051.00000000 
49565.00000000 
12952.00000000 
4466.00000000 
143704.00000000 
4606.00000000 
1608.00000000 
28340.00000000 
25350.00000000 
40269.00000000 
74264.00000000 
72052.00000000 
62377.00000000 
73861.00000000 
925.00000000 
15909.00000000 
33743.00000000 
18932.00000000 
97905.00000000 
98612.00000000 
135399.00000000 
207841.00000000 
75342.00000000 
79298.00000000 
118273.00000000 
89261.00000000 
81999.00000000 
17858.00000000 
15777.00000000 
37678.00000000 
16191.00000000 
38715.00000000 
44135.00000000 
12114.00000000 
17955.00000000 
15726.00000000 
15494.00000000 
40600.00000000 
47169.00000000 
23698.00000000 
7399.00000000 
42392.00000000 
62978.00000000 
52374.00000000 
14909.00000000 
17323.00000000 
40189.00000000 
39747.00000000 
55474.00000000 
59631.00000000 
32966.00000000 
95881.00000000 
126499.00000000 
196912.00000000 
85100.00000000 
6109.00000000 
5431.00000000 
23640.00000000 
11176.00000000 
4233.00000000 
970.00000000 
22451.00000000 
1921.00000000 
45204.00000000 
22388.00000000 
12495.00000000 
47188.00000000 
83128.00000000 
98309.00000000 
71202.00000000 
116369.00000000 
36128.00000000 
123877.00000000 
164137.00000000 
78141.00000000 
74937.00000000 
94411.00000000 
214420.00000000 
98031.00000000 
27699.00000000 
88253.00000000 
48053.00000000 
35756.00000000 
201333.00000000 
20604.00000000 
19611.00000000 
10148.00000000 
3639.00000000 
46653.00000000 
4489.00000000 
0.00000000 
41290.00000000 
13731.00000000 
76161.00000000 
56340.00000000 
50064.00000000 
15495.00000000 
310202.00000000 
82090.00000000 
19216.00000000 
4153.00000000 
14362.00000000 
2672.00000000 
3758.00000000 
13515.00000000 
3101.00000000 
33435.00000000 
8010.00000000 
21064.00000000 
11039.00000000 
36588.00000000 
26139.00000000 
69637.00000000 
20167.00000000 
9267.00000000 
6569.00000000 
7159.00000000 
15274.00000000 
2772.00000000 
9153.00000000 
10817.00000000 
54545.00000000 
4075.00000000 
8074.00000000 
19994.00000000 
922.00000000 
20501.00000000 
34789.00000000 
27728.00000000 
91128.00000000 
9819.00000000 
490.00000000 
14618.00000000 
30294.00000000 
11562.00000000 
3683.00000000 
13197.00000000 
5818.00000000 
1773.00000000 
38182.00000000 
37567.00000000 
2124.00000000 
1532.00000000 
1320.00000000 
7514.00000000 
23080.00000000 
2567.00000000 
19092.00000000 
529.00000000 
23390.00000000 
51921.00000000 
100.00000000 
9685.00000000 
17968.00000000 
1250.00000000 
17007.00000000 
48268.00000000 
117899.00000000 
10607.00000000 
26556.00000000 
1589.00000000 
23295.00000000 
8784.00000000 
53612.00000000 
51502.00000000 
86532.00000000 
64930.00000000 
29854.00000000 
7855.00000000 
40610.00000000 
46138.00000000 
48948.00000000 
49275.00000000 
5170.00000000 
15313.00000000 
452.00000000 
176.00000000 
898.00000000 
35782.00000000 
14552.00000000 
34283.00000000 
42051.00000000 
2894.00000000 
155137.00000000 
51877.00000000 
8557.00000000 
3723.00000000 
38400.00000000 
65281.00000000 
5296.00000000 
771.00000000 
29907.00000000 
6518.00000000 
113717.00000000 
12752.00000000 
10310.00000000 
43399.00000000 
1786.00000000 
16953.00000000 
24835.00000000 
10215.00000000 
1100.00000000 
9058.00000000 
195085.00000000 
85210.00000000 
33476.00000000 
52392.00000000 
69569.00000000 
18776.00000000 
61282.00000000 
44424.00000000 
35298.00000000 
35355.00000000 
10955.00000000 
16329.00000000 
50490.00000000 
1621.00000000 
2065.00000000 
71040.00000000 
3000.00000000 
4700.00000000 
5046.00000000 
25734.00000000 
13945.00000000 
34955.00000000 
72380.00000000 
4762.00000000 
105218.00000000 
398987.00000000 
4459.00000000 
615.00000000 
170.00000000 
38427.00000000 
32458.00000000 
51848.00000000 
66250.00000000 
17585.00000000 
27093.00000000 
11122.00000000 
5794.00000000 
51710.00000000 
23251.00000000 
22189.00000000 
28092.00000000 
2169.00000000 
22905.00000000 
89133.00000000 
6582.00000000 
32533.00000000 
71187.00000000 
118537.00000000 
7450.00000000 
19457.00000000 
10143.00000000 
43184.00000000 
37111.00000000 
27499.00000000 
15171.00000000 
27433.00000000 
103173.00000000 
24307.00000000 
219409.00000000 
134198.00000000 
88021.00000000 
27443.00000000 
5139.00000000 
31028.00000000 
35407.00000000 
23175.00000000 
32880.00000000 
31442.00000000 
32826.00000000 
9526.00000000 
49981.00000000 
7520.00000000 
12204.00000000 
29351.00000000 
2463.00000000 
47250.00000000 
2437.00000000 
22128.00000000 
43670.00000000 
34003.00000000 
20777.00000000 
34173.00000000 
51522.00000000 
75083.00000000 
15909.00000000 
19486.00000000 
91680.00000000 
18428.00000000 
7464.00000000 
7095.00000000 
85218.00000000 
8751.00000000 
2622.00000000 
15983.00000000 
63347.00000000 
5644.00000000 
3028.00000000 
5318.00000000 
21804.00000000 
32825.00000000 
12694.00000000 
12616.00000000 
6112.00000000 
72903.00000000 
22471.00000000 
71804.00000000 
7596.00000000 
116236.00000000 
4740.00000000 
4145.00000000 
33219.00000000 
42518.00000000 
1359.00000000 
27837.00000000 
20481.00000000 
40896.00000000 
10817.00000000 
30713.00000000 
16373.00000000 
5398.00000000 
11228.00000000 
81257.00000000 
52328.00000000 
78486.00000000 
23282.00000000 
36254.00000000 
44335.00000000 
24412.00000000 
48844.00000000 
6665.00000000 
55812.00000000 
33453.00000000 
2620.00000000 
2310.00000000 
3127.00000000 
29594.00000000 
466.00000000 
11838.00000000 
704.00000000 
9710.00000000 
2713.00000000 
219.00000000 
2100.00000000 
0.00000000 
14925.00000000 
17789.00000000 
451.00000000 
17256.00000000 
0.00000000 
350.00000000 
3896.00000000 
5036.00000000 
24366.00000000 
70360.00000000 
6546.00000000 
3481.00000000 
2912.00000000 
4518.00000000 
14845.00000000 
22265.00000000 
9550.00000000 
41403.00000000 
9299.00000000 
4076.00000000 
4051.00000000 
14330.00000000 
305.00000000 
28404.00000000 
6952.00000000 
9055.00000000 
16862.00000000 
9465.00000000 
8089.00000000 
23089.00000000 
8318.00000000 
32095.00000000 
27239.00000000 
13928.00000000 
11276.00000000 
24369.00000000 
21775.00000000 
12685.00000000 
33649.00000000 
10863.00000000 
54531.00000000 
13099.00000000 
23950.00000000 
10072.00000000 
8424.00000000 
37853.00000000 
210.00000000 
13113.00000000 
10003.00000000 
15927.00000000 
9057.00000000 
15011.00000000 
10730.00000000 
15875.00000000 
17772.00000000 
28174.00000000 
133388.00000000 
8667.00000000 
90777.00000000 
13744.00000000 
21768.00000000 
28163.00000000 
50252.00000000 
