0.00001123 
0.00001127 
0.00001123 
0.00001127 
0.00001122 
0.00001122 
0.00001121 
0.00001118 
0.00001113 
0.00001116 
0.00001116 
0.00001112 
0.00001114 
0.00001110 
0.00001114 
0.00001116 
0.00001114 
0.00001117 
0.00001122 
0.00001123 
0.00001124 
0.00001122 
0.00001122 
0.00001121 
0.00001119 
0.00001118 
0.00001116 
0.00001123 
0.00001125 
0.00001120 
0.00001117 
0.00001120 
0.00001119 
0.00001118 
0.00001120 
0.00001120 
0.00001111 
0.00001112 
0.00001120 
0.00001116 
0.00001109 
0.00001110 
0.00001109 
0.00001120 
0.00001120 
0.00001123 
0.00001122 
0.00001125 
0.00001125 
0.00001122 
0.00001117 
0.00001113 
0.00001116 
0.00001116 
0.00001119 
0.00001119 
0.00001117 
0.00001117 
0.00001113 
0.00001116 
0.00001117 
0.00001118 
0.00001115 
0.00001119 
0.00001122 
0.00001116 
0.00001116 
0.00001118 
0.00001115 
0.00001116 
0.00001115 
0.00001114 
0.00001117 
0.00001112 
0.00001117 
0.00001112 
0.00001110 
0.00001105 
0.00001110 
0.00001116 
0.00001114 
0.00001109 
0.00001117 
0.00001130 
0.00001136 
0.00001132 
0.00001133 
0.00001133 
0.00001143 
0.00001141 
0.00001130 
0.00001128 
0.00001126 
0.00001120 
0.00001104 
0.00001100 
0.00001090 
0.00001089 
0.00001091 
0.00001095 
0.00001086 
0.00001093 
0.00001092 
0.00001095 
0.00001096 
0.00001089 
0.00001089 
0.00001090 
0.00001091 
0.00001094 
0.00001095 
0.00001099 
0.00001100 
0.00001101 
0.00001101 
0.00001100 
0.00001095 
0.00001103 
0.00001105 
0.00001105 
0.00001101 
0.00001105 
0.00001092 
0.00001067 
0.00001057 
0.00001053 
0.00001049 
0.00001053 
0.00001052 
0.00001048 
0.00001051 
0.00001054 
0.00001054 
0.00001058 
0.00001055 
0.00001056 
0.00001057 
0.00001049 
0.00001056 
0.00001054 
0.00001051 
0.00001050 
0.00001064 
0.00001064 
0.00001085 
0.00001096 
0.00001082 
0.00001065 
0.00001061 
0.00001062 
0.00001057 
0.00001054 
0.00001059 
0.00001054 
0.00001048 
0.00001048 
0.00001048 
0.00001051 
0.00001046 
0.00001043 
0.00001043 
0.00001041 
0.00001044 
0.00001046 
0.00001035 
0.00001025 
0.00001027 
0.00001016 
0.00001008 
0.00001006 
0.00001006 
0.00001010 
0.00001014 
0.00001014 
0.00001014 
0.00001014 
0.00001013 
0.00001010 
0.00001007 
0.00001003 
0.00001007 
0.00001006 
0.00001004 
0.00001009 
0.00001007 
0.00001008 
0.00001008 
0.00001010 
0.00001011 
0.00001008 
0.00001006 
0.00001009 
0.00001017 
0.00001016 
0.00001025 
0.00001026 
0.00001027 
0.00001030 
0.00001025 
0.00001017 
0.00001018 
0.00001018 
0.00001019 
0.00001025 
0.00001027 
0.00001020 
0.00001026 
0.00001017 
0.00001018 
0.00001022 
0.00001020 
0.00001013 
0.00001017 
0.00001018 
0.00001007 
0.00001010 
0.00001013 
0.00001015 
0.00001012 
0.00001011 
0.00001009 
0.00001004 
0.00001000 
0.00000998 
0.00001000 
0.00001000 
0.00001000 
0.00001001 
0.00000999 
0.00000991 
0.00000995 
0.00001001 
0.00000993 
0.00000999 
0.00000996 
0.00001001 
0.00000995 
0.00000989 
0.00000990 
0.00000992 
0.00000991 
0.00000995 
0.00000992 
0.00000991 
0.00000998 
0.00000998 
0.00000998 
0.00001000 
0.00001002 
0.00001001 
0.00001007 
0.00001011 
0.00001016 
0.00001010 
0.00001006 
0.00000997 
0.00001003 
0.00000993 
0.00000998 
0.00000991 
0.00000983 
0.00000996 
0.00001002 
0.00000994 
0.00000993 
0.00000990 
0.00000988 
0.00000989 
0.00000990 
0.00000991 
0.00000980 
0.00000996 
0.00001002 
0.00000993 
0.00000992 
0.00000982 
0.00000992 
0.00000998 
0.00000991 
0.00000983 
0.00000996 
0.00000992 
0.00001000 
0.00001000 
0.00001003 
0.00001013 
0.00001018 
0.00001018 
0.00001014 
0.00001015 
0.00001022 
0.00001021 
0.00001022 
0.00001018 
0.00001018 
0.00001015 
0.00001012 
0.00001015 
0.00001026 
0.00001026 
0.00001029 
0.00001023 
0.00001028 
0.00001022 
0.00001020 
0.00001022 
0.00001027 
0.00001017 
0.00001028 
0.00001023 
0.00001028 
0.00001025 
0.00001019 
0.00001023 
0.00001022 
0.00001027 
0.00001023 
0.00001027 
0.00001037 
0.00001023 
0.00001026 
0.00001029 
0.00001030 
0.00001024 
0.00001021 
0.00001025 
0.00001025 
0.00001034 
0.00001037 
0.00001041 
0.00001035 
0.00001036 
0.00001043 
0.00001048 
0.00001057 
0.00001053 
0.00001051 
0.00001051 
0.00001049 
0.00001050 
0.00001054 
0.00001057 
0.00001053 
0.00001061 
0.00001058 
0.00001059 
0.00001062 
0.00001066 
0.00001055 
0.00001053 
0.00001057 
0.00001053 
0.00001058 
0.00001049 
0.00001057 
0.00001050 
0.00001043 
0.00001027 
0.00001019 
0.00001031 
0.00001036 
0.00001050 
0.00001047 
0.00001062 
0.00001057 
0.00001049 
0.00001061 
0.00001056 
0.00001060 
0.00001056 
0.00001050 
0.00001053 
0.00001054 
0.00001059 
0.00001058 
0.00001062 
0.00001048 
0.00001049 
0.00001046 
0.00001047 
0.00001045 
0.00001042 
0.00001042 
0.00001033 
0.00001024 
0.00001024 
0.00001024 
0.00001031 
0.00001030 
0.00001024 
0.00001022 
0.00001018 
0.00001019 
0.00001016 
0.00001015 
0.00001028 
0.00001027 
0.00001026 
0.00001023 
0.00001025 
0.00001024 
0.00001022 
0.00001022 
0.00001022 
0.00001012 
0.00001018 
0.00001015 
0.00001010 
0.00001010 
0.00001018 
0.00001010 
0.00001017 
0.00001014 
0.00001017 
0.00001020 
0.00001017 
0.00001017 
0.00001015 
0.00001012 
0.00001022 
0.00001020 
0.00001024 
0.00001020 
0.00001024 
0.00001023 
0.00001027 
0.00001026 
0.00001028 
0.00001031 
0.00001028 
0.00001032 
0.00001025 
0.00001029 
0.00001025 
0.00001020 
0.00001023 
0.00001031 
0.00001025 
0.00001024 
0.00001027 
0.00001014 
0.00001022 
0.00001022 
0.00001025 
0.00001023 
0.00001025 
0.00001026 
0.00001024 
0.00001017 
0.00001024 
0.00001033 
0.00001033 
0.00001033 
0.00001023 
0.00001033 
0.00001032 
0.00001040 
0.00001037 
0.00001041 
0.00001041 
0.00001045 
0.00001041 
0.00001042 
0.00001049 
0.00001044 
0.00001049 
0.00001042 
0.00001042 
0.00001045 
0.00001044 
0.00001045 
0.00001047 
0.00001038 
0.00001029 
0.00001025 
0.00001021 
0.00001019 
0.00001014 
0.00001012 
0.00001016 
0.00001123 
0.00001127 
0.00001123 
0.00001127 
0.00001122 
0.00001122 
0.00001121 
0.00001118 
0.00001113 
0.00001116 
0.00001116 
0.00001112 
0.00001114 
0.00001110 
0.00001114 
0.00001116 
0.00001114 
0.00001117 
0.00001122 
0.00001123 
0.00001124 
0.00001122 
0.00001122 
0.00001121 
0.00001119 
0.00001118 
0.00001116 
0.00001123 
0.00001125 
0.00001120 
0.00001117 
0.00001120 
0.00001119 
0.00001118 
0.00001120 
0.00001120 
0.00001111 
0.00001112 
0.00001120 
0.00001116 
0.00001109 
0.00001110 
0.00001109 
0.00001120 
0.00001120 
0.00001123 
0.00001122 
0.00001125 
0.00001125 
0.00001122 
0.00001117 
0.00001113 
0.00001116 
0.00001116 
0.00001119 
0.00001119 
0.00001117 
0.00001117 
0.00001113 
0.00001116 
0.00001117 
0.00001118 
0.00001115 
0.00001119 
0.00001122 
0.00001116 
0.00001116 
0.00001118 
0.00001115 
0.00001116 
0.00001115 
0.00001114 
0.00001117 
0.00001112 
0.00001117 
0.00001112 
0.00001110 
0.00001105 
0.00001110 
0.00001116 
0.00001114 
0.00001109 
0.00001117 
0.00001130 
0.00001136 
0.00001132 
0.00001133 
0.00001133 
0.00001143 
0.00001141 
0.00001130 
0.00001128 
0.00001126 
0.00001120 
0.00001104 
0.00001100 
0.00001090 
0.00001089 
0.00001091 
0.00001095 
0.00001086 
0.00001093 
0.00001092 
0.00001095 
0.00001096 
0.00001089 
0.00001089 
0.00001090 
0.00001091 
0.00001094 
0.00001095 
0.00001099 
0.00001100 
0.00001101 
0.00001101 
0.00001100 
0.00001095 
0.00001103 
0.00001105 
0.00001105 
0.00001101 
0.00001105 
0.00001092 
0.00001067 
0.00001057 
0.00001053 
0.00001049 
0.00001053 
0.00001052 
0.00001048 
0.00001051 
0.00001054 
0.00001054 
0.00001058 
0.00001055 
0.00001056 
0.00001057 
0.00001049 
0.00001056 
0.00001054 
0.00001051 
0.00001050 
0.00001064 
0.00001064 
0.00001085 
0.00001096 
0.00001082 
0.00001065 
0.00001061 
0.00001062 
0.00001057 
0.00001054 
0.00001059 
0.00001054 
0.00001048 
0.00001048 
0.00001048 
0.00001051 
0.00001046 
0.00001043 
0.00001043 
0.00001041 
0.00001044 
0.00001046 
0.00001035 
0.00001025 
0.00001027 
0.00001016 
0.00001008 
0.00001006 
0.00001006 
0.00001010 
0.00001014 
0.00001014 
0.00001014 
0.00001014 
0.00001013 
0.00001010 
0.00001007 
0.00001003 
0.00001007 
0.00001006 
0.00001004 
0.00001009 
0.00001007 
0.00001008 
0.00001008 
0.00001010 
0.00001011 
0.00001008 
0.00001006 
0.00001009 
0.00001017 
0.00001016 
0.00001025 
0.00001026 
0.00001027 
0.00001030 
0.00001025 
0.00001017 
0.00001018 
0.00001018 
0.00001019 
0.00001025 
0.00001027 
0.00001020 
0.00001026 
0.00001017 
0.00001018 
0.00001022 
0.00001020 
0.00001013 
0.00001017 
0.00001018 
0.00001007 
0.00001010 
0.00001013 
0.00001015 
0.00001012 
0.00001011 
0.00001009 
0.00001004 
0.00001000 
0.00000998 
0.00001000 
0.00001000 
0.00001000 
0.00001001 
0.00000999 
0.00000991 
0.00000995 
0.00001001 
0.00000993 
0.00000999 
0.00000996 
0.00001001 
0.00000995 
0.00000989 
0.00000990 
0.00000992 
0.00000991 
0.00000995 
0.00000992 
0.00000991 
0.00000998 
0.00000998 
0.00000998 
0.00001000 
0.00001002 
0.00001001 
0.00001007 
0.00001011 
0.00001016 
0.00001010 
0.00001006 
0.00000997 
0.00001003 
0.00000993 
0.00000998 
0.00000991 
0.00000983 
0.00000996 
0.00001002 
0.00000994 
0.00000993 
0.00000990 
0.00000988 
0.00000989 
0.00000990 
0.00000991 
0.00000980 
0.00000996 
0.00001002 
0.00000993 
0.00000992 
0.00000982 
0.00000992 
0.00000998 
0.00000991 
0.00000983 
0.00000996 
0.00000992 
0.00001000 
0.00001000 
0.00001003 
0.00001013 
0.00001018 
0.00001018 
0.00001014 
0.00001015 
0.00001022 
0.00001021 
0.00001022 
0.00001018 
0.00001018 
0.00001015 
0.00001012 
0.00001015 
0.00001026 
0.00001026 
0.00001029 
0.00001023 
0.00001028 
0.00001022 
0.00001020 
0.00001022 
0.00001027 
0.00001017 
0.00001028 
0.00001023 
0.00001028 
0.00001025 
0.00001019 
0.00001023 
0.00001022 
0.00001027 
0.00001023 
0.00001027 
0.00001037 
0.00001023 
0.00001026 
0.00001029 
0.00001030 
0.00001024 
0.00001021 
0.00001025 
0.00001025 
0.00001034 
0.00001037 
0.00001041 
0.00001035 
0.00001036 
0.00001043 
0.00001048 
0.00001057 
0.00001053 
0.00001051 
0.00001051 
0.00001049 
0.00001050 
0.00001054 
0.00001057 
0.00001053 
0.00001061 
0.00001058 
0.00001059 
0.00001062 
0.00001066 
0.00001055 
0.00001053 
0.00001057 
0.00001053 
0.00001058 
0.00001049 
0.00001057 
0.00001050 
0.00001043 
0.00001027 
0.00001019 
0.00001031 
0.00001036 
0.00001050 
0.00001047 
0.00001062 
0.00001057 
0.00001049 
0.00001061 
0.00001056 
0.00001060 
0.00001056 
0.00001050 
0.00001053 
0.00001054 
0.00001059 
0.00001058 
0.00001062 
0.00001048 
0.00001049 
0.00001046 
0.00001047 
0.00001045 
0.00001042 
0.00001042 
0.00001033 
0.00001024 
0.00001024 
0.00001024 
0.00001031 
0.00001030 
0.00001024 
0.00001022 
0.00001018 
0.00001019 
0.00001016 
0.00001015 
0.00001028 
0.00001027 
0.00001026 
0.00001023 
0.00001025 
0.00001024 
0.00001022 
0.00001022 
0.00001022 
0.00001012 
0.00001018 
0.00001015 
0.00001010 
0.00001010 
0.00001018 
0.00001010 
0.00001017 
0.00001014 
0.00001017 
0.00001020 
0.00001017 
0.00001017 
0.00001015 
0.00001012 
0.00001022 
0.00001020 
0.00001024 
0.00001020 
0.00001024 
0.00001023 
0.00001027 
0.00001026 
0.00001028 
0.00001031 
0.00001028 
0.00001032 
0.00001025 
0.00001029 
0.00001025 
0.00001020 
0.00001023 
0.00001031 
0.00001025 
0.00001024 
0.00001027 
0.00001014 
0.00001022 
0.00001022 
0.00001025 
0.00001023 
0.00001025 
0.00001026 
0.00001024 
0.00001017 
0.00001024 
0.00001033 
0.00001033 
0.00001033 
0.00001023 
0.00001033 
0.00001032 
0.00001040 
0.00001037 
0.00001041 
0.00001041 
0.00001045 
0.00001041 
0.00001042 
0.00001049 
0.00001044 
0.00001049 
0.00001042 
0.00001042 
0.00001045 
0.00001044 
0.00001045 
0.00001047 
0.00001038 
0.00001029 
0.00001025 
0.00001021 
0.00001019 
0.00001014 
0.00001012 
0.00001016 
0.00001123 
0.00001127 
0.00001123 
0.00001127 
0.00001122 
0.00001122 
0.00001121 
0.00001118 
0.00001113 
0.00001116 
0.00001116 
0.00001112 
0.00001114 
0.00001110 
0.00001114 
0.00001116 
0.00001114 
0.00001117 
0.00001122 
0.00001123 
0.00001124 
0.00001122 
0.00001122 
0.00001121 
0.00001119 
0.00001118 
0.00001116 
0.00001123 
0.00001125 
0.00001120 
0.00001117 
0.00001120 
0.00001119 
0.00001118 
0.00001120 
0.00001120 
0.00001111 
0.00001112 
0.00001120 
0.00001116 
0.00001109 
0.00001110 
0.00001109 
0.00001120 
0.00001120 
0.00001123 
0.00001122 
0.00001125 
0.00001125 
0.00001122 
0.00001117 
0.00001113 
0.00001116 
0.00001116 
0.00001119 
0.00001119 
0.00001117 
0.00001117 
0.00001113 
0.00001116 
0.00001117 
0.00001118 
0.00001115 
0.00001119 
0.00001122 
0.00001116 
0.00001116 
0.00001118 
0.00001115 
0.00001116 
0.00001115 
0.00001114 
0.00001117 
0.00001112 
0.00001117 
0.00001112 
0.00001110 
0.00001105 
0.00001110 
0.00001116 
0.00001114 
0.00001109 
0.00001117 
0.00001130 
0.00001136 
0.00001132 
0.00001133 
0.00001133 
0.00001143 
0.00001141 
0.00001130 
0.00001128 
0.00001126 
0.00001120 
0.00001104 
0.00001100 
0.00001090 
0.00001089 
0.00001091 
0.00001095 
0.00001086 
0.00001093 
0.00001092 
0.00001095 
0.00001096 
0.00001089 
0.00001089 
0.00001090 
0.00001091 
0.00001094 
0.00001095 
0.00001099 
0.00001100 
0.00001101 
0.00001101 
0.00001100 
0.00001095 
0.00001103 
0.00001105 
0.00001105 
0.00001101 
0.00001105 
0.00001092 
0.00001067 
0.00001057 
0.00001053 
0.00001049 
0.00001053 
0.00001052 
0.00001048 
0.00001051 
0.00001054 
0.00001054 
0.00001058 
0.00001055 
0.00001056 
0.00001057 
0.00001049 
0.00001056 
0.00001054 
0.00001051 
0.00001050 
0.00001064 
0.00001064 
0.00001085 
0.00001096 
0.00001082 
0.00001065 
0.00001061 
0.00001062 
0.00001057 
0.00001054 
0.00001059 
0.00001054 
0.00001048 
0.00001048 
0.00001048 
0.00001051 
0.00001046 
0.00001043 
0.00001043 
0.00001041 
0.00001044 
0.00001046 
0.00001035 
0.00001025 
0.00001027 
0.00001016 
0.00001008 
0.00001006 
0.00001006 
0.00001010 
0.00001014 
0.00001014 
0.00001014 
0.00001014 
0.00001013 
0.00001010 
0.00001007 
0.00001003 
0.00001007 
0.00001006 
0.00001004 
0.00001009 
0.00001007 
0.00001008 
0.00001008 
0.00001010 
0.00001011 
0.00001008 
0.00001006 
0.00001009 
0.00001017 
0.00001016 
0.00001025 
0.00001026 
0.00001027 
0.00001030 
0.00001025 
0.00001017 
0.00001018 
0.00001018 
0.00001019 
0.00001025 
0.00001027 
0.00001020 
0.00001026 
0.00001017 
0.00001018 
0.00001022 
0.00001020 
0.00001013 
0.00001017 
0.00001018 
0.00001007 
0.00001010 
0.00001013 
0.00001015 
0.00001012 
0.00001011 
0.00001009 
0.00001004 
0.00001000 
0.00000998 
0.00001000 
0.00001000 
0.00001000 
0.00001001 
0.00000999 
0.00000991 
0.00000995 
0.00001001 
0.00000993 
0.00000999 
0.00000996 
0.00001001 
0.00000995 
0.00000989 
0.00000990 
0.00000992 
0.00000991 
0.00000995 
0.00000992 
0.00000991 
0.00000998 
0.00000998 
0.00000998 
0.00001000 
0.00001002 
0.00001001 
0.00001007 
0.00001011 
0.00001016 
0.00001010 
0.00001006 
0.00000997 
0.00001003 
0.00000993 
0.00000998 
0.00000991 
0.00000983 
0.00000996 
0.00001002 
0.00000994 
0.00000993 
0.00000990 
0.00000988 
0.00000989 
0.00000990 
0.00000991 
0.00000980 
0.00000996 
0.00001002 
0.00000993 
0.00000992 
0.00000982 
0.00000992 
0.00000998 
0.00000991 
0.00000983 
0.00000996 
0.00000992 
0.00001000 
0.00001000 
0.00001003 
0.00001013 
0.00001018 
0.00001018 
0.00001014 
0.00001015 
0.00001022 
0.00001021 
0.00001022 
0.00001018 
0.00001018 
0.00001015 
0.00001012 
0.00001015 
0.00001026 
0.00001026 
0.00001029 
0.00001023 
0.00001028 
0.00001022 
0.00001020 
0.00001022 
0.00001027 
0.00001017 
0.00001028 
0.00001023 
0.00001028 
0.00001025 
0.00001019 
0.00001023 
0.00001022 
0.00001027 
0.00001023 
0.00001027 
0.00001037 
0.00001023 
0.00001026 
0.00001029 
0.00001030 
0.00001024 
0.00001021 
0.00001025 
0.00001025 
0.00001034 
0.00001037 
0.00001041 
0.00001035 
0.00001036 
0.00001043 
0.00001048 
0.00001057 
0.00001053 
0.00001051 
0.00001051 
0.00001049 
0.00001050 
0.00001054 
0.00001057 
0.00001053 
0.00001061 
0.00001058 
0.00001059 
0.00001062 
0.00001066 
0.00001055 
0.00001053 
0.00001057 
0.00001053 
0.00001058 
0.00001049 
0.00001057 
0.00001050 
0.00001043 
0.00001027 
0.00001019 
0.00001031 
0.00001036 
0.00001050 
0.00001047 
0.00001062 
0.00001057 
0.00001049 
0.00001061 
0.00001056 
0.00001060 
0.00001056 
0.00001050 
0.00001053 
0.00001054 
0.00001059 
0.00001058 
0.00001062 
0.00001048 
0.00001049 
0.00001046 
0.00001047 
0.00001045 
0.00001042 
0.00001042 
0.00001033 
0.00001024 
0.00001024 
0.00001024 
0.00001031 
0.00001030 
0.00001024 
0.00001022 
0.00001018 
0.00001019 
0.00001016 
0.00001015 
0.00001028 
0.00001027 
0.00001026 
0.00001023 
0.00001025 
0.00001024 
0.00001022 
0.00001022 
0.00001022 
0.00001012 
0.00001018 
0.00001015 
0.00001010 
0.00001010 
0.00001018 
0.00001010 
0.00001017 
0.00001014 
0.00001017 
0.00001020 
0.00001017 
0.00001017 
0.00001015 
0.00001012 
0.00001022 
0.00001020 
0.00001024 
0.00001020 
0.00001024 
0.00001023 
0.00001027 
0.00001026 
0.00001028 
0.00001031 
0.00001028 
0.00001032 
0.00001025 
0.00001029 
0.00001025 
0.00001020 
0.00001023 
0.00001031 
0.00001025 
0.00001024 
0.00001027 
0.00001014 
0.00001022 
0.00001022 
0.00001025 
0.00001023 
0.00001025 
0.00001026 
0.00001024 
0.00001017 
0.00001024 
0.00001033 
0.00001033 
0.00001033 
0.00001023 
0.00001033 
0.00001032 
0.00001040 
0.00001037 
0.00001041 
0.00001041 
0.00001045 
0.00001041 
0.00001042 
0.00001049 
0.00001044 
0.00001049 
0.00001042 
0.00001042 
0.00001045 
0.00001044 
0.00001045 
0.00001047 
0.00001038 
0.00001029 
0.00001025 
0.00001021 
0.00001019 
0.00001014 
0.00001012 
0.00001016 
