1189.78000000 
1693.29000000 
1178.55000000 
1609.76000000 
1463.27000000 
116.10000000 
87.07000000 
2690.36000000 
625.89000000 
81.39000000 
235.10000000 
550.76000000 
598.67000000 
1404.17000000 
55.34000000 
860.02000000 
388.66000000 
269.88000000 
428.07000000 
1070.56000000 
40.20000000 
30.00000000 
464.67000000 
179.90000000 
915.71000000 
644.01000000 
118.40000000 
814.72000000 
1184.74000000 
746.52000000 
1284.25000000 
1074.17000000 
97.39000000 
101.06000000 
172.83000000 
1101.70000000 
272.51000000 
263.83000000 
446.06000000 
235.07000000 
0.00000000 
1001.31000000 
252.58000000 
127.84000000 
45.93000000 
280.42000000 
414.70000000 
881.19000000 
1287.49000000 
101.75000000 
261.08000000 
0.35000000 
239.27000000 
489.74000000 
75.47000000 
18.60000000 
30.00000000 
325.07000000 
637.17000000 
404.07000000 
262.91000000 
387.63000000 
273.17000000 
48.58000000 
525.85000000 
283.38000000 
116.19000000 
131.66000000 
49.53000000 
0.00000000 
254.35000000 
417.96000000 
35.29000000 
67.19000000 
182.05000000 
849.92000000 
0.00000000 
200.07000000 
68.92000000 
348.73000000 
534.40000000 
154.75000000 
451.97000000 
79.66000000 
13.37000000 
492.47000000 
499.44000000 
19.06000000 
41.07000000 
12.00000000 
31.99000000 
6.75000000 
152.40000000 
39.42000000 
240.91000000 
821.19000000 
112.32000000 
772.19000000 
287.73000000 
238.63000000 
224.84000000 
348.76000000 
253.69000000 
128.97000000 
731.26000000 
138.74000000 
274.21000000 
130.98000000 
532.12000000 
169.16000000 
1049.40000000 
685.18000000 
75.48000000 
862.01000000 
168.27000000 
1301.03000000 
620.19000000 
1400.66000000 
920.44000000 
170.85000000 
607.73000000 
293.44000000 
44.52000000 
510.36000000 
707.21000000 
216.58000000 
28.00000000 
14.12000000 
68.07000000 
205.00000000 
466.12000000 
40.25000000 
201.05000000 
68.46000000 
655.53000000 
1337.91000000 
558.04000000 
85.34000000 
564.42000000 
70.23000000 
545.22000000 
443.27000000 
39.08000000 
324.94000000 
33.54000000 
1103.29000000 
145.44000000 
1171.55000000 
491.09000000 
243.49000000 
515.52000000 
360.24000000 
371.28000000 
437.56000000 
6.62000000 
659.63000000 
318.92000000 
50.07000000 
0.00000000 
559.17000000 
132.96000000 
16.91000000 
277.29000000 
40.22000000 
195.64000000 
139.90000000 
42.39000000 
713.65000000 
755.02000000 
234.20000000 
2656.47000000 
218.55000000 
3552.00000000 
2315.87000000 
40.17000000 
1741.84000000 
147.96000000 
2233.85000000 
34.08000000 
1512.39000000 
547.46000000 
219.18000000 
0.00000000 
141.48000000 
65.86000000 
394.39000000 
285.65000000 
175.29000000 
305.55000000 
723.64000000 
658.82000000 
0.00000000 
229.52000000 
170.43000000 
99.89000000 
0.00000000 
493.94000000 
250.64000000 
177.75000000 
1590.22000000 
324.92000000 
20.23000000 
10.00000000 
857.71000000 
1049.00000000 
110.67000000 
711.02000000 
1220.86000000 
318.95000000 
1594.70000000 
239.89000000 
233.68000000 
10.47000000 
171.97000000 
46.40000000 
76.40000000 
599.97000000 
450.20000000 
1352.11000000 
725.05000000 
127.30000000 
436.71000000 
31.45000000 
767.53000000 
691.59000000 
66.71000000 
46.46000000 
82.02000000 
825.25000000 
1319.02000000 
147.39000000 
443.93000000 
91.15000000 
1525.36000000 
1080.98000000 
1465.56000000 
513.24000000 
867.39000000 
738.74000000 
290.65000000 
52.68000000 
599.52000000 
507.04000000 
78.05000000 
20.91000000 
790.71000000 
582.79000000 
151.10000000 
491.20000000 
10.01000000 
825.29000000 
439.96000000 
118.35000000 
138.41000000 
11.20000000 
274.90000000 
3238.99000000 
436.62000000 
169.09000000 
0.00000000 
307.27000000 
118.79000000 
384.95000000 
365.26000000 
220.33000000 
129.67000000 
407.75000000 
426.74000000 
1670.77000000 
1050.92000000 
625.55000000 
274.05000000 
109.18000000 
1229.92000000 
1057.34000000 
1500.79000000 
89.99000000 
25.13000000 
473.60000000 
235.43000000 
0.00000000 
105.35000000 
170.77000000 
98.64000000 
595.46000000 
269.85000000 
128.88000000 
406.22000000 
0.00000000 
0.00000000 
250.98000000 
34.83000000 
941.33000000 
10.71000000 
104.21000000 
0.00000000 
29.78000000 
0.00000000 
294.10000000 
578.76000000 
182.80000000 
195.26000000 
224.23000000 
625.50000000 
64.30000000 
454.51000000 
5.00000000 
14.52000000 
377.30000000 
873.36000000 
4000.82000000 
294.56000000 
3206.69000000 
333.95000000 
98.80000000 
20.67000000 
941.64000000 
316.17000000 
345.45000000 
90.13000000 
1121.23000000 
1600.67000000 
354.72000000 
425.38000000 
1211.23000000 
178.77000000 
159.27000000 
397.81000000 
2300.06000000 
822.16000000 
1926.74000000 
2629.28000000 
655.98000000 
2615.12000000 
2957.28000000 
1223.27000000 
495.40000000 
179.71000000 
296.44000000 
258.10000000 
1559.03000000 
530.85000000 
1963.03000000 
19534.20000000 
17.71000000 
107.01000000 
149.10000000 
9.05000000 
107.28000000 
44.00000000 
176.88000000 
858.40000000 
1033.44000000 
1324.04000000 
84.12000000 
111.00000000 
44.11000000 
88.37000000 
45.46000000 
2088.56000000 
188.29000000 
821.13000000 
1332.00000000 
1702.78000000 
3406.16000000 
26.35000000 
8.77000000 
0.00000000 
113.76000000 
441.93000000 
96.14000000 
424.46000000 
208.62000000 
37.42000000 
465.94000000 
58.72000000 
73.72000000 
22.56000000 
77.76000000 
633.21000000 
322.17000000 
257.55000000 
71.55000000 
111.97000000 
962.04000000 
97.20000000 
1154.65000000 
439.58000000 
417.43000000 
583.80000000 
3.84000000 
132.37000000 
257.15000000 
2436.75000000 
242.65000000 
117.77000000 
157.69000000 
15.21000000 
391.58000000 
129.26000000 
149.91000000 
7.13000000 
180.37000000 
895.07000000 
614.10000000 
727.71000000 
21.82000000 
7.15000000 
407.82000000 
4936.73000000 
82.45000000 
85.16000000 
3.68000000 
19.81000000 
20.02000000 
10.86000000 
197.71000000 
15.98000000 
16.27000000 
38.81000000 
91.33000000 
588.98000000 
357.29000000 
1842.83000000 
0.00000000 
178.45000000 
531.83000000 
0.00000000 
533.19000000 
0.00000000 
392.48000000 
306.81000000 
21.00000000 
126.26000000 
11.88000000 
7.00000000 
123.81000000 
3.06000000 
175.39000000 
26.00000000 
0.00000000 
88.97000000 
442.92000000 
106.23000000 
6.71000000 
78.89000000 
20.00000000 
26.35000000 
65.92000000 
194.43000000 
223.32000000 
558.22000000 
151.00000000 
29.84000000 
0.00000000 
154.94000000 
174.84000000 
705.64000000 
272.66000000 
0.00000000 
1973.42000000 
32.57000000 
1082.04000000 
47.02000000 
252.24000000 
965.47000000 
22.22000000 
2.65000000 
1033.59000000 
1084.71000000 
0.00000000 
0.00000000 
190.84000000 
600.45000000 
44.58000000 
0.00000000 
2112.32000000 
230.96000000 
258.29000000 
15.08000000 
1189.78000000 
1693.29000000 
1178.55000000 
1609.76000000 
1463.27000000 
116.10000000 
87.07000000 
2690.36000000 
625.89000000 
81.39000000 
235.10000000 
550.76000000 
598.67000000 
1404.17000000 
55.34000000 
860.02000000 
388.66000000 
269.88000000 
428.07000000 
1070.56000000 
40.20000000 
30.00000000 
464.67000000 
179.90000000 
915.71000000 
644.01000000 
118.40000000 
814.72000000 
1184.74000000 
746.52000000 
1284.25000000 
1074.17000000 
97.39000000 
101.06000000 
172.83000000 
1101.70000000 
272.51000000 
263.83000000 
446.06000000 
235.07000000 
0.00000000 
1001.31000000 
252.58000000 
127.84000000 
45.93000000 
280.42000000 
414.70000000 
881.19000000 
1287.49000000 
101.75000000 
261.08000000 
0.35000000 
239.27000000 
489.74000000 
75.47000000 
18.60000000 
30.00000000 
325.07000000 
637.17000000 
404.07000000 
262.91000000 
387.63000000 
273.17000000 
48.58000000 
525.85000000 
283.38000000 
116.19000000 
131.66000000 
49.53000000 
0.00000000 
254.35000000 
417.96000000 
35.29000000 
67.19000000 
182.05000000 
849.92000000 
0.00000000 
200.07000000 
68.92000000 
348.73000000 
534.40000000 
154.75000000 
451.97000000 
79.66000000 
13.37000000 
492.47000000 
499.44000000 
19.06000000 
41.07000000 
12.00000000 
31.99000000 
6.75000000 
152.40000000 
39.42000000 
240.91000000 
821.19000000 
112.32000000 
772.19000000 
287.73000000 
238.63000000 
224.84000000 
348.76000000 
253.69000000 
128.97000000 
731.26000000 
138.74000000 
274.21000000 
130.98000000 
532.12000000 
169.16000000 
1049.40000000 
685.18000000 
75.48000000 
862.01000000 
168.27000000 
1301.03000000 
620.19000000 
1400.66000000 
920.44000000 
170.85000000 
607.73000000 
293.44000000 
44.52000000 
510.36000000 
707.21000000 
216.58000000 
28.00000000 
14.12000000 
68.07000000 
205.00000000 
466.12000000 
40.25000000 
201.05000000 
68.46000000 
655.53000000 
1337.91000000 
558.04000000 
85.34000000 
564.42000000 
70.23000000 
545.22000000 
443.27000000 
39.08000000 
324.94000000 
33.54000000 
1103.29000000 
145.44000000 
1171.55000000 
491.09000000 
243.49000000 
515.52000000 
360.24000000 
371.28000000 
437.56000000 
6.62000000 
659.63000000 
318.92000000 
50.07000000 
0.00000000 
559.17000000 
132.96000000 
16.91000000 
277.29000000 
40.22000000 
195.64000000 
139.90000000 
42.39000000 
713.65000000 
755.02000000 
234.20000000 
2656.47000000 
218.55000000 
3552.00000000 
2315.87000000 
40.17000000 
1741.84000000 
147.96000000 
2233.85000000 
34.08000000 
1512.39000000 
547.46000000 
219.18000000 
0.00000000 
141.48000000 
65.86000000 
394.39000000 
285.65000000 
175.29000000 
305.55000000 
723.64000000 
658.82000000 
0.00000000 
229.52000000 
170.43000000 
99.89000000 
0.00000000 
493.94000000 
250.64000000 
177.75000000 
1590.22000000 
324.92000000 
20.23000000 
10.00000000 
857.71000000 
1049.00000000 
110.67000000 
711.02000000 
1220.86000000 
318.95000000 
1594.70000000 
239.89000000 
233.68000000 
10.47000000 
171.97000000 
46.40000000 
76.40000000 
599.97000000 
450.20000000 
1352.11000000 
725.05000000 
127.30000000 
436.71000000 
31.45000000 
767.53000000 
691.59000000 
66.71000000 
46.46000000 
82.02000000 
825.25000000 
1319.02000000 
147.39000000 
443.93000000 
91.15000000 
1525.36000000 
1080.98000000 
1465.56000000 
513.24000000 
867.39000000 
738.74000000 
290.65000000 
52.68000000 
599.52000000 
507.04000000 
78.05000000 
20.91000000 
790.71000000 
582.79000000 
151.10000000 
491.20000000 
10.01000000 
825.29000000 
439.96000000 
118.35000000 
138.41000000 
11.20000000 
274.90000000 
3238.99000000 
436.62000000 
169.09000000 
0.00000000 
307.27000000 
118.79000000 
384.95000000 
365.26000000 
220.33000000 
129.67000000 
407.75000000 
426.74000000 
1670.77000000 
1050.92000000 
625.55000000 
274.05000000 
109.18000000 
1229.92000000 
1057.34000000 
1500.79000000 
89.99000000 
25.13000000 
473.60000000 
235.43000000 
0.00000000 
105.35000000 
170.77000000 
98.64000000 
595.46000000 
269.85000000 
128.88000000 
406.22000000 
0.00000000 
0.00000000 
250.98000000 
34.83000000 
941.33000000 
10.71000000 
104.21000000 
0.00000000 
29.78000000 
0.00000000 
294.10000000 
578.76000000 
182.80000000 
195.26000000 
224.23000000 
625.50000000 
64.30000000 
454.51000000 
5.00000000 
14.52000000 
377.30000000 
873.36000000 
4000.82000000 
294.56000000 
3206.69000000 
333.95000000 
98.80000000 
20.67000000 
941.64000000 
316.17000000 
345.45000000 
90.13000000 
1121.23000000 
1600.67000000 
354.72000000 
425.38000000 
1211.23000000 
178.77000000 
159.27000000 
397.81000000 
2300.06000000 
822.16000000 
1926.74000000 
2629.28000000 
655.98000000 
2615.12000000 
2957.28000000 
1223.27000000 
495.40000000 
179.71000000 
296.44000000 
258.10000000 
1559.03000000 
530.85000000 
1963.03000000 
19534.20000000 
17.71000000 
107.01000000 
149.10000000 
9.05000000 
107.28000000 
44.00000000 
176.88000000 
858.40000000 
1033.44000000 
1324.04000000 
84.12000000 
111.00000000 
44.11000000 
88.37000000 
45.46000000 
2088.56000000 
188.29000000 
821.13000000 
1332.00000000 
1702.78000000 
3406.16000000 
26.35000000 
8.77000000 
0.00000000 
113.76000000 
441.93000000 
96.14000000 
424.46000000 
208.62000000 
37.42000000 
465.94000000 
58.72000000 
73.72000000 
22.56000000 
77.76000000 
633.21000000 
322.17000000 
257.55000000 
71.55000000 
111.97000000 
962.04000000 
97.20000000 
1154.65000000 
439.58000000 
417.43000000 
583.80000000 
3.84000000 
132.37000000 
257.15000000 
2436.75000000 
242.65000000 
117.77000000 
157.69000000 
15.21000000 
391.58000000 
129.26000000 
149.91000000 
7.13000000 
180.37000000 
895.07000000 
614.10000000 
727.71000000 
21.82000000 
7.15000000 
407.82000000 
4936.73000000 
82.45000000 
85.16000000 
3.68000000 
19.81000000 
20.02000000 
10.86000000 
197.71000000 
15.98000000 
16.27000000 
38.81000000 
91.33000000 
588.98000000 
357.29000000 
1842.83000000 
0.00000000 
178.45000000 
531.83000000 
0.00000000 
533.19000000 
0.00000000 
392.48000000 
306.81000000 
21.00000000 
126.26000000 
11.88000000 
7.00000000 
123.81000000 
3.06000000 
175.39000000 
26.00000000 
0.00000000 
88.97000000 
442.92000000 
106.23000000 
6.71000000 
78.89000000 
20.00000000 
26.35000000 
65.92000000 
194.43000000 
223.32000000 
558.22000000 
151.00000000 
29.84000000 
0.00000000 
154.94000000 
174.84000000 
705.64000000 
272.66000000 
0.00000000 
1973.42000000 
32.57000000 
1082.04000000 
47.02000000 
252.24000000 
965.47000000 
22.22000000 
2.65000000 
1033.59000000 
1084.71000000 
0.00000000 
0.00000000 
190.84000000 
600.45000000 
44.58000000 
0.00000000 
2112.32000000 
230.96000000 
258.29000000 
15.08000000 
1189.78000000 
1693.29000000 
1178.55000000 
1609.76000000 
1463.27000000 
116.10000000 
87.07000000 
2690.36000000 
625.89000000 
81.39000000 
235.10000000 
550.76000000 
598.67000000 
1404.17000000 
55.34000000 
860.02000000 
388.66000000 
269.88000000 
428.07000000 
1070.56000000 
40.20000000 
30.00000000 
464.67000000 
179.90000000 
915.71000000 
644.01000000 
118.40000000 
814.72000000 
1184.74000000 
746.52000000 
1284.25000000 
1074.17000000 
97.39000000 
101.06000000 
172.83000000 
1101.70000000 
272.51000000 
263.83000000 
446.06000000 
235.07000000 
0.00000000 
1001.31000000 
252.58000000 
127.84000000 
45.93000000 
280.42000000 
414.70000000 
881.19000000 
1287.49000000 
101.75000000 
261.08000000 
0.35000000 
239.27000000 
489.74000000 
75.47000000 
18.60000000 
30.00000000 
325.07000000 
637.17000000 
404.07000000 
262.91000000 
387.63000000 
273.17000000 
48.58000000 
525.85000000 
283.38000000 
116.19000000 
131.66000000 
49.53000000 
0.00000000 
254.35000000 
417.96000000 
35.29000000 
67.19000000 
182.05000000 
849.92000000 
0.00000000 
200.07000000 
68.92000000 
348.73000000 
534.40000000 
154.75000000 
451.97000000 
79.66000000 
13.37000000 
492.47000000 
499.44000000 
19.06000000 
41.07000000 
12.00000000 
31.99000000 
6.75000000 
152.40000000 
39.42000000 
240.91000000 
821.19000000 
112.32000000 
772.19000000 
287.73000000 
238.63000000 
224.84000000 
348.76000000 
253.69000000 
128.97000000 
731.26000000 
138.74000000 
274.21000000 
130.98000000 
532.12000000 
169.16000000 
1049.40000000 
685.18000000 
75.48000000 
862.01000000 
168.27000000 
1301.03000000 
620.19000000 
1400.66000000 
920.44000000 
170.85000000 
607.73000000 
293.44000000 
44.52000000 
510.36000000 
707.21000000 
216.58000000 
28.00000000 
14.12000000 
68.07000000 
205.00000000 
466.12000000 
40.25000000 
201.05000000 
68.46000000 
655.53000000 
1337.91000000 
558.04000000 
85.34000000 
564.42000000 
70.23000000 
545.22000000 
443.27000000 
39.08000000 
324.94000000 
33.54000000 
1103.29000000 
145.44000000 
1171.55000000 
491.09000000 
243.49000000 
515.52000000 
360.24000000 
371.28000000 
437.56000000 
6.62000000 
659.63000000 
318.92000000 
50.07000000 
0.00000000 
559.17000000 
132.96000000 
16.91000000 
277.29000000 
40.22000000 
195.64000000 
139.90000000 
42.39000000 
713.65000000 
755.02000000 
234.20000000 
2656.47000000 
218.55000000 
3552.00000000 
2315.87000000 
40.17000000 
1741.84000000 
147.96000000 
2233.85000000 
34.08000000 
1512.39000000 
547.46000000 
219.18000000 
0.00000000 
141.48000000 
65.86000000 
394.39000000 
285.65000000 
175.29000000 
305.55000000 
723.64000000 
658.82000000 
0.00000000 
229.52000000 
170.43000000 
99.89000000 
0.00000000 
493.94000000 
250.64000000 
177.75000000 
1590.22000000 
324.92000000 
20.23000000 
10.00000000 
857.71000000 
1049.00000000 
110.67000000 
711.02000000 
1220.86000000 
318.95000000 
1594.70000000 
239.89000000 
233.68000000 
10.47000000 
171.97000000 
46.40000000 
76.40000000 
599.97000000 
450.20000000 
1352.11000000 
725.05000000 
127.30000000 
436.71000000 
31.45000000 
767.53000000 
691.59000000 
66.71000000 
46.46000000 
82.02000000 
825.25000000 
1319.02000000 
147.39000000 
443.93000000 
91.15000000 
1525.36000000 
1080.98000000 
1465.56000000 
513.24000000 
867.39000000 
738.74000000 
290.65000000 
52.68000000 
599.52000000 
507.04000000 
78.05000000 
20.91000000 
790.71000000 
582.79000000 
151.10000000 
491.20000000 
10.01000000 
825.29000000 
439.96000000 
118.35000000 
138.41000000 
11.20000000 
274.90000000 
3238.99000000 
436.62000000 
169.09000000 
0.00000000 
307.27000000 
118.79000000 
384.95000000 
365.26000000 
220.33000000 
129.67000000 
407.75000000 
426.74000000 
1670.77000000 
1050.92000000 
625.55000000 
274.05000000 
109.18000000 
1229.92000000 
1057.34000000 
1500.79000000 
89.99000000 
25.13000000 
473.60000000 
235.43000000 
0.00000000 
105.35000000 
170.77000000 
98.64000000 
595.46000000 
269.85000000 
128.88000000 
406.22000000 
0.00000000 
0.00000000 
250.98000000 
34.83000000 
941.33000000 
10.71000000 
104.21000000 
0.00000000 
29.78000000 
0.00000000 
294.10000000 
578.76000000 
182.80000000 
195.26000000 
224.23000000 
625.50000000 
64.30000000 
454.51000000 
5.00000000 
14.52000000 
377.30000000 
873.36000000 
4000.82000000 
294.56000000 
3206.69000000 
333.95000000 
98.80000000 
20.67000000 
941.64000000 
316.17000000 
345.45000000 
90.13000000 
1121.23000000 
1600.67000000 
354.72000000 
425.38000000 
1211.23000000 
178.77000000 
159.27000000 
397.81000000 
2300.06000000 
822.16000000 
1926.74000000 
2629.28000000 
655.98000000 
2615.12000000 
2957.28000000 
1223.27000000 
495.40000000 
179.71000000 
296.44000000 
258.10000000 
1559.03000000 
530.85000000 
1963.03000000 
19534.20000000 
17.71000000 
107.01000000 
149.10000000 
9.05000000 
107.28000000 
44.00000000 
176.88000000 
858.40000000 
1033.44000000 
1324.04000000 
84.12000000 
111.00000000 
44.11000000 
88.37000000 
45.46000000 
2088.56000000 
188.29000000 
821.13000000 
1332.00000000 
1702.78000000 
3406.16000000 
26.35000000 
8.77000000 
0.00000000 
113.76000000 
441.93000000 
96.14000000 
424.46000000 
208.62000000 
37.42000000 
465.94000000 
58.72000000 
73.72000000 
22.56000000 
77.76000000 
633.21000000 
322.17000000 
257.55000000 
71.55000000 
111.97000000 
962.04000000 
97.20000000 
1154.65000000 
439.58000000 
417.43000000 
583.80000000 
3.84000000 
132.37000000 
257.15000000 
2436.75000000 
242.65000000 
117.77000000 
157.69000000 
15.21000000 
391.58000000 
129.26000000 
149.91000000 
7.13000000 
180.37000000 
895.07000000 
614.10000000 
727.71000000 
21.82000000 
7.15000000 
407.82000000 
4936.73000000 
82.45000000 
85.16000000 
3.68000000 
19.81000000 
20.02000000 
10.86000000 
197.71000000 
15.98000000 
16.27000000 
38.81000000 
91.33000000 
588.98000000 
357.29000000 
1842.83000000 
0.00000000 
178.45000000 
531.83000000 
0.00000000 
533.19000000 
0.00000000 
392.48000000 
306.81000000 
21.00000000 
126.26000000 
11.88000000 
7.00000000 
123.81000000 
3.06000000 
175.39000000 
26.00000000 
0.00000000 
88.97000000 
442.92000000 
106.23000000 
6.71000000 
78.89000000 
20.00000000 
26.35000000 
65.92000000 
194.43000000 
223.32000000 
558.22000000 
151.00000000 
29.84000000 
0.00000000 
154.94000000 
174.84000000 
705.64000000 
272.66000000 
0.00000000 
1973.42000000 
32.57000000 
1082.04000000 
47.02000000 
252.24000000 
965.47000000 
22.22000000 
2.65000000 
1033.59000000 
1084.71000000 
0.00000000 
0.00000000 
190.84000000 
600.45000000 
44.58000000 
0.00000000 
2112.32000000 
230.96000000 
258.29000000 
15.08000000 
