0.00016388 
0.00016407 
0.00016394 
0.00016499 
0.00016391 
0.00016460 
0.00016329 
0.00016330 
0.00016548 
0.00016600 
0.00016585 
0.00016584 
0.00016583 
0.00016486 
0.00016486 
0.00016486 
0.00016382 
0.00016475 
0.00016485 
0.00016448 
0.00016426 
0.00016342 
0.00016425 
0.00016312 
0.00016312 
0.00016292 
0.00016253 
0.00016332 
0.00016474 
0.00016267 
0.00016403 
0.00016443 
0.00016562 
0.00016492 
0.00016487 
0.00016653 
0.00016633 
0.00016537 
0.00016672 
0.00016672 
0.00016534 
0.00016721 
0.00016720 
0.00016764 
0.00016764 
0.00016588 
0.00016443 
0.00016600 
0.00016610 
0.00016579 
0.00016561 
0.00016765 
0.00016600 
0.00016603 
0.00016525 
0.00016349 
0.00016349 
0.00016349 
0.00016349 
0.00016351 
0.00016198 
0.00016198 
0.00016200 
0.00016143 
0.00016200 
0.00016200 
0.00016200 
0.00016193 
0.00016230 
0.00016237 
0.00016163 
0.00016265 
0.00016293 
0.00016157 
0.00016325 
0.00016499 
0.00016510 
0.00016511 
0.00016367 
0.00016366 
0.00016651 
0.00016765 
0.00016765 
0.00016784 
0.00016764 
0.00016673 
0.00016770 
0.00016750 
0.00016589 
0.00016539 
0.00016797 
0.00016705 
0.00016708 
0.00016586 
0.00016608 
0.00016450 
0.00016347 
0.00016465 
0.00016437 
0.00016437 
0.00016510 
0.00016524 
0.00016467 
0.00016700 
0.00016699 
0.00016793 
0.00016613 
0.00016459 
0.00016599 
0.00016889 
0.00016942 
0.00016972 
0.00016734 
0.00016732 
0.00016863 
0.00016500 
0.00016656 
0.00016898 
0.00016898 
0.00016814 
0.00016833 
0.00016868 
0.00016800 
0.00016730 
0.00016835 
0.00016927 
0.00017175 
0.00016847 
0.00016925 
0.00017093 
0.00017093 
0.00017239 
0.00017081 
0.00017166 
0.00017187 
0.00017112 
0.00016989 
0.00017140 
0.00017093 
0.00017139 
0.00017227 
0.00017189 
0.00017182 
0.00016963 
0.00017068 
0.00017094 
0.00017287 
0.00017317 
0.00017293 
0.00016834 
0.00017313 
0.00017571 
0.00017681 
0.00018001 
0.00017898 
0.00017800 
0.00017717 
0.00018200 
0.00018550 
0.00018060 
0.00017750 
0.00017712 
0.00017549 
0.00017432 
0.00017417 
0.00017298 
0.00017441 
0.00016981 
0.00016963 
0.00017299 
0.00017553 
0.00017809 
0.00018033 
0.00018000 
0.00018222 
0.00018284 
0.00017826 
0.00018190 
0.00018312 
0.00017812 
0.00018235 
0.00018397 
0.00018909 
0.00020113 
0.00019998 
0.00019955 
0.00020505 
0.00020163 
0.00019366 
0.00018922 
0.00019488 
0.00018825 
0.00019000 
0.00018022 
0.00018057 
0.00017633 
0.00017916 
0.00017441 
0.00017442 
0.00016984 
0.00016999 
0.00016814 
0.00016813 
0.00016856 
0.00016850 
0.00017000 
0.00016815 
0.00016815 
0.00016754 
0.00016515 
0.00016600 
0.00016386 
0.00016100 
0.00016217 
0.00016217 
0.00016244 
0.00016586 
0.00016757 
0.00016852 
0.00016949 
0.00016977 
0.00016900 
0.00016966 
0.00016951 
0.00016848 
0.00016998 
0.00016798 
0.00016961 
0.00016853 
0.00016852 
0.00016690 
0.00016790 
0.00016998 
0.00016754 
0.00016633 
0.00016723 
0.00016582 
0.00016503 
0.00016450 
0.00016190 
0.00016239 
0.00016340 
0.00016436 
0.00016359 
0.00016538 
0.00016711 
0.00016502 
0.00016507 
0.00016340 
0.00016344 
0.00016416 
0.00016400 
0.00016389 
0.00016346 
0.00016391 
0.00016389 
0.00016350 
0.00016377 
0.00016540 
0.00016379 
0.00016400 
0.00016195 
0.00015910 
0.00015563 
0.00015300 
0.00015330 
0.00015434 
0.00014965 
0.00014815 
0.00013598 
0.00013571 
0.00013600 
0.00013644 
0.00013644 
0.00013703 
0.00013703 
0.00013703 
0.00013625 
0.00013582 
0.00013692 
0.00013692 
0.00013602 
0.00013590 
0.00013528 
0.00013528 
0.00013528 
0.00013528 
0.00013528 
0.00013543 
0.00013543 
0.00013543 
0.00013542 
0.00013543 
0.00013543 
0.00013542 
0.00013460 
0.00013460 
0.00013477 
0.00013477 
0.00013478 
0.00013478 
0.00013490 
0.00013490 
0.00013490 
0.00013490 
0.00013602 
0.00013602 
0.00013602 
0.00013604 
0.00013630 
0.00013739 
0.00013739 
0.00013746 
0.00013749 
0.00013574 
0.00013570 
0.00013478 
0.00013476 
0.00013568 
0.00013519 
0.00013480 
0.00013518 
0.00013481 
0.00013481 
0.00013546 
0.00013491 
0.00013567 
0.00013563 
0.00013437 
0.00013417 
0.00013437 
0.00013409 
0.00013682 
0.00013703 
0.00013709 
0.00014094 
0.00013978 
0.00013980 
0.00013980 
0.00013978 
0.00014110 
0.00014110 
0.00014110 
0.00013969 
0.00013954 
0.00013888 
0.00013970 
0.00013970 
0.00013980 
0.00013814 
0.00013877 
0.00013802 
0.00013883 
0.00013780 
0.00013706 
0.00013722 
0.00013800 
0.00013703 
0.00013798 
0.00014047 
0.00013895 
0.00014000 
0.00014190 
0.00014190 
0.00014107 
0.00014115 
0.00014122 
0.00014122 
0.00014137 
0.00014210 
0.00014137 
0.00014210 
0.00014211 
0.00014211 
0.00014211 
0.00014211 
0.00014073 
0.00014073 
0.00014278 
0.00014294 
0.00014355 
0.00014355 
0.00014333 
0.00014380 
0.00014301 
0.00014372 
0.00014382 
0.00014356 
0.00014393 
0.00014395 
0.00014395 
0.00014395 
0.00014255 
0.00014348 
0.00014367 
0.00014373 
0.00014364 
0.00014374 
0.00014419 
0.00014419 
0.00014419 
0.00014394 
0.00014394 
0.00014174 
0.00014317 
0.00014317 
0.00014317 
0.00014428 
0.00014319 
0.00014319 
0.00014324 
0.00014324 
0.00014324 
0.00014324 
0.00014373 
0.00014373 
0.00014373 
0.00014391 
0.00014392 
0.00014400 
0.00014401 
0.00014401 
0.00014401 
0.00014404 
0.00014423 
0.00014416 
0.00014402 
0.00014401 
0.00014400 
0.00014350 
0.00014313 
0.00014388 
0.00014380 
0.00014352 
0.00014379 
0.00014058 
0.00014180 
0.00014159 
0.00014319 
0.00014454 
0.00014351 
0.00014387 
0.00014443 
0.00014443 
0.00014443 
0.00014330 
0.00014331 
0.00014463 
0.00014463 
0.00014330 
0.00014330 
0.00014464 
0.00014465 
0.00014611 
0.00014545 
0.00014496 
0.00014400 
0.00014401 
0.00014427 
0.00014506 
0.00014507 
0.00014507 
0.00014506 
0.00014506 
0.00014506 
0.00014448 
0.00014500 
0.00014451 
0.00014546 
0.00014541 
0.00014464 
0.00014501 
0.00014499 
0.00014480 
0.00014373 
0.00014373 
0.00014331 
0.00014373 
0.00014330 
0.00014349 
0.00016388 
0.00016407 
0.00016394 
0.00016499 
0.00016391 
0.00016460 
0.00016329 
0.00016330 
0.00016548 
0.00016600 
0.00016585 
0.00016584 
0.00016583 
0.00016486 
0.00016486 
0.00016486 
0.00016382 
0.00016475 
0.00016485 
0.00016448 
0.00016426 
0.00016342 
0.00016425 
0.00016312 
0.00016312 
0.00016292 
0.00016253 
0.00016332 
0.00016474 
0.00016267 
0.00016403 
0.00016443 
0.00016562 
0.00016492 
0.00016487 
0.00016653 
0.00016633 
0.00016537 
0.00016672 
0.00016672 
0.00016534 
0.00016721 
0.00016720 
0.00016764 
0.00016764 
0.00016588 
0.00016443 
0.00016600 
0.00016610 
0.00016579 
0.00016561 
0.00016765 
0.00016600 
0.00016603 
0.00016525 
0.00016349 
0.00016349 
0.00016349 
0.00016349 
0.00016351 
0.00016198 
0.00016198 
0.00016200 
0.00016143 
0.00016200 
0.00016200 
0.00016200 
0.00016193 
0.00016230 
0.00016237 
0.00016163 
0.00016265 
0.00016293 
0.00016157 
0.00016325 
0.00016499 
0.00016510 
0.00016511 
0.00016367 
0.00016366 
0.00016651 
0.00016765 
0.00016765 
0.00016784 
0.00016764 
0.00016673 
0.00016770 
0.00016750 
0.00016589 
0.00016539 
0.00016797 
0.00016705 
0.00016708 
0.00016586 
0.00016608 
0.00016450 
0.00016347 
0.00016465 
0.00016437 
0.00016437 
0.00016510 
0.00016524 
0.00016467 
0.00016700 
0.00016699 
0.00016793 
0.00016613 
0.00016459 
0.00016599 
0.00016889 
0.00016942 
0.00016972 
0.00016734 
0.00016732 
0.00016863 
0.00016500 
0.00016656 
0.00016898 
0.00016898 
0.00016814 
0.00016833 
0.00016868 
0.00016800 
0.00016730 
0.00016835 
0.00016927 
0.00017175 
0.00016847 
0.00016925 
0.00017093 
0.00017093 
0.00017239 
0.00017081 
0.00017166 
0.00017187 
0.00017112 
0.00016989 
0.00017140 
0.00017093 
0.00017139 
0.00017227 
0.00017189 
0.00017182 
0.00016963 
0.00017068 
0.00017094 
0.00017287 
0.00017317 
0.00017293 
0.00016834 
0.00017313 
0.00017571 
0.00017681 
0.00018001 
0.00017898 
0.00017800 
0.00017717 
0.00018200 
0.00018550 
0.00018060 
0.00017750 
0.00017712 
0.00017549 
0.00017432 
0.00017417 
0.00017298 
0.00017441 
0.00016981 
0.00016963 
0.00017299 
0.00017553 
0.00017809 
0.00018033 
0.00018000 
0.00018222 
0.00018284 
0.00017826 
0.00018190 
0.00018312 
0.00017812 
0.00018235 
0.00018397 
0.00018909 
0.00020113 
0.00019998 
0.00019955 
0.00020505 
0.00020163 
0.00019366 
0.00018922 
0.00019488 
0.00018825 
0.00019000 
0.00018022 
0.00018057 
0.00017633 
0.00017916 
0.00017441 
0.00017442 
0.00016984 
0.00016999 
0.00016814 
0.00016813 
0.00016856 
0.00016850 
0.00017000 
0.00016815 
0.00016815 
0.00016754 
0.00016515 
0.00016600 
0.00016386 
0.00016100 
0.00016217 
0.00016217 
0.00016244 
0.00016586 
0.00016757 
0.00016852 
0.00016949 
0.00016977 
0.00016900 
0.00016966 
0.00016951 
0.00016848 
0.00016998 
0.00016798 
0.00016961 
0.00016853 
0.00016852 
0.00016690 
0.00016790 
0.00016998 
0.00016754 
0.00016633 
0.00016723 
0.00016582 
0.00016503 
0.00016450 
0.00016190 
0.00016239 
0.00016340 
0.00016436 
0.00016359 
0.00016538 
0.00016711 
0.00016502 
0.00016507 
0.00016340 
0.00016344 
0.00016416 
0.00016400 
0.00016389 
0.00016346 
0.00016391 
0.00016389 
0.00016350 
0.00016377 
0.00016540 
0.00016379 
0.00016400 
0.00016195 
0.00015910 
0.00015563 
0.00015300 
0.00015330 
0.00015434 
0.00014965 
0.00014815 
0.00013598 
0.00013571 
0.00013600 
0.00013644 
0.00013644 
0.00013703 
0.00013703 
0.00013703 
0.00013625 
0.00013582 
0.00013692 
0.00013692 
0.00013602 
0.00013590 
0.00013528 
0.00013528 
0.00013528 
0.00013528 
0.00013528 
0.00013543 
0.00013543 
0.00013543 
0.00013542 
0.00013543 
0.00013543 
0.00013542 
0.00013460 
0.00013460 
0.00013477 
0.00013477 
0.00013478 
0.00013478 
0.00013490 
0.00013490 
0.00013490 
0.00013490 
0.00013602 
0.00013602 
0.00013602 
0.00013604 
0.00013630 
0.00013739 
0.00013739 
0.00013746 
0.00013749 
0.00013574 
0.00013570 
0.00013478 
0.00013476 
0.00013568 
0.00013519 
0.00013480 
0.00013518 
0.00013481 
0.00013481 
0.00013546 
0.00013491 
0.00013567 
0.00013563 
0.00013437 
0.00013417 
0.00013437 
0.00013409 
0.00013682 
0.00013703 
0.00013709 
0.00014094 
0.00013978 
0.00013980 
0.00013980 
0.00013978 
0.00014110 
0.00014110 
0.00014110 
0.00013969 
0.00013954 
0.00013888 
0.00013970 
0.00013970 
0.00013980 
0.00013814 
0.00013877 
0.00013802 
0.00013883 
0.00013780 
0.00013706 
0.00013722 
0.00013800 
0.00013703 
0.00013798 
0.00014047 
0.00013895 
0.00014000 
0.00014190 
0.00014190 
0.00014107 
0.00014115 
0.00014122 
0.00014122 
0.00014137 
0.00014210 
0.00014137 
0.00014210 
0.00014211 
0.00014211 
0.00014211 
0.00014211 
0.00014073 
0.00014073 
0.00014278 
0.00014294 
0.00014355 
0.00014355 
0.00014333 
0.00014380 
0.00014301 
0.00014372 
0.00014382 
0.00014356 
0.00014393 
0.00014395 
0.00014395 
0.00014395 
0.00014255 
0.00014348 
0.00014367 
0.00014373 
0.00014364 
0.00014374 
0.00014419 
0.00014419 
0.00014419 
0.00014394 
0.00014394 
0.00014174 
0.00014317 
0.00014317 
0.00014317 
0.00014428 
0.00014319 
0.00014319 
0.00014324 
0.00014324 
0.00014324 
0.00014324 
0.00014373 
0.00014373 
0.00014373 
0.00014391 
0.00014392 
0.00014400 
0.00014401 
0.00014401 
0.00014401 
0.00014404 
0.00014423 
0.00014416 
0.00014402 
0.00014401 
0.00014400 
0.00014350 
0.00014313 
0.00014388 
0.00014380 
0.00014352 
0.00014379 
0.00014058 
0.00014180 
0.00014159 
0.00014319 
0.00014454 
0.00014351 
0.00014387 
0.00014443 
0.00014443 
0.00014443 
0.00014330 
0.00014331 
0.00014463 
0.00014463 
0.00014330 
0.00014330 
0.00014464 
0.00014465 
0.00014611 
0.00014545 
0.00014496 
0.00014400 
0.00014401 
0.00014427 
0.00014506 
0.00014507 
0.00014507 
0.00014506 
0.00014506 
0.00014506 
0.00014448 
0.00014500 
0.00014451 
0.00014546 
0.00014541 
0.00014464 
0.00014501 
0.00014499 
0.00014480 
0.00014373 
0.00014373 
0.00014331 
0.00014373 
0.00014330 
0.00014349 
0.00016388 
0.00016407 
0.00016394 
0.00016499 
0.00016391 
0.00016460 
0.00016329 
0.00016330 
0.00016548 
0.00016600 
0.00016585 
0.00016584 
0.00016583 
0.00016486 
0.00016486 
0.00016486 
0.00016382 
0.00016475 
0.00016485 
0.00016448 
0.00016426 
0.00016342 
0.00016425 
0.00016312 
0.00016312 
0.00016292 
0.00016253 
0.00016332 
0.00016474 
0.00016267 
0.00016403 
0.00016443 
0.00016562 
0.00016492 
0.00016487 
0.00016653 
0.00016633 
0.00016537 
0.00016672 
0.00016672 
0.00016534 
0.00016721 
0.00016720 
0.00016764 
0.00016764 
0.00016588 
0.00016443 
0.00016600 
0.00016610 
0.00016579 
0.00016561 
0.00016765 
0.00016600 
0.00016603 
0.00016525 
0.00016349 
0.00016349 
0.00016349 
0.00016349 
0.00016351 
0.00016198 
0.00016198 
0.00016200 
0.00016143 
0.00016200 
0.00016200 
0.00016200 
0.00016193 
0.00016230 
0.00016237 
0.00016163 
0.00016265 
0.00016293 
0.00016157 
0.00016325 
0.00016499 
0.00016510 
0.00016511 
0.00016367 
0.00016366 
0.00016651 
0.00016765 
0.00016765 
0.00016784 
0.00016764 
0.00016673 
0.00016770 
0.00016750 
0.00016589 
0.00016539 
0.00016797 
0.00016705 
0.00016708 
0.00016586 
0.00016608 
0.00016450 
0.00016347 
0.00016465 
0.00016437 
0.00016437 
0.00016510 
0.00016524 
0.00016467 
0.00016700 
0.00016699 
0.00016793 
0.00016613 
0.00016459 
0.00016599 
0.00016889 
0.00016942 
0.00016972 
0.00016734 
0.00016732 
0.00016863 
0.00016500 
0.00016656 
0.00016898 
0.00016898 
0.00016814 
0.00016833 
0.00016868 
0.00016800 
0.00016730 
0.00016835 
0.00016927 
0.00017175 
0.00016847 
0.00016925 
0.00017093 
0.00017093 
0.00017239 
0.00017081 
0.00017166 
0.00017187 
0.00017112 
0.00016989 
0.00017140 
0.00017093 
0.00017139 
0.00017227 
0.00017189 
0.00017182 
0.00016963 
0.00017068 
0.00017094 
0.00017287 
0.00017317 
0.00017293 
0.00016834 
0.00017313 
0.00017571 
0.00017681 
0.00018001 
0.00017898 
0.00017800 
0.00017717 
0.00018200 
0.00018550 
0.00018060 
0.00017750 
0.00017712 
0.00017549 
0.00017432 
0.00017417 
0.00017298 
0.00017441 
0.00016981 
0.00016963 
0.00017299 
0.00017553 
0.00017809 
0.00018033 
0.00018000 
0.00018222 
0.00018284 
0.00017826 
0.00018190 
0.00018312 
0.00017812 
0.00018235 
0.00018397 
0.00018909 
0.00020113 
0.00019998 
0.00019955 
0.00020505 
0.00020163 
0.00019366 
0.00018922 
0.00019488 
0.00018825 
0.00019000 
0.00018022 
0.00018057 
0.00017633 
0.00017916 
0.00017441 
0.00017442 
0.00016984 
0.00016999 
0.00016814 
0.00016813 
0.00016856 
0.00016850 
0.00017000 
0.00016815 
0.00016815 
0.00016754 
0.00016515 
0.00016600 
0.00016386 
0.00016100 
0.00016217 
0.00016217 
0.00016244 
0.00016586 
0.00016757 
0.00016852 
0.00016949 
0.00016977 
0.00016900 
0.00016966 
0.00016951 
0.00016848 
0.00016998 
0.00016798 
0.00016961 
0.00016853 
0.00016852 
0.00016690 
0.00016790 
0.00016998 
0.00016754 
0.00016633 
0.00016723 
0.00016582 
0.00016503 
0.00016450 
0.00016190 
0.00016239 
0.00016340 
0.00016436 
0.00016359 
0.00016538 
0.00016711 
0.00016502 
0.00016507 
0.00016340 
0.00016344 
0.00016416 
0.00016400 
0.00016389 
0.00016346 
0.00016391 
0.00016389 
0.00016350 
0.00016377 
0.00016540 
0.00016379 
0.00016400 
0.00016195 
0.00015910 
0.00015563 
0.00015300 
0.00015330 
0.00015434 
0.00014965 
0.00014815 
0.00013598 
0.00013571 
0.00013600 
0.00013644 
0.00013644 
0.00013703 
0.00013703 
0.00013703 
0.00013625 
0.00013582 
0.00013692 
0.00013692 
0.00013602 
0.00013590 
0.00013528 
0.00013528 
0.00013528 
0.00013528 
0.00013528 
0.00013543 
0.00013543 
0.00013543 
0.00013542 
0.00013543 
0.00013543 
0.00013542 
0.00013460 
0.00013460 
0.00013477 
0.00013477 
0.00013478 
0.00013478 
0.00013490 
0.00013490 
0.00013490 
0.00013490 
0.00013602 
0.00013602 
0.00013602 
0.00013604 
0.00013630 
0.00013739 
0.00013739 
0.00013746 
0.00013749 
0.00013574 
0.00013570 
0.00013478 
0.00013476 
0.00013568 
0.00013519 
0.00013480 
0.00013518 
0.00013481 
0.00013481 
0.00013546 
0.00013491 
0.00013567 
0.00013563 
0.00013437 
0.00013417 
0.00013437 
0.00013409 
0.00013682 
0.00013703 
0.00013709 
0.00014094 
0.00013978 
0.00013980 
0.00013980 
0.00013978 
0.00014110 
0.00014110 
0.00014110 
0.00013969 
0.00013954 
0.00013888 
0.00013970 
0.00013970 
0.00013980 
0.00013814 
0.00013877 
0.00013802 
0.00013883 
0.00013780 
0.00013706 
0.00013722 
0.00013800 
0.00013703 
0.00013798 
0.00014047 
0.00013895 
0.00014000 
0.00014190 
0.00014190 
0.00014107 
0.00014115 
0.00014122 
0.00014122 
0.00014137 
0.00014210 
0.00014137 
0.00014210 
0.00014211 
0.00014211 
0.00014211 
0.00014211 
0.00014073 
0.00014073 
0.00014278 
0.00014294 
0.00014355 
0.00014355 
0.00014333 
0.00014380 
0.00014301 
0.00014372 
0.00014382 
0.00014356 
0.00014393 
0.00014395 
0.00014395 
0.00014395 
0.00014255 
0.00014348 
0.00014367 
0.00014373 
0.00014364 
0.00014374 
0.00014419 
0.00014419 
0.00014419 
0.00014394 
0.00014394 
0.00014174 
0.00014317 
0.00014317 
0.00014317 
0.00014428 
0.00014319 
0.00014319 
0.00014324 
0.00014324 
0.00014324 
0.00014324 
0.00014373 
0.00014373 
0.00014373 
0.00014391 
0.00014392 
0.00014400 
0.00014401 
0.00014401 
0.00014401 
0.00014404 
0.00014423 
0.00014416 
0.00014402 
0.00014401 
0.00014400 
0.00014350 
0.00014313 
0.00014388 
0.00014380 
0.00014352 
0.00014379 
0.00014058 
0.00014180 
0.00014159 
0.00014319 
0.00014454 
0.00014351 
0.00014387 
0.00014443 
0.00014443 
0.00014443 
0.00014330 
0.00014331 
0.00014463 
0.00014463 
0.00014330 
0.00014330 
0.00014464 
0.00014465 
0.00014611 
0.00014545 
0.00014496 
0.00014400 
0.00014401 
0.00014427 
0.00014506 
0.00014507 
0.00014507 
0.00014506 
0.00014506 
0.00014506 
0.00014448 
0.00014500 
0.00014451 
0.00014546 
0.00014541 
0.00014464 
0.00014501 
0.00014499 
0.00014480 
0.00014373 
0.00014373 
0.00014331 
0.00014373 
0.00014330 
0.00014349 
