67.00000000 
72.00000000 
2045.00000000 
6.00000000 
214.00000000 
0.00000000 
74.00000000 
139.00000000 
199.00000000 
338.00000000 
642.00000000 
155.00000000 
50.00000000 
787.00000000 
1278.00000000 
225.00000000 
127.00000000 
220.00000000 
461.00000000 
212.00000000 
796.00000000 
601.00000000 
873.00000000 
737.00000000 
778.00000000 
856.00000000 
1833.00000000 
244.00000000 
3391.00000000 
1656.00000000 
4262.00000000 
2805.00000000 
3643.00000000 
1195.00000000 
1159.00000000 
1218.00000000 
2386.00000000 
1567.00000000 
0.00000000 
59.00000000 
117.00000000 
2550.00000000 
576.00000000 
1548.00000000 
59.00000000 
684.00000000 
191.00000000 
76.00000000 
525.00000000 
496.00000000 
3662.00000000 
360.00000000 
1510.00000000 
173.00000000 
2853.00000000 
204.00000000 
1158.00000000 
63.00000000 
12.00000000 
1015.00000000 
2104.00000000 
65.00000000 
101.00000000 
197.00000000 
0.00000000 
1077.00000000 
1651.00000000 
1069.00000000 
733.00000000 
946.00000000 
321.00000000 
922.00000000 
658.00000000 
622.00000000 
1691.00000000 
4098.00000000 
251.00000000 
56.00000000 
60.00000000 
548.00000000 
449.00000000 
1228.00000000 
80.00000000 
1.00000000 
75.00000000 
634.00000000 
940.00000000 
3240.00000000 
2593.00000000 
7.00000000 
198.00000000 
1397.00000000 
37.00000000 
891.00000000 
1223.00000000 
5080.00000000 
1742.00000000 
187.00000000 
800.00000000 
681.00000000 
389.00000000 
992.00000000 
1187.00000000 
2251.00000000 
1429.00000000 
2084.00000000 
1137.00000000 
1619.00000000 
8825.00000000 
2724.00000000 
198.00000000 
408.00000000 
2724.00000000 
611.00000000 
534.00000000 
2980.00000000 
7301.00000000 
3142.00000000 
1004.00000000 
2081.00000000 
6292.00000000 
1756.00000000 
1273.00000000 
11579.00000000 
4101.00000000 
6695.00000000 
1171.00000000 
1930.00000000 
1425.00000000 
1601.00000000 
649.00000000 
178.00000000 
594.00000000 
4895.00000000 
1189.00000000 
1619.00000000 
386.00000000 
1115.00000000 
1851.00000000 
732.00000000 
5828.00000000 
423.00000000 
535.00000000 
1861.00000000 
1465.00000000 
5391.00000000 
2936.00000000 
5638.00000000 
4942.00000000 
13582.00000000 
23069.00000000 
14659.00000000 
3766.00000000 
5674.00000000 
4448.00000000 
2054.00000000 
3589.00000000 
8580.00000000 
8571.00000000 
30851.00000000 
4914.00000000 
7884.00000000 
5337.00000000 
6434.00000000 
7712.00000000 
3195.00000000 
10585.00000000 
11292.00000000 
12501.00000000 
11328.00000000 
31611.00000000 
5896.00000000 
3755.00000000 
4142.00000000 
10192.00000000 
10394.00000000 
13422.00000000 
9616.00000000 
2000.00000000 
26596.00000000 
28941.00000000 
17837.00000000 
49736.00000000 
68335.00000000 
17254.00000000 
25089.00000000 
45970.00000000 
44384.00000000 
53559.00000000 
12437.00000000 
34376.00000000 
16560.00000000 
44064.00000000 
33104.00000000 
26309.00000000 
4912.00000000 
6970.00000000 
19032.00000000 
419.00000000 
3342.00000000 
925.00000000 
1247.00000000 
4998.00000000 
3660.00000000 
1547.00000000 
4273.00000000 
6506.00000000 
3415.00000000 
4538.00000000 
2785.00000000 
3767.00000000 
13226.00000000 
582.00000000 
4394.00000000 
6136.00000000 
2192.00000000 
1850.00000000 
3552.00000000 
1854.00000000 
1492.00000000 
873.00000000 
309.00000000 
1342.00000000 
3142.00000000 
2867.00000000 
2743.00000000 
1607.00000000 
2455.00000000 
1120.00000000 
1221.00000000 
2763.00000000 
3594.00000000 
2237.00000000 
930.00000000 
1739.00000000 
617.00000000 
2296.00000000 
4398.00000000 
7442.00000000 
2896.00000000 
3757.00000000 
6436.00000000 
3922.00000000 
2681.00000000 
7586.00000000 
4668.00000000 
2163.00000000 
3951.00000000 
6602.00000000 
1742.00000000 
9206.00000000 
6048.00000000 
1773.00000000 
3495.00000000 
668.00000000 
1094.00000000 
3129.00000000 
2328.00000000 
2715.00000000 
4474.00000000 
15380.00000000 
8733.00000000 
9203.00000000 
1863.00000000 
3075.00000000 
753.00000000 
1510.00000000 
5809.00000000 
6119.00000000 
155435.00000000 
651.00000000 
78.00000000 
557.00000000 
600.00000000 
0.00000000 
0.00000000 
58.00000000 
113.00000000 
1320.00000000 
0.00000000 
0.00000000 
3387.00000000 
1345.00000000 
0.00000000 
0.00000000 
0.00000000 
379.00000000 
568.00000000 
0.00000000 
0.00000000 
172.00000000 
16.00000000 
1225.00000000 
145.00000000 
114.00000000 
82.00000000 
382.00000000 
426.00000000 
103.00000000 
436.00000000 
1.00000000 
60.00000000 
8.00000000 
0.00000000 
200.00000000 
0.00000000 
0.00000000 
161.00000000 
0.00000000 
1415.00000000 
0.00000000 
0.00000000 
303.00000000 
0.00000000 
3623.00000000 
65.00000000 
166.00000000 
106.00000000 
2665.00000000 
751.00000000 
815.00000000 
218.00000000 
0.00000000 
248.00000000 
299.00000000 
392.00000000 
1474.00000000 
95.00000000 
0.00000000 
340.00000000 
1953.00000000 
1503.00000000 
3595.00000000 
208.00000000 
796.00000000 
1867.00000000 
2075.00000000 
0.00000000 
0.00000000 
141.00000000 
2997.00000000 
0.00000000 
331.00000000 
1529.00000000 
117.00000000 
415.00000000 
0.00000000 
26.00000000 
71.00000000 
500.00000000 
817.00000000 
2380.00000000 
284.00000000 
1147.00000000 
62.00000000 
358.00000000 
481.00000000 
2120.00000000 
1622.00000000 
947.00000000 
926.00000000 
764.00000000 
6758.00000000 
542.00000000 
1201.00000000 
81.00000000 
1234.00000000 
927.00000000 
3394.00000000 
1936.00000000 
1011.00000000 
364.00000000 
0.00000000 
0.00000000 
0.00000000 
669.00000000 
3194.00000000 
3811.00000000 
21047.00000000 
90.00000000 
24.00000000 
703.00000000 
129.00000000 
270.00000000 
1185.00000000 
211.00000000 
1000.00000000 
0.00000000 
3104.00000000 
0.00000000 
0.00000000 
56.00000000 
782.00000000 
69.00000000 
433.00000000 
1283.00000000 
655.00000000 
9885.00000000 
1163.00000000 
728.00000000 
112.00000000 
0.00000000 
1144.00000000 
462.00000000 
210.00000000 
0.00000000 
1510.00000000 
0.00000000 
565.00000000 
0.00000000 
938.00000000 
611.00000000 
0.00000000 
138.00000000 
0.00000000 
0.00000000 
0.00000000 
969.00000000 
0.00000000 
18.00000000 
101.00000000 
34.00000000 
0.00000000 
330.00000000 
0.00000000 
170.00000000 
69.00000000 
0.00000000 
720.00000000 
195.00000000 
230.00000000 
280.00000000 
64.00000000 
462.00000000 
1771.00000000 
0.00000000 
289.00000000 
425.00000000 
2558.00000000 
136.00000000 
1464.00000000 
1888.00000000 
0.00000000 
0.00000000 
0.00000000 
96.00000000 
762.00000000 
0.00000000 
0.00000000 
1916.00000000 
26.00000000 
0.00000000 
40.00000000 
1709.00000000 
778.00000000 
557.00000000 
0.00000000 
59.00000000 
62.00000000 
0.00000000 
2714.00000000 
284.00000000 
0.00000000 
0.00000000 
583.00000000 
0.00000000 
644.00000000 
297.00000000 
146.00000000 
112.00000000 
14.00000000 
141.00000000 
331.00000000 
9667.00000000 
0.00000000 
789.00000000 
274.00000000 
320.00000000 
653.00000000 
136.00000000 
67.00000000 
72.00000000 
2045.00000000 
6.00000000 
214.00000000 
0.00000000 
74.00000000 
139.00000000 
199.00000000 
338.00000000 
642.00000000 
155.00000000 
50.00000000 
787.00000000 
1278.00000000 
225.00000000 
127.00000000 
220.00000000 
461.00000000 
212.00000000 
796.00000000 
601.00000000 
873.00000000 
737.00000000 
778.00000000 
856.00000000 
1833.00000000 
244.00000000 
3391.00000000 
1656.00000000 
4262.00000000 
2805.00000000 
3643.00000000 
1195.00000000 
1159.00000000 
1218.00000000 
2386.00000000 
1567.00000000 
0.00000000 
59.00000000 
117.00000000 
2550.00000000 
576.00000000 
1548.00000000 
59.00000000 
684.00000000 
191.00000000 
76.00000000 
525.00000000 
496.00000000 
3662.00000000 
360.00000000 
1510.00000000 
173.00000000 
2853.00000000 
204.00000000 
1158.00000000 
63.00000000 
12.00000000 
1015.00000000 
2104.00000000 
65.00000000 
101.00000000 
197.00000000 
0.00000000 
1077.00000000 
1651.00000000 
1069.00000000 
733.00000000 
946.00000000 
321.00000000 
922.00000000 
658.00000000 
622.00000000 
1691.00000000 
4098.00000000 
251.00000000 
56.00000000 
60.00000000 
548.00000000 
449.00000000 
1228.00000000 
80.00000000 
1.00000000 
75.00000000 
634.00000000 
940.00000000 
3240.00000000 
2593.00000000 
7.00000000 
198.00000000 
1397.00000000 
37.00000000 
891.00000000 
1223.00000000 
5080.00000000 
1742.00000000 
187.00000000 
800.00000000 
681.00000000 
389.00000000 
992.00000000 
1187.00000000 
2251.00000000 
1429.00000000 
2084.00000000 
1137.00000000 
1619.00000000 
8825.00000000 
2724.00000000 
198.00000000 
408.00000000 
2724.00000000 
611.00000000 
534.00000000 
2980.00000000 
7301.00000000 
3142.00000000 
1004.00000000 
2081.00000000 
6292.00000000 
1756.00000000 
1273.00000000 
11579.00000000 
4101.00000000 
6695.00000000 
1171.00000000 
1930.00000000 
1425.00000000 
1601.00000000 
649.00000000 
178.00000000 
594.00000000 
4895.00000000 
1189.00000000 
1619.00000000 
386.00000000 
1115.00000000 
1851.00000000 
732.00000000 
5828.00000000 
423.00000000 
535.00000000 
1861.00000000 
1465.00000000 
5391.00000000 
2936.00000000 
5638.00000000 
4942.00000000 
13582.00000000 
23069.00000000 
14659.00000000 
3766.00000000 
5674.00000000 
4448.00000000 
2054.00000000 
3589.00000000 
8580.00000000 
8571.00000000 
30851.00000000 
4914.00000000 
7884.00000000 
5337.00000000 
6434.00000000 
7712.00000000 
3195.00000000 
10585.00000000 
11292.00000000 
12501.00000000 
11328.00000000 
31611.00000000 
5896.00000000 
3755.00000000 
4142.00000000 
10192.00000000 
10394.00000000 
13422.00000000 
9616.00000000 
2000.00000000 
26596.00000000 
28941.00000000 
17837.00000000 
49736.00000000 
68335.00000000 
17254.00000000 
25089.00000000 
45970.00000000 
44384.00000000 
53559.00000000 
12437.00000000 
34376.00000000 
16560.00000000 
44064.00000000 
33104.00000000 
26309.00000000 
4912.00000000 
6970.00000000 
19032.00000000 
419.00000000 
3342.00000000 
925.00000000 
1247.00000000 
4998.00000000 
3660.00000000 
1547.00000000 
4273.00000000 
6506.00000000 
3415.00000000 
4538.00000000 
2785.00000000 
3767.00000000 
13226.00000000 
582.00000000 
4394.00000000 
6136.00000000 
2192.00000000 
1850.00000000 
3552.00000000 
1854.00000000 
1492.00000000 
873.00000000 
309.00000000 
1342.00000000 
3142.00000000 
2867.00000000 
2743.00000000 
1607.00000000 
2455.00000000 
1120.00000000 
1221.00000000 
2763.00000000 
3594.00000000 
2237.00000000 
930.00000000 
1739.00000000 
617.00000000 
2296.00000000 
4398.00000000 
7442.00000000 
2896.00000000 
3757.00000000 
6436.00000000 
3922.00000000 
2681.00000000 
7586.00000000 
4668.00000000 
2163.00000000 
3951.00000000 
6602.00000000 
1742.00000000 
9206.00000000 
6048.00000000 
1773.00000000 
3495.00000000 
668.00000000 
1094.00000000 
3129.00000000 
2328.00000000 
2715.00000000 
4474.00000000 
15380.00000000 
8733.00000000 
9203.00000000 
1863.00000000 
3075.00000000 
753.00000000 
1510.00000000 
5809.00000000 
6119.00000000 
155435.00000000 
651.00000000 
78.00000000 
557.00000000 
600.00000000 
0.00000000 
0.00000000 
58.00000000 
113.00000000 
1320.00000000 
0.00000000 
0.00000000 
3387.00000000 
1345.00000000 
0.00000000 
0.00000000 
0.00000000 
379.00000000 
568.00000000 
0.00000000 
0.00000000 
172.00000000 
16.00000000 
1225.00000000 
145.00000000 
114.00000000 
82.00000000 
382.00000000 
426.00000000 
103.00000000 
436.00000000 
1.00000000 
60.00000000 
8.00000000 
0.00000000 
200.00000000 
0.00000000 
0.00000000 
161.00000000 
0.00000000 
1415.00000000 
0.00000000 
0.00000000 
303.00000000 
0.00000000 
3623.00000000 
65.00000000 
166.00000000 
106.00000000 
2665.00000000 
751.00000000 
815.00000000 
218.00000000 
0.00000000 
248.00000000 
299.00000000 
392.00000000 
1474.00000000 
95.00000000 
0.00000000 
340.00000000 
1953.00000000 
1503.00000000 
3595.00000000 
208.00000000 
796.00000000 
1867.00000000 
2075.00000000 
0.00000000 
0.00000000 
141.00000000 
2997.00000000 
0.00000000 
331.00000000 
1529.00000000 
117.00000000 
415.00000000 
0.00000000 
26.00000000 
71.00000000 
500.00000000 
817.00000000 
2380.00000000 
284.00000000 
1147.00000000 
62.00000000 
358.00000000 
481.00000000 
2120.00000000 
1622.00000000 
947.00000000 
926.00000000 
764.00000000 
6758.00000000 
542.00000000 
1201.00000000 
81.00000000 
1234.00000000 
927.00000000 
3394.00000000 
1936.00000000 
1011.00000000 
364.00000000 
0.00000000 
0.00000000 
0.00000000 
669.00000000 
3194.00000000 
3811.00000000 
21047.00000000 
90.00000000 
24.00000000 
703.00000000 
129.00000000 
270.00000000 
1185.00000000 
211.00000000 
1000.00000000 
0.00000000 
3104.00000000 
0.00000000 
0.00000000 
56.00000000 
782.00000000 
69.00000000 
433.00000000 
1283.00000000 
655.00000000 
9885.00000000 
1163.00000000 
728.00000000 
112.00000000 
0.00000000 
1144.00000000 
462.00000000 
210.00000000 
0.00000000 
1510.00000000 
0.00000000 
565.00000000 
0.00000000 
938.00000000 
611.00000000 
0.00000000 
138.00000000 
0.00000000 
0.00000000 
0.00000000 
969.00000000 
0.00000000 
18.00000000 
101.00000000 
34.00000000 
0.00000000 
330.00000000 
0.00000000 
170.00000000 
69.00000000 
0.00000000 
720.00000000 
195.00000000 
230.00000000 
280.00000000 
64.00000000 
462.00000000 
1771.00000000 
0.00000000 
289.00000000 
425.00000000 
2558.00000000 
136.00000000 
1464.00000000 
1888.00000000 
0.00000000 
0.00000000 
0.00000000 
96.00000000 
762.00000000 
0.00000000 
0.00000000 
1916.00000000 
26.00000000 
0.00000000 
40.00000000 
1709.00000000 
778.00000000 
557.00000000 
0.00000000 
59.00000000 
62.00000000 
0.00000000 
2714.00000000 
284.00000000 
0.00000000 
0.00000000 
583.00000000 
0.00000000 
644.00000000 
297.00000000 
146.00000000 
112.00000000 
14.00000000 
141.00000000 
331.00000000 
9667.00000000 
0.00000000 
789.00000000 
274.00000000 
320.00000000 
653.00000000 
136.00000000 
67.00000000 
72.00000000 
2045.00000000 
6.00000000 
214.00000000 
0.00000000 
74.00000000 
139.00000000 
199.00000000 
338.00000000 
642.00000000 
155.00000000 
50.00000000 
787.00000000 
1278.00000000 
225.00000000 
127.00000000 
220.00000000 
461.00000000 
212.00000000 
796.00000000 
601.00000000 
873.00000000 
737.00000000 
778.00000000 
856.00000000 
1833.00000000 
244.00000000 
3391.00000000 
1656.00000000 
4262.00000000 
2805.00000000 
3643.00000000 
1195.00000000 
1159.00000000 
1218.00000000 
2386.00000000 
1567.00000000 
0.00000000 
59.00000000 
117.00000000 
2550.00000000 
576.00000000 
1548.00000000 
59.00000000 
684.00000000 
191.00000000 
76.00000000 
525.00000000 
496.00000000 
3662.00000000 
360.00000000 
1510.00000000 
173.00000000 
2853.00000000 
204.00000000 
1158.00000000 
63.00000000 
12.00000000 
1015.00000000 
2104.00000000 
65.00000000 
101.00000000 
197.00000000 
0.00000000 
1077.00000000 
1651.00000000 
1069.00000000 
733.00000000 
946.00000000 
321.00000000 
922.00000000 
658.00000000 
622.00000000 
1691.00000000 
4098.00000000 
251.00000000 
56.00000000 
60.00000000 
548.00000000 
449.00000000 
1228.00000000 
80.00000000 
1.00000000 
75.00000000 
634.00000000 
940.00000000 
3240.00000000 
2593.00000000 
7.00000000 
198.00000000 
1397.00000000 
37.00000000 
891.00000000 
1223.00000000 
5080.00000000 
1742.00000000 
187.00000000 
800.00000000 
681.00000000 
389.00000000 
992.00000000 
1187.00000000 
2251.00000000 
1429.00000000 
2084.00000000 
1137.00000000 
1619.00000000 
8825.00000000 
2724.00000000 
198.00000000 
408.00000000 
2724.00000000 
611.00000000 
534.00000000 
2980.00000000 
7301.00000000 
3142.00000000 
1004.00000000 
2081.00000000 
6292.00000000 
1756.00000000 
1273.00000000 
11579.00000000 
4101.00000000 
6695.00000000 
1171.00000000 
1930.00000000 
1425.00000000 
1601.00000000 
649.00000000 
178.00000000 
594.00000000 
4895.00000000 
1189.00000000 
1619.00000000 
386.00000000 
1115.00000000 
1851.00000000 
732.00000000 
5828.00000000 
423.00000000 
535.00000000 
1861.00000000 
1465.00000000 
5391.00000000 
2936.00000000 
5638.00000000 
4942.00000000 
13582.00000000 
23069.00000000 
14659.00000000 
3766.00000000 
5674.00000000 
4448.00000000 
2054.00000000 
3589.00000000 
8580.00000000 
8571.00000000 
30851.00000000 
4914.00000000 
7884.00000000 
5337.00000000 
6434.00000000 
7712.00000000 
3195.00000000 
10585.00000000 
11292.00000000 
12501.00000000 
11328.00000000 
31611.00000000 
5896.00000000 
3755.00000000 
4142.00000000 
10192.00000000 
10394.00000000 
13422.00000000 
9616.00000000 
2000.00000000 
26596.00000000 
28941.00000000 
17837.00000000 
49736.00000000 
68335.00000000 
17254.00000000 
25089.00000000 
45970.00000000 
44384.00000000 
53559.00000000 
12437.00000000 
34376.00000000 
16560.00000000 
44064.00000000 
33104.00000000 
26309.00000000 
4912.00000000 
6970.00000000 
19032.00000000 
419.00000000 
3342.00000000 
925.00000000 
1247.00000000 
4998.00000000 
3660.00000000 
1547.00000000 
4273.00000000 
6506.00000000 
3415.00000000 
4538.00000000 
2785.00000000 
3767.00000000 
13226.00000000 
582.00000000 
4394.00000000 
6136.00000000 
2192.00000000 
1850.00000000 
3552.00000000 
1854.00000000 
1492.00000000 
873.00000000 
309.00000000 
1342.00000000 
3142.00000000 
2867.00000000 
2743.00000000 
1607.00000000 
2455.00000000 
1120.00000000 
1221.00000000 
2763.00000000 
3594.00000000 
2237.00000000 
930.00000000 
1739.00000000 
617.00000000 
2296.00000000 
4398.00000000 
7442.00000000 
2896.00000000 
3757.00000000 
6436.00000000 
3922.00000000 
2681.00000000 
7586.00000000 
4668.00000000 
2163.00000000 
3951.00000000 
6602.00000000 
1742.00000000 
9206.00000000 
6048.00000000 
1773.00000000 
3495.00000000 
668.00000000 
1094.00000000 
3129.00000000 
2328.00000000 
2715.00000000 
4474.00000000 
15380.00000000 
8733.00000000 
9203.00000000 
1863.00000000 
3075.00000000 
753.00000000 
1510.00000000 
5809.00000000 
6119.00000000 
155435.00000000 
651.00000000 
78.00000000 
557.00000000 
600.00000000 
0.00000000 
0.00000000 
58.00000000 
113.00000000 
1320.00000000 
0.00000000 
0.00000000 
3387.00000000 
1345.00000000 
0.00000000 
0.00000000 
0.00000000 
379.00000000 
568.00000000 
0.00000000 
0.00000000 
172.00000000 
16.00000000 
1225.00000000 
145.00000000 
114.00000000 
82.00000000 
382.00000000 
426.00000000 
103.00000000 
436.00000000 
1.00000000 
60.00000000 
8.00000000 
0.00000000 
200.00000000 
0.00000000 
0.00000000 
161.00000000 
0.00000000 
1415.00000000 
0.00000000 
0.00000000 
303.00000000 
0.00000000 
3623.00000000 
65.00000000 
166.00000000 
106.00000000 
2665.00000000 
751.00000000 
815.00000000 
218.00000000 
0.00000000 
248.00000000 
299.00000000 
392.00000000 
1474.00000000 
95.00000000 
0.00000000 
340.00000000 
1953.00000000 
1503.00000000 
3595.00000000 
208.00000000 
796.00000000 
1867.00000000 
2075.00000000 
0.00000000 
0.00000000 
141.00000000 
2997.00000000 
0.00000000 
331.00000000 
1529.00000000 
117.00000000 
415.00000000 
0.00000000 
26.00000000 
71.00000000 
500.00000000 
817.00000000 
2380.00000000 
284.00000000 
1147.00000000 
62.00000000 
358.00000000 
481.00000000 
2120.00000000 
1622.00000000 
947.00000000 
926.00000000 
764.00000000 
6758.00000000 
542.00000000 
1201.00000000 
81.00000000 
1234.00000000 
927.00000000 
3394.00000000 
1936.00000000 
1011.00000000 
364.00000000 
0.00000000 
0.00000000 
0.00000000 
669.00000000 
3194.00000000 
3811.00000000 
21047.00000000 
90.00000000 
24.00000000 
703.00000000 
129.00000000 
270.00000000 
1185.00000000 
211.00000000 
1000.00000000 
0.00000000 
3104.00000000 
0.00000000 
0.00000000 
56.00000000 
782.00000000 
69.00000000 
433.00000000 
1283.00000000 
655.00000000 
9885.00000000 
1163.00000000 
728.00000000 
112.00000000 
0.00000000 
1144.00000000 
462.00000000 
210.00000000 
0.00000000 
1510.00000000 
0.00000000 
565.00000000 
0.00000000 
938.00000000 
611.00000000 
0.00000000 
138.00000000 
0.00000000 
0.00000000 
0.00000000 
969.00000000 
0.00000000 
18.00000000 
101.00000000 
34.00000000 
0.00000000 
330.00000000 
0.00000000 
170.00000000 
69.00000000 
0.00000000 
720.00000000 
195.00000000 
230.00000000 
280.00000000 
64.00000000 
462.00000000 
1771.00000000 
0.00000000 
289.00000000 
425.00000000 
2558.00000000 
136.00000000 
1464.00000000 
1888.00000000 
0.00000000 
0.00000000 
0.00000000 
96.00000000 
762.00000000 
0.00000000 
0.00000000 
1916.00000000 
26.00000000 
0.00000000 
40.00000000 
1709.00000000 
778.00000000 
557.00000000 
0.00000000 
59.00000000 
62.00000000 
0.00000000 
2714.00000000 
284.00000000 
0.00000000 
0.00000000 
583.00000000 
0.00000000 
644.00000000 
297.00000000 
146.00000000 
112.00000000 
14.00000000 
141.00000000 
331.00000000 
9667.00000000 
0.00000000 
789.00000000 
274.00000000 
320.00000000 
653.00000000 
136.00000000 
