0.00038410 
0.00038410 
0.00038680 
0.00038820 
0.00038680 
0.00038680 
0.00038820 
0.00038850 
0.00038760 
0.00038640 
0.00038680 
0.00038320 
0.00038460 
0.00038150 
0.00038550 
0.00038160 
0.00038190 
0.00037970 
0.00038650 
0.00038330 
0.00037890 
0.00038130 
0.00037070 
0.00037250 
0.00037630 
0.00037410 
0.00037140 
0.00037230 
0.00037110 
0.00036800 
0.00036720 
0.00036750 
0.00036900 
0.00037110 
0.00036900 
0.00036870 
0.00037100 
0.00036690 
0.00036810 
0.00036600 
0.00036590 
0.00036360 
0.00036530 
0.00036780 
0.00036700 
0.00036640 
0.00036560 
0.00036230 
0.00036000 
0.00035750 
0.00036220 
0.00036500 
0.00037250 
0.00037350 
0.00037320 
0.00037370 
0.00037340 
0.00037380 
0.00037500 
0.00037500 
0.00037830 
0.00037830 
0.00037940 
0.00037790 
0.00037720 
0.00037800 
0.00037810 
0.00037800 
0.00037650 
0.00037650 
0.00037790 
0.00037790 
0.00037470 
0.00037590 
0.00037620 
0.00037470 
0.00037230 
0.00037180 
0.00037180 
0.00037230 
0.00037210 
0.00037210 
0.00037060 
0.00037820 
0.00037900 
0.00037840 
0.00037850 
0.00038010 
0.00037820 
0.00037810 
0.00037810 
0.00038450 
0.00037870 
0.00038040 
0.00037530 
0.00037490 
0.00037620 
0.00037430 
0.00037490 
0.00037560 
0.00037620 
0.00037830 
0.00037870 
0.00037980 
0.00037740 
0.00037920 
0.00037750 
0.00037580 
0.00037750 
0.00038620 
0.00038680 
0.00039730 
0.00038870 
0.00038620 
0.00038480 
0.00038560 
0.00038310 
0.00038220 
0.00038520 
0.00038520 
0.00038270 
0.00038600 
0.00037720 
0.00037500 
0.00037020 
0.00036870 
0.00036750 
0.00036750 
0.00036830 
0.00036500 
0.00036240 
0.00036300 
0.00036420 
0.00036460 
0.00036450 
0.00036420 
0.00036510 
0.00036450 
0.00036240 
0.00036210 
0.00036000 
0.00035900 
0.00036570 
0.00036630 
0.00036870 
0.00036920 
0.00037020 
0.00036800 
0.00037020 
0.00036780 
0.00036700 
0.00036810 
0.00036480 
0.00036430 
0.00036440 
0.00036720 
0.00036000 
0.00035880 
0.00036050 
0.00036060 
0.00036010 
0.00036010 
0.00036010 
0.00035910 
0.00035970 
0.00035940 
0.00036150 
0.00036000 
0.00036120 
0.00036060 
0.00035810 
0.00036000 
0.00035960 
0.00036180 
0.00036440 
0.00036750 
0.00035400 
0.00034960 
0.00034310 
0.00034150 
0.00034220 
0.00034220 
0.00034280 
0.00034140 
0.00033750 
0.00033560 
0.00033530 
0.00033530 
0.00033500 
0.00033360 
0.00033390 
0.00033390 
0.00033200 
0.00033120 
0.00033270 
0.00033100 
0.00033110 
0.00033110 
0.00033120 
0.00033140 
0.00033140 
0.00033140 
0.00033180 
0.00033410 
0.00033390 
0.00033200 
0.00033140 
0.00033100 
0.00033010 
0.00033010 
0.00033110 
0.00033110 
0.00033010 
0.00032970 
0.00032970 
0.00032930 
0.00032940 
0.00033420 
0.00033570 
0.00033630 
0.00033710 
0.00033270 
0.00033320 
0.00033680 
0.00033510 
0.00034340 
0.00034700 
0.00034410 
0.00034330 
0.00034000 
0.00033720 
0.00033440 
0.00033250 
0.00033250 
0.00033250 
0.00033240 
0.00033240 
0.00033220 
0.00032790 
0.00032690 
0.00032440 
0.00032390 
0.00031980 
0.00031760 
0.00031480 
0.00031450 
0.00031470 
0.00031320 
0.00031380 
0.00031360 
0.00031810 
0.00031580 
0.00031660 
0.00031510 
0.00031480 
0.00031480 
0.00031500 
0.00031630 
0.00031630 
0.00031630 
0.00031480 
0.00031510 
0.00031420 
0.00031530 
0.00030820 
0.00031410 
0.00031430 
0.00031590 
0.00031240 
0.00031670 
0.00031650 
0.00031680 
0.00031650 
0.00032400 
0.00032580 
0.00032750 
0.00032700 
0.00032710 
0.00032620 
0.00032490 
0.00032620 
0.00032760 
0.00032880 
0.00032990 
0.00032990 
0.00033020 
0.00032780 
0.00032750 
0.00032720 
0.00032640 
0.00032650 
0.00032650 
0.00032720 
0.00032580 
0.00032590 
0.00032620 
0.00032710 
0.00033240 
0.00033390 
0.00033750 
0.00033620 
0.00033710 
0.00033700 
0.00033550 
0.00033680 
0.00033780 
0.00033930 
0.00033770 
0.00033410 
0.00033380 
0.00033320 
0.00033050 
0.00033220 
0.00033100 
0.00033110 
0.00032900 
0.00032750 
0.00032880 
0.00033000 
0.00033200 
0.00032810 
0.00032680 
0.00032690 
0.00032690 
0.00032520 
0.00032540 
0.00032560 
0.00032490 
0.00032410 
0.00032990 
0.00033100 
0.00033100 
0.00033100 
0.00033110 
0.00033100 
0.00033120 
0.00033080 
0.00032970 
0.00032900 
0.00032900 
0.00032920 
0.00033330 
0.00033550 
0.00033420 
0.00033560 
0.00033420 
0.00033570 
0.00033450 
0.00033610 
0.00033330 
0.00033090 
0.00033670 
0.00033670 
0.00034080 
0.00034410 
0.00033980 
0.00032640 
0.00032460 
0.00032470 
0.00032410 
0.00032400 
0.00032280 
0.00032220 
0.00032400 
0.00032850 
0.00032940 
0.00032990 
0.00033120 
0.00033150 
0.00033270 
0.00033330 
0.00033360 
0.00033510 
0.00033360 
0.00033610 
0.00033310 
0.00033450 
0.00033440 
0.00033430 
0.00033540 
0.00033510 
0.00033610 
0.00033180 
0.00033310 
0.00033490 
0.00033470 
0.00033660 
0.00034020 
0.00034200 
0.00034380 
0.00034400 
0.00034530 
0.00034720 
0.00035010 
0.00035140 
0.00035220 
0.00035370 
0.00035520 
0.00035520 
0.00035370 
0.00035280 
0.00035630 
0.00035460 
0.00035320 
0.00035250 
0.00035060 
0.00035030 
0.00034880 
0.00034950 
0.00035340 
0.00035430 
0.00035430 
0.00035700 
0.00036090 
0.00036000 
0.00036000 
0.00036010 
0.00036000 
0.00036000 
0.00036120 
0.00036000 
0.00036000 
0.00036030 
0.00036180 
0.00036330 
0.00036140 
0.00036150 
0.00036090 
0.00035940 
0.00035750 
0.00035810 
0.00035490 
0.00035280 
0.00035000 
0.00034650 
0.00034890 
0.00035810 
0.00035820 
0.00035820 
0.00035840 
0.00035610 
0.00035450 
0.00035460 
0.00035450 
0.00035270 
0.00035400 
0.00035310 
0.00035180 
0.00035410 
0.00035340 
0.00035310 
0.00035330 
0.00035670 
0.00035890 
0.00035860 
0.00035990 
0.00036930 
0.00037160 
0.00037500 
0.00037530 
0.00037540 
0.00037540 
0.00037440 
0.00037410 
0.00037310 
0.00037290 
0.00037200 
0.00037140 
0.00037100 
0.00037080 
0.00036990 
0.00036960 
0.00036890 
0.00036930 
0.00037050 
0.00036810 
0.00036720 
0.00036660 
0.00036630 
0.00036630 
0.00038410 
0.00038410 
0.00038680 
0.00038820 
0.00038680 
0.00038680 
0.00038820 
0.00038850 
0.00038760 
0.00038640 
0.00038680 
0.00038320 
0.00038460 
0.00038150 
0.00038550 
0.00038160 
0.00038190 
0.00037970 
0.00038650 
0.00038330 
0.00037890 
0.00038130 
0.00037070 
0.00037250 
0.00037630 
0.00037410 
0.00037140 
0.00037230 
0.00037110 
0.00036800 
0.00036720 
0.00036750 
0.00036900 
0.00037110 
0.00036900 
0.00036870 
0.00037100 
0.00036690 
0.00036810 
0.00036600 
0.00036590 
0.00036360 
0.00036530 
0.00036780 
0.00036700 
0.00036640 
0.00036560 
0.00036230 
0.00036000 
0.00035750 
0.00036220 
0.00036500 
0.00037250 
0.00037350 
0.00037320 
0.00037370 
0.00037340 
0.00037380 
0.00037500 
0.00037500 
0.00037830 
0.00037830 
0.00037940 
0.00037790 
0.00037720 
0.00037800 
0.00037810 
0.00037800 
0.00037650 
0.00037650 
0.00037790 
0.00037790 
0.00037470 
0.00037590 
0.00037620 
0.00037470 
0.00037230 
0.00037180 
0.00037180 
0.00037230 
0.00037210 
0.00037210 
0.00037060 
0.00037820 
0.00037900 
0.00037840 
0.00037850 
0.00038010 
0.00037820 
0.00037810 
0.00037810 
0.00038450 
0.00037870 
0.00038040 
0.00037530 
0.00037490 
0.00037620 
0.00037430 
0.00037490 
0.00037560 
0.00037620 
0.00037830 
0.00037870 
0.00037980 
0.00037740 
0.00037920 
0.00037750 
0.00037580 
0.00037750 
0.00038620 
0.00038680 
0.00039730 
0.00038870 
0.00038620 
0.00038480 
0.00038560 
0.00038310 
0.00038220 
0.00038520 
0.00038520 
0.00038270 
0.00038600 
0.00037720 
0.00037500 
0.00037020 
0.00036870 
0.00036750 
0.00036750 
0.00036830 
0.00036500 
0.00036240 
0.00036300 
0.00036420 
0.00036460 
0.00036450 
0.00036420 
0.00036510 
0.00036450 
0.00036240 
0.00036210 
0.00036000 
0.00035900 
0.00036570 
0.00036630 
0.00036870 
0.00036920 
0.00037020 
0.00036800 
0.00037020 
0.00036780 
0.00036700 
0.00036810 
0.00036480 
0.00036430 
0.00036440 
0.00036720 
0.00036000 
0.00035880 
0.00036050 
0.00036060 
0.00036010 
0.00036010 
0.00036010 
0.00035910 
0.00035970 
0.00035940 
0.00036150 
0.00036000 
0.00036120 
0.00036060 
0.00035810 
0.00036000 
0.00035960 
0.00036180 
0.00036440 
0.00036750 
0.00035400 
0.00034960 
0.00034310 
0.00034150 
0.00034220 
0.00034220 
0.00034280 
0.00034140 
0.00033750 
0.00033560 
0.00033530 
0.00033530 
0.00033500 
0.00033360 
0.00033390 
0.00033390 
0.00033200 
0.00033120 
0.00033270 
0.00033100 
0.00033110 
0.00033110 
0.00033120 
0.00033140 
0.00033140 
0.00033140 
0.00033180 
0.00033410 
0.00033390 
0.00033200 
0.00033140 
0.00033100 
0.00033010 
0.00033010 
0.00033110 
0.00033110 
0.00033010 
0.00032970 
0.00032970 
0.00032930 
0.00032940 
0.00033420 
0.00033570 
0.00033630 
0.00033710 
0.00033270 
0.00033320 
0.00033680 
0.00033510 
0.00034340 
0.00034700 
0.00034410 
0.00034330 
0.00034000 
0.00033720 
0.00033440 
0.00033250 
0.00033250 
0.00033250 
0.00033240 
0.00033240 
0.00033220 
0.00032790 
0.00032690 
0.00032440 
0.00032390 
0.00031980 
0.00031760 
0.00031480 
0.00031450 
0.00031470 
0.00031320 
0.00031380 
0.00031360 
0.00031810 
0.00031580 
0.00031660 
0.00031510 
0.00031480 
0.00031480 
0.00031500 
0.00031630 
0.00031630 
0.00031630 
0.00031480 
0.00031510 
0.00031420 
0.00031530 
0.00030820 
0.00031410 
0.00031430 
0.00031590 
0.00031240 
0.00031670 
0.00031650 
0.00031680 
0.00031650 
0.00032400 
0.00032580 
0.00032750 
0.00032700 
0.00032710 
0.00032620 
0.00032490 
0.00032620 
0.00032760 
0.00032880 
0.00032990 
0.00032990 
0.00033020 
0.00032780 
0.00032750 
0.00032720 
0.00032640 
0.00032650 
0.00032650 
0.00032720 
0.00032580 
0.00032590 
0.00032620 
0.00032710 
0.00033240 
0.00033390 
0.00033750 
0.00033620 
0.00033710 
0.00033700 
0.00033550 
0.00033680 
0.00033780 
0.00033930 
0.00033770 
0.00033410 
0.00033380 
0.00033320 
0.00033050 
0.00033220 
0.00033100 
0.00033110 
0.00032900 
0.00032750 
0.00032880 
0.00033000 
0.00033200 
0.00032810 
0.00032680 
0.00032690 
0.00032690 
0.00032520 
0.00032540 
0.00032560 
0.00032490 
0.00032410 
0.00032990 
0.00033100 
0.00033100 
0.00033100 
0.00033110 
0.00033100 
0.00033120 
0.00033080 
0.00032970 
0.00032900 
0.00032900 
0.00032920 
0.00033330 
0.00033550 
0.00033420 
0.00033560 
0.00033420 
0.00033570 
0.00033450 
0.00033610 
0.00033330 
0.00033090 
0.00033670 
0.00033670 
0.00034080 
0.00034410 
0.00033980 
0.00032640 
0.00032460 
0.00032470 
0.00032410 
0.00032400 
0.00032280 
0.00032220 
0.00032400 
0.00032850 
0.00032940 
0.00032990 
0.00033120 
0.00033150 
0.00033270 
0.00033330 
0.00033360 
0.00033510 
0.00033360 
0.00033610 
0.00033310 
0.00033450 
0.00033440 
0.00033430 
0.00033540 
0.00033510 
0.00033610 
0.00033180 
0.00033310 
0.00033490 
0.00033470 
0.00033660 
0.00034020 
0.00034200 
0.00034380 
0.00034400 
0.00034530 
0.00034720 
0.00035010 
0.00035140 
0.00035220 
0.00035370 
0.00035520 
0.00035520 
0.00035370 
0.00035280 
0.00035630 
0.00035460 
0.00035320 
0.00035250 
0.00035060 
0.00035030 
0.00034880 
0.00034950 
0.00035340 
0.00035430 
0.00035430 
0.00035700 
0.00036090 
0.00036000 
0.00036000 
0.00036010 
0.00036000 
0.00036000 
0.00036120 
0.00036000 
0.00036000 
0.00036030 
0.00036180 
0.00036330 
0.00036140 
0.00036150 
0.00036090 
0.00035940 
0.00035750 
0.00035810 
0.00035490 
0.00035280 
0.00035000 
0.00034650 
0.00034890 
0.00035810 
0.00035820 
0.00035820 
0.00035840 
0.00035610 
0.00035450 
0.00035460 
0.00035450 
0.00035270 
0.00035400 
0.00035310 
0.00035180 
0.00035410 
0.00035340 
0.00035310 
0.00035330 
0.00035670 
0.00035890 
0.00035860 
0.00035990 
0.00036930 
0.00037160 
0.00037500 
0.00037530 
0.00037540 
0.00037540 
0.00037440 
0.00037410 
0.00037310 
0.00037290 
0.00037200 
0.00037140 
0.00037100 
0.00037080 
0.00036990 
0.00036960 
0.00036890 
0.00036930 
0.00037050 
0.00036810 
0.00036720 
0.00036660 
0.00036630 
0.00036630 
0.00038410 
0.00038410 
0.00038680 
0.00038820 
0.00038680 
0.00038680 
0.00038820 
0.00038850 
0.00038760 
0.00038640 
0.00038680 
0.00038320 
0.00038460 
0.00038150 
0.00038550 
0.00038160 
0.00038190 
0.00037970 
0.00038650 
0.00038330 
0.00037890 
0.00038130 
0.00037070 
0.00037250 
0.00037630 
0.00037410 
0.00037140 
0.00037230 
0.00037110 
0.00036800 
0.00036720 
0.00036750 
0.00036900 
0.00037110 
0.00036900 
0.00036870 
0.00037100 
0.00036690 
0.00036810 
0.00036600 
0.00036590 
0.00036360 
0.00036530 
0.00036780 
0.00036700 
0.00036640 
0.00036560 
0.00036230 
0.00036000 
0.00035750 
0.00036220 
0.00036500 
0.00037250 
0.00037350 
0.00037320 
0.00037370 
0.00037340 
0.00037380 
0.00037500 
0.00037500 
0.00037830 
0.00037830 
0.00037940 
0.00037790 
0.00037720 
0.00037800 
0.00037810 
0.00037800 
0.00037650 
0.00037650 
0.00037790 
0.00037790 
0.00037470 
0.00037590 
0.00037620 
0.00037470 
0.00037230 
0.00037180 
0.00037180 
0.00037230 
0.00037210 
0.00037210 
0.00037060 
0.00037820 
0.00037900 
0.00037840 
0.00037850 
0.00038010 
0.00037820 
0.00037810 
0.00037810 
0.00038450 
0.00037870 
0.00038040 
0.00037530 
0.00037490 
0.00037620 
0.00037430 
0.00037490 
0.00037560 
0.00037620 
0.00037830 
0.00037870 
0.00037980 
0.00037740 
0.00037920 
0.00037750 
0.00037580 
0.00037750 
0.00038620 
0.00038680 
0.00039730 
0.00038870 
0.00038620 
0.00038480 
0.00038560 
0.00038310 
0.00038220 
0.00038520 
0.00038520 
0.00038270 
0.00038600 
0.00037720 
0.00037500 
0.00037020 
0.00036870 
0.00036750 
0.00036750 
0.00036830 
0.00036500 
0.00036240 
0.00036300 
0.00036420 
0.00036460 
0.00036450 
0.00036420 
0.00036510 
0.00036450 
0.00036240 
0.00036210 
0.00036000 
0.00035900 
0.00036570 
0.00036630 
0.00036870 
0.00036920 
0.00037020 
0.00036800 
0.00037020 
0.00036780 
0.00036700 
0.00036810 
0.00036480 
0.00036430 
0.00036440 
0.00036720 
0.00036000 
0.00035880 
0.00036050 
0.00036060 
0.00036010 
0.00036010 
0.00036010 
0.00035910 
0.00035970 
0.00035940 
0.00036150 
0.00036000 
0.00036120 
0.00036060 
0.00035810 
0.00036000 
0.00035960 
0.00036180 
0.00036440 
0.00036750 
0.00035400 
0.00034960 
0.00034310 
0.00034150 
0.00034220 
0.00034220 
0.00034280 
0.00034140 
0.00033750 
0.00033560 
0.00033530 
0.00033530 
0.00033500 
0.00033360 
0.00033390 
0.00033390 
0.00033200 
0.00033120 
0.00033270 
0.00033100 
0.00033110 
0.00033110 
0.00033120 
0.00033140 
0.00033140 
0.00033140 
0.00033180 
0.00033410 
0.00033390 
0.00033200 
0.00033140 
0.00033100 
0.00033010 
0.00033010 
0.00033110 
0.00033110 
0.00033010 
0.00032970 
0.00032970 
0.00032930 
0.00032940 
0.00033420 
0.00033570 
0.00033630 
0.00033710 
0.00033270 
0.00033320 
0.00033680 
0.00033510 
0.00034340 
0.00034700 
0.00034410 
0.00034330 
0.00034000 
0.00033720 
0.00033440 
0.00033250 
0.00033250 
0.00033250 
0.00033240 
0.00033240 
0.00033220 
0.00032790 
0.00032690 
0.00032440 
0.00032390 
0.00031980 
0.00031760 
0.00031480 
0.00031450 
0.00031470 
0.00031320 
0.00031380 
0.00031360 
0.00031810 
0.00031580 
0.00031660 
0.00031510 
0.00031480 
0.00031480 
0.00031500 
0.00031630 
0.00031630 
0.00031630 
0.00031480 
0.00031510 
0.00031420 
0.00031530 
0.00030820 
0.00031410 
0.00031430 
0.00031590 
0.00031240 
0.00031670 
0.00031650 
0.00031680 
0.00031650 
0.00032400 
0.00032580 
0.00032750 
0.00032700 
0.00032710 
0.00032620 
0.00032490 
0.00032620 
0.00032760 
0.00032880 
0.00032990 
0.00032990 
0.00033020 
0.00032780 
0.00032750 
0.00032720 
0.00032640 
0.00032650 
0.00032650 
0.00032720 
0.00032580 
0.00032590 
0.00032620 
0.00032710 
0.00033240 
0.00033390 
0.00033750 
0.00033620 
0.00033710 
0.00033700 
0.00033550 
0.00033680 
0.00033780 
0.00033930 
0.00033770 
0.00033410 
0.00033380 
0.00033320 
0.00033050 
0.00033220 
0.00033100 
0.00033110 
0.00032900 
0.00032750 
0.00032880 
0.00033000 
0.00033200 
0.00032810 
0.00032680 
0.00032690 
0.00032690 
0.00032520 
0.00032540 
0.00032560 
0.00032490 
0.00032410 
0.00032990 
0.00033100 
0.00033100 
0.00033100 
0.00033110 
0.00033100 
0.00033120 
0.00033080 
0.00032970 
0.00032900 
0.00032900 
0.00032920 
0.00033330 
0.00033550 
0.00033420 
0.00033560 
0.00033420 
0.00033570 
0.00033450 
0.00033610 
0.00033330 
0.00033090 
0.00033670 
0.00033670 
0.00034080 
0.00034410 
0.00033980 
0.00032640 
0.00032460 
0.00032470 
0.00032410 
0.00032400 
0.00032280 
0.00032220 
0.00032400 
0.00032850 
0.00032940 
0.00032990 
0.00033120 
0.00033150 
0.00033270 
0.00033330 
0.00033360 
0.00033510 
0.00033360 
0.00033610 
0.00033310 
0.00033450 
0.00033440 
0.00033430 
0.00033540 
0.00033510 
0.00033610 
0.00033180 
0.00033310 
0.00033490 
0.00033470 
0.00033660 
0.00034020 
0.00034200 
0.00034380 
0.00034400 
0.00034530 
0.00034720 
0.00035010 
0.00035140 
0.00035220 
0.00035370 
0.00035520 
0.00035520 
0.00035370 
0.00035280 
0.00035630 
0.00035460 
0.00035320 
0.00035250 
0.00035060 
0.00035030 
0.00034880 
0.00034950 
0.00035340 
0.00035430 
0.00035430 
0.00035700 
0.00036090 
0.00036000 
0.00036000 
0.00036010 
0.00036000 
0.00036000 
0.00036120 
0.00036000 
0.00036000 
0.00036030 
0.00036180 
0.00036330 
0.00036140 
0.00036150 
0.00036090 
0.00035940 
0.00035750 
0.00035810 
0.00035490 
0.00035280 
0.00035000 
0.00034650 
0.00034890 
0.00035810 
0.00035820 
0.00035820 
0.00035840 
0.00035610 
0.00035450 
0.00035460 
0.00035450 
0.00035270 
0.00035400 
0.00035310 
0.00035180 
0.00035410 
0.00035340 
0.00035310 
0.00035330 
0.00035670 
0.00035890 
0.00035860 
0.00035990 
0.00036930 
0.00037160 
0.00037500 
0.00037530 
0.00037540 
0.00037540 
0.00037440 
0.00037410 
0.00037310 
0.00037290 
0.00037200 
0.00037140 
0.00037100 
0.00037080 
0.00036990 
0.00036960 
0.00036890 
0.00036930 
0.00037050 
0.00036810 
0.00036720 
0.00036660 
0.00036630 
0.00036630 
