0.00000000 
246.57000000 
163.95000000 
3117.19000000 
516.67000000 
10.83000000 
50.75000000 
66.06000000 
1148.17000000 
127.11000000 
97.30000000 
1120.03000000 
1513.84000000 
360.22000000 
2685.02000000 
1250.12000000 
1229.78000000 
313.26000000 
1621.76000000 
691.15000000 
3652.21000000 
615.02000000 
1725.24000000 
807.45000000 
3990.87000000 
2679.10000000 
701.16000000 
752.84000000 
804.42000000 
458.72000000 
288.51000000 
3.04000000 
613.64000000 
32.71000000 
435.80000000 
216.83000000 
1353.77000000 
537.09000000 
2511.97000000 
739.03000000 
136.39000000 
1391.15000000 
366.76000000 
489.21000000 
531.91000000 
271.90000000 
1161.36000000 
3875.40000000 
2324.70000000 
260.00000000 
3182.95000000 
974.56000000 
8927.90000000 
15.36000000 
242.48000000 
172.34000000 
505.00000000 
248.61000000 
643.87000000 
169.25000000 
634.05000000 
5.54000000 
91.51000000 
127.19000000 
794.83000000 
560.85000000 
0.00000000 
39.06000000 
0.00000000 
6.95000000 
557.57000000 
96.78000000 
547.71000000 
522.75000000 
122.55000000 
369.00000000 
624.96000000 
80.74000000 
17.00000000 
55.73000000 
50.98000000 
89.91000000 
433.59000000 
4831.36000000 
116.88000000 
59.46000000 
22.00000000 
0.00000000 
317.24000000 
126.42000000 
355.97000000 
1124.50000000 
771.30000000 
624.80000000 
3250.34000000 
171.14000000 
72.84000000 
787.19000000 
603.37000000 
44.24000000 
381.06000000 
311.34000000 
116.38000000 
97.63000000 
341.39000000 
130.29000000 
178.82000000 
312.80000000 
375.50000000 
2241.84000000 
121.20000000 
2161.14000000 
881.79000000 
366.97000000 
252.30000000 
182.92000000 
147.53000000 
343.04000000 
1059.08000000 
92.21000000 
400.49000000 
800.03000000 
523.53000000 
518.69000000 
448.80000000 
58.91000000 
7.00000000 
0.00000000 
105.37000000 
243.73000000 
3152.09000000 
202.45000000 
413.79000000 
912.97000000 
1137.27000000 
151.03000000 
27.38000000 
45.34000000 
1214.39000000 
53.51000000 
96.51000000 
300.81000000 
725.31000000 
1075.31000000 
141.41000000 
609.72000000 
11.42000000 
83.02000000 
508.88000000 
958.59000000 
2921.52000000 
5.74000000 
44.24000000 
318.28000000 
176.31000000 
119.31000000 
358.07000000 
362.56000000 
548.95000000 
175.70000000 
81.74000000 
114.89000000 
40.00000000 
411.65000000 
65.84000000 
172.41000000 
75.66000000 
892.92000000 
295.69000000 
56.54000000 
1748.31000000 
449.93000000 
1393.19000000 
78.40000000 
355.82000000 
1245.46000000 
1551.63000000 
282.16000000 
676.52000000 
0.00000000 
24.51000000 
0.00000000 
59.04000000 
235.08000000 
423.16000000 
312.41000000 
3.26000000 
0.00000000 
242.00000000 
192.53000000 
0.20000000 
111.27000000 
152.66000000 
218.35000000 
53.63000000 
621.46000000 
0.00000000 
67.00000000 
112.51000000 
60.00000000 
4.00000000 
0.10000000 
754.74000000 
483.86000000 
276.82000000 
646.55000000 
11.16000000 
58.84000000 
250.18000000 
377.65000000 
0.00000000 
18.00000000 
13.00000000 
714.39000000 
1257.44000000 
267.60000000 
432.44000000 
719.39000000 
295.97000000 
150.47000000 
310.57000000 
789.35000000 
51.50000000 
262.07000000 
217.10000000 
1991.68000000 
1331.78000000 
72.56000000 
319.22000000 
388.23000000 
254.37000000 
422.18000000 
143.40000000 
80.27000000 
0.00000000 
99.01000000 
546.80000000 
969.56000000 
260.65000000 
189.90000000 
97.64000000 
214.33000000 
959.48000000 
127.44000000 
122.45000000 
368.12000000 
43.30000000 
167.13000000 
409.13000000 
37.99000000 
1298.33000000 
1937.66000000 
427.14000000 
523.89000000 
111.47000000 
20.00000000 
435.04000000 
0.00000000 
0.00000000 
15.80000000 
472.15000000 
222.87000000 
42.48000000 
262.52000000 
1633.89000000 
4180.40000000 
68.03000000 
372.59000000 
663.45000000 
6754.24000000 
290.73000000 
226.89000000 
304.25000000 
362.88000000 
3330.15000000 
712.96000000 
70.10000000 
858.85000000 
336.74000000 
3897.12000000 
650.75000000 
62.14000000 
172.77000000 
31.60000000 
1.99000000 
6.40000000 
140.65000000 
8.00000000 
8.00000000 
640.34000000 
0.00000000 
27.80000000 
0.00000000 
120.00000000 
151.04000000 
266.57000000 
15.00000000 
276.81000000 
81.56000000 
164.25000000 
5.79000000 
612.58000000 
171.35000000 
82.56000000 
24.36000000 
174.48000000 
2176.34000000 
278.60000000 
352.01000000 
1.63000000 
17.38000000 
463.04000000 
141.37000000 
279.68000000 
219.17000000 
105.05000000 
119.91000000 
378.64000000 
2066.39000000 
1108.28000000 
518.14000000 
268.04000000 
6.58000000 
35.24000000 
1223.71000000 
681.25000000 
2211.10000000 
74.23000000 
283.36000000 
2997.79000000 
2154.61000000 
684.27000000 
133.97000000 
380.29000000 
1518.39000000 
89.62000000 
67.71000000 
265.92000000 
126.89000000 
257.49000000 
187.61000000 
492.12000000 
143.17000000 
9.59000000 
16.30000000 
16.30000000 
21.00000000 
12.00000000 
0.00000000 
131.00000000 
227.41000000 
584.64000000 
267.92000000 
958.18000000 
1266.01000000 
328.57000000 
5867.03000000 
349.07000000 
264.55000000 
0.00000000 
96.52000000 
230.72000000 
1004.72000000 
724.29000000 
421.70000000 
74.91000000 
706.23000000 
1081.51000000 
281.83000000 
991.22000000 
134.90000000 
0.00000000 
194.03000000 
0.24000000 
199.78000000 
446.82000000 
1050.01000000 
64.38000000 
697.24000000 
491.23000000 
236.00000000 
60.02000000 
220.38000000 
204.35000000 
250.82000000 
538.76000000 
1845.98000000 
894.67000000 
1429.11000000 
85.23000000 
0.00000000 
107.31000000 
1229.31000000 
979.04000000 
67.68000000 
632.52000000 
130.45000000 
40.82000000 
0.00000000 
106.30000000 
203.34000000 
376.12000000 
30.88000000 
24.06000000 
359.92000000 
232.60000000 
208.00000000 
174.98000000 
434.08000000 
396.69000000 
267.52000000 
18.00000000 
291.23000000 
1122.61000000 
77.09000000 
196.69000000 
89.09000000 
5.26000000 
399.49000000 
60.00000000 
100.00000000 
2.65000000 
27.51000000 
114.14000000 
164.95000000 
272.95000000 
71.21000000 
84.43000000 
246.39000000 
378.66000000 
191.48000000 
275.44000000 
288.53000000 
71.48000000 
448.04000000 
297.92000000 
2180.18000000 
0.00000000 
0.00000000 
202.05000000 
131.47000000 
172.57000000 
142.00000000 
0.00000000 
306.08000000 
300.00000000 
654.54000000 
805.26000000 
506.04000000 
680.30000000 
296.89000000 
754.92000000 
1766.04000000 
1441.18000000 
469.57000000 
460.65000000 
2797.95000000 
2260.83000000 
224.44000000 
25.28000000 
108.60000000 
2.10000000 
175.13000000 
127.66000000 
62.66000000 
25.65000000 
184.02000000 
10.13000000 
33.00000000 
138.12000000 
1463.52000000 
50.02000000 
141.34000000 
253.17000000 
333.99000000 
428.64000000 
52.57000000 
182.21000000 
0.00000000 
15.46000000 
0.00000000 
246.57000000 
163.95000000 
3117.19000000 
516.67000000 
10.83000000 
50.75000000 
66.06000000 
1148.17000000 
127.11000000 
97.30000000 
1120.03000000 
1513.84000000 
360.22000000 
2685.02000000 
1250.12000000 
1229.78000000 
313.26000000 
1621.76000000 
691.15000000 
3652.21000000 
615.02000000 
1725.24000000 
807.45000000 
3990.87000000 
2679.10000000 
701.16000000 
752.84000000 
804.42000000 
458.72000000 
288.51000000 
3.04000000 
613.64000000 
32.71000000 
435.80000000 
216.83000000 
1353.77000000 
537.09000000 
2511.97000000 
739.03000000 
136.39000000 
1391.15000000 
366.76000000 
489.21000000 
531.91000000 
271.90000000 
1161.36000000 
3875.40000000 
2324.70000000 
260.00000000 
3182.95000000 
974.56000000 
8927.90000000 
15.36000000 
242.48000000 
172.34000000 
505.00000000 
248.61000000 
643.87000000 
169.25000000 
634.05000000 
5.54000000 
91.51000000 
127.19000000 
794.83000000 
560.85000000 
0.00000000 
39.06000000 
0.00000000 
6.95000000 
557.57000000 
96.78000000 
547.71000000 
522.75000000 
122.55000000 
369.00000000 
624.96000000 
80.74000000 
17.00000000 
55.73000000 
50.98000000 
89.91000000 
433.59000000 
4831.36000000 
116.88000000 
59.46000000 
22.00000000 
0.00000000 
317.24000000 
126.42000000 
355.97000000 
1124.50000000 
771.30000000 
624.80000000 
3250.34000000 
171.14000000 
72.84000000 
787.19000000 
603.37000000 
44.24000000 
381.06000000 
311.34000000 
116.38000000 
97.63000000 
341.39000000 
130.29000000 
178.82000000 
312.80000000 
375.50000000 
2241.84000000 
121.20000000 
2161.14000000 
881.79000000 
366.97000000 
252.30000000 
182.92000000 
147.53000000 
343.04000000 
1059.08000000 
92.21000000 
400.49000000 
800.03000000 
523.53000000 
518.69000000 
448.80000000 
58.91000000 
7.00000000 
0.00000000 
105.37000000 
243.73000000 
3152.09000000 
202.45000000 
413.79000000 
912.97000000 
1137.27000000 
151.03000000 
27.38000000 
45.34000000 
1214.39000000 
53.51000000 
96.51000000 
300.81000000 
725.31000000 
1075.31000000 
141.41000000 
609.72000000 
11.42000000 
83.02000000 
508.88000000 
958.59000000 
2921.52000000 
5.74000000 
44.24000000 
318.28000000 
176.31000000 
119.31000000 
358.07000000 
362.56000000 
548.95000000 
175.70000000 
81.74000000 
114.89000000 
40.00000000 
411.65000000 
65.84000000 
172.41000000 
75.66000000 
892.92000000 
295.69000000 
56.54000000 
1748.31000000 
449.93000000 
1393.19000000 
78.40000000 
355.82000000 
1245.46000000 
1551.63000000 
282.16000000 
676.52000000 
0.00000000 
24.51000000 
0.00000000 
59.04000000 
235.08000000 
423.16000000 
312.41000000 
3.26000000 
0.00000000 
242.00000000 
192.53000000 
0.20000000 
111.27000000 
152.66000000 
218.35000000 
53.63000000 
621.46000000 
0.00000000 
67.00000000 
112.51000000 
60.00000000 
4.00000000 
0.10000000 
754.74000000 
483.86000000 
276.82000000 
646.55000000 
11.16000000 
58.84000000 
250.18000000 
377.65000000 
0.00000000 
18.00000000 
13.00000000 
714.39000000 
1257.44000000 
267.60000000 
432.44000000 
719.39000000 
295.97000000 
150.47000000 
310.57000000 
789.35000000 
51.50000000 
262.07000000 
217.10000000 
1991.68000000 
1331.78000000 
72.56000000 
319.22000000 
388.23000000 
254.37000000 
422.18000000 
143.40000000 
80.27000000 
0.00000000 
99.01000000 
546.80000000 
969.56000000 
260.65000000 
189.90000000 
97.64000000 
214.33000000 
959.48000000 
127.44000000 
122.45000000 
368.12000000 
43.30000000 
167.13000000 
409.13000000 
37.99000000 
1298.33000000 
1937.66000000 
427.14000000 
523.89000000 
111.47000000 
20.00000000 
435.04000000 
0.00000000 
0.00000000 
15.80000000 
472.15000000 
222.87000000 
42.48000000 
262.52000000 
1633.89000000 
4180.40000000 
68.03000000 
372.59000000 
663.45000000 
6754.24000000 
290.73000000 
226.89000000 
304.25000000 
362.88000000 
3330.15000000 
712.96000000 
70.10000000 
858.85000000 
336.74000000 
3897.12000000 
650.75000000 
62.14000000 
172.77000000 
31.60000000 
1.99000000 
6.40000000 
140.65000000 
8.00000000 
8.00000000 
640.34000000 
0.00000000 
27.80000000 
0.00000000 
120.00000000 
151.04000000 
266.57000000 
15.00000000 
276.81000000 
81.56000000 
164.25000000 
5.79000000 
612.58000000 
171.35000000 
82.56000000 
24.36000000 
174.48000000 
2176.34000000 
278.60000000 
352.01000000 
1.63000000 
17.38000000 
463.04000000 
141.37000000 
279.68000000 
219.17000000 
105.05000000 
119.91000000 
378.64000000 
2066.39000000 
1108.28000000 
518.14000000 
268.04000000 
6.58000000 
35.24000000 
1223.71000000 
681.25000000 
2211.10000000 
74.23000000 
283.36000000 
2997.79000000 
2154.61000000 
684.27000000 
133.97000000 
380.29000000 
1518.39000000 
89.62000000 
67.71000000 
265.92000000 
126.89000000 
257.49000000 
187.61000000 
492.12000000 
143.17000000 
9.59000000 
16.30000000 
16.30000000 
21.00000000 
12.00000000 
0.00000000 
131.00000000 
227.41000000 
584.64000000 
267.92000000 
958.18000000 
1266.01000000 
328.57000000 
5867.03000000 
349.07000000 
264.55000000 
0.00000000 
96.52000000 
230.72000000 
1004.72000000 
724.29000000 
421.70000000 
74.91000000 
706.23000000 
1081.51000000 
281.83000000 
991.22000000 
134.90000000 
0.00000000 
194.03000000 
0.24000000 
199.78000000 
446.82000000 
1050.01000000 
64.38000000 
697.24000000 
491.23000000 
236.00000000 
60.02000000 
220.38000000 
204.35000000 
250.82000000 
538.76000000 
1845.98000000 
894.67000000 
1429.11000000 
85.23000000 
0.00000000 
107.31000000 
1229.31000000 
979.04000000 
67.68000000 
632.52000000 
130.45000000 
40.82000000 
0.00000000 
106.30000000 
203.34000000 
376.12000000 
30.88000000 
24.06000000 
359.92000000 
232.60000000 
208.00000000 
174.98000000 
434.08000000 
396.69000000 
267.52000000 
18.00000000 
291.23000000 
1122.61000000 
77.09000000 
196.69000000 
89.09000000 
5.26000000 
399.49000000 
60.00000000 
100.00000000 
2.65000000 
27.51000000 
114.14000000 
164.95000000 
272.95000000 
71.21000000 
84.43000000 
246.39000000 
378.66000000 
191.48000000 
275.44000000 
288.53000000 
71.48000000 
448.04000000 
297.92000000 
2180.18000000 
0.00000000 
0.00000000 
202.05000000 
131.47000000 
172.57000000 
142.00000000 
0.00000000 
306.08000000 
300.00000000 
654.54000000 
805.26000000 
506.04000000 
680.30000000 
296.89000000 
754.92000000 
1766.04000000 
1441.18000000 
469.57000000 
460.65000000 
2797.95000000 
2260.83000000 
224.44000000 
25.28000000 
108.60000000 
2.10000000 
175.13000000 
127.66000000 
62.66000000 
25.65000000 
184.02000000 
10.13000000 
33.00000000 
138.12000000 
1463.52000000 
50.02000000 
141.34000000 
253.17000000 
333.99000000 
428.64000000 
52.57000000 
182.21000000 
0.00000000 
15.46000000 
0.00000000 
246.57000000 
163.95000000 
3117.19000000 
516.67000000 
10.83000000 
50.75000000 
66.06000000 
1148.17000000 
127.11000000 
97.30000000 
1120.03000000 
1513.84000000 
360.22000000 
2685.02000000 
1250.12000000 
1229.78000000 
313.26000000 
1621.76000000 
691.15000000 
3652.21000000 
615.02000000 
1725.24000000 
807.45000000 
3990.87000000 
2679.10000000 
701.16000000 
752.84000000 
804.42000000 
458.72000000 
288.51000000 
3.04000000 
613.64000000 
32.71000000 
435.80000000 
216.83000000 
1353.77000000 
537.09000000 
2511.97000000 
739.03000000 
136.39000000 
1391.15000000 
366.76000000 
489.21000000 
531.91000000 
271.90000000 
1161.36000000 
3875.40000000 
2324.70000000 
260.00000000 
3182.95000000 
974.56000000 
8927.90000000 
15.36000000 
242.48000000 
172.34000000 
505.00000000 
248.61000000 
643.87000000 
169.25000000 
634.05000000 
5.54000000 
91.51000000 
127.19000000 
794.83000000 
560.85000000 
0.00000000 
39.06000000 
0.00000000 
6.95000000 
557.57000000 
96.78000000 
547.71000000 
522.75000000 
122.55000000 
369.00000000 
624.96000000 
80.74000000 
17.00000000 
55.73000000 
50.98000000 
89.91000000 
433.59000000 
4831.36000000 
116.88000000 
59.46000000 
22.00000000 
0.00000000 
317.24000000 
126.42000000 
355.97000000 
1124.50000000 
771.30000000 
624.80000000 
3250.34000000 
171.14000000 
72.84000000 
787.19000000 
603.37000000 
44.24000000 
381.06000000 
311.34000000 
116.38000000 
97.63000000 
341.39000000 
130.29000000 
178.82000000 
312.80000000 
375.50000000 
2241.84000000 
121.20000000 
2161.14000000 
881.79000000 
366.97000000 
252.30000000 
182.92000000 
147.53000000 
343.04000000 
1059.08000000 
92.21000000 
400.49000000 
800.03000000 
523.53000000 
518.69000000 
448.80000000 
58.91000000 
7.00000000 
0.00000000 
105.37000000 
243.73000000 
3152.09000000 
202.45000000 
413.79000000 
912.97000000 
1137.27000000 
151.03000000 
27.38000000 
45.34000000 
1214.39000000 
53.51000000 
96.51000000 
300.81000000 
725.31000000 
1075.31000000 
141.41000000 
609.72000000 
11.42000000 
83.02000000 
508.88000000 
958.59000000 
2921.52000000 
5.74000000 
44.24000000 
318.28000000 
176.31000000 
119.31000000 
358.07000000 
362.56000000 
548.95000000 
175.70000000 
81.74000000 
114.89000000 
40.00000000 
411.65000000 
65.84000000 
172.41000000 
75.66000000 
892.92000000 
295.69000000 
56.54000000 
1748.31000000 
449.93000000 
1393.19000000 
78.40000000 
355.82000000 
1245.46000000 
1551.63000000 
282.16000000 
676.52000000 
0.00000000 
24.51000000 
0.00000000 
59.04000000 
235.08000000 
423.16000000 
312.41000000 
3.26000000 
0.00000000 
242.00000000 
192.53000000 
0.20000000 
111.27000000 
152.66000000 
218.35000000 
53.63000000 
621.46000000 
0.00000000 
67.00000000 
112.51000000 
60.00000000 
4.00000000 
0.10000000 
754.74000000 
483.86000000 
276.82000000 
646.55000000 
11.16000000 
58.84000000 
250.18000000 
377.65000000 
0.00000000 
18.00000000 
13.00000000 
714.39000000 
1257.44000000 
267.60000000 
432.44000000 
719.39000000 
295.97000000 
150.47000000 
310.57000000 
789.35000000 
51.50000000 
262.07000000 
217.10000000 
1991.68000000 
1331.78000000 
72.56000000 
319.22000000 
388.23000000 
254.37000000 
422.18000000 
143.40000000 
80.27000000 
0.00000000 
99.01000000 
546.80000000 
969.56000000 
260.65000000 
189.90000000 
97.64000000 
214.33000000 
959.48000000 
127.44000000 
122.45000000 
368.12000000 
43.30000000 
167.13000000 
409.13000000 
37.99000000 
1298.33000000 
1937.66000000 
427.14000000 
523.89000000 
111.47000000 
20.00000000 
435.04000000 
0.00000000 
0.00000000 
15.80000000 
472.15000000 
222.87000000 
42.48000000 
262.52000000 
1633.89000000 
4180.40000000 
68.03000000 
372.59000000 
663.45000000 
6754.24000000 
290.73000000 
226.89000000 
304.25000000 
362.88000000 
3330.15000000 
712.96000000 
70.10000000 
858.85000000 
336.74000000 
3897.12000000 
650.75000000 
62.14000000 
172.77000000 
31.60000000 
1.99000000 
6.40000000 
140.65000000 
8.00000000 
8.00000000 
640.34000000 
0.00000000 
27.80000000 
0.00000000 
120.00000000 
151.04000000 
266.57000000 
15.00000000 
276.81000000 
81.56000000 
164.25000000 
5.79000000 
612.58000000 
171.35000000 
82.56000000 
24.36000000 
174.48000000 
2176.34000000 
278.60000000 
352.01000000 
1.63000000 
17.38000000 
463.04000000 
141.37000000 
279.68000000 
219.17000000 
105.05000000 
119.91000000 
378.64000000 
2066.39000000 
1108.28000000 
518.14000000 
268.04000000 
6.58000000 
35.24000000 
1223.71000000 
681.25000000 
2211.10000000 
74.23000000 
283.36000000 
2997.79000000 
2154.61000000 
684.27000000 
133.97000000 
380.29000000 
1518.39000000 
89.62000000 
67.71000000 
265.92000000 
126.89000000 
257.49000000 
187.61000000 
492.12000000 
143.17000000 
9.59000000 
16.30000000 
16.30000000 
21.00000000 
12.00000000 
0.00000000 
131.00000000 
227.41000000 
584.64000000 
267.92000000 
958.18000000 
1266.01000000 
328.57000000 
5867.03000000 
349.07000000 
264.55000000 
0.00000000 
96.52000000 
230.72000000 
1004.72000000 
724.29000000 
421.70000000 
74.91000000 
706.23000000 
1081.51000000 
281.83000000 
991.22000000 
134.90000000 
0.00000000 
194.03000000 
0.24000000 
199.78000000 
446.82000000 
1050.01000000 
64.38000000 
697.24000000 
491.23000000 
236.00000000 
60.02000000 
220.38000000 
204.35000000 
250.82000000 
538.76000000 
1845.98000000 
894.67000000 
1429.11000000 
85.23000000 
0.00000000 
107.31000000 
1229.31000000 
979.04000000 
67.68000000 
632.52000000 
130.45000000 
40.82000000 
0.00000000 
106.30000000 
203.34000000 
376.12000000 
30.88000000 
24.06000000 
359.92000000 
232.60000000 
208.00000000 
174.98000000 
434.08000000 
396.69000000 
267.52000000 
18.00000000 
291.23000000 
1122.61000000 
77.09000000 
196.69000000 
89.09000000 
5.26000000 
399.49000000 
60.00000000 
100.00000000 
2.65000000 
27.51000000 
114.14000000 
164.95000000 
272.95000000 
71.21000000 
84.43000000 
246.39000000 
378.66000000 
191.48000000 
275.44000000 
288.53000000 
71.48000000 
448.04000000 
297.92000000 
2180.18000000 
0.00000000 
0.00000000 
202.05000000 
131.47000000 
172.57000000 
142.00000000 
0.00000000 
306.08000000 
300.00000000 
654.54000000 
805.26000000 
506.04000000 
680.30000000 
296.89000000 
754.92000000 
1766.04000000 
1441.18000000 
469.57000000 
460.65000000 
2797.95000000 
2260.83000000 
224.44000000 
25.28000000 
108.60000000 
2.10000000 
175.13000000 
127.66000000 
62.66000000 
25.65000000 
184.02000000 
10.13000000 
33.00000000 
138.12000000 
1463.52000000 
50.02000000 
141.34000000 
253.17000000 
333.99000000 
428.64000000 
52.57000000 
182.21000000 
0.00000000 
15.46000000 
