0.00038410 
0.00038410 
0.00038390 
0.00038710 
0.00038820 
0.00038690 
0.00038740 
0.00038820 
0.00038820 
0.00038750 
0.00038760 
0.00038670 
0.00038470 
0.00038480 
0.00038530 
0.00038340 
0.00038410 
0.00038190 
0.00037650 
0.00038660 
0.00037980 
0.00037910 
0.00038140 
0.00037370 
0.00037170 
0.00037630 
0.00037410 
0.00037160 
0.00037200 
0.00037110 
0.00036690 
0.00036720 
0.00036750 
0.00036930 
0.00036960 
0.00036960 
0.00036880 
0.00036930 
0.00036640 
0.00036780 
0.00036630 
0.00036590 
0.00036360 
0.00036480 
0.00036780 
0.00036690 
0.00036640 
0.00036560 
0.00036230 
0.00036030 
0.00035750 
0.00036210 
0.00036540 
0.00037350 
0.00037330 
0.00037330 
0.00037340 
0.00037350 
0.00037380 
0.00037370 
0.00037340 
0.00037830 
0.00037690 
0.00037830 
0.00037830 
0.00037690 
0.00037810 
0.00037810 
0.00037650 
0.00037650 
0.00037650 
0.00037960 
0.00037790 
0.00037500 
0.00037590 
0.00037780 
0.00037310 
0.00037220 
0.00037180 
0.00037050 
0.00037370 
0.00037210 
0.00037110 
0.00037050 
0.00037820 
0.00037900 
0.00037850 
0.00038010 
0.00038010 
0.00037820 
0.00037800 
0.00037870 
0.00038050 
0.00037870 
0.00038430 
0.00037530 
0.00037650 
0.00037620 
0.00037440 
0.00037490 
0.00037560 
0.00037650 
0.00037850 
0.00037870 
0.00037870 
0.00037710 
0.00037930 
0.00037750 
0.00037580 
0.00037750 
0.00038600 
0.00038190 
0.00039730 
0.00038790 
0.00038620 
0.00038670 
0.00038560 
0.00038310 
0.00038090 
0.00038580 
0.00038520 
0.00038790 
0.00038550 
0.00037720 
0.00037500 
0.00036990 
0.00036750 
0.00036750 
0.00036750 
0.00036920 
0.00036390 
0.00036250 
0.00036460 
0.00036330 
0.00036480 
0.00036530 
0.00036590 
0.00036510 
0.00036400 
0.00036210 
0.00036210 
0.00035910 
0.00035900 
0.00036590 
0.00036660 
0.00036870 
0.00037080 
0.00036900 
0.00036790 
0.00037010 
0.00036860 
0.00036810 
0.00036630 
0.00036660 
0.00036590 
0.00036440 
0.00036720 
0.00036000 
0.00035800 
0.00036050 
0.00036060 
0.00036010 
0.00036010 
0.00036010 
0.00035910 
0.00036030 
0.00035770 
0.00036090 
0.00036090 
0.00036110 
0.00036030 
0.00035710 
0.00036030 
0.00035940 
0.00036180 
0.00036440 
0.00036730 
0.00035400 
0.00034960 
0.00034150 
0.00034150 
0.00034220 
0.00034220 
0.00034110 
0.00033870 
0.00033750 
0.00033530 
0.00033530 
0.00033530 
0.00033470 
0.00033360 
0.00033390 
0.00033560 
0.00033200 
0.00033270 
0.00033270 
0.00033110 
0.00033110 
0.00033120 
0.00033270 
0.00033140 
0.00033140 
0.00033000 
0.00033210 
0.00033410 
0.00033390 
0.00033200 
0.00033140 
0.00033010 
0.00033010 
0.00033110 
0.00033110 
0.00033010 
0.00033010 
0.00032970 
0.00033110 
0.00032760 
0.00033060 
0.00033450 
0.00033570 
0.00033570 
0.00033710 
0.00033360 
0.00033350 
0.00033580 
0.00033460 
0.00034320 
0.00034660 
0.00034330 
0.00034330 
0.00034000 
0.00033750 
0.00033410 
0.00033250 
0.00033250 
0.00033250 
0.00033250 
0.00033100 
0.00033040 
0.00032790 
0.00032690 
0.00032440 
0.00032370 
0.00031980 
0.00031760 
0.00031480 
0.00031470 
0.00031450 
0.00031380 
0.00031400 
0.00031330 
0.00031830 
0.00031510 
0.00031520 
0.00031500 
0.00031480 
0.00031480 
0.00031630 
0.00031630 
0.00031630 
0.00031600 
0.00031570 
0.00031450 
0.00031480 
0.00031530 
0.00030880 
0.00031430 
0.00031430 
0.00031290 
0.00031240 
0.00031670 
0.00031680 
0.00031810 
0.00031920 
0.00032280 
0.00032710 
0.00032750 
0.00032700 
0.00032720 
0.00032610 
0.00032500 
0.00032620 
0.00032790 
0.00032900 
0.00032990 
0.00033020 
0.00032990 
0.00032780 
0.00032750 
0.00032720 
0.00032650 
0.00032650 
0.00032720 
0.00032720 
0.00032580 
0.00032590 
0.00032700 
0.00032740 
0.00033270 
0.00033420 
0.00033620 
0.00033620 
0.00033710 
0.00033700 
0.00033700 
0.00033680 
0.00033800 
0.00033850 
0.00033740 
0.00033380 
0.00033380 
0.00033290 
0.00033060 
0.00033220 
0.00033000 
0.00033080 
0.00032870 
0.00032610 
0.00032970 
0.00032990 
0.00032880 
0.00032800 
0.00032690 
0.00032690 
0.00032690 
0.00032690 
0.00032560 
0.00032420 
0.00032410 
0.00032720 
0.00032990 
0.00033100 
0.00033100 
0.00033100 
0.00033260 
0.00033070 
0.00033090 
0.00033050 
0.00032920 
0.00032900 
0.00032920 
0.00032950 
0.00033360 
0.00033420 
0.00033570 
0.00033550 
0.00033570 
0.00033430 
0.00033610 
0.00033610 
0.00033280 
0.00033070 
0.00033670 
0.00034120 
0.00034090 
0.00033970 
0.00033550 
0.00032640 
0.00032460 
0.00032410 
0.00032410 
0.00032280 
0.00032410 
0.00032250 
0.00032430 
0.00032880 
0.00033000 
0.00032990 
0.00033140 
0.00033170 
0.00033270 
0.00033360 
0.00033360 
0.00033360 
0.00033390 
0.00033680 
0.00033310 
0.00033610 
0.00033440 
0.00033410 
0.00033670 
0.00033480 
0.00033610 
0.00033210 
0.00033310 
0.00033460 
0.00033470 
0.00033690 
0.00034020 
0.00034230 
0.00034400 
0.00034400 
0.00034560 
0.00034580 
0.00035030 
0.00035030 
0.00035220 
0.00035520 
0.00035520 
0.00035520 
0.00035520 
0.00035220 
0.00035610 
0.00035460 
0.00035310 
0.00035220 
0.00035030 
0.00035030 
0.00034990 
0.00035200 
0.00035370 
0.00035430 
0.00035430 
0.00035310 
0.00036270 
0.00036000 
0.00036000 
0.00036000 
0.00036120 
0.00036000 
0.00036000 
0.00036000 
0.00036140 
0.00036050 
0.00036210 
0.00036360 
0.00036010 
0.00036150 
0.00036150 
0.00036190 
0.00035900 
0.00035680 
0.00035490 
0.00035280 
0.00035000 
0.00034720 
0.00034910 
0.00035820 
0.00035820 
0.00035820 
0.00035840 
0.00035600 
0.00035600 
0.00035450 
0.00035450 
0.00035400 
0.00035400 
0.00035310 
0.00035380 
0.00035430 
0.00035310 
0.00035460 
0.00035520 
0.00035400 
0.00035760 
0.00035860 
0.00035900 
0.00036900 
0.00037300 
0.00037500 
0.00037470 
0.00037540 
0.00037540 
0.00037410 
0.00037410 
0.00037300 
0.00037260 
0.00037170 
0.00037140 
0.00037110 
0.00037050 
0.00036960 
0.00036960 
0.00036780 
0.00037050 
0.00037050 
0.00036800 
0.00036720 
0.00036630 
0.00036630 
0.00038410 
0.00038410 
0.00038390 
0.00038710 
0.00038820 
0.00038690 
0.00038740 
0.00038820 
0.00038820 
0.00038750 
0.00038760 
0.00038670 
0.00038470 
0.00038480 
0.00038530 
0.00038340 
0.00038410 
0.00038190 
0.00037650 
0.00038660 
0.00037980 
0.00037910 
0.00038140 
0.00037370 
0.00037170 
0.00037630 
0.00037410 
0.00037160 
0.00037200 
0.00037110 
0.00036690 
0.00036720 
0.00036750 
0.00036930 
0.00036960 
0.00036960 
0.00036880 
0.00036930 
0.00036640 
0.00036780 
0.00036630 
0.00036590 
0.00036360 
0.00036480 
0.00036780 
0.00036690 
0.00036640 
0.00036560 
0.00036230 
0.00036030 
0.00035750 
0.00036210 
0.00036540 
0.00037350 
0.00037330 
0.00037330 
0.00037340 
0.00037350 
0.00037380 
0.00037370 
0.00037340 
0.00037830 
0.00037690 
0.00037830 
0.00037830 
0.00037690 
0.00037810 
0.00037810 
0.00037650 
0.00037650 
0.00037650 
0.00037960 
0.00037790 
0.00037500 
0.00037590 
0.00037780 
0.00037310 
0.00037220 
0.00037180 
0.00037050 
0.00037370 
0.00037210 
0.00037110 
0.00037050 
0.00037820 
0.00037900 
0.00037850 
0.00038010 
0.00038010 
0.00037820 
0.00037800 
0.00037870 
0.00038050 
0.00037870 
0.00038430 
0.00037530 
0.00037650 
0.00037620 
0.00037440 
0.00037490 
0.00037560 
0.00037650 
0.00037850 
0.00037870 
0.00037870 
0.00037710 
0.00037930 
0.00037750 
0.00037580 
0.00037750 
0.00038600 
0.00038190 
0.00039730 
0.00038790 
0.00038620 
0.00038670 
0.00038560 
0.00038310 
0.00038090 
0.00038580 
0.00038520 
0.00038790 
0.00038550 
0.00037720 
0.00037500 
0.00036990 
0.00036750 
0.00036750 
0.00036750 
0.00036920 
0.00036390 
0.00036250 
0.00036460 
0.00036330 
0.00036480 
0.00036530 
0.00036590 
0.00036510 
0.00036400 
0.00036210 
0.00036210 
0.00035910 
0.00035900 
0.00036590 
0.00036660 
0.00036870 
0.00037080 
0.00036900 
0.00036790 
0.00037010 
0.00036860 
0.00036810 
0.00036630 
0.00036660 
0.00036590 
0.00036440 
0.00036720 
0.00036000 
0.00035800 
0.00036050 
0.00036060 
0.00036010 
0.00036010 
0.00036010 
0.00035910 
0.00036030 
0.00035770 
0.00036090 
0.00036090 
0.00036110 
0.00036030 
0.00035710 
0.00036030 
0.00035940 
0.00036180 
0.00036440 
0.00036730 
0.00035400 
0.00034960 
0.00034150 
0.00034150 
0.00034220 
0.00034220 
0.00034110 
0.00033870 
0.00033750 
0.00033530 
0.00033530 
0.00033530 
0.00033470 
0.00033360 
0.00033390 
0.00033560 
0.00033200 
0.00033270 
0.00033270 
0.00033110 
0.00033110 
0.00033120 
0.00033270 
0.00033140 
0.00033140 
0.00033000 
0.00033210 
0.00033410 
0.00033390 
0.00033200 
0.00033140 
0.00033010 
0.00033010 
0.00033110 
0.00033110 
0.00033010 
0.00033010 
0.00032970 
0.00033110 
0.00032760 
0.00033060 
0.00033450 
0.00033570 
0.00033570 
0.00033710 
0.00033360 
0.00033350 
0.00033580 
0.00033460 
0.00034320 
0.00034660 
0.00034330 
0.00034330 
0.00034000 
0.00033750 
0.00033410 
0.00033250 
0.00033250 
0.00033250 
0.00033250 
0.00033100 
0.00033040 
0.00032790 
0.00032690 
0.00032440 
0.00032370 
0.00031980 
0.00031760 
0.00031480 
0.00031470 
0.00031450 
0.00031380 
0.00031400 
0.00031330 
0.00031830 
0.00031510 
0.00031520 
0.00031500 
0.00031480 
0.00031480 
0.00031630 
0.00031630 
0.00031630 
0.00031600 
0.00031570 
0.00031450 
0.00031480 
0.00031530 
0.00030880 
0.00031430 
0.00031430 
0.00031290 
0.00031240 
0.00031670 
0.00031680 
0.00031810 
0.00031920 
0.00032280 
0.00032710 
0.00032750 
0.00032700 
0.00032720 
0.00032610 
0.00032500 
0.00032620 
0.00032790 
0.00032900 
0.00032990 
0.00033020 
0.00032990 
0.00032780 
0.00032750 
0.00032720 
0.00032650 
0.00032650 
0.00032720 
0.00032720 
0.00032580 
0.00032590 
0.00032700 
0.00032740 
0.00033270 
0.00033420 
0.00033620 
0.00033620 
0.00033710 
0.00033700 
0.00033700 
0.00033680 
0.00033800 
0.00033850 
0.00033740 
0.00033380 
0.00033380 
0.00033290 
0.00033060 
0.00033220 
0.00033000 
0.00033080 
0.00032870 
0.00032610 
0.00032970 
0.00032990 
0.00032880 
0.00032800 
0.00032690 
0.00032690 
0.00032690 
0.00032690 
0.00032560 
0.00032420 
0.00032410 
0.00032720 
0.00032990 
0.00033100 
0.00033100 
0.00033100 
0.00033260 
0.00033070 
0.00033090 
0.00033050 
0.00032920 
0.00032900 
0.00032920 
0.00032950 
0.00033360 
0.00033420 
0.00033570 
0.00033550 
0.00033570 
0.00033430 
0.00033610 
0.00033610 
0.00033280 
0.00033070 
0.00033670 
0.00034120 
0.00034090 
0.00033970 
0.00033550 
0.00032640 
0.00032460 
0.00032410 
0.00032410 
0.00032280 
0.00032410 
0.00032250 
0.00032430 
0.00032880 
0.00033000 
0.00032990 
0.00033140 
0.00033170 
0.00033270 
0.00033360 
0.00033360 
0.00033360 
0.00033390 
0.00033680 
0.00033310 
0.00033610 
0.00033440 
0.00033410 
0.00033670 
0.00033480 
0.00033610 
0.00033210 
0.00033310 
0.00033460 
0.00033470 
0.00033690 
0.00034020 
0.00034230 
0.00034400 
0.00034400 
0.00034560 
0.00034580 
0.00035030 
0.00035030 
0.00035220 
0.00035520 
0.00035520 
0.00035520 
0.00035520 
0.00035220 
0.00035610 
0.00035460 
0.00035310 
0.00035220 
0.00035030 
0.00035030 
0.00034990 
0.00035200 
0.00035370 
0.00035430 
0.00035430 
0.00035310 
0.00036270 
0.00036000 
0.00036000 
0.00036000 
0.00036120 
0.00036000 
0.00036000 
0.00036000 
0.00036140 
0.00036050 
0.00036210 
0.00036360 
0.00036010 
0.00036150 
0.00036150 
0.00036190 
0.00035900 
0.00035680 
0.00035490 
0.00035280 
0.00035000 
0.00034720 
0.00034910 
0.00035820 
0.00035820 
0.00035820 
0.00035840 
0.00035600 
0.00035600 
0.00035450 
0.00035450 
0.00035400 
0.00035400 
0.00035310 
0.00035380 
0.00035430 
0.00035310 
0.00035460 
0.00035520 
0.00035400 
0.00035760 
0.00035860 
0.00035900 
0.00036900 
0.00037300 
0.00037500 
0.00037470 
0.00037540 
0.00037540 
0.00037410 
0.00037410 
0.00037300 
0.00037260 
0.00037170 
0.00037140 
0.00037110 
0.00037050 
0.00036960 
0.00036960 
0.00036780 
0.00037050 
0.00037050 
0.00036800 
0.00036720 
0.00036630 
0.00036630 
0.00038410 
0.00038410 
0.00038390 
0.00038710 
0.00038820 
0.00038690 
0.00038740 
0.00038820 
0.00038820 
0.00038750 
0.00038760 
0.00038670 
0.00038470 
0.00038480 
0.00038530 
0.00038340 
0.00038410 
0.00038190 
0.00037650 
0.00038660 
0.00037980 
0.00037910 
0.00038140 
0.00037370 
0.00037170 
0.00037630 
0.00037410 
0.00037160 
0.00037200 
0.00037110 
0.00036690 
0.00036720 
0.00036750 
0.00036930 
0.00036960 
0.00036960 
0.00036880 
0.00036930 
0.00036640 
0.00036780 
0.00036630 
0.00036590 
0.00036360 
0.00036480 
0.00036780 
0.00036690 
0.00036640 
0.00036560 
0.00036230 
0.00036030 
0.00035750 
0.00036210 
0.00036540 
0.00037350 
0.00037330 
0.00037330 
0.00037340 
0.00037350 
0.00037380 
0.00037370 
0.00037340 
0.00037830 
0.00037690 
0.00037830 
0.00037830 
0.00037690 
0.00037810 
0.00037810 
0.00037650 
0.00037650 
0.00037650 
0.00037960 
0.00037790 
0.00037500 
0.00037590 
0.00037780 
0.00037310 
0.00037220 
0.00037180 
0.00037050 
0.00037370 
0.00037210 
0.00037110 
0.00037050 
0.00037820 
0.00037900 
0.00037850 
0.00038010 
0.00038010 
0.00037820 
0.00037800 
0.00037870 
0.00038050 
0.00037870 
0.00038430 
0.00037530 
0.00037650 
0.00037620 
0.00037440 
0.00037490 
0.00037560 
0.00037650 
0.00037850 
0.00037870 
0.00037870 
0.00037710 
0.00037930 
0.00037750 
0.00037580 
0.00037750 
0.00038600 
0.00038190 
0.00039730 
0.00038790 
0.00038620 
0.00038670 
0.00038560 
0.00038310 
0.00038090 
0.00038580 
0.00038520 
0.00038790 
0.00038550 
0.00037720 
0.00037500 
0.00036990 
0.00036750 
0.00036750 
0.00036750 
0.00036920 
0.00036390 
0.00036250 
0.00036460 
0.00036330 
0.00036480 
0.00036530 
0.00036590 
0.00036510 
0.00036400 
0.00036210 
0.00036210 
0.00035910 
0.00035900 
0.00036590 
0.00036660 
0.00036870 
0.00037080 
0.00036900 
0.00036790 
0.00037010 
0.00036860 
0.00036810 
0.00036630 
0.00036660 
0.00036590 
0.00036440 
0.00036720 
0.00036000 
0.00035800 
0.00036050 
0.00036060 
0.00036010 
0.00036010 
0.00036010 
0.00035910 
0.00036030 
0.00035770 
0.00036090 
0.00036090 
0.00036110 
0.00036030 
0.00035710 
0.00036030 
0.00035940 
0.00036180 
0.00036440 
0.00036730 
0.00035400 
0.00034960 
0.00034150 
0.00034150 
0.00034220 
0.00034220 
0.00034110 
0.00033870 
0.00033750 
0.00033530 
0.00033530 
0.00033530 
0.00033470 
0.00033360 
0.00033390 
0.00033560 
0.00033200 
0.00033270 
0.00033270 
0.00033110 
0.00033110 
0.00033120 
0.00033270 
0.00033140 
0.00033140 
0.00033000 
0.00033210 
0.00033410 
0.00033390 
0.00033200 
0.00033140 
0.00033010 
0.00033010 
0.00033110 
0.00033110 
0.00033010 
0.00033010 
0.00032970 
0.00033110 
0.00032760 
0.00033060 
0.00033450 
0.00033570 
0.00033570 
0.00033710 
0.00033360 
0.00033350 
0.00033580 
0.00033460 
0.00034320 
0.00034660 
0.00034330 
0.00034330 
0.00034000 
0.00033750 
0.00033410 
0.00033250 
0.00033250 
0.00033250 
0.00033250 
0.00033100 
0.00033040 
0.00032790 
0.00032690 
0.00032440 
0.00032370 
0.00031980 
0.00031760 
0.00031480 
0.00031470 
0.00031450 
0.00031380 
0.00031400 
0.00031330 
0.00031830 
0.00031510 
0.00031520 
0.00031500 
0.00031480 
0.00031480 
0.00031630 
0.00031630 
0.00031630 
0.00031600 
0.00031570 
0.00031450 
0.00031480 
0.00031530 
0.00030880 
0.00031430 
0.00031430 
0.00031290 
0.00031240 
0.00031670 
0.00031680 
0.00031810 
0.00031920 
0.00032280 
0.00032710 
0.00032750 
0.00032700 
0.00032720 
0.00032610 
0.00032500 
0.00032620 
0.00032790 
0.00032900 
0.00032990 
0.00033020 
0.00032990 
0.00032780 
0.00032750 
0.00032720 
0.00032650 
0.00032650 
0.00032720 
0.00032720 
0.00032580 
0.00032590 
0.00032700 
0.00032740 
0.00033270 
0.00033420 
0.00033620 
0.00033620 
0.00033710 
0.00033700 
0.00033700 
0.00033680 
0.00033800 
0.00033850 
0.00033740 
0.00033380 
0.00033380 
0.00033290 
0.00033060 
0.00033220 
0.00033000 
0.00033080 
0.00032870 
0.00032610 
0.00032970 
0.00032990 
0.00032880 
0.00032800 
0.00032690 
0.00032690 
0.00032690 
0.00032690 
0.00032560 
0.00032420 
0.00032410 
0.00032720 
0.00032990 
0.00033100 
0.00033100 
0.00033100 
0.00033260 
0.00033070 
0.00033090 
0.00033050 
0.00032920 
0.00032900 
0.00032920 
0.00032950 
0.00033360 
0.00033420 
0.00033570 
0.00033550 
0.00033570 
0.00033430 
0.00033610 
0.00033610 
0.00033280 
0.00033070 
0.00033670 
0.00034120 
0.00034090 
0.00033970 
0.00033550 
0.00032640 
0.00032460 
0.00032410 
0.00032410 
0.00032280 
0.00032410 
0.00032250 
0.00032430 
0.00032880 
0.00033000 
0.00032990 
0.00033140 
0.00033170 
0.00033270 
0.00033360 
0.00033360 
0.00033360 
0.00033390 
0.00033680 
0.00033310 
0.00033610 
0.00033440 
0.00033410 
0.00033670 
0.00033480 
0.00033610 
0.00033210 
0.00033310 
0.00033460 
0.00033470 
0.00033690 
0.00034020 
0.00034230 
0.00034400 
0.00034400 
0.00034560 
0.00034580 
0.00035030 
0.00035030 
0.00035220 
0.00035520 
0.00035520 
0.00035520 
0.00035520 
0.00035220 
0.00035610 
0.00035460 
0.00035310 
0.00035220 
0.00035030 
0.00035030 
0.00034990 
0.00035200 
0.00035370 
0.00035430 
0.00035430 
0.00035310 
0.00036270 
0.00036000 
0.00036000 
0.00036000 
0.00036120 
0.00036000 
0.00036000 
0.00036000 
0.00036140 
0.00036050 
0.00036210 
0.00036360 
0.00036010 
0.00036150 
0.00036150 
0.00036190 
0.00035900 
0.00035680 
0.00035490 
0.00035280 
0.00035000 
0.00034720 
0.00034910 
0.00035820 
0.00035820 
0.00035820 
0.00035840 
0.00035600 
0.00035600 
0.00035450 
0.00035450 
0.00035400 
0.00035400 
0.00035310 
0.00035380 
0.00035430 
0.00035310 
0.00035460 
0.00035520 
0.00035400 
0.00035760 
0.00035860 
0.00035900 
0.00036900 
0.00037300 
0.00037500 
0.00037470 
0.00037540 
0.00037540 
0.00037410 
0.00037410 
0.00037300 
0.00037260 
0.00037170 
0.00037140 
0.00037110 
0.00037050 
0.00036960 
0.00036960 
0.00036780 
0.00037050 
0.00037050 
0.00036800 
0.00036720 
0.00036630 
0.00036630 
