0.00001825 
0.00001824 
0.00001832 
0.00001830 
0.00001801 
0.00001799 
0.00001794 
0.00001805 
0.00001804 
0.00001806 
0.00001810 
0.00001829 
0.00001830 
0.00001832 
0.00001825 
0.00001825 
0.00001820 
0.00001827 
0.00001835 
0.00001835 
0.00001834 
0.00001840 
0.00001842 
0.00001848 
0.00001848 
0.00001849 
0.00001850 
0.00001853 
0.00001848 
0.00001848 
0.00001834 
0.00001848 
0.00001847 
0.00001848 
0.00001846 
0.00001848 
0.00001849 
0.00001834 
0.00001847 
0.00001849 
0.00001843 
0.00001855 
0.00001855 
0.00001843 
0.00001843 
0.00001837 
0.00001837 
0.00001845 
0.00001838 
0.00001846 
0.00001851 
0.00001854 
0.00001856 
0.00001834 
0.00001834 
0.00001834 
0.00001845 
0.00001858 
0.00001844 
0.00001852 
0.00001832 
0.00001849 
0.00001828 
0.00001829 
0.00001827 
0.00001838 
0.00001853 
0.00001837 
0.00001853 
0.00001855 
0.00001840 
0.00001850 
0.00001841 
0.00001820 
0.00001812 
0.00001801 
0.00001790 
0.00001792 
0.00001792 
0.00001785 
0.00001768 
0.00001767 
0.00001768 
0.00001768 
0.00001785 
0.00001764 
0.00001766 
0.00001788 
0.00001791 
0.00001807 
0.00001800 
0.00001818 
0.00001828 
0.00001807 
0.00001815 
0.00001811 
0.00001815 
0.00001817 
0.00001800 
0.00001803 
0.00001818 
0.00001830 
0.00001843 
0.00001849 
0.00001839 
0.00001835 
0.00001837 
0.00001832 
0.00001830 
0.00001831 
0.00001833 
0.00001829 
0.00001835 
0.00001839 
0.00001840 
0.00001820 
0.00001832 
0.00001874 
0.00001859 
0.00001912 
0.00001918 
0.00001938 
0.00001930 
0.00001913 
0.00001908 
0.00001975 
0.00001950 
0.00001929 
0.00001908 
0.00001890 
0.00001887 
0.00001880 
0.00001925 
0.00001922 
0.00001904 
0.00001900 
0.00001905 
0.00001910 
0.00001933 
0.00001883 
0.00001885 
0.00001836 
0.00001835 
0.00001836 
0.00001818 
0.00001833 
0.00001843 
0.00001831 
0.00001874 
0.00001875 
0.00001915 
0.00001996 
0.00002002 
0.00001896 
0.00001864 
0.00001796 
0.00001836 
0.00001858 
0.00001881 
0.00001860 
0.00001828 
0.00001817 
0.00001799 
0.00001767 
0.00001799 
0.00001782 
0.00001753 
0.00001752 
0.00001722 
0.00001723 
0.00001724 
0.00001709 
0.00001700 
0.00001700 
0.00001703 
0.00001700 
0.00001705 
0.00001702 
0.00001718 
0.00001719 
0.00001711 
0.00001704 
0.00001701 
0.00001664 
0.00001654 
0.00001643 
0.00001643 
0.00001653 
0.00001635 
0.00001629 
0.00001630 
0.00001625 
0.00001625 
0.00001631 
0.00001631 
0.00001622 
0.00001630 
0.00001630 
0.00001630 
0.00001622 
0.00001630 
0.00001630 
0.00001632 
0.00001631 
0.00001631 
0.00001641 
0.00001641 
0.00001620 
0.00001620 
0.00001628 
0.00001632 
0.00001632 
0.00001650 
0.00001626 
0.00001626 
0.00001627 
0.00001627 
0.00001624 
0.00001642 
0.00001630 
0.00001651 
0.00001664 
0.00001666 
0.00001693 
0.00001706 
0.00001705 
0.00001690 
0.00001690 
0.00001689 
0.00001689 
0.00001673 
0.00001653 
0.00001670 
0.00001668 
0.00001674 
0.00001686 
0.00001691 
0.00001690 
0.00001689 
0.00001700 
0.00001643 
0.00001659 
0.00001611 
0.00001614 
0.00001606 
0.00001605 
0.00001605 
0.00001605 
0.00001595 
0.00001608 
0.00001602 
0.00001593 
0.00001593 
0.00001595 
0.00001593 
0.00001593 
0.00001583 
0.00001578 
0.00001593 
0.00001593 
0.00001594 
0.00001595 
0.00001597 
0.00001601 
0.00001606 
0.00001606 
0.00001599 
0.00001594 
0.00001592 
0.00001575 
0.00001579 
0.00001569 
0.00001576 
0.00001561 
0.00001562 
0.00001582 
0.00001565 
0.00001574 
0.00001574 
0.00001574 
0.00001588 
0.00001588 
0.00001588 
0.00001577 
0.00001578 
0.00001588 
0.00001573 
0.00001567 
0.00001563 
0.00001561 
0.00001562 
0.00001556 
0.00001555 
0.00001565 
0.00001571 
0.00001572 
0.00001571 
0.00001567 
0.00001562 
0.00001556 
0.00001553 
0.00001540 
0.00001542 
0.00001547 
0.00001547 
0.00001580 
0.00001597 
0.00001597 
0.00001600 
0.00001590 
0.00001600 
0.00001604 
0.00001567 
0.00001560 
0.00001553 
0.00001539 
0.00001539 
0.00001552 
0.00001547 
0.00001546 
0.00001532 
0.00001531 
0.00001531 
0.00001531 
0.00001529 
0.00001529 
0.00001530 
0.00001530 
0.00001533 
0.00001532 
0.00001538 
0.00001551 
0.00001551 
0.00001551 
0.00001551 
0.00001550 
0.00001551 
0.00001551 
0.00001551 
0.00001551 
0.00001553 
0.00001553 
0.00001550 
0.00001550 
0.00001551 
0.00001551 
0.00001553 
0.00001555 
0.00001555 
0.00001553 
0.00001553 
0.00001556 
0.00001555 
0.00001556 
0.00001568 
0.00001570 
0.00001570 
0.00001577 
0.00001581 
0.00001581 
0.00001595 
0.00001595 
0.00001595 
0.00001599 
0.00001598 
0.00001585 
0.00001581 
0.00001581 
0.00001581 
0.00001581 
0.00001581 
0.00001569 
0.00001583 
0.00001584 
0.00001583 
0.00001583 
0.00001574 
0.00001581 
0.00001574 
0.00001584 
0.00001575 
0.00001576 
0.00001579 
0.00001589 
0.00001577 
0.00001577 
0.00001588 
0.00001588 
0.00001587 
0.00001590 
0.00001590 
0.00001580 
0.00001581 
0.00001581 
0.00001582 
0.00001601 
0.00001619 
0.00001614 
0.00001603 
0.00001605 
0.00001618 
0.00001605 
0.00001620 
0.00001621 
0.00001645 
0.00001630 
0.00001639 
0.00001645 
0.00001654 
0.00001639 
0.00001638 
0.00001639 
0.00001641 
0.00001643 
0.00001641 
0.00001644 
0.00001663 
0.00001663 
0.00001654 
0.00001653 
0.00001653 
0.00001659 
0.00001660 
0.00001676 
0.00001660 
0.00001659 
0.00001655 
0.00001659 
0.00001659 
0.00001649 
0.00001659 
0.00001654 
0.00001653 
0.00001653 
0.00001653 
0.00001660 
0.00001661 
0.00001661 
0.00001662 
0.00001662 
0.00001662 
0.00001662 
0.00001661 
0.00001662 
0.00001662 
0.00001662 
0.00001687 
0.00001673 
0.00001673 
0.00001670 
0.00001655 
0.00001655 
0.00001673 
0.00001707 
0.00001708 
0.00001708 
0.00001718 
0.00001724 
0.00001738 
0.00001738 
0.00001738 
0.00001725 
0.00001731 
0.00001728 
0.00001729 
0.00001712 
0.00001712 
0.00001712 
0.00001713 
0.00001713 
0.00001708 
0.00001707 
0.00001710 
0.00001718 
0.00001724 
0.00001718 
0.00001720 
0.00001721 
0.00001728 
0.00001717 
0.00001825 
0.00001824 
0.00001832 
0.00001830 
0.00001801 
0.00001799 
0.00001794 
0.00001805 
0.00001804 
0.00001806 
0.00001810 
0.00001829 
0.00001830 
0.00001832 
0.00001825 
0.00001825 
0.00001820 
0.00001827 
0.00001835 
0.00001835 
0.00001834 
0.00001840 
0.00001842 
0.00001848 
0.00001848 
0.00001849 
0.00001850 
0.00001853 
0.00001848 
0.00001848 
0.00001834 
0.00001848 
0.00001847 
0.00001848 
0.00001846 
0.00001848 
0.00001849 
0.00001834 
0.00001847 
0.00001849 
0.00001843 
0.00001855 
0.00001855 
0.00001843 
0.00001843 
0.00001837 
0.00001837 
0.00001845 
0.00001838 
0.00001846 
0.00001851 
0.00001854 
0.00001856 
0.00001834 
0.00001834 
0.00001834 
0.00001845 
0.00001858 
0.00001844 
0.00001852 
0.00001832 
0.00001849 
0.00001828 
0.00001829 
0.00001827 
0.00001838 
0.00001853 
0.00001837 
0.00001853 
0.00001855 
0.00001840 
0.00001850 
0.00001841 
0.00001820 
0.00001812 
0.00001801 
0.00001790 
0.00001792 
0.00001792 
0.00001785 
0.00001768 
0.00001767 
0.00001768 
0.00001768 
0.00001785 
0.00001764 
0.00001766 
0.00001788 
0.00001791 
0.00001807 
0.00001800 
0.00001818 
0.00001828 
0.00001807 
0.00001815 
0.00001811 
0.00001815 
0.00001817 
0.00001800 
0.00001803 
0.00001818 
0.00001830 
0.00001843 
0.00001849 
0.00001839 
0.00001835 
0.00001837 
0.00001832 
0.00001830 
0.00001831 
0.00001833 
0.00001829 
0.00001835 
0.00001839 
0.00001840 
0.00001820 
0.00001832 
0.00001874 
0.00001859 
0.00001912 
0.00001918 
0.00001938 
0.00001930 
0.00001913 
0.00001908 
0.00001975 
0.00001950 
0.00001929 
0.00001908 
0.00001890 
0.00001887 
0.00001880 
0.00001925 
0.00001922 
0.00001904 
0.00001900 
0.00001905 
0.00001910 
0.00001933 
0.00001883 
0.00001885 
0.00001836 
0.00001835 
0.00001836 
0.00001818 
0.00001833 
0.00001843 
0.00001831 
0.00001874 
0.00001875 
0.00001915 
0.00001996 
0.00002002 
0.00001896 
0.00001864 
0.00001796 
0.00001836 
0.00001858 
0.00001881 
0.00001860 
0.00001828 
0.00001817 
0.00001799 
0.00001767 
0.00001799 
0.00001782 
0.00001753 
0.00001752 
0.00001722 
0.00001723 
0.00001724 
0.00001709 
0.00001700 
0.00001700 
0.00001703 
0.00001700 
0.00001705 
0.00001702 
0.00001718 
0.00001719 
0.00001711 
0.00001704 
0.00001701 
0.00001664 
0.00001654 
0.00001643 
0.00001643 
0.00001653 
0.00001635 
0.00001629 
0.00001630 
0.00001625 
0.00001625 
0.00001631 
0.00001631 
0.00001622 
0.00001630 
0.00001630 
0.00001630 
0.00001622 
0.00001630 
0.00001630 
0.00001632 
0.00001631 
0.00001631 
0.00001641 
0.00001641 
0.00001620 
0.00001620 
0.00001628 
0.00001632 
0.00001632 
0.00001650 
0.00001626 
0.00001626 
0.00001627 
0.00001627 
0.00001624 
0.00001642 
0.00001630 
0.00001651 
0.00001664 
0.00001666 
0.00001693 
0.00001706 
0.00001705 
0.00001690 
0.00001690 
0.00001689 
0.00001689 
0.00001673 
0.00001653 
0.00001670 
0.00001668 
0.00001674 
0.00001686 
0.00001691 
0.00001690 
0.00001689 
0.00001700 
0.00001643 
0.00001659 
0.00001611 
0.00001614 
0.00001606 
0.00001605 
0.00001605 
0.00001605 
0.00001595 
0.00001608 
0.00001602 
0.00001593 
0.00001593 
0.00001595 
0.00001593 
0.00001593 
0.00001583 
0.00001578 
0.00001593 
0.00001593 
0.00001594 
0.00001595 
0.00001597 
0.00001601 
0.00001606 
0.00001606 
0.00001599 
0.00001594 
0.00001592 
0.00001575 
0.00001579 
0.00001569 
0.00001576 
0.00001561 
0.00001562 
0.00001582 
0.00001565 
0.00001574 
0.00001574 
0.00001574 
0.00001588 
0.00001588 
0.00001588 
0.00001577 
0.00001578 
0.00001588 
0.00001573 
0.00001567 
0.00001563 
0.00001561 
0.00001562 
0.00001556 
0.00001555 
0.00001565 
0.00001571 
0.00001572 
0.00001571 
0.00001567 
0.00001562 
0.00001556 
0.00001553 
0.00001540 
0.00001542 
0.00001547 
0.00001547 
0.00001580 
0.00001597 
0.00001597 
0.00001600 
0.00001590 
0.00001600 
0.00001604 
0.00001567 
0.00001560 
0.00001553 
0.00001539 
0.00001539 
0.00001552 
0.00001547 
0.00001546 
0.00001532 
0.00001531 
0.00001531 
0.00001531 
0.00001529 
0.00001529 
0.00001530 
0.00001530 
0.00001533 
0.00001532 
0.00001538 
0.00001551 
0.00001551 
0.00001551 
0.00001551 
0.00001550 
0.00001551 
0.00001551 
0.00001551 
0.00001551 
0.00001553 
0.00001553 
0.00001550 
0.00001550 
0.00001551 
0.00001551 
0.00001553 
0.00001555 
0.00001555 
0.00001553 
0.00001553 
0.00001556 
0.00001555 
0.00001556 
0.00001568 
0.00001570 
0.00001570 
0.00001577 
0.00001581 
0.00001581 
0.00001595 
0.00001595 
0.00001595 
0.00001599 
0.00001598 
0.00001585 
0.00001581 
0.00001581 
0.00001581 
0.00001581 
0.00001581 
0.00001569 
0.00001583 
0.00001584 
0.00001583 
0.00001583 
0.00001574 
0.00001581 
0.00001574 
0.00001584 
0.00001575 
0.00001576 
0.00001579 
0.00001589 
0.00001577 
0.00001577 
0.00001588 
0.00001588 
0.00001587 
0.00001590 
0.00001590 
0.00001580 
0.00001581 
0.00001581 
0.00001582 
0.00001601 
0.00001619 
0.00001614 
0.00001603 
0.00001605 
0.00001618 
0.00001605 
0.00001620 
0.00001621 
0.00001645 
0.00001630 
0.00001639 
0.00001645 
0.00001654 
0.00001639 
0.00001638 
0.00001639 
0.00001641 
0.00001643 
0.00001641 
0.00001644 
0.00001663 
0.00001663 
0.00001654 
0.00001653 
0.00001653 
0.00001659 
0.00001660 
0.00001676 
0.00001660 
0.00001659 
0.00001655 
0.00001659 
0.00001659 
0.00001649 
0.00001659 
0.00001654 
0.00001653 
0.00001653 
0.00001653 
0.00001660 
0.00001661 
0.00001661 
0.00001662 
0.00001662 
0.00001662 
0.00001662 
0.00001661 
0.00001662 
0.00001662 
0.00001662 
0.00001687 
0.00001673 
0.00001673 
0.00001670 
0.00001655 
0.00001655 
0.00001673 
0.00001707 
0.00001708 
0.00001708 
0.00001718 
0.00001724 
0.00001738 
0.00001738 
0.00001738 
0.00001725 
0.00001731 
0.00001728 
0.00001729 
0.00001712 
0.00001712 
0.00001712 
0.00001713 
0.00001713 
0.00001708 
0.00001707 
0.00001710 
0.00001718 
0.00001724 
0.00001718 
0.00001720 
0.00001721 
0.00001728 
0.00001717 
0.00001825 
0.00001824 
0.00001832 
0.00001830 
0.00001801 
0.00001799 
0.00001794 
0.00001805 
0.00001804 
0.00001806 
0.00001810 
0.00001829 
0.00001830 
0.00001832 
0.00001825 
0.00001825 
0.00001820 
0.00001827 
0.00001835 
0.00001835 
0.00001834 
0.00001840 
0.00001842 
0.00001848 
0.00001848 
0.00001849 
0.00001850 
0.00001853 
0.00001848 
0.00001848 
0.00001834 
0.00001848 
0.00001847 
0.00001848 
0.00001846 
0.00001848 
0.00001849 
0.00001834 
0.00001847 
0.00001849 
0.00001843 
0.00001855 
0.00001855 
0.00001843 
0.00001843 
0.00001837 
0.00001837 
0.00001845 
0.00001838 
0.00001846 
0.00001851 
0.00001854 
0.00001856 
0.00001834 
0.00001834 
0.00001834 
0.00001845 
0.00001858 
0.00001844 
0.00001852 
0.00001832 
0.00001849 
0.00001828 
0.00001829 
0.00001827 
0.00001838 
0.00001853 
0.00001837 
0.00001853 
0.00001855 
0.00001840 
0.00001850 
0.00001841 
0.00001820 
0.00001812 
0.00001801 
0.00001790 
0.00001792 
0.00001792 
0.00001785 
0.00001768 
0.00001767 
0.00001768 
0.00001768 
0.00001785 
0.00001764 
0.00001766 
0.00001788 
0.00001791 
0.00001807 
0.00001800 
0.00001818 
0.00001828 
0.00001807 
0.00001815 
0.00001811 
0.00001815 
0.00001817 
0.00001800 
0.00001803 
0.00001818 
0.00001830 
0.00001843 
0.00001849 
0.00001839 
0.00001835 
0.00001837 
0.00001832 
0.00001830 
0.00001831 
0.00001833 
0.00001829 
0.00001835 
0.00001839 
0.00001840 
0.00001820 
0.00001832 
0.00001874 
0.00001859 
0.00001912 
0.00001918 
0.00001938 
0.00001930 
0.00001913 
0.00001908 
0.00001975 
0.00001950 
0.00001929 
0.00001908 
0.00001890 
0.00001887 
0.00001880 
0.00001925 
0.00001922 
0.00001904 
0.00001900 
0.00001905 
0.00001910 
0.00001933 
0.00001883 
0.00001885 
0.00001836 
0.00001835 
0.00001836 
0.00001818 
0.00001833 
0.00001843 
0.00001831 
0.00001874 
0.00001875 
0.00001915 
0.00001996 
0.00002002 
0.00001896 
0.00001864 
0.00001796 
0.00001836 
0.00001858 
0.00001881 
0.00001860 
0.00001828 
0.00001817 
0.00001799 
0.00001767 
0.00001799 
0.00001782 
0.00001753 
0.00001752 
0.00001722 
0.00001723 
0.00001724 
0.00001709 
0.00001700 
0.00001700 
0.00001703 
0.00001700 
0.00001705 
0.00001702 
0.00001718 
0.00001719 
0.00001711 
0.00001704 
0.00001701 
0.00001664 
0.00001654 
0.00001643 
0.00001643 
0.00001653 
0.00001635 
0.00001629 
0.00001630 
0.00001625 
0.00001625 
0.00001631 
0.00001631 
0.00001622 
0.00001630 
0.00001630 
0.00001630 
0.00001622 
0.00001630 
0.00001630 
0.00001632 
0.00001631 
0.00001631 
0.00001641 
0.00001641 
0.00001620 
0.00001620 
0.00001628 
0.00001632 
0.00001632 
0.00001650 
0.00001626 
0.00001626 
0.00001627 
0.00001627 
0.00001624 
0.00001642 
0.00001630 
0.00001651 
0.00001664 
0.00001666 
0.00001693 
0.00001706 
0.00001705 
0.00001690 
0.00001690 
0.00001689 
0.00001689 
0.00001673 
0.00001653 
0.00001670 
0.00001668 
0.00001674 
0.00001686 
0.00001691 
0.00001690 
0.00001689 
0.00001700 
0.00001643 
0.00001659 
0.00001611 
0.00001614 
0.00001606 
0.00001605 
0.00001605 
0.00001605 
0.00001595 
0.00001608 
0.00001602 
0.00001593 
0.00001593 
0.00001595 
0.00001593 
0.00001593 
0.00001583 
0.00001578 
0.00001593 
0.00001593 
0.00001594 
0.00001595 
0.00001597 
0.00001601 
0.00001606 
0.00001606 
0.00001599 
0.00001594 
0.00001592 
0.00001575 
0.00001579 
0.00001569 
0.00001576 
0.00001561 
0.00001562 
0.00001582 
0.00001565 
0.00001574 
0.00001574 
0.00001574 
0.00001588 
0.00001588 
0.00001588 
0.00001577 
0.00001578 
0.00001588 
0.00001573 
0.00001567 
0.00001563 
0.00001561 
0.00001562 
0.00001556 
0.00001555 
0.00001565 
0.00001571 
0.00001572 
0.00001571 
0.00001567 
0.00001562 
0.00001556 
0.00001553 
0.00001540 
0.00001542 
0.00001547 
0.00001547 
0.00001580 
0.00001597 
0.00001597 
0.00001600 
0.00001590 
0.00001600 
0.00001604 
0.00001567 
0.00001560 
0.00001553 
0.00001539 
0.00001539 
0.00001552 
0.00001547 
0.00001546 
0.00001532 
0.00001531 
0.00001531 
0.00001531 
0.00001529 
0.00001529 
0.00001530 
0.00001530 
0.00001533 
0.00001532 
0.00001538 
0.00001551 
0.00001551 
0.00001551 
0.00001551 
0.00001550 
0.00001551 
0.00001551 
0.00001551 
0.00001551 
0.00001553 
0.00001553 
0.00001550 
0.00001550 
0.00001551 
0.00001551 
0.00001553 
0.00001555 
0.00001555 
0.00001553 
0.00001553 
0.00001556 
0.00001555 
0.00001556 
0.00001568 
0.00001570 
0.00001570 
0.00001577 
0.00001581 
0.00001581 
0.00001595 
0.00001595 
0.00001595 
0.00001599 
0.00001598 
0.00001585 
0.00001581 
0.00001581 
0.00001581 
0.00001581 
0.00001581 
0.00001569 
0.00001583 
0.00001584 
0.00001583 
0.00001583 
0.00001574 
0.00001581 
0.00001574 
0.00001584 
0.00001575 
0.00001576 
0.00001579 
0.00001589 
0.00001577 
0.00001577 
0.00001588 
0.00001588 
0.00001587 
0.00001590 
0.00001590 
0.00001580 
0.00001581 
0.00001581 
0.00001582 
0.00001601 
0.00001619 
0.00001614 
0.00001603 
0.00001605 
0.00001618 
0.00001605 
0.00001620 
0.00001621 
0.00001645 
0.00001630 
0.00001639 
0.00001645 
0.00001654 
0.00001639 
0.00001638 
0.00001639 
0.00001641 
0.00001643 
0.00001641 
0.00001644 
0.00001663 
0.00001663 
0.00001654 
0.00001653 
0.00001653 
0.00001659 
0.00001660 
0.00001676 
0.00001660 
0.00001659 
0.00001655 
0.00001659 
0.00001659 
0.00001649 
0.00001659 
0.00001654 
0.00001653 
0.00001653 
0.00001653 
0.00001660 
0.00001661 
0.00001661 
0.00001662 
0.00001662 
0.00001662 
0.00001662 
0.00001661 
0.00001662 
0.00001662 
0.00001662 
0.00001687 
0.00001673 
0.00001673 
0.00001670 
0.00001655 
0.00001655 
0.00001673 
0.00001707 
0.00001708 
0.00001708 
0.00001718 
0.00001724 
0.00001738 
0.00001738 
0.00001738 
0.00001725 
0.00001731 
0.00001728 
0.00001729 
0.00001712 
0.00001712 
0.00001712 
0.00001713 
0.00001713 
0.00001708 
0.00001707 
0.00001710 
0.00001718 
0.00001724 
0.00001718 
0.00001720 
0.00001721 
0.00001728 
0.00001717 
