1502.00000000 
1290.00000000 
9228.00000000 
20690.00000000 
25176.00000000 
6522.00000000 
5315.00000000 
748.00000000 
25087.00000000 
15612.00000000 
16152.00000000 
16613.00000000 
546.00000000 
1960.00000000 
6505.00000000 
29487.00000000 
20544.00000000 
24489.00000000 
4171.00000000 
10722.00000000 
37199.00000000 
1330.00000000 
13761.00000000 
2306.00000000 
3657.00000000 
19836.00000000 
778.00000000 
185.00000000 
21069.00000000 
0.00000000 
3871.00000000 
9803.00000000 
5575.00000000 
8167.00000000 
13969.00000000 
8567.00000000 
2367.00000000 
9716.00000000 
4210.00000000 
13433.00000000 
7334.00000000 
5906.00000000 
0.00000000 
6498.00000000 
3965.00000000 
4124.00000000 
544.00000000 
7434.00000000 
1994.00000000 
784.00000000 
897.00000000 
1131.00000000 
2787.00000000 
8125.00000000 
5000.00000000 
5763.00000000 
1128.00000000 
19267.00000000 
4167.00000000 
10490.00000000 
4942.00000000 
2180.00000000 
1245.00000000 
7845.00000000 
10766.00000000 
14133.00000000 
4245.00000000 
1992.00000000 
23471.00000000 
20504.00000000 
24120.00000000 
16057.00000000 
5931.00000000 
57705.00000000 
8002.00000000 
16889.00000000 
34277.00000000 
2016.00000000 
1225.00000000 
162638.00000000 
2873.00000000 
15273.00000000 
3502.00000000 
3038.00000000 
10886.00000000 
9794.00000000 
4586.00000000 
31110.00000000 
29180.00000000 
1740.00000000 
3629.00000000 
16439.00000000 
311.00000000 
5753.00000000 
6450.00000000 
4398.00000000 
817.00000000 
3996.00000000 
27723.00000000 
12368.00000000 
11356.00000000 
18450.00000000 
32277.00000000 
25946.00000000 
12863.00000000 
4139.00000000 
6742.00000000 
10105.00000000 
6055.00000000 
8495.00000000 
5503.00000000 
13234.00000000 
23796.00000000 
16310.00000000 
6967.00000000 
2600.00000000 
116703.00000000 
101431.00000000 
317502.00000000 
84778.00000000 
17574.00000000 
83867.00000000 
17962.00000000 
25115.00000000 
11244.00000000 
40874.00000000 
114170.00000000 
15771.00000000 
54291.00000000 
11474.00000000 
9535.00000000 
28431.00000000 
100947.00000000 
18180.00000000 
35705.00000000 
7968.00000000 
19058.00000000 
12700.00000000 
51957.00000000 
32422.00000000 
29876.00000000 
26782.00000000 
39561.00000000 
75224.00000000 
19194.00000000 
13066.00000000 
38477.00000000 
88565.00000000 
101545.00000000 
75650.00000000 
45769.00000000 
79116.00000000 
297955.00000000 
194717.00000000 
82646.00000000 
37477.00000000 
19044.00000000 
22473.00000000 
99808.00000000 
79688.00000000 
61790.00000000 
24502.00000000 
30334.00000000 
13858.00000000 
27624.00000000 
28588.00000000 
110569.00000000 
13003.00000000 
51418.00000000 
5594.00000000 
583.00000000 
10268.00000000 
2268.00000000 
5206.00000000 
1513.00000000 
4792.00000000 
12119.00000000 
3982.00000000 
5946.00000000 
1956.00000000 
12500.00000000 
2298.00000000 
7144.00000000 
72870.00000000 
2020.00000000 
0.00000000 
731.00000000 
604.00000000 
1735.00000000 
0.00000000 
723.00000000 
0.00000000 
37.00000000 
0.00000000 
322.00000000 
50.00000000 
0.00000000 
1110.00000000 
136.00000000 
833.00000000 
2991.00000000 
313.00000000 
9096.00000000 
10695.00000000 
1815.00000000 
3127.00000000 
497.00000000 
3021.00000000 
521.00000000 
33012.00000000 
841.00000000 
47008.00000000 
3616.00000000 
34257.00000000 
11514.00000000 
0.00000000 
0.00000000 
1524.00000000 
1089.00000000 
10412.00000000 
20562.00000000 
38046.00000000 
224.00000000 
1077.00000000 
18220.00000000 
4349.00000000 
29011.00000000 
425.00000000 
5679.00000000 
2339.00000000 
5402.00000000 
38988.00000000 
1864.00000000 
4628.00000000 
777.00000000 
1125.00000000 
19674.00000000 
1197.00000000 
4947.00000000 
13410.00000000 
58862.00000000 
4741.00000000 
63531.00000000 
51122.00000000 
46677.00000000 
4266.00000000 
19416.00000000 
300.00000000 
101.00000000 
3412.00000000 
2617.00000000 
743.00000000 
0.00000000 
8113.00000000 
1780.00000000 
0.00000000 
57912.00000000 
158.00000000 
0.00000000 
402.00000000 
13834.00000000 
143.00000000 
2.00000000 
207.00000000 
0.00000000 
756.00000000 
3400.00000000 
0.00000000 
1045.00000000 
32991.00000000 
27523.00000000 
4896.00000000 
735.00000000 
20891.00000000 
10392.00000000 
527.00000000 
14943.00000000 
11718.00000000 
23386.00000000 
862.00000000 
329.00000000 
0.00000000 
240.00000000 
2586.00000000 
646.00000000 
2632.00000000 
146.00000000 
9886.00000000 
4908.00000000 
400.00000000 
7378.00000000 
1749.00000000 
1901.00000000 
2.00000000 
1300.00000000 
14634.00000000 
2638.00000000 
2047.00000000 
1000.00000000 
35131.00000000 
4359.00000000 
0.00000000 
25031.00000000 
422.00000000 
5744.00000000 
63750.00000000 
15906.00000000 
2745.00000000 
70.00000000 
6166.00000000 
14422.00000000 
2543.00000000 
54543.00000000 
96268.00000000 
3214.00000000 
0.00000000 
0.00000000 
5079.00000000 
22287.00000000 
569.00000000 
15451.00000000 
0.00000000 
0.00000000 
15207.00000000 
19000.00000000 
0.00000000 
8796.00000000 
7595.00000000 
832.00000000 
9911.00000000 
510.00000000 
139566.00000000 
3210.00000000 
3982.00000000 
7020.00000000 
4652.00000000 
180.00000000 
2052.00000000 
6211.00000000 
12610.00000000 
43246.00000000 
8181.00000000 
19620.00000000 
0.00000000 
3000.00000000 
14106.00000000 
53.00000000 
7405.00000000 
500.00000000 
1099.00000000 
17266.00000000 
0.00000000 
43368.00000000 
1013.00000000 
6086.00000000 
0.00000000 
1856.00000000 
13581.00000000 
1916.00000000 
29873.00000000 
17196.00000000 
341.00000000 
3577.00000000 
33242.00000000 
10936.00000000 
37123.00000000 
4113.00000000 
19916.00000000 
6608.00000000 
199.00000000 
424.00000000 
432.00000000 
11113.00000000 
866.00000000 
1553.00000000 
3111.00000000 
0.00000000 
41718.00000000 
2918.00000000 
3733.00000000 
16587.00000000 
10505.00000000 
3385.00000000 
8841.00000000 
8457.00000000 
350.00000000 
0.00000000 
0.00000000 
3149.00000000 
66.00000000 
9587.00000000 
92459.00000000 
5537.00000000 
3814.00000000 
1400.00000000 
21617.00000000 
45680.00000000 
3304.00000000 
6754.00000000 
11343.00000000 
428.00000000 
5033.00000000 
510.00000000 
2236.00000000 
4010.00000000 
25333.00000000 
16121.00000000 
231.00000000 
1535.00000000 
107.00000000 
1325.00000000 
995.00000000 
9990.00000000 
1580.00000000 
1613.00000000 
42452.00000000 
122.00000000 
150.00000000 
7013.00000000 
0.00000000 
300.00000000 
186.00000000 
2995.00000000 
4.00000000 
5872.00000000 
5156.00000000 
7219.00000000 
0.00000000 
339.00000000 
0.00000000 
10167.00000000 
4152.00000000 
9322.00000000 
38105.00000000 
495.00000000 
27474.00000000 
0.00000000 
605.00000000 
534.00000000 
0.00000000 
0.00000000 
242.00000000 
1158.00000000 
0.00000000 
0.00000000 
2391.00000000 
5751.00000000 
0.00000000 
150.00000000 
1984.00000000 
6589.00000000 
7344.00000000 
899.00000000 
13380.00000000 
10420.00000000 
2842.00000000 
1351.00000000 
2580.00000000 
3202.00000000 
0.00000000 
1203.00000000 
809.00000000 
823.00000000 
2421.00000000 
8366.00000000 
0.00000000 
0.00000000 
189.00000000 
0.00000000 
5311.00000000 
412.00000000 
8.00000000 
3379.00000000 
3340.00000000 
10181.00000000 
15574.00000000 
599.00000000 
3894.00000000 
1131.00000000 
1556.00000000 
1502.00000000 
1290.00000000 
9228.00000000 
20690.00000000 
25176.00000000 
6522.00000000 
5315.00000000 
748.00000000 
25087.00000000 
15612.00000000 
16152.00000000 
16613.00000000 
546.00000000 
1960.00000000 
6505.00000000 
29487.00000000 
20544.00000000 
24489.00000000 
4171.00000000 
10722.00000000 
37199.00000000 
1330.00000000 
13761.00000000 
2306.00000000 
3657.00000000 
19836.00000000 
778.00000000 
185.00000000 
21069.00000000 
0.00000000 
3871.00000000 
9803.00000000 
5575.00000000 
8167.00000000 
13969.00000000 
8567.00000000 
2367.00000000 
9716.00000000 
4210.00000000 
13433.00000000 
7334.00000000 
5906.00000000 
0.00000000 
6498.00000000 
3965.00000000 
4124.00000000 
544.00000000 
7434.00000000 
1994.00000000 
784.00000000 
897.00000000 
1131.00000000 
2787.00000000 
8125.00000000 
5000.00000000 
5763.00000000 
1128.00000000 
19267.00000000 
4167.00000000 
10490.00000000 
4942.00000000 
2180.00000000 
1245.00000000 
7845.00000000 
10766.00000000 
14133.00000000 
4245.00000000 
1992.00000000 
23471.00000000 
20504.00000000 
24120.00000000 
16057.00000000 
5931.00000000 
57705.00000000 
8002.00000000 
16889.00000000 
34277.00000000 
2016.00000000 
1225.00000000 
162638.00000000 
2873.00000000 
15273.00000000 
3502.00000000 
3038.00000000 
10886.00000000 
9794.00000000 
4586.00000000 
31110.00000000 
29180.00000000 
1740.00000000 
3629.00000000 
16439.00000000 
311.00000000 
5753.00000000 
6450.00000000 
4398.00000000 
817.00000000 
3996.00000000 
27723.00000000 
12368.00000000 
11356.00000000 
18450.00000000 
32277.00000000 
25946.00000000 
12863.00000000 
4139.00000000 
6742.00000000 
10105.00000000 
6055.00000000 
8495.00000000 
5503.00000000 
13234.00000000 
23796.00000000 
16310.00000000 
6967.00000000 
2600.00000000 
116703.00000000 
101431.00000000 
317502.00000000 
84778.00000000 
17574.00000000 
83867.00000000 
17962.00000000 
25115.00000000 
11244.00000000 
40874.00000000 
114170.00000000 
15771.00000000 
54291.00000000 
11474.00000000 
9535.00000000 
28431.00000000 
100947.00000000 
18180.00000000 
35705.00000000 
7968.00000000 
19058.00000000 
12700.00000000 
51957.00000000 
32422.00000000 
29876.00000000 
26782.00000000 
39561.00000000 
75224.00000000 
19194.00000000 
13066.00000000 
38477.00000000 
88565.00000000 
101545.00000000 
75650.00000000 
45769.00000000 
79116.00000000 
297955.00000000 
194717.00000000 
82646.00000000 
37477.00000000 
19044.00000000 
22473.00000000 
99808.00000000 
79688.00000000 
61790.00000000 
24502.00000000 
30334.00000000 
13858.00000000 
27624.00000000 
28588.00000000 
110569.00000000 
13003.00000000 
51418.00000000 
5594.00000000 
583.00000000 
10268.00000000 
2268.00000000 
5206.00000000 
1513.00000000 
4792.00000000 
12119.00000000 
3982.00000000 
5946.00000000 
1956.00000000 
12500.00000000 
2298.00000000 
7144.00000000 
72870.00000000 
2020.00000000 
0.00000000 
731.00000000 
604.00000000 
1735.00000000 
0.00000000 
723.00000000 
0.00000000 
37.00000000 
0.00000000 
322.00000000 
50.00000000 
0.00000000 
1110.00000000 
136.00000000 
833.00000000 
2991.00000000 
313.00000000 
9096.00000000 
10695.00000000 
1815.00000000 
3127.00000000 
497.00000000 
3021.00000000 
521.00000000 
33012.00000000 
841.00000000 
47008.00000000 
3616.00000000 
34257.00000000 
11514.00000000 
0.00000000 
0.00000000 
1524.00000000 
1089.00000000 
10412.00000000 
20562.00000000 
38046.00000000 
224.00000000 
1077.00000000 
18220.00000000 
4349.00000000 
29011.00000000 
425.00000000 
5679.00000000 
2339.00000000 
5402.00000000 
38988.00000000 
1864.00000000 
4628.00000000 
777.00000000 
1125.00000000 
19674.00000000 
1197.00000000 
4947.00000000 
13410.00000000 
58862.00000000 
4741.00000000 
63531.00000000 
51122.00000000 
46677.00000000 
4266.00000000 
19416.00000000 
300.00000000 
101.00000000 
3412.00000000 
2617.00000000 
743.00000000 
0.00000000 
8113.00000000 
1780.00000000 
0.00000000 
57912.00000000 
158.00000000 
0.00000000 
402.00000000 
13834.00000000 
143.00000000 
2.00000000 
207.00000000 
0.00000000 
756.00000000 
3400.00000000 
0.00000000 
1045.00000000 
32991.00000000 
27523.00000000 
4896.00000000 
735.00000000 
20891.00000000 
10392.00000000 
527.00000000 
14943.00000000 
11718.00000000 
23386.00000000 
862.00000000 
329.00000000 
0.00000000 
240.00000000 
2586.00000000 
646.00000000 
2632.00000000 
146.00000000 
9886.00000000 
4908.00000000 
400.00000000 
7378.00000000 
1749.00000000 
1901.00000000 
2.00000000 
1300.00000000 
14634.00000000 
2638.00000000 
2047.00000000 
1000.00000000 
35131.00000000 
4359.00000000 
0.00000000 
25031.00000000 
422.00000000 
5744.00000000 
63750.00000000 
15906.00000000 
2745.00000000 
70.00000000 
6166.00000000 
14422.00000000 
2543.00000000 
54543.00000000 
96268.00000000 
3214.00000000 
0.00000000 
0.00000000 
5079.00000000 
22287.00000000 
569.00000000 
15451.00000000 
0.00000000 
0.00000000 
15207.00000000 
19000.00000000 
0.00000000 
8796.00000000 
7595.00000000 
832.00000000 
9911.00000000 
510.00000000 
139566.00000000 
3210.00000000 
3982.00000000 
7020.00000000 
4652.00000000 
180.00000000 
2052.00000000 
6211.00000000 
12610.00000000 
43246.00000000 
8181.00000000 
19620.00000000 
0.00000000 
3000.00000000 
14106.00000000 
53.00000000 
7405.00000000 
500.00000000 
1099.00000000 
17266.00000000 
0.00000000 
43368.00000000 
1013.00000000 
6086.00000000 
0.00000000 
1856.00000000 
13581.00000000 
1916.00000000 
29873.00000000 
17196.00000000 
341.00000000 
3577.00000000 
33242.00000000 
10936.00000000 
37123.00000000 
4113.00000000 
19916.00000000 
6608.00000000 
199.00000000 
424.00000000 
432.00000000 
11113.00000000 
866.00000000 
1553.00000000 
3111.00000000 
0.00000000 
41718.00000000 
2918.00000000 
3733.00000000 
16587.00000000 
10505.00000000 
3385.00000000 
8841.00000000 
8457.00000000 
350.00000000 
0.00000000 
0.00000000 
3149.00000000 
66.00000000 
9587.00000000 
92459.00000000 
5537.00000000 
3814.00000000 
1400.00000000 
21617.00000000 
45680.00000000 
3304.00000000 
6754.00000000 
11343.00000000 
428.00000000 
5033.00000000 
510.00000000 
2236.00000000 
4010.00000000 
25333.00000000 
16121.00000000 
231.00000000 
1535.00000000 
107.00000000 
1325.00000000 
995.00000000 
9990.00000000 
1580.00000000 
1613.00000000 
42452.00000000 
122.00000000 
150.00000000 
7013.00000000 
0.00000000 
300.00000000 
186.00000000 
2995.00000000 
4.00000000 
5872.00000000 
5156.00000000 
7219.00000000 
0.00000000 
339.00000000 
0.00000000 
10167.00000000 
4152.00000000 
9322.00000000 
38105.00000000 
495.00000000 
27474.00000000 
0.00000000 
605.00000000 
534.00000000 
0.00000000 
0.00000000 
242.00000000 
1158.00000000 
0.00000000 
0.00000000 
2391.00000000 
5751.00000000 
0.00000000 
150.00000000 
1984.00000000 
6589.00000000 
7344.00000000 
899.00000000 
13380.00000000 
10420.00000000 
2842.00000000 
1351.00000000 
2580.00000000 
3202.00000000 
0.00000000 
1203.00000000 
809.00000000 
823.00000000 
2421.00000000 
8366.00000000 
0.00000000 
0.00000000 
189.00000000 
0.00000000 
5311.00000000 
412.00000000 
8.00000000 
3379.00000000 
3340.00000000 
10181.00000000 
15574.00000000 
599.00000000 
3894.00000000 
1131.00000000 
1556.00000000 
1502.00000000 
1290.00000000 
9228.00000000 
20690.00000000 
25176.00000000 
6522.00000000 
5315.00000000 
748.00000000 
25087.00000000 
15612.00000000 
16152.00000000 
16613.00000000 
546.00000000 
1960.00000000 
6505.00000000 
29487.00000000 
20544.00000000 
24489.00000000 
4171.00000000 
10722.00000000 
37199.00000000 
1330.00000000 
13761.00000000 
2306.00000000 
3657.00000000 
19836.00000000 
778.00000000 
185.00000000 
21069.00000000 
0.00000000 
3871.00000000 
9803.00000000 
5575.00000000 
8167.00000000 
13969.00000000 
8567.00000000 
2367.00000000 
9716.00000000 
4210.00000000 
13433.00000000 
7334.00000000 
5906.00000000 
0.00000000 
6498.00000000 
3965.00000000 
4124.00000000 
544.00000000 
7434.00000000 
1994.00000000 
784.00000000 
897.00000000 
1131.00000000 
2787.00000000 
8125.00000000 
5000.00000000 
5763.00000000 
1128.00000000 
19267.00000000 
4167.00000000 
10490.00000000 
4942.00000000 
2180.00000000 
1245.00000000 
7845.00000000 
10766.00000000 
14133.00000000 
4245.00000000 
1992.00000000 
23471.00000000 
20504.00000000 
24120.00000000 
16057.00000000 
5931.00000000 
57705.00000000 
8002.00000000 
16889.00000000 
34277.00000000 
2016.00000000 
1225.00000000 
162638.00000000 
2873.00000000 
15273.00000000 
3502.00000000 
3038.00000000 
10886.00000000 
9794.00000000 
4586.00000000 
31110.00000000 
29180.00000000 
1740.00000000 
3629.00000000 
16439.00000000 
311.00000000 
5753.00000000 
6450.00000000 
4398.00000000 
817.00000000 
3996.00000000 
27723.00000000 
12368.00000000 
11356.00000000 
18450.00000000 
32277.00000000 
25946.00000000 
12863.00000000 
4139.00000000 
6742.00000000 
10105.00000000 
6055.00000000 
8495.00000000 
5503.00000000 
13234.00000000 
23796.00000000 
16310.00000000 
6967.00000000 
2600.00000000 
116703.00000000 
101431.00000000 
317502.00000000 
84778.00000000 
17574.00000000 
83867.00000000 
17962.00000000 
25115.00000000 
11244.00000000 
40874.00000000 
114170.00000000 
15771.00000000 
54291.00000000 
11474.00000000 
9535.00000000 
28431.00000000 
100947.00000000 
18180.00000000 
35705.00000000 
7968.00000000 
19058.00000000 
12700.00000000 
51957.00000000 
32422.00000000 
29876.00000000 
26782.00000000 
39561.00000000 
75224.00000000 
19194.00000000 
13066.00000000 
38477.00000000 
88565.00000000 
101545.00000000 
75650.00000000 
45769.00000000 
79116.00000000 
297955.00000000 
194717.00000000 
82646.00000000 
37477.00000000 
19044.00000000 
22473.00000000 
99808.00000000 
79688.00000000 
61790.00000000 
24502.00000000 
30334.00000000 
13858.00000000 
27624.00000000 
28588.00000000 
110569.00000000 
13003.00000000 
51418.00000000 
5594.00000000 
583.00000000 
10268.00000000 
2268.00000000 
5206.00000000 
1513.00000000 
4792.00000000 
12119.00000000 
3982.00000000 
5946.00000000 
1956.00000000 
12500.00000000 
2298.00000000 
7144.00000000 
72870.00000000 
2020.00000000 
0.00000000 
731.00000000 
604.00000000 
1735.00000000 
0.00000000 
723.00000000 
0.00000000 
37.00000000 
0.00000000 
322.00000000 
50.00000000 
0.00000000 
1110.00000000 
136.00000000 
833.00000000 
2991.00000000 
313.00000000 
9096.00000000 
10695.00000000 
1815.00000000 
3127.00000000 
497.00000000 
3021.00000000 
521.00000000 
33012.00000000 
841.00000000 
47008.00000000 
3616.00000000 
34257.00000000 
11514.00000000 
0.00000000 
0.00000000 
1524.00000000 
1089.00000000 
10412.00000000 
20562.00000000 
38046.00000000 
224.00000000 
1077.00000000 
18220.00000000 
4349.00000000 
29011.00000000 
425.00000000 
5679.00000000 
2339.00000000 
5402.00000000 
38988.00000000 
1864.00000000 
4628.00000000 
777.00000000 
1125.00000000 
19674.00000000 
1197.00000000 
4947.00000000 
13410.00000000 
58862.00000000 
4741.00000000 
63531.00000000 
51122.00000000 
46677.00000000 
4266.00000000 
19416.00000000 
300.00000000 
101.00000000 
3412.00000000 
2617.00000000 
743.00000000 
0.00000000 
8113.00000000 
1780.00000000 
0.00000000 
57912.00000000 
158.00000000 
0.00000000 
402.00000000 
13834.00000000 
143.00000000 
2.00000000 
207.00000000 
0.00000000 
756.00000000 
3400.00000000 
0.00000000 
1045.00000000 
32991.00000000 
27523.00000000 
4896.00000000 
735.00000000 
20891.00000000 
10392.00000000 
527.00000000 
14943.00000000 
11718.00000000 
23386.00000000 
862.00000000 
329.00000000 
0.00000000 
240.00000000 
2586.00000000 
646.00000000 
2632.00000000 
146.00000000 
9886.00000000 
4908.00000000 
400.00000000 
7378.00000000 
1749.00000000 
1901.00000000 
2.00000000 
1300.00000000 
14634.00000000 
2638.00000000 
2047.00000000 
1000.00000000 
35131.00000000 
4359.00000000 
0.00000000 
25031.00000000 
422.00000000 
5744.00000000 
63750.00000000 
15906.00000000 
2745.00000000 
70.00000000 
6166.00000000 
14422.00000000 
2543.00000000 
54543.00000000 
96268.00000000 
3214.00000000 
0.00000000 
0.00000000 
5079.00000000 
22287.00000000 
569.00000000 
15451.00000000 
0.00000000 
0.00000000 
15207.00000000 
19000.00000000 
0.00000000 
8796.00000000 
7595.00000000 
832.00000000 
9911.00000000 
510.00000000 
139566.00000000 
3210.00000000 
3982.00000000 
7020.00000000 
4652.00000000 
180.00000000 
2052.00000000 
6211.00000000 
12610.00000000 
43246.00000000 
8181.00000000 
19620.00000000 
0.00000000 
3000.00000000 
14106.00000000 
53.00000000 
7405.00000000 
500.00000000 
1099.00000000 
17266.00000000 
0.00000000 
43368.00000000 
1013.00000000 
6086.00000000 
0.00000000 
1856.00000000 
13581.00000000 
1916.00000000 
29873.00000000 
17196.00000000 
341.00000000 
3577.00000000 
33242.00000000 
10936.00000000 
37123.00000000 
4113.00000000 
19916.00000000 
6608.00000000 
199.00000000 
424.00000000 
432.00000000 
11113.00000000 
866.00000000 
1553.00000000 
3111.00000000 
0.00000000 
41718.00000000 
2918.00000000 
3733.00000000 
16587.00000000 
10505.00000000 
3385.00000000 
8841.00000000 
8457.00000000 
350.00000000 
0.00000000 
0.00000000 
3149.00000000 
66.00000000 
9587.00000000 
92459.00000000 
5537.00000000 
3814.00000000 
1400.00000000 
21617.00000000 
45680.00000000 
3304.00000000 
6754.00000000 
11343.00000000 
428.00000000 
5033.00000000 
510.00000000 
2236.00000000 
4010.00000000 
25333.00000000 
16121.00000000 
231.00000000 
1535.00000000 
107.00000000 
1325.00000000 
995.00000000 
9990.00000000 
1580.00000000 
1613.00000000 
42452.00000000 
122.00000000 
150.00000000 
7013.00000000 
0.00000000 
300.00000000 
186.00000000 
2995.00000000 
4.00000000 
5872.00000000 
5156.00000000 
7219.00000000 
0.00000000 
339.00000000 
0.00000000 
10167.00000000 
4152.00000000 
9322.00000000 
38105.00000000 
495.00000000 
27474.00000000 
0.00000000 
605.00000000 
534.00000000 
0.00000000 
0.00000000 
242.00000000 
1158.00000000 
0.00000000 
0.00000000 
2391.00000000 
5751.00000000 
0.00000000 
150.00000000 
1984.00000000 
6589.00000000 
7344.00000000 
899.00000000 
13380.00000000 
10420.00000000 
2842.00000000 
1351.00000000 
2580.00000000 
3202.00000000 
0.00000000 
1203.00000000 
809.00000000 
823.00000000 
2421.00000000 
8366.00000000 
0.00000000 
0.00000000 
189.00000000 
0.00000000 
5311.00000000 
412.00000000 
8.00000000 
3379.00000000 
3340.00000000 
10181.00000000 
15574.00000000 
599.00000000 
3894.00000000 
1131.00000000 
1556.00000000 
