1635.09000000 
428.94000000 
667.71000000 
4539.36000000 
451.50000000 
3771.74000000 
711.60000000 
5375.14000000 
5256.81000000 
632.15000000 
6548.50000000 
795.08000000 
2764.06000000 
1003.86000000 
2501.04000000 
1414.89000000 
1381.73000000 
3993.38000000 
5090.19000000 
3961.75000000 
13895.98000000 
1690.64000000 
5136.60000000 
9213.13000000 
1302.82000000 
10543.95000000 
4390.22000000 
2856.67000000 
7272.88000000 
3743.38000000 
640.69000000 
3232.89000000 
3540.17000000 
3040.63000000 
6599.15000000 
6854.92000000 
3695.83000000 
2853.79000000 
1499.94000000 
126.11000000 
4590.59000000 
5200.46000000 
1723.02000000 
4515.11000000 
502.71000000 
1862.60000000 
1073.26000000 
7046.09000000 
997.78000000 
2293.59000000 
2814.69000000 
1589.98000000 
1104.40000000 
4247.20000000 
1712.06000000 
1355.33000000 
961.26000000 
3111.18000000 
1445.95000000 
9187.87000000 
5316.27000000 
6687.92000000 
2359.67000000 
4928.37000000 
590.11000000 
1061.83000000 
736.52000000 
41.74000000 
1381.11000000 
632.29000000 
1142.16000000 
2537.70000000 
4236.47000000 
2587.50000000 
2162.72000000 
417.13000000 
881.48000000 
2300.21000000 
3364.24000000 
868.20000000 
2928.58000000 
1654.97000000 
1291.06000000 
924.40000000 
1413.63000000 
4321.84000000 
1032.48000000 
3687.04000000 
1447.05000000 
4992.87000000 
5369.14000000 
1211.49000000 
777.99000000 
2285.14000000 
1030.65000000 
1349.25000000 
722.29000000 
1381.03000000 
2795.44000000 
612.04000000 
1478.60000000 
2807.23000000 
297.63000000 
2741.38000000 
7150.98000000 
2940.79000000 
1184.75000000 
3434.10000000 
2622.17000000 
1854.97000000 
2582.81000000 
18553.43000000 
9502.97000000 
5832.53000000 
5715.81000000 
15062.15000000 
8300.41000000 
9722.53000000 
4896.57000000 
17592.51000000 
13687.85000000 
4683.61000000 
6110.34000000 
5451.07000000 
2433.04000000 
2081.03000000 
3286.59000000 
2996.53000000 
2850.60000000 
2949.82000000 
2623.34000000 
3532.86000000 
5567.93000000 
7277.24000000 
5854.76000000 
2040.70000000 
1110.04000000 
2182.25000000 
1665.02000000 
6240.34000000 
3383.62000000 
744.15000000 
1638.28000000 
3160.28000000 
2601.11000000 
7238.10000000 
2469.11000000 
4204.03000000 
2486.40000000 
2938.14000000 
6137.04000000 
5399.38000000 
3428.21000000 
1906.00000000 
3573.67000000 
6191.43000000 
3866.82000000 
3290.63000000 
1996.09000000 
2110.40000000 
1191.83000000 
3112.79000000 
3818.18000000 
8705.03000000 
6267.41000000 
20041.45000000 
12688.65000000 
10066.21000000 
4405.25000000 
14014.21000000 
11170.09000000 
9100.93000000 
3885.32000000 
8819.73000000 
5675.24000000 
1680.56000000 
1832.05000000 
6204.88000000 
916.99000000 
1981.69000000 
843.95000000 
5062.01000000 
2199.82000000 
6109.29000000 
2878.71000000 
1449.72000000 
1159.96000000 
2518.28000000 
3772.39000000 
439.96000000 
674.46000000 
486.41000000 
820.33000000 
5914.88000000 
3448.81000000 
3953.83000000 
10377.40000000 
5305.81000000 
587.21000000 
1696.64000000 
3314.05000000 
1400.08000000 
6821.11000000 
5428.58000000 
12345.52000000 
9266.24000000 
8125.30000000 
1061.52000000 
2858.71000000 
392.73000000 
1114.01000000 
321.45000000 
1229.64000000 
7343.95000000 
2098.81000000 
3156.95000000 
1860.43000000 
3796.21000000 
3253.53000000 
6459.40000000 
728.57000000 
5853.70000000 
3823.47000000 
2143.38000000 
1411.95000000 
590.29000000 
2483.10000000 
868.51000000 
342.34000000 
2577.70000000 
9024.78000000 
4980.81000000 
1050.49000000 
864.17000000 
4017.59000000 
6517.50000000 
4060.29000000 
1798.10000000 
10621.61000000 
2723.54000000 
2732.66000000 
7063.89000000 
5755.40000000 
1578.71000000 
2394.78000000 
1662.80000000 
1739.08000000 
2383.33000000 
2384.24000000 
3259.88000000 
1321.46000000 
818.00000000 
4101.62000000 
14562.21000000 
386.04000000 
1235.47000000 
609.92000000 
725.19000000 
2598.86000000 
1505.81000000 
1423.82000000 
3328.67000000 
2598.75000000 
2153.99000000 
1482.77000000 
8923.30000000 
3506.44000000 
3538.07000000 
3543.90000000 
6061.24000000 
2645.11000000 
1648.57000000 
10109.23000000 
1605.16000000 
18075.99000000 
752.60000000 
1771.24000000 
16335.02000000 
2248.76000000 
5918.78000000 
2500.55000000 
1985.88000000 
7929.24000000 
3356.57000000 
3170.36000000 
9385.73000000 
5215.70000000 
7460.99000000 
10748.72000000 
2012.61000000 
2682.96000000 
2933.72000000 
6295.58000000 
5945.13000000 
6023.36000000 
544.17000000 
3212.81000000 
7088.55000000 
15887.06000000 
17266.68000000 
20784.23000000 
27450.15000000 
6517.56000000 
2687.56000000 
5734.56000000 
3985.10000000 
4673.20000000 
9154.05000000 
7337.16000000 
5328.44000000 
15109.42000000 
1216.03000000 
7110.27000000 
7662.23000000 
3028.27000000 
1778.43000000 
23569.29000000 
10783.21000000 
2292.72000000 
5369.81000000 
13604.10000000 
4501.24000000 
10973.43000000 
9531.12000000 
7089.83000000 
1327.52000000 
15099.06000000 
10832.02000000 
23327.35000000 
9769.54000000 
6264.87000000 
9753.04000000 
30088.47000000 
22986.10000000 
24883.26000000 
10659.55000000 
21655.35000000 
21254.20000000 
18731.11000000 
8443.88000000 
25725.29000000 
12749.38000000 
19551.08000000 
31805.54000000 
22623.88000000 
9330.97000000 
6443.74000000 
12057.23000000 
19595.04000000 
33143.32000000 
6605.74000000 
9863.08000000 
16762.32000000 
10893.95000000 
2650.52000000 
10821.37000000 
19115.36000000 
7147.43000000 
20112.60000000 
8064.07000000 
6045.00000000 
33253.78000000 
39137.31000000 
16723.90000000 
17807.92000000 
32736.76000000 
57310.74000000 
11178.93000000 
11355.57000000 
23147.20000000 
32385.06000000 
41517.92000000 
56767.42000000 
36399.93000000 
44754.48000000 
100727.08000000 
87589.35000000 
32424.72000000 
34157.46000000 
81874.80000000 
66432.61000000 
50431.33000000 
32285.19000000 
54961.55000000 
136736.23000000 
106912.25000000 
41253.13000000 
43180.26000000 
44275.38000000 
92380.87000000 
24204.93000000 
39311.46000000 
16532.45000000 
13658.91000000 
13184.80000000 
8172.05000000 
13700.21000000 
14790.23000000 
7163.99000000 
4175.09000000 
15400.60000000 
9087.75000000 
17024.46000000 
26616.43000000 
19138.83000000 
16722.50000000 
8915.24000000 
5759.91000000 
12406.65000000 
13829.27000000 
6069.82000000 
14459.75000000 
5213.67000000 
6768.33000000 
12799.93000000 
18695.59000000 
12769.19000000 
38623.35000000 
27829.95000000 
34697.45000000 
27560.71000000 
37240.04000000 
27136.20000000 
10501.83000000 
8982.53000000 
7582.52000000 
8847.28000000 
29747.19000000 
21903.66000000 
11794.21000000 
12555.80000000 
10115.58000000 
18561.70000000 
26291.32000000 
11168.04000000 
3895.58000000 
4343.85000000 
1397.76000000 
1929.51000000 
2089.61000000 
1248.33000000 
4511.47000000 
10202.33000000 
786.77000000 
692.59000000 
320.24000000 
246.32000000 
1777.35000000 
2436.21000000 
7103.23000000 
6513.33000000 
812.78000000 
1577.07000000 
1737.39000000 
3573.80000000 
1467.90000000 
2682.17000000 
11321.28000000 
3185.53000000 
5249.66000000 
2135.30000000 
1149.51000000 
2715.52000000 
4509.39000000 
3591.52000000 
3187.46000000 
1540.81000000 
3163.34000000 
4072.23000000 
8392.67000000 
8627.48000000 
1719.60000000 
2208.11000000 
2823.15000000 
6424.20000000 
5662.28000000 
2660.97000000 
6742.43000000 
6587.78000000 
7489.13000000 
1648.50000000 
428.94000000 
667.71000000 
4539.36000000 
451.50000000 
3771.74000000 
711.60000000 
5375.14000000 
5256.81000000 
632.15000000 
6548.50000000 
795.08000000 
2764.06000000 
1003.86000000 
2501.04000000 
1414.89000000 
1381.73000000 
3993.38000000 
5090.19000000 
3961.75000000 
13895.98000000 
1690.64000000 
5136.60000000 
9213.13000000 
1302.82000000 
10543.95000000 
4390.22000000 
2856.67000000 
7272.88000000 
3743.38000000 
640.69000000 
3232.89000000 
3540.17000000 
3040.63000000 
6599.15000000 
6854.92000000 
3695.83000000 
2853.79000000 
1499.94000000 
126.11000000 
4590.59000000 
5200.46000000 
1723.02000000 
4515.11000000 
502.71000000 
1862.60000000 
1073.26000000 
7046.09000000 
997.78000000 
2293.59000000 
2814.69000000 
1589.98000000 
1104.40000000 
4247.20000000 
1712.06000000 
1355.33000000 
961.26000000 
3111.18000000 
1445.95000000 
9187.87000000 
5316.27000000 
6687.92000000 
2359.67000000 
4928.37000000 
590.11000000 
1061.83000000 
736.52000000 
41.74000000 
1381.11000000 
632.29000000 
1142.16000000 
2537.70000000 
4236.47000000 
2587.50000000 
2162.72000000 
417.13000000 
881.48000000 
2300.21000000 
3364.24000000 
868.20000000 
2928.58000000 
1654.97000000 
1291.06000000 
924.40000000 
1413.63000000 
4321.84000000 
1032.48000000 
3687.04000000 
1447.05000000 
4992.87000000 
5369.14000000 
1211.49000000 
777.99000000 
2285.14000000 
1030.65000000 
1349.25000000 
722.29000000 
1381.03000000 
2795.44000000 
612.04000000 
1478.60000000 
2807.23000000 
297.63000000 
2741.38000000 
7150.98000000 
2940.79000000 
1184.75000000 
3434.10000000 
2622.17000000 
1854.97000000 
2582.81000000 
18553.43000000 
9502.97000000 
5832.53000000 
5715.81000000 
15062.15000000 
8300.41000000 
9722.53000000 
4896.57000000 
17592.51000000 
13687.85000000 
4683.61000000 
6110.34000000 
5451.07000000 
2433.04000000 
2081.03000000 
3286.59000000 
2996.53000000 
2850.60000000 
2949.82000000 
2623.34000000 
3532.86000000 
5567.93000000 
7277.24000000 
5854.76000000 
2040.70000000 
1110.04000000 
2182.25000000 
1665.02000000 
6240.34000000 
3383.62000000 
744.15000000 
1638.28000000 
3160.28000000 
2601.11000000 
7238.10000000 
2469.11000000 
4204.03000000 
2486.40000000 
2938.14000000 
6137.04000000 
5399.38000000 
3428.21000000 
1906.00000000 
3573.67000000 
6191.43000000 
3866.82000000 
3290.63000000 
1996.09000000 
2110.40000000 
1191.83000000 
3112.79000000 
3818.18000000 
8705.03000000 
6267.41000000 
20041.45000000 
12688.65000000 
10066.21000000 
4405.25000000 
14014.21000000 
11170.09000000 
9100.93000000 
3885.32000000 
8819.73000000 
5675.24000000 
1680.56000000 
1832.05000000 
6204.88000000 
916.99000000 
1981.69000000 
843.95000000 
5062.01000000 
2199.82000000 
6109.29000000 
2878.71000000 
1449.72000000 
1159.96000000 
2518.28000000 
3772.39000000 
439.96000000 
674.46000000 
486.41000000 
820.33000000 
5914.88000000 
3448.81000000 
3953.83000000 
10377.40000000 
5305.81000000 
587.21000000 
1696.64000000 
3314.05000000 
1400.08000000 
6821.11000000 
5428.58000000 
12345.52000000 
9266.24000000 
8125.30000000 
1061.52000000 
2858.71000000 
392.73000000 
1114.01000000 
321.45000000 
1229.64000000 
7343.95000000 
2098.81000000 
3156.95000000 
1860.43000000 
3796.21000000 
3253.53000000 
6459.40000000 
728.57000000 
5853.70000000 
3823.47000000 
2143.38000000 
1411.95000000 
590.29000000 
2483.10000000 
868.51000000 
342.34000000 
2577.70000000 
9024.78000000 
4980.81000000 
1050.49000000 
864.17000000 
4017.59000000 
6517.50000000 
4060.29000000 
1798.10000000 
10621.61000000 
2723.54000000 
2732.66000000 
7063.89000000 
5755.40000000 
1578.71000000 
2394.78000000 
1662.80000000 
1739.08000000 
2383.33000000 
2384.24000000 
3259.88000000 
1321.46000000 
818.00000000 
4101.62000000 
14562.21000000 
386.04000000 
1235.47000000 
609.92000000 
725.19000000 
2598.86000000 
1505.81000000 
1423.82000000 
3328.67000000 
2598.75000000 
2153.99000000 
1482.77000000 
8923.30000000 
3506.44000000 
3538.07000000 
3543.90000000 
6061.24000000 
2645.11000000 
1648.57000000 
10109.23000000 
1605.16000000 
18075.99000000 
752.60000000 
1771.24000000 
16335.02000000 
2248.76000000 
5918.78000000 
2500.55000000 
1985.88000000 
7929.24000000 
3356.57000000 
3170.36000000 
9385.73000000 
5215.70000000 
7460.99000000 
10748.72000000 
2012.61000000 
2682.96000000 
2933.72000000 
6295.58000000 
5945.13000000 
6023.36000000 
544.17000000 
3212.81000000 
7088.55000000 
15887.06000000 
17266.68000000 
20784.23000000 
27450.15000000 
6517.56000000 
2687.56000000 
5734.56000000 
3985.10000000 
4673.20000000 
9154.05000000 
7337.16000000 
5328.44000000 
15109.42000000 
1216.03000000 
7110.27000000 
7662.23000000 
3028.27000000 
1778.43000000 
23569.29000000 
10783.21000000 
2292.72000000 
5369.81000000 
13604.10000000 
4501.24000000 
10973.43000000 
9531.12000000 
7089.83000000 
1327.52000000 
15099.06000000 
10832.02000000 
23327.35000000 
9769.54000000 
6264.87000000 
9753.04000000 
30088.47000000 
22986.10000000 
24883.26000000 
10659.55000000 
21655.35000000 
21254.20000000 
18731.11000000 
8443.88000000 
25725.29000000 
12749.38000000 
19551.08000000 
31805.54000000 
22623.88000000 
9330.97000000 
6443.74000000 
12057.23000000 
19595.04000000 
33143.32000000 
6605.74000000 
9863.08000000 
16762.32000000 
10893.95000000 
2650.52000000 
10821.37000000 
19115.36000000 
7147.43000000 
20112.60000000 
8064.07000000 
6045.00000000 
33253.78000000 
39137.31000000 
16723.90000000 
17807.92000000 
32736.76000000 
57310.74000000 
11178.93000000 
11355.57000000 
23147.20000000 
32385.06000000 
41517.92000000 
56767.42000000 
36399.93000000 
44754.48000000 
100727.08000000 
87589.35000000 
32424.72000000 
34157.46000000 
81874.80000000 
66432.61000000 
50431.33000000 
32285.19000000 
54961.55000000 
136736.23000000 
106912.25000000 
41253.13000000 
43180.26000000 
44275.38000000 
92380.87000000 
24204.93000000 
39311.46000000 
16532.45000000 
13658.91000000 
13184.80000000 
8172.05000000 
13700.21000000 
14790.23000000 
7163.99000000 
4175.09000000 
15400.60000000 
9087.75000000 
17024.46000000 
26616.43000000 
19138.83000000 
16722.50000000 
8915.24000000 
5759.91000000 
12406.65000000 
13829.27000000 
6069.82000000 
14459.75000000 
5213.67000000 
6768.33000000 
12799.93000000 
18695.59000000 
12769.19000000 
38623.35000000 
27829.95000000 
34697.45000000 
27560.71000000 
37240.04000000 
27136.20000000 
10501.83000000 
8982.53000000 
7582.52000000 
8847.28000000 
29747.19000000 
21903.66000000 
11794.21000000 
12555.80000000 
10115.58000000 
18561.70000000 
26291.32000000 
11168.04000000 
3895.58000000 
4343.85000000 
1397.76000000 
1929.51000000 
2089.61000000 
1248.33000000 
4511.47000000 
10202.33000000 
786.77000000 
692.59000000 
320.24000000 
246.32000000 
1777.35000000 
2436.21000000 
7103.23000000 
6513.33000000 
812.78000000 
1577.07000000 
1737.39000000 
3573.80000000 
1467.90000000 
2682.17000000 
11321.28000000 
3185.53000000 
5249.66000000 
2135.30000000 
1149.51000000 
2715.52000000 
4509.39000000 
3591.52000000 
3187.46000000 
1540.81000000 
3163.34000000 
4072.23000000 
8392.67000000 
8627.48000000 
1719.60000000 
2208.11000000 
2823.15000000 
6424.20000000 
5662.28000000 
2660.97000000 
6742.43000000 
6587.78000000 
7489.13000000 
1648.50000000 
428.94000000 
667.71000000 
4539.36000000 
451.50000000 
3771.74000000 
711.60000000 
5375.14000000 
5256.81000000 
632.15000000 
6548.50000000 
795.08000000 
2764.06000000 
1003.86000000 
2501.04000000 
1414.89000000 
1381.73000000 
3993.38000000 
5090.19000000 
3961.75000000 
13895.98000000 
1690.64000000 
5136.60000000 
9213.13000000 
1302.82000000 
10543.95000000 
4390.22000000 
2856.67000000 
7272.88000000 
3743.38000000 
640.69000000 
3232.89000000 
3540.17000000 
3040.63000000 
6599.15000000 
6854.92000000 
3695.83000000 
2853.79000000 
1499.94000000 
126.11000000 
4590.59000000 
5200.46000000 
1723.02000000 
4515.11000000 
502.71000000 
1862.60000000 
1073.26000000 
7046.09000000 
997.78000000 
2293.59000000 
2814.69000000 
1589.98000000 
1104.40000000 
4247.20000000 
1712.06000000 
1355.33000000 
961.26000000 
3111.18000000 
1445.95000000 
9187.87000000 
5316.27000000 
6687.92000000 
2359.67000000 
4928.37000000 
590.11000000 
1061.83000000 
736.52000000 
41.74000000 
1381.11000000 
632.29000000 
1142.16000000 
2537.70000000 
4236.47000000 
2587.50000000 
2162.72000000 
417.13000000 
881.48000000 
2300.21000000 
3364.24000000 
868.20000000 
2928.58000000 
1654.97000000 
1291.06000000 
924.40000000 
1413.63000000 
4321.84000000 
1032.48000000 
3687.04000000 
1447.05000000 
4992.87000000 
5369.14000000 
1211.49000000 
777.99000000 
2285.14000000 
1030.65000000 
1349.25000000 
722.29000000 
1381.03000000 
2795.44000000 
612.04000000 
1478.60000000 
2807.23000000 
297.63000000 
2741.38000000 
7150.98000000 
2940.79000000 
1184.75000000 
3434.10000000 
2622.17000000 
1854.97000000 
2582.81000000 
18553.43000000 
9502.97000000 
5832.53000000 
5715.81000000 
15062.15000000 
8300.41000000 
9722.53000000 
4896.57000000 
17592.51000000 
13687.85000000 
4683.61000000 
6110.34000000 
5451.07000000 
2433.04000000 
2081.03000000 
3286.59000000 
2996.53000000 
2850.60000000 
2949.82000000 
2623.34000000 
3532.86000000 
5567.93000000 
7277.24000000 
5854.76000000 
2040.70000000 
1110.04000000 
2182.25000000 
1665.02000000 
6240.34000000 
3383.62000000 
744.15000000 
1638.28000000 
3160.28000000 
2601.11000000 
7238.10000000 
2469.11000000 
4204.03000000 
2486.40000000 
2938.14000000 
6137.04000000 
5399.38000000 
3428.21000000 
1906.00000000 
3573.67000000 
6191.43000000 
3866.82000000 
3290.63000000 
1996.09000000 
2110.40000000 
1191.83000000 
3112.79000000 
3818.18000000 
8705.03000000 
6267.41000000 
20041.45000000 
12688.65000000 
10066.21000000 
4405.25000000 
14014.21000000 
11170.09000000 
9100.93000000 
3885.32000000 
8819.73000000 
5675.24000000 
1680.56000000 
1832.05000000 
6204.88000000 
916.99000000 
1981.69000000 
843.95000000 
5062.01000000 
2199.82000000 
6109.29000000 
2878.71000000 
1449.72000000 
1159.96000000 
2518.28000000 
3772.39000000 
439.96000000 
674.46000000 
486.41000000 
820.33000000 
5914.88000000 
3448.81000000 
3953.83000000 
10377.40000000 
5305.81000000 
587.21000000 
1696.64000000 
3314.05000000 
1400.08000000 
6821.11000000 
5428.58000000 
12345.52000000 
9266.24000000 
8125.30000000 
1061.52000000 
2858.71000000 
392.73000000 
1114.01000000 
321.45000000 
1229.64000000 
7343.95000000 
2098.81000000 
3156.95000000 
1860.43000000 
3796.21000000 
3253.53000000 
6459.40000000 
728.57000000 
5853.70000000 
3823.47000000 
2143.38000000 
1411.95000000 
590.29000000 
2483.10000000 
868.51000000 
342.34000000 
2577.70000000 
9024.78000000 
4980.81000000 
1050.49000000 
864.17000000 
4017.59000000 
6517.50000000 
4060.29000000 
1798.10000000 
10621.61000000 
2723.54000000 
2732.66000000 
7063.89000000 
5755.40000000 
1578.71000000 
2394.78000000 
1662.80000000 
1739.08000000 
2383.33000000 
2384.24000000 
3259.88000000 
1321.46000000 
818.00000000 
4101.62000000 
14562.21000000 
386.04000000 
1235.47000000 
609.92000000 
725.19000000 
2598.86000000 
1505.81000000 
1423.82000000 
3328.67000000 
2598.75000000 
2153.99000000 
1482.77000000 
8923.30000000 
3506.44000000 
3538.07000000 
3543.90000000 
6061.24000000 
2645.11000000 
1648.57000000 
10109.23000000 
1605.16000000 
18075.99000000 
752.60000000 
1771.24000000 
16335.02000000 
2248.76000000 
5918.78000000 
2500.55000000 
1985.88000000 
7929.24000000 
3356.57000000 
3170.36000000 
9385.73000000 
5215.70000000 
7460.99000000 
10748.72000000 
2012.61000000 
2682.96000000 
2933.72000000 
6295.58000000 
5945.13000000 
6023.36000000 
544.17000000 
3212.81000000 
7088.55000000 
15887.06000000 
17266.68000000 
20784.23000000 
27450.15000000 
6517.56000000 
2687.56000000 
5734.56000000 
3985.10000000 
4673.20000000 
9154.05000000 
7337.16000000 
5328.44000000 
15109.42000000 
1216.03000000 
7110.27000000 
7662.23000000 
3028.27000000 
1778.43000000 
23569.29000000 
10783.21000000 
2292.72000000 
5369.81000000 
13604.10000000 
4501.24000000 
10973.43000000 
9531.12000000 
7089.83000000 
1327.52000000 
15099.06000000 
10832.02000000 
23327.35000000 
9769.54000000 
6264.87000000 
9753.04000000 
30088.47000000 
22986.10000000 
24883.26000000 
10659.55000000 
21655.35000000 
21254.20000000 
18731.11000000 
8443.88000000 
25725.29000000 
12749.38000000 
19551.08000000 
31805.54000000 
22623.88000000 
9330.97000000 
6443.74000000 
12057.23000000 
19595.04000000 
33143.32000000 
6605.74000000 
9863.08000000 
16762.32000000 
10893.95000000 
2650.52000000 
10821.37000000 
19115.36000000 
7147.43000000 
20112.60000000 
8064.07000000 
6045.00000000 
33253.78000000 
39137.31000000 
16723.90000000 
17807.92000000 
32736.76000000 
57310.74000000 
11178.93000000 
11355.57000000 
23147.20000000 
32385.06000000 
41517.92000000 
56767.42000000 
36399.93000000 
44754.48000000 
100727.08000000 
87589.35000000 
32424.72000000 
34157.46000000 
81874.80000000 
66432.61000000 
50431.33000000 
32285.19000000 
54961.55000000 
136736.23000000 
106912.25000000 
41253.13000000 
43180.26000000 
44275.38000000 
92380.87000000 
24204.93000000 
39311.46000000 
16532.45000000 
13658.91000000 
13184.80000000 
8172.05000000 
13700.21000000 
14790.23000000 
7163.99000000 
4175.09000000 
15400.60000000 
9087.75000000 
17024.46000000 
26616.43000000 
19138.83000000 
16722.50000000 
8915.24000000 
5759.91000000 
12406.65000000 
13829.27000000 
6069.82000000 
14459.75000000 
5213.67000000 
6768.33000000 
12799.93000000 
18695.59000000 
12769.19000000 
38623.35000000 
27829.95000000 
34697.45000000 
27560.71000000 
37240.04000000 
27136.20000000 
10501.83000000 
8982.53000000 
7582.52000000 
8847.28000000 
29747.19000000 
21903.66000000 
11794.21000000 
12555.80000000 
10115.58000000 
18561.70000000 
26291.32000000 
11168.04000000 
3895.58000000 
4343.85000000 
1397.76000000 
1929.51000000 
2089.61000000 
1248.33000000 
4511.47000000 
10202.33000000 
786.77000000 
692.59000000 
320.24000000 
246.32000000 
1777.35000000 
2436.21000000 
7103.23000000 
6513.33000000 
812.78000000 
1577.07000000 
1737.39000000 
3573.80000000 
1467.90000000 
2682.17000000 
11321.28000000 
3185.53000000 
5249.66000000 
2135.30000000 
1149.51000000 
2715.52000000 
4509.39000000 
3591.52000000 
3187.46000000 
1540.81000000 
3163.34000000 
4072.23000000 
8392.67000000 
8627.48000000 
1719.60000000 
2208.11000000 
2823.15000000 
6424.20000000 
5662.28000000 
2660.97000000 
6742.43000000 
6587.78000000 
7489.13000000 
