0.00153440 
0.00154330 
0.00154240 
0.00153260 
0.00152460 
0.00152990 
0.00152240 
0.00150710 
0.00151000 
0.00150780 
0.00148940 
0.00148090 
0.00147280 
0.00146600 
0.00146790 
0.00149800 
0.00149770 
0.00146780 
0.00153290 
0.00154630 
0.00154320 
0.00154050 
0.00153030 
0.00152090 
0.00152820 
0.00150270 
0.00149800 
0.00149790 
0.00151770 
0.00149850 
0.00147450 
0.00151150 
0.00151570 
0.00148780 
0.00150500 
0.00147080 
0.00145550 
0.00146810 
0.00146280 
0.00144880 
0.00144030 
0.00141930 
0.00142110 
0.00140010 
0.00138930 
0.00138000 
0.00138460 
0.00137560 
0.00138120 
0.00137990 
0.00136880 
0.00137000 
0.00137000 
0.00136200 
0.00136000 
0.00136010 
0.00135340 
0.00135120 
0.00135190 
0.00136000 
0.00133200 
0.00133280 
0.00132390 
0.00133670 
0.00133960 
0.00132390 
0.00132380 
0.00131900 
0.00132850 
0.00132510 
0.00131000 
0.00130220 
0.00131000 
0.00130970 
0.00130110 
0.00130500 
0.00129430 
0.00129670 
0.00130100 
0.00130610 
0.00130490 
0.00131350 
0.00131620 
0.00130780 
0.00131210 
0.00131290 
0.00131710 
0.00131550 
0.00133360 
0.00134000 
0.00134000 
0.00133010 
0.00132860 
0.00133030 
0.00133390 
0.00134310 
0.00132890 
0.00133660 
0.00134400 
0.00134760 
0.00134920 
0.00135750 
0.00136040 
0.00136740 
0.00136960 
0.00136010 
0.00136980 
0.00137320 
0.00136720 
0.00138520 
0.00138500 
0.00137970 
0.00137290 
0.00137660 
0.00137150 
0.00136210 
0.00136310 
0.00135170 
0.00136180 
0.00135570 
0.00137150 
0.00137060 
0.00134000 
0.00131910 
0.00130680 
0.00129790 
0.00129790 
0.00129150 
0.00128380 
0.00128370 
0.00128260 
0.00127360 
0.00128120 
0.00131420 
0.00129050 
0.00128730 
0.00127220 
0.00128710 
0.00126790 
0.00127250 
0.00128600 
0.00129360 
0.00129980 
0.00128320 
0.00132240 
0.00132700 
0.00133190 
0.00133900 
0.00134790 
0.00136900 
0.00136260 
0.00134680 
0.00134540 
0.00134990 
0.00133510 
0.00134650 
0.00132850 
0.00132990 
0.00132110 
0.00131510 
0.00129990 
0.00131550 
0.00129190 
0.00127270 
0.00127910 
0.00128010 
0.00127770 
0.00126540 
0.00126420 
0.00125210 
0.00125890 
0.00125890 
0.00125100 
0.00124620 
0.00125210 
0.00124610 
0.00123370 
0.00122820 
0.00123610 
0.00122330 
0.00121490 
0.00121510 
0.00121430 
0.00121320 
0.00121800 
0.00121430 
0.00121620 
0.00121060 
0.00119810 
0.00119050 
0.00119010 
0.00119250 
0.00120010 
0.00118820 
0.00119960 
0.00120560 
0.00119950 
0.00121210 
0.00121050 
0.00121050 
0.00121050 
0.00121040 
0.00121070 
0.00121210 
0.00121040 
0.00121240 
0.00121950 
0.00122480 
0.00123300 
0.00121480 
0.00121210 
0.00120950 
0.00121100 
0.00121210 
0.00122080 
0.00124380 
0.00123980 
0.00119670 
0.00120430 
0.00119980 
0.00120530 
0.00119710 
0.00121300 
0.00122020 
0.00122310 
0.00122350 
0.00122020 
0.00122090 
0.00123500 
0.00122620 
0.00123070 
0.00123140 
0.00123050 
0.00123100 
0.00123500 
0.00123790 
0.00123800 
0.00123610 
0.00122370 
0.00123000 
0.00123310 
0.00123270 
0.00121850 
0.00122010 
0.00121320 
0.00120040 
0.00120410 
0.00120940 
0.00121190 
0.00118020 
0.00117230 
0.00117790 
0.00116810 
0.00116890 
0.00115650 
0.00115950 
0.00115500 
0.00115500 
0.00115980 
0.00115510 
0.00115950 
0.00115950 
0.00115900 
0.00116080 
0.00116050 
0.00115570 
0.00115500 
0.00115620 
0.00116030 
0.00117570 
0.00117500 
0.00116720 
0.00116020 
0.00116000 
0.00116500 
0.00116430 
0.00116040 
0.00115940 
0.00115910 
0.00116270 
0.00116910 
0.00117270 
0.00119090 
0.00119060 
0.00119140 
0.00119850 
0.00120000 
0.00120020 
0.00120480 
0.00120440 
0.00120640 
0.00120020 
0.00120020 
0.00120020 
0.00120020 
0.00120010 
0.00120150 
0.00120210 
0.00120200 
0.00120710 
0.00120350 
0.00120690 
0.00120180 
0.00120210 
0.00120690 
0.00121810 
0.00123130 
0.00121500 
0.00121090 
0.00121250 
0.00121150 
0.00121850 
0.00120770 
0.00122600 
0.00123280 
0.00122930 
0.00123270 
0.00122570 
0.00122770 
0.00122440 
0.00122310 
0.00122250 
0.00122240 
0.00121410 
0.00120930 
0.00120670 
0.00122020 
0.00122260 
0.00122590 
0.00121610 
0.00122030 
0.00122280 
0.00123220 
0.00123630 
0.00123630 
0.00123800 
0.00123850 
0.00123880 
0.00123880 
0.00123950 
0.00123940 
0.00124630 
0.00123920 
0.00124750 
0.00124060 
0.00124760 
0.00125550 
0.00124780 
0.00124000 
0.00124000 
0.00124020 
0.00125190 
0.00124730 
0.00124850 
0.00123930 
0.00124580 
0.00123880 
0.00123880 
0.00123820 
0.00123820 
0.00123830 
0.00124680 
0.00125500 
0.00126190 
0.00126250 
0.00124600 
0.00124950 
0.00125010 
0.00125680 
0.00125830 
0.00125420 
0.00126640 
0.00127480 
0.00127050 
0.00127000 
0.00126210 
0.00126290 
0.00126200 
0.00125650 
0.00124920 
0.00124930 
0.00124760 
0.00124750 
0.00124080 
0.00124550 
0.00124930 
0.00124740 
0.00124230 
0.00124620 
0.00124140 
0.00124530 
0.00124590 
0.00125870 
0.00126050 
0.00126050 
0.00126220 
0.00127430 
0.00127030 
0.00127020 
0.00127510 
0.00127380 
0.00127300 
0.00127020 
0.00127810 
0.00129020 
0.00128860 
0.00127560 
0.00128000 
0.00127590 
0.00127590 
0.00127900 
0.00128510 
0.00128510 
0.00128510 
0.00128950 
0.00128510 
0.00128520 
0.00129070 
0.00128510 
0.00128510 
0.00128540 
0.00127640 
0.00127800 
0.00129000 
0.00128710 
0.00128290 
0.00128600 
0.00128510 
0.00128260 
0.00128500 
0.00128340 
0.00127360 
0.00126210 
0.00125230 
0.00123960 
0.00124180 
0.00124760 
0.00124600 
0.00123900 
0.00125010 
0.00124600 
0.00124710 
0.00123920 
0.00123960 
0.00124050 
0.00122230 
0.00124680 
0.00127020 
0.00127900 
0.00127440 
0.00127440 
0.00126440 
0.00126680 
0.00128000 
0.00129180 
0.00129980 
0.00131640 
0.00133090 
0.00133440 
0.00133890 
0.00134480 
0.00133930 
0.00134160 
0.00135000 
0.00135070 
0.00135670 
0.00135120 
0.00135620 
0.00135800 
0.00136040 
0.00134990 
0.00134080 
0.00133420 
0.00133490 
0.00133080 
0.00132550 
0.00133090 
0.00132810 
0.00132360 
0.00132200 
0.00153440 
0.00154330 
0.00154240 
0.00153260 
0.00152460 
0.00152990 
0.00152240 
0.00150710 
0.00151000 
0.00150780 
0.00148940 
0.00148090 
0.00147280 
0.00146600 
0.00146790 
0.00149800 
0.00149770 
0.00146780 
0.00153290 
0.00154630 
0.00154320 
0.00154050 
0.00153030 
0.00152090 
0.00152820 
0.00150270 
0.00149800 
0.00149790 
0.00151770 
0.00149850 
0.00147450 
0.00151150 
0.00151570 
0.00148780 
0.00150500 
0.00147080 
0.00145550 
0.00146810 
0.00146280 
0.00144880 
0.00144030 
0.00141930 
0.00142110 
0.00140010 
0.00138930 
0.00138000 
0.00138460 
0.00137560 
0.00138120 
0.00137990 
0.00136880 
0.00137000 
0.00137000 
0.00136200 
0.00136000 
0.00136010 
0.00135340 
0.00135120 
0.00135190 
0.00136000 
0.00133200 
0.00133280 
0.00132390 
0.00133670 
0.00133960 
0.00132390 
0.00132380 
0.00131900 
0.00132850 
0.00132510 
0.00131000 
0.00130220 
0.00131000 
0.00130970 
0.00130110 
0.00130500 
0.00129430 
0.00129670 
0.00130100 
0.00130610 
0.00130490 
0.00131350 
0.00131620 
0.00130780 
0.00131210 
0.00131290 
0.00131710 
0.00131550 
0.00133360 
0.00134000 
0.00134000 
0.00133010 
0.00132860 
0.00133030 
0.00133390 
0.00134310 
0.00132890 
0.00133660 
0.00134400 
0.00134760 
0.00134920 
0.00135750 
0.00136040 
0.00136740 
0.00136960 
0.00136010 
0.00136980 
0.00137320 
0.00136720 
0.00138520 
0.00138500 
0.00137970 
0.00137290 
0.00137660 
0.00137150 
0.00136210 
0.00136310 
0.00135170 
0.00136180 
0.00135570 
0.00137150 
0.00137060 
0.00134000 
0.00131910 
0.00130680 
0.00129790 
0.00129790 
0.00129150 
0.00128380 
0.00128370 
0.00128260 
0.00127360 
0.00128120 
0.00131420 
0.00129050 
0.00128730 
0.00127220 
0.00128710 
0.00126790 
0.00127250 
0.00128600 
0.00129360 
0.00129980 
0.00128320 
0.00132240 
0.00132700 
0.00133190 
0.00133900 
0.00134790 
0.00136900 
0.00136260 
0.00134680 
0.00134540 
0.00134990 
0.00133510 
0.00134650 
0.00132850 
0.00132990 
0.00132110 
0.00131510 
0.00129990 
0.00131550 
0.00129190 
0.00127270 
0.00127910 
0.00128010 
0.00127770 
0.00126540 
0.00126420 
0.00125210 
0.00125890 
0.00125890 
0.00125100 
0.00124620 
0.00125210 
0.00124610 
0.00123370 
0.00122820 
0.00123610 
0.00122330 
0.00121490 
0.00121510 
0.00121430 
0.00121320 
0.00121800 
0.00121430 
0.00121620 
0.00121060 
0.00119810 
0.00119050 
0.00119010 
0.00119250 
0.00120010 
0.00118820 
0.00119960 
0.00120560 
0.00119950 
0.00121210 
0.00121050 
0.00121050 
0.00121050 
0.00121040 
0.00121070 
0.00121210 
0.00121040 
0.00121240 
0.00121950 
0.00122480 
0.00123300 
0.00121480 
0.00121210 
0.00120950 
0.00121100 
0.00121210 
0.00122080 
0.00124380 
0.00123980 
0.00119670 
0.00120430 
0.00119980 
0.00120530 
0.00119710 
0.00121300 
0.00122020 
0.00122310 
0.00122350 
0.00122020 
0.00122090 
0.00123500 
0.00122620 
0.00123070 
0.00123140 
0.00123050 
0.00123100 
0.00123500 
0.00123790 
0.00123800 
0.00123610 
0.00122370 
0.00123000 
0.00123310 
0.00123270 
0.00121850 
0.00122010 
0.00121320 
0.00120040 
0.00120410 
0.00120940 
0.00121190 
0.00118020 
0.00117230 
0.00117790 
0.00116810 
0.00116890 
0.00115650 
0.00115950 
0.00115500 
0.00115500 
0.00115980 
0.00115510 
0.00115950 
0.00115950 
0.00115900 
0.00116080 
0.00116050 
0.00115570 
0.00115500 
0.00115620 
0.00116030 
0.00117570 
0.00117500 
0.00116720 
0.00116020 
0.00116000 
0.00116500 
0.00116430 
0.00116040 
0.00115940 
0.00115910 
0.00116270 
0.00116910 
0.00117270 
0.00119090 
0.00119060 
0.00119140 
0.00119850 
0.00120000 
0.00120020 
0.00120480 
0.00120440 
0.00120640 
0.00120020 
0.00120020 
0.00120020 
0.00120020 
0.00120010 
0.00120150 
0.00120210 
0.00120200 
0.00120710 
0.00120350 
0.00120690 
0.00120180 
0.00120210 
0.00120690 
0.00121810 
0.00123130 
0.00121500 
0.00121090 
0.00121250 
0.00121150 
0.00121850 
0.00120770 
0.00122600 
0.00123280 
0.00122930 
0.00123270 
0.00122570 
0.00122770 
0.00122440 
0.00122310 
0.00122250 
0.00122240 
0.00121410 
0.00120930 
0.00120670 
0.00122020 
0.00122260 
0.00122590 
0.00121610 
0.00122030 
0.00122280 
0.00123220 
0.00123630 
0.00123630 
0.00123800 
0.00123850 
0.00123880 
0.00123880 
0.00123950 
0.00123940 
0.00124630 
0.00123920 
0.00124750 
0.00124060 
0.00124760 
0.00125550 
0.00124780 
0.00124000 
0.00124000 
0.00124020 
0.00125190 
0.00124730 
0.00124850 
0.00123930 
0.00124580 
0.00123880 
0.00123880 
0.00123820 
0.00123820 
0.00123830 
0.00124680 
0.00125500 
0.00126190 
0.00126250 
0.00124600 
0.00124950 
0.00125010 
0.00125680 
0.00125830 
0.00125420 
0.00126640 
0.00127480 
0.00127050 
0.00127000 
0.00126210 
0.00126290 
0.00126200 
0.00125650 
0.00124920 
0.00124930 
0.00124760 
0.00124750 
0.00124080 
0.00124550 
0.00124930 
0.00124740 
0.00124230 
0.00124620 
0.00124140 
0.00124530 
0.00124590 
0.00125870 
0.00126050 
0.00126050 
0.00126220 
0.00127430 
0.00127030 
0.00127020 
0.00127510 
0.00127380 
0.00127300 
0.00127020 
0.00127810 
0.00129020 
0.00128860 
0.00127560 
0.00128000 
0.00127590 
0.00127590 
0.00127900 
0.00128510 
0.00128510 
0.00128510 
0.00128950 
0.00128510 
0.00128520 
0.00129070 
0.00128510 
0.00128510 
0.00128540 
0.00127640 
0.00127800 
0.00129000 
0.00128710 
0.00128290 
0.00128600 
0.00128510 
0.00128260 
0.00128500 
0.00128340 
0.00127360 
0.00126210 
0.00125230 
0.00123960 
0.00124180 
0.00124760 
0.00124600 
0.00123900 
0.00125010 
0.00124600 
0.00124710 
0.00123920 
0.00123960 
0.00124050 
0.00122230 
0.00124680 
0.00127020 
0.00127900 
0.00127440 
0.00127440 
0.00126440 
0.00126680 
0.00128000 
0.00129180 
0.00129980 
0.00131640 
0.00133090 
0.00133440 
0.00133890 
0.00134480 
0.00133930 
0.00134160 
0.00135000 
0.00135070 
0.00135670 
0.00135120 
0.00135620 
0.00135800 
0.00136040 
0.00134990 
0.00134080 
0.00133420 
0.00133490 
0.00133080 
0.00132550 
0.00133090 
0.00132810 
0.00132360 
0.00132200 
0.00153440 
0.00154330 
0.00154240 
0.00153260 
0.00152460 
0.00152990 
0.00152240 
0.00150710 
0.00151000 
0.00150780 
0.00148940 
0.00148090 
0.00147280 
0.00146600 
0.00146790 
0.00149800 
0.00149770 
0.00146780 
0.00153290 
0.00154630 
0.00154320 
0.00154050 
0.00153030 
0.00152090 
0.00152820 
0.00150270 
0.00149800 
0.00149790 
0.00151770 
0.00149850 
0.00147450 
0.00151150 
0.00151570 
0.00148780 
0.00150500 
0.00147080 
0.00145550 
0.00146810 
0.00146280 
0.00144880 
0.00144030 
0.00141930 
0.00142110 
0.00140010 
0.00138930 
0.00138000 
0.00138460 
0.00137560 
0.00138120 
0.00137990 
0.00136880 
0.00137000 
0.00137000 
0.00136200 
0.00136000 
0.00136010 
0.00135340 
0.00135120 
0.00135190 
0.00136000 
0.00133200 
0.00133280 
0.00132390 
0.00133670 
0.00133960 
0.00132390 
0.00132380 
0.00131900 
0.00132850 
0.00132510 
0.00131000 
0.00130220 
0.00131000 
0.00130970 
0.00130110 
0.00130500 
0.00129430 
0.00129670 
0.00130100 
0.00130610 
0.00130490 
0.00131350 
0.00131620 
0.00130780 
0.00131210 
0.00131290 
0.00131710 
0.00131550 
0.00133360 
0.00134000 
0.00134000 
0.00133010 
0.00132860 
0.00133030 
0.00133390 
0.00134310 
0.00132890 
0.00133660 
0.00134400 
0.00134760 
0.00134920 
0.00135750 
0.00136040 
0.00136740 
0.00136960 
0.00136010 
0.00136980 
0.00137320 
0.00136720 
0.00138520 
0.00138500 
0.00137970 
0.00137290 
0.00137660 
0.00137150 
0.00136210 
0.00136310 
0.00135170 
0.00136180 
0.00135570 
0.00137150 
0.00137060 
0.00134000 
0.00131910 
0.00130680 
0.00129790 
0.00129790 
0.00129150 
0.00128380 
0.00128370 
0.00128260 
0.00127360 
0.00128120 
0.00131420 
0.00129050 
0.00128730 
0.00127220 
0.00128710 
0.00126790 
0.00127250 
0.00128600 
0.00129360 
0.00129980 
0.00128320 
0.00132240 
0.00132700 
0.00133190 
0.00133900 
0.00134790 
0.00136900 
0.00136260 
0.00134680 
0.00134540 
0.00134990 
0.00133510 
0.00134650 
0.00132850 
0.00132990 
0.00132110 
0.00131510 
0.00129990 
0.00131550 
0.00129190 
0.00127270 
0.00127910 
0.00128010 
0.00127770 
0.00126540 
0.00126420 
0.00125210 
0.00125890 
0.00125890 
0.00125100 
0.00124620 
0.00125210 
0.00124610 
0.00123370 
0.00122820 
0.00123610 
0.00122330 
0.00121490 
0.00121510 
0.00121430 
0.00121320 
0.00121800 
0.00121430 
0.00121620 
0.00121060 
0.00119810 
0.00119050 
0.00119010 
0.00119250 
0.00120010 
0.00118820 
0.00119960 
0.00120560 
0.00119950 
0.00121210 
0.00121050 
0.00121050 
0.00121050 
0.00121040 
0.00121070 
0.00121210 
0.00121040 
0.00121240 
0.00121950 
0.00122480 
0.00123300 
0.00121480 
0.00121210 
0.00120950 
0.00121100 
0.00121210 
0.00122080 
0.00124380 
0.00123980 
0.00119670 
0.00120430 
0.00119980 
0.00120530 
0.00119710 
0.00121300 
0.00122020 
0.00122310 
0.00122350 
0.00122020 
0.00122090 
0.00123500 
0.00122620 
0.00123070 
0.00123140 
0.00123050 
0.00123100 
0.00123500 
0.00123790 
0.00123800 
0.00123610 
0.00122370 
0.00123000 
0.00123310 
0.00123270 
0.00121850 
0.00122010 
0.00121320 
0.00120040 
0.00120410 
0.00120940 
0.00121190 
0.00118020 
0.00117230 
0.00117790 
0.00116810 
0.00116890 
0.00115650 
0.00115950 
0.00115500 
0.00115500 
0.00115980 
0.00115510 
0.00115950 
0.00115950 
0.00115900 
0.00116080 
0.00116050 
0.00115570 
0.00115500 
0.00115620 
0.00116030 
0.00117570 
0.00117500 
0.00116720 
0.00116020 
0.00116000 
0.00116500 
0.00116430 
0.00116040 
0.00115940 
0.00115910 
0.00116270 
0.00116910 
0.00117270 
0.00119090 
0.00119060 
0.00119140 
0.00119850 
0.00120000 
0.00120020 
0.00120480 
0.00120440 
0.00120640 
0.00120020 
0.00120020 
0.00120020 
0.00120020 
0.00120010 
0.00120150 
0.00120210 
0.00120200 
0.00120710 
0.00120350 
0.00120690 
0.00120180 
0.00120210 
0.00120690 
0.00121810 
0.00123130 
0.00121500 
0.00121090 
0.00121250 
0.00121150 
0.00121850 
0.00120770 
0.00122600 
0.00123280 
0.00122930 
0.00123270 
0.00122570 
0.00122770 
0.00122440 
0.00122310 
0.00122250 
0.00122240 
0.00121410 
0.00120930 
0.00120670 
0.00122020 
0.00122260 
0.00122590 
0.00121610 
0.00122030 
0.00122280 
0.00123220 
0.00123630 
0.00123630 
0.00123800 
0.00123850 
0.00123880 
0.00123880 
0.00123950 
0.00123940 
0.00124630 
0.00123920 
0.00124750 
0.00124060 
0.00124760 
0.00125550 
0.00124780 
0.00124000 
0.00124000 
0.00124020 
0.00125190 
0.00124730 
0.00124850 
0.00123930 
0.00124580 
0.00123880 
0.00123880 
0.00123820 
0.00123820 
0.00123830 
0.00124680 
0.00125500 
0.00126190 
0.00126250 
0.00124600 
0.00124950 
0.00125010 
0.00125680 
0.00125830 
0.00125420 
0.00126640 
0.00127480 
0.00127050 
0.00127000 
0.00126210 
0.00126290 
0.00126200 
0.00125650 
0.00124920 
0.00124930 
0.00124760 
0.00124750 
0.00124080 
0.00124550 
0.00124930 
0.00124740 
0.00124230 
0.00124620 
0.00124140 
0.00124530 
0.00124590 
0.00125870 
0.00126050 
0.00126050 
0.00126220 
0.00127430 
0.00127030 
0.00127020 
0.00127510 
0.00127380 
0.00127300 
0.00127020 
0.00127810 
0.00129020 
0.00128860 
0.00127560 
0.00128000 
0.00127590 
0.00127590 
0.00127900 
0.00128510 
0.00128510 
0.00128510 
0.00128950 
0.00128510 
0.00128520 
0.00129070 
0.00128510 
0.00128510 
0.00128540 
0.00127640 
0.00127800 
0.00129000 
0.00128710 
0.00128290 
0.00128600 
0.00128510 
0.00128260 
0.00128500 
0.00128340 
0.00127360 
0.00126210 
0.00125230 
0.00123960 
0.00124180 
0.00124760 
0.00124600 
0.00123900 
0.00125010 
0.00124600 
0.00124710 
0.00123920 
0.00123960 
0.00124050 
0.00122230 
0.00124680 
0.00127020 
0.00127900 
0.00127440 
0.00127440 
0.00126440 
0.00126680 
0.00128000 
0.00129180 
0.00129980 
0.00131640 
0.00133090 
0.00133440 
0.00133890 
0.00134480 
0.00133930 
0.00134160 
0.00135000 
0.00135070 
0.00135670 
0.00135120 
0.00135620 
0.00135800 
0.00136040 
0.00134990 
0.00134080 
0.00133420 
0.00133490 
0.00133080 
0.00132550 
0.00133090 
0.00132810 
0.00132360 
0.00132200 
