545.35000000 
940.37000000 
629.63000000 
1646.43000000 
600.12000000 
456.13000000 
213.71000000 
941.26000000 
1475.88000000 
1151.71000000 
747.72000000 
240.05000000 
1260.90000000 
1325.81000000 
515.21000000 
360.61000000 
951.97000000 
1285.79000000 
3821.79000000 
2018.39000000 
190.88000000 
1142.83000000 
808.24000000 
1306.47000000 
863.37000000 
2224.63000000 
710.99000000 
508.77000000 
2643.80000000 
570.10000000 
1451.53000000 
1847.82000000 
3045.64000000 
2160.31000000 
2377.56000000 
3202.21000000 
943.08000000 
909.18000000 
1121.90000000 
1076.80000000 
912.30000000 
652.27000000 
1039.44000000 
2125.97000000 
1337.25000000 
696.05000000 
58.65000000 
784.69000000 
86.32000000 
232.42000000 
390.33000000 
703.31000000 
299.81000000 
514.27000000 
641.30000000 
130.45000000 
493.18000000 
438.81000000 
271.53000000 
513.12000000 
557.40000000 
150.38000000 
83.73000000 
266.42000000 
454.14000000 
404.72000000 
119.79000000 
22.03000000 
124.68000000 
247.29000000 
983.54000000 
325.10000000 
157.69000000 
445.59000000 
23.58000000 
762.36000000 
414.87000000 
71.76000000 
606.37000000 
385.88000000 
377.39000000 
444.29000000 
201.62000000 
346.43000000 
642.77000000 
813.82000000 
100.32000000 
120.11000000 
1062.03000000 
121.18000000 
270.52000000 
173.73000000 
143.95000000 
292.88000000 
325.47000000 
267.18000000 
1504.02000000 
206.44000000 
585.88000000 
173.13000000 
301.95000000 
719.05000000 
166.53000000 
728.54000000 
345.79000000 
121.74000000 
279.74000000 
405.61000000 
671.97000000 
1160.40000000 
303.32000000 
192.98000000 
652.70000000 
483.48000000 
391.45000000 
203.67000000 
285.66000000 
227.48000000 
682.60000000 
246.80000000 
328.10000000 
1371.43000000 
2854.38000000 
1053.48000000 
131.83000000 
140.74000000 
743.93000000 
393.51000000 
719.89000000 
259.10000000 
52.20000000 
266.47000000 
578.99000000 
1529.91000000 
121.42000000 
304.05000000 
365.91000000 
206.61000000 
1865.28000000 
110.89000000 
1655.74000000 
202.71000000 
155.84000000 
1255.36000000 
821.24000000 
200.32000000 
307.67000000 
420.29000000 
1916.58000000 
2595.78000000 
994.27000000 
528.78000000 
193.69000000 
276.22000000 
247.19000000 
707.15000000 
570.87000000 
583.20000000 
512.18000000 
938.90000000 
611.54000000 
620.94000000 
497.89000000 
873.93000000 
253.55000000 
701.21000000 
1816.17000000 
1261.38000000 
460.38000000 
673.16000000 
205.20000000 
123.30000000 
873.74000000 
48.08000000 
277.35000000 
458.73000000 
2093.82000000 
50.76000000 
97.73000000 
130.40000000 
70.37000000 
62.50000000 
114.65000000 
114.71000000 
217.98000000 
257.80000000 
212.16000000 
1624.11000000 
132.32000000 
735.12000000 
189.90000000 
116.53000000 
233.24000000 
80.45000000 
428.32000000 
293.54000000 
178.25000000 
137.66000000 
166.05000000 
70.38000000 
48.99000000 
145.36000000 
344.64000000 
114.81000000 
667.03000000 
137.26000000 
325.30000000 
145.73000000 
917.76000000 
445.76000000 
67.53000000 
148.82000000 
78.96000000 
265.32000000 
271.67000000 
627.26000000 
652.25000000 
1106.33000000 
259.84000000 
447.40000000 
45.98000000 
171.40000000 
250.41000000 
154.83000000 
126.20000000 
85.45000000 
164.89000000 
645.12000000 
27.23000000 
488.66000000 
188.80000000 
157.12000000 
72.67000000 
371.62000000 
613.37000000 
347.21000000 
570.06000000 
293.51000000 
459.72000000 
188.35000000 
69.33000000 
752.71000000 
184.75000000 
326.25000000 
186.52000000 
392.42000000 
101.71000000 
447.11000000 
333.57000000 
1269.95000000 
151.74000000 
197.65000000 
53.90000000 
69.83000000 
679.22000000 
511.65000000 
294.92000000 
29.00000000 
112.93000000 
358.25000000 
375.38000000 
106.82000000 
104.28000000 
1183.48000000 
395.44000000 
381.51000000 
345.02000000 
156.20000000 
76.14000000 
389.16000000 
1127.99000000 
194.80000000 
593.50000000 
544.14000000 
681.15000000 
269.85000000 
321.91000000 
87.89000000 
82.42000000 
198.41000000 
832.54000000 
1389.24000000 
1655.12000000 
558.37000000 
25.96000000 
228.56000000 
576.80000000 
786.64000000 
211.61000000 
237.68000000 
901.14000000 
57.41000000 
46.02000000 
67.97000000 
377.11000000 
45.76000000 
676.88000000 
664.68000000 
410.29000000 
258.13000000 
77.17000000 
38.15000000 
150.16000000 
213.83000000 
52.30000000 
221.90000000 
321.41000000 
72.84000000 
297.90000000 
158.93000000 
172.43000000 
234.56000000 
469.05000000 
759.76000000 
197.17000000 
194.73000000 
358.75000000 
62.80000000 
183.57000000 
281.91000000 
219.35000000 
72.31000000 
240.17000000 
426.06000000 
758.35000000 
75.81000000 
1430.59000000 
912.95000000 
100.95000000 
710.64000000 
482.47000000 
185.42000000 
61.66000000 
288.32000000 
126.79000000 
116.20000000 
130.36000000 
445.09000000 
217.03000000 
245.96000000 
383.86000000 
81.61000000 
125.61000000 
470.87000000 
101.82000000 
73.78000000 
117.13000000 
72.10000000 
477.30000000 
372.62000000 
264.07000000 
357.25000000 
339.03000000 
267.08000000 
1067.23000000 
784.21000000 
202.82000000 
113.83000000 
1883.93000000 
89.59000000 
145.83000000 
78.66000000 
82.94000000 
60.08000000 
25.69000000 
1224.88000000 
215.48000000 
279.05000000 
250.69000000 
358.12000000 
76.86000000 
188.66000000 
267.10000000 
266.04000000 
382.71000000 
138.85000000 
37.95000000 
145.91000000 
280.26000000 
816.14000000 
202.20000000 
139.31000000 
475.54000000 
390.71000000 
172.39000000 
111.22000000 
69.67000000 
47.67000000 
543.86000000 
645.19000000 
72.86000000 
70.61000000 
206.27000000 
756.28000000 
142.51000000 
577.72000000 
610.65000000 
176.91000000 
100.78000000 
284.55000000 
50.13000000 
56.15000000 
116.23000000 
620.31000000 
61.22000000 
456.02000000 
557.50000000 
327.03000000 
42.62000000 
51.48000000 
164.76000000 
204.44000000 
84.58000000 
33.44000000 
107.95000000 
254.74000000 
51.07000000 
85.65000000 
467.21000000 
102.29000000 
542.29000000 
93.81000000 
108.66000000 
504.05000000 
44.96000000 
52.61000000 
101.91000000 
57.92000000 
220.85000000 
341.88000000 
184.73000000 
741.57000000 
1047.61000000 
285.38000000 
294.02000000 
441.16000000 
334.88000000 
164.21000000 
201.11000000 
157.98000000 
120.72000000 
214.11000000 
602.74000000 
55.00000000 
55.82000000 
675.27000000 
1203.76000000 
2117.26000000 
252.71000000 
55.21000000 
83.12000000 
62.39000000 
87.42000000 
404.96000000 
509.23000000 
171.76000000 
1444.13000000 
456.82000000 
292.82000000 
252.14000000 
62.20000000 
156.89000000 
160.38000000 
170.31000000 
338.54000000 
101.29000000 
143.21000000 
39.70000000 
208.78000000 
1202.49000000 
764.37000000 
178.29000000 
635.58000000 
83.03000000 
365.97000000 
265.77000000 
317.27000000 
119.20000000 
150.70000000 
87.83000000 
545.35000000 
940.37000000 
629.63000000 
1646.43000000 
600.12000000 
456.13000000 
213.71000000 
941.26000000 
1475.88000000 
1151.71000000 
747.72000000 
240.05000000 
1260.90000000 
1325.81000000 
515.21000000 
360.61000000 
951.97000000 
1285.79000000 
3821.79000000 
2018.39000000 
190.88000000 
1142.83000000 
808.24000000 
1306.47000000 
863.37000000 
2224.63000000 
710.99000000 
508.77000000 
2643.80000000 
570.10000000 
1451.53000000 
1847.82000000 
3045.64000000 
2160.31000000 
2377.56000000 
3202.21000000 
943.08000000 
909.18000000 
1121.90000000 
1076.80000000 
912.30000000 
652.27000000 
1039.44000000 
2125.97000000 
1337.25000000 
696.05000000 
58.65000000 
784.69000000 
86.32000000 
232.42000000 
390.33000000 
703.31000000 
299.81000000 
514.27000000 
641.30000000 
130.45000000 
493.18000000 
438.81000000 
271.53000000 
513.12000000 
557.40000000 
150.38000000 
83.73000000 
266.42000000 
454.14000000 
404.72000000 
119.79000000 
22.03000000 
124.68000000 
247.29000000 
983.54000000 
325.10000000 
157.69000000 
445.59000000 
23.58000000 
762.36000000 
414.87000000 
71.76000000 
606.37000000 
385.88000000 
377.39000000 
444.29000000 
201.62000000 
346.43000000 
642.77000000 
813.82000000 
100.32000000 
120.11000000 
1062.03000000 
121.18000000 
270.52000000 
173.73000000 
143.95000000 
292.88000000 
325.47000000 
267.18000000 
1504.02000000 
206.44000000 
585.88000000 
173.13000000 
301.95000000 
719.05000000 
166.53000000 
728.54000000 
345.79000000 
121.74000000 
279.74000000 
405.61000000 
671.97000000 
1160.40000000 
303.32000000 
192.98000000 
652.70000000 
483.48000000 
391.45000000 
203.67000000 
285.66000000 
227.48000000 
682.60000000 
246.80000000 
328.10000000 
1371.43000000 
2854.38000000 
1053.48000000 
131.83000000 
140.74000000 
743.93000000 
393.51000000 
719.89000000 
259.10000000 
52.20000000 
266.47000000 
578.99000000 
1529.91000000 
121.42000000 
304.05000000 
365.91000000 
206.61000000 
1865.28000000 
110.89000000 
1655.74000000 
202.71000000 
155.84000000 
1255.36000000 
821.24000000 
200.32000000 
307.67000000 
420.29000000 
1916.58000000 
2595.78000000 
994.27000000 
528.78000000 
193.69000000 
276.22000000 
247.19000000 
707.15000000 
570.87000000 
583.20000000 
512.18000000 
938.90000000 
611.54000000 
620.94000000 
497.89000000 
873.93000000 
253.55000000 
701.21000000 
1816.17000000 
1261.38000000 
460.38000000 
673.16000000 
205.20000000 
123.30000000 
873.74000000 
48.08000000 
277.35000000 
458.73000000 
2093.82000000 
50.76000000 
97.73000000 
130.40000000 
70.37000000 
62.50000000 
114.65000000 
114.71000000 
217.98000000 
257.80000000 
212.16000000 
1624.11000000 
132.32000000 
735.12000000 
189.90000000 
116.53000000 
233.24000000 
80.45000000 
428.32000000 
293.54000000 
178.25000000 
137.66000000 
166.05000000 
70.38000000 
48.99000000 
145.36000000 
344.64000000 
114.81000000 
667.03000000 
137.26000000 
325.30000000 
145.73000000 
917.76000000 
445.76000000 
67.53000000 
148.82000000 
78.96000000 
265.32000000 
271.67000000 
627.26000000 
652.25000000 
1106.33000000 
259.84000000 
447.40000000 
45.98000000 
171.40000000 
250.41000000 
154.83000000 
126.20000000 
85.45000000 
164.89000000 
645.12000000 
27.23000000 
488.66000000 
188.80000000 
157.12000000 
72.67000000 
371.62000000 
613.37000000 
347.21000000 
570.06000000 
293.51000000 
459.72000000 
188.35000000 
69.33000000 
752.71000000 
184.75000000 
326.25000000 
186.52000000 
392.42000000 
101.71000000 
447.11000000 
333.57000000 
1269.95000000 
151.74000000 
197.65000000 
53.90000000 
69.83000000 
679.22000000 
511.65000000 
294.92000000 
29.00000000 
112.93000000 
358.25000000 
375.38000000 
106.82000000 
104.28000000 
1183.48000000 
395.44000000 
381.51000000 
345.02000000 
156.20000000 
76.14000000 
389.16000000 
1127.99000000 
194.80000000 
593.50000000 
544.14000000 
681.15000000 
269.85000000 
321.91000000 
87.89000000 
82.42000000 
198.41000000 
832.54000000 
1389.24000000 
1655.12000000 
558.37000000 
25.96000000 
228.56000000 
576.80000000 
786.64000000 
211.61000000 
237.68000000 
901.14000000 
57.41000000 
46.02000000 
67.97000000 
377.11000000 
45.76000000 
676.88000000 
664.68000000 
410.29000000 
258.13000000 
77.17000000 
38.15000000 
150.16000000 
213.83000000 
52.30000000 
221.90000000 
321.41000000 
72.84000000 
297.90000000 
158.93000000 
172.43000000 
234.56000000 
469.05000000 
759.76000000 
197.17000000 
194.73000000 
358.75000000 
62.80000000 
183.57000000 
281.91000000 
219.35000000 
72.31000000 
240.17000000 
426.06000000 
758.35000000 
75.81000000 
1430.59000000 
912.95000000 
100.95000000 
710.64000000 
482.47000000 
185.42000000 
61.66000000 
288.32000000 
126.79000000 
116.20000000 
130.36000000 
445.09000000 
217.03000000 
245.96000000 
383.86000000 
81.61000000 
125.61000000 
470.87000000 
101.82000000 
73.78000000 
117.13000000 
72.10000000 
477.30000000 
372.62000000 
264.07000000 
357.25000000 
339.03000000 
267.08000000 
1067.23000000 
784.21000000 
202.82000000 
113.83000000 
1883.93000000 
89.59000000 
145.83000000 
78.66000000 
82.94000000 
60.08000000 
25.69000000 
1224.88000000 
215.48000000 
279.05000000 
250.69000000 
358.12000000 
76.86000000 
188.66000000 
267.10000000 
266.04000000 
382.71000000 
138.85000000 
37.95000000 
145.91000000 
280.26000000 
816.14000000 
202.20000000 
139.31000000 
475.54000000 
390.71000000 
172.39000000 
111.22000000 
69.67000000 
47.67000000 
543.86000000 
645.19000000 
72.86000000 
70.61000000 
206.27000000 
756.28000000 
142.51000000 
577.72000000 
610.65000000 
176.91000000 
100.78000000 
284.55000000 
50.13000000 
56.15000000 
116.23000000 
620.31000000 
61.22000000 
456.02000000 
557.50000000 
327.03000000 
42.62000000 
51.48000000 
164.76000000 
204.44000000 
84.58000000 
33.44000000 
107.95000000 
254.74000000 
51.07000000 
85.65000000 
467.21000000 
102.29000000 
542.29000000 
93.81000000 
108.66000000 
504.05000000 
44.96000000 
52.61000000 
101.91000000 
57.92000000 
220.85000000 
341.88000000 
184.73000000 
741.57000000 
1047.61000000 
285.38000000 
294.02000000 
441.16000000 
334.88000000 
164.21000000 
201.11000000 
157.98000000 
120.72000000 
214.11000000 
602.74000000 
55.00000000 
55.82000000 
675.27000000 
1203.76000000 
2117.26000000 
252.71000000 
55.21000000 
83.12000000 
62.39000000 
87.42000000 
404.96000000 
509.23000000 
171.76000000 
1444.13000000 
456.82000000 
292.82000000 
252.14000000 
62.20000000 
156.89000000 
160.38000000 
170.31000000 
338.54000000 
101.29000000 
143.21000000 
39.70000000 
208.78000000 
1202.49000000 
764.37000000 
178.29000000 
635.58000000 
83.03000000 
365.97000000 
265.77000000 
317.27000000 
119.20000000 
150.70000000 
87.83000000 
567.39000000 
940.37000000 
629.63000000 
1646.43000000 
600.12000000 
456.13000000 
213.71000000 
941.26000000 
1475.88000000 
1151.71000000 
747.72000000 
240.05000000 
1260.90000000 
1325.81000000 
515.21000000 
360.61000000 
951.97000000 
1285.79000000 
3821.79000000 
2018.39000000 
190.88000000 
1142.83000000 
808.24000000 
1306.47000000 
863.37000000 
2224.63000000 
710.99000000 
508.77000000 
2643.80000000 
570.10000000 
1451.53000000 
1847.82000000 
3045.64000000 
2160.31000000 
2377.56000000 
3202.21000000 
943.08000000 
909.18000000 
1121.90000000 
1076.80000000 
912.30000000 
652.27000000 
1039.44000000 
2125.97000000 
1337.25000000 
696.05000000 
58.65000000 
784.69000000 
86.32000000 
232.42000000 
390.33000000 
703.31000000 
299.81000000 
514.27000000 
641.30000000 
130.45000000 
493.18000000 
438.81000000 
271.53000000 
513.12000000 
557.40000000 
150.38000000 
83.73000000 
266.42000000 
454.14000000 
404.72000000 
119.79000000 
22.03000000 
124.68000000 
247.29000000 
983.54000000 
325.10000000 
157.69000000 
445.59000000 
23.58000000 
762.36000000 
414.87000000 
71.76000000 
606.37000000 
385.88000000 
377.39000000 
444.29000000 
201.62000000 
346.43000000 
642.77000000 
813.82000000 
100.32000000 
120.11000000 
1062.03000000 
121.18000000 
270.52000000 
173.73000000 
143.95000000 
292.88000000 
325.47000000 
267.18000000 
1504.02000000 
206.44000000 
585.88000000 
173.13000000 
301.95000000 
719.05000000 
166.53000000 
728.54000000 
345.79000000 
121.74000000 
279.74000000 
405.61000000 
671.97000000 
1160.40000000 
303.32000000 
192.98000000 
652.70000000 
483.48000000 
391.45000000 
203.67000000 
285.66000000 
227.48000000 
682.60000000 
246.80000000 
328.10000000 
1371.43000000 
2854.38000000 
1053.48000000 
131.83000000 
140.74000000 
743.93000000 
393.51000000 
719.89000000 
259.10000000 
52.20000000 
266.47000000 
578.99000000 
1529.91000000 
121.42000000 
304.05000000 
365.91000000 
206.61000000 
1865.28000000 
110.89000000 
1655.74000000 
202.71000000 
155.84000000 
1255.36000000 
821.24000000 
200.32000000 
307.67000000 
420.29000000 
1916.58000000 
2595.78000000 
994.27000000 
528.78000000 
193.69000000 
276.22000000 
247.19000000 
707.15000000 
570.87000000 
583.20000000 
512.18000000 
938.90000000 
611.54000000 
620.94000000 
497.89000000 
873.93000000 
253.55000000 
701.21000000 
1816.17000000 
1261.38000000 
460.38000000 
673.16000000 
205.20000000 
123.30000000 
873.74000000 
48.08000000 
277.35000000 
458.73000000 
2093.82000000 
50.76000000 
97.73000000 
130.40000000 
70.37000000 
62.50000000 
114.65000000 
114.71000000 
217.98000000 
257.80000000 
212.16000000 
1624.11000000 
132.32000000 
735.12000000 
189.90000000 
116.53000000 
233.24000000 
80.45000000 
428.32000000 
293.54000000 
178.25000000 
137.66000000 
166.05000000 
70.38000000 
48.99000000 
145.36000000 
344.64000000 
114.81000000 
667.03000000 
137.26000000 
325.30000000 
145.73000000 
917.76000000 
445.76000000 
67.53000000 
148.82000000 
78.96000000 
265.32000000 
271.67000000 
627.26000000 
652.25000000 
1106.33000000 
259.84000000 
447.40000000 
45.98000000 
171.40000000 
250.41000000 
154.83000000 
126.20000000 
85.45000000 
164.89000000 
645.12000000 
27.23000000 
488.66000000 
188.80000000 
157.12000000 
72.67000000 
371.62000000 
613.37000000 
347.21000000 
570.06000000 
293.51000000 
459.72000000 
188.35000000 
69.33000000 
752.71000000 
184.75000000 
326.25000000 
186.52000000 
392.42000000 
101.71000000 
447.11000000 
333.57000000 
1269.95000000 
151.74000000 
197.65000000 
53.90000000 
69.83000000 
679.22000000 
511.65000000 
294.92000000 
29.00000000 
112.93000000 
358.25000000 
375.38000000 
106.82000000 
104.28000000 
1183.48000000 
395.44000000 
381.51000000 
345.02000000 
156.20000000 
76.14000000 
389.16000000 
1127.99000000 
194.80000000 
593.50000000 
544.14000000 
681.15000000 
269.85000000 
321.91000000 
87.89000000 
82.42000000 
198.41000000 
832.54000000 
1389.24000000 
1655.12000000 
558.37000000 
25.96000000 
228.56000000 
576.80000000 
786.64000000 
211.61000000 
237.68000000 
901.14000000 
57.41000000 
46.02000000 
67.97000000 
377.11000000 
45.76000000 
676.88000000 
664.68000000 
410.29000000 
258.13000000 
77.17000000 
38.15000000 
150.16000000 
213.83000000 
52.30000000 
221.90000000 
321.41000000 
72.84000000 
297.90000000 
158.93000000 
172.43000000 
234.56000000 
469.05000000 
759.76000000 
197.17000000 
194.73000000 
358.75000000 
62.80000000 
183.57000000 
281.91000000 
219.35000000 
72.31000000 
240.17000000 
426.06000000 
758.35000000 
75.81000000 
1430.59000000 
912.95000000 
100.95000000 
710.64000000 
482.47000000 
185.42000000 
61.66000000 
288.32000000 
126.79000000 
116.20000000 
130.36000000 
445.09000000 
217.03000000 
245.96000000 
383.86000000 
81.61000000 
125.61000000 
470.87000000 
101.82000000 
73.78000000 
117.13000000 
72.10000000 
477.30000000 
372.62000000 
264.07000000 
357.25000000 
339.03000000 
267.08000000 
1067.23000000 
784.21000000 
202.82000000 
113.83000000 
1883.93000000 
89.59000000 
145.83000000 
78.66000000 
82.94000000 
60.08000000 
25.69000000 
1224.88000000 
215.48000000 
279.05000000 
250.69000000 
358.12000000 
76.86000000 
188.66000000 
267.10000000 
266.04000000 
382.71000000 
138.85000000 
37.95000000 
145.91000000 
280.26000000 
816.14000000 
202.20000000 
139.31000000 
475.54000000 
390.71000000 
172.39000000 
111.22000000 
69.67000000 
47.67000000 
543.86000000 
645.19000000 
72.86000000 
70.61000000 
206.27000000 
756.28000000 
142.51000000 
577.72000000 
610.65000000 
176.91000000 
100.78000000 
284.55000000 
50.13000000 
56.15000000 
116.23000000 
620.31000000 
61.22000000 
456.02000000 
557.50000000 
327.03000000 
42.62000000 
51.48000000 
164.76000000 
204.44000000 
84.58000000 
33.44000000 
107.95000000 
254.74000000 
51.07000000 
85.65000000 
467.21000000 
102.29000000 
542.29000000 
93.81000000 
108.66000000 
504.05000000 
44.96000000 
52.61000000 
101.91000000 
57.92000000 
220.85000000 
341.88000000 
184.73000000 
741.57000000 
1047.61000000 
285.38000000 
294.02000000 
441.16000000 
334.88000000 
164.21000000 
201.11000000 
157.98000000 
120.72000000 
214.11000000 
602.74000000 
55.00000000 
55.82000000 
675.27000000 
1203.76000000 
2117.26000000 
252.71000000 
55.21000000 
83.12000000 
62.39000000 
87.42000000 
404.96000000 
509.23000000 
171.76000000 
1444.13000000 
456.82000000 
292.82000000 
252.14000000 
62.20000000 
156.89000000 
160.38000000 
170.31000000 
338.54000000 
101.29000000 
143.21000000 
39.70000000 
208.78000000 
1202.49000000 
764.37000000 
178.29000000 
635.58000000 
83.03000000 
365.97000000 
265.77000000 
317.27000000 
119.20000000 
150.70000000 
87.83000000 
