0.01373400 
0.01376800 
0.01381900 
0.01383000 
0.01365200 
0.01355800 
0.01359900 
0.01346800 
0.01343100 
0.01334000 
0.01348400 
0.01348500 
0.01343000 
0.01341300 
0.01310000 
0.01315500 
0.01324900 
0.01348800 
0.01330300 
0.01352700 
0.01360800 
0.01357300 
0.01352800 
0.01350000 
0.01346000 
0.01342100 
0.01340400 
0.01346100 
0.01347800 
0.01341600 
0.01326500 
0.01320200 
0.01307000 
0.01318300 
0.01311900 
0.01303000 
0.01310800 
0.01310100 
0.01304200 
0.01304400 
0.01306000 
0.01304500 
0.01300100 
0.01302700 
0.01303900 
0.01305000 
0.01301500 
0.01300000 
0.01295500 
0.01290000 
0.01283500 
0.01287000 
0.01282500 
0.01282000 
0.01278300 
0.01278000 
0.01278000 
0.01276600 
0.01274000 
0.01284900 
0.01283200 
0.01280200 
0.01272900 
0.01262500 
0.01260000 
0.01260700 
0.01263100 
0.01265000 
0.01261100 
0.01265300 
0.01265300 
0.01275200 
0.01266400 
0.01257700 
0.01257300 
0.01255500 
0.01255800 
0.01255000 
0.01244800 
0.01244800 
0.01239000 
0.01237000 
0.01236500 
0.01252600 
0.01254500 
0.01255900 
0.01252600 
0.01253100 
0.01259100 
0.01261200 
0.01259800 
0.01254000 
0.01253900 
0.01262000 
0.01263700 
0.01263500 
0.01257100 
0.01245900 
0.01242300 
0.01246700 
0.01241400 
0.01241300 
0.01262000 
0.01258900 
0.01271700 
0.01277600 
0.01272500 
0.01267500 
0.01258400 
0.01273300 
0.01275800 
0.01279600 
0.01280500 
0.01289000 
0.01288000 
0.01282400 
0.01284400 
0.01260000 
0.01274000 
0.01276300 
0.01280200 
0.01273700 
0.01292300 
0.01280000 
0.01292400 
0.01279500 
0.01277900 
0.01266800 
0.01266700 
0.01263000 
0.01259600 
0.01262100 
0.01258400 
0.01265100 
0.01270700 
0.01267400 
0.01265300 
0.01268100 
0.01253400 
0.01248900 
0.01250700 
0.01251500 
0.01249100 
0.01246300 
0.01239400 
0.01269900 
0.01280300 
0.01280000 
0.01268000 
0.01265600 
0.01264600 
0.01271600 
0.01256000 
0.01254600 
0.01246700 
0.01234700 
0.01242200 
0.01232400 
0.01220900 
0.01220900 
0.01230800 
0.01225000 
0.01220100 
0.01227100 
0.01217000 
0.01212700 
0.01214600 
0.01229300 
0.01220000 
0.01234700 
0.01225100 
0.01227700 
0.01229900 
0.01222000 
0.01208900 
0.01222000 
0.01214400 
0.01206700 
0.01207600 
0.01199800 
0.01190600 
0.01190000 
0.01206000 
0.01198000 
0.01189200 
0.01189900 
0.01180400 
0.01170400 
0.01162400 
0.01155500 
0.01160300 
0.01169800 
0.01176000 
0.01164000 
0.01157800 
0.01155100 
0.01152200 
0.01143900 
0.01147200 
0.01141500 
0.01140000 
0.01147700 
0.01149300 
0.01148500 
0.01145000 
0.01147600 
0.01145500 
0.01136600 
0.01141100 
0.01145000 
0.01168800 
0.01165100 
0.01169500 
0.01160400 
0.01135600 
0.01132900 
0.01134800 
0.01140000 
0.01139900 
0.01138000 
0.01144600 
0.01150000 
0.01157900 
0.01151500 
0.01155600 
0.01172000 
0.01177300 
0.01175100 
0.01181500 
0.01184400 
0.01191300 
0.01187900 
0.01186000 
0.01166300 
0.01164300 
0.01166300 
0.01185900 
0.01178600 
0.01187800 
0.01165100 
0.01148800 
0.01156400 
0.01157100 
0.01146600 
0.01141800 
0.01130400 
0.01119300 
0.01113800 
0.01105000 
0.01105200 
0.01100800 
0.01094800 
0.01082500 
0.01082800 
0.01083100 
0.01077000 
0.01075200 
0.01080400 
0.01074500 
0.01075000 
0.01074500 
0.01075200 
0.01073900 
0.01078200 
0.01073300 
0.01077800 
0.01077600 
0.01074500 
0.01073400 
0.01072500 
0.01077700 
0.01072800 
0.01072500 
0.01068600 
0.01075100 
0.01078500 
0.01079100 
0.01080800 
0.01088700 
0.01081400 
0.01089600 
0.01081200 
0.01092900 
0.01095200 
0.01100000 
0.01100000 
0.01101700 
0.01100100 
0.01100100 
0.01101700 
0.01101400 
0.01095600 
0.01097200 
0.01093500 
0.01099000 
0.01085900 
0.01080000 
0.01081000 
0.01082000 
0.01081500 
0.01085500 
0.01090100 
0.01088600 
0.01088600 
0.01085300 
0.01090100 
0.01092000 
0.01092100 
0.01100200 
0.01100000 
0.01098500 
0.01098600 
0.01095900 
0.01100000 
0.01115300 
0.01125600 
0.01133400 
0.01130000 
0.01127700 
0.01122400 
0.01125300 
0.01113500 
0.01109800 
0.01108200 
0.01111700 
0.01111400 
0.01110700 
0.01112000 
0.01123500 
0.01128900 
0.01086600 
0.01091500 
0.01092400 
0.01097000 
0.01096800 
0.01100000 
0.01102800 
0.01107400 
0.01100300 
0.01100000 
0.01104400 
0.01110000 
0.01111100 
0.01115500 
0.01119700 
0.01118200 
0.01120000 
0.01120800 
0.01125500 
0.01125600 
0.01126500 
0.01128500 
0.01128900 
0.01133500 
0.01134400 
0.01126000 
0.01131400 
0.01128500 
0.01125100 
0.01123200 
0.01125500 
0.01123000 
0.01123100 
0.01123300 
0.01123300 
0.01125600 
0.01134400 
0.01127000 
0.01125400 
0.01126500 
0.01126600 
0.01131300 
0.01137900 
0.01140800 
0.01145500 
0.01145800 
0.01145500 
0.01147000 
0.01144900 
0.01148000 
0.01141900 
0.01142500 
0.01141100 
0.01135700 
0.01134000 
0.01141900 
0.01144300 
0.01140200 
0.01136900 
0.01142700 
0.01140100 
0.01146200 
0.01149200 
0.01141200 
0.01136100 
0.01152500 
0.01142900 
0.01145800 
0.01144800 
0.01144400 
0.01153800 
0.01155400 
0.01154400 
0.01144500 
0.01146800 
0.01154100 
0.01154700 
0.01166400 
0.01172000 
0.01178000 
0.01176000 
0.01178100 
0.01184800 
0.01184500 
0.01183000 
0.01183800 
0.01183800 
0.01184900 
0.01182000 
0.01181300 
0.01180500 
0.01181600 
0.01184400 
0.01182200 
0.01183900 
0.01188000 
0.01191500 
0.01193100 
0.01193600 
0.01193800 
0.01191600 
0.01186100 
0.01189000 
0.01190300 
0.01187100 
0.01184500 
0.01179700 
0.01178900 
0.01183500 
0.01186900 
0.01190400 
0.01188000 
0.01188600 
0.01183500 
0.01180700 
0.01183000 
0.01192600 
0.01199200 
0.01204200 
0.01200000 
0.01197600 
0.01180900 
0.01180500 
0.01177000 
0.01195100 
0.01194800 
0.01197000 
0.01204800 
0.01203100 
0.01220800 
0.01224700 
0.01227400 
0.01226000 
0.01225500 
0.01226600 
0.01231900 
0.01231000 
0.01232300 
0.01227200 
0.01220000 
0.01224500 
0.01219900 
0.01219400 
0.01222100 
0.01221000 
0.01221100 
0.01221900 
0.01213200 
0.01212100 
0.01211900 
0.01377600 
0.01376800 
0.01381900 
0.01383000 
0.01365200 
0.01355800 
0.01359900 
0.01346800 
0.01343100 
0.01334000 
0.01348400 
0.01348500 
0.01343000 
0.01341300 
0.01310000 
0.01315500 
0.01324900 
0.01348800 
0.01330300 
0.01352700 
0.01360800 
0.01357300 
0.01352800 
0.01350000 
0.01346000 
0.01342100 
0.01340400 
0.01346100 
0.01347800 
0.01341600 
0.01326500 
0.01320200 
0.01307000 
0.01318300 
0.01311900 
0.01303000 
0.01310800 
0.01310100 
0.01304200 
0.01304400 
0.01306000 
0.01304500 
0.01300100 
0.01302700 
0.01303900 
0.01305000 
0.01301500 
0.01300000 
0.01295500 
0.01290000 
0.01283500 
0.01287000 
0.01282500 
0.01282000 
0.01278300 
0.01278000 
0.01278000 
0.01276600 
0.01274000 
0.01284900 
0.01283200 
0.01280200 
0.01272900 
0.01262500 
0.01260000 
0.01260700 
0.01263100 
0.01265000 
0.01261100 
0.01265300 
0.01265300 
0.01275200 
0.01266400 
0.01257700 
0.01257300 
0.01255500 
0.01255800 
0.01255000 
0.01244800 
0.01244800 
0.01239000 
0.01237000 
0.01236500 
0.01252600 
0.01254500 
0.01255900 
0.01252600 
0.01253100 
0.01259100 
0.01261200 
0.01259800 
0.01254000 
0.01253900 
0.01262000 
0.01263700 
0.01263500 
0.01257100 
0.01245900 
0.01242300 
0.01246700 
0.01241400 
0.01241300 
0.01262000 
0.01258900 
0.01271700 
0.01277600 
0.01272500 
0.01267500 
0.01258400 
0.01273300 
0.01275800 
0.01279600 
0.01280500 
0.01289000 
0.01288000 
0.01282400 
0.01284400 
0.01260000 
0.01274000 
0.01276300 
0.01280200 
0.01273700 
0.01292300 
0.01280000 
0.01292400 
0.01279500 
0.01277900 
0.01266800 
0.01266700 
0.01263000 
0.01259600 
0.01262100 
0.01258400 
0.01265100 
0.01270700 
0.01267400 
0.01265300 
0.01268100 
0.01253400 
0.01248900 
0.01250700 
0.01251500 
0.01249100 
0.01246300 
0.01239400 
0.01269900 
0.01280300 
0.01280000 
0.01268000 
0.01265600 
0.01264600 
0.01271600 
0.01256000 
0.01254600 
0.01246700 
0.01234700 
0.01242200 
0.01232400 
0.01220900 
0.01220900 
0.01230800 
0.01225000 
0.01220100 
0.01227100 
0.01217000 
0.01212700 
0.01214600 
0.01229300 
0.01220000 
0.01234700 
0.01225100 
0.01227700 
0.01229900 
0.01222000 
0.01208900 
0.01222000 
0.01214400 
0.01206700 
0.01207600 
0.01199800 
0.01190600 
0.01190000 
0.01206000 
0.01198000 
0.01189200 
0.01189900 
0.01180400 
0.01170400 
0.01162400 
0.01155500 
0.01160300 
0.01169800 
0.01176000 
0.01164000 
0.01157800 
0.01155100 
0.01152200 
0.01143900 
0.01147200 
0.01141500 
0.01140000 
0.01147700 
0.01149300 
0.01148500 
0.01145000 
0.01147600 
0.01145500 
0.01136600 
0.01141100 
0.01145000 
0.01168800 
0.01165100 
0.01169500 
0.01160400 
0.01135600 
0.01132900 
0.01134800 
0.01140000 
0.01139900 
0.01138000 
0.01144600 
0.01150000 
0.01157900 
0.01151500 
0.01155600 
0.01172000 
0.01177300 
0.01175100 
0.01181500 
0.01184400 
0.01191300 
0.01187900 
0.01186000 
0.01166300 
0.01164300 
0.01166300 
0.01185900 
0.01178600 
0.01187800 
0.01165100 
0.01148800 
0.01156400 
0.01157100 
0.01146600 
0.01141800 
0.01130400 
0.01119300 
0.01113800 
0.01105000 
0.01105200 
0.01100800 
0.01094800 
0.01082500 
0.01082800 
0.01083100 
0.01077000 
0.01075200 
0.01080400 
0.01074500 
0.01075000 
0.01074500 
0.01075200 
0.01073900 
0.01078200 
0.01073300 
0.01077800 
0.01077600 
0.01074500 
0.01073400 
0.01072500 
0.01077700 
0.01072800 
0.01072500 
0.01068600 
0.01075100 
0.01078500 
0.01079100 
0.01080800 
0.01088700 
0.01081400 
0.01089600 
0.01081200 
0.01092900 
0.01095200 
0.01100000 
0.01100000 
0.01101700 
0.01100100 
0.01100100 
0.01101700 
0.01101400 
0.01095600 
0.01097200 
0.01093500 
0.01099000 
0.01085900 
0.01080000 
0.01081000 
0.01082000 
0.01081500 
0.01085500 
0.01090100 
0.01088600 
0.01088600 
0.01085300 
0.01090100 
0.01092000 
0.01092100 
0.01100200 
0.01100000 
0.01098500 
0.01098600 
0.01095900 
0.01100000 
0.01115300 
0.01125600 
0.01133400 
0.01130000 
0.01127700 
0.01122400 
0.01125300 
0.01113500 
0.01109800 
0.01108200 
0.01111700 
0.01111400 
0.01110700 
0.01112000 
0.01123500 
0.01128900 
0.01086600 
0.01091500 
0.01092400 
0.01097000 
0.01096800 
0.01100000 
0.01102800 
0.01107400 
0.01100300 
0.01100000 
0.01104400 
0.01110000 
0.01111100 
0.01115500 
0.01119700 
0.01118200 
0.01120000 
0.01120800 
0.01125500 
0.01125600 
0.01126500 
0.01128500 
0.01128900 
0.01133500 
0.01134400 
0.01126000 
0.01131400 
0.01128500 
0.01125100 
0.01123200 
0.01125500 
0.01123000 
0.01123100 
0.01123300 
0.01123300 
0.01125600 
0.01134400 
0.01127000 
0.01125400 
0.01126500 
0.01126600 
0.01131300 
0.01137900 
0.01140800 
0.01145500 
0.01145800 
0.01145500 
0.01147000 
0.01144900 
0.01148000 
0.01141900 
0.01142500 
0.01141100 
0.01135700 
0.01134000 
0.01141900 
0.01144300 
0.01140200 
0.01136900 
0.01142700 
0.01140100 
0.01146200 
0.01149200 
0.01141200 
0.01136100 
0.01152500 
0.01142900 
0.01145800 
0.01144800 
0.01144400 
0.01153800 
0.01155400 
0.01154400 
0.01144500 
0.01146800 
0.01154100 
0.01154700 
0.01166400 
0.01172000 
0.01178000 
0.01176000 
0.01178100 
0.01184800 
0.01184500 
0.01183000 
0.01183800 
0.01183800 
0.01184900 
0.01182000 
0.01181300 
0.01180500 
0.01181600 
0.01184400 
0.01182200 
0.01183900 
0.01188000 
0.01191500 
0.01193100 
0.01193600 
0.01193800 
0.01191600 
0.01186100 
0.01189000 
0.01190300 
0.01187100 
0.01184500 
0.01179700 
0.01178900 
0.01183500 
0.01186900 
0.01190400 
0.01188000 
0.01188600 
0.01183500 
0.01180700 
0.01183000 
0.01192600 
0.01199200 
0.01204200 
0.01200000 
0.01197600 
0.01180900 
0.01180500 
0.01177000 
0.01195100 
0.01194800 
0.01197000 
0.01204800 
0.01203100 
0.01220800 
0.01224700 
0.01227400 
0.01226000 
0.01225500 
0.01226600 
0.01231900 
0.01231000 
0.01232300 
0.01227200 
0.01220000 
0.01224500 
0.01219900 
0.01219400 
0.01222100 
0.01221000 
0.01221100 
0.01221900 
0.01213200 
0.01212100 
0.01211900 
0.01373900 
0.01376800 
0.01381900 
0.01383000 
0.01365200 
0.01355800 
0.01359900 
0.01346800 
0.01343100 
0.01334000 
0.01348400 
0.01348500 
0.01343000 
0.01341300 
0.01310000 
0.01315500 
0.01324900 
0.01348800 
0.01330300 
0.01352700 
0.01360800 
0.01357300 
0.01352800 
0.01350000 
0.01346000 
0.01342100 
0.01340400 
0.01346100 
0.01347800 
0.01341600 
0.01326500 
0.01320200 
0.01307000 
0.01318300 
0.01311900 
0.01303000 
0.01310800 
0.01310100 
0.01304200 
0.01304400 
0.01306000 
0.01304500 
0.01300100 
0.01302700 
0.01303900 
0.01305000 
0.01301500 
0.01300000 
0.01295500 
0.01290000 
0.01283500 
0.01287000 
0.01282500 
0.01282000 
0.01278300 
0.01278000 
0.01278000 
0.01276600 
0.01274000 
0.01284900 
0.01283200 
0.01280200 
0.01272900 
0.01262500 
0.01260000 
0.01260700 
0.01263100 
0.01265000 
0.01261100 
0.01265300 
0.01265300 
0.01275200 
0.01266400 
0.01257700 
0.01257300 
0.01255500 
0.01255800 
0.01255000 
0.01244800 
0.01244800 
0.01239000 
0.01237000 
0.01236500 
0.01252600 
0.01254500 
0.01255900 
0.01252600 
0.01253100 
0.01259100 
0.01261200 
0.01259800 
0.01254000 
0.01253900 
0.01262000 
0.01263700 
0.01263500 
0.01257100 
0.01245900 
0.01242300 
0.01246700 
0.01241400 
0.01241300 
0.01262000 
0.01258900 
0.01271700 
0.01277600 
0.01272500 
0.01267500 
0.01258400 
0.01273300 
0.01275800 
0.01279600 
0.01280500 
0.01289000 
0.01288000 
0.01282400 
0.01284400 
0.01260000 
0.01274000 
0.01276300 
0.01280200 
0.01273700 
0.01292300 
0.01280000 
0.01292400 
0.01279500 
0.01277900 
0.01266800 
0.01266700 
0.01263000 
0.01259600 
0.01262100 
0.01258400 
0.01265100 
0.01270700 
0.01267400 
0.01265300 
0.01268100 
0.01253400 
0.01248900 
0.01250700 
0.01251500 
0.01249100 
0.01246300 
0.01239400 
0.01269900 
0.01280300 
0.01280000 
0.01268000 
0.01265600 
0.01264600 
0.01271600 
0.01256000 
0.01254600 
0.01246700 
0.01234700 
0.01242200 
0.01232400 
0.01220900 
0.01220900 
0.01230800 
0.01225000 
0.01220100 
0.01227100 
0.01217000 
0.01212700 
0.01214600 
0.01229300 
0.01220000 
0.01234700 
0.01225100 
0.01227700 
0.01229900 
0.01222000 
0.01208900 
0.01222000 
0.01214400 
0.01206700 
0.01207600 
0.01199800 
0.01190600 
0.01190000 
0.01206000 
0.01198000 
0.01189200 
0.01189900 
0.01180400 
0.01170400 
0.01162400 
0.01155500 
0.01160300 
0.01169800 
0.01176000 
0.01164000 
0.01157800 
0.01155100 
0.01152200 
0.01143900 
0.01147200 
0.01141500 
0.01140000 
0.01147700 
0.01149300 
0.01148500 
0.01145000 
0.01147600 
0.01145500 
0.01136600 
0.01141100 
0.01145000 
0.01168800 
0.01165100 
0.01169500 
0.01160400 
0.01135600 
0.01132900 
0.01134800 
0.01140000 
0.01139900 
0.01138000 
0.01144600 
0.01150000 
0.01157900 
0.01151500 
0.01155600 
0.01172000 
0.01177300 
0.01175100 
0.01181500 
0.01184400 
0.01191300 
0.01187900 
0.01186000 
0.01166300 
0.01164300 
0.01166300 
0.01185900 
0.01178600 
0.01187800 
0.01165100 
0.01148800 
0.01156400 
0.01157100 
0.01146600 
0.01141800 
0.01130400 
0.01119300 
0.01113800 
0.01105000 
0.01105200 
0.01100800 
0.01094800 
0.01082500 
0.01082800 
0.01083100 
0.01077000 
0.01075200 
0.01080400 
0.01074500 
0.01075000 
0.01074500 
0.01075200 
0.01073900 
0.01078200 
0.01073300 
0.01077800 
0.01077600 
0.01074500 
0.01073400 
0.01072500 
0.01077700 
0.01072800 
0.01072500 
0.01068600 
0.01075100 
0.01078500 
0.01079100 
0.01080800 
0.01088700 
0.01081400 
0.01089600 
0.01081200 
0.01092900 
0.01095200 
0.01100000 
0.01100000 
0.01101700 
0.01100100 
0.01100100 
0.01101700 
0.01101400 
0.01095600 
0.01097200 
0.01093500 
0.01099000 
0.01085900 
0.01080000 
0.01081000 
0.01082000 
0.01081500 
0.01085500 
0.01090100 
0.01088600 
0.01088600 
0.01085300 
0.01090100 
0.01092000 
0.01092100 
0.01100200 
0.01100000 
0.01098500 
0.01098600 
0.01095900 
0.01100000 
0.01115300 
0.01125600 
0.01133400 
0.01130000 
0.01127700 
0.01122400 
0.01125300 
0.01113500 
0.01109800 
0.01108200 
0.01111700 
0.01111400 
0.01110700 
0.01112000 
0.01123500 
0.01128900 
0.01086600 
0.01091500 
0.01092400 
0.01097000 
0.01096800 
0.01100000 
0.01102800 
0.01107400 
0.01100300 
0.01100000 
0.01104400 
0.01110000 
0.01111100 
0.01115500 
0.01119700 
0.01118200 
0.01120000 
0.01120800 
0.01125500 
0.01125600 
0.01126500 
0.01128500 
0.01128900 
0.01133500 
0.01134400 
0.01126000 
0.01131400 
0.01128500 
0.01125100 
0.01123200 
0.01125500 
0.01123000 
0.01123100 
0.01123300 
0.01123300 
0.01125600 
0.01134400 
0.01127000 
0.01125400 
0.01126500 
0.01126600 
0.01131300 
0.01137900 
0.01140800 
0.01145500 
0.01145800 
0.01145500 
0.01147000 
0.01144900 
0.01148000 
0.01141900 
0.01142500 
0.01141100 
0.01135700 
0.01134000 
0.01141900 
0.01144300 
0.01140200 
0.01136900 
0.01142700 
0.01140100 
0.01146200 
0.01149200 
0.01141200 
0.01136100 
0.01152500 
0.01142900 
0.01145800 
0.01144800 
0.01144400 
0.01153800 
0.01155400 
0.01154400 
0.01144500 
0.01146800 
0.01154100 
0.01154700 
0.01166400 
0.01172000 
0.01178000 
0.01176000 
0.01178100 
0.01184800 
0.01184500 
0.01183000 
0.01183800 
0.01183800 
0.01184900 
0.01182000 
0.01181300 
0.01180500 
0.01181600 
0.01184400 
0.01182200 
0.01183900 
0.01188000 
0.01191500 
0.01193100 
0.01193600 
0.01193800 
0.01191600 
0.01186100 
0.01189000 
0.01190300 
0.01187100 
0.01184500 
0.01179700 
0.01178900 
0.01183500 
0.01186900 
0.01190400 
0.01188000 
0.01188600 
0.01183500 
0.01180700 
0.01183000 
0.01192600 
0.01199200 
0.01204200 
0.01200000 
0.01197600 
0.01180900 
0.01180500 
0.01177000 
0.01195100 
0.01194800 
0.01197000 
0.01204800 
0.01203100 
0.01220800 
0.01224700 
0.01227400 
0.01226000 
0.01225500 
0.01226600 
0.01231900 
0.01231000 
0.01232300 
0.01227200 
0.01220000 
0.01224500 
0.01219900 
0.01219400 
0.01222100 
0.01221000 
0.01221100 
0.01221900 
0.01213200 
0.01212100 
0.01211900 
