0.01376800 
0.01381700 
0.01383000 
0.01365500 
0.01355800 
0.01360000 
0.01348700 
0.01343100 
0.01333900 
0.01348400 
0.01349000 
0.01341300 
0.01341200 
0.01310000 
0.01315400 
0.01326000 
0.01348700 
0.01325800 
0.01350000 
0.01361000 
0.01357400 
0.01354000 
0.01350000 
0.01346000 
0.01340200 
0.01340200 
0.01346100 
0.01347800 
0.01339900 
0.01329700 
0.01320000 
0.01307000 
0.01317300 
0.01316100 
0.01300500 
0.01313300 
0.01310100 
0.01305000 
0.01304400 
0.01305900 
0.01304500 
0.01300100 
0.01302700 
0.01302800 
0.01302800 
0.01301700 
0.01300000 
0.01296000 
0.01290000 
0.01288700 
0.01284400 
0.01285000 
0.01281000 
0.01280600 
0.01277700 
0.01278100 
0.01276700 
0.01273400 
0.01282200 
0.01280600 
0.01280200 
0.01272900 
0.01261500 
0.01262200 
0.01260700 
0.01263100 
0.01265000 
0.01261100 
0.01263000 
0.01265300 
0.01275200 
0.01266400 
0.01257700 
0.01259900 
0.01255500 
0.01255800 
0.01254700 
0.01244800 
0.01244800 
0.01239000 
0.01237000 
0.01236600 
0.01252000 
0.01252400 
0.01255800 
0.01252500 
0.01253100 
0.01259100 
0.01258100 
0.01259800 
0.01254000 
0.01254300 
0.01263700 
0.01263800 
0.01261700 
0.01262200 
0.01245900 
0.01242400 
0.01246700 
0.01243700 
0.01244900 
0.01262000 
0.01265000 
0.01269900 
0.01275700 
0.01272500 
0.01267500 
0.01254500 
0.01270000 
0.01275900 
0.01277300 
0.01281900 
0.01288900 
0.01288000 
0.01279500 
0.01284400 
0.01260000 
0.01272500 
0.01276600 
0.01280000 
0.01273700 
0.01291600 
0.01282000 
0.01292400 
0.01279600 
0.01275300 
0.01269700 
0.01267200 
0.01262400 
0.01259600 
0.01259900 
0.01258300 
0.01265400 
0.01270700 
0.01268800 
0.01265400 
0.01266400 
0.01253400 
0.01251600 
0.01249000 
0.01251500 
0.01249100 
0.01246300 
0.01239300 
0.01269800 
0.01280300 
0.01280000 
0.01268000 
0.01265600 
0.01264400 
0.01273900 
0.01256000 
0.01253700 
0.01246700 
0.01234800 
0.01241800 
0.01233500 
0.01220800 
0.01220900 
0.01230200 
0.01222200 
0.01220100 
0.01227300 
0.01218300 
0.01212700 
0.01214700 
0.01229300 
0.01219900 
0.01233200 
0.01229300 
0.01228700 
0.01227600 
0.01223300 
0.01208900 
0.01221200 
0.01218000 
0.01208300 
0.01207600 
0.01199300 
0.01190600 
0.01193900 
0.01206000 
0.01198000 
0.01187000 
0.01186900 
0.01182500 
0.01170000 
0.01162300 
0.01155500 
0.01162400 
0.01169800 
0.01176200 
0.01165800 
0.01157800 
0.01156700 
0.01152200 
0.01145100 
0.01147200 
0.01139900 
0.01141500 
0.01147300 
0.01149100 
0.01148500 
0.01145100 
0.01147700 
0.01145700 
0.01136800 
0.01141100 
0.01145600 
0.01169200 
0.01165100 
0.01169500 
0.01160500 
0.01135800 
0.01132900 
0.01134200 
0.01140000 
0.01142300 
0.01138700 
0.01145600 
0.01152000 
0.01157900 
0.01153800 
0.01153800 
0.01171400 
0.01177000 
0.01178300 
0.01181600 
0.01183300 
0.01190100 
0.01187900 
0.01181900 
0.01166300 
0.01163900 
0.01166300 
0.01188100 
0.01177500 
0.01187700 
0.01165000 
0.01150000 
0.01157000 
0.01154900 
0.01145000 
0.01141800 
0.01130400 
0.01119300 
0.01111700 
0.01106600 
0.01103100 
0.01100800 
0.01093100 
0.01082700 
0.01082900 
0.01079900 
0.01077300 
0.01079500 
0.01080400 
0.01074500 
0.01075000 
0.01074000 
0.01075200 
0.01073900 
0.01078300 
0.01073300 
0.01078800 
0.01078200 
0.01072900 
0.01071400 
0.01074800 
0.01077600 
0.01073100 
0.01072500 
0.01070000 
0.01075000 
0.01077200 
0.01078500 
0.01080900 
0.01086200 
0.01083600 
0.01087600 
0.01081100 
0.01092900 
0.01094200 
0.01100400 
0.01100000 
0.01102800 
0.01100100 
0.01100100 
0.01102600 
0.01100500 
0.01095600 
0.01095700 
0.01094900 
0.01097500 
0.01085900 
0.01080800 
0.01081000 
0.01082000 
0.01081700 
0.01085500 
0.01090100 
0.01088600 
0.01088100 
0.01088500 
0.01090100 
0.01092000 
0.01094100 
0.01100400 
0.01100000 
0.01099600 
0.01099700 
0.01095900 
0.01099900 
0.01115500 
0.01125600 
0.01132700 
0.01130000 
0.01127700 
0.01122400 
0.01121000 
0.01115700 
0.01109800 
0.01104900 
0.01110100 
0.01112500 
0.01110000 
0.01111000 
0.01123300 
0.01123500 
0.01086600 
0.01092000 
0.01092500 
0.01097000 
0.01097000 
0.01100000 
0.01102800 
0.01107400 
0.01100800 
0.01100300 
0.01104300 
0.01110000 
0.01112800 
0.01115500 
0.01119700 
0.01118500 
0.01120000 
0.01120800 
0.01126100 
0.01125200 
0.01128600 
0.01128500 
0.01128800 
0.01133500 
0.01135700 
0.01126000 
0.01131400 
0.01130200 
0.01127800 
0.01123200 
0.01125600 
0.01123900 
0.01123100 
0.01120600 
0.01123100 
0.01125600 
0.01130700 
0.01127000 
0.01125400 
0.01126500 
0.01126600 
0.01131200 
0.01137800 
0.01138600 
0.01145500 
0.01145800 
0.01145600 
0.01147000 
0.01145400 
0.01148000 
0.01141900 
0.01143200 
0.01142700 
0.01135700 
0.01132000 
0.01141700 
0.01145600 
0.01141600 
0.01136900 
0.01142700 
0.01142100 
0.01146600 
0.01150000 
0.01142500 
0.01136100 
0.01152500 
0.01143000 
0.01147000 
0.01144700 
0.01146800 
0.01155300 
0.01154300 
0.01155000 
0.01145000 
0.01146800 
0.01154100 
0.01153000 
0.01165800 
0.01170000 
0.01178000 
0.01175500 
0.01178000 
0.01184800 
0.01184500 
0.01183600 
0.01184800 
0.01183700 
0.01184900 
0.01181600 
0.01181100 
0.01180500 
0.01180500 
0.01184400 
0.01182300 
0.01183900 
0.01188100 
0.01191100 
0.01193000 
0.01191700 
0.01193800 
0.01191600 
0.01186100 
0.01187700 
0.01193300 
0.01186500 
0.01184600 
0.01182100 
0.01180400 
0.01183800 
0.01187600 
0.01190400 
0.01188000 
0.01188600 
0.01184000 
0.01182800 
0.01184800 
0.01191000 
0.01199200 
0.01202500 
0.01201900 
0.01197600 
0.01181000 
0.01181000 
0.01178300 
0.01195100 
0.01195800 
0.01194400 
0.01204500 
0.01204700 
0.01220800 
0.01223100 
0.01227400 
0.01227500 
0.01226600 
0.01229100 
0.01231900 
0.01230900 
0.01232300 
0.01227900 
0.01222500 
0.01223200 
0.01221500 
0.01219400 
0.01222000 
0.01218400 
0.01221000 
0.01221600 
0.01218900 
0.01212200 
0.01211800 
0.01210000 
0.01376800 
0.01381700 
0.01383000 
0.01365500 
0.01355800 
0.01360000 
0.01348700 
0.01343100 
0.01333900 
0.01348400 
0.01349000 
0.01341300 
0.01341200 
0.01310000 
0.01315400 
0.01326000 
0.01348700 
0.01325800 
0.01350000 
0.01361000 
0.01357400 
0.01354000 
0.01350000 
0.01346000 
0.01340200 
0.01340200 
0.01346100 
0.01347800 
0.01339900 
0.01329700 
0.01320000 
0.01307000 
0.01317300 
0.01316100 
0.01300500 
0.01313300 
0.01310100 
0.01305000 
0.01304400 
0.01305900 
0.01304500 
0.01300100 
0.01302700 
0.01302800 
0.01302800 
0.01301700 
0.01300000 
0.01296000 
0.01290000 
0.01288700 
0.01284400 
0.01285000 
0.01281000 
0.01280600 
0.01277700 
0.01278100 
0.01276700 
0.01273400 
0.01282200 
0.01280600 
0.01280200 
0.01272900 
0.01261500 
0.01262200 
0.01260700 
0.01263100 
0.01265000 
0.01261100 
0.01263000 
0.01265300 
0.01275200 
0.01266400 
0.01257700 
0.01259900 
0.01255500 
0.01255800 
0.01254700 
0.01244800 
0.01244800 
0.01239000 
0.01237000 
0.01236600 
0.01252000 
0.01252400 
0.01255800 
0.01252500 
0.01253100 
0.01259100 
0.01258100 
0.01259800 
0.01254000 
0.01254300 
0.01263700 
0.01263800 
0.01261700 
0.01262200 
0.01245900 
0.01242400 
0.01246700 
0.01243700 
0.01244900 
0.01262000 
0.01265000 
0.01269900 
0.01275700 
0.01272500 
0.01267500 
0.01254500 
0.01270000 
0.01275900 
0.01277300 
0.01281900 
0.01288900 
0.01288000 
0.01279500 
0.01284400 
0.01260000 
0.01272500 
0.01276600 
0.01280000 
0.01273700 
0.01291600 
0.01282000 
0.01292400 
0.01279600 
0.01275300 
0.01269700 
0.01267200 
0.01262400 
0.01259600 
0.01259900 
0.01258300 
0.01265400 
0.01270700 
0.01268800 
0.01265400 
0.01266400 
0.01253400 
0.01251600 
0.01249000 
0.01251500 
0.01249100 
0.01246300 
0.01239300 
0.01269800 
0.01280300 
0.01280000 
0.01268000 
0.01265600 
0.01264400 
0.01273900 
0.01256000 
0.01253700 
0.01246700 
0.01234800 
0.01241800 
0.01233500 
0.01220800 
0.01220900 
0.01230200 
0.01222200 
0.01220100 
0.01227300 
0.01218300 
0.01212700 
0.01214700 
0.01229300 
0.01219900 
0.01233200 
0.01229300 
0.01228700 
0.01227600 
0.01223300 
0.01208900 
0.01221200 
0.01218000 
0.01208300 
0.01207600 
0.01199300 
0.01190600 
0.01193900 
0.01206000 
0.01198000 
0.01187000 
0.01186900 
0.01182500 
0.01170000 
0.01162300 
0.01155500 
0.01162400 
0.01169800 
0.01176200 
0.01165800 
0.01157800 
0.01156700 
0.01152200 
0.01145100 
0.01147200 
0.01139900 
0.01141500 
0.01147300 
0.01149100 
0.01148500 
0.01145100 
0.01147700 
0.01145700 
0.01136800 
0.01141100 
0.01145600 
0.01169200 
0.01165100 
0.01169500 
0.01160500 
0.01135800 
0.01132900 
0.01134200 
0.01140000 
0.01142300 
0.01138700 
0.01145600 
0.01152000 
0.01157900 
0.01153800 
0.01153800 
0.01171400 
0.01177000 
0.01178300 
0.01181600 
0.01183300 
0.01190100 
0.01187900 
0.01181900 
0.01166300 
0.01163900 
0.01166300 
0.01188100 
0.01177500 
0.01187700 
0.01165000 
0.01150000 
0.01157000 
0.01154900 
0.01145000 
0.01141800 
0.01130400 
0.01119300 
0.01111700 
0.01106600 
0.01103100 
0.01100800 
0.01093100 
0.01082700 
0.01082900 
0.01079900 
0.01077300 
0.01079500 
0.01080400 
0.01074500 
0.01075000 
0.01074000 
0.01075200 
0.01073900 
0.01078300 
0.01073300 
0.01078800 
0.01078200 
0.01072900 
0.01071400 
0.01074800 
0.01077600 
0.01073100 
0.01072500 
0.01070000 
0.01075000 
0.01077200 
0.01078500 
0.01080900 
0.01086200 
0.01083600 
0.01087600 
0.01081100 
0.01092900 
0.01094200 
0.01100400 
0.01100000 
0.01102800 
0.01100100 
0.01100100 
0.01102600 
0.01100500 
0.01095600 
0.01095700 
0.01094900 
0.01097500 
0.01085900 
0.01080800 
0.01081000 
0.01082000 
0.01081700 
0.01085500 
0.01090100 
0.01088600 
0.01088100 
0.01088500 
0.01090100 
0.01092000 
0.01094100 
0.01100400 
0.01100000 
0.01099600 
0.01099700 
0.01095900 
0.01099900 
0.01115500 
0.01125600 
0.01132700 
0.01130000 
0.01127700 
0.01122400 
0.01121000 
0.01115700 
0.01109800 
0.01104900 
0.01110100 
0.01112500 
0.01110000 
0.01111000 
0.01123300 
0.01123500 
0.01086600 
0.01092000 
0.01092500 
0.01097000 
0.01097000 
0.01100000 
0.01102800 
0.01107400 
0.01100800 
0.01100300 
0.01104300 
0.01110000 
0.01112800 
0.01115500 
0.01119700 
0.01118500 
0.01120000 
0.01120800 
0.01126100 
0.01125200 
0.01128600 
0.01128500 
0.01128800 
0.01133500 
0.01135700 
0.01126000 
0.01131400 
0.01130200 
0.01127800 
0.01123200 
0.01125600 
0.01123900 
0.01123100 
0.01120600 
0.01123100 
0.01125600 
0.01130700 
0.01127000 
0.01125400 
0.01126500 
0.01126600 
0.01131200 
0.01137800 
0.01138600 
0.01145500 
0.01145800 
0.01145600 
0.01147000 
0.01145400 
0.01148000 
0.01141900 
0.01143200 
0.01142700 
0.01135700 
0.01132000 
0.01141700 
0.01145600 
0.01141600 
0.01136900 
0.01142700 
0.01142100 
0.01146600 
0.01150000 
0.01142500 
0.01136100 
0.01152500 
0.01143000 
0.01147000 
0.01144700 
0.01146800 
0.01155300 
0.01154300 
0.01155000 
0.01145000 
0.01146800 
0.01154100 
0.01153000 
0.01165800 
0.01170000 
0.01178000 
0.01175500 
0.01178000 
0.01184800 
0.01184500 
0.01183600 
0.01184800 
0.01183700 
0.01184900 
0.01181600 
0.01181100 
0.01180500 
0.01180500 
0.01184400 
0.01182300 
0.01183900 
0.01188100 
0.01191100 
0.01193000 
0.01191700 
0.01193800 
0.01191600 
0.01186100 
0.01187700 
0.01193300 
0.01186500 
0.01184600 
0.01182100 
0.01180400 
0.01183800 
0.01187600 
0.01190400 
0.01188000 
0.01188600 
0.01184000 
0.01182800 
0.01184800 
0.01191000 
0.01199200 
0.01202500 
0.01201900 
0.01197600 
0.01181000 
0.01181000 
0.01178300 
0.01195100 
0.01195800 
0.01194400 
0.01204500 
0.01204700 
0.01220800 
0.01223100 
0.01227400 
0.01227500 
0.01226600 
0.01229100 
0.01231900 
0.01230900 
0.01232300 
0.01227900 
0.01222500 
0.01223200 
0.01221500 
0.01219400 
0.01222000 
0.01218400 
0.01221000 
0.01221600 
0.01218900 
0.01212200 
0.01211800 
0.01210000 
0.01376800 
0.01381700 
0.01383000 
0.01365500 
0.01355800 
0.01360000 
0.01348700 
0.01343100 
0.01333900 
0.01348400 
0.01349000 
0.01341300 
0.01341200 
0.01310000 
0.01315400 
0.01326000 
0.01348700 
0.01325800 
0.01350000 
0.01361000 
0.01357400 
0.01354000 
0.01350000 
0.01346000 
0.01340200 
0.01340200 
0.01346100 
0.01347800 
0.01339900 
0.01329700 
0.01320000 
0.01307000 
0.01317300 
0.01316100 
0.01300500 
0.01313300 
0.01310100 
0.01305000 
0.01304400 
0.01305900 
0.01304500 
0.01300100 
0.01302700 
0.01302800 
0.01302800 
0.01301700 
0.01300000 
0.01296000 
0.01290000 
0.01288700 
0.01284400 
0.01285000 
0.01281000 
0.01280600 
0.01277700 
0.01278100 
0.01276700 
0.01273400 
0.01282200 
0.01280600 
0.01280200 
0.01272900 
0.01261500 
0.01262200 
0.01260700 
0.01263100 
0.01265000 
0.01261100 
0.01263000 
0.01265300 
0.01275200 
0.01266400 
0.01257700 
0.01259900 
0.01255500 
0.01255800 
0.01254700 
0.01244800 
0.01244800 
0.01239000 
0.01237000 
0.01236600 
0.01252000 
0.01252400 
0.01255800 
0.01252500 
0.01253100 
0.01259100 
0.01258100 
0.01259800 
0.01254000 
0.01254300 
0.01263700 
0.01263800 
0.01261700 
0.01262200 
0.01245900 
0.01242400 
0.01246700 
0.01243700 
0.01244900 
0.01262000 
0.01265000 
0.01269900 
0.01275700 
0.01272500 
0.01267500 
0.01254500 
0.01270000 
0.01275900 
0.01277300 
0.01281900 
0.01288900 
0.01288000 
0.01279500 
0.01284400 
0.01260000 
0.01272500 
0.01276600 
0.01280000 
0.01273700 
0.01291600 
0.01282000 
0.01292400 
0.01279600 
0.01275300 
0.01269700 
0.01267200 
0.01262400 
0.01259600 
0.01259900 
0.01258300 
0.01265400 
0.01270700 
0.01268800 
0.01265400 
0.01266400 
0.01253400 
0.01251600 
0.01249000 
0.01251500 
0.01249100 
0.01246300 
0.01239300 
0.01269800 
0.01280300 
0.01280000 
0.01268000 
0.01265600 
0.01264400 
0.01273900 
0.01256000 
0.01253700 
0.01246700 
0.01234800 
0.01241800 
0.01233500 
0.01220800 
0.01220900 
0.01230200 
0.01222200 
0.01220100 
0.01227300 
0.01218300 
0.01212700 
0.01214700 
0.01229300 
0.01219900 
0.01233200 
0.01229300 
0.01228700 
0.01227600 
0.01223300 
0.01208900 
0.01221200 
0.01218000 
0.01208300 
0.01207600 
0.01199300 
0.01190600 
0.01193900 
0.01206000 
0.01198000 
0.01187000 
0.01186900 
0.01182500 
0.01170000 
0.01162300 
0.01155500 
0.01162400 
0.01169800 
0.01176200 
0.01165800 
0.01157800 
0.01156700 
0.01152200 
0.01145100 
0.01147200 
0.01139900 
0.01141500 
0.01147300 
0.01149100 
0.01148500 
0.01145100 
0.01147700 
0.01145700 
0.01136800 
0.01141100 
0.01145600 
0.01169200 
0.01165100 
0.01169500 
0.01160500 
0.01135800 
0.01132900 
0.01134200 
0.01140000 
0.01142300 
0.01138700 
0.01145600 
0.01152000 
0.01157900 
0.01153800 
0.01153800 
0.01171400 
0.01177000 
0.01178300 
0.01181600 
0.01183300 
0.01190100 
0.01187900 
0.01181900 
0.01166300 
0.01163900 
0.01166300 
0.01188100 
0.01177500 
0.01187700 
0.01165000 
0.01150000 
0.01157000 
0.01154900 
0.01145000 
0.01141800 
0.01130400 
0.01119300 
0.01111700 
0.01106600 
0.01103100 
0.01100800 
0.01093100 
0.01082700 
0.01082900 
0.01079900 
0.01077300 
0.01079500 
0.01080400 
0.01074500 
0.01075000 
0.01074000 
0.01075200 
0.01073900 
0.01078300 
0.01073300 
0.01078800 
0.01078200 
0.01072900 
0.01071400 
0.01074800 
0.01077600 
0.01073100 
0.01072500 
0.01070000 
0.01075000 
0.01077200 
0.01078500 
0.01080900 
0.01086200 
0.01083600 
0.01087600 
0.01081100 
0.01092900 
0.01094200 
0.01100400 
0.01100000 
0.01102800 
0.01100100 
0.01100100 
0.01102600 
0.01100500 
0.01095600 
0.01095700 
0.01094900 
0.01097500 
0.01085900 
0.01080800 
0.01081000 
0.01082000 
0.01081700 
0.01085500 
0.01090100 
0.01088600 
0.01088100 
0.01088500 
0.01090100 
0.01092000 
0.01094100 
0.01100400 
0.01100000 
0.01099600 
0.01099700 
0.01095900 
0.01099900 
0.01115500 
0.01125600 
0.01132700 
0.01130000 
0.01127700 
0.01122400 
0.01121000 
0.01115700 
0.01109800 
0.01104900 
0.01110100 
0.01112500 
0.01110000 
0.01111000 
0.01123300 
0.01123500 
0.01086600 
0.01092000 
0.01092500 
0.01097000 
0.01097000 
0.01100000 
0.01102800 
0.01107400 
0.01100800 
0.01100300 
0.01104300 
0.01110000 
0.01112800 
0.01115500 
0.01119700 
0.01118500 
0.01120000 
0.01120800 
0.01126100 
0.01125200 
0.01128600 
0.01128500 
0.01128800 
0.01133500 
0.01135700 
0.01126000 
0.01131400 
0.01130200 
0.01127800 
0.01123200 
0.01125600 
0.01123900 
0.01123100 
0.01120600 
0.01123100 
0.01125600 
0.01130700 
0.01127000 
0.01125400 
0.01126500 
0.01126600 
0.01131200 
0.01137800 
0.01138600 
0.01145500 
0.01145800 
0.01145600 
0.01147000 
0.01145400 
0.01148000 
0.01141900 
0.01143200 
0.01142700 
0.01135700 
0.01132000 
0.01141700 
0.01145600 
0.01141600 
0.01136900 
0.01142700 
0.01142100 
0.01146600 
0.01150000 
0.01142500 
0.01136100 
0.01152500 
0.01143000 
0.01147000 
0.01144700 
0.01146800 
0.01155300 
0.01154300 
0.01155000 
0.01145000 
0.01146800 
0.01154100 
0.01153000 
0.01165800 
0.01170000 
0.01178000 
0.01175500 
0.01178000 
0.01184800 
0.01184500 
0.01183600 
0.01184800 
0.01183700 
0.01184900 
0.01181600 
0.01181100 
0.01180500 
0.01180500 
0.01184400 
0.01182300 
0.01183900 
0.01188100 
0.01191100 
0.01193000 
0.01191700 
0.01193800 
0.01191600 
0.01186100 
0.01187700 
0.01193300 
0.01186500 
0.01184600 
0.01182100 
0.01180400 
0.01183800 
0.01187600 
0.01190400 
0.01188000 
0.01188600 
0.01184000 
0.01182800 
0.01184800 
0.01191000 
0.01199200 
0.01202500 
0.01201900 
0.01197600 
0.01181000 
0.01181000 
0.01178300 
0.01195100 
0.01195800 
0.01194400 
0.01204500 
0.01204700 
0.01220800 
0.01223100 
0.01227400 
0.01227500 
0.01226600 
0.01229100 
0.01231900 
0.01230900 
0.01232300 
0.01227900 
0.01222500 
0.01223200 
0.01221500 
0.01219400 
0.01222000 
0.01218400 
0.01221000 
0.01221600 
0.01218900 
0.01212200 
0.01211800 
0.01210000 
