794.76000000 
2320.93000000 
1983.17000000 
3332.33000000 
3881.68000000 
7020.58000000 
3461.85000000 
1015.91000000 
1915.64000000 
898.58000000 
1081.65000000 
1170.97000000 
3832.13000000 
1962.73000000 
1647.22000000 
1708.65000000 
1617.83000000 
3144.52000000 
3978.18000000 
2367.54000000 
2735.26000000 
1617.84000000 
2767.34000000 
2525.17000000 
1886.84000000 
943.07000000 
2502.41000000 
3064.61000000 
2078.25000000 
2820.73000000 
3658.11000000 
1315.30000000 
1182.52000000 
1273.17000000 
1829.17000000 
2338.19000000 
1365.61000000 
1729.41000000 
1320.41000000 
1286.10000000 
1548.69000000 
402.15000000 
2611.80000000 
2891.95000000 
1038.58000000 
1132.03000000 
2204.67000000 
2297.97000000 
1514.00000000 
2342.44000000 
1008.77000000 
760.85000000 
399.30000000 
747.30000000 
823.66000000 
471.29000000 
648.65000000 
462.42000000 
732.70000000 
973.04000000 
1127.64000000 
722.57000000 
1599.96000000 
1089.06000000 
634.10000000 
1198.26000000 
841.66000000 
707.85000000 
2489.48000000 
980.38000000 
2146.13000000 
1188.43000000 
1854.87000000 
1474.98000000 
751.88000000 
651.50000000 
1306.99000000 
887.74000000 
561.00000000 
741.25000000 
946.62000000 
1082.38000000 
686.11000000 
523.24000000 
610.79000000 
1164.88000000 
961.98000000 
498.84000000 
1058.55000000 
830.12000000 
576.13000000 
393.67000000 
1132.54000000 
876.31000000 
522.32000000 
770.04000000 
1081.94000000 
1085.65000000 
1579.32000000 
1323.22000000 
754.18000000 
2192.62000000 
1019.92000000 
1391.20000000 
1094.54000000 
1202.20000000 
2233.52000000 
1624.55000000 
1940.72000000 
1076.14000000 
1434.10000000 
1569.49000000 
710.62000000 
823.95000000 
1110.09000000 
2431.76000000 
2725.61000000 
1589.53000000 
2389.07000000 
1596.73000000 
1830.99000000 
2384.95000000 
2575.99000000 
2600.03000000 
3486.27000000 
2112.59000000 
1089.61000000 
568.95000000 
1556.16000000 
1186.76000000 
793.94000000 
1335.33000000 
1506.12000000 
1348.29000000 
2978.92000000 
1117.35000000 
1115.31000000 
1097.17000000 
1081.26000000 
972.02000000 
1570.44000000 
1385.90000000 
1459.86000000 
2783.42000000 
3473.52000000 
1683.18000000 
1159.75000000 
1678.49000000 
1789.10000000 
2189.01000000 
2556.06000000 
3525.34000000 
1615.22000000 
2644.66000000 
858.35000000 
2486.56000000 
1674.46000000 
1459.69000000 
1595.43000000 
831.86000000 
1376.31000000 
916.45000000 
1513.52000000 
2274.60000000 
1194.06000000 
1390.19000000 
2116.19000000 
1742.72000000 
3412.61000000 
1775.12000000 
821.07000000 
1014.15000000 
945.98000000 
1756.48000000 
2163.94000000 
1565.41000000 
1133.71000000 
495.40000000 
1252.75000000 
761.93000000 
1063.53000000 
1736.31000000 
3305.39000000 
796.74000000 
945.96000000 
680.40000000 
508.11000000 
1643.01000000 
878.56000000 
1183.02000000 
986.51000000 
1636.65000000 
1267.96000000 
858.44000000 
1145.59000000 
396.77000000 
615.93000000 
278.53000000 
341.30000000 
295.91000000 
245.13000000 
198.71000000 
756.43000000 
464.11000000 
297.25000000 
703.69000000 
496.91000000 
701.54000000 
1138.77000000 
1337.57000000 
1084.80000000 
491.71000000 
911.97000000 
1163.26000000 
1940.68000000 
1092.52000000 
640.58000000 
955.78000000 
1184.13000000 
689.45000000 
938.80000000 
891.73000000 
1465.59000000 
1323.75000000 
871.53000000 
597.21000000 
383.91000000 
1561.29000000 
1905.46000000 
1430.98000000 
2135.28000000 
2371.08000000 
1854.35000000 
985.27000000 
2076.35000000 
7598.61000000 
4964.08000000 
4717.08000000 
2929.56000000 
1310.60000000 
2295.98000000 
4436.17000000 
1818.53000000 
1615.09000000 
2182.67000000 
1643.72000000 
1063.32000000 
1339.97000000 
3563.13000000 
1048.15000000 
1138.53000000 
1377.98000000 
580.08000000 
315.33000000 
314.10000000 
264.12000000 
852.37000000 
432.74000000 
439.03000000 
395.44000000 
1021.22000000 
262.22000000 
1201.32000000 
413.62000000 
653.76000000 
529.93000000 
851.21000000 
800.84000000 
319.15000000 
1174.76000000 
964.75000000 
3385.32000000 
2260.81000000 
1701.39000000 
3342.57000000 
734.39000000 
708.17000000 
894.16000000 
1463.02000000 
992.55000000 
1240.26000000 
923.93000000 
1271.07000000 
1836.84000000 
1395.73000000 
1528.16000000 
1947.60000000 
743.60000000 
1395.41000000 
817.70000000 
1679.06000000 
1397.90000000 
424.54000000 
550.65000000 
1296.57000000 
762.34000000 
1186.73000000 
820.39000000 
745.33000000 
748.93000000 
1158.85000000 
794.38000000 
908.87000000 
572.12000000 
492.04000000 
575.00000000 
391.80000000 
860.19000000 
319.12000000 
534.73000000 
818.54000000 
754.35000000 
866.54000000 
2014.33000000 
1072.61000000 
792.32000000 
1197.88000000 
2085.31000000 
2396.88000000 
2360.61000000 
2496.32000000 
816.33000000 
932.19000000 
1689.20000000 
772.10000000 
871.28000000 
707.11000000 
2105.06000000 
3474.45000000 
4155.01000000 
1691.57000000 
1059.46000000 
1832.86000000 
698.40000000 
960.62000000 
1875.77000000 
612.53000000 
732.00000000 
925.67000000 
4305.02000000 
1138.97000000 
682.19000000 
845.47000000 
723.08000000 
1119.69000000 
982.97000000 
1925.98000000 
1015.83000000 
544.76000000 
905.25000000 
1347.01000000 
1159.21000000 
552.28000000 
503.38000000 
1941.16000000 
718.10000000 
1878.03000000 
1146.59000000 
1261.43000000 
2007.19000000 
1734.95000000 
2228.23000000 
2127.74000000 
600.32000000 
1391.92000000 
486.57000000 
2374.00000000 
2338.35000000 
695.08000000 
1241.21000000 
923.09000000 
1105.59000000 
977.71000000 
1434.10000000 
707.14000000 
685.26000000 
506.78000000 
488.39000000 
1051.02000000 
620.08000000 
637.66000000 
341.01000000 
515.93000000 
1529.53000000 
1014.57000000 
718.13000000 
839.71000000 
1055.19000000 
793.59000000 
587.86000000 
1137.28000000 
385.76000000 
1670.69000000 
1203.40000000 
1201.51000000 
1629.88000000 
608.41000000 
1329.54000000 
1944.42000000 
926.81000000 
1379.52000000 
993.62000000 
1924.26000000 
1039.28000000 
983.19000000 
1365.53000000 
1480.84000000 
683.69000000 
277.76000000 
164.42000000 
627.38000000 
831.93000000 
309.75000000 
160.99000000 
196.67000000 
741.74000000 
235.63000000 
405.07000000 
434.57000000 
308.25000000 
471.18000000 
375.00000000 
333.47000000 
397.30000000 
654.70000000 
533.16000000 
1231.90000000 
557.93000000 
425.20000000 
439.88000000 
736.52000000 
3204.38000000 
2284.81000000 
861.34000000 
345.41000000 
674.64000000 
2021.89000000 
1097.83000000 
380.52000000 
279.40000000 
458.04000000 
771.25000000 
589.21000000 
339.35000000 
736.87000000 
492.64000000 
450.60000000 
777.98000000 
888.94000000 
1456.16000000 
1626.64000000 
609.36000000 
1834.32000000 
1702.13000000 
651.43000000 
1474.46000000 
1169.86000000 
1662.50000000 
949.97000000 
1654.52000000 
607.08000000 
486.71000000 
366.65000000 
457.13000000 
699.45000000 
369.83000000 
1033.10000000 
403.08000000 
1540.81000000 
1424.19000000 
892.04000000 
1063.21000000 
1063.22000000 
1294.01000000 
763.16000000 
727.52000000 
1568.54000000 
1210.53000000 
1204.19000000 
318.93000000 
866.08000000 
2320.93000000 
1983.17000000 
3332.33000000 
3881.68000000 
7020.58000000 
3461.85000000 
1015.91000000 
1915.64000000 
898.58000000 
1081.65000000 
1170.97000000 
3832.13000000 
1962.73000000 
1647.22000000 
1708.65000000 
1617.83000000 
3144.52000000 
3978.18000000 
2367.54000000 
2735.26000000 
1617.84000000 
2767.34000000 
2525.17000000 
1886.84000000 
943.07000000 
2502.41000000 
3064.61000000 
2078.25000000 
2820.73000000 
3658.11000000 
1315.30000000 
1182.52000000 
1273.17000000 
1829.17000000 
2338.19000000 
1365.61000000 
1729.41000000 
1320.41000000 
1286.10000000 
1548.69000000 
402.15000000 
2611.80000000 
2891.95000000 
1038.58000000 
1132.03000000 
2204.67000000 
2297.97000000 
1514.00000000 
2342.44000000 
1008.77000000 
760.85000000 
399.30000000 
747.30000000 
823.66000000 
471.29000000 
648.65000000 
462.42000000 
732.70000000 
973.04000000 
1127.64000000 
722.57000000 
1599.96000000 
1089.06000000 
634.10000000 
1198.26000000 
841.66000000 
707.85000000 
2489.48000000 
980.38000000 
2146.13000000 
1188.43000000 
1854.87000000 
1474.98000000 
751.88000000 
651.50000000 
1306.99000000 
887.74000000 
561.00000000 
741.25000000 
946.62000000 
1082.38000000 
686.11000000 
523.24000000 
610.79000000 
1164.88000000 
961.98000000 
498.84000000 
1058.55000000 
830.12000000 
576.13000000 
393.67000000 
1132.54000000 
876.31000000 
522.32000000 
770.04000000 
1081.94000000 
1085.65000000 
1579.32000000 
1323.22000000 
754.18000000 
2192.62000000 
1019.92000000 
1391.20000000 
1094.54000000 
1202.20000000 
2233.52000000 
1624.55000000 
1940.72000000 
1076.14000000 
1434.10000000 
1569.49000000 
710.62000000 
823.95000000 
1110.09000000 
2431.76000000 
2725.61000000 
1589.53000000 
2389.07000000 
1596.73000000 
1830.99000000 
2384.95000000 
2575.99000000 
2600.03000000 
3486.27000000 
2112.59000000 
1089.61000000 
568.95000000 
1556.16000000 
1186.76000000 
793.94000000 
1335.33000000 
1506.12000000 
1348.29000000 
2978.92000000 
1117.35000000 
1115.31000000 
1097.17000000 
1081.26000000 
972.02000000 
1570.44000000 
1385.90000000 
1459.86000000 
2783.42000000 
3473.52000000 
1683.18000000 
1159.75000000 
1678.49000000 
1789.10000000 
2189.01000000 
2556.06000000 
3525.34000000 
1615.22000000 
2644.66000000 
858.35000000 
2486.56000000 
1674.46000000 
1459.69000000 
1595.43000000 
831.86000000 
1376.31000000 
916.45000000 
1513.52000000 
2274.60000000 
1194.06000000 
1390.19000000 
2116.19000000 
1742.72000000 
3412.61000000 
1775.12000000 
821.07000000 
1014.15000000 
945.98000000 
1756.48000000 
2163.94000000 
1565.41000000 
1133.71000000 
495.40000000 
1252.75000000 
761.93000000 
1063.53000000 
1736.31000000 
3305.39000000 
796.74000000 
945.96000000 
680.40000000 
508.11000000 
1643.01000000 
878.56000000 
1183.02000000 
986.51000000 
1636.65000000 
1267.96000000 
858.44000000 
1145.59000000 
396.77000000 
615.93000000 
278.53000000 
341.30000000 
295.91000000 
245.13000000 
198.71000000 
756.43000000 
464.11000000 
297.25000000 
703.69000000 
496.91000000 
701.54000000 
1138.77000000 
1337.57000000 
1084.80000000 
491.71000000 
911.97000000 
1163.26000000 
1940.68000000 
1092.52000000 
640.58000000 
955.78000000 
1184.13000000 
689.45000000 
938.80000000 
891.73000000 
1465.59000000 
1323.75000000 
871.53000000 
597.21000000 
383.91000000 
1561.29000000 
1905.46000000 
1430.98000000 
2135.28000000 
2371.08000000 
1854.35000000 
985.27000000 
2076.35000000 
7598.61000000 
4964.08000000 
4717.08000000 
2929.56000000 
1310.60000000 
2295.98000000 
4436.17000000 
1818.53000000 
1615.09000000 
2182.67000000 
1643.72000000 
1063.32000000 
1339.97000000 
3563.13000000 
1048.15000000 
1138.53000000 
1377.98000000 
580.08000000 
315.33000000 
314.10000000 
264.12000000 
852.37000000 
432.74000000 
439.03000000 
395.44000000 
1021.22000000 
262.22000000 
1201.32000000 
413.62000000 
653.76000000 
529.93000000 
851.21000000 
800.84000000 
319.15000000 
1174.76000000 
964.75000000 
3385.32000000 
2260.81000000 
1701.39000000 
3342.57000000 
734.39000000 
708.17000000 
894.16000000 
1463.02000000 
992.55000000 
1240.26000000 
923.93000000 
1271.07000000 
1836.84000000 
1395.73000000 
1528.16000000 
1947.60000000 
743.60000000 
1395.41000000 
817.70000000 
1679.06000000 
1397.90000000 
424.54000000 
550.65000000 
1296.57000000 
762.34000000 
1186.73000000 
820.39000000 
745.33000000 
748.93000000 
1158.85000000 
794.38000000 
908.87000000 
572.12000000 
492.04000000 
575.00000000 
391.80000000 
860.19000000 
319.12000000 
534.73000000 
818.54000000 
754.35000000 
866.54000000 
2014.33000000 
1072.61000000 
792.32000000 
1197.88000000 
2085.31000000 
2396.88000000 
2360.61000000 
2496.32000000 
816.33000000 
932.19000000 
1689.20000000 
772.10000000 
871.28000000 
707.11000000 
2105.06000000 
3474.45000000 
4155.01000000 
1691.57000000 
1059.46000000 
1832.86000000 
698.40000000 
960.62000000 
1875.77000000 
612.53000000 
732.00000000 
925.67000000 
4305.02000000 
1138.97000000 
682.19000000 
845.47000000 
723.08000000 
1119.69000000 
982.97000000 
1925.98000000 
1015.83000000 
544.76000000 
905.25000000 
1347.01000000 
1159.21000000 
552.28000000 
503.38000000 
1941.16000000 
718.10000000 
1878.03000000 
1146.59000000 
1261.43000000 
2007.19000000 
1734.95000000 
2228.23000000 
2127.74000000 
600.32000000 
1391.92000000 
486.57000000 
2374.00000000 
2338.35000000 
695.08000000 
1241.21000000 
923.09000000 
1105.59000000 
977.71000000 
1434.10000000 
707.14000000 
685.26000000 
506.78000000 
488.39000000 
1051.02000000 
620.08000000 
637.66000000 
341.01000000 
515.93000000 
1529.53000000 
1014.57000000 
718.13000000 
839.71000000 
1055.19000000 
793.59000000 
587.86000000 
1137.28000000 
385.76000000 
1670.69000000 
1203.40000000 
1201.51000000 
1629.88000000 
608.41000000 
1329.54000000 
1944.42000000 
926.81000000 
1379.52000000 
993.62000000 
1924.26000000 
1039.28000000 
983.19000000 
1365.53000000 
1480.84000000 
683.69000000 
277.76000000 
164.42000000 
627.38000000 
831.93000000 
309.75000000 
160.99000000 
196.67000000 
741.74000000 
235.63000000 
405.07000000 
434.57000000 
308.25000000 
471.18000000 
375.00000000 
333.47000000 
397.30000000 
654.70000000 
533.16000000 
1231.90000000 
557.93000000 
425.20000000 
439.88000000 
736.52000000 
3204.38000000 
2284.81000000 
861.34000000 
345.41000000 
674.64000000 
2021.89000000 
1097.83000000 
380.52000000 
279.40000000 
458.04000000 
771.25000000 
589.21000000 
339.35000000 
736.87000000 
492.64000000 
450.60000000 
777.98000000 
888.94000000 
1456.16000000 
1626.64000000 
609.36000000 
1834.32000000 
1702.13000000 
651.43000000 
1474.46000000 
1169.86000000 
1662.50000000 
949.97000000 
1654.52000000 
607.08000000 
486.71000000 
366.65000000 
457.13000000 
699.45000000 
369.83000000 
1033.10000000 
403.08000000 
1540.81000000 
1424.19000000 
892.04000000 
1063.21000000 
1063.22000000 
1294.01000000 
763.16000000 
727.52000000 
1568.54000000 
1210.53000000 
1204.19000000 
318.93000000 
878.42000000 
2320.93000000 
1983.17000000 
3332.33000000 
3881.68000000 
7020.58000000 
3461.85000000 
1015.91000000 
1915.64000000 
898.58000000 
1081.65000000 
1170.97000000 
3832.13000000 
1962.73000000 
1647.22000000 
1708.65000000 
1617.83000000 
3144.52000000 
3978.18000000 
2367.54000000 
2735.26000000 
1617.84000000 
2767.34000000 
2525.17000000 
1886.84000000 
943.07000000 
2502.41000000 
3064.61000000 
2078.25000000 
2820.73000000 
3658.11000000 
1315.30000000 
1182.52000000 
1273.17000000 
1829.17000000 
2338.19000000 
1365.61000000 
1729.41000000 
1320.41000000 
1286.10000000 
1548.69000000 
402.15000000 
2611.80000000 
2891.95000000 
1038.58000000 
1132.03000000 
2204.67000000 
2297.97000000 
1514.00000000 
2342.44000000 
1008.77000000 
760.85000000 
399.30000000 
747.30000000 
823.66000000 
471.29000000 
648.65000000 
462.42000000 
732.70000000 
973.04000000 
1127.64000000 
722.57000000 
1599.96000000 
1089.06000000 
634.10000000 
1198.26000000 
841.66000000 
707.85000000 
2489.48000000 
980.38000000 
2146.13000000 
1188.43000000 
1854.87000000 
1474.98000000 
751.88000000 
651.50000000 
1306.99000000 
887.74000000 
561.00000000 
741.25000000 
946.62000000 
1082.38000000 
686.11000000 
523.24000000 
610.79000000 
1164.88000000 
961.98000000 
498.84000000 
1058.55000000 
830.12000000 
576.13000000 
393.67000000 
1132.54000000 
876.31000000 
522.32000000 
770.04000000 
1081.94000000 
1085.65000000 
1579.32000000 
1323.22000000 
754.18000000 
2192.62000000 
1019.92000000 
1391.20000000 
1094.54000000 
1202.20000000 
2233.52000000 
1624.55000000 
1940.72000000 
1076.14000000 
1434.10000000 
1569.49000000 
710.62000000 
823.95000000 
1110.09000000 
2431.76000000 
2725.61000000 
1589.53000000 
2389.07000000 
1596.73000000 
1830.99000000 
2384.95000000 
2575.99000000 
2600.03000000 
3486.27000000 
2112.59000000 
1089.61000000 
568.95000000 
1556.16000000 
1186.76000000 
793.94000000 
1335.33000000 
1506.12000000 
1348.29000000 
2978.92000000 
1117.35000000 
1115.31000000 
1097.17000000 
1081.26000000 
972.02000000 
1570.44000000 
1385.90000000 
1459.86000000 
2783.42000000 
3473.52000000 
1683.18000000 
1159.75000000 
1678.49000000 
1789.10000000 
2189.01000000 
2556.06000000 
3525.34000000 
1615.22000000 
2644.66000000 
858.35000000 
2486.56000000 
1674.46000000 
1459.69000000 
1595.43000000 
831.86000000 
1376.31000000 
916.45000000 
1513.52000000 
2274.60000000 
1194.06000000 
1390.19000000 
2116.19000000 
1742.72000000 
3412.61000000 
1775.12000000 
821.07000000 
1014.15000000 
945.98000000 
1756.48000000 
2163.94000000 
1565.41000000 
1133.71000000 
495.40000000 
1252.75000000 
761.93000000 
1063.53000000 
1736.31000000 
3305.39000000 
796.74000000 
945.96000000 
680.40000000 
508.11000000 
1643.01000000 
878.56000000 
1183.02000000 
986.51000000 
1636.65000000 
1267.96000000 
858.44000000 
1145.59000000 
396.77000000 
615.93000000 
278.53000000 
341.30000000 
295.91000000 
245.13000000 
198.71000000 
756.43000000 
464.11000000 
297.25000000 
703.69000000 
496.91000000 
701.54000000 
1138.77000000 
1337.57000000 
1084.80000000 
491.71000000 
911.97000000 
1163.26000000 
1940.68000000 
1092.52000000 
640.58000000 
955.78000000 
1184.13000000 
689.45000000 
938.80000000 
891.73000000 
1465.59000000 
1323.75000000 
871.53000000 
597.21000000 
383.91000000 
1561.29000000 
1905.46000000 
1430.98000000 
2135.28000000 
2371.08000000 
1854.35000000 
985.27000000 
2076.35000000 
7598.61000000 
4964.08000000 
4717.08000000 
2929.56000000 
1310.60000000 
2295.98000000 
4436.17000000 
1818.53000000 
1615.09000000 
2182.67000000 
1643.72000000 
1063.32000000 
1339.97000000 
3563.13000000 
1048.15000000 
1138.53000000 
1377.98000000 
580.08000000 
315.33000000 
314.10000000 
264.12000000 
852.37000000 
432.74000000 
439.03000000 
395.44000000 
1021.22000000 
262.22000000 
1201.32000000 
413.62000000 
653.76000000 
529.93000000 
851.21000000 
800.84000000 
319.15000000 
1174.76000000 
964.75000000 
3385.32000000 
2260.81000000 
1701.39000000 
3342.57000000 
734.39000000 
708.17000000 
894.16000000 
1463.02000000 
992.55000000 
1240.26000000 
923.93000000 
1271.07000000 
1836.84000000 
1395.73000000 
1528.16000000 
1947.60000000 
743.60000000 
1395.41000000 
817.70000000 
1679.06000000 
1397.90000000 
424.54000000 
550.65000000 
1296.57000000 
762.34000000 
1186.73000000 
820.39000000 
745.33000000 
748.93000000 
1158.85000000 
794.38000000 
908.87000000 
572.12000000 
492.04000000 
575.00000000 
391.80000000 
860.19000000 
319.12000000 
534.73000000 
818.54000000 
754.35000000 
866.54000000 
2014.33000000 
1072.61000000 
792.32000000 
1197.88000000 
2085.31000000 
2396.88000000 
2360.61000000 
2496.32000000 
816.33000000 
932.19000000 
1689.20000000 
772.10000000 
871.28000000 
707.11000000 
2105.06000000 
3474.45000000 
4155.01000000 
1691.57000000 
1059.46000000 
1832.86000000 
698.40000000 
960.62000000 
1875.77000000 
612.53000000 
732.00000000 
925.67000000 
4305.02000000 
1138.97000000 
682.19000000 
845.47000000 
723.08000000 
1119.69000000 
982.97000000 
1925.98000000 
1015.83000000 
544.76000000 
905.25000000 
1347.01000000 
1159.21000000 
552.28000000 
503.38000000 
1941.16000000 
718.10000000 
1878.03000000 
1146.59000000 
1261.43000000 
2007.19000000 
1734.95000000 
2228.23000000 
2127.74000000 
600.32000000 
1391.92000000 
486.57000000 
2374.00000000 
2338.35000000 
695.08000000 
1241.21000000 
923.09000000 
1105.59000000 
977.71000000 
1434.10000000 
707.14000000 
685.26000000 
506.78000000 
488.39000000 
1051.02000000 
620.08000000 
637.66000000 
341.01000000 
515.93000000 
1529.53000000 
1014.57000000 
718.13000000 
839.71000000 
1055.19000000 
793.59000000 
587.86000000 
1137.28000000 
385.76000000 
1670.69000000 
1203.40000000 
1201.51000000 
1629.88000000 
608.41000000 
1329.54000000 
1944.42000000 
926.81000000 
1379.52000000 
993.62000000 
1924.26000000 
1039.28000000 
983.19000000 
1365.53000000 
1480.84000000 
683.69000000 
277.76000000 
164.42000000 
627.38000000 
831.93000000 
309.75000000 
160.99000000 
196.67000000 
741.74000000 
235.63000000 
405.07000000 
434.57000000 
308.25000000 
471.18000000 
375.00000000 
333.47000000 
397.30000000 
654.70000000 
533.16000000 
1231.90000000 
557.93000000 
425.20000000 
439.88000000 
736.52000000 
3204.38000000 
2284.81000000 
861.34000000 
345.41000000 
674.64000000 
2021.89000000 
1097.83000000 
380.52000000 
279.40000000 
458.04000000 
771.25000000 
589.21000000 
339.35000000 
736.87000000 
492.64000000 
450.60000000 
777.98000000 
888.94000000 
1456.16000000 
1626.64000000 
609.36000000 
1834.32000000 
1702.13000000 
651.43000000 
1474.46000000 
1169.86000000 
1662.50000000 
949.97000000 
1654.52000000 
607.08000000 
486.71000000 
366.65000000 
457.13000000 
699.45000000 
369.83000000 
1033.10000000 
403.08000000 
1540.81000000 
1424.19000000 
892.04000000 
1063.21000000 
1063.22000000 
1294.01000000 
763.16000000 
727.52000000 
1568.54000000 
1210.53000000 
1204.19000000 
318.93000000 
