0.00034000 
0.00033800 
0.00033415 
0.00033076 
0.00032579 
0.00032581 
0.00032574 
0.00033086 
0.00033160 
0.00033012 
0.00033219 
0.00033000 
0.00032999 
0.00032994 
0.00033037 
0.00033797 
0.00033800 
0.00033800 
0.00034063 
0.00034195 
0.00034259 
0.00034393 
0.00034271 
0.00033911 
0.00033462 
0.00033362 
0.00033449 
0.00033483 
0.00033190 
0.00033194 
0.00033800 
0.00032576 
0.00032842 
0.00032174 
0.00032370 
0.00032370 
0.00032338 
0.00031845 
0.00031507 
0.00032073 
0.00032540 
0.00032500 
0.00031158 
0.00031511 
0.00031479 
0.00031492 
0.00031118 
0.00031113 
0.00031116 
0.00031019 
0.00030879 
0.00030879 
0.00030839 
0.00030828 
0.00030398 
0.00030636 
0.00030205 
0.00030175 
0.00030097 
0.00030204 
0.00030595 
0.00030501 
0.00030116 
0.00029610 
0.00029393 
0.00029519 
0.00029369 
0.00029231 
0.00029651 
0.00029799 
0.00029898 
0.00029547 
0.00029851 
0.00028940 
0.00028575 
0.00028575 
0.00028939 
0.00028013 
0.00027776 
0.00028240 
0.00028548 
0.00028583 
0.00028393 
0.00028864 
0.00029430 
0.00029430 
0.00029539 
0.00029878 
0.00029878 
0.00029530 
0.00029505 
0.00029599 
0.00029503 
0.00029579 
0.00029333 
0.00029374 
0.00029117 
0.00029230 
0.00029142 
0.00029305 
0.00030276 
0.00030302 
0.00031178 
0.00031500 
0.00031900 
0.00031902 
0.00032244 
0.00032301 
0.00032388 
0.00032460 
0.00032516 
0.00032734 
0.00032762 
0.00032659 
0.00032431 
0.00032365 
0.00032240 
0.00032532 
0.00032500 
0.00031993 
0.00032263 
0.00032309 
0.00032782 
0.00032625 
0.00032593 
0.00032388 
0.00032510 
0.00031893 
0.00031925 
0.00031613 
0.00032160 
0.00032669 
0.00032547 
0.00030694 
0.00030215 
0.00030090 
0.00030195 
0.00030198 
0.00029646 
0.00029545 
0.00029444 
0.00029134 
0.00029000 
0.00029051 
0.00029049 
0.00029203 
0.00029203 
0.00029197 
0.00029197 
0.00028782 
0.00029151 
0.00028813 
0.00028443 
0.00028152 
0.00028360 
0.00028358 
0.00028169 
0.00028127 
0.00028361 
0.00027650 
0.00027357 
0.00027520 
0.00027344 
0.00027344 
0.00027408 
0.00027324 
0.00027672 
0.00027799 
0.00028009 
0.00027500 
0.00027500 
0.00026987 
0.00027140 
0.00027140 
0.00027099 
0.00027125 
0.00027126 
0.00027074 
0.00026612 
0.00027005 
0.00026189 
0.00026505 
0.00026388 
0.00026044 
0.00026064 
0.00026044 
0.00026045 
0.00025550 
0.00025523 
0.00025224 
0.00025279 
0.00025290 
0.00025550 
0.00025317 
0.00025319 
0.00025549 
0.00025550 
0.00025345 
0.00025333 
0.00025323 
0.00025319 
0.00025569 
0.00025569 
0.00025572 
0.00025580 
0.00025645 
0.00025645 
0.00025425 
0.00025418 
0.00025417 
0.00025672 
0.00025672 
0.00025417 
0.00025442 
0.00025699 
0.00025699 
0.00025699 
0.00025699 
0.00025629 
0.00025700 
0.00025800 
0.00025800 
0.00025800 
0.00025709 
0.00025777 
0.00025714 
0.00026065 
0.00024728 
0.00024783 
0.00025003 
0.00024567 
0.00024551 
0.00024682 
0.00024947 
0.00025390 
0.00025646 
0.00026060 
0.00025896 
0.00025643 
0.00024868 
0.00024635 
0.00024374 
0.00024530 
0.00024160 
0.00024115 
0.00024068 
0.00023959 
0.00023956 
0.00023925 
0.00023824 
0.00023749 
0.00023811 
0.00023838 
0.00023838 
0.00023716 
0.00023801 
0.00023809 
0.00023780 
0.00023638 
0.00023957 
0.00023573 
0.00023584 
0.00023578 
0.00023637 
0.00023679 
0.00023703 
0.00023520 
0.00023298 
0.00023298 
0.00023082 
0.00022835 
0.00022825 
0.00022776 
0.00022660 
0.00022659 
0.00022600 
0.00022321 
0.00022356 
0.00022151 
0.00022230 
0.00023500 
0.00023572 
0.00023758 
0.00024001 
0.00024418 
0.00024099 
0.00024800 
0.00024868 
0.00024973 
0.00024973 
0.00024551 
0.00025010 
0.00025014 
0.00025000 
0.00025000 
0.00024753 
0.00024558 
0.00024701 
0.00024966 
0.00024988 
0.00024766 
0.00024938 
0.00024701 
0.00024970 
0.00024994 
0.00024994 
0.00024991 
0.00024724 
0.00024699 
0.00024770 
0.00024647 
0.00024590 
0.00024642 
0.00025196 
0.00025062 
0.00024955 
0.00024900 
0.00024847 
0.00024841 
0.00024831 
0.00025347 
0.00024566 
0.00024566 
0.00024566 
0.00024592 
0.00024566 
0.00024273 
0.00024883 
0.00024973 
0.00024575 
0.00024593 
0.00024592 
0.00025220 
0.00025220 
0.00024978 
0.00024915 
0.00025200 
0.00025000 
0.00024999 
0.00025236 
0.00025109 
0.00025041 
0.00025232 
0.00025014 
0.00025236 
0.00025010 
0.00025202 
0.00025253 
0.00025318 
0.00025129 
0.00025042 
0.00025174 
0.00025223 
0.00026139 
0.00026102 
0.00026383 
0.00026055 
0.00026263 
0.00026327 
0.00026061 
0.00026072 
0.00026018 
0.00026274 
0.00026680 
0.00026680 
0.00026653 
0.00026438 
0.00026274 
0.00026272 
0.00026274 
0.00027100 
0.00027559 
0.00027953 
0.00028236 
0.00028005 
0.00028000 
0.00028142 
0.00028242 
0.00028242 
0.00028142 
0.00028142 
0.00028052 
0.00028052 
0.00028052 
0.00028052 
0.00028052 
0.00028270 
0.00028058 
0.00028442 
0.00028593 
0.00028593 
0.00028774 
0.00028714 
0.00028711 
0.00028784 
0.00028406 
0.00028052 
0.00028052 
0.00028210 
0.00028648 
0.00028777 
0.00028760 
0.00028760 
0.00029022 
0.00029046 
0.00029180 
0.00029047 
0.00029047 
0.00029047 
0.00029047 
0.00029047 
0.00029067 
0.00029067 
0.00029066 
0.00029038 
0.00029047 
0.00029047 
0.00028887 
0.00028671 
0.00028898 
0.00028898 
0.00028847 
0.00028848 
0.00028855 
0.00028876 
0.00028686 
0.00028896 
0.00028745 
0.00028682 
0.00028682 
0.00028682 
0.00028713 
0.00028331 
0.00028745 
0.00028396 
0.00028338 
0.00028505 
0.00028502 
0.00028629 
0.00028694 
0.00028749 
0.00028931 
0.00029180 
0.00028524 
0.00029378 
0.00029378 
0.00029540 
0.00029509 
0.00029458 
0.00029171 
0.00029010 
0.00028718 
0.00028690 
0.00028715 
0.00029038 
0.00028547 
0.00028502 
0.00028501 
0.00029079 
0.00029076 
0.00029395 
0.00029600 
0.00029556 
0.00029518 
0.00029513 
0.00029485 
0.00029481 
0.00029381 
0.00029379 
0.00029310 
0.00029300 
0.00029294 
0.00029140 
0.00029127 
0.00029120 
0.00029318 
0.00029108 
0.00029076 
0.00029089 
0.00029089 
0.00034000 
0.00033800 
0.00033415 
0.00033076 
0.00032579 
0.00032581 
0.00032574 
0.00033086 
0.00033160 
0.00033012 
0.00033219 
0.00033000 
0.00032999 
0.00032994 
0.00033037 
0.00033797 
0.00033800 
0.00033800 
0.00034063 
0.00034195 
0.00034259 
0.00034393 
0.00034271 
0.00033911 
0.00033462 
0.00033362 
0.00033449 
0.00033483 
0.00033190 
0.00033194 
0.00033800 
0.00032576 
0.00032842 
0.00032174 
0.00032370 
0.00032370 
0.00032338 
0.00031845 
0.00031507 
0.00032073 
0.00032540 
0.00032500 
0.00031158 
0.00031511 
0.00031479 
0.00031492 
0.00031118 
0.00031113 
0.00031116 
0.00031019 
0.00030879 
0.00030879 
0.00030839 
0.00030828 
0.00030398 
0.00030636 
0.00030205 
0.00030175 
0.00030097 
0.00030204 
0.00030595 
0.00030501 
0.00030116 
0.00029610 
0.00029393 
0.00029519 
0.00029369 
0.00029231 
0.00029651 
0.00029799 
0.00029898 
0.00029547 
0.00029851 
0.00028940 
0.00028575 
0.00028575 
0.00028939 
0.00028013 
0.00027776 
0.00028240 
0.00028548 
0.00028583 
0.00028393 
0.00028864 
0.00029430 
0.00029430 
0.00029539 
0.00029878 
0.00029878 
0.00029530 
0.00029505 
0.00029599 
0.00029503 
0.00029579 
0.00029333 
0.00029374 
0.00029117 
0.00029230 
0.00029142 
0.00029305 
0.00030276 
0.00030302 
0.00031178 
0.00031500 
0.00031900 
0.00031902 
0.00032244 
0.00032301 
0.00032388 
0.00032460 
0.00032516 
0.00032734 
0.00032762 
0.00032659 
0.00032431 
0.00032365 
0.00032240 
0.00032532 
0.00032500 
0.00031993 
0.00032263 
0.00032309 
0.00032782 
0.00032625 
0.00032593 
0.00032388 
0.00032510 
0.00031893 
0.00031925 
0.00031613 
0.00032160 
0.00032669 
0.00032547 
0.00030694 
0.00030215 
0.00030090 
0.00030195 
0.00030198 
0.00029646 
0.00029545 
0.00029444 
0.00029134 
0.00029000 
0.00029051 
0.00029049 
0.00029203 
0.00029203 
0.00029197 
0.00029197 
0.00028782 
0.00029151 
0.00028813 
0.00028443 
0.00028152 
0.00028360 
0.00028358 
0.00028169 
0.00028127 
0.00028361 
0.00027650 
0.00027357 
0.00027520 
0.00027344 
0.00027344 
0.00027408 
0.00027324 
0.00027672 
0.00027799 
0.00028009 
0.00027500 
0.00027500 
0.00026987 
0.00027140 
0.00027140 
0.00027099 
0.00027125 
0.00027126 
0.00027074 
0.00026612 
0.00027005 
0.00026189 
0.00026505 
0.00026388 
0.00026044 
0.00026064 
0.00026044 
0.00026045 
0.00025550 
0.00025523 
0.00025224 
0.00025279 
0.00025290 
0.00025550 
0.00025317 
0.00025319 
0.00025549 
0.00025550 
0.00025345 
0.00025333 
0.00025323 
0.00025319 
0.00025569 
0.00025569 
0.00025572 
0.00025580 
0.00025645 
0.00025645 
0.00025425 
0.00025418 
0.00025417 
0.00025672 
0.00025672 
0.00025417 
0.00025442 
0.00025699 
0.00025699 
0.00025699 
0.00025699 
0.00025629 
0.00025700 
0.00025800 
0.00025800 
0.00025800 
0.00025709 
0.00025777 
0.00025714 
0.00026065 
0.00024728 
0.00024783 
0.00025003 
0.00024567 
0.00024551 
0.00024682 
0.00024947 
0.00025390 
0.00025646 
0.00026060 
0.00025896 
0.00025643 
0.00024868 
0.00024635 
0.00024374 
0.00024530 
0.00024160 
0.00024115 
0.00024068 
0.00023959 
0.00023956 
0.00023925 
0.00023824 
0.00023749 
0.00023811 
0.00023838 
0.00023838 
0.00023716 
0.00023801 
0.00023809 
0.00023780 
0.00023638 
0.00023957 
0.00023573 
0.00023584 
0.00023578 
0.00023637 
0.00023679 
0.00023703 
0.00023520 
0.00023298 
0.00023298 
0.00023082 
0.00022835 
0.00022825 
0.00022776 
0.00022660 
0.00022659 
0.00022600 
0.00022321 
0.00022356 
0.00022151 
0.00022230 
0.00023500 
0.00023572 
0.00023758 
0.00024001 
0.00024418 
0.00024099 
0.00024800 
0.00024868 
0.00024973 
0.00024973 
0.00024551 
0.00025010 
0.00025014 
0.00025000 
0.00025000 
0.00024753 
0.00024558 
0.00024701 
0.00024966 
0.00024988 
0.00024766 
0.00024938 
0.00024701 
0.00024970 
0.00024994 
0.00024994 
0.00024991 
0.00024724 
0.00024699 
0.00024770 
0.00024647 
0.00024590 
0.00024642 
0.00025196 
0.00025062 
0.00024955 
0.00024900 
0.00024847 
0.00024841 
0.00024831 
0.00025347 
0.00024566 
0.00024566 
0.00024566 
0.00024592 
0.00024566 
0.00024273 
0.00024883 
0.00024973 
0.00024575 
0.00024593 
0.00024592 
0.00025220 
0.00025220 
0.00024978 
0.00024915 
0.00025200 
0.00025000 
0.00024999 
0.00025236 
0.00025109 
0.00025041 
0.00025232 
0.00025014 
0.00025236 
0.00025010 
0.00025202 
0.00025253 
0.00025318 
0.00025129 
0.00025042 
0.00025174 
0.00025223 
0.00026139 
0.00026102 
0.00026383 
0.00026055 
0.00026263 
0.00026327 
0.00026061 
0.00026072 
0.00026018 
0.00026274 
0.00026680 
0.00026680 
0.00026653 
0.00026438 
0.00026274 
0.00026272 
0.00026274 
0.00027100 
0.00027559 
0.00027953 
0.00028236 
0.00028005 
0.00028000 
0.00028142 
0.00028242 
0.00028242 
0.00028142 
0.00028142 
0.00028052 
0.00028052 
0.00028052 
0.00028052 
0.00028052 
0.00028270 
0.00028058 
0.00028442 
0.00028593 
0.00028593 
0.00028774 
0.00028714 
0.00028711 
0.00028784 
0.00028406 
0.00028052 
0.00028052 
0.00028210 
0.00028648 
0.00028777 
0.00028760 
0.00028760 
0.00029022 
0.00029046 
0.00029180 
0.00029047 
0.00029047 
0.00029047 
0.00029047 
0.00029047 
0.00029067 
0.00029067 
0.00029066 
0.00029038 
0.00029047 
0.00029047 
0.00028887 
0.00028671 
0.00028898 
0.00028898 
0.00028847 
0.00028848 
0.00028855 
0.00028876 
0.00028686 
0.00028896 
0.00028745 
0.00028682 
0.00028682 
0.00028682 
0.00028713 
0.00028331 
0.00028745 
0.00028396 
0.00028338 
0.00028505 
0.00028502 
0.00028629 
0.00028694 
0.00028749 
0.00028931 
0.00029180 
0.00028524 
0.00029378 
0.00029378 
0.00029540 
0.00029509 
0.00029458 
0.00029171 
0.00029010 
0.00028718 
0.00028690 
0.00028715 
0.00029038 
0.00028547 
0.00028502 
0.00028501 
0.00029079 
0.00029076 
0.00029395 
0.00029600 
0.00029556 
0.00029518 
0.00029513 
0.00029485 
0.00029481 
0.00029381 
0.00029379 
0.00029310 
0.00029300 
0.00029294 
0.00029140 
0.00029127 
0.00029120 
0.00029318 
0.00029108 
0.00029076 
0.00029089 
0.00029089 
0.00034000 
0.00033800 
0.00033415 
0.00033076 
0.00032579 
0.00032581 
0.00032574 
0.00033086 
0.00033160 
0.00033012 
0.00033219 
0.00033000 
0.00032999 
0.00032994 
0.00033037 
0.00033797 
0.00033800 
0.00033800 
0.00034063 
0.00034195 
0.00034259 
0.00034393 
0.00034271 
0.00033911 
0.00033462 
0.00033362 
0.00033449 
0.00033483 
0.00033190 
0.00033194 
0.00033800 
0.00032576 
0.00032842 
0.00032174 
0.00032370 
0.00032370 
0.00032338 
0.00031845 
0.00031507 
0.00032073 
0.00032540 
0.00032500 
0.00031158 
0.00031511 
0.00031479 
0.00031492 
0.00031118 
0.00031113 
0.00031116 
0.00031019 
0.00030879 
0.00030879 
0.00030839 
0.00030828 
0.00030398 
0.00030636 
0.00030205 
0.00030175 
0.00030097 
0.00030204 
0.00030595 
0.00030501 
0.00030116 
0.00029610 
0.00029393 
0.00029519 
0.00029369 
0.00029231 
0.00029651 
0.00029799 
0.00029898 
0.00029547 
0.00029851 
0.00028940 
0.00028575 
0.00028575 
0.00028939 
0.00028013 
0.00027776 
0.00028240 
0.00028548 
0.00028583 
0.00028393 
0.00028864 
0.00029430 
0.00029430 
0.00029539 
0.00029878 
0.00029878 
0.00029530 
0.00029505 
0.00029599 
0.00029503 
0.00029579 
0.00029333 
0.00029374 
0.00029117 
0.00029230 
0.00029142 
0.00029305 
0.00030276 
0.00030302 
0.00031178 
0.00031500 
0.00031900 
0.00031902 
0.00032244 
0.00032301 
0.00032388 
0.00032460 
0.00032516 
0.00032734 
0.00032762 
0.00032659 
0.00032431 
0.00032365 
0.00032240 
0.00032532 
0.00032500 
0.00031993 
0.00032263 
0.00032309 
0.00032782 
0.00032625 
0.00032593 
0.00032388 
0.00032510 
0.00031893 
0.00031925 
0.00031613 
0.00032160 
0.00032669 
0.00032547 
0.00030694 
0.00030215 
0.00030090 
0.00030195 
0.00030198 
0.00029646 
0.00029545 
0.00029444 
0.00029134 
0.00029000 
0.00029051 
0.00029049 
0.00029203 
0.00029203 
0.00029197 
0.00029197 
0.00028782 
0.00029151 
0.00028813 
0.00028443 
0.00028152 
0.00028360 
0.00028358 
0.00028169 
0.00028127 
0.00028361 
0.00027650 
0.00027357 
0.00027520 
0.00027344 
0.00027344 
0.00027408 
0.00027324 
0.00027672 
0.00027799 
0.00028009 
0.00027500 
0.00027500 
0.00026987 
0.00027140 
0.00027140 
0.00027099 
0.00027125 
0.00027126 
0.00027074 
0.00026612 
0.00027005 
0.00026189 
0.00026505 
0.00026388 
0.00026044 
0.00026064 
0.00026044 
0.00026045 
0.00025550 
0.00025523 
0.00025224 
0.00025279 
0.00025290 
0.00025550 
0.00025317 
0.00025319 
0.00025549 
0.00025550 
0.00025345 
0.00025333 
0.00025323 
0.00025319 
0.00025569 
0.00025569 
0.00025572 
0.00025580 
0.00025645 
0.00025645 
0.00025425 
0.00025418 
0.00025417 
0.00025672 
0.00025672 
0.00025417 
0.00025442 
0.00025699 
0.00025699 
0.00025699 
0.00025699 
0.00025629 
0.00025700 
0.00025800 
0.00025800 
0.00025800 
0.00025709 
0.00025777 
0.00025714 
0.00026065 
0.00024728 
0.00024783 
0.00025003 
0.00024567 
0.00024551 
0.00024682 
0.00024947 
0.00025390 
0.00025646 
0.00026060 
0.00025896 
0.00025643 
0.00024868 
0.00024635 
0.00024374 
0.00024530 
0.00024160 
0.00024115 
0.00024068 
0.00023959 
0.00023956 
0.00023925 
0.00023824 
0.00023749 
0.00023811 
0.00023838 
0.00023838 
0.00023716 
0.00023801 
0.00023809 
0.00023780 
0.00023638 
0.00023957 
0.00023573 
0.00023584 
0.00023578 
0.00023637 
0.00023679 
0.00023703 
0.00023520 
0.00023298 
0.00023298 
0.00023082 
0.00022835 
0.00022825 
0.00022776 
0.00022660 
0.00022659 
0.00022600 
0.00022321 
0.00022356 
0.00022151 
0.00022230 
0.00023500 
0.00023572 
0.00023758 
0.00024001 
0.00024418 
0.00024099 
0.00024800 
0.00024868 
0.00024973 
0.00024973 
0.00024551 
0.00025010 
0.00025014 
0.00025000 
0.00025000 
0.00024753 
0.00024558 
0.00024701 
0.00024966 
0.00024988 
0.00024766 
0.00024938 
0.00024701 
0.00024970 
0.00024994 
0.00024994 
0.00024991 
0.00024724 
0.00024699 
0.00024770 
0.00024647 
0.00024590 
0.00024642 
0.00025196 
0.00025062 
0.00024955 
0.00024900 
0.00024847 
0.00024841 
0.00024831 
0.00025347 
0.00024566 
0.00024566 
0.00024566 
0.00024592 
0.00024566 
0.00024273 
0.00024883 
0.00024973 
0.00024575 
0.00024593 
0.00024592 
0.00025220 
0.00025220 
0.00024978 
0.00024915 
0.00025200 
0.00025000 
0.00024999 
0.00025236 
0.00025109 
0.00025041 
0.00025232 
0.00025014 
0.00025236 
0.00025010 
0.00025202 
0.00025253 
0.00025318 
0.00025129 
0.00025042 
0.00025174 
0.00025223 
0.00026139 
0.00026102 
0.00026383 
0.00026055 
0.00026263 
0.00026327 
0.00026061 
0.00026072 
0.00026018 
0.00026274 
0.00026680 
0.00026680 
0.00026653 
0.00026438 
0.00026274 
0.00026272 
0.00026274 
0.00027100 
0.00027559 
0.00027953 
0.00028236 
0.00028005 
0.00028000 
0.00028142 
0.00028242 
0.00028242 
0.00028142 
0.00028142 
0.00028052 
0.00028052 
0.00028052 
0.00028052 
0.00028052 
0.00028270 
0.00028058 
0.00028442 
0.00028593 
0.00028593 
0.00028774 
0.00028714 
0.00028711 
0.00028784 
0.00028406 
0.00028052 
0.00028052 
0.00028210 
0.00028648 
0.00028777 
0.00028760 
0.00028760 
0.00029022 
0.00029046 
0.00029180 
0.00029047 
0.00029047 
0.00029047 
0.00029047 
0.00029047 
0.00029067 
0.00029067 
0.00029066 
0.00029038 
0.00029047 
0.00029047 
0.00028887 
0.00028671 
0.00028898 
0.00028898 
0.00028847 
0.00028848 
0.00028855 
0.00028876 
0.00028686 
0.00028896 
0.00028745 
0.00028682 
0.00028682 
0.00028682 
0.00028713 
0.00028331 
0.00028745 
0.00028396 
0.00028338 
0.00028505 
0.00028502 
0.00028629 
0.00028694 
0.00028749 
0.00028931 
0.00029180 
0.00028524 
0.00029378 
0.00029378 
0.00029540 
0.00029509 
0.00029458 
0.00029171 
0.00029010 
0.00028718 
0.00028690 
0.00028715 
0.00029038 
0.00028547 
0.00028502 
0.00028501 
0.00029079 
0.00029076 
0.00029395 
0.00029600 
0.00029556 
0.00029518 
0.00029513 
0.00029485 
0.00029481 
0.00029381 
0.00029379 
0.00029310 
0.00029300 
0.00029294 
0.00029140 
0.00029127 
0.00029120 
0.00029318 
0.00029108 
0.00029076 
0.00029089 
0.00029089 
