95.00000000 
185.00000000 
1002.00000000 
482.00000000 
223.00000000 
843.00000000 
2086.00000000 
323.00000000 
426.00000000 
1552.00000000 
216.00000000 
3067.00000000 
883.00000000 
1212.00000000 
4376.00000000 
965.00000000 
2119.00000000 
3790.00000000 
80.00000000 
849.00000000 
510.00000000 
4020.00000000 
6353.00000000 
5248.00000000 
4449.00000000 
514.00000000 
655.00000000 
690.00000000 
102.00000000 
2163.00000000 
5065.00000000 
781.00000000 
5587.00000000 
215.00000000 
18.00000000 
79.00000000 
2126.00000000 
331.00000000 
1714.00000000 
1190.00000000 
2450.00000000 
849.00000000 
1328.00000000 
3051.00000000 
669.00000000 
1732.00000000 
846.00000000 
783.00000000 
2776.00000000 
351.00000000 
0.00000000 
262.00000000 
603.00000000 
633.00000000 
420.00000000 
70.00000000 
1282.00000000 
301.00000000 
1069.00000000 
517.00000000 
6271.00000000 
1701.00000000 
786.00000000 
2701.00000000 
586.00000000 
547.00000000 
284.00000000 
389.00000000 
6478.00000000 
443.00000000 
53.00000000 
3030.00000000 
1115.00000000 
395.00000000 
336.00000000 
651.00000000 
2104.00000000 
330.00000000 
3334.00000000 
586.00000000 
1638.00000000 
1530.00000000 
6282.00000000 
2481.00000000 
0.00000000 
1945.00000000 
318.00000000 
103.00000000 
232.00000000 
242.00000000 
716.00000000 
44.00000000 
722.00000000 
1071.00000000 
1535.00000000 
1194.00000000 
173.00000000 
2224.00000000 
4367.00000000 
21182.00000000 
3220.00000000 
8382.00000000 
2307.00000000 
1276.00000000 
296.00000000 
873.00000000 
602.00000000 
296.00000000 
1052.00000000 
1986.00000000 
229.00000000 
30.00000000 
3028.00000000 
590.00000000 
1640.00000000 
1122.00000000 
4141.00000000 
1330.00000000 
1183.00000000 
330.00000000 
3585.00000000 
1199.00000000 
344.00000000 
657.00000000 
1946.00000000 
4044.00000000 
487.00000000 
593.00000000 
945.00000000 
4605.00000000 
2399.00000000 
7345.00000000 
9382.00000000 
481.00000000 
659.00000000 
794.00000000 
123.00000000 
2028.00000000 
3531.00000000 
53.00000000 
45.00000000 
777.00000000 
1330.00000000 
426.00000000 
1444.00000000 
0.00000000 
34.00000000 
0.00000000 
2224.00000000 
6396.00000000 
1062.00000000 
17032.00000000 
859.00000000 
1756.00000000 
231.00000000 
2045.00000000 
18.00000000 
2501.00000000 
3253.00000000 
110.00000000 
2641.00000000 
1072.00000000 
0.00000000 
1389.00000000 
3335.00000000 
1795.00000000 
413.00000000 
3237.00000000 
16233.00000000 
340.00000000 
714.00000000 
1605.00000000 
121.00000000 
1161.00000000 
497.00000000 
411.00000000 
4006.00000000 
1728.00000000 
526.00000000 
1334.00000000 
2665.00000000 
73.00000000 
13306.00000000 
57.00000000 
673.00000000 
294.00000000 
1160.00000000 
522.00000000 
111.00000000 
448.00000000 
669.00000000 
130.00000000 
151.00000000 
137.00000000 
255.00000000 
95.00000000 
591.00000000 
9.00000000 
10.00000000 
8.00000000 
72.00000000 
23.00000000 
45.00000000 
18.00000000 
167.00000000 
47.00000000 
2895.00000000 
471.00000000 
731.00000000 
1627.00000000 
207.00000000 
458.00000000 
2540.00000000 
1841.00000000 
190.00000000 
918.00000000 
3590.00000000 
389.00000000 
791.00000000 
2398.00000000 
1770.00000000 
269.00000000 
227.00000000 
496.00000000 
946.00000000 
3028.00000000 
15251.00000000 
1057.00000000 
1282.00000000 
1509.00000000 
491.00000000 
738.00000000 
1542.00000000 
8494.00000000 
3224.00000000 
3738.00000000 
324.00000000 
1621.00000000 
6344.00000000 
1272.00000000 
1232.00000000 
3274.00000000 
2158.00000000 
2551.00000000 
803.00000000 
1539.00000000 
1229.00000000 
1590.00000000 
771.00000000 
2162.00000000 
3056.00000000 
83.00000000 
5031.00000000 
1336.00000000 
853.00000000 
832.00000000 
1732.00000000 
361.00000000 
178.00000000 
3335.00000000 
688.00000000 
907.00000000 
701.00000000 
251.00000000 
765.00000000 
1910.00000000 
1659.00000000 
3523.00000000 
1598.00000000 
786.00000000 
4168.00000000 
1464.00000000 
2958.00000000 
763.00000000 
2111.00000000 
847.00000000 
7584.00000000 
4346.00000000 
9474.00000000 
38750.00000000 
3151.00000000 
5265.00000000 
11802.00000000 
14420.00000000 
588.00000000 
10092.00000000 
667.00000000 
771.00000000 
0.00000000 
261.00000000 
444.00000000 
610.00000000 
79.00000000 
7631.00000000 
3807.00000000 
162.00000000 
5032.00000000 
294.00000000 
1659.00000000 
488.00000000 
229.00000000 
21.00000000 
164.00000000 
327.00000000 
167.00000000 
1898.00000000 
2350.00000000 
722.00000000 
709.00000000 
442.00000000 
19.00000000 
2200.00000000 
768.00000000 
1577.00000000 
117.00000000 
91.00000000 
2689.00000000 
2481.00000000 
1734.00000000 
1501.00000000 
2496.00000000 
971.00000000 
220.00000000 
2060.00000000 
2308.00000000 
840.00000000 
92.00000000 
91.00000000 
7114.00000000 
3421.00000000 
100.00000000 
10466.00000000 
718.00000000 
3415.00000000 
63.00000000 
3645.00000000 
7966.00000000 
548.00000000 
586.00000000 
1778.00000000 
684.00000000 
5903.00000000 
95.00000000 
1101.00000000 
530.00000000 
6725.00000000 
5964.00000000 
5162.00000000 
698.00000000 
793.00000000 
2401.00000000 
2607.00000000 
9356.00000000 
1569.00000000 
235.00000000 
7053.00000000 
5680.00000000 
139.00000000 
1424.00000000 
951.00000000 
905.00000000 
3793.00000000 
6849.00000000 
254.00000000 
867.00000000 
1039.00000000 
7063.00000000 
9852.00000000 
2829.00000000 
22983.00000000 
18060.00000000 
2379.00000000 
9359.00000000 
75.00000000 
319.00000000 
1610.00000000 
544.00000000 
0.00000000 
50.00000000 
456.00000000 
82.00000000 
0.00000000 
166.00000000 
0.00000000 
429.00000000 
4677.00000000 
907.00000000 
333.00000000 
83.00000000 
63.00000000 
4060.00000000 
1906.00000000 
11.00000000 
1942.00000000 
5874.00000000 
659.00000000 
0.00000000 
1117.00000000 
5474.00000000 
834.00000000 
678.00000000 
88.00000000 
41.00000000 
88.00000000 
1889.00000000 
302.00000000 
769.00000000 
378.00000000 
269.00000000 
0.00000000 
720.00000000 
10.00000000 
1137.00000000 
960.00000000 
289.00000000 
4600.00000000 
3492.00000000 
253.00000000 
105.00000000 
19.00000000 
123.00000000 
910.00000000 
326.00000000 
770.00000000 
1279.00000000 
84.00000000 
173.00000000 
615.00000000 
5.00000000 
0.00000000 
10.00000000 
1362.00000000 
715.00000000 
824.00000000 
394.00000000 
502.00000000 
88.00000000 
2338.00000000 
120.00000000 
42.00000000 
892.00000000 
29.00000000 
158.00000000 
791.00000000 
0.00000000 
287.00000000 
118.00000000 
98.00000000 
1456.00000000 
541.00000000 
325.00000000 
19.00000000 
70.00000000 
11.00000000 
152.00000000 
27.00000000 
134.00000000 
3580.00000000 
24.00000000 
477.00000000 
2273.00000000 
282.00000000 
283.00000000 
263.00000000 
313.00000000 
31.00000000 
949.00000000 
45.00000000 
325.00000000 
1497.00000000 
813.00000000 
1124.00000000 
1930.00000000 
142.00000000 
62.00000000 
53.00000000 
390.00000000 
579.00000000 
710.00000000 
27.00000000 
95.00000000 
185.00000000 
1002.00000000 
482.00000000 
223.00000000 
843.00000000 
2086.00000000 
323.00000000 
426.00000000 
1552.00000000 
216.00000000 
3067.00000000 
883.00000000 
1212.00000000 
4376.00000000 
965.00000000 
2119.00000000 
3790.00000000 
80.00000000 
849.00000000 
510.00000000 
4020.00000000 
6353.00000000 
5248.00000000 
4449.00000000 
514.00000000 
655.00000000 
690.00000000 
102.00000000 
2163.00000000 
5065.00000000 
781.00000000 
5587.00000000 
215.00000000 
18.00000000 
79.00000000 
2126.00000000 
331.00000000 
1714.00000000 
1190.00000000 
2450.00000000 
849.00000000 
1328.00000000 
3051.00000000 
669.00000000 
1732.00000000 
846.00000000 
783.00000000 
2776.00000000 
351.00000000 
0.00000000 
262.00000000 
603.00000000 
633.00000000 
420.00000000 
70.00000000 
1282.00000000 
301.00000000 
1069.00000000 
517.00000000 
6271.00000000 
1701.00000000 
786.00000000 
2701.00000000 
586.00000000 
547.00000000 
284.00000000 
389.00000000 
6478.00000000 
443.00000000 
53.00000000 
3030.00000000 
1115.00000000 
395.00000000 
336.00000000 
651.00000000 
2104.00000000 
330.00000000 
3334.00000000 
586.00000000 
1638.00000000 
1530.00000000 
6282.00000000 
2481.00000000 
0.00000000 
1945.00000000 
318.00000000 
103.00000000 
232.00000000 
242.00000000 
716.00000000 
44.00000000 
722.00000000 
1071.00000000 
1535.00000000 
1194.00000000 
173.00000000 
2224.00000000 
4367.00000000 
21182.00000000 
3220.00000000 
8382.00000000 
2307.00000000 
1276.00000000 
296.00000000 
873.00000000 
602.00000000 
296.00000000 
1052.00000000 
1986.00000000 
229.00000000 
30.00000000 
3028.00000000 
590.00000000 
1640.00000000 
1122.00000000 
4141.00000000 
1330.00000000 
1183.00000000 
330.00000000 
3585.00000000 
1199.00000000 
344.00000000 
657.00000000 
1946.00000000 
4044.00000000 
487.00000000 
593.00000000 
945.00000000 
4605.00000000 
2399.00000000 
7345.00000000 
9382.00000000 
481.00000000 
659.00000000 
794.00000000 
123.00000000 
2028.00000000 
3531.00000000 
53.00000000 
45.00000000 
777.00000000 
1330.00000000 
426.00000000 
1444.00000000 
0.00000000 
34.00000000 
0.00000000 
2224.00000000 
6396.00000000 
1062.00000000 
17032.00000000 
859.00000000 
1756.00000000 
231.00000000 
2045.00000000 
18.00000000 
2501.00000000 
3253.00000000 
110.00000000 
2641.00000000 
1072.00000000 
0.00000000 
1389.00000000 
3335.00000000 
1795.00000000 
413.00000000 
3237.00000000 
16233.00000000 
340.00000000 
714.00000000 
1605.00000000 
121.00000000 
1161.00000000 
497.00000000 
411.00000000 
4006.00000000 
1728.00000000 
526.00000000 
1334.00000000 
2665.00000000 
73.00000000 
13306.00000000 
57.00000000 
673.00000000 
294.00000000 
1160.00000000 
522.00000000 
111.00000000 
448.00000000 
669.00000000 
130.00000000 
151.00000000 
137.00000000 
255.00000000 
95.00000000 
591.00000000 
9.00000000 
10.00000000 
8.00000000 
72.00000000 
23.00000000 
45.00000000 
18.00000000 
167.00000000 
47.00000000 
2895.00000000 
471.00000000 
731.00000000 
1627.00000000 
207.00000000 
458.00000000 
2540.00000000 
1841.00000000 
190.00000000 
918.00000000 
3590.00000000 
389.00000000 
791.00000000 
2398.00000000 
1770.00000000 
269.00000000 
227.00000000 
496.00000000 
946.00000000 
3028.00000000 
15251.00000000 
1057.00000000 
1282.00000000 
1509.00000000 
491.00000000 
738.00000000 
1542.00000000 
8494.00000000 
3224.00000000 
3738.00000000 
324.00000000 
1621.00000000 
6344.00000000 
1272.00000000 
1232.00000000 
3274.00000000 
2158.00000000 
2551.00000000 
803.00000000 
1539.00000000 
1229.00000000 
1590.00000000 
771.00000000 
2162.00000000 
3056.00000000 
83.00000000 
5031.00000000 
1336.00000000 
853.00000000 
832.00000000 
1732.00000000 
361.00000000 
178.00000000 
3335.00000000 
688.00000000 
907.00000000 
701.00000000 
251.00000000 
765.00000000 
1910.00000000 
1659.00000000 
3523.00000000 
1598.00000000 
786.00000000 
4168.00000000 
1464.00000000 
2958.00000000 
763.00000000 
2111.00000000 
847.00000000 
7584.00000000 
4346.00000000 
9474.00000000 
38750.00000000 
3151.00000000 
5265.00000000 
11802.00000000 
14420.00000000 
588.00000000 
10092.00000000 
667.00000000 
771.00000000 
0.00000000 
261.00000000 
444.00000000 
610.00000000 
79.00000000 
7631.00000000 
3807.00000000 
162.00000000 
5032.00000000 
294.00000000 
1659.00000000 
488.00000000 
229.00000000 
21.00000000 
164.00000000 
327.00000000 
167.00000000 
1898.00000000 
2350.00000000 
722.00000000 
709.00000000 
442.00000000 
19.00000000 
2200.00000000 
768.00000000 
1577.00000000 
117.00000000 
91.00000000 
2689.00000000 
2481.00000000 
1734.00000000 
1501.00000000 
2496.00000000 
971.00000000 
220.00000000 
2060.00000000 
2308.00000000 
840.00000000 
92.00000000 
91.00000000 
7114.00000000 
3421.00000000 
100.00000000 
10466.00000000 
718.00000000 
3415.00000000 
63.00000000 
3645.00000000 
7966.00000000 
548.00000000 
586.00000000 
1778.00000000 
684.00000000 
5903.00000000 
95.00000000 
1101.00000000 
530.00000000 
6725.00000000 
5964.00000000 
5162.00000000 
698.00000000 
793.00000000 
2401.00000000 
2607.00000000 
9356.00000000 
1569.00000000 
235.00000000 
7053.00000000 
5680.00000000 
139.00000000 
1424.00000000 
951.00000000 
905.00000000 
3793.00000000 
6849.00000000 
254.00000000 
867.00000000 
1039.00000000 
7063.00000000 
9852.00000000 
2829.00000000 
22983.00000000 
18060.00000000 
2379.00000000 
9359.00000000 
75.00000000 
319.00000000 
1610.00000000 
544.00000000 
0.00000000 
50.00000000 
456.00000000 
82.00000000 
0.00000000 
166.00000000 
0.00000000 
429.00000000 
4677.00000000 
907.00000000 
333.00000000 
83.00000000 
63.00000000 
4060.00000000 
1906.00000000 
11.00000000 
1942.00000000 
5874.00000000 
659.00000000 
0.00000000 
1117.00000000 
5474.00000000 
834.00000000 
678.00000000 
88.00000000 
41.00000000 
88.00000000 
1889.00000000 
302.00000000 
769.00000000 
378.00000000 
269.00000000 
0.00000000 
720.00000000 
10.00000000 
1137.00000000 
960.00000000 
289.00000000 
4600.00000000 
3492.00000000 
253.00000000 
105.00000000 
19.00000000 
123.00000000 
910.00000000 
326.00000000 
770.00000000 
1279.00000000 
84.00000000 
173.00000000 
615.00000000 
5.00000000 
0.00000000 
10.00000000 
1362.00000000 
715.00000000 
824.00000000 
394.00000000 
502.00000000 
88.00000000 
2338.00000000 
120.00000000 
42.00000000 
892.00000000 
29.00000000 
158.00000000 
791.00000000 
0.00000000 
287.00000000 
118.00000000 
98.00000000 
1456.00000000 
541.00000000 
325.00000000 
19.00000000 
70.00000000 
11.00000000 
152.00000000 
27.00000000 
134.00000000 
3580.00000000 
24.00000000 
477.00000000 
2273.00000000 
282.00000000 
283.00000000 
263.00000000 
313.00000000 
31.00000000 
949.00000000 
45.00000000 
325.00000000 
1497.00000000 
813.00000000 
1124.00000000 
1930.00000000 
142.00000000 
62.00000000 
53.00000000 
390.00000000 
579.00000000 
710.00000000 
27.00000000 
95.00000000 
185.00000000 
1002.00000000 
482.00000000 
223.00000000 
843.00000000 
2086.00000000 
323.00000000 
426.00000000 
1552.00000000 
216.00000000 
3067.00000000 
883.00000000 
1212.00000000 
4376.00000000 
965.00000000 
2119.00000000 
3790.00000000 
80.00000000 
849.00000000 
510.00000000 
4020.00000000 
6353.00000000 
5248.00000000 
4449.00000000 
514.00000000 
655.00000000 
690.00000000 
102.00000000 
2163.00000000 
5065.00000000 
781.00000000 
5587.00000000 
215.00000000 
18.00000000 
79.00000000 
2126.00000000 
331.00000000 
1714.00000000 
1190.00000000 
2450.00000000 
849.00000000 
1328.00000000 
3051.00000000 
669.00000000 
1732.00000000 
846.00000000 
783.00000000 
2776.00000000 
351.00000000 
0.00000000 
262.00000000 
603.00000000 
633.00000000 
420.00000000 
70.00000000 
1282.00000000 
301.00000000 
1069.00000000 
517.00000000 
6271.00000000 
1701.00000000 
786.00000000 
2701.00000000 
586.00000000 
547.00000000 
284.00000000 
389.00000000 
6478.00000000 
443.00000000 
53.00000000 
3030.00000000 
1115.00000000 
395.00000000 
336.00000000 
651.00000000 
2104.00000000 
330.00000000 
3334.00000000 
586.00000000 
1638.00000000 
1530.00000000 
6282.00000000 
2481.00000000 
0.00000000 
1945.00000000 
318.00000000 
103.00000000 
232.00000000 
242.00000000 
716.00000000 
44.00000000 
722.00000000 
1071.00000000 
1535.00000000 
1194.00000000 
173.00000000 
2224.00000000 
4367.00000000 
21182.00000000 
3220.00000000 
8382.00000000 
2307.00000000 
1276.00000000 
296.00000000 
873.00000000 
602.00000000 
296.00000000 
1052.00000000 
1986.00000000 
229.00000000 
30.00000000 
3028.00000000 
590.00000000 
1640.00000000 
1122.00000000 
4141.00000000 
1330.00000000 
1183.00000000 
330.00000000 
3585.00000000 
1199.00000000 
344.00000000 
657.00000000 
1946.00000000 
4044.00000000 
487.00000000 
593.00000000 
945.00000000 
4605.00000000 
2399.00000000 
7345.00000000 
9382.00000000 
481.00000000 
659.00000000 
794.00000000 
123.00000000 
2028.00000000 
3531.00000000 
53.00000000 
45.00000000 
777.00000000 
1330.00000000 
426.00000000 
1444.00000000 
0.00000000 
34.00000000 
0.00000000 
2224.00000000 
6396.00000000 
1062.00000000 
17032.00000000 
859.00000000 
1756.00000000 
231.00000000 
2045.00000000 
18.00000000 
2501.00000000 
3253.00000000 
110.00000000 
2641.00000000 
1072.00000000 
0.00000000 
1389.00000000 
3335.00000000 
1795.00000000 
413.00000000 
3237.00000000 
16233.00000000 
340.00000000 
714.00000000 
1605.00000000 
121.00000000 
1161.00000000 
497.00000000 
411.00000000 
4006.00000000 
1728.00000000 
526.00000000 
1334.00000000 
2665.00000000 
73.00000000 
13306.00000000 
57.00000000 
673.00000000 
294.00000000 
1160.00000000 
522.00000000 
111.00000000 
448.00000000 
669.00000000 
130.00000000 
151.00000000 
137.00000000 
255.00000000 
95.00000000 
591.00000000 
9.00000000 
10.00000000 
8.00000000 
72.00000000 
23.00000000 
45.00000000 
18.00000000 
167.00000000 
47.00000000 
2895.00000000 
471.00000000 
731.00000000 
1627.00000000 
207.00000000 
458.00000000 
2540.00000000 
1841.00000000 
190.00000000 
918.00000000 
3590.00000000 
389.00000000 
791.00000000 
2398.00000000 
1770.00000000 
269.00000000 
227.00000000 
496.00000000 
946.00000000 
3028.00000000 
15251.00000000 
1057.00000000 
1282.00000000 
1509.00000000 
491.00000000 
738.00000000 
1542.00000000 
8494.00000000 
3224.00000000 
3738.00000000 
324.00000000 
1621.00000000 
6344.00000000 
1272.00000000 
1232.00000000 
3274.00000000 
2158.00000000 
2551.00000000 
803.00000000 
1539.00000000 
1229.00000000 
1590.00000000 
771.00000000 
2162.00000000 
3056.00000000 
83.00000000 
5031.00000000 
1336.00000000 
853.00000000 
832.00000000 
1732.00000000 
361.00000000 
178.00000000 
3335.00000000 
688.00000000 
907.00000000 
701.00000000 
251.00000000 
765.00000000 
1910.00000000 
1659.00000000 
3523.00000000 
1598.00000000 
786.00000000 
4168.00000000 
1464.00000000 
2958.00000000 
763.00000000 
2111.00000000 
847.00000000 
7584.00000000 
4346.00000000 
9474.00000000 
38750.00000000 
3151.00000000 
5265.00000000 
11802.00000000 
14420.00000000 
588.00000000 
10092.00000000 
667.00000000 
771.00000000 
0.00000000 
261.00000000 
444.00000000 
610.00000000 
79.00000000 
7631.00000000 
3807.00000000 
162.00000000 
5032.00000000 
294.00000000 
1659.00000000 
488.00000000 
229.00000000 
21.00000000 
164.00000000 
327.00000000 
167.00000000 
1898.00000000 
2350.00000000 
722.00000000 
709.00000000 
442.00000000 
19.00000000 
2200.00000000 
768.00000000 
1577.00000000 
117.00000000 
91.00000000 
2689.00000000 
2481.00000000 
1734.00000000 
1501.00000000 
2496.00000000 
971.00000000 
220.00000000 
2060.00000000 
2308.00000000 
840.00000000 
92.00000000 
91.00000000 
7114.00000000 
3421.00000000 
100.00000000 
10466.00000000 
718.00000000 
3415.00000000 
63.00000000 
3645.00000000 
7966.00000000 
548.00000000 
586.00000000 
1778.00000000 
684.00000000 
5903.00000000 
95.00000000 
1101.00000000 
530.00000000 
6725.00000000 
5964.00000000 
5162.00000000 
698.00000000 
793.00000000 
2401.00000000 
2607.00000000 
9356.00000000 
1569.00000000 
235.00000000 
7053.00000000 
5680.00000000 
139.00000000 
1424.00000000 
951.00000000 
905.00000000 
3793.00000000 
6849.00000000 
254.00000000 
867.00000000 
1039.00000000 
7063.00000000 
9852.00000000 
2829.00000000 
22983.00000000 
18060.00000000 
2379.00000000 
9359.00000000 
75.00000000 
319.00000000 
1610.00000000 
544.00000000 
0.00000000 
50.00000000 
456.00000000 
82.00000000 
0.00000000 
166.00000000 
0.00000000 
429.00000000 
4677.00000000 
907.00000000 
333.00000000 
83.00000000 
63.00000000 
4060.00000000 
1906.00000000 
11.00000000 
1942.00000000 
5874.00000000 
659.00000000 
0.00000000 
1117.00000000 
5474.00000000 
834.00000000 
678.00000000 
88.00000000 
41.00000000 
88.00000000 
1889.00000000 
302.00000000 
769.00000000 
378.00000000 
269.00000000 
0.00000000 
720.00000000 
10.00000000 
1137.00000000 
960.00000000 
289.00000000 
4600.00000000 
3492.00000000 
253.00000000 
105.00000000 
19.00000000 
123.00000000 
910.00000000 
326.00000000 
770.00000000 
1279.00000000 
84.00000000 
173.00000000 
615.00000000 
5.00000000 
0.00000000 
10.00000000 
1362.00000000 
715.00000000 
824.00000000 
394.00000000 
502.00000000 
88.00000000 
2338.00000000 
120.00000000 
42.00000000 
892.00000000 
29.00000000 
158.00000000 
791.00000000 
0.00000000 
287.00000000 
118.00000000 
98.00000000 
1456.00000000 
541.00000000 
325.00000000 
19.00000000 
70.00000000 
11.00000000 
152.00000000 
27.00000000 
134.00000000 
3580.00000000 
24.00000000 
477.00000000 
2273.00000000 
282.00000000 
283.00000000 
263.00000000 
313.00000000 
31.00000000 
949.00000000 
45.00000000 
325.00000000 
1497.00000000 
813.00000000 
1124.00000000 
1930.00000000 
142.00000000 
62.00000000 
53.00000000 
390.00000000 
579.00000000 
710.00000000 
27.00000000 
