0.00008662 
0.00008700 
0.00008700 
0.00008700 
0.00008692 
0.00008692 
0.00008649 
0.00008649 
0.00008649 
0.00008649 
0.00008699 
0.00008597 
0.00008600 
0.00008600 
0.00008611 
0.00008614 
0.00008612 
0.00008605 
0.00008603 
0.00008773 
0.00008781 
0.00008752 
0.00008700 
0.00008699 
0.00008700 
0.00008610 
0.00008657 
0.00008610 
0.00008655 
0.00008655 
0.00008655 
0.00008655 
0.00008655 
0.00008652 
0.00008620 
0.00008620 
0.00008601 
0.00008600 
0.00008600 
0.00008633 
0.00008600 
0.00008518 
0.00008579 
0.00008574 
0.00008533 
0.00008531 
0.00008518 
0.00008514 
0.00008512 
0.00008579 
0.00008579 
0.00008579 
0.00008579 
0.00008552 
0.00008579 
0.00008579 
0.00008552 
0.00008552 
0.00008552 
0.00008548 
0.00008531 
0.00008530 
0.00008531 
0.00008531 
0.00008564 
0.00008564 
0.00008512 
0.00008512 
0.00008512 
0.00008512 
0.00008512 
0.00008445 
0.00008423 
0.00008461 
0.00008512 
0.00008512 
0.00008512 
0.00008552 
0.00008482 
0.00008482 
0.00008515 
0.00008598 
0.00008514 
0.00008557 
0.00008597 
0.00008492 
0.00008500 
0.00008578 
0.00008555 
0.00008500 
0.00008500 
0.00008444 
0.00008444 
0.00008400 
0.00008399 
0.00008360 
0.00008336 
0.00008374 
0.00008382 
0.00008499 
0.00008422 
0.00008414 
0.00008457 
0.00008457 
0.00008477 
0.00008456 
0.00008456 
0.00008452 
0.00008521 
0.00008607 
0.00008567 
0.00008567 
0.00008649 
0.00008651 
0.00008651 
0.00008691 
0.00008761 
0.00008703 
0.00008702 
0.00008765 
0.00008765 
0.00008765 
0.00008840 
0.00008840 
0.00008840 
0.00008840 
0.00008760 
0.00008759 
0.00008759 
0.00008759 
0.00008762 
0.00008762 
0.00008762 
0.00008786 
0.00008786 
0.00008812 
0.00008896 
0.00008847 
0.00008995 
0.00008865 
0.00008456 
0.00008397 
0.00008467 
0.00008450 
0.00008383 
0.00008466 
0.00008440 
0.00008315 
0.00008313 
0.00008314 
0.00008230 
0.00008290 
0.00008153 
0.00008153 
0.00008166 
0.00008167 
0.00008260 
0.00008301 
0.00007942 
0.00008222 
0.00008076 
0.00008052 
0.00008075 
0.00007937 
0.00008159 
0.00008114 
0.00008058 
0.00008230 
0.00008223 
0.00008601 
0.00008667 
0.00007810 
0.00007856 
0.00007854 
0.00007847 
0.00007842 
0.00007856 
0.00007702 
0.00007702 
0.00007648 
0.00007648 
0.00007725 
0.00007714 
0.00007850 
0.00007707 
0.00007702 
0.00007673 
0.00007673 
0.00007597 
0.00007597 
0.00007596 
0.00007582 
0.00007535 
0.00007597 
0.00007587 
0.00007587 
0.00007587 
0.00007594 
0.00007594 
0.00007594 
0.00007673 
0.00007673 
0.00007594 
0.00007594 
0.00007601 
0.00007611 
0.00007690 
0.00007599 
0.00007628 
0.00007691 
0.00007719 
0.00007716 
0.00007720 
0.00007594 
0.00007592 
0.00007592 
0.00007592 
0.00007592 
0.00007592 
0.00007592 
0.00007668 
0.00007591 
0.00007591 
0.00007658 
0.00007591 
0.00007591 
0.00007591 
0.00007591 
0.00007571 
0.00007521 
0.00007591 
0.00007474 
0.00007313 
0.00007292 
0.00007582 
0.00007489 
0.00007487 
0.00007524 
0.00007630 
0.00007511 
0.00007511 
0.00007485 
0.00007445 
0.00007445 
0.00007441 
0.00007368 
0.00007368 
0.00007364 
0.00007364 
0.00007454 
0.00007454 
0.00007384 
0.00007361 
0.00007361 
0.00007361 
0.00007361 
0.00007269 
0.00007269 
0.00007269 
0.00007355 
0.00007356 
0.00007298 
0.00007372 
0.00007291 
0.00007353 
0.00007404 
0.00007270 
0.00007361 
0.00007350 
0.00007336 
0.00007368 
0.00007238 
0.00007238 
0.00007238 
0.00007346 
0.00007346 
0.00007346 
0.00007322 
0.00007322 
0.00007229 
0.00007277 
0.00007277 
0.00007368 
0.00007368 
0.00007368 
0.00007368 
0.00007369 
0.00007377 
0.00007369 
0.00007311 
0.00007311 
0.00007285 
0.00007285 
0.00007285 
0.00007283 
0.00007280 
0.00007250 
0.00007250 
0.00007269 
0.00007254 
0.00007258 
0.00007266 
0.00007266 
0.00007266 
0.00007295 
0.00007311 
0.00007311 
0.00007311 
0.00007311 
0.00007325 
0.00007368 
0.00007368 
0.00007365 
0.00007322 
0.00007512 
0.00007422 
0.00007422 
0.00007489 
0.00007420 
0.00007324 
0.00007263 
0.00007287 
0.00007287 
0.00007287 
0.00007137 
0.00007206 
0.00007154 
0.00007065 
0.00007189 
0.00007171 
0.00007120 
0.00007181 
0.00007218 
0.00007217 
0.00007351 
0.00007371 
0.00007371 
0.00007371 
0.00007371 
0.00007352 
0.00007437 
0.00007376 
0.00007457 
0.00007457 
0.00007450 
0.00007501 
0.00007501 
0.00007629 
0.00007422 
0.00007512 
0.00007639 
0.00007639 
0.00007651 
0.00007728 
0.00007728 
0.00007792 
0.00007728 
0.00007728 
0.00007728 
0.00007724 
0.00007730 
0.00007776 
0.00007731 
0.00007778 
0.00007780 
0.00007852 
0.00007852 
0.00007799 
0.00007857 
0.00007799 
0.00007800 
0.00007871 
0.00007800 
0.00007808 
0.00007806 
0.00007901 
0.00007843 
0.00007921 
0.00007806 
0.00007800 
0.00007831 
0.00007832 
0.00007837 
0.00007880 
0.00007801 
0.00007858 
0.00007919 
0.00007827 
0.00007958 
0.00007958 
0.00007955 
0.00007961 
0.00007810 
0.00007801 
0.00007867 
0.00008101 
0.00008038 
0.00008103 
0.00008103 
0.00008108 
0.00008109 
0.00008110 
0.00008133 
0.00008133 
0.00008131 
0.00008127 
0.00008338 
0.00008170 
0.00008381 
0.00008381 
0.00008381 
0.00008368 
0.00008368 
0.00008368 
0.00008368 
0.00008381 
0.00008381 
0.00008381 
0.00008381 
0.00008369 
0.00008369 
0.00008369 
0.00008368 
0.00008284 
0.00008382 
0.00008382 
0.00008382 
0.00008382 
0.00008382 
0.00008380 
0.00008439 
0.00008353 
0.00008353 
0.00008340 
0.00008335 
0.00008335 
0.00008335 
0.00008427 
0.00008427 
0.00008431 
0.00008433 
0.00008433 
0.00008447 
0.00008447 
0.00008352 
0.00008413 
0.00008381 
0.00008379 
0.00008379 
0.00008317 
0.00008277 
0.00008316 
0.00008317 
0.00008319 
0.00008319 
0.00008377 
0.00008379 
0.00008379 
0.00008384 
0.00008384 
0.00008384 
0.00008384 
0.00008378 
0.00008386 
0.00008374 
0.00008391 
0.00008375 
0.00008375 
0.00008375 
0.00008375 
0.00008375 
0.00008375 
0.00008375 
0.00008375 
0.00008375 
0.00008375 
0.00008243 
0.00008407 
0.00008330 
0.00008265 
0.00008662 
0.00008700 
0.00008700 
0.00008700 
0.00008692 
0.00008692 
0.00008649 
0.00008649 
0.00008649 
0.00008649 
0.00008699 
0.00008597 
0.00008600 
0.00008600 
0.00008611 
0.00008614 
0.00008612 
0.00008605 
0.00008603 
0.00008773 
0.00008781 
0.00008752 
0.00008700 
0.00008699 
0.00008700 
0.00008610 
0.00008657 
0.00008610 
0.00008655 
0.00008655 
0.00008655 
0.00008655 
0.00008655 
0.00008652 
0.00008620 
0.00008620 
0.00008601 
0.00008600 
0.00008600 
0.00008633 
0.00008600 
0.00008518 
0.00008579 
0.00008574 
0.00008533 
0.00008531 
0.00008518 
0.00008514 
0.00008512 
0.00008579 
0.00008579 
0.00008579 
0.00008579 
0.00008552 
0.00008579 
0.00008579 
0.00008552 
0.00008552 
0.00008552 
0.00008548 
0.00008531 
0.00008530 
0.00008531 
0.00008531 
0.00008564 
0.00008564 
0.00008512 
0.00008512 
0.00008512 
0.00008512 
0.00008512 
0.00008445 
0.00008423 
0.00008461 
0.00008512 
0.00008512 
0.00008512 
0.00008552 
0.00008482 
0.00008482 
0.00008515 
0.00008598 
0.00008514 
0.00008557 
0.00008597 
0.00008492 
0.00008500 
0.00008578 
0.00008555 
0.00008500 
0.00008500 
0.00008444 
0.00008444 
0.00008400 
0.00008399 
0.00008360 
0.00008336 
0.00008374 
0.00008382 
0.00008499 
0.00008422 
0.00008414 
0.00008457 
0.00008457 
0.00008477 
0.00008456 
0.00008456 
0.00008452 
0.00008521 
0.00008607 
0.00008567 
0.00008567 
0.00008649 
0.00008651 
0.00008651 
0.00008691 
0.00008761 
0.00008703 
0.00008702 
0.00008765 
0.00008765 
0.00008765 
0.00008840 
0.00008840 
0.00008840 
0.00008840 
0.00008760 
0.00008759 
0.00008759 
0.00008759 
0.00008762 
0.00008762 
0.00008762 
0.00008786 
0.00008786 
0.00008812 
0.00008896 
0.00008847 
0.00008995 
0.00008865 
0.00008456 
0.00008397 
0.00008467 
0.00008450 
0.00008383 
0.00008466 
0.00008440 
0.00008315 
0.00008313 
0.00008314 
0.00008230 
0.00008290 
0.00008153 
0.00008153 
0.00008166 
0.00008167 
0.00008260 
0.00008301 
0.00007942 
0.00008222 
0.00008076 
0.00008052 
0.00008075 
0.00007937 
0.00008159 
0.00008114 
0.00008058 
0.00008230 
0.00008223 
0.00008601 
0.00008667 
0.00007810 
0.00007856 
0.00007854 
0.00007847 
0.00007842 
0.00007856 
0.00007702 
0.00007702 
0.00007648 
0.00007648 
0.00007725 
0.00007714 
0.00007850 
0.00007707 
0.00007702 
0.00007673 
0.00007673 
0.00007597 
0.00007597 
0.00007596 
0.00007582 
0.00007535 
0.00007597 
0.00007587 
0.00007587 
0.00007587 
0.00007594 
0.00007594 
0.00007594 
0.00007673 
0.00007673 
0.00007594 
0.00007594 
0.00007601 
0.00007611 
0.00007690 
0.00007599 
0.00007628 
0.00007691 
0.00007719 
0.00007716 
0.00007720 
0.00007594 
0.00007592 
0.00007592 
0.00007592 
0.00007592 
0.00007592 
0.00007592 
0.00007668 
0.00007591 
0.00007591 
0.00007658 
0.00007591 
0.00007591 
0.00007591 
0.00007591 
0.00007571 
0.00007521 
0.00007591 
0.00007474 
0.00007313 
0.00007292 
0.00007582 
0.00007489 
0.00007487 
0.00007524 
0.00007630 
0.00007511 
0.00007511 
0.00007485 
0.00007445 
0.00007445 
0.00007441 
0.00007368 
0.00007368 
0.00007364 
0.00007364 
0.00007454 
0.00007454 
0.00007384 
0.00007361 
0.00007361 
0.00007361 
0.00007361 
0.00007269 
0.00007269 
0.00007269 
0.00007355 
0.00007356 
0.00007298 
0.00007372 
0.00007291 
0.00007353 
0.00007404 
0.00007270 
0.00007361 
0.00007350 
0.00007336 
0.00007368 
0.00007238 
0.00007238 
0.00007238 
0.00007346 
0.00007346 
0.00007346 
0.00007322 
0.00007322 
0.00007229 
0.00007277 
0.00007277 
0.00007368 
0.00007368 
0.00007368 
0.00007368 
0.00007369 
0.00007377 
0.00007369 
0.00007311 
0.00007311 
0.00007285 
0.00007285 
0.00007285 
0.00007283 
0.00007280 
0.00007250 
0.00007250 
0.00007269 
0.00007254 
0.00007258 
0.00007266 
0.00007266 
0.00007266 
0.00007295 
0.00007311 
0.00007311 
0.00007311 
0.00007311 
0.00007325 
0.00007368 
0.00007368 
0.00007365 
0.00007322 
0.00007512 
0.00007422 
0.00007422 
0.00007489 
0.00007420 
0.00007324 
0.00007263 
0.00007287 
0.00007287 
0.00007287 
0.00007137 
0.00007206 
0.00007154 
0.00007065 
0.00007189 
0.00007171 
0.00007120 
0.00007181 
0.00007218 
0.00007217 
0.00007351 
0.00007371 
0.00007371 
0.00007371 
0.00007371 
0.00007352 
0.00007437 
0.00007376 
0.00007457 
0.00007457 
0.00007450 
0.00007501 
0.00007501 
0.00007629 
0.00007422 
0.00007512 
0.00007639 
0.00007639 
0.00007651 
0.00007728 
0.00007728 
0.00007792 
0.00007728 
0.00007728 
0.00007728 
0.00007724 
0.00007730 
0.00007776 
0.00007731 
0.00007778 
0.00007780 
0.00007852 
0.00007852 
0.00007799 
0.00007857 
0.00007799 
0.00007800 
0.00007871 
0.00007800 
0.00007808 
0.00007806 
0.00007901 
0.00007843 
0.00007921 
0.00007806 
0.00007800 
0.00007831 
0.00007832 
0.00007837 
0.00007880 
0.00007801 
0.00007858 
0.00007919 
0.00007827 
0.00007958 
0.00007958 
0.00007955 
0.00007961 
0.00007810 
0.00007801 
0.00007867 
0.00008101 
0.00008038 
0.00008103 
0.00008103 
0.00008108 
0.00008109 
0.00008110 
0.00008133 
0.00008133 
0.00008131 
0.00008127 
0.00008338 
0.00008170 
0.00008381 
0.00008381 
0.00008381 
0.00008368 
0.00008368 
0.00008368 
0.00008368 
0.00008381 
0.00008381 
0.00008381 
0.00008381 
0.00008369 
0.00008369 
0.00008369 
0.00008368 
0.00008284 
0.00008382 
0.00008382 
0.00008382 
0.00008382 
0.00008382 
0.00008380 
0.00008439 
0.00008353 
0.00008353 
0.00008340 
0.00008335 
0.00008335 
0.00008335 
0.00008427 
0.00008427 
0.00008431 
0.00008433 
0.00008433 
0.00008447 
0.00008447 
0.00008352 
0.00008413 
0.00008381 
0.00008379 
0.00008379 
0.00008317 
0.00008277 
0.00008316 
0.00008317 
0.00008319 
0.00008319 
0.00008377 
0.00008379 
0.00008379 
0.00008384 
0.00008384 
0.00008384 
0.00008384 
0.00008378 
0.00008386 
0.00008374 
0.00008391 
0.00008375 
0.00008375 
0.00008375 
0.00008375 
0.00008375 
0.00008375 
0.00008375 
0.00008375 
0.00008375 
0.00008375 
0.00008243 
0.00008407 
0.00008330 
0.00008265 
0.00008662 
0.00008700 
0.00008700 
0.00008700 
0.00008692 
0.00008692 
0.00008649 
0.00008649 
0.00008649 
0.00008649 
0.00008699 
0.00008597 
0.00008600 
0.00008600 
0.00008611 
0.00008614 
0.00008612 
0.00008605 
0.00008603 
0.00008773 
0.00008781 
0.00008752 
0.00008700 
0.00008699 
0.00008700 
0.00008610 
0.00008657 
0.00008610 
0.00008655 
0.00008655 
0.00008655 
0.00008655 
0.00008655 
0.00008652 
0.00008620 
0.00008620 
0.00008601 
0.00008600 
0.00008600 
0.00008633 
0.00008600 
0.00008518 
0.00008579 
0.00008574 
0.00008533 
0.00008531 
0.00008518 
0.00008514 
0.00008512 
0.00008579 
0.00008579 
0.00008579 
0.00008579 
0.00008552 
0.00008579 
0.00008579 
0.00008552 
0.00008552 
0.00008552 
0.00008548 
0.00008531 
0.00008530 
0.00008531 
0.00008531 
0.00008564 
0.00008564 
0.00008512 
0.00008512 
0.00008512 
0.00008512 
0.00008512 
0.00008445 
0.00008423 
0.00008461 
0.00008512 
0.00008512 
0.00008512 
0.00008552 
0.00008482 
0.00008482 
0.00008515 
0.00008598 
0.00008514 
0.00008557 
0.00008597 
0.00008492 
0.00008500 
0.00008578 
0.00008555 
0.00008500 
0.00008500 
0.00008444 
0.00008444 
0.00008400 
0.00008399 
0.00008360 
0.00008336 
0.00008374 
0.00008382 
0.00008499 
0.00008422 
0.00008414 
0.00008457 
0.00008457 
0.00008477 
0.00008456 
0.00008456 
0.00008452 
0.00008521 
0.00008607 
0.00008567 
0.00008567 
0.00008649 
0.00008651 
0.00008651 
0.00008691 
0.00008761 
0.00008703 
0.00008702 
0.00008765 
0.00008765 
0.00008765 
0.00008840 
0.00008840 
0.00008840 
0.00008840 
0.00008760 
0.00008759 
0.00008759 
0.00008759 
0.00008762 
0.00008762 
0.00008762 
0.00008786 
0.00008786 
0.00008812 
0.00008896 
0.00008847 
0.00008995 
0.00008865 
0.00008456 
0.00008397 
0.00008467 
0.00008450 
0.00008383 
0.00008466 
0.00008440 
0.00008315 
0.00008313 
0.00008314 
0.00008230 
0.00008290 
0.00008153 
0.00008153 
0.00008166 
0.00008167 
0.00008260 
0.00008301 
0.00007942 
0.00008222 
0.00008076 
0.00008052 
0.00008075 
0.00007937 
0.00008159 
0.00008114 
0.00008058 
0.00008230 
0.00008223 
0.00008601 
0.00008667 
0.00007810 
0.00007856 
0.00007854 
0.00007847 
0.00007842 
0.00007856 
0.00007702 
0.00007702 
0.00007648 
0.00007648 
0.00007725 
0.00007714 
0.00007850 
0.00007707 
0.00007702 
0.00007673 
0.00007673 
0.00007597 
0.00007597 
0.00007596 
0.00007582 
0.00007535 
0.00007597 
0.00007587 
0.00007587 
0.00007587 
0.00007594 
0.00007594 
0.00007594 
0.00007673 
0.00007673 
0.00007594 
0.00007594 
0.00007601 
0.00007611 
0.00007690 
0.00007599 
0.00007628 
0.00007691 
0.00007719 
0.00007716 
0.00007720 
0.00007594 
0.00007592 
0.00007592 
0.00007592 
0.00007592 
0.00007592 
0.00007592 
0.00007668 
0.00007591 
0.00007591 
0.00007658 
0.00007591 
0.00007591 
0.00007591 
0.00007591 
0.00007571 
0.00007521 
0.00007591 
0.00007474 
0.00007313 
0.00007292 
0.00007582 
0.00007489 
0.00007487 
0.00007524 
0.00007630 
0.00007511 
0.00007511 
0.00007485 
0.00007445 
0.00007445 
0.00007441 
0.00007368 
0.00007368 
0.00007364 
0.00007364 
0.00007454 
0.00007454 
0.00007384 
0.00007361 
0.00007361 
0.00007361 
0.00007361 
0.00007269 
0.00007269 
0.00007269 
0.00007355 
0.00007356 
0.00007298 
0.00007372 
0.00007291 
0.00007353 
0.00007404 
0.00007270 
0.00007361 
0.00007350 
0.00007336 
0.00007368 
0.00007238 
0.00007238 
0.00007238 
0.00007346 
0.00007346 
0.00007346 
0.00007322 
0.00007322 
0.00007229 
0.00007277 
0.00007277 
0.00007368 
0.00007368 
0.00007368 
0.00007368 
0.00007369 
0.00007377 
0.00007369 
0.00007311 
0.00007311 
0.00007285 
0.00007285 
0.00007285 
0.00007283 
0.00007280 
0.00007250 
0.00007250 
0.00007269 
0.00007254 
0.00007258 
0.00007266 
0.00007266 
0.00007266 
0.00007295 
0.00007311 
0.00007311 
0.00007311 
0.00007311 
0.00007325 
0.00007368 
0.00007368 
0.00007365 
0.00007322 
0.00007512 
0.00007422 
0.00007422 
0.00007489 
0.00007420 
0.00007324 
0.00007263 
0.00007287 
0.00007287 
0.00007287 
0.00007137 
0.00007206 
0.00007154 
0.00007065 
0.00007189 
0.00007171 
0.00007120 
0.00007181 
0.00007218 
0.00007217 
0.00007351 
0.00007371 
0.00007371 
0.00007371 
0.00007371 
0.00007352 
0.00007437 
0.00007376 
0.00007457 
0.00007457 
0.00007450 
0.00007501 
0.00007501 
0.00007629 
0.00007422 
0.00007512 
0.00007639 
0.00007639 
0.00007651 
0.00007728 
0.00007728 
0.00007792 
0.00007728 
0.00007728 
0.00007728 
0.00007724 
0.00007730 
0.00007776 
0.00007731 
0.00007778 
0.00007780 
0.00007852 
0.00007852 
0.00007799 
0.00007857 
0.00007799 
0.00007800 
0.00007871 
0.00007800 
0.00007808 
0.00007806 
0.00007901 
0.00007843 
0.00007921 
0.00007806 
0.00007800 
0.00007831 
0.00007832 
0.00007837 
0.00007880 
0.00007801 
0.00007858 
0.00007919 
0.00007827 
0.00007958 
0.00007958 
0.00007955 
0.00007961 
0.00007810 
0.00007801 
0.00007867 
0.00008101 
0.00008038 
0.00008103 
0.00008103 
0.00008108 
0.00008109 
0.00008110 
0.00008133 
0.00008133 
0.00008131 
0.00008127 
0.00008338 
0.00008170 
0.00008381 
0.00008381 
0.00008381 
0.00008368 
0.00008368 
0.00008368 
0.00008368 
0.00008381 
0.00008381 
0.00008381 
0.00008381 
0.00008369 
0.00008369 
0.00008369 
0.00008368 
0.00008284 
0.00008382 
0.00008382 
0.00008382 
0.00008382 
0.00008382 
0.00008380 
0.00008439 
0.00008353 
0.00008353 
0.00008340 
0.00008335 
0.00008335 
0.00008335 
0.00008427 
0.00008427 
0.00008431 
0.00008433 
0.00008433 
0.00008447 
0.00008447 
0.00008352 
0.00008413 
0.00008381 
0.00008379 
0.00008379 
0.00008317 
0.00008277 
0.00008316 
0.00008317 
0.00008319 
0.00008319 
0.00008377 
0.00008379 
0.00008379 
0.00008384 
0.00008384 
0.00008384 
0.00008384 
0.00008378 
0.00008386 
0.00008374 
0.00008391 
0.00008375 
0.00008375 
0.00008375 
0.00008375 
0.00008375 
0.00008375 
0.00008375 
0.00008375 
0.00008375 
0.00008375 
0.00008243 
0.00008407 
0.00008330 
0.00008265 
