30.00000000 
286.00000000 
0.00000000 
120.00000000 
0.00000000 
230.00000000 
0.00000000 
350.00000000 
115.00000000 
2577.00000000 
3313.00000000 
1075.00000000 
0.00000000 
495.00000000 
1587.00000000 
1457.00000000 
139.00000000 
63.00000000 
5892.00000000 
2042.00000000 
942.00000000 
1152.00000000 
958.00000000 
212.00000000 
492.00000000 
118.00000000 
4431.00000000 
4144.00000000 
344.00000000 
75.00000000 
0.00000000 
0.00000000 
143.00000000 
5.00000000 
1375.00000000 
503.00000000 
78.00000000 
0.00000000 
566.00000000 
55.00000000 
58.00000000 
689.00000000 
2625.00000000 
1178.00000000 
131.00000000 
75.00000000 
123.00000000 
138.00000000 
5.00000000 
0.00000000 
116.00000000 
0.00000000 
116.00000000 
5.00000000 
0.00000000 
26.00000000 
0.00000000 
0.00000000 
183.00000000 
286.00000000 
206.00000000 
302.00000000 
0.00000000 
151.00000000 
55.00000000 
35.00000000 
153.00000000 
2.00000000 
0.00000000 
288.00000000 
10.00000000 
905.00000000 
996.00000000 
68.00000000 
264.00000000 
16.00000000 
588.00000000 
441.00000000 
0.00000000 
3561.00000000 
15.00000000 
368.00000000 
194.00000000 
149.00000000 
191.00000000 
12.00000000 
207.00000000 
130.00000000 
223.00000000 
0.00000000 
807.00000000 
0.00000000 
1352.00000000 
785.00000000 
483.00000000 
114.00000000 
738.00000000 
241.00000000 
2475.00000000 
557.00000000 
481.00000000 
250.00000000 
1133.00000000 
2290.00000000 
324.00000000 
0.00000000 
176.00000000 
371.00000000 
2704.00000000 
1037.00000000 
0.00000000 
1664.00000000 
19.00000000 
171.00000000 
1487.00000000 
507.00000000 
1803.00000000 
250.00000000 
2721.00000000 
0.00000000 
148.00000000 
12.00000000 
142.00000000 
12.00000000 
580.00000000 
58.00000000 
1984.00000000 
414.00000000 
0.00000000 
417.00000000 
377.00000000 
0.00000000 
2350.00000000 
0.00000000 
1611.00000000 
494.00000000 
145.00000000 
1610.00000000 
4757.00000000 
8305.00000000 
1168.00000000 
742.00000000 
551.00000000 
3348.00000000 
2977.00000000 
262.00000000 
2016.00000000 
40.00000000 
1121.00000000 
799.00000000 
404.00000000 
2908.00000000 
3950.00000000 
166.00000000 
3577.00000000 
2376.00000000 
2580.00000000 
231.00000000 
987.00000000 
251.00000000 
296.00000000 
174.00000000 
2709.00000000 
5545.00000000 
455.00000000 
654.00000000 
1410.00000000 
179.00000000 
7478.00000000 
16493.00000000 
12545.00000000 
1199.00000000 
2452.00000000 
112.00000000 
13.00000000 
1333.00000000 
4000.00000000 
0.00000000 
334.00000000 
0.00000000 
770.00000000 
52.00000000 
382.00000000 
334.00000000 
34.00000000 
503.00000000 
0.00000000 
878.00000000 
301.00000000 
438.00000000 
312.00000000 
708.00000000 
10.00000000 
2772.00000000 
0.00000000 
0.00000000 
246.00000000 
0.00000000 
0.00000000 
2150.00000000 
0.00000000 
131.00000000 
0.00000000 
357.00000000 
15.00000000 
1699.00000000 
251.00000000 
235.00000000 
1567.00000000 
29.00000000 
98.00000000 
118.00000000 
373.00000000 
69.00000000 
0.00000000 
0.00000000 
1738.00000000 
137.00000000 
0.00000000 
128.00000000 
16.00000000 
0.00000000 
53.00000000 
376.00000000 
314.00000000 
131.00000000 
287.00000000 
1019.00000000 
1195.00000000 
1439.00000000 
2448.00000000 
2119.00000000 
2920.00000000 
7385.00000000 
275.00000000 
377.00000000 
540.00000000 
887.00000000 
7515.00000000 
568.00000000 
33.00000000 
3427.00000000 
0.00000000 
81.00000000 
1232.00000000 
0.00000000 
174.00000000 
0.00000000 
255.00000000 
0.00000000 
222.00000000 
270.00000000 
0.00000000 
0.00000000 
0.00000000 
518.00000000 
0.00000000 
160.00000000 
451.00000000 
1620.00000000 
813.00000000 
104.00000000 
151.00000000 
911.00000000 
673.00000000 
1064.00000000 
4104.00000000 
1148.00000000 
7560.00000000 
7820.00000000 
7538.00000000 
0.00000000 
0.00000000 
1020.00000000 
0.00000000 
0.00000000 
221.00000000 
0.00000000 
1658.00000000 
177.00000000 
27.00000000 
616.00000000 
0.00000000 
0.00000000 
0.00000000 
513.00000000 
66.00000000 
54.00000000 
708.00000000 
2258.00000000 
606.00000000 
440.00000000 
0.00000000 
574.00000000 
411.00000000 
457.00000000 
1199.00000000 
395.00000000 
2151.00000000 
137.00000000 
148.00000000 
299.00000000 
0.00000000 
839.00000000 
1408.00000000 
0.00000000 
0.00000000 
0.00000000 
446.00000000 
200.00000000 
138.00000000 
490.00000000 
131.00000000 
1515.00000000 
438.00000000 
0.00000000 
508.00000000 
1251.00000000 
6497.00000000 
1251.00000000 
145.00000000 
0.00000000 
0.00000000 
670.00000000 
553.00000000 
1091.00000000 
2037.00000000 
1778.00000000 
6872.00000000 
694.00000000 
1818.00000000 
249.00000000 
1478.00000000 
4803.00000000 
2945.00000000 
82.00000000 
0.00000000 
0.00000000 
810.00000000 
10457.00000000 
2.00000000 
3666.00000000 
5.00000000 
618.00000000 
18.00000000 
0.00000000 
599.00000000 
896.00000000 
1811.00000000 
131.00000000 
127.00000000 
43.00000000 
254.00000000 
270.00000000 
72.00000000 
122.00000000 
0.00000000 
1483.00000000 
220.00000000 
159.00000000 
514.00000000 
1306.00000000 
772.00000000 
2406.00000000 
128.00000000 
0.00000000 
28.00000000 
1635.00000000 
3109.00000000 
1049.00000000 
1.00000000 
128.00000000 
702.00000000 
235.00000000 
113.00000000 
4122.00000000 
1167.00000000 
570.00000000 
188.00000000 
2585.00000000 
201.00000000 
260.00000000 
290.00000000 
232.00000000 
451.00000000 
1272.00000000 
183.00000000 
3805.00000000 
0.00000000 
92.00000000 
495.00000000 
700.00000000 
6464.00000000 
7540.00000000 
9693.00000000 
741.00000000 
563.00000000 
14.00000000 
402.00000000 
2367.00000000 
3212.00000000 
14105.00000000 
0.00000000 
130.00000000 
2192.00000000 
16610.00000000 
1277.00000000 
1873.00000000 
0.00000000 
20.00000000 
1211.00000000 
566.00000000 
0.00000000 
78.00000000 
420.00000000 
0.00000000 
0.00000000 
0.00000000 
692.00000000 
0.00000000 
0.00000000 
135.00000000 
161.00000000 
1638.00000000 
0.00000000 
791.00000000 
0.00000000 
0.00000000 
250.00000000 
534.00000000 
334.00000000 
521.00000000 
118.00000000 
796.00000000 
936.00000000 
513.00000000 
310.00000000 
0.00000000 
880.00000000 
12.00000000 
0.00000000 
20.00000000 
158.00000000 
29.00000000 
135.00000000 
577.00000000 
935.00000000 
0.00000000 
87.00000000 
200.00000000 
165.00000000 
160.00000000 
1146.00000000 
317.00000000 
176.00000000 
138.00000000 
0.00000000 
216.00000000 
58.00000000 
3410.00000000 
0.00000000 
1272.00000000 
720.00000000 
232.00000000 
533.00000000 
701.00000000 
941.00000000 
291.00000000 
1488.00000000 
119.00000000 
898.00000000 
0.00000000 
957.00000000 
149.00000000 
0.00000000 
713.00000000 
758.00000000 
2758.00000000 
290.00000000 
40.00000000 
30.00000000 
286.00000000 
0.00000000 
120.00000000 
0.00000000 
230.00000000 
0.00000000 
350.00000000 
115.00000000 
2577.00000000 
3313.00000000 
1075.00000000 
0.00000000 
495.00000000 
1587.00000000 
1457.00000000 
139.00000000 
63.00000000 
5892.00000000 
2042.00000000 
942.00000000 
1152.00000000 
958.00000000 
212.00000000 
492.00000000 
118.00000000 
4431.00000000 
4144.00000000 
344.00000000 
75.00000000 
0.00000000 
0.00000000 
143.00000000 
5.00000000 
1375.00000000 
503.00000000 
78.00000000 
0.00000000 
566.00000000 
55.00000000 
58.00000000 
689.00000000 
2625.00000000 
1178.00000000 
131.00000000 
75.00000000 
123.00000000 
138.00000000 
5.00000000 
0.00000000 
116.00000000 
0.00000000 
116.00000000 
5.00000000 
0.00000000 
26.00000000 
0.00000000 
0.00000000 
183.00000000 
286.00000000 
206.00000000 
302.00000000 
0.00000000 
151.00000000 
55.00000000 
35.00000000 
153.00000000 
2.00000000 
0.00000000 
288.00000000 
10.00000000 
905.00000000 
996.00000000 
68.00000000 
264.00000000 
16.00000000 
588.00000000 
441.00000000 
0.00000000 
3561.00000000 
15.00000000 
368.00000000 
194.00000000 
149.00000000 
191.00000000 
12.00000000 
207.00000000 
130.00000000 
223.00000000 
0.00000000 
807.00000000 
0.00000000 
1352.00000000 
785.00000000 
483.00000000 
114.00000000 
738.00000000 
241.00000000 
2475.00000000 
557.00000000 
481.00000000 
250.00000000 
1133.00000000 
2290.00000000 
324.00000000 
0.00000000 
176.00000000 
371.00000000 
2704.00000000 
1037.00000000 
0.00000000 
1664.00000000 
19.00000000 
171.00000000 
1487.00000000 
507.00000000 
1803.00000000 
250.00000000 
2721.00000000 
0.00000000 
148.00000000 
12.00000000 
142.00000000 
12.00000000 
580.00000000 
58.00000000 
1984.00000000 
414.00000000 
0.00000000 
417.00000000 
377.00000000 
0.00000000 
2350.00000000 
0.00000000 
1611.00000000 
494.00000000 
145.00000000 
1610.00000000 
4757.00000000 
8305.00000000 
1168.00000000 
742.00000000 
551.00000000 
3348.00000000 
2977.00000000 
262.00000000 
2016.00000000 
40.00000000 
1121.00000000 
799.00000000 
404.00000000 
2908.00000000 
3950.00000000 
166.00000000 
3577.00000000 
2376.00000000 
2580.00000000 
231.00000000 
987.00000000 
251.00000000 
296.00000000 
174.00000000 
2709.00000000 
5545.00000000 
455.00000000 
654.00000000 
1410.00000000 
179.00000000 
7478.00000000 
16493.00000000 
12545.00000000 
1199.00000000 
2452.00000000 
112.00000000 
13.00000000 
1333.00000000 
4000.00000000 
0.00000000 
334.00000000 
0.00000000 
770.00000000 
52.00000000 
382.00000000 
334.00000000 
34.00000000 
503.00000000 
0.00000000 
878.00000000 
301.00000000 
438.00000000 
312.00000000 
708.00000000 
10.00000000 
2772.00000000 
0.00000000 
0.00000000 
246.00000000 
0.00000000 
0.00000000 
2150.00000000 
0.00000000 
131.00000000 
0.00000000 
357.00000000 
15.00000000 
1699.00000000 
251.00000000 
235.00000000 
1567.00000000 
29.00000000 
98.00000000 
118.00000000 
373.00000000 
69.00000000 
0.00000000 
0.00000000 
1738.00000000 
137.00000000 
0.00000000 
128.00000000 
16.00000000 
0.00000000 
53.00000000 
376.00000000 
314.00000000 
131.00000000 
287.00000000 
1019.00000000 
1195.00000000 
1439.00000000 
2448.00000000 
2119.00000000 
2920.00000000 
7385.00000000 
275.00000000 
377.00000000 
540.00000000 
887.00000000 
7515.00000000 
568.00000000 
33.00000000 
3427.00000000 
0.00000000 
81.00000000 
1232.00000000 
0.00000000 
174.00000000 
0.00000000 
255.00000000 
0.00000000 
222.00000000 
270.00000000 
0.00000000 
0.00000000 
0.00000000 
518.00000000 
0.00000000 
160.00000000 
451.00000000 
1620.00000000 
813.00000000 
104.00000000 
151.00000000 
911.00000000 
673.00000000 
1064.00000000 
4104.00000000 
1148.00000000 
7560.00000000 
7820.00000000 
7538.00000000 
0.00000000 
0.00000000 
1020.00000000 
0.00000000 
0.00000000 
221.00000000 
0.00000000 
1658.00000000 
177.00000000 
27.00000000 
616.00000000 
0.00000000 
0.00000000 
0.00000000 
513.00000000 
66.00000000 
54.00000000 
708.00000000 
2258.00000000 
606.00000000 
440.00000000 
0.00000000 
574.00000000 
411.00000000 
457.00000000 
1199.00000000 
395.00000000 
2151.00000000 
137.00000000 
148.00000000 
299.00000000 
0.00000000 
839.00000000 
1408.00000000 
0.00000000 
0.00000000 
0.00000000 
446.00000000 
200.00000000 
138.00000000 
490.00000000 
131.00000000 
1515.00000000 
438.00000000 
0.00000000 
508.00000000 
1251.00000000 
6497.00000000 
1251.00000000 
145.00000000 
0.00000000 
0.00000000 
670.00000000 
553.00000000 
1091.00000000 
2037.00000000 
1778.00000000 
6872.00000000 
694.00000000 
1818.00000000 
249.00000000 
1478.00000000 
4803.00000000 
2945.00000000 
82.00000000 
0.00000000 
0.00000000 
810.00000000 
10457.00000000 
2.00000000 
3666.00000000 
5.00000000 
618.00000000 
18.00000000 
0.00000000 
599.00000000 
896.00000000 
1811.00000000 
131.00000000 
127.00000000 
43.00000000 
254.00000000 
270.00000000 
72.00000000 
122.00000000 
0.00000000 
1483.00000000 
220.00000000 
159.00000000 
514.00000000 
1306.00000000 
772.00000000 
2406.00000000 
128.00000000 
0.00000000 
28.00000000 
1635.00000000 
3109.00000000 
1049.00000000 
1.00000000 
128.00000000 
702.00000000 
235.00000000 
113.00000000 
4122.00000000 
1167.00000000 
570.00000000 
188.00000000 
2585.00000000 
201.00000000 
260.00000000 
290.00000000 
232.00000000 
451.00000000 
1272.00000000 
183.00000000 
3805.00000000 
0.00000000 
92.00000000 
495.00000000 
700.00000000 
6464.00000000 
7540.00000000 
9693.00000000 
741.00000000 
563.00000000 
14.00000000 
402.00000000 
2367.00000000 
3212.00000000 
14105.00000000 
0.00000000 
130.00000000 
2192.00000000 
16610.00000000 
1277.00000000 
1873.00000000 
0.00000000 
20.00000000 
1211.00000000 
566.00000000 
0.00000000 
78.00000000 
420.00000000 
0.00000000 
0.00000000 
0.00000000 
692.00000000 
0.00000000 
0.00000000 
135.00000000 
161.00000000 
1638.00000000 
0.00000000 
791.00000000 
0.00000000 
0.00000000 
250.00000000 
534.00000000 
334.00000000 
521.00000000 
118.00000000 
796.00000000 
936.00000000 
513.00000000 
310.00000000 
0.00000000 
880.00000000 
12.00000000 
0.00000000 
20.00000000 
158.00000000 
29.00000000 
135.00000000 
577.00000000 
935.00000000 
0.00000000 
87.00000000 
200.00000000 
165.00000000 
160.00000000 
1146.00000000 
317.00000000 
176.00000000 
138.00000000 
0.00000000 
216.00000000 
58.00000000 
3410.00000000 
0.00000000 
1272.00000000 
720.00000000 
232.00000000 
533.00000000 
701.00000000 
941.00000000 
291.00000000 
1488.00000000 
119.00000000 
898.00000000 
0.00000000 
957.00000000 
149.00000000 
0.00000000 
713.00000000 
758.00000000 
2758.00000000 
290.00000000 
40.00000000 
30.00000000 
286.00000000 
0.00000000 
120.00000000 
0.00000000 
230.00000000 
0.00000000 
350.00000000 
115.00000000 
2577.00000000 
3313.00000000 
1075.00000000 
0.00000000 
495.00000000 
1587.00000000 
1457.00000000 
139.00000000 
63.00000000 
5892.00000000 
2042.00000000 
942.00000000 
1152.00000000 
958.00000000 
212.00000000 
492.00000000 
118.00000000 
4431.00000000 
4144.00000000 
344.00000000 
75.00000000 
0.00000000 
0.00000000 
143.00000000 
5.00000000 
1375.00000000 
503.00000000 
78.00000000 
0.00000000 
566.00000000 
55.00000000 
58.00000000 
689.00000000 
2625.00000000 
1178.00000000 
131.00000000 
75.00000000 
123.00000000 
138.00000000 
5.00000000 
0.00000000 
116.00000000 
0.00000000 
116.00000000 
5.00000000 
0.00000000 
26.00000000 
0.00000000 
0.00000000 
183.00000000 
286.00000000 
206.00000000 
302.00000000 
0.00000000 
151.00000000 
55.00000000 
35.00000000 
153.00000000 
2.00000000 
0.00000000 
288.00000000 
10.00000000 
905.00000000 
996.00000000 
68.00000000 
264.00000000 
16.00000000 
588.00000000 
441.00000000 
0.00000000 
3561.00000000 
15.00000000 
368.00000000 
194.00000000 
149.00000000 
191.00000000 
12.00000000 
207.00000000 
130.00000000 
223.00000000 
0.00000000 
807.00000000 
0.00000000 
1352.00000000 
785.00000000 
483.00000000 
114.00000000 
738.00000000 
241.00000000 
2475.00000000 
557.00000000 
481.00000000 
250.00000000 
1133.00000000 
2290.00000000 
324.00000000 
0.00000000 
176.00000000 
371.00000000 
2704.00000000 
1037.00000000 
0.00000000 
1664.00000000 
19.00000000 
171.00000000 
1487.00000000 
507.00000000 
1803.00000000 
250.00000000 
2721.00000000 
0.00000000 
148.00000000 
12.00000000 
142.00000000 
12.00000000 
580.00000000 
58.00000000 
1984.00000000 
414.00000000 
0.00000000 
417.00000000 
377.00000000 
0.00000000 
2350.00000000 
0.00000000 
1611.00000000 
494.00000000 
145.00000000 
1610.00000000 
4757.00000000 
8305.00000000 
1168.00000000 
742.00000000 
551.00000000 
3348.00000000 
2977.00000000 
262.00000000 
2016.00000000 
40.00000000 
1121.00000000 
799.00000000 
404.00000000 
2908.00000000 
3950.00000000 
166.00000000 
3577.00000000 
2376.00000000 
2580.00000000 
231.00000000 
987.00000000 
251.00000000 
296.00000000 
174.00000000 
2709.00000000 
5545.00000000 
455.00000000 
654.00000000 
1410.00000000 
179.00000000 
7478.00000000 
16493.00000000 
12545.00000000 
1199.00000000 
2452.00000000 
112.00000000 
13.00000000 
1333.00000000 
4000.00000000 
0.00000000 
334.00000000 
0.00000000 
770.00000000 
52.00000000 
382.00000000 
334.00000000 
34.00000000 
503.00000000 
0.00000000 
878.00000000 
301.00000000 
438.00000000 
312.00000000 
708.00000000 
10.00000000 
2772.00000000 
0.00000000 
0.00000000 
246.00000000 
0.00000000 
0.00000000 
2150.00000000 
0.00000000 
131.00000000 
0.00000000 
357.00000000 
15.00000000 
1699.00000000 
251.00000000 
235.00000000 
1567.00000000 
29.00000000 
98.00000000 
118.00000000 
373.00000000 
69.00000000 
0.00000000 
0.00000000 
1738.00000000 
137.00000000 
0.00000000 
128.00000000 
16.00000000 
0.00000000 
53.00000000 
376.00000000 
314.00000000 
131.00000000 
287.00000000 
1019.00000000 
1195.00000000 
1439.00000000 
2448.00000000 
2119.00000000 
2920.00000000 
7385.00000000 
275.00000000 
377.00000000 
540.00000000 
887.00000000 
7515.00000000 
568.00000000 
33.00000000 
3427.00000000 
0.00000000 
81.00000000 
1232.00000000 
0.00000000 
174.00000000 
0.00000000 
255.00000000 
0.00000000 
222.00000000 
270.00000000 
0.00000000 
0.00000000 
0.00000000 
518.00000000 
0.00000000 
160.00000000 
451.00000000 
1620.00000000 
813.00000000 
104.00000000 
151.00000000 
911.00000000 
673.00000000 
1064.00000000 
4104.00000000 
1148.00000000 
7560.00000000 
7820.00000000 
7538.00000000 
0.00000000 
0.00000000 
1020.00000000 
0.00000000 
0.00000000 
221.00000000 
0.00000000 
1658.00000000 
177.00000000 
27.00000000 
616.00000000 
0.00000000 
0.00000000 
0.00000000 
513.00000000 
66.00000000 
54.00000000 
708.00000000 
2258.00000000 
606.00000000 
440.00000000 
0.00000000 
574.00000000 
411.00000000 
457.00000000 
1199.00000000 
395.00000000 
2151.00000000 
137.00000000 
148.00000000 
299.00000000 
0.00000000 
839.00000000 
1408.00000000 
0.00000000 
0.00000000 
0.00000000 
446.00000000 
200.00000000 
138.00000000 
490.00000000 
131.00000000 
1515.00000000 
438.00000000 
0.00000000 
508.00000000 
1251.00000000 
6497.00000000 
1251.00000000 
145.00000000 
0.00000000 
0.00000000 
670.00000000 
553.00000000 
1091.00000000 
2037.00000000 
1778.00000000 
6872.00000000 
694.00000000 
1818.00000000 
249.00000000 
1478.00000000 
4803.00000000 
2945.00000000 
82.00000000 
0.00000000 
0.00000000 
810.00000000 
10457.00000000 
2.00000000 
3666.00000000 
5.00000000 
618.00000000 
18.00000000 
0.00000000 
599.00000000 
896.00000000 
1811.00000000 
131.00000000 
127.00000000 
43.00000000 
254.00000000 
270.00000000 
72.00000000 
122.00000000 
0.00000000 
1483.00000000 
220.00000000 
159.00000000 
514.00000000 
1306.00000000 
772.00000000 
2406.00000000 
128.00000000 
0.00000000 
28.00000000 
1635.00000000 
3109.00000000 
1049.00000000 
1.00000000 
128.00000000 
702.00000000 
235.00000000 
113.00000000 
4122.00000000 
1167.00000000 
570.00000000 
188.00000000 
2585.00000000 
201.00000000 
260.00000000 
290.00000000 
232.00000000 
451.00000000 
1272.00000000 
183.00000000 
3805.00000000 
0.00000000 
92.00000000 
495.00000000 
700.00000000 
6464.00000000 
7540.00000000 
9693.00000000 
741.00000000 
563.00000000 
14.00000000 
402.00000000 
2367.00000000 
3212.00000000 
14105.00000000 
0.00000000 
130.00000000 
2192.00000000 
16610.00000000 
1277.00000000 
1873.00000000 
0.00000000 
20.00000000 
1211.00000000 
566.00000000 
0.00000000 
78.00000000 
420.00000000 
0.00000000 
0.00000000 
0.00000000 
692.00000000 
0.00000000 
0.00000000 
135.00000000 
161.00000000 
1638.00000000 
0.00000000 
791.00000000 
0.00000000 
0.00000000 
250.00000000 
534.00000000 
334.00000000 
521.00000000 
118.00000000 
796.00000000 
936.00000000 
513.00000000 
310.00000000 
0.00000000 
880.00000000 
12.00000000 
0.00000000 
20.00000000 
158.00000000 
29.00000000 
135.00000000 
577.00000000 
935.00000000 
0.00000000 
87.00000000 
200.00000000 
165.00000000 
160.00000000 
1146.00000000 
317.00000000 
176.00000000 
138.00000000 
0.00000000 
216.00000000 
58.00000000 
3410.00000000 
0.00000000 
1272.00000000 
720.00000000 
232.00000000 
533.00000000 
701.00000000 
941.00000000 
291.00000000 
1488.00000000 
119.00000000 
898.00000000 
0.00000000 
957.00000000 
149.00000000 
0.00000000 
713.00000000 
758.00000000 
2758.00000000 
290.00000000 
40.00000000 
