0.00008662 
0.00008699 
0.00008700 
0.00008700 
0.00008692 
0.00008692 
0.00008649 
0.00008649 
0.00008649 
0.00008700 
0.00008594 
0.00008600 
0.00008600 
0.00008612 
0.00008611 
0.00008612 
0.00008612 
0.00008601 
0.00008780 
0.00008781 
0.00008752 
0.00008699 
0.00008625 
0.00008620 
0.00008612 
0.00008611 
0.00008610 
0.00008657 
0.00008655 
0.00008655 
0.00008655 
0.00008655 
0.00008652 
0.00008652 
0.00008620 
0.00008633 
0.00008601 
0.00008600 
0.00008633 
0.00008623 
0.00008600 
0.00008600 
0.00008575 
0.00008574 
0.00008533 
0.00008531 
0.00008518 
0.00008512 
0.00008512 
0.00008579 
0.00008579 
0.00008579 
0.00008579 
0.00008552 
0.00008579 
0.00008579 
0.00008552 
0.00008552 
0.00008548 
0.00008552 
0.00008559 
0.00008564 
0.00008531 
0.00008564 
0.00008564 
0.00008564 
0.00008563 
0.00008512 
0.00008512 
0.00008512 
0.00008512 
0.00008445 
0.00008445 
0.00008461 
0.00008512 
0.00008512 
0.00008515 
0.00008518 
0.00008482 
0.00008515 
0.00008515 
0.00008515 
0.00008514 
0.00008600 
0.00008516 
0.00008492 
0.00008583 
0.00008578 
0.00008554 
0.00008500 
0.00008500 
0.00008444 
0.00008400 
0.00008399 
0.00008356 
0.00008360 
0.00008374 
0.00008374 
0.00008429 
0.00008422 
0.00008508 
0.00008521 
0.00008458 
0.00008482 
0.00008478 
0.00008456 
0.00008485 
0.00008477 
0.00008610 
0.00008607 
0.00008567 
0.00008588 
0.00008649 
0.00008651 
0.00008685 
0.00008722 
0.00008704 
0.00008762 
0.00008713 
0.00008765 
0.00008765 
0.00008765 
0.00008840 
0.00008840 
0.00008840 
0.00008762 
0.00008759 
0.00008758 
0.00008759 
0.00008761 
0.00008763 
0.00008762 
0.00008836 
0.00008786 
0.00008874 
0.00008837 
0.00008843 
0.00008995 
0.00008877 
0.00008426 
0.00008397 
0.00008366 
0.00008359 
0.00008374 
0.00008362 
0.00008421 
0.00008315 
0.00008315 
0.00008314 
0.00008292 
0.00008230 
0.00008236 
0.00008238 
0.00008160 
0.00008160 
0.00008260 
0.00008205 
0.00008300 
0.00008307 
0.00008083 
0.00008071 
0.00008062 
0.00007949 
0.00008109 
0.00008117 
0.00008093 
0.00008235 
0.00008222 
0.00008579 
0.00008527 
0.00007883 
0.00007820 
0.00007854 
0.00007846 
0.00007847 
0.00007812 
0.00007702 
0.00007702 
0.00007702 
0.00007648 
0.00007724 
0.00007725 
0.00007698 
0.00007707 
0.00007707 
0.00007673 
0.00007673 
0.00007670 
0.00007597 
0.00007597 
0.00007650 
0.00007597 
0.00007535 
0.00007583 
0.00007587 
0.00007587 
0.00007587 
0.00007594 
0.00007594 
0.00007597 
0.00007673 
0.00007667 
0.00007594 
0.00007594 
0.00007601 
0.00007612 
0.00007676 
0.00007609 
0.00007628 
0.00007691 
0.00007720 
0.00007716 
0.00007668 
0.00007594 
0.00007592 
0.00007592 
0.00007608 
0.00007592 
0.00007592 
0.00007592 
0.00007668 
0.00007591 
0.00007591 
0.00007611 
0.00007591 
0.00007591 
0.00007591 
0.00007571 
0.00007521 
0.00007521 
0.00007600 
0.00007429 
0.00007444 
0.00007517 
0.00007500 
0.00007545 
0.00007549 
0.00007600 
0.00007528 
0.00007485 
0.00007511 
0.00007450 
0.00007445 
0.00007441 
0.00007369 
0.00007368 
0.00007450 
0.00007364 
0.00007384 
0.00007454 
0.00007384 
0.00007384 
0.00007361 
0.00007361 
0.00007361 
0.00007278 
0.00007269 
0.00007269 
0.00007269 
0.00007354 
0.00007298 
0.00007298 
0.00007269 
0.00007377 
0.00007353 
0.00007404 
0.00007405 
0.00007372 
0.00007425 
0.00007368 
0.00007332 
0.00007238 
0.00007238 
0.00007342 
0.00007346 
0.00007346 
0.00007346 
0.00007322 
0.00007322 
0.00007266 
0.00007277 
0.00007307 
0.00007368 
0.00007368 
0.00007368 
0.00007368 
0.00007369 
0.00007377 
0.00007369 
0.00007377 
0.00007377 
0.00007285 
0.00007285 
0.00007283 
0.00007284 
0.00007252 
0.00007282 
0.00007250 
0.00007249 
0.00007254 
0.00007258 
0.00007266 
0.00007266 
0.00007296 
0.00007380 
0.00007311 
0.00007311 
0.00007311 
0.00007310 
0.00007325 
0.00007368 
0.00007365 
0.00007345 
0.00007519 
0.00007543 
0.00007422 
0.00007551 
0.00007550 
0.00007380 
0.00007300 
0.00007287 
0.00007287 
0.00007287 
0.00007256 
0.00007206 
0.00007154 
0.00007134 
0.00007181 
0.00007171 
0.00007120 
0.00007181 
0.00007315 
0.00007214 
0.00007409 
0.00007371 
0.00007371 
0.00007371 
0.00007371 
0.00007412 
0.00007358 
0.00007437 
0.00007456 
0.00007457 
0.00007506 
0.00007450 
0.00007501 
0.00007551 
0.00007518 
0.00007597 
0.00007600 
0.00007639 
0.00007639 
0.00007651 
0.00007685 
0.00007783 
0.00007792 
0.00007728 
0.00007728 
0.00007725 
0.00007700 
0.00007730 
0.00007730 
0.00007732 
0.00007780 
0.00007780 
0.00007852 
0.00007852 
0.00007799 
0.00007799 
0.00007859 
0.00007800 
0.00007871 
0.00007806 
0.00007889 
0.00007892 
0.00007845 
0.00007842 
0.00007840 
0.00007911 
0.00007801 
0.00007831 
0.00007869 
0.00007880 
0.00007880 
0.00007832 
0.00007910 
0.00007930 
0.00007900 
0.00007958 
0.00007958 
0.00007920 
0.00007886 
0.00007803 
0.00007884 
0.00008038 
0.00008038 
0.00008103 
0.00008103 
0.00008033 
0.00008108 
0.00008028 
0.00008139 
0.00008133 
0.00008133 
0.00008127 
0.00008231 
0.00008202 
0.00008327 
0.00008381 
0.00008381 
0.00008380 
0.00008368 
0.00008368 
0.00008368 
0.00008368 
0.00008381 
0.00008381 
0.00008381 
0.00008369 
0.00008369 
0.00008369 
0.00008367 
0.00008368 
0.00008381 
0.00008382 
0.00008398 
0.00008382 
0.00008382 
0.00008382 
0.00008439 
0.00008362 
0.00008353 
0.00008353 
0.00008351 
0.00008283 
0.00008335 
0.00008358 
0.00008427 
0.00008428 
0.00008431 
0.00008433 
0.00008433 
0.00008436 
0.00008447 
0.00008327 
0.00008381 
0.00008380 
0.00008379 
0.00008319 
0.00008317 
0.00008277 
0.00008315 
0.00008317 
0.00008319 
0.00008377 
0.00008452 
0.00008379 
0.00008464 
0.00008384 
0.00008384 
0.00008384 
0.00008295 
0.00008375 
0.00008386 
0.00008374 
0.00008375 
0.00008374 
0.00008375 
0.00008375 
0.00008375 
0.00008374 
0.00008375 
0.00008375 
0.00008375 
0.00008375 
0.00008318 
0.00008378 
0.00008348 
0.00008330 
0.00008265 
0.00008662 
0.00008699 
0.00008700 
0.00008700 
0.00008692 
0.00008692 
0.00008649 
0.00008649 
0.00008649 
0.00008700 
0.00008594 
0.00008600 
0.00008600 
0.00008612 
0.00008611 
0.00008612 
0.00008612 
0.00008601 
0.00008780 
0.00008781 
0.00008752 
0.00008699 
0.00008625 
0.00008620 
0.00008612 
0.00008611 
0.00008610 
0.00008657 
0.00008655 
0.00008655 
0.00008655 
0.00008655 
0.00008652 
0.00008652 
0.00008620 
0.00008633 
0.00008601 
0.00008600 
0.00008633 
0.00008623 
0.00008600 
0.00008600 
0.00008575 
0.00008574 
0.00008533 
0.00008531 
0.00008518 
0.00008512 
0.00008512 
0.00008579 
0.00008579 
0.00008579 
0.00008579 
0.00008552 
0.00008579 
0.00008579 
0.00008552 
0.00008552 
0.00008548 
0.00008552 
0.00008559 
0.00008564 
0.00008531 
0.00008564 
0.00008564 
0.00008564 
0.00008563 
0.00008512 
0.00008512 
0.00008512 
0.00008512 
0.00008445 
0.00008445 
0.00008461 
0.00008512 
0.00008512 
0.00008515 
0.00008518 
0.00008482 
0.00008515 
0.00008515 
0.00008515 
0.00008514 
0.00008600 
0.00008516 
0.00008492 
0.00008583 
0.00008578 
0.00008554 
0.00008500 
0.00008500 
0.00008444 
0.00008400 
0.00008399 
0.00008356 
0.00008360 
0.00008374 
0.00008374 
0.00008429 
0.00008422 
0.00008508 
0.00008521 
0.00008458 
0.00008482 
0.00008478 
0.00008456 
0.00008485 
0.00008477 
0.00008610 
0.00008607 
0.00008567 
0.00008588 
0.00008649 
0.00008651 
0.00008685 
0.00008722 
0.00008704 
0.00008762 
0.00008713 
0.00008765 
0.00008765 
0.00008765 
0.00008840 
0.00008840 
0.00008840 
0.00008762 
0.00008759 
0.00008758 
0.00008759 
0.00008761 
0.00008763 
0.00008762 
0.00008836 
0.00008786 
0.00008874 
0.00008837 
0.00008843 
0.00008995 
0.00008877 
0.00008426 
0.00008397 
0.00008366 
0.00008359 
0.00008374 
0.00008362 
0.00008421 
0.00008315 
0.00008315 
0.00008314 
0.00008292 
0.00008230 
0.00008236 
0.00008238 
0.00008160 
0.00008160 
0.00008260 
0.00008205 
0.00008300 
0.00008307 
0.00008083 
0.00008071 
0.00008062 
0.00007949 
0.00008109 
0.00008117 
0.00008093 
0.00008235 
0.00008222 
0.00008579 
0.00008527 
0.00007883 
0.00007820 
0.00007854 
0.00007846 
0.00007847 
0.00007812 
0.00007702 
0.00007702 
0.00007702 
0.00007648 
0.00007724 
0.00007725 
0.00007698 
0.00007707 
0.00007707 
0.00007673 
0.00007673 
0.00007670 
0.00007597 
0.00007597 
0.00007650 
0.00007597 
0.00007535 
0.00007583 
0.00007587 
0.00007587 
0.00007587 
0.00007594 
0.00007594 
0.00007597 
0.00007673 
0.00007667 
0.00007594 
0.00007594 
0.00007601 
0.00007612 
0.00007676 
0.00007609 
0.00007628 
0.00007691 
0.00007720 
0.00007716 
0.00007668 
0.00007594 
0.00007592 
0.00007592 
0.00007608 
0.00007592 
0.00007592 
0.00007592 
0.00007668 
0.00007591 
0.00007591 
0.00007611 
0.00007591 
0.00007591 
0.00007591 
0.00007571 
0.00007521 
0.00007521 
0.00007600 
0.00007429 
0.00007444 
0.00007517 
0.00007500 
0.00007545 
0.00007549 
0.00007600 
0.00007528 
0.00007485 
0.00007511 
0.00007450 
0.00007445 
0.00007441 
0.00007369 
0.00007368 
0.00007450 
0.00007364 
0.00007384 
0.00007454 
0.00007384 
0.00007384 
0.00007361 
0.00007361 
0.00007361 
0.00007278 
0.00007269 
0.00007269 
0.00007269 
0.00007354 
0.00007298 
0.00007298 
0.00007269 
0.00007377 
0.00007353 
0.00007404 
0.00007405 
0.00007372 
0.00007425 
0.00007368 
0.00007332 
0.00007238 
0.00007238 
0.00007342 
0.00007346 
0.00007346 
0.00007346 
0.00007322 
0.00007322 
0.00007266 
0.00007277 
0.00007307 
0.00007368 
0.00007368 
0.00007368 
0.00007368 
0.00007369 
0.00007377 
0.00007369 
0.00007377 
0.00007377 
0.00007285 
0.00007285 
0.00007283 
0.00007284 
0.00007252 
0.00007282 
0.00007250 
0.00007249 
0.00007254 
0.00007258 
0.00007266 
0.00007266 
0.00007296 
0.00007380 
0.00007311 
0.00007311 
0.00007311 
0.00007310 
0.00007325 
0.00007368 
0.00007365 
0.00007345 
0.00007519 
0.00007543 
0.00007422 
0.00007551 
0.00007550 
0.00007380 
0.00007300 
0.00007287 
0.00007287 
0.00007287 
0.00007256 
0.00007206 
0.00007154 
0.00007134 
0.00007181 
0.00007171 
0.00007120 
0.00007181 
0.00007315 
0.00007214 
0.00007409 
0.00007371 
0.00007371 
0.00007371 
0.00007371 
0.00007412 
0.00007358 
0.00007437 
0.00007456 
0.00007457 
0.00007506 
0.00007450 
0.00007501 
0.00007551 
0.00007518 
0.00007597 
0.00007600 
0.00007639 
0.00007639 
0.00007651 
0.00007685 
0.00007783 
0.00007792 
0.00007728 
0.00007728 
0.00007725 
0.00007700 
0.00007730 
0.00007730 
0.00007732 
0.00007780 
0.00007780 
0.00007852 
0.00007852 
0.00007799 
0.00007799 
0.00007859 
0.00007800 
0.00007871 
0.00007806 
0.00007889 
0.00007892 
0.00007845 
0.00007842 
0.00007840 
0.00007911 
0.00007801 
0.00007831 
0.00007869 
0.00007880 
0.00007880 
0.00007832 
0.00007910 
0.00007930 
0.00007900 
0.00007958 
0.00007958 
0.00007920 
0.00007886 
0.00007803 
0.00007884 
0.00008038 
0.00008038 
0.00008103 
0.00008103 
0.00008033 
0.00008108 
0.00008028 
0.00008139 
0.00008133 
0.00008133 
0.00008127 
0.00008231 
0.00008202 
0.00008327 
0.00008381 
0.00008381 
0.00008380 
0.00008368 
0.00008368 
0.00008368 
0.00008368 
0.00008381 
0.00008381 
0.00008381 
0.00008369 
0.00008369 
0.00008369 
0.00008367 
0.00008368 
0.00008381 
0.00008382 
0.00008398 
0.00008382 
0.00008382 
0.00008382 
0.00008439 
0.00008362 
0.00008353 
0.00008353 
0.00008351 
0.00008283 
0.00008335 
0.00008358 
0.00008427 
0.00008428 
0.00008431 
0.00008433 
0.00008433 
0.00008436 
0.00008447 
0.00008327 
0.00008381 
0.00008380 
0.00008379 
0.00008319 
0.00008317 
0.00008277 
0.00008315 
0.00008317 
0.00008319 
0.00008377 
0.00008452 
0.00008379 
0.00008464 
0.00008384 
0.00008384 
0.00008384 
0.00008295 
0.00008375 
0.00008386 
0.00008374 
0.00008375 
0.00008374 
0.00008375 
0.00008375 
0.00008375 
0.00008374 
0.00008375 
0.00008375 
0.00008375 
0.00008375 
0.00008318 
0.00008378 
0.00008348 
0.00008330 
0.00008265 
0.00008662 
0.00008699 
0.00008700 
0.00008700 
0.00008692 
0.00008692 
0.00008649 
0.00008649 
0.00008649 
0.00008700 
0.00008594 
0.00008600 
0.00008600 
0.00008612 
0.00008611 
0.00008612 
0.00008612 
0.00008601 
0.00008780 
0.00008781 
0.00008752 
0.00008699 
0.00008625 
0.00008620 
0.00008612 
0.00008611 
0.00008610 
0.00008657 
0.00008655 
0.00008655 
0.00008655 
0.00008655 
0.00008652 
0.00008652 
0.00008620 
0.00008633 
0.00008601 
0.00008600 
0.00008633 
0.00008623 
0.00008600 
0.00008600 
0.00008575 
0.00008574 
0.00008533 
0.00008531 
0.00008518 
0.00008512 
0.00008512 
0.00008579 
0.00008579 
0.00008579 
0.00008579 
0.00008552 
0.00008579 
0.00008579 
0.00008552 
0.00008552 
0.00008548 
0.00008552 
0.00008559 
0.00008564 
0.00008531 
0.00008564 
0.00008564 
0.00008564 
0.00008563 
0.00008512 
0.00008512 
0.00008512 
0.00008512 
0.00008445 
0.00008445 
0.00008461 
0.00008512 
0.00008512 
0.00008515 
0.00008518 
0.00008482 
0.00008515 
0.00008515 
0.00008515 
0.00008514 
0.00008600 
0.00008516 
0.00008492 
0.00008583 
0.00008578 
0.00008554 
0.00008500 
0.00008500 
0.00008444 
0.00008400 
0.00008399 
0.00008356 
0.00008360 
0.00008374 
0.00008374 
0.00008429 
0.00008422 
0.00008508 
0.00008521 
0.00008458 
0.00008482 
0.00008478 
0.00008456 
0.00008485 
0.00008477 
0.00008610 
0.00008607 
0.00008567 
0.00008588 
0.00008649 
0.00008651 
0.00008685 
0.00008722 
0.00008704 
0.00008762 
0.00008713 
0.00008765 
0.00008765 
0.00008765 
0.00008840 
0.00008840 
0.00008840 
0.00008762 
0.00008759 
0.00008758 
0.00008759 
0.00008761 
0.00008763 
0.00008762 
0.00008836 
0.00008786 
0.00008874 
0.00008837 
0.00008843 
0.00008995 
0.00008877 
0.00008426 
0.00008397 
0.00008366 
0.00008359 
0.00008374 
0.00008362 
0.00008421 
0.00008315 
0.00008315 
0.00008314 
0.00008292 
0.00008230 
0.00008236 
0.00008238 
0.00008160 
0.00008160 
0.00008260 
0.00008205 
0.00008300 
0.00008307 
0.00008083 
0.00008071 
0.00008062 
0.00007949 
0.00008109 
0.00008117 
0.00008093 
0.00008235 
0.00008222 
0.00008579 
0.00008527 
0.00007883 
0.00007820 
0.00007854 
0.00007846 
0.00007847 
0.00007812 
0.00007702 
0.00007702 
0.00007702 
0.00007648 
0.00007724 
0.00007725 
0.00007698 
0.00007707 
0.00007707 
0.00007673 
0.00007673 
0.00007670 
0.00007597 
0.00007597 
0.00007650 
0.00007597 
0.00007535 
0.00007583 
0.00007587 
0.00007587 
0.00007587 
0.00007594 
0.00007594 
0.00007597 
0.00007673 
0.00007667 
0.00007594 
0.00007594 
0.00007601 
0.00007612 
0.00007676 
0.00007609 
0.00007628 
0.00007691 
0.00007720 
0.00007716 
0.00007668 
0.00007594 
0.00007592 
0.00007592 
0.00007608 
0.00007592 
0.00007592 
0.00007592 
0.00007668 
0.00007591 
0.00007591 
0.00007611 
0.00007591 
0.00007591 
0.00007591 
0.00007571 
0.00007521 
0.00007521 
0.00007600 
0.00007429 
0.00007444 
0.00007517 
0.00007500 
0.00007545 
0.00007549 
0.00007600 
0.00007528 
0.00007485 
0.00007511 
0.00007450 
0.00007445 
0.00007441 
0.00007369 
0.00007368 
0.00007450 
0.00007364 
0.00007384 
0.00007454 
0.00007384 
0.00007384 
0.00007361 
0.00007361 
0.00007361 
0.00007278 
0.00007269 
0.00007269 
0.00007269 
0.00007354 
0.00007298 
0.00007298 
0.00007269 
0.00007377 
0.00007353 
0.00007404 
0.00007405 
0.00007372 
0.00007425 
0.00007368 
0.00007332 
0.00007238 
0.00007238 
0.00007342 
0.00007346 
0.00007346 
0.00007346 
0.00007322 
0.00007322 
0.00007266 
0.00007277 
0.00007307 
0.00007368 
0.00007368 
0.00007368 
0.00007368 
0.00007369 
0.00007377 
0.00007369 
0.00007377 
0.00007377 
0.00007285 
0.00007285 
0.00007283 
0.00007284 
0.00007252 
0.00007282 
0.00007250 
0.00007249 
0.00007254 
0.00007258 
0.00007266 
0.00007266 
0.00007296 
0.00007380 
0.00007311 
0.00007311 
0.00007311 
0.00007310 
0.00007325 
0.00007368 
0.00007365 
0.00007345 
0.00007519 
0.00007543 
0.00007422 
0.00007551 
0.00007550 
0.00007380 
0.00007300 
0.00007287 
0.00007287 
0.00007287 
0.00007256 
0.00007206 
0.00007154 
0.00007134 
0.00007181 
0.00007171 
0.00007120 
0.00007181 
0.00007315 
0.00007214 
0.00007409 
0.00007371 
0.00007371 
0.00007371 
0.00007371 
0.00007412 
0.00007358 
0.00007437 
0.00007456 
0.00007457 
0.00007506 
0.00007450 
0.00007501 
0.00007551 
0.00007518 
0.00007597 
0.00007600 
0.00007639 
0.00007639 
0.00007651 
0.00007685 
0.00007783 
0.00007792 
0.00007728 
0.00007728 
0.00007725 
0.00007700 
0.00007730 
0.00007730 
0.00007732 
0.00007780 
0.00007780 
0.00007852 
0.00007852 
0.00007799 
0.00007799 
0.00007859 
0.00007800 
0.00007871 
0.00007806 
0.00007889 
0.00007892 
0.00007845 
0.00007842 
0.00007840 
0.00007911 
0.00007801 
0.00007831 
0.00007869 
0.00007880 
0.00007880 
0.00007832 
0.00007910 
0.00007930 
0.00007900 
0.00007958 
0.00007958 
0.00007920 
0.00007886 
0.00007803 
0.00007884 
0.00008038 
0.00008038 
0.00008103 
0.00008103 
0.00008033 
0.00008108 
0.00008028 
0.00008139 
0.00008133 
0.00008133 
0.00008127 
0.00008231 
0.00008202 
0.00008327 
0.00008381 
0.00008381 
0.00008380 
0.00008368 
0.00008368 
0.00008368 
0.00008368 
0.00008381 
0.00008381 
0.00008381 
0.00008369 
0.00008369 
0.00008369 
0.00008367 
0.00008368 
0.00008381 
0.00008382 
0.00008398 
0.00008382 
0.00008382 
0.00008382 
0.00008439 
0.00008362 
0.00008353 
0.00008353 
0.00008351 
0.00008283 
0.00008335 
0.00008358 
0.00008427 
0.00008428 
0.00008431 
0.00008433 
0.00008433 
0.00008436 
0.00008447 
0.00008327 
0.00008381 
0.00008380 
0.00008379 
0.00008319 
0.00008317 
0.00008277 
0.00008315 
0.00008317 
0.00008319 
0.00008377 
0.00008452 
0.00008379 
0.00008464 
0.00008384 
0.00008384 
0.00008384 
0.00008295 
0.00008375 
0.00008386 
0.00008374 
0.00008375 
0.00008374 
0.00008375 
0.00008375 
0.00008375 
0.00008374 
0.00008375 
0.00008375 
0.00008375 
0.00008375 
0.00008318 
0.00008378 
0.00008348 
0.00008330 
0.00008265 
