0.00142400 
0.00141400 
0.00143200 
0.00144300 
0.00145100 
0.00144600 
0.00144400 
0.00144900 
0.00144700 
0.00145500 
0.00145000 
0.00145000 
0.00145800 
0.00143300 
0.00143700 
0.00143600 
0.00143500 
0.00143500 
0.00144000 
0.00144800 
0.00143800 
0.00143200 
0.00142200 
0.00143200 
0.00143400 
0.00143400 
0.00144400 
0.00143000 
0.00142800 
0.00142500 
0.00141700 
0.00142000 
0.00141400 
0.00140600 
0.00140600 
0.00140300 
0.00140300 
0.00140800 
0.00141100 
0.00141800 
0.00141200 
0.00141200 
0.00140700 
0.00140600 
0.00141100 
0.00141400 
0.00140500 
0.00139700 
0.00139800 
0.00140500 
0.00140200 
0.00139000 
0.00138800 
0.00139000 
0.00139100 
0.00138800 
0.00139900 
0.00139300 
0.00139000 
0.00138700 
0.00138700 
0.00139200 
0.00138500 
0.00138300 
0.00138600 
0.00138500 
0.00139000 
0.00138100 
0.00138200 
0.00137600 
0.00138700 
0.00138600 
0.00137600 
0.00137500 
0.00137200 
0.00137800 
0.00138300 
0.00138200 
0.00137700 
0.00137900 
0.00137600 
0.00137500 
0.00137900 
0.00137100 
0.00137600 
0.00137300 
0.00137100 
0.00137300 
0.00138200 
0.00138300 
0.00138100 
0.00138300 
0.00138200 
0.00138100 
0.00138100 
0.00138200 
0.00137600 
0.00137300 
0.00137200 
0.00137000 
0.00137800 
0.00138400 
0.00137900 
0.00138400 
0.00138900 
0.00138800 
0.00139900 
0.00139300 
0.00139100 
0.00139900 
0.00140000 
0.00139800 
0.00139600 
0.00139300 
0.00139100 
0.00139000 
0.00138500 
0.00137600 
0.00137900 
0.00137500 
0.00137500 
0.00137500 
0.00137300 
0.00136600 
0.00136200 
0.00135500 
0.00134900 
0.00135000 
0.00135000 
0.00134900 
0.00134900 
0.00134900 
0.00135100 
0.00135100 
0.00134700 
0.00135100 
0.00135000 
0.00135600 
0.00135800 
0.00135000 
0.00135400 
0.00135000 
0.00135100 
0.00134800 
0.00135000 
0.00136000 
0.00136000 
0.00136500 
0.00135500 
0.00135900 
0.00135400 
0.00136900 
0.00137300 
0.00136000 
0.00136300 
0.00136700 
0.00137900 
0.00136300 
0.00138000 
0.00136600 
0.00134800 
0.00134200 
0.00134100 
0.00133600 
0.00133700 
0.00133400 
0.00133100 
0.00133400 
0.00132600 
0.00132700 
0.00132200 
0.00133000 
0.00131500 
0.00130700 
0.00131200 
0.00131300 
0.00131100 
0.00132000 
0.00132000 
0.00132000 
0.00131200 
0.00130800 
0.00131000 
0.00130600 
0.00130500 
0.00129900 
0.00129300 
0.00129200 
0.00129000 
0.00129200 
0.00129800 
0.00129800 
0.00130800 
0.00131300 
0.00131300 
0.00131600 
0.00131000 
0.00131500 
0.00131300 
0.00131700 
0.00132000 
0.00131900 
0.00131100 
0.00130300 
0.00130000 
0.00130000 
0.00130400 
0.00130300 
0.00130500 
0.00130400 
0.00130700 
0.00130300 
0.00130300 
0.00129800 
0.00129100 
0.00129300 
0.00129300 
0.00129300 
0.00130300 
0.00131900 
0.00131900 
0.00130700 
0.00130400 
0.00130500 
0.00130600 
0.00130500 
0.00130400 
0.00130400 
0.00130200 
0.00130500 
0.00130400 
0.00130800 
0.00130800 
0.00131000 
0.00131200 
0.00132000 
0.00133000 
0.00133000 
0.00132600 
0.00131600 
0.00132000 
0.00130900 
0.00129200 
0.00129500 
0.00129400 
0.00129100 
0.00128700 
0.00127700 
0.00128000 
0.00127600 
0.00127400 
0.00127100 
0.00127100 
0.00125800 
0.00126700 
0.00126800 
0.00127200 
0.00127300 
0.00126900 
0.00126500 
0.00126500 
0.00125600 
0.00125300 
0.00125500 
0.00125700 
0.00125400 
0.00124900 
0.00125000 
0.00124700 
0.00125000 
0.00125000 
0.00125200 
0.00124500 
0.00125700 
0.00125500 
0.00126400 
0.00126200 
0.00126300 
0.00126000 
0.00125700 
0.00125800 
0.00126100 
0.00126200 
0.00126700 
0.00126900 
0.00126100 
0.00126500 
0.00126900 
0.00127000 
0.00125900 
0.00126300 
0.00124000 
0.00123900 
0.00122900 
0.00123100 
0.00123800 
0.00122800 
0.00122100 
0.00122400 
0.00121800 
0.00121800 
0.00121700 
0.00122000 
0.00122800 
0.00123200 
0.00123100 
0.00123100 
0.00123800 
0.00124000 
0.00124200 
0.00123600 
0.00124400 
0.00124500 
0.00125200 
0.00125900 
0.00125300 
0.00125700 
0.00125200 
0.00125200 
0.00125100 
0.00124700 
0.00123600 
0.00123300 
0.00123100 
0.00123400 
0.00122800 
0.00121500 
0.00122300 
0.00121800 
0.00121000 
0.00120700 
0.00122900 
0.00123300 
0.00124300 
0.00124800 
0.00125200 
0.00125200 
0.00125200 
0.00125200 
0.00125500 
0.00126100 
0.00126500 
0.00126700 
0.00126500 
0.00127300 
0.00126900 
0.00127300 
0.00127500 
0.00127500 
0.00127800 
0.00127900 
0.00128000 
0.00128000 
0.00127400 
0.00126400 
0.00126600 
0.00126400 
0.00126200 
0.00126200 
0.00126100 
0.00127100 
0.00126500 
0.00126900 
0.00126900 
0.00126700 
0.00127600 
0.00127000 
0.00127800 
0.00128000 
0.00128500 
0.00128600 
0.00128800 
0.00128800 
0.00129000 
0.00128800 
0.00129000 
0.00128600 
0.00127400 
0.00127800 
0.00127100 
0.00127300 
0.00127900 
0.00127100 
0.00126800 
0.00127300 
0.00127500 
0.00128200 
0.00128000 
0.00127800 
0.00128800 
0.00128000 
0.00128500 
0.00129100 
0.00129000 
0.00130500 
0.00130600 
0.00130800 
0.00130900 
0.00131600 
0.00131300 
0.00132100 
0.00132200 
0.00132200 
0.00132800 
0.00132400 
0.00132500 
0.00132900 
0.00134000 
0.00134200 
0.00133900 
0.00133300 
0.00133500 
0.00134000 
0.00134000 
0.00134000 
0.00134100 
0.00132900 
0.00133500 
0.00133100 
0.00131500 
0.00132700 
0.00132900 
0.00132400 
0.00132600 
0.00132100 
0.00132900 
0.00132400 
0.00133500 
0.00134800 
0.00134600 
0.00134100 
0.00134200 
0.00133200 
0.00132100 
0.00132300 
0.00132400 
0.00132600 
0.00133300 
0.00133600 
0.00133700 
0.00134400 
0.00134200 
0.00134700 
0.00134900 
0.00135000 
0.00136000 
0.00136000 
0.00136000 
0.00134800 
0.00134900 
0.00134200 
0.00134300 
0.00134300 
0.00135100 
0.00134300 
0.00135400 
0.00135700 
0.00136200 
0.00135900 
0.00136600 
0.00137000 
0.00137500 
0.00137200 
0.00137400 
0.00137500 
0.00137700 
0.00138100 
0.00137000 
0.00137000 
0.00137300 
0.00137300 
0.00137000 
0.00137400 
0.00137000 
0.00137300 
0.00137100 
0.00136500 
0.00136100 
0.00135700 
0.00135100 
0.00142400 
0.00141400 
0.00143200 
0.00144300 
0.00145100 
0.00144600 
0.00144400 
0.00144900 
0.00144700 
0.00145500 
0.00145000 
0.00145000 
0.00145800 
0.00143300 
0.00143700 
0.00143600 
0.00143500 
0.00143500 
0.00144000 
0.00144800 
0.00143800 
0.00143200 
0.00142200 
0.00143200 
0.00143400 
0.00143400 
0.00144400 
0.00143000 
0.00142800 
0.00142500 
0.00141700 
0.00142000 
0.00141400 
0.00140600 
0.00140600 
0.00140300 
0.00140300 
0.00140800 
0.00141100 
0.00141800 
0.00141200 
0.00141200 
0.00140700 
0.00140600 
0.00141100 
0.00141400 
0.00140500 
0.00139700 
0.00139800 
0.00140500 
0.00140200 
0.00139000 
0.00138800 
0.00139000 
0.00139100 
0.00138800 
0.00139900 
0.00139300 
0.00139000 
0.00138700 
0.00138700 
0.00139200 
0.00138500 
0.00138300 
0.00138600 
0.00138500 
0.00139000 
0.00138100 
0.00138200 
0.00137600 
0.00138700 
0.00138600 
0.00137600 
0.00137500 
0.00137200 
0.00137800 
0.00138300 
0.00138200 
0.00137700 
0.00137900 
0.00137600 
0.00137500 
0.00137900 
0.00137100 
0.00137600 
0.00137300 
0.00137100 
0.00137300 
0.00138200 
0.00138300 
0.00138100 
0.00138300 
0.00138200 
0.00138100 
0.00138100 
0.00138200 
0.00137600 
0.00137300 
0.00137200 
0.00137000 
0.00137800 
0.00138400 
0.00137900 
0.00138400 
0.00138900 
0.00138800 
0.00139900 
0.00139300 
0.00139100 
0.00139900 
0.00140000 
0.00139800 
0.00139600 
0.00139300 
0.00139100 
0.00139000 
0.00138500 
0.00137600 
0.00137900 
0.00137500 
0.00137500 
0.00137500 
0.00137300 
0.00136600 
0.00136200 
0.00135500 
0.00134900 
0.00135000 
0.00135000 
0.00134900 
0.00134900 
0.00134900 
0.00135100 
0.00135100 
0.00134700 
0.00135100 
0.00135000 
0.00135600 
0.00135800 
0.00135000 
0.00135400 
0.00135000 
0.00135100 
0.00134800 
0.00135000 
0.00136000 
0.00136000 
0.00136500 
0.00135500 
0.00135900 
0.00135400 
0.00136900 
0.00137300 
0.00136000 
0.00136300 
0.00136700 
0.00137900 
0.00136300 
0.00138000 
0.00136600 
0.00134800 
0.00134200 
0.00134100 
0.00133600 
0.00133700 
0.00133400 
0.00133100 
0.00133400 
0.00132600 
0.00132700 
0.00132200 
0.00133000 
0.00131500 
0.00130700 
0.00131200 
0.00131300 
0.00131100 
0.00132000 
0.00132000 
0.00132000 
0.00131200 
0.00130800 
0.00131000 
0.00130600 
0.00130500 
0.00129900 
0.00129300 
0.00129200 
0.00129000 
0.00129200 
0.00129800 
0.00129800 
0.00130800 
0.00131300 
0.00131300 
0.00131600 
0.00131000 
0.00131500 
0.00131300 
0.00131700 
0.00132000 
0.00131900 
0.00131100 
0.00130300 
0.00130000 
0.00130000 
0.00130400 
0.00130300 
0.00130500 
0.00130400 
0.00130700 
0.00130300 
0.00130300 
0.00129800 
0.00129100 
0.00129300 
0.00129300 
0.00129300 
0.00130300 
0.00131900 
0.00131900 
0.00130700 
0.00130400 
0.00130500 
0.00130600 
0.00130500 
0.00130400 
0.00130400 
0.00130200 
0.00130500 
0.00130400 
0.00130800 
0.00130800 
0.00131000 
0.00131200 
0.00132000 
0.00133000 
0.00133000 
0.00132600 
0.00131600 
0.00132000 
0.00130900 
0.00129200 
0.00129500 
0.00129400 
0.00129100 
0.00128700 
0.00127700 
0.00128000 
0.00127600 
0.00127400 
0.00127100 
0.00127100 
0.00125800 
0.00126700 
0.00126800 
0.00127200 
0.00127300 
0.00126900 
0.00126500 
0.00126500 
0.00125600 
0.00125300 
0.00125500 
0.00125700 
0.00125400 
0.00124900 
0.00125000 
0.00124700 
0.00125000 
0.00125000 
0.00125200 
0.00124500 
0.00125700 
0.00125500 
0.00126400 
0.00126200 
0.00126300 
0.00126000 
0.00125700 
0.00125800 
0.00126100 
0.00126200 
0.00126700 
0.00126900 
0.00126100 
0.00126500 
0.00126900 
0.00127000 
0.00125900 
0.00126300 
0.00124000 
0.00123900 
0.00122900 
0.00123100 
0.00123800 
0.00122800 
0.00122100 
0.00122400 
0.00121800 
0.00121800 
0.00121700 
0.00122000 
0.00122800 
0.00123200 
0.00123100 
0.00123100 
0.00123800 
0.00124000 
0.00124200 
0.00123600 
0.00124400 
0.00124500 
0.00125200 
0.00125900 
0.00125300 
0.00125700 
0.00125200 
0.00125200 
0.00125100 
0.00124700 
0.00123600 
0.00123300 
0.00123100 
0.00123400 
0.00122800 
0.00121500 
0.00122300 
0.00121800 
0.00121000 
0.00120700 
0.00122900 
0.00123300 
0.00124300 
0.00124800 
0.00125200 
0.00125200 
0.00125200 
0.00125200 
0.00125500 
0.00126100 
0.00126500 
0.00126700 
0.00126500 
0.00127300 
0.00126900 
0.00127300 
0.00127500 
0.00127500 
0.00127800 
0.00127900 
0.00128000 
0.00128000 
0.00127400 
0.00126400 
0.00126600 
0.00126400 
0.00126200 
0.00126200 
0.00126100 
0.00127100 
0.00126500 
0.00126900 
0.00126900 
0.00126700 
0.00127600 
0.00127000 
0.00127800 
0.00128000 
0.00128500 
0.00128600 
0.00128800 
0.00128800 
0.00129000 
0.00128800 
0.00129000 
0.00128600 
0.00127400 
0.00127800 
0.00127100 
0.00127300 
0.00127900 
0.00127100 
0.00126800 
0.00127300 
0.00127500 
0.00128200 
0.00128000 
0.00127800 
0.00128800 
0.00128000 
0.00128500 
0.00129100 
0.00129000 
0.00130500 
0.00130600 
0.00130800 
0.00130900 
0.00131600 
0.00131300 
0.00132100 
0.00132200 
0.00132200 
0.00132800 
0.00132400 
0.00132500 
0.00132900 
0.00134000 
0.00134200 
0.00133900 
0.00133300 
0.00133500 
0.00134000 
0.00134000 
0.00134000 
0.00134100 
0.00132900 
0.00133500 
0.00133100 
0.00131500 
0.00132700 
0.00132900 
0.00132400 
0.00132600 
0.00132100 
0.00132900 
0.00132400 
0.00133500 
0.00134800 
0.00134600 
0.00134100 
0.00134200 
0.00133200 
0.00132100 
0.00132300 
0.00132400 
0.00132600 
0.00133300 
0.00133600 
0.00133700 
0.00134400 
0.00134200 
0.00134700 
0.00134900 
0.00135000 
0.00136000 
0.00136000 
0.00136000 
0.00134800 
0.00134900 
0.00134200 
0.00134300 
0.00134300 
0.00135100 
0.00134300 
0.00135400 
0.00135700 
0.00136200 
0.00135900 
0.00136600 
0.00137000 
0.00137500 
0.00137200 
0.00137400 
0.00137500 
0.00137700 
0.00138100 
0.00137000 
0.00137000 
0.00137300 
0.00137300 
0.00137000 
0.00137400 
0.00137000 
0.00137300 
0.00137100 
0.00136500 
0.00136100 
0.00135700 
0.00135100 
0.00142400 
0.00141400 
0.00143200 
0.00144300 
0.00145100 
0.00144600 
0.00144400 
0.00144900 
0.00144700 
0.00145500 
0.00145000 
0.00145000 
0.00145800 
0.00143300 
0.00143700 
0.00143600 
0.00143500 
0.00143500 
0.00144000 
0.00144800 
0.00143800 
0.00143200 
0.00142200 
0.00143200 
0.00143400 
0.00143400 
0.00144400 
0.00143000 
0.00142800 
0.00142500 
0.00141700 
0.00142000 
0.00141400 
0.00140600 
0.00140600 
0.00140300 
0.00140300 
0.00140800 
0.00141100 
0.00141800 
0.00141200 
0.00141200 
0.00140700 
0.00140600 
0.00141100 
0.00141400 
0.00140500 
0.00139700 
0.00139800 
0.00140500 
0.00140200 
0.00139000 
0.00138800 
0.00139000 
0.00139100 
0.00138800 
0.00139900 
0.00139300 
0.00139000 
0.00138700 
0.00138700 
0.00139200 
0.00138500 
0.00138300 
0.00138600 
0.00138500 
0.00139000 
0.00138100 
0.00138200 
0.00137600 
0.00138700 
0.00138600 
0.00137600 
0.00137500 
0.00137200 
0.00137800 
0.00138300 
0.00138200 
0.00137700 
0.00137900 
0.00137600 
0.00137500 
0.00137900 
0.00137100 
0.00137600 
0.00137300 
0.00137100 
0.00137300 
0.00138200 
0.00138300 
0.00138100 
0.00138300 
0.00138200 
0.00138100 
0.00138100 
0.00138200 
0.00137600 
0.00137300 
0.00137200 
0.00137000 
0.00137800 
0.00138400 
0.00137900 
0.00138400 
0.00138900 
0.00138800 
0.00139900 
0.00139300 
0.00139100 
0.00139900 
0.00140000 
0.00139800 
0.00139600 
0.00139300 
0.00139100 
0.00139000 
0.00138500 
0.00137600 
0.00137900 
0.00137500 
0.00137500 
0.00137500 
0.00137300 
0.00136600 
0.00136200 
0.00135500 
0.00134900 
0.00135000 
0.00135000 
0.00134900 
0.00134900 
0.00134900 
0.00135100 
0.00135100 
0.00134700 
0.00135100 
0.00135000 
0.00135600 
0.00135800 
0.00135000 
0.00135400 
0.00135000 
0.00135100 
0.00134800 
0.00135000 
0.00136000 
0.00136000 
0.00136500 
0.00135500 
0.00135900 
0.00135400 
0.00136900 
0.00137300 
0.00136000 
0.00136300 
0.00136700 
0.00137900 
0.00136300 
0.00138000 
0.00136600 
0.00134800 
0.00134200 
0.00134100 
0.00133600 
0.00133700 
0.00133400 
0.00133100 
0.00133400 
0.00132600 
0.00132700 
0.00132200 
0.00133000 
0.00131500 
0.00130700 
0.00131200 
0.00131300 
0.00131100 
0.00132000 
0.00132000 
0.00132000 
0.00131200 
0.00130800 
0.00131000 
0.00130600 
0.00130500 
0.00129900 
0.00129300 
0.00129200 
0.00129000 
0.00129200 
0.00129800 
0.00129800 
0.00130800 
0.00131300 
0.00131300 
0.00131600 
0.00131000 
0.00131500 
0.00131300 
0.00131700 
0.00132000 
0.00131900 
0.00131100 
0.00130300 
0.00130000 
0.00130000 
0.00130400 
0.00130300 
0.00130500 
0.00130400 
0.00130700 
0.00130300 
0.00130300 
0.00129800 
0.00129100 
0.00129300 
0.00129300 
0.00129300 
0.00130300 
0.00131900 
0.00131900 
0.00130700 
0.00130400 
0.00130500 
0.00130600 
0.00130500 
0.00130400 
0.00130400 
0.00130200 
0.00130500 
0.00130400 
0.00130800 
0.00130800 
0.00131000 
0.00131200 
0.00132000 
0.00133000 
0.00133000 
0.00132600 
0.00131600 
0.00132000 
0.00130900 
0.00129200 
0.00129500 
0.00129400 
0.00129100 
0.00128700 
0.00127700 
0.00128000 
0.00127600 
0.00127400 
0.00127100 
0.00127100 
0.00125800 
0.00126700 
0.00126800 
0.00127200 
0.00127300 
0.00126900 
0.00126500 
0.00126500 
0.00125600 
0.00125300 
0.00125500 
0.00125700 
0.00125400 
0.00124900 
0.00125000 
0.00124700 
0.00125000 
0.00125000 
0.00125200 
0.00124500 
0.00125700 
0.00125500 
0.00126400 
0.00126200 
0.00126300 
0.00126000 
0.00125700 
0.00125800 
0.00126100 
0.00126200 
0.00126700 
0.00126900 
0.00126100 
0.00126500 
0.00126900 
0.00127000 
0.00125900 
0.00126300 
0.00124000 
0.00123900 
0.00122900 
0.00123100 
0.00123800 
0.00122800 
0.00122100 
0.00122400 
0.00121800 
0.00121800 
0.00121700 
0.00122000 
0.00122800 
0.00123200 
0.00123100 
0.00123100 
0.00123800 
0.00124000 
0.00124200 
0.00123600 
0.00124400 
0.00124500 
0.00125200 
0.00125900 
0.00125300 
0.00125700 
0.00125200 
0.00125200 
0.00125100 
0.00124700 
0.00123600 
0.00123300 
0.00123100 
0.00123400 
0.00122800 
0.00121500 
0.00122300 
0.00121800 
0.00121000 
0.00120700 
0.00122900 
0.00123300 
0.00124300 
0.00124800 
0.00125200 
0.00125200 
0.00125200 
0.00125200 
0.00125500 
0.00126100 
0.00126500 
0.00126700 
0.00126500 
0.00127300 
0.00126900 
0.00127300 
0.00127500 
0.00127500 
0.00127800 
0.00127900 
0.00128000 
0.00128000 
0.00127400 
0.00126400 
0.00126600 
0.00126400 
0.00126200 
0.00126200 
0.00126100 
0.00127100 
0.00126500 
0.00126900 
0.00126900 
0.00126700 
0.00127600 
0.00127000 
0.00127800 
0.00128000 
0.00128500 
0.00128600 
0.00128800 
0.00128800 
0.00129000 
0.00128800 
0.00129000 
0.00128600 
0.00127400 
0.00127800 
0.00127100 
0.00127300 
0.00127900 
0.00127100 
0.00126800 
0.00127300 
0.00127500 
0.00128200 
0.00128000 
0.00127800 
0.00128800 
0.00128000 
0.00128500 
0.00129100 
0.00129000 
0.00130500 
0.00130600 
0.00130800 
0.00130900 
0.00131600 
0.00131300 
0.00132100 
0.00132200 
0.00132200 
0.00132800 
0.00132400 
0.00132500 
0.00132900 
0.00134000 
0.00134200 
0.00133900 
0.00133300 
0.00133500 
0.00134000 
0.00134000 
0.00134000 
0.00134100 
0.00132900 
0.00133500 
0.00133100 
0.00131500 
0.00132700 
0.00132900 
0.00132400 
0.00132600 
0.00132100 
0.00132900 
0.00132400 
0.00133500 
0.00134800 
0.00134600 
0.00134100 
0.00134200 
0.00133200 
0.00132100 
0.00132300 
0.00132400 
0.00132600 
0.00133300 
0.00133600 
0.00133700 
0.00134400 
0.00134200 
0.00134700 
0.00134900 
0.00135000 
0.00136000 
0.00136000 
0.00136000 
0.00134800 
0.00134900 
0.00134200 
0.00134300 
0.00134300 
0.00135100 
0.00134300 
0.00135400 
0.00135700 
0.00136200 
0.00135900 
0.00136600 
0.00137000 
0.00137500 
0.00137200 
0.00137400 
0.00137500 
0.00137700 
0.00138100 
0.00137000 
0.00137000 
0.00137300 
0.00137300 
0.00137000 
0.00137400 
0.00137000 
0.00137300 
0.00137100 
0.00136500 
0.00136100 
0.00135700 
0.00135100 
