0.00003739 
0.00003730 
0.00003730 
0.00003747 
0.00003706 
0.00003708 
0.00003672 
0.00003669 
0.00003674 
0.00003693 
0.00003724 
0.00003696 
0.00003694 
0.00003672 
0.00003676 
0.00003753 
0.00003777 
0.00003789 
0.00003830 
0.00003780 
0.00003773 
0.00003779 
0.00003785 
0.00003815 
0.00003848 
0.00003870 
0.00003896 
0.00003901 
0.00003900 
0.00003838 
0.00003820 
0.00003839 
0.00003873 
0.00003855 
0.00003800 
0.00003793 
0.00003822 
0.00003856 
0.00003830 
0.00003867 
0.00003877 
0.00003856 
0.00003879 
0.00003904 
0.00003866 
0.00003866 
0.00003930 
0.00003920 
0.00003928 
0.00003939 
0.00003946 
0.00003943 
0.00003976 
0.00003987 
0.00004010 
0.00004000 
0.00004020 
0.00004019 
0.00004013 
0.00004026 
0.00003991 
0.00003989 
0.00004008 
0.00003990 
0.00004001 
0.00004013 
0.00003941 
0.00003945 
0.00003975 
0.00004008 
0.00004039 
0.00004058 
0.00004087 
0.00003925 
0.00004030 
0.00003933 
0.00003937 
0.00003930 
0.00003874 
0.00003749 
0.00003740 
0.00003786 
0.00003803 
0.00003832 
0.00003785 
0.00003863 
0.00003916 
0.00003912 
0.00003913 
0.00003900 
0.00003862 
0.00003927 
0.00003979 
0.00004004 
0.00004009 
0.00003969 
0.00004042 
0.00003967 
0.00004090 
0.00004001 
0.00003836 
0.00004053 
0.00004083 
0.00003883 
0.00003740 
0.00003720 
0.00003634 
0.00003733 
0.00003720 
0.00003542 
0.00003620 
0.00003822 
0.00003867 
0.00003953 
0.00003993 
0.00004067 
0.00003895 
0.00004120 
0.00004050 
0.00003799 
0.00003709 
0.00003539 
0.00003645 
0.00003769 
0.00003553 
0.00003379 
0.00003233 
0.00003200 
0.00003159 
0.00003150 
0.00003044 
0.00003021 
0.00003007 
0.00003015 
0.00003000 
0.00003000 
0.00003011 
0.00003022 
0.00003003 
0.00003014 
0.00003034 
0.00003020 
0.00003019 
0.00003025 
0.00003038 
0.00003040 
0.00003040 
0.00003029 
0.00003017 
0.00003038 
0.00003048 
0.00003025 
0.00002999 
0.00002998 
0.00002990 
0.00002986 
0.00002946 
0.00002940 
0.00002934 
0.00002905 
0.00002880 
0.00002899 
0.00002907 
0.00002904 
0.00002901 
0.00002949 
0.00002952 
0.00003004 
0.00002995 
0.00002983 
0.00002968 
0.00002948 
0.00002930 
0.00002906 
0.00002916 
0.00002918 
0.00002935 
0.00002931 
0.00002911 
0.00002911 
0.00002913 
0.00002874 
0.00002887 
0.00002813 
0.00002787 
0.00002799 
0.00002783 
0.00002797 
0.00002786 
0.00002820 
0.00002826 
0.00002832 
0.00002825 
0.00002816 
0.00002807 
0.00002806 
0.00002788 
0.00002772 
0.00002755 
0.00002777 
0.00002812 
0.00002824 
0.00002847 
0.00002856 
0.00002853 
0.00002833 
0.00002858 
0.00002891 
0.00002894 
0.00002895 
0.00002910 
0.00002900 
0.00002900 
0.00002914 
0.00002905 
0.00002900 
0.00002900 
0.00002904 
0.00002905 
0.00002910 
0.00002908 
0.00002905 
0.00002900 
0.00002891 
0.00002928 
0.00002957 
0.00002965 
0.00002989 
0.00002983 
0.00002992 
0.00002995 
0.00002996 
0.00002979 
0.00002980 
0.00002980 
0.00002996 
0.00002961 
0.00002964 
0.00002944 
0.00002916 
0.00002917 
0.00002959 
0.00002947 
0.00002939 
0.00002875 
0.00002866 
0.00002894 
0.00002909 
0.00002873 
0.00002887 
0.00002876 
0.00002863 
0.00002838 
0.00002830 
0.00002851 
0.00002820 
0.00002795 
0.00002792 
0.00002805 
0.00002841 
0.00002861 
0.00002852 
0.00002851 
0.00002840 
0.00002786 
0.00002773 
0.00002757 
0.00002768 
0.00002754 
0.00002761 
0.00002742 
0.00002769 
0.00002737 
0.00002727 
0.00002737 
0.00002701 
0.00002718 
0.00002749 
0.00002745 
0.00002730 
0.00002754 
0.00002750 
0.00002794 
0.00002796 
0.00002765 
0.00002769 
0.00002772 
0.00002785 
0.00002867 
0.00002887 
0.00002877 
0.00002877 
0.00002874 
0.00002875 
0.00002847 
0.00002838 
0.00002808 
0.00002843 
0.00002820 
0.00002784 
0.00002789 
0.00002779 
0.00002783 
0.00002774 
0.00002777 
0.00002791 
0.00002782 
0.00002803 
0.00002795 
0.00002800 
0.00002800 
0.00002805 
0.00002817 
0.00002822 
0.00002817 
0.00002818 
0.00002803 
0.00002817 
0.00002800 
0.00002808 
0.00002817 
0.00002819 
0.00002815 
0.00002800 
0.00002774 
0.00002775 
0.00002801 
0.00002804 
0.00002786 
0.00002779 
0.00002775 
0.00002820 
0.00002823 
0.00002833 
0.00002831 
0.00002830 
0.00002831 
0.00002832 
0.00002831 
0.00002844 
0.00002842 
0.00002842 
0.00002862 
0.00002876 
0.00002876 
0.00002890 
0.00002890 
0.00002858 
0.00002868 
0.00002848 
0.00002865 
0.00002876 
0.00002886 
0.00002887 
0.00002867 
0.00002887 
0.00002863 
0.00002861 
0.00002862 
0.00002861 
0.00002862 
0.00002875 
0.00002871 
0.00002863 
0.00002858 
0.00002853 
0.00002863 
0.00002868 
0.00002877 
0.00002882 
0.00002895 
0.00002888 
0.00002915 
0.00002924 
0.00002932 
0.00002928 
0.00002955 
0.00002944 
0.00002938 
0.00002896 
0.00002886 
0.00002880 
0.00002868 
0.00002865 
0.00002850 
0.00002868 
0.00002859 
0.00002849 
0.00002892 
0.00002886 
0.00002901 
0.00002898 
0.00002890 
0.00002890 
0.00002890 
0.00002898 
0.00002900 
0.00002908 
0.00002911 
0.00002907 
0.00002907 
0.00002909 
0.00002901 
0.00002903 
0.00002930 
0.00002936 
0.00002932 
0.00002937 
0.00002937 
0.00002936 
0.00002954 
0.00002985 
0.00003026 
0.00002946 
0.00002963 
0.00002968 
0.00002943 
0.00002943 
0.00002931 
0.00002966 
0.00002956 
0.00002960 
0.00002960 
0.00002970 
0.00002997 
0.00003029 
0.00003032 
0.00003069 
0.00003101 
0.00003070 
0.00003025 
0.00003012 
0.00003030 
0.00003035 
0.00003035 
0.00003026 
0.00003060 
0.00003025 
0.00003005 
0.00002990 
0.00003000 
0.00003000 
0.00002976 
0.00002994 
0.00003023 
0.00003028 
0.00003035 
0.00003058 
0.00003045 
0.00002994 
0.00002981 
0.00002972 
0.00002995 
0.00003031 
0.00003049 
0.00003035 
0.00003144 
0.00003149 
0.00003182 
0.00003184 
0.00003189 
0.00003189 
0.00003188 
0.00003179 
0.00003180 
0.00003180 
0.00003175 
0.00003168 
0.00003151 
0.00003166 
0.00003152 
0.00003150 
0.00003168 
0.00003179 
0.00003131 
0.00003135 
0.00003097 
0.00003060 
0.00003027 
0.00003042 
0.00003739 
0.00003730 
0.00003730 
0.00003747 
0.00003706 
0.00003708 
0.00003672 
0.00003669 
0.00003674 
0.00003693 
0.00003724 
0.00003696 
0.00003694 
0.00003672 
0.00003676 
0.00003753 
0.00003777 
0.00003789 
0.00003830 
0.00003780 
0.00003773 
0.00003779 
0.00003785 
0.00003815 
0.00003848 
0.00003870 
0.00003896 
0.00003901 
0.00003900 
0.00003838 
0.00003820 
0.00003839 
0.00003873 
0.00003855 
0.00003800 
0.00003793 
0.00003822 
0.00003856 
0.00003830 
0.00003867 
0.00003877 
0.00003856 
0.00003879 
0.00003904 
0.00003866 
0.00003866 
0.00003930 
0.00003920 
0.00003928 
0.00003939 
0.00003946 
0.00003943 
0.00003976 
0.00003987 
0.00004010 
0.00004000 
0.00004020 
0.00004019 
0.00004013 
0.00004026 
0.00003991 
0.00003989 
0.00004008 
0.00003990 
0.00004001 
0.00004013 
0.00003941 
0.00003945 
0.00003975 
0.00004008 
0.00004039 
0.00004058 
0.00004087 
0.00003925 
0.00004030 
0.00003933 
0.00003937 
0.00003930 
0.00003874 
0.00003749 
0.00003740 
0.00003786 
0.00003803 
0.00003832 
0.00003785 
0.00003863 
0.00003916 
0.00003912 
0.00003913 
0.00003900 
0.00003862 
0.00003927 
0.00003979 
0.00004004 
0.00004009 
0.00003969 
0.00004042 
0.00003967 
0.00004090 
0.00004001 
0.00003836 
0.00004053 
0.00004083 
0.00003883 
0.00003740 
0.00003720 
0.00003634 
0.00003733 
0.00003720 
0.00003542 
0.00003620 
0.00003822 
0.00003867 
0.00003953 
0.00003993 
0.00004067 
0.00003895 
0.00004120 
0.00004050 
0.00003799 
0.00003709 
0.00003539 
0.00003645 
0.00003769 
0.00003553 
0.00003379 
0.00003233 
0.00003200 
0.00003159 
0.00003150 
0.00003044 
0.00003021 
0.00003007 
0.00003015 
0.00003000 
0.00003000 
0.00003011 
0.00003022 
0.00003003 
0.00003014 
0.00003034 
0.00003020 
0.00003019 
0.00003025 
0.00003038 
0.00003040 
0.00003040 
0.00003029 
0.00003017 
0.00003038 
0.00003048 
0.00003025 
0.00002999 
0.00002998 
0.00002990 
0.00002986 
0.00002946 
0.00002940 
0.00002934 
0.00002905 
0.00002880 
0.00002899 
0.00002907 
0.00002904 
0.00002901 
0.00002949 
0.00002952 
0.00003004 
0.00002995 
0.00002983 
0.00002968 
0.00002948 
0.00002930 
0.00002906 
0.00002916 
0.00002918 
0.00002935 
0.00002931 
0.00002911 
0.00002911 
0.00002913 
0.00002874 
0.00002887 
0.00002813 
0.00002787 
0.00002799 
0.00002783 
0.00002797 
0.00002786 
0.00002820 
0.00002826 
0.00002832 
0.00002825 
0.00002816 
0.00002807 
0.00002806 
0.00002788 
0.00002772 
0.00002755 
0.00002777 
0.00002812 
0.00002824 
0.00002847 
0.00002856 
0.00002853 
0.00002833 
0.00002858 
0.00002891 
0.00002894 
0.00002895 
0.00002910 
0.00002900 
0.00002900 
0.00002914 
0.00002905 
0.00002900 
0.00002900 
0.00002904 
0.00002905 
0.00002910 
0.00002908 
0.00002905 
0.00002900 
0.00002891 
0.00002928 
0.00002957 
0.00002965 
0.00002989 
0.00002983 
0.00002992 
0.00002995 
0.00002996 
0.00002979 
0.00002980 
0.00002980 
0.00002996 
0.00002961 
0.00002964 
0.00002944 
0.00002916 
0.00002917 
0.00002959 
0.00002947 
0.00002939 
0.00002875 
0.00002866 
0.00002894 
0.00002909 
0.00002873 
0.00002887 
0.00002876 
0.00002863 
0.00002838 
0.00002830 
0.00002851 
0.00002820 
0.00002795 
0.00002792 
0.00002805 
0.00002841 
0.00002861 
0.00002852 
0.00002851 
0.00002840 
0.00002786 
0.00002773 
0.00002757 
0.00002768 
0.00002754 
0.00002761 
0.00002742 
0.00002769 
0.00002737 
0.00002727 
0.00002737 
0.00002701 
0.00002718 
0.00002749 
0.00002745 
0.00002730 
0.00002754 
0.00002750 
0.00002794 
0.00002796 
0.00002765 
0.00002769 
0.00002772 
0.00002785 
0.00002867 
0.00002887 
0.00002877 
0.00002877 
0.00002874 
0.00002875 
0.00002847 
0.00002838 
0.00002808 
0.00002843 
0.00002820 
0.00002784 
0.00002789 
0.00002779 
0.00002783 
0.00002774 
0.00002777 
0.00002791 
0.00002782 
0.00002803 
0.00002795 
0.00002800 
0.00002800 
0.00002805 
0.00002817 
0.00002822 
0.00002817 
0.00002818 
0.00002803 
0.00002817 
0.00002800 
0.00002808 
0.00002817 
0.00002819 
0.00002815 
0.00002800 
0.00002774 
0.00002775 
0.00002801 
0.00002804 
0.00002786 
0.00002779 
0.00002775 
0.00002820 
0.00002823 
0.00002833 
0.00002831 
0.00002830 
0.00002831 
0.00002832 
0.00002831 
0.00002844 
0.00002842 
0.00002842 
0.00002862 
0.00002876 
0.00002876 
0.00002890 
0.00002890 
0.00002858 
0.00002868 
0.00002848 
0.00002865 
0.00002876 
0.00002886 
0.00002887 
0.00002867 
0.00002887 
0.00002863 
0.00002861 
0.00002862 
0.00002861 
0.00002862 
0.00002875 
0.00002871 
0.00002863 
0.00002858 
0.00002853 
0.00002863 
0.00002868 
0.00002877 
0.00002882 
0.00002895 
0.00002888 
0.00002915 
0.00002924 
0.00002932 
0.00002928 
0.00002955 
0.00002944 
0.00002938 
0.00002896 
0.00002886 
0.00002880 
0.00002868 
0.00002865 
0.00002850 
0.00002868 
0.00002859 
0.00002849 
0.00002892 
0.00002886 
0.00002901 
0.00002898 
0.00002890 
0.00002890 
0.00002890 
0.00002898 
0.00002900 
0.00002908 
0.00002911 
0.00002907 
0.00002907 
0.00002909 
0.00002901 
0.00002903 
0.00002930 
0.00002936 
0.00002932 
0.00002937 
0.00002937 
0.00002936 
0.00002954 
0.00002985 
0.00003026 
0.00002946 
0.00002963 
0.00002968 
0.00002943 
0.00002943 
0.00002931 
0.00002966 
0.00002956 
0.00002960 
0.00002960 
0.00002970 
0.00002997 
0.00003029 
0.00003032 
0.00003069 
0.00003101 
0.00003070 
0.00003025 
0.00003012 
0.00003030 
0.00003035 
0.00003035 
0.00003026 
0.00003060 
0.00003025 
0.00003005 
0.00002990 
0.00003000 
0.00003000 
0.00002976 
0.00002994 
0.00003023 
0.00003028 
0.00003035 
0.00003058 
0.00003045 
0.00002994 
0.00002981 
0.00002972 
0.00002995 
0.00003031 
0.00003049 
0.00003035 
0.00003144 
0.00003149 
0.00003182 
0.00003184 
0.00003189 
0.00003189 
0.00003188 
0.00003179 
0.00003180 
0.00003180 
0.00003175 
0.00003168 
0.00003151 
0.00003166 
0.00003152 
0.00003150 
0.00003168 
0.00003179 
0.00003131 
0.00003135 
0.00003097 
0.00003060 
0.00003027 
0.00003042 
0.00003739 
0.00003730 
0.00003730 
0.00003747 
0.00003706 
0.00003708 
0.00003672 
0.00003669 
0.00003674 
0.00003693 
0.00003724 
0.00003696 
0.00003694 
0.00003672 
0.00003676 
0.00003753 
0.00003777 
0.00003789 
0.00003830 
0.00003780 
0.00003773 
0.00003779 
0.00003785 
0.00003815 
0.00003848 
0.00003870 
0.00003896 
0.00003901 
0.00003900 
0.00003838 
0.00003820 
0.00003839 
0.00003873 
0.00003855 
0.00003800 
0.00003793 
0.00003822 
0.00003856 
0.00003830 
0.00003867 
0.00003877 
0.00003856 
0.00003879 
0.00003904 
0.00003866 
0.00003866 
0.00003930 
0.00003920 
0.00003928 
0.00003939 
0.00003946 
0.00003943 
0.00003976 
0.00003987 
0.00004010 
0.00004000 
0.00004020 
0.00004019 
0.00004013 
0.00004026 
0.00003991 
0.00003989 
0.00004008 
0.00003990 
0.00004001 
0.00004013 
0.00003941 
0.00003945 
0.00003975 
0.00004008 
0.00004039 
0.00004058 
0.00004087 
0.00003925 
0.00004030 
0.00003933 
0.00003937 
0.00003930 
0.00003874 
0.00003749 
0.00003740 
0.00003786 
0.00003803 
0.00003832 
0.00003785 
0.00003863 
0.00003916 
0.00003912 
0.00003913 
0.00003900 
0.00003862 
0.00003927 
0.00003979 
0.00004004 
0.00004009 
0.00003969 
0.00004042 
0.00003967 
0.00004090 
0.00004001 
0.00003836 
0.00004053 
0.00004083 
0.00003883 
0.00003740 
0.00003720 
0.00003634 
0.00003733 
0.00003720 
0.00003542 
0.00003620 
0.00003822 
0.00003867 
0.00003953 
0.00003993 
0.00004067 
0.00003895 
0.00004120 
0.00004050 
0.00003799 
0.00003709 
0.00003539 
0.00003645 
0.00003769 
0.00003553 
0.00003379 
0.00003233 
0.00003200 
0.00003159 
0.00003150 
0.00003044 
0.00003021 
0.00003007 
0.00003015 
0.00003000 
0.00003000 
0.00003011 
0.00003022 
0.00003003 
0.00003014 
0.00003034 
0.00003020 
0.00003019 
0.00003025 
0.00003038 
0.00003040 
0.00003040 
0.00003029 
0.00003017 
0.00003038 
0.00003048 
0.00003025 
0.00002999 
0.00002998 
0.00002990 
0.00002986 
0.00002946 
0.00002940 
0.00002934 
0.00002905 
0.00002880 
0.00002899 
0.00002907 
0.00002904 
0.00002901 
0.00002949 
0.00002952 
0.00003004 
0.00002995 
0.00002983 
0.00002968 
0.00002948 
0.00002930 
0.00002906 
0.00002916 
0.00002918 
0.00002935 
0.00002931 
0.00002911 
0.00002911 
0.00002913 
0.00002874 
0.00002887 
0.00002813 
0.00002787 
0.00002799 
0.00002783 
0.00002797 
0.00002786 
0.00002820 
0.00002826 
0.00002832 
0.00002825 
0.00002816 
0.00002807 
0.00002806 
0.00002788 
0.00002772 
0.00002755 
0.00002777 
0.00002812 
0.00002824 
0.00002847 
0.00002856 
0.00002853 
0.00002833 
0.00002858 
0.00002891 
0.00002894 
0.00002895 
0.00002910 
0.00002900 
0.00002900 
0.00002914 
0.00002905 
0.00002900 
0.00002900 
0.00002904 
0.00002905 
0.00002910 
0.00002908 
0.00002905 
0.00002900 
0.00002891 
0.00002928 
0.00002957 
0.00002965 
0.00002989 
0.00002983 
0.00002992 
0.00002995 
0.00002996 
0.00002979 
0.00002980 
0.00002980 
0.00002996 
0.00002961 
0.00002964 
0.00002944 
0.00002916 
0.00002917 
0.00002959 
0.00002947 
0.00002939 
0.00002875 
0.00002866 
0.00002894 
0.00002909 
0.00002873 
0.00002887 
0.00002876 
0.00002863 
0.00002838 
0.00002830 
0.00002851 
0.00002820 
0.00002795 
0.00002792 
0.00002805 
0.00002841 
0.00002861 
0.00002852 
0.00002851 
0.00002840 
0.00002786 
0.00002773 
0.00002757 
0.00002768 
0.00002754 
0.00002761 
0.00002742 
0.00002769 
0.00002737 
0.00002727 
0.00002737 
0.00002701 
0.00002718 
0.00002749 
0.00002745 
0.00002730 
0.00002754 
0.00002750 
0.00002794 
0.00002796 
0.00002765 
0.00002769 
0.00002772 
0.00002785 
0.00002867 
0.00002887 
0.00002877 
0.00002877 
0.00002874 
0.00002875 
0.00002847 
0.00002838 
0.00002808 
0.00002843 
0.00002820 
0.00002784 
0.00002789 
0.00002779 
0.00002783 
0.00002774 
0.00002777 
0.00002791 
0.00002782 
0.00002803 
0.00002795 
0.00002800 
0.00002800 
0.00002805 
0.00002817 
0.00002822 
0.00002817 
0.00002818 
0.00002803 
0.00002817 
0.00002800 
0.00002808 
0.00002817 
0.00002819 
0.00002815 
0.00002800 
0.00002774 
0.00002775 
0.00002801 
0.00002804 
0.00002786 
0.00002779 
0.00002775 
0.00002820 
0.00002823 
0.00002833 
0.00002831 
0.00002830 
0.00002831 
0.00002832 
0.00002831 
0.00002844 
0.00002842 
0.00002842 
0.00002862 
0.00002876 
0.00002876 
0.00002890 
0.00002890 
0.00002858 
0.00002868 
0.00002848 
0.00002865 
0.00002876 
0.00002886 
0.00002887 
0.00002867 
0.00002887 
0.00002863 
0.00002861 
0.00002862 
0.00002861 
0.00002862 
0.00002875 
0.00002871 
0.00002863 
0.00002858 
0.00002853 
0.00002863 
0.00002868 
0.00002877 
0.00002882 
0.00002895 
0.00002888 
0.00002915 
0.00002924 
0.00002932 
0.00002928 
0.00002955 
0.00002944 
0.00002938 
0.00002896 
0.00002886 
0.00002880 
0.00002868 
0.00002865 
0.00002850 
0.00002868 
0.00002859 
0.00002849 
0.00002892 
0.00002886 
0.00002901 
0.00002898 
0.00002890 
0.00002890 
0.00002890 
0.00002898 
0.00002900 
0.00002908 
0.00002911 
0.00002907 
0.00002907 
0.00002909 
0.00002901 
0.00002903 
0.00002930 
0.00002936 
0.00002932 
0.00002937 
0.00002937 
0.00002936 
0.00002954 
0.00002985 
0.00003026 
0.00002946 
0.00002963 
0.00002968 
0.00002943 
0.00002943 
0.00002931 
0.00002966 
0.00002956 
0.00002960 
0.00002960 
0.00002970 
0.00002997 
0.00003029 
0.00003032 
0.00003069 
0.00003101 
0.00003070 
0.00003025 
0.00003012 
0.00003030 
0.00003035 
0.00003035 
0.00003026 
0.00003060 
0.00003025 
0.00003005 
0.00002990 
0.00003000 
0.00003000 
0.00002976 
0.00002994 
0.00003023 
0.00003028 
0.00003035 
0.00003058 
0.00003045 
0.00002994 
0.00002981 
0.00002972 
0.00002995 
0.00003031 
0.00003049 
0.00003035 
0.00003144 
0.00003149 
0.00003182 
0.00003184 
0.00003189 
0.00003189 
0.00003188 
0.00003179 
0.00003180 
0.00003180 
0.00003175 
0.00003168 
0.00003151 
0.00003166 
0.00003152 
0.00003150 
0.00003168 
0.00003179 
0.00003131 
0.00003135 
0.00003097 
0.00003060 
0.00003027 
0.00003042 
