0.00003655 
0.00003739 
0.00003729 
0.00003729 
0.00003740 
0.00003700 
0.00003714 
0.00003669 
0.00003669 
0.00003686 
0.00003692 
0.00003727 
0.00003694 
0.00003694 
0.00003672 
0.00003676 
0.00003761 
0.00003778 
0.00003789 
0.00003830 
0.00003776 
0.00003762 
0.00003780 
0.00003785 
0.00003821 
0.00003846 
0.00003874 
0.00003907 
0.00003901 
0.00003894 
0.00003826 
0.00003820 
0.00003847 
0.00003878 
0.00003857 
0.00003800 
0.00003777 
0.00003823 
0.00003858 
0.00003820 
0.00003869 
0.00003870 
0.00003849 
0.00003861 
0.00003891 
0.00003866 
0.00003893 
0.00003930 
0.00003921 
0.00003906 
0.00003943 
0.00003946 
0.00003941 
0.00003976 
0.00003965 
0.00004010 
0.00004000 
0.00004020 
0.00004018 
0.00004013 
0.00004027 
0.00003991 
0.00003989 
0.00004005 
0.00004000 
0.00004011 
0.00004013 
0.00003944 
0.00003945 
0.00003971 
0.00004006 
0.00004039 
0.00004070 
0.00004087 
0.00003909 
0.00004010 
0.00003933 
0.00003939 
0.00003943 
0.00003881 
0.00003749 
0.00003740 
0.00003785 
0.00003815 
0.00003832 
0.00003811 
0.00003854 
0.00003906 
0.00003913 
0.00003908 
0.00003901 
0.00003862 
0.00003930 
0.00003960 
0.00004004 
0.00004009 
0.00003992 
0.00004043 
0.00003907 
0.00004090 
0.00004000 
0.00003861 
0.00004051 
0.00004030 
0.00003870 
0.00003740 
0.00003720 
0.00003661 
0.00003732 
0.00003717 
0.00003542 
0.00003620 
0.00003836 
0.00003868 
0.00003953 
0.00004000 
0.00004068 
0.00003900 
0.00004126 
0.00004132 
0.00003791 
0.00003707 
0.00003538 
0.00003645 
0.00003769 
0.00003536 
0.00003399 
0.00003245 
0.00003200 
0.00003166 
0.00003150 
0.00003041 
0.00003033 
0.00003006 
0.00003001 
0.00003000 
0.00003000 
0.00003000 
0.00003022 
0.00003005 
0.00003018 
0.00003020 
0.00003006 
0.00002995 
0.00003023 
0.00003021 
0.00003030 
0.00003040 
0.00003006 
0.00003017 
0.00003042 
0.00003030 
0.00003064 
0.00002999 
0.00002998 
0.00002994 
0.00002986 
0.00002940 
0.00002940 
0.00002926 
0.00002913 
0.00002880 
0.00002905 
0.00002916 
0.00002904 
0.00002929 
0.00002944 
0.00002947 
0.00002983 
0.00002984 
0.00002982 
0.00002977 
0.00002949 
0.00002906 
0.00002932 
0.00002912 
0.00002900 
0.00002935 
0.00002931 
0.00002911 
0.00002901 
0.00002913 
0.00002888 
0.00002882 
0.00002800 
0.00002787 
0.00002796 
0.00002796 
0.00002787 
0.00002781 
0.00002821 
0.00002838 
0.00002826 
0.00002825 
0.00002815 
0.00002806 
0.00002806 
0.00002778 
0.00002771 
0.00002740 
0.00002776 
0.00002824 
0.00002831 
0.00002847 
0.00002829 
0.00002844 
0.00002835 
0.00002856 
0.00002891 
0.00002894 
0.00002917 
0.00002910 
0.00002900 
0.00002914 
0.00002913 
0.00002905 
0.00002900 
0.00002903 
0.00002905 
0.00002903 
0.00002906 
0.00002899 
0.00002888 
0.00002900 
0.00002884 
0.00002929 
0.00002930 
0.00002971 
0.00002989 
0.00002983 
0.00002983 
0.00002995 
0.00002997 
0.00002979 
0.00002979 
0.00002996 
0.00002996 
0.00002955 
0.00002968 
0.00002964 
0.00002915 
0.00002908 
0.00002936 
0.00002946 
0.00002929 
0.00002875 
0.00002865 
0.00002891 
0.00002910 
0.00002872 
0.00002887 
0.00002889 
0.00002862 
0.00002836 
0.00002829 
0.00002820 
0.00002819 
0.00002795 
0.00002805 
0.00002797 
0.00002843 
0.00002863 
0.00002851 
0.00002840 
0.00002840 
0.00002774 
0.00002772 
0.00002799 
0.00002768 
0.00002768 
0.00002768 
0.00002769 
0.00002769 
0.00002746 
0.00002711 
0.00002736 
0.00002739 
0.00002705 
0.00002733 
0.00002744 
0.00002730 
0.00002767 
0.00002747 
0.00002794 
0.00002797 
0.00002769 
0.00002769 
0.00002769 
0.00002777 
0.00002867 
0.00002867 
0.00002877 
0.00002873 
0.00002871 
0.00002867 
0.00002847 
0.00002808 
0.00002808 
0.00002840 
0.00002786 
0.00002778 
0.00002789 
0.00002808 
0.00002770 
0.00002774 
0.00002781 
0.00002787 
0.00002803 
0.00002800 
0.00002805 
0.00002795 
0.00002801 
0.00002805 
0.00002829 
0.00002821 
0.00002807 
0.00002818 
0.00002805 
0.00002818 
0.00002816 
0.00002818 
0.00002818 
0.00002820 
0.00002820 
0.00002801 
0.00002811 
0.00002774 
0.00002805 
0.00002821 
0.00002785 
0.00002780 
0.00002791 
0.00002809 
0.00002821 
0.00002809 
0.00002831 
0.00002830 
0.00002831 
0.00002832 
0.00002831 
0.00002844 
0.00002845 
0.00002839 
0.00002862 
0.00002876 
0.00002890 
0.00002896 
0.00002890 
0.00002870 
0.00002868 
0.00002873 
0.00002865 
0.00002864 
0.00002870 
0.00002908 
0.00002861 
0.00002885 
0.00002863 
0.00002862 
0.00002849 
0.00002861 
0.00002861 
0.00002878 
0.00002867 
0.00002861 
0.00002865 
0.00002855 
0.00002839 
0.00002877 
0.00002873 
0.00002887 
0.00002866 
0.00002888 
0.00002915 
0.00002946 
0.00002916 
0.00002945 
0.00002941 
0.00002940 
0.00002937 
0.00002895 
0.00002885 
0.00002880 
0.00002864 
0.00002868 
0.00002850 
0.00002847 
0.00002858 
0.00002849 
0.00002852 
0.00002886 
0.00002895 
0.00002900 
0.00002890 
0.00002901 
0.00002895 
0.00002899 
0.00002901 
0.00002918 
0.00002900 
0.00002888 
0.00002921 
0.00002906 
0.00002888 
0.00002918 
0.00002929 
0.00002903 
0.00002930 
0.00002937 
0.00002937 
0.00002957 
0.00002941 
0.00002985 
0.00002976 
0.00002912 
0.00002940 
0.00002946 
0.00002936 
0.00002942 
0.00002957 
0.00002967 
0.00002960 
0.00002960 
0.00002960 
0.00002968 
0.00002999 
0.00003021 
0.00003050 
0.00003069 
0.00003101 
0.00003055 
0.00003022 
0.00003023 
0.00003032 
0.00003035 
0.00003026 
0.00002977 
0.00003054 
0.00003032 
0.00003003 
0.00003002 
0.00003000 
0.00002976 
0.00002994 
0.00002973 
0.00003024 
0.00003028 
0.00003047 
0.00003084 
0.00003009 
0.00002989 
0.00002980 
0.00002959 
0.00002967 
0.00003002 
0.00003045 
0.00003033 
0.00003144 
0.00003152 
0.00003182 
0.00003184 
0.00003188 
0.00003189 
0.00003179 
0.00003179 
0.00003181 
0.00003179 
0.00003179 
0.00003168 
0.00003165 
0.00003166 
0.00003150 
0.00003157 
0.00003157 
0.00003179 
0.00003130 
0.00003129 
0.00003094 
0.00003041 
0.00003018 
0.00003655 
0.00003739 
0.00003729 
0.00003729 
0.00003740 
0.00003700 
0.00003714 
0.00003669 
0.00003669 
0.00003686 
0.00003692 
0.00003727 
0.00003694 
0.00003694 
0.00003672 
0.00003676 
0.00003761 
0.00003778 
0.00003789 
0.00003830 
0.00003776 
0.00003762 
0.00003780 
0.00003785 
0.00003821 
0.00003846 
0.00003874 
0.00003907 
0.00003901 
0.00003894 
0.00003826 
0.00003820 
0.00003847 
0.00003878 
0.00003857 
0.00003800 
0.00003777 
0.00003823 
0.00003858 
0.00003820 
0.00003869 
0.00003870 
0.00003849 
0.00003861 
0.00003891 
0.00003866 
0.00003893 
0.00003930 
0.00003921 
0.00003906 
0.00003943 
0.00003946 
0.00003941 
0.00003976 
0.00003965 
0.00004010 
0.00004000 
0.00004020 
0.00004018 
0.00004013 
0.00004027 
0.00003991 
0.00003989 
0.00004005 
0.00004000 
0.00004011 
0.00004013 
0.00003944 
0.00003945 
0.00003971 
0.00004006 
0.00004039 
0.00004070 
0.00004087 
0.00003909 
0.00004010 
0.00003933 
0.00003939 
0.00003943 
0.00003881 
0.00003749 
0.00003740 
0.00003785 
0.00003815 
0.00003832 
0.00003811 
0.00003854 
0.00003906 
0.00003913 
0.00003908 
0.00003901 
0.00003862 
0.00003930 
0.00003960 
0.00004004 
0.00004009 
0.00003992 
0.00004043 
0.00003907 
0.00004090 
0.00004000 
0.00003861 
0.00004051 
0.00004030 
0.00003870 
0.00003740 
0.00003720 
0.00003661 
0.00003732 
0.00003717 
0.00003542 
0.00003620 
0.00003836 
0.00003868 
0.00003953 
0.00004000 
0.00004068 
0.00003900 
0.00004126 
0.00004132 
0.00003791 
0.00003707 
0.00003538 
0.00003645 
0.00003769 
0.00003536 
0.00003399 
0.00003245 
0.00003200 
0.00003166 
0.00003150 
0.00003041 
0.00003033 
0.00003006 
0.00003001 
0.00003000 
0.00003000 
0.00003000 
0.00003022 
0.00003005 
0.00003018 
0.00003020 
0.00003006 
0.00002995 
0.00003023 
0.00003021 
0.00003030 
0.00003040 
0.00003006 
0.00003017 
0.00003042 
0.00003030 
0.00003064 
0.00002999 
0.00002998 
0.00002994 
0.00002986 
0.00002940 
0.00002940 
0.00002926 
0.00002913 
0.00002880 
0.00002905 
0.00002916 
0.00002904 
0.00002929 
0.00002944 
0.00002947 
0.00002983 
0.00002984 
0.00002982 
0.00002977 
0.00002949 
0.00002906 
0.00002932 
0.00002912 
0.00002900 
0.00002935 
0.00002931 
0.00002911 
0.00002901 
0.00002913 
0.00002888 
0.00002882 
0.00002800 
0.00002787 
0.00002796 
0.00002796 
0.00002787 
0.00002781 
0.00002821 
0.00002838 
0.00002826 
0.00002825 
0.00002815 
0.00002806 
0.00002806 
0.00002778 
0.00002771 
0.00002740 
0.00002776 
0.00002824 
0.00002831 
0.00002847 
0.00002829 
0.00002844 
0.00002835 
0.00002856 
0.00002891 
0.00002894 
0.00002917 
0.00002910 
0.00002900 
0.00002914 
0.00002913 
0.00002905 
0.00002900 
0.00002903 
0.00002905 
0.00002903 
0.00002906 
0.00002899 
0.00002888 
0.00002900 
0.00002884 
0.00002929 
0.00002930 
0.00002971 
0.00002989 
0.00002983 
0.00002983 
0.00002995 
0.00002997 
0.00002979 
0.00002979 
0.00002996 
0.00002996 
0.00002955 
0.00002968 
0.00002964 
0.00002915 
0.00002908 
0.00002936 
0.00002946 
0.00002929 
0.00002875 
0.00002865 
0.00002891 
0.00002910 
0.00002872 
0.00002887 
0.00002889 
0.00002862 
0.00002836 
0.00002829 
0.00002820 
0.00002819 
0.00002795 
0.00002805 
0.00002797 
0.00002843 
0.00002863 
0.00002851 
0.00002840 
0.00002840 
0.00002774 
0.00002772 
0.00002799 
0.00002768 
0.00002768 
0.00002768 
0.00002769 
0.00002769 
0.00002746 
0.00002711 
0.00002736 
0.00002739 
0.00002705 
0.00002733 
0.00002744 
0.00002730 
0.00002767 
0.00002747 
0.00002794 
0.00002797 
0.00002769 
0.00002769 
0.00002769 
0.00002777 
0.00002867 
0.00002867 
0.00002877 
0.00002873 
0.00002871 
0.00002867 
0.00002847 
0.00002808 
0.00002808 
0.00002840 
0.00002786 
0.00002778 
0.00002789 
0.00002808 
0.00002770 
0.00002774 
0.00002781 
0.00002787 
0.00002803 
0.00002800 
0.00002805 
0.00002795 
0.00002801 
0.00002805 
0.00002829 
0.00002821 
0.00002807 
0.00002818 
0.00002805 
0.00002818 
0.00002816 
0.00002818 
0.00002818 
0.00002820 
0.00002820 
0.00002801 
0.00002811 
0.00002774 
0.00002805 
0.00002821 
0.00002785 
0.00002780 
0.00002791 
0.00002809 
0.00002821 
0.00002809 
0.00002831 
0.00002830 
0.00002831 
0.00002832 
0.00002831 
0.00002844 
0.00002845 
0.00002839 
0.00002862 
0.00002876 
0.00002890 
0.00002896 
0.00002890 
0.00002870 
0.00002868 
0.00002873 
0.00002865 
0.00002864 
0.00002870 
0.00002908 
0.00002861 
0.00002885 
0.00002863 
0.00002862 
0.00002849 
0.00002861 
0.00002861 
0.00002878 
0.00002867 
0.00002861 
0.00002865 
0.00002855 
0.00002839 
0.00002877 
0.00002873 
0.00002887 
0.00002866 
0.00002888 
0.00002915 
0.00002946 
0.00002916 
0.00002945 
0.00002941 
0.00002940 
0.00002937 
0.00002895 
0.00002885 
0.00002880 
0.00002864 
0.00002868 
0.00002850 
0.00002847 
0.00002858 
0.00002849 
0.00002852 
0.00002886 
0.00002895 
0.00002900 
0.00002890 
0.00002901 
0.00002895 
0.00002899 
0.00002901 
0.00002918 
0.00002900 
0.00002888 
0.00002921 
0.00002906 
0.00002888 
0.00002918 
0.00002929 
0.00002903 
0.00002930 
0.00002937 
0.00002937 
0.00002957 
0.00002941 
0.00002985 
0.00002976 
0.00002912 
0.00002940 
0.00002946 
0.00002936 
0.00002942 
0.00002957 
0.00002967 
0.00002960 
0.00002960 
0.00002960 
0.00002968 
0.00002999 
0.00003021 
0.00003050 
0.00003069 
0.00003101 
0.00003055 
0.00003022 
0.00003023 
0.00003032 
0.00003035 
0.00003026 
0.00002977 
0.00003054 
0.00003032 
0.00003003 
0.00003002 
0.00003000 
0.00002976 
0.00002994 
0.00002973 
0.00003024 
0.00003028 
0.00003047 
0.00003084 
0.00003009 
0.00002989 
0.00002980 
0.00002959 
0.00002967 
0.00003002 
0.00003045 
0.00003033 
0.00003144 
0.00003152 
0.00003182 
0.00003184 
0.00003188 
0.00003189 
0.00003179 
0.00003179 
0.00003181 
0.00003179 
0.00003179 
0.00003168 
0.00003165 
0.00003166 
0.00003150 
0.00003157 
0.00003157 
0.00003179 
0.00003130 
0.00003129 
0.00003094 
0.00003041 
0.00003018 
0.00003655 
0.00003739 
0.00003729 
0.00003729 
0.00003740 
0.00003700 
0.00003714 
0.00003669 
0.00003669 
0.00003686 
0.00003692 
0.00003727 
0.00003694 
0.00003694 
0.00003672 
0.00003676 
0.00003761 
0.00003778 
0.00003789 
0.00003830 
0.00003776 
0.00003762 
0.00003780 
0.00003785 
0.00003821 
0.00003846 
0.00003874 
0.00003907 
0.00003901 
0.00003894 
0.00003826 
0.00003820 
0.00003847 
0.00003878 
0.00003857 
0.00003800 
0.00003777 
0.00003823 
0.00003858 
0.00003820 
0.00003869 
0.00003870 
0.00003849 
0.00003861 
0.00003891 
0.00003866 
0.00003893 
0.00003930 
0.00003921 
0.00003906 
0.00003943 
0.00003946 
0.00003941 
0.00003976 
0.00003965 
0.00004010 
0.00004000 
0.00004020 
0.00004018 
0.00004013 
0.00004027 
0.00003991 
0.00003989 
0.00004005 
0.00004000 
0.00004011 
0.00004013 
0.00003944 
0.00003945 
0.00003971 
0.00004006 
0.00004039 
0.00004070 
0.00004087 
0.00003909 
0.00004010 
0.00003933 
0.00003939 
0.00003943 
0.00003881 
0.00003749 
0.00003740 
0.00003785 
0.00003815 
0.00003832 
0.00003811 
0.00003854 
0.00003906 
0.00003913 
0.00003908 
0.00003901 
0.00003862 
0.00003930 
0.00003960 
0.00004004 
0.00004009 
0.00003992 
0.00004043 
0.00003907 
0.00004090 
0.00004000 
0.00003861 
0.00004051 
0.00004030 
0.00003870 
0.00003740 
0.00003720 
0.00003661 
0.00003732 
0.00003717 
0.00003542 
0.00003620 
0.00003836 
0.00003868 
0.00003953 
0.00004000 
0.00004068 
0.00003900 
0.00004126 
0.00004132 
0.00003791 
0.00003707 
0.00003538 
0.00003645 
0.00003769 
0.00003536 
0.00003399 
0.00003245 
0.00003200 
0.00003166 
0.00003150 
0.00003041 
0.00003033 
0.00003006 
0.00003001 
0.00003000 
0.00003000 
0.00003000 
0.00003022 
0.00003005 
0.00003018 
0.00003020 
0.00003006 
0.00002995 
0.00003023 
0.00003021 
0.00003030 
0.00003040 
0.00003006 
0.00003017 
0.00003042 
0.00003030 
0.00003064 
0.00002999 
0.00002998 
0.00002994 
0.00002986 
0.00002940 
0.00002940 
0.00002926 
0.00002913 
0.00002880 
0.00002905 
0.00002916 
0.00002904 
0.00002929 
0.00002944 
0.00002947 
0.00002983 
0.00002984 
0.00002982 
0.00002977 
0.00002949 
0.00002906 
0.00002932 
0.00002912 
0.00002900 
0.00002935 
0.00002931 
0.00002911 
0.00002901 
0.00002913 
0.00002888 
0.00002882 
0.00002800 
0.00002787 
0.00002796 
0.00002796 
0.00002787 
0.00002781 
0.00002821 
0.00002838 
0.00002826 
0.00002825 
0.00002815 
0.00002806 
0.00002806 
0.00002778 
0.00002771 
0.00002740 
0.00002776 
0.00002824 
0.00002831 
0.00002847 
0.00002829 
0.00002844 
0.00002835 
0.00002856 
0.00002891 
0.00002894 
0.00002917 
0.00002910 
0.00002900 
0.00002914 
0.00002913 
0.00002905 
0.00002900 
0.00002903 
0.00002905 
0.00002903 
0.00002906 
0.00002899 
0.00002888 
0.00002900 
0.00002884 
0.00002929 
0.00002930 
0.00002971 
0.00002989 
0.00002983 
0.00002983 
0.00002995 
0.00002997 
0.00002979 
0.00002979 
0.00002996 
0.00002996 
0.00002955 
0.00002968 
0.00002964 
0.00002915 
0.00002908 
0.00002936 
0.00002946 
0.00002929 
0.00002875 
0.00002865 
0.00002891 
0.00002910 
0.00002872 
0.00002887 
0.00002889 
0.00002862 
0.00002836 
0.00002829 
0.00002820 
0.00002819 
0.00002795 
0.00002805 
0.00002797 
0.00002843 
0.00002863 
0.00002851 
0.00002840 
0.00002840 
0.00002774 
0.00002772 
0.00002799 
0.00002768 
0.00002768 
0.00002768 
0.00002769 
0.00002769 
0.00002746 
0.00002711 
0.00002736 
0.00002739 
0.00002705 
0.00002733 
0.00002744 
0.00002730 
0.00002767 
0.00002747 
0.00002794 
0.00002797 
0.00002769 
0.00002769 
0.00002769 
0.00002777 
0.00002867 
0.00002867 
0.00002877 
0.00002873 
0.00002871 
0.00002867 
0.00002847 
0.00002808 
0.00002808 
0.00002840 
0.00002786 
0.00002778 
0.00002789 
0.00002808 
0.00002770 
0.00002774 
0.00002781 
0.00002787 
0.00002803 
0.00002800 
0.00002805 
0.00002795 
0.00002801 
0.00002805 
0.00002829 
0.00002821 
0.00002807 
0.00002818 
0.00002805 
0.00002818 
0.00002816 
0.00002818 
0.00002818 
0.00002820 
0.00002820 
0.00002801 
0.00002811 
0.00002774 
0.00002805 
0.00002821 
0.00002785 
0.00002780 
0.00002791 
0.00002809 
0.00002821 
0.00002809 
0.00002831 
0.00002830 
0.00002831 
0.00002832 
0.00002831 
0.00002844 
0.00002845 
0.00002839 
0.00002862 
0.00002876 
0.00002890 
0.00002896 
0.00002890 
0.00002870 
0.00002868 
0.00002873 
0.00002865 
0.00002864 
0.00002870 
0.00002908 
0.00002861 
0.00002885 
0.00002863 
0.00002862 
0.00002849 
0.00002861 
0.00002861 
0.00002878 
0.00002867 
0.00002861 
0.00002865 
0.00002855 
0.00002839 
0.00002877 
0.00002873 
0.00002887 
0.00002866 
0.00002888 
0.00002915 
0.00002946 
0.00002916 
0.00002945 
0.00002941 
0.00002940 
0.00002937 
0.00002895 
0.00002885 
0.00002880 
0.00002864 
0.00002868 
0.00002850 
0.00002847 
0.00002858 
0.00002849 
0.00002852 
0.00002886 
0.00002895 
0.00002900 
0.00002890 
0.00002901 
0.00002895 
0.00002899 
0.00002901 
0.00002918 
0.00002900 
0.00002888 
0.00002921 
0.00002906 
0.00002888 
0.00002918 
0.00002929 
0.00002903 
0.00002930 
0.00002937 
0.00002937 
0.00002957 
0.00002941 
0.00002985 
0.00002976 
0.00002912 
0.00002940 
0.00002946 
0.00002936 
0.00002942 
0.00002957 
0.00002967 
0.00002960 
0.00002960 
0.00002960 
0.00002968 
0.00002999 
0.00003021 
0.00003050 
0.00003069 
0.00003101 
0.00003055 
0.00003022 
0.00003023 
0.00003032 
0.00003035 
0.00003026 
0.00002977 
0.00003054 
0.00003032 
0.00003003 
0.00003002 
0.00003000 
0.00002976 
0.00002994 
0.00002973 
0.00003024 
0.00003028 
0.00003047 
0.00003084 
0.00003009 
0.00002989 
0.00002980 
0.00002959 
0.00002967 
0.00003002 
0.00003045 
0.00003033 
0.00003144 
0.00003152 
0.00003182 
0.00003184 
0.00003188 
0.00003189 
0.00003179 
0.00003179 
0.00003181 
0.00003179 
0.00003179 
0.00003168 
0.00003165 
0.00003166 
0.00003150 
0.00003157 
0.00003157 
0.00003179 
0.00003130 
0.00003129 
0.00003094 
0.00003041 
0.00003018 
