80541.00000000 
8915.00000000 
13193.00000000 
57353.00000000 
16578.00000000 
20579.00000000 
12522.00000000 
40285.00000000 
12672.00000000 
44112.00000000 
35647.00000000 
55456.00000000 
37878.00000000 
43268.00000000 
36985.00000000 
95490.00000000 
8598.00000000 
10872.00000000 
55746.00000000 
47252.00000000 
54270.00000000 
37344.00000000 
55989.00000000 
24180.00000000 
100784.00000000 
15734.00000000 
23356.00000000 
26547.00000000 
40012.00000000 
49344.00000000 
15392.00000000 
61126.00000000 
21202.00000000 
36779.00000000 
33001.00000000 
57717.00000000 
52117.00000000 
35876.00000000 
57762.00000000 
17017.00000000 
76240.00000000 
22494.00000000 
19441.00000000 
37972.00000000 
33983.00000000 
55009.00000000 
39459.00000000 
10850.00000000 
32938.00000000 
22483.00000000 
16586.00000000 
41437.00000000 
27830.00000000 
26749.00000000 
34466.00000000 
85641.00000000 
31857.00000000 
5477.00000000 
26654.00000000 
88751.00000000 
125231.00000000 
45381.00000000 
65220.00000000 
30831.00000000 
32914.00000000 
26445.00000000 
57169.00000000 
10876.00000000 
31323.00000000 
45756.00000000 
34378.00000000 
49032.00000000 
115208.00000000 
213385.00000000 
49497.00000000 
92876.00000000 
68437.00000000 
43623.00000000 
61143.00000000 
131506.00000000 
66795.00000000 
50278.00000000 
33948.00000000 
85305.00000000 
40232.00000000 
151631.00000000 
120692.00000000 
88578.00000000 
13595.00000000 
34067.00000000 
83064.00000000 
59510.00000000 
85824.00000000 
67622.00000000 
50068.00000000 
31865.00000000 
99168.00000000 
223145.00000000 
209771.00000000 
191158.00000000 
167374.00000000 
318216.00000000 
335442.00000000 
210594.00000000 
159778.00000000 
187413.00000000 
119571.00000000 
82358.00000000 
235645.00000000 
338803.00000000 
193871.00000000 
314341.00000000 
101855.00000000 
123976.00000000 
130579.00000000 
231919.00000000 
226262.00000000 
461415.00000000 
917475.00000000 
509472.00000000 
176346.00000000 
204602.00000000 
121732.00000000 
240337.00000000 
195139.00000000 
158048.00000000 
170031.00000000 
86531.00000000 
68314.00000000 
47192.00000000 
41178.00000000 
17962.00000000 
5920.00000000 
1280.00000000 
2046.00000000 
6650.00000000 
19319.00000000 
25711.00000000 
29857.00000000 
5789.00000000 
14425.00000000 
8348.00000000 
7742.00000000 
51478.00000000 
9372.00000000 
31962.00000000 
3776.00000000 
5458.00000000 
36729.00000000 
18815.00000000 
26573.00000000 
29761.00000000 
12714.00000000 
5279.00000000 
14563.00000000 
3762.00000000 
3676.00000000 
0.00000000 
12777.00000000 
7219.00000000 
10359.00000000 
22139.00000000 
3389.00000000 
8906.00000000 
3689.00000000 
69255.00000000 
6556.00000000 
35027.00000000 
14103.00000000 
10570.00000000 
19867.00000000 
17143.00000000 
7513.00000000 
156.00000000 
7368.00000000 
7176.00000000 
13741.00000000 
23561.00000000 
7093.00000000 
2733.00000000 
830.00000000 
14054.00000000 
12312.00000000 
25973.00000000 
5682.00000000 
2798.00000000 
520.00000000 
3634.00000000 
4787.00000000 
8472.00000000 
23007.00000000 
1601.00000000 
2466.00000000 
3780.00000000 
8346.00000000 
245.00000000 
13892.00000000 
4877.00000000 
4242.00000000 
11595.00000000 
54101.00000000 
491.00000000 
23859.00000000 
3146.00000000 
14547.00000000 
2214.00000000 
18802.00000000 
13287.00000000 
173.00000000 
797.00000000 
2440.00000000 
1582.00000000 
678.00000000 
357.00000000 
1155.00000000 
4188.00000000 
95.00000000 
3082.00000000 
148.00000000 
1524.00000000 
10983.00000000 
771.00000000 
4119.00000000 
8992.00000000 
54387.00000000 
6168.00000000 
17251.00000000 
10146.00000000 
14299.00000000 
2258.00000000 
1925.00000000 
2263.00000000 
4887.00000000 
1055.00000000 
1687.00000000 
13743.00000000 
14316.00000000 
18772.00000000 
26931.00000000 
17169.00000000 
11149.00000000 
32369.00000000 
7648.00000000 
1678.00000000 
25962.00000000 
12330.00000000 
3666.00000000 
28831.00000000 
36089.00000000 
8404.00000000 
3626.00000000 
13337.00000000 
23941.00000000 
515.00000000 
4686.00000000 
15787.00000000 
10609.00000000 
5987.00000000 
36.00000000 
3158.00000000 
13922.00000000 
1172.00000000 
7841.00000000 
2351.00000000 
39671.00000000 
26910.00000000 
5234.00000000 
1088.00000000 
12865.00000000 
9201.00000000 
23893.00000000 
401.00000000 
13553.00000000 
51332.00000000 
40883.00000000 
17378.00000000 
19870.00000000 
68947.00000000 
38579.00000000 
23492.00000000 
6068.00000000 
5029.00000000 
37185.00000000 
1957.00000000 
24140.00000000 
15395.00000000 
8553.00000000 
23660.00000000 
96224.00000000 
11622.00000000 
7793.00000000 
2176.00000000 
3748.00000000 
4787.00000000 
681.00000000 
4569.00000000 
0.00000000 
3548.00000000 
9611.00000000 
15290.00000000 
6936.00000000 
10062.00000000 
27665.00000000 
12433.00000000 
8464.00000000 
4564.00000000 
27823.00000000 
100.00000000 
14838.00000000 
3457.00000000 
22575.00000000 
7628.00000000 
11697.00000000 
24432.00000000 
31320.00000000 
5709.00000000 
2323.00000000 
21443.00000000 
23064.00000000 
14521.00000000 
2914.00000000 
1920.00000000 
47148.00000000 
36519.00000000 
43680.00000000 
2392.00000000 
13472.00000000 
17265.00000000 
63480.00000000 
49448.00000000 
31273.00000000 
26261.00000000 
32525.00000000 
18236.00000000 
25204.00000000 
30019.00000000 
12725.00000000 
5907.00000000 
5612.00000000 
8058.00000000 
48367.00000000 
19251.00000000 
12179.00000000 
4022.00000000 
7180.00000000 
3474.00000000 
9319.00000000 
13884.00000000 
9977.00000000 
16837.00000000 
32753.00000000 
969.00000000 
17829.00000000 
7895.00000000 
17343.00000000 
2025.00000000 
6776.00000000 
4586.00000000 
691.00000000 
24704.00000000 
1133.00000000 
13918.00000000 
4054.00000000 
22854.00000000 
18334.00000000 
17929.00000000 
22776.00000000 
11399.00000000 
1035.00000000 
25124.00000000 
14793.00000000 
1757.00000000 
1778.00000000 
244.00000000 
2099.00000000 
1699.00000000 
8114.00000000 
2333.00000000 
4556.00000000 
29561.00000000 
5208.00000000 
5449.00000000 
8249.00000000 
5928.00000000 
770.00000000 
9598.00000000 
28728.00000000 
3547.00000000 
32220.00000000 
51210.00000000 
9706.00000000 
4235.00000000 
11825.00000000 
630.00000000 
6600.00000000 
22089.00000000 
29316.00000000 
5713.00000000 
9595.00000000 
3861.00000000 
6238.00000000 
16465.00000000 
19049.00000000 
18691.00000000 
1524.00000000 
1145.00000000 
8656.00000000 
562.00000000 
510.00000000 
233.00000000 
6778.00000000 
48664.00000000 
28667.00000000 
21922.00000000 
4011.00000000 
6346.00000000 
24596.00000000 
2646.00000000 
8011.00000000 
4113.00000000 
5985.00000000 
1411.00000000 
1124.00000000 
12368.00000000 
28180.00000000 
5544.00000000 
359.00000000 
2491.00000000 
8170.00000000 
14861.00000000 
3256.00000000 
2473.00000000 
530.00000000 
5848.00000000 
1853.00000000 
5147.00000000 
20607.00000000 
9900.00000000 
8852.00000000 
3871.00000000 
5663.00000000 
4237.00000000 
500.00000000 
2682.00000000 
14764.00000000 
3493.00000000 
6838.00000000 
5184.00000000 
25270.00000000 
3596.00000000 
4411.00000000 
1368.00000000 
8898.00000000 
9328.00000000 
26344.00000000 
50286.00000000 
20285.00000000 
22613.00000000 
8908.00000000 
5606.00000000 
17528.00000000 
1127.00000000 
8626.00000000 
1353.00000000 
5445.00000000 
2967.00000000 
1948.00000000 
10857.00000000 
26675.00000000 
1801.00000000 
2487.00000000 
192.00000000 
481.00000000 
19380.00000000 
56561.00000000 
5109.00000000 
9035.00000000 
3182.00000000 
3857.00000000 
1215.00000000 
80541.00000000 
8915.00000000 
13193.00000000 
57353.00000000 
16578.00000000 
20579.00000000 
12522.00000000 
40285.00000000 
12672.00000000 
44112.00000000 
35647.00000000 
55456.00000000 
37878.00000000 
43268.00000000 
36985.00000000 
95490.00000000 
8598.00000000 
10872.00000000 
55746.00000000 
47252.00000000 
54270.00000000 
37344.00000000 
55989.00000000 
24180.00000000 
100784.00000000 
15734.00000000 
23356.00000000 
26547.00000000 
40012.00000000 
49344.00000000 
15392.00000000 
61126.00000000 
21202.00000000 
36779.00000000 
33001.00000000 
57717.00000000 
52117.00000000 
35876.00000000 
57762.00000000 
17017.00000000 
76240.00000000 
22494.00000000 
19441.00000000 
37972.00000000 
33983.00000000 
55009.00000000 
39459.00000000 
10850.00000000 
32938.00000000 
22483.00000000 
16586.00000000 
41437.00000000 
27830.00000000 
26749.00000000 
34466.00000000 
85641.00000000 
31857.00000000 
5477.00000000 
26654.00000000 
88751.00000000 
125231.00000000 
45381.00000000 
65220.00000000 
30831.00000000 
32914.00000000 
26445.00000000 
57169.00000000 
10876.00000000 
31323.00000000 
45756.00000000 
34378.00000000 
49032.00000000 
115208.00000000 
213385.00000000 
49497.00000000 
92876.00000000 
68437.00000000 
43623.00000000 
61143.00000000 
131506.00000000 
66795.00000000 
50278.00000000 
33948.00000000 
85305.00000000 
40232.00000000 
151631.00000000 
120692.00000000 
88578.00000000 
13595.00000000 
34067.00000000 
83064.00000000 
59510.00000000 
85824.00000000 
67622.00000000 
50068.00000000 
31865.00000000 
99168.00000000 
223145.00000000 
209771.00000000 
191158.00000000 
167374.00000000 
318216.00000000 
335442.00000000 
210594.00000000 
159778.00000000 
187413.00000000 
119571.00000000 
82358.00000000 
235645.00000000 
338803.00000000 
193871.00000000 
314341.00000000 
101855.00000000 
123976.00000000 
130579.00000000 
231919.00000000 
226262.00000000 
461415.00000000 
917475.00000000 
509472.00000000 
176346.00000000 
204602.00000000 
121732.00000000 
240337.00000000 
195139.00000000 
158048.00000000 
170031.00000000 
86531.00000000 
68314.00000000 
47192.00000000 
41178.00000000 
17962.00000000 
5920.00000000 
1280.00000000 
2046.00000000 
6650.00000000 
19319.00000000 
25711.00000000 
29857.00000000 
5789.00000000 
14425.00000000 
8348.00000000 
7742.00000000 
51478.00000000 
9372.00000000 
31962.00000000 
3776.00000000 
5458.00000000 
36729.00000000 
18815.00000000 
26573.00000000 
29761.00000000 
12714.00000000 
5279.00000000 
14563.00000000 
3762.00000000 
3676.00000000 
0.00000000 
12777.00000000 
7219.00000000 
10359.00000000 
22139.00000000 
3389.00000000 
8906.00000000 
3689.00000000 
69255.00000000 
6556.00000000 
35027.00000000 
14103.00000000 
10570.00000000 
19867.00000000 
17143.00000000 
7513.00000000 
156.00000000 
7368.00000000 
7176.00000000 
13741.00000000 
23561.00000000 
7093.00000000 
2733.00000000 
830.00000000 
14054.00000000 
12312.00000000 
25973.00000000 
5682.00000000 
2798.00000000 
520.00000000 
3634.00000000 
4787.00000000 
8472.00000000 
23007.00000000 
1601.00000000 
2466.00000000 
3780.00000000 
8346.00000000 
245.00000000 
13892.00000000 
4877.00000000 
4242.00000000 
11595.00000000 
54101.00000000 
491.00000000 
23859.00000000 
3146.00000000 
14547.00000000 
2214.00000000 
18802.00000000 
13287.00000000 
173.00000000 
797.00000000 
2440.00000000 
1582.00000000 
678.00000000 
357.00000000 
1155.00000000 
4188.00000000 
95.00000000 
3082.00000000 
148.00000000 
1524.00000000 
10983.00000000 
771.00000000 
4119.00000000 
8992.00000000 
54387.00000000 
6168.00000000 
17251.00000000 
10146.00000000 
14299.00000000 
2258.00000000 
1925.00000000 
2263.00000000 
4887.00000000 
1055.00000000 
1687.00000000 
13743.00000000 
14316.00000000 
18772.00000000 
26931.00000000 
17169.00000000 
11149.00000000 
32369.00000000 
7648.00000000 
1678.00000000 
25962.00000000 
12330.00000000 
3666.00000000 
28831.00000000 
36089.00000000 
8404.00000000 
3626.00000000 
13337.00000000 
23941.00000000 
515.00000000 
4686.00000000 
15787.00000000 
10609.00000000 
5987.00000000 
36.00000000 
3158.00000000 
13922.00000000 
1172.00000000 
7841.00000000 
2351.00000000 
39671.00000000 
26910.00000000 
5234.00000000 
1088.00000000 
12865.00000000 
9201.00000000 
23893.00000000 
401.00000000 
13553.00000000 
51332.00000000 
40883.00000000 
17378.00000000 
19870.00000000 
68947.00000000 
38579.00000000 
23492.00000000 
6068.00000000 
5029.00000000 
37185.00000000 
1957.00000000 
24140.00000000 
15395.00000000 
8553.00000000 
23660.00000000 
96224.00000000 
11622.00000000 
7793.00000000 
2176.00000000 
3748.00000000 
4787.00000000 
681.00000000 
4569.00000000 
0.00000000 
3548.00000000 
9611.00000000 
15290.00000000 
6936.00000000 
10062.00000000 
27665.00000000 
12433.00000000 
8464.00000000 
4564.00000000 
27823.00000000 
100.00000000 
14838.00000000 
3457.00000000 
22575.00000000 
7628.00000000 
11697.00000000 
24432.00000000 
31320.00000000 
5709.00000000 
2323.00000000 
21443.00000000 
23064.00000000 
14521.00000000 
2914.00000000 
1920.00000000 
47148.00000000 
36519.00000000 
43680.00000000 
2392.00000000 
13472.00000000 
17265.00000000 
63480.00000000 
49448.00000000 
31273.00000000 
26261.00000000 
32525.00000000 
18236.00000000 
25204.00000000 
30019.00000000 
12725.00000000 
5907.00000000 
5612.00000000 
8058.00000000 
48367.00000000 
19251.00000000 
12179.00000000 
4022.00000000 
7180.00000000 
3474.00000000 
9319.00000000 
13884.00000000 
9977.00000000 
16837.00000000 
32753.00000000 
969.00000000 
17829.00000000 
7895.00000000 
17343.00000000 
2025.00000000 
6776.00000000 
4586.00000000 
691.00000000 
24704.00000000 
1133.00000000 
13918.00000000 
4054.00000000 
22854.00000000 
18334.00000000 
17929.00000000 
22776.00000000 
11399.00000000 
1035.00000000 
25124.00000000 
14793.00000000 
1757.00000000 
1778.00000000 
244.00000000 
2099.00000000 
1699.00000000 
8114.00000000 
2333.00000000 
4556.00000000 
29561.00000000 
5208.00000000 
5449.00000000 
8249.00000000 
5928.00000000 
770.00000000 
9598.00000000 
28728.00000000 
3547.00000000 
32220.00000000 
51210.00000000 
9706.00000000 
4235.00000000 
11825.00000000 
630.00000000 
6600.00000000 
22089.00000000 
29316.00000000 
5713.00000000 
9595.00000000 
3861.00000000 
6238.00000000 
16465.00000000 
19049.00000000 
18691.00000000 
1524.00000000 
1145.00000000 
8656.00000000 
562.00000000 
510.00000000 
233.00000000 
6778.00000000 
48664.00000000 
28667.00000000 
21922.00000000 
4011.00000000 
6346.00000000 
24596.00000000 
2646.00000000 
8011.00000000 
4113.00000000 
5985.00000000 
1411.00000000 
1124.00000000 
12368.00000000 
28180.00000000 
5544.00000000 
359.00000000 
2491.00000000 
8170.00000000 
14861.00000000 
3256.00000000 
2473.00000000 
530.00000000 
5848.00000000 
1853.00000000 
5147.00000000 
20607.00000000 
9900.00000000 
8852.00000000 
3871.00000000 
5663.00000000 
4237.00000000 
500.00000000 
2682.00000000 
14764.00000000 
3493.00000000 
6838.00000000 
5184.00000000 
25270.00000000 
3596.00000000 
4411.00000000 
1368.00000000 
8898.00000000 
9328.00000000 
26344.00000000 
50286.00000000 
20285.00000000 
22613.00000000 
8908.00000000 
5606.00000000 
17528.00000000 
1127.00000000 
8626.00000000 
1353.00000000 
5445.00000000 
2967.00000000 
1948.00000000 
10857.00000000 
26675.00000000 
1801.00000000 
2487.00000000 
192.00000000 
481.00000000 
19380.00000000 
56561.00000000 
5109.00000000 
9035.00000000 
3182.00000000 
3857.00000000 
1215.00000000 
80541.00000000 
8915.00000000 
13193.00000000 
57353.00000000 
16578.00000000 
20579.00000000 
12522.00000000 
40285.00000000 
12672.00000000 
44112.00000000 
35647.00000000 
55456.00000000 
37878.00000000 
43268.00000000 
36985.00000000 
95490.00000000 
8598.00000000 
10872.00000000 
55746.00000000 
47252.00000000 
54270.00000000 
37344.00000000 
55989.00000000 
24180.00000000 
100784.00000000 
15734.00000000 
23356.00000000 
26547.00000000 
40012.00000000 
49344.00000000 
15392.00000000 
61126.00000000 
21202.00000000 
36779.00000000 
33001.00000000 
57717.00000000 
52117.00000000 
35876.00000000 
57762.00000000 
17017.00000000 
76240.00000000 
22494.00000000 
19441.00000000 
37972.00000000 
33983.00000000 
55009.00000000 
39459.00000000 
10850.00000000 
32938.00000000 
22483.00000000 
16586.00000000 
41437.00000000 
27830.00000000 
26749.00000000 
34466.00000000 
85641.00000000 
31857.00000000 
5477.00000000 
26654.00000000 
88751.00000000 
125231.00000000 
45381.00000000 
65220.00000000 
30831.00000000 
32914.00000000 
26445.00000000 
57169.00000000 
10876.00000000 
31323.00000000 
45756.00000000 
34378.00000000 
49032.00000000 
115208.00000000 
213385.00000000 
49497.00000000 
92876.00000000 
68437.00000000 
43623.00000000 
61143.00000000 
131506.00000000 
66795.00000000 
50278.00000000 
33948.00000000 
85305.00000000 
40232.00000000 
151631.00000000 
120692.00000000 
88578.00000000 
13595.00000000 
34067.00000000 
83064.00000000 
59510.00000000 
85824.00000000 
67622.00000000 
50068.00000000 
31865.00000000 
99168.00000000 
223145.00000000 
209771.00000000 
191158.00000000 
167374.00000000 
318216.00000000 
335442.00000000 
210594.00000000 
159778.00000000 
187413.00000000 
119571.00000000 
82358.00000000 
235645.00000000 
338803.00000000 
193871.00000000 
314341.00000000 
101855.00000000 
123976.00000000 
130579.00000000 
231919.00000000 
226262.00000000 
461415.00000000 
917475.00000000 
509472.00000000 
176346.00000000 
204602.00000000 
121732.00000000 
240337.00000000 
195139.00000000 
158048.00000000 
170031.00000000 
86531.00000000 
68314.00000000 
47192.00000000 
41178.00000000 
17962.00000000 
5920.00000000 
1280.00000000 
2046.00000000 
6650.00000000 
19319.00000000 
25711.00000000 
29857.00000000 
5789.00000000 
14425.00000000 
8348.00000000 
7742.00000000 
51478.00000000 
9372.00000000 
31962.00000000 
3776.00000000 
5458.00000000 
36729.00000000 
18815.00000000 
26573.00000000 
29761.00000000 
12714.00000000 
5279.00000000 
14563.00000000 
3762.00000000 
3676.00000000 
0.00000000 
12777.00000000 
7219.00000000 
10359.00000000 
22139.00000000 
3389.00000000 
8906.00000000 
3689.00000000 
69255.00000000 
6556.00000000 
35027.00000000 
14103.00000000 
10570.00000000 
19867.00000000 
17143.00000000 
7513.00000000 
156.00000000 
7368.00000000 
7176.00000000 
13741.00000000 
23561.00000000 
7093.00000000 
2733.00000000 
830.00000000 
14054.00000000 
12312.00000000 
25973.00000000 
5682.00000000 
2798.00000000 
520.00000000 
3634.00000000 
4787.00000000 
8472.00000000 
23007.00000000 
1601.00000000 
2466.00000000 
3780.00000000 
8346.00000000 
245.00000000 
13892.00000000 
4877.00000000 
4242.00000000 
11595.00000000 
54101.00000000 
491.00000000 
23859.00000000 
3146.00000000 
14547.00000000 
2214.00000000 
18802.00000000 
13287.00000000 
173.00000000 
797.00000000 
2440.00000000 
1582.00000000 
678.00000000 
357.00000000 
1155.00000000 
4188.00000000 
95.00000000 
3082.00000000 
148.00000000 
1524.00000000 
10983.00000000 
771.00000000 
4119.00000000 
8992.00000000 
54387.00000000 
6168.00000000 
17251.00000000 
10146.00000000 
14299.00000000 
2258.00000000 
1925.00000000 
2263.00000000 
4887.00000000 
1055.00000000 
1687.00000000 
13743.00000000 
14316.00000000 
18772.00000000 
26931.00000000 
17169.00000000 
11149.00000000 
32369.00000000 
7648.00000000 
1678.00000000 
25962.00000000 
12330.00000000 
3666.00000000 
28831.00000000 
36089.00000000 
8404.00000000 
3626.00000000 
13337.00000000 
23941.00000000 
515.00000000 
4686.00000000 
15787.00000000 
10609.00000000 
5987.00000000 
36.00000000 
3158.00000000 
13922.00000000 
1172.00000000 
7841.00000000 
2351.00000000 
39671.00000000 
26910.00000000 
5234.00000000 
1088.00000000 
12865.00000000 
9201.00000000 
23893.00000000 
401.00000000 
13553.00000000 
51332.00000000 
40883.00000000 
17378.00000000 
19870.00000000 
68947.00000000 
38579.00000000 
23492.00000000 
6068.00000000 
5029.00000000 
37185.00000000 
1957.00000000 
24140.00000000 
15395.00000000 
8553.00000000 
23660.00000000 
96224.00000000 
11622.00000000 
7793.00000000 
2176.00000000 
3748.00000000 
4787.00000000 
681.00000000 
4569.00000000 
0.00000000 
3548.00000000 
9611.00000000 
15290.00000000 
6936.00000000 
10062.00000000 
27665.00000000 
12433.00000000 
8464.00000000 
4564.00000000 
27823.00000000 
100.00000000 
14838.00000000 
3457.00000000 
22575.00000000 
7628.00000000 
11697.00000000 
24432.00000000 
31320.00000000 
5709.00000000 
2323.00000000 
21443.00000000 
23064.00000000 
14521.00000000 
2914.00000000 
1920.00000000 
47148.00000000 
36519.00000000 
43680.00000000 
2392.00000000 
13472.00000000 
17265.00000000 
63480.00000000 
49448.00000000 
31273.00000000 
26261.00000000 
32525.00000000 
18236.00000000 
25204.00000000 
30019.00000000 
12725.00000000 
5907.00000000 
5612.00000000 
8058.00000000 
48367.00000000 
19251.00000000 
12179.00000000 
4022.00000000 
7180.00000000 
3474.00000000 
9319.00000000 
13884.00000000 
9977.00000000 
16837.00000000 
32753.00000000 
969.00000000 
17829.00000000 
7895.00000000 
17343.00000000 
2025.00000000 
6776.00000000 
4586.00000000 
691.00000000 
24704.00000000 
1133.00000000 
13918.00000000 
4054.00000000 
22854.00000000 
18334.00000000 
17929.00000000 
22776.00000000 
11399.00000000 
1035.00000000 
25124.00000000 
14793.00000000 
1757.00000000 
1778.00000000 
244.00000000 
2099.00000000 
1699.00000000 
8114.00000000 
2333.00000000 
4556.00000000 
29561.00000000 
5208.00000000 
5449.00000000 
8249.00000000 
5928.00000000 
770.00000000 
9598.00000000 
28728.00000000 
3547.00000000 
32220.00000000 
51210.00000000 
9706.00000000 
4235.00000000 
11825.00000000 
630.00000000 
6600.00000000 
22089.00000000 
29316.00000000 
5713.00000000 
9595.00000000 
3861.00000000 
6238.00000000 
16465.00000000 
19049.00000000 
18691.00000000 
1524.00000000 
1145.00000000 
8656.00000000 
562.00000000 
510.00000000 
233.00000000 
6778.00000000 
48664.00000000 
28667.00000000 
21922.00000000 
4011.00000000 
6346.00000000 
24596.00000000 
2646.00000000 
8011.00000000 
4113.00000000 
5985.00000000 
1411.00000000 
1124.00000000 
12368.00000000 
28180.00000000 
5544.00000000 
359.00000000 
2491.00000000 
8170.00000000 
14861.00000000 
3256.00000000 
2473.00000000 
530.00000000 
5848.00000000 
1853.00000000 
5147.00000000 
20607.00000000 
9900.00000000 
8852.00000000 
3871.00000000 
5663.00000000 
4237.00000000 
500.00000000 
2682.00000000 
14764.00000000 
3493.00000000 
6838.00000000 
5184.00000000 
25270.00000000 
3596.00000000 
4411.00000000 
1368.00000000 
8898.00000000 
9328.00000000 
26344.00000000 
50286.00000000 
20285.00000000 
22613.00000000 
8908.00000000 
5606.00000000 
17528.00000000 
1127.00000000 
8626.00000000 
1353.00000000 
5445.00000000 
2967.00000000 
1948.00000000 
10857.00000000 
26675.00000000 
1801.00000000 
2487.00000000 
192.00000000 
481.00000000 
19380.00000000 
56561.00000000 
5109.00000000 
9035.00000000 
3182.00000000 
3857.00000000 
1215.00000000 
