216500.00000000 
90912.00000000 
106514.00000000 
745281.00000000 
340476.00000000 
194831.00000000 
303514.00000000 
673662.00000000 
260324.00000000 
558281.00000000 
882419.00000000 
380522.00000000 
318714.00000000 
572568.00000000 
341964.00000000 
446045.00000000 
510728.00000000 
556126.00000000 
619280.00000000 
521287.00000000 
715521.00000000 
821863.00000000 
759852.00000000 
338504.00000000 
649381.00000000 
643006.00000000 
555988.00000000 
534983.00000000 
763267.00000000 
800280.00000000 
942837.00000000 
1211986.00000000 
548569.00000000 
888879.00000000 
498024.00000000 
1131370.00000000 
540619.00000000 
179120.00000000 
431983.00000000 
191550.00000000 
168788.00000000 
336139.00000000 
108003.00000000 
424468.00000000 
703638.00000000 
982662.00000000 
420796.00000000 
168454.00000000 
151808.00000000 
314571.00000000 
190092.00000000 
1341699.00000000 
108237.00000000 
215571.00000000 
42811.00000000 
14918.00000000 
44959.00000000 
68860.00000000 
90557.00000000 
291845.00000000 
100792.00000000 
160423.00000000 
317296.00000000 
230683.00000000 
70447.00000000 
57719.00000000 
95988.00000000 
29446.00000000 
51668.00000000 
27457.00000000 
67412.00000000 
42138.00000000 
208335.00000000 
47360.00000000 
106600.00000000 
108031.00000000 
464600.00000000 
118822.00000000 
104003.00000000 
178504.00000000 
248471.00000000 
84581.00000000 
108793.00000000 
79117.00000000 
92427.00000000 
191094.00000000 
17985.00000000 
112807.00000000 
129429.00000000 
109312.00000000 
144215.00000000 
130260.00000000 
77578.00000000 
58245.00000000 
55668.00000000 
102943.00000000 
86501.00000000 
113896.00000000 
193038.00000000 
260801.00000000 
55108.00000000 
160745.00000000 
100379.00000000 
135929.00000000 
851764.00000000 
690495.00000000 
606240.00000000 
61144.00000000 
95601.00000000 
102424.00000000 
162548.00000000 
120157.00000000 
58771.00000000 
67402.00000000 
229816.00000000 
95433.00000000 
243388.00000000 
243969.00000000 
139443.00000000 
83985.00000000 
121911.00000000 
256001.00000000 
271515.00000000 
237570.00000000 
336492.00000000 
639765.00000000 
236030.00000000 
82361.00000000 
289437.00000000 
178559.00000000 
42300.00000000 
118033.00000000 
157412.00000000 
114424.00000000 
193048.00000000 
478967.00000000 
709694.00000000 
817577.00000000 
310784.00000000 
142161.00000000 
198750.00000000 
181513.00000000 
49080.00000000 
323475.00000000 
221462.00000000 
172245.00000000 
155108.00000000 
246861.00000000 
376682.00000000 
187293.00000000 
212168.00000000 
180702.00000000 
363082.00000000 
189406.00000000 
154439.00000000 
529062.00000000 
463146.00000000 
101439.00000000 
240967.00000000 
220041.00000000 
147536.00000000 
113701.00000000 
118479.00000000 
182679.00000000 
211100.00000000 
213223.00000000 
192038.00000000 
698317.00000000 
426622.00000000 
564176.00000000 
116037.00000000 
107732.00000000 
257769.00000000 
360301.00000000 
89944.00000000 
489097.00000000 
153375.00000000 
205915.00000000 
197819.00000000 
284018.00000000 
133428.00000000 
106652.00000000 
274269.00000000 
357893.00000000 
234170.00000000 
104976.00000000 
145643.00000000 
94131.00000000 
155992.00000000 
210704.00000000 
372584.00000000 
79697.00000000 
80874.00000000 
128342.00000000 
130209.00000000 
330615.00000000 
33901.00000000 
37386.00000000 
34001.00000000 
58393.00000000 
116976.00000000 
52033.00000000 
41064.00000000 
50164.00000000 
87982.00000000 
81808.00000000 
110678.00000000 
65630.00000000 
343076.00000000 
196736.00000000 
55798.00000000 
261416.00000000 
116498.00000000 
297994.00000000 
65914.00000000 
40580.00000000 
35813.00000000 
223226.00000000 
61631.00000000 
229709.00000000 
80184.00000000 
121696.00000000 
135252.00000000 
199389.00000000 
91026.00000000 
224431.00000000 
65182.00000000 
94880.00000000 
125312.00000000 
193033.00000000 
72134.00000000 
199221.00000000 
71159.00000000 
162667.00000000 
290855.00000000 
85739.00000000 
193860.00000000 
250698.00000000 
519123.00000000 
94393.00000000 
353399.00000000 
184202.00000000 
566488.00000000 
132607.00000000 
268979.00000000 
205616.00000000 
125810.00000000 
107884.00000000 
88547.00000000 
209354.00000000 
484780.00000000 
532746.00000000 
16107.00000000 
59968.00000000 
112288.00000000 
6914.00000000 
47209.00000000 
184309.00000000 
27734.00000000 
50057.00000000 
101238.00000000 
11272.00000000 
126721.00000000 
227923.00000000 
30489.00000000 
146324.00000000 
224789.00000000 
56652.00000000 
56753.00000000 
206460.00000000 
308820.00000000 
57529.00000000 
97783.00000000 
165690.00000000 
240903.00000000 
97081.00000000 
27356.00000000 
40295.00000000 
42497.00000000 
43582.00000000 
170604.00000000 
490334.00000000 
44148.00000000 
64169.00000000 
151691.00000000 
8200.00000000 
57198.00000000 
123942.00000000 
56634.00000000 
67281.00000000 
72890.00000000 
12850.00000000 
61286.00000000 
51634.00000000 
96702.00000000 
28268.00000000 
197439.00000000 
87178.00000000 
390017.00000000 
65065.00000000 
67153.00000000 
396539.00000000 
358302.00000000 
81156.00000000 
184259.00000000 
195663.00000000 
242797.00000000 
102907.00000000 
50435.00000000 
38391.00000000 
18677.00000000 
229922.00000000 
114959.00000000 
321596.00000000 
140471.00000000 
71974.00000000 
289810.00000000 
57421.00000000 
326237.00000000 
349730.00000000 
447852.00000000 
235151.00000000 
264255.00000000 
92404.00000000 
153963.00000000 
156117.00000000 
230134.00000000 
159195.00000000 
420904.00000000 
455513.00000000 
393922.00000000 
197750.00000000 
48070.00000000 
269998.00000000 
229272.00000000 
271536.00000000 
66740.00000000 
247439.00000000 
758703.00000000 
139145.00000000 
35371.00000000 
27749.00000000 
285767.00000000 
362556.00000000 
269646.00000000 
83322.00000000 
283895.00000000 
200104.00000000 
99367.00000000 
357526.00000000 
398665.00000000 
19789.00000000 
159304.00000000 
479612.00000000 
38137.00000000 
239300.00000000 
176692.00000000 
321724.00000000 
102163.00000000 
97746.00000000 
329993.00000000 
274983.00000000 
121312.00000000 
253492.00000000 
235059.00000000 
168460.00000000 
168565.00000000 
364372.00000000 
1297696.00000000 
725217.00000000 
66159.00000000 
38705.00000000 
172886.00000000 
24550.00000000 
14941.00000000 
12606.00000000 
8525.00000000 
124578.00000000 
302156.00000000 
26599.00000000 
84696.00000000 
28537.00000000 
19186.00000000 
257131.00000000 
111768.00000000 
113690.00000000 
62605.00000000 
490518.00000000 
153426.00000000 
262023.00000000 
761617.00000000 
85696.00000000 
106929.00000000 
160539.00000000 
152587.00000000 
48238.00000000 
307929.00000000 
635431.00000000 
68597.00000000 
148879.00000000 
78153.00000000 
41238.00000000 
28495.00000000 
42045.00000000 
106789.00000000 
151011.00000000 
105931.00000000 
46247.00000000 
31556.00000000 
45075.00000000 
100346.00000000 
27766.00000000 
215327.00000000 
65668.00000000 
44032.00000000 
84503.00000000 
52062.00000000 
52036.00000000 
168115.00000000 
38046.00000000 
107428.00000000 
271217.00000000 
32074.00000000 
105111.00000000 
14061.00000000 
22577.00000000 
11886.00000000 
79497.00000000 
128146.00000000 
138965.00000000 
71403.00000000 
235023.00000000 
181887.00000000 
66905.00000000 
108902.00000000 
102745.00000000 
91556.00000000 
9457.00000000 
39357.00000000 
54040.00000000 
6590.00000000 
184133.00000000 
43157.00000000 
15956.00000000 
47466.00000000 
48899.00000000 
195309.00000000 
88744.00000000 
161639.00000000 
50074.00000000 
30429.00000000 
270198.00000000 
191065.00000000 
66451.00000000 
49211.00000000 
168427.00000000 
136357.00000000 
143162.00000000 
318973.00000000 
115933.00000000 
1053555.00000000 
86854.00000000 
115331.00000000 
27677.00000000 
83627.00000000 
26231.00000000 
55267.00000000 
65498.00000000 
207698.00000000 
65910.00000000 
100062.00000000 
72074.00000000 
100954.00000000 
84884.00000000 
92093.00000000 
158324.00000000 
119404.00000000 
170614.00000000 
55699.00000000 
98973.00000000 
216500.00000000 
90912.00000000 
106514.00000000 
745281.00000000 
340476.00000000 
194831.00000000 
303514.00000000 
673662.00000000 
260324.00000000 
558281.00000000 
882419.00000000 
380522.00000000 
318714.00000000 
572568.00000000 
341964.00000000 
446045.00000000 
510728.00000000 
556126.00000000 
619280.00000000 
521287.00000000 
715521.00000000 
821863.00000000 
759852.00000000 
338504.00000000 
649381.00000000 
643006.00000000 
555988.00000000 
534983.00000000 
763267.00000000 
800280.00000000 
942837.00000000 
1211986.00000000 
548569.00000000 
888879.00000000 
498024.00000000 
1131370.00000000 
540619.00000000 
179120.00000000 
431983.00000000 
191550.00000000 
168788.00000000 
336139.00000000 
108003.00000000 
424468.00000000 
703638.00000000 
982662.00000000 
420796.00000000 
168454.00000000 
151808.00000000 
314571.00000000 
190092.00000000 
1341699.00000000 
108237.00000000 
215571.00000000 
42811.00000000 
14918.00000000 
44959.00000000 
68860.00000000 
90557.00000000 
291845.00000000 
100792.00000000 
160423.00000000 
317296.00000000 
230683.00000000 
70447.00000000 
57719.00000000 
95988.00000000 
29446.00000000 
51668.00000000 
27457.00000000 
67412.00000000 
42138.00000000 
208335.00000000 
47360.00000000 
106600.00000000 
108031.00000000 
464600.00000000 
118822.00000000 
104003.00000000 
178504.00000000 
248471.00000000 
84581.00000000 
108793.00000000 
79117.00000000 
92427.00000000 
191094.00000000 
17985.00000000 
112807.00000000 
129429.00000000 
109312.00000000 
144215.00000000 
130260.00000000 
77578.00000000 
58245.00000000 
55668.00000000 
102943.00000000 
86501.00000000 
113896.00000000 
193038.00000000 
260801.00000000 
55108.00000000 
160745.00000000 
100379.00000000 
135929.00000000 
851764.00000000 
690495.00000000 
606240.00000000 
61144.00000000 
95601.00000000 
102424.00000000 
162548.00000000 
120157.00000000 
58771.00000000 
67402.00000000 
229816.00000000 
95433.00000000 
243388.00000000 
243969.00000000 
139443.00000000 
83985.00000000 
121911.00000000 
256001.00000000 
271515.00000000 
237570.00000000 
336492.00000000 
639765.00000000 
236030.00000000 
82361.00000000 
289437.00000000 
178559.00000000 
42300.00000000 
118033.00000000 
157412.00000000 
114424.00000000 
193048.00000000 
478967.00000000 
709694.00000000 
817577.00000000 
310784.00000000 
142161.00000000 
198750.00000000 
181513.00000000 
49080.00000000 
323475.00000000 
221462.00000000 
172245.00000000 
155108.00000000 
246861.00000000 
376682.00000000 
187293.00000000 
212168.00000000 
180702.00000000 
363082.00000000 
189406.00000000 
154439.00000000 
529062.00000000 
463146.00000000 
101439.00000000 
240967.00000000 
220041.00000000 
147536.00000000 
113701.00000000 
118479.00000000 
182679.00000000 
211100.00000000 
213223.00000000 
192038.00000000 
698317.00000000 
426622.00000000 
564176.00000000 
116037.00000000 
107732.00000000 
257769.00000000 
360301.00000000 
89944.00000000 
489097.00000000 
153375.00000000 
205915.00000000 
197819.00000000 
284018.00000000 
133428.00000000 
106652.00000000 
274269.00000000 
357893.00000000 
234170.00000000 
104976.00000000 
145643.00000000 
94131.00000000 
155992.00000000 
210704.00000000 
372584.00000000 
79697.00000000 
80874.00000000 
128342.00000000 
130209.00000000 
330615.00000000 
33901.00000000 
37386.00000000 
34001.00000000 
58393.00000000 
116976.00000000 
52033.00000000 
41064.00000000 
50164.00000000 
87982.00000000 
81808.00000000 
110678.00000000 
65630.00000000 
343076.00000000 
196736.00000000 
55798.00000000 
261416.00000000 
116498.00000000 
297994.00000000 
65914.00000000 
40580.00000000 
35813.00000000 
223226.00000000 
61631.00000000 
229709.00000000 
80184.00000000 
121696.00000000 
135252.00000000 
199389.00000000 
91026.00000000 
224431.00000000 
65182.00000000 
94880.00000000 
125312.00000000 
193033.00000000 
72134.00000000 
199221.00000000 
71159.00000000 
162667.00000000 
290855.00000000 
85739.00000000 
193860.00000000 
250698.00000000 
519123.00000000 
94393.00000000 
353399.00000000 
184202.00000000 
566488.00000000 
132607.00000000 
268979.00000000 
205616.00000000 
125810.00000000 
107884.00000000 
88547.00000000 
209354.00000000 
484780.00000000 
532746.00000000 
16107.00000000 
59968.00000000 
112288.00000000 
6914.00000000 
47209.00000000 
184309.00000000 
27734.00000000 
50057.00000000 
101238.00000000 
11272.00000000 
126721.00000000 
227923.00000000 
30489.00000000 
146324.00000000 
224789.00000000 
56652.00000000 
56753.00000000 
206460.00000000 
308820.00000000 
57529.00000000 
97783.00000000 
165690.00000000 
240903.00000000 
97081.00000000 
27356.00000000 
40295.00000000 
42497.00000000 
43582.00000000 
170604.00000000 
490334.00000000 
44148.00000000 
64169.00000000 
151691.00000000 
8200.00000000 
57198.00000000 
123942.00000000 
56634.00000000 
67281.00000000 
72890.00000000 
12850.00000000 
61286.00000000 
51634.00000000 
96702.00000000 
28268.00000000 
197439.00000000 
87178.00000000 
390017.00000000 
65065.00000000 
67153.00000000 
396539.00000000 
358302.00000000 
81156.00000000 
184259.00000000 
195663.00000000 
242797.00000000 
102907.00000000 
50435.00000000 
38391.00000000 
18677.00000000 
229922.00000000 
114959.00000000 
321596.00000000 
140471.00000000 
71974.00000000 
289810.00000000 
57421.00000000 
326237.00000000 
349730.00000000 
447852.00000000 
235151.00000000 
264255.00000000 
92404.00000000 
153963.00000000 
156117.00000000 
230134.00000000 
159195.00000000 
420904.00000000 
455513.00000000 
393922.00000000 
197750.00000000 
48070.00000000 
269998.00000000 
229272.00000000 
271536.00000000 
66740.00000000 
247439.00000000 
758703.00000000 
139145.00000000 
35371.00000000 
27749.00000000 
285767.00000000 
362556.00000000 
269646.00000000 
83322.00000000 
283895.00000000 
200104.00000000 
99367.00000000 
357526.00000000 
398665.00000000 
19789.00000000 
159304.00000000 
479612.00000000 
38137.00000000 
239300.00000000 
176692.00000000 
321724.00000000 
102163.00000000 
97746.00000000 
329993.00000000 
274983.00000000 
121312.00000000 
253492.00000000 
235059.00000000 
168460.00000000 
168565.00000000 
364372.00000000 
1297696.00000000 
725217.00000000 
66159.00000000 
38705.00000000 
172886.00000000 
24550.00000000 
14941.00000000 
12606.00000000 
8525.00000000 
124578.00000000 
302156.00000000 
26599.00000000 
84696.00000000 
28537.00000000 
19186.00000000 
257131.00000000 
111768.00000000 
113690.00000000 
62605.00000000 
490518.00000000 
153426.00000000 
262023.00000000 
761617.00000000 
85696.00000000 
106929.00000000 
160539.00000000 
152587.00000000 
48238.00000000 
307929.00000000 
635431.00000000 
68597.00000000 
148879.00000000 
78153.00000000 
41238.00000000 
28495.00000000 
42045.00000000 
106789.00000000 
151011.00000000 
105931.00000000 
46247.00000000 
31556.00000000 
45075.00000000 
100346.00000000 
27766.00000000 
215327.00000000 
65668.00000000 
44032.00000000 
84503.00000000 
52062.00000000 
52036.00000000 
168115.00000000 
38046.00000000 
107428.00000000 
271217.00000000 
32074.00000000 
105111.00000000 
14061.00000000 
22577.00000000 
11886.00000000 
79497.00000000 
128146.00000000 
138965.00000000 
71403.00000000 
235023.00000000 
181887.00000000 
66905.00000000 
108902.00000000 
102745.00000000 
91556.00000000 
9457.00000000 
39357.00000000 
54040.00000000 
6590.00000000 
184133.00000000 
43157.00000000 
15956.00000000 
47466.00000000 
48899.00000000 
195309.00000000 
88744.00000000 
161639.00000000 
50074.00000000 
30429.00000000 
270198.00000000 
191065.00000000 
66451.00000000 
49211.00000000 
168427.00000000 
136357.00000000 
143162.00000000 
318973.00000000 
115933.00000000 
1053555.00000000 
86854.00000000 
115331.00000000 
27677.00000000 
83627.00000000 
26231.00000000 
55267.00000000 
65498.00000000 
207698.00000000 
65910.00000000 
100062.00000000 
72074.00000000 
100954.00000000 
84884.00000000 
92093.00000000 
158324.00000000 
119404.00000000 
170614.00000000 
55699.00000000 
98973.00000000 
216500.00000000 
90912.00000000 
106514.00000000 
745281.00000000 
340476.00000000 
194831.00000000 
303514.00000000 
673662.00000000 
260324.00000000 
558281.00000000 
882419.00000000 
380522.00000000 
318714.00000000 
572568.00000000 
341964.00000000 
446045.00000000 
510728.00000000 
556126.00000000 
619280.00000000 
521287.00000000 
715521.00000000 
821863.00000000 
759852.00000000 
338504.00000000 
649381.00000000 
643006.00000000 
555988.00000000 
534983.00000000 
763267.00000000 
800280.00000000 
942837.00000000 
1211986.00000000 
548569.00000000 
888879.00000000 
498024.00000000 
1131370.00000000 
540619.00000000 
179120.00000000 
431983.00000000 
191550.00000000 
168788.00000000 
336139.00000000 
108003.00000000 
424468.00000000 
703638.00000000 
982662.00000000 
420796.00000000 
168454.00000000 
151808.00000000 
314571.00000000 
190092.00000000 
1341699.00000000 
108237.00000000 
215571.00000000 
42811.00000000 
14918.00000000 
44959.00000000 
68860.00000000 
90557.00000000 
291845.00000000 
100792.00000000 
160423.00000000 
317296.00000000 
230683.00000000 
70447.00000000 
57719.00000000 
95988.00000000 
29446.00000000 
51668.00000000 
27457.00000000 
67412.00000000 
42138.00000000 
208335.00000000 
47360.00000000 
106600.00000000 
108031.00000000 
464600.00000000 
118822.00000000 
104003.00000000 
178504.00000000 
248471.00000000 
84581.00000000 
108793.00000000 
79117.00000000 
92427.00000000 
191094.00000000 
17985.00000000 
112807.00000000 
129429.00000000 
109312.00000000 
144215.00000000 
130260.00000000 
77578.00000000 
58245.00000000 
55668.00000000 
102943.00000000 
86501.00000000 
113896.00000000 
193038.00000000 
260801.00000000 
55108.00000000 
160745.00000000 
100379.00000000 
135929.00000000 
851764.00000000 
690495.00000000 
606240.00000000 
61144.00000000 
95601.00000000 
102424.00000000 
162548.00000000 
120157.00000000 
58771.00000000 
67402.00000000 
229816.00000000 
95433.00000000 
243388.00000000 
243969.00000000 
139443.00000000 
83985.00000000 
121911.00000000 
256001.00000000 
271515.00000000 
237570.00000000 
336492.00000000 
639765.00000000 
236030.00000000 
82361.00000000 
289437.00000000 
178559.00000000 
42300.00000000 
118033.00000000 
157412.00000000 
114424.00000000 
193048.00000000 
478967.00000000 
709694.00000000 
817577.00000000 
310784.00000000 
142161.00000000 
198750.00000000 
181513.00000000 
49080.00000000 
323475.00000000 
221462.00000000 
172245.00000000 
155108.00000000 
246861.00000000 
376682.00000000 
187293.00000000 
212168.00000000 
180702.00000000 
363082.00000000 
189406.00000000 
154439.00000000 
529062.00000000 
463146.00000000 
101439.00000000 
240967.00000000 
220041.00000000 
147536.00000000 
113701.00000000 
118479.00000000 
182679.00000000 
211100.00000000 
213223.00000000 
192038.00000000 
698317.00000000 
426622.00000000 
564176.00000000 
116037.00000000 
107732.00000000 
257769.00000000 
360301.00000000 
89944.00000000 
489097.00000000 
153375.00000000 
205915.00000000 
197819.00000000 
284018.00000000 
133428.00000000 
106652.00000000 
274269.00000000 
357893.00000000 
234170.00000000 
104976.00000000 
145643.00000000 
94131.00000000 
155992.00000000 
210704.00000000 
372584.00000000 
79697.00000000 
80874.00000000 
128342.00000000 
130209.00000000 
330615.00000000 
33901.00000000 
37386.00000000 
34001.00000000 
58393.00000000 
116976.00000000 
52033.00000000 
41064.00000000 
50164.00000000 
87982.00000000 
81808.00000000 
110678.00000000 
65630.00000000 
343076.00000000 
196736.00000000 
55798.00000000 
261416.00000000 
116498.00000000 
297994.00000000 
65914.00000000 
40580.00000000 
35813.00000000 
223226.00000000 
61631.00000000 
229709.00000000 
80184.00000000 
121696.00000000 
135252.00000000 
199389.00000000 
91026.00000000 
224431.00000000 
65182.00000000 
94880.00000000 
125312.00000000 
193033.00000000 
72134.00000000 
199221.00000000 
71159.00000000 
162667.00000000 
290855.00000000 
85739.00000000 
193860.00000000 
250698.00000000 
519123.00000000 
94393.00000000 
353399.00000000 
184202.00000000 
566488.00000000 
132607.00000000 
268979.00000000 
205616.00000000 
125810.00000000 
107884.00000000 
88547.00000000 
209354.00000000 
484780.00000000 
532746.00000000 
16107.00000000 
59968.00000000 
112288.00000000 
6914.00000000 
47209.00000000 
184309.00000000 
27734.00000000 
50057.00000000 
101238.00000000 
11272.00000000 
126721.00000000 
227923.00000000 
30489.00000000 
146324.00000000 
224789.00000000 
56652.00000000 
56753.00000000 
206460.00000000 
308820.00000000 
57529.00000000 
97783.00000000 
165690.00000000 
240903.00000000 
97081.00000000 
27356.00000000 
40295.00000000 
42497.00000000 
43582.00000000 
170604.00000000 
490334.00000000 
44148.00000000 
64169.00000000 
151691.00000000 
8200.00000000 
57198.00000000 
123942.00000000 
56634.00000000 
67281.00000000 
72890.00000000 
12850.00000000 
61286.00000000 
51634.00000000 
96702.00000000 
28268.00000000 
197439.00000000 
87178.00000000 
390017.00000000 
65065.00000000 
67153.00000000 
396539.00000000 
358302.00000000 
81156.00000000 
184259.00000000 
195663.00000000 
242797.00000000 
102907.00000000 
50435.00000000 
38391.00000000 
18677.00000000 
229922.00000000 
114959.00000000 
321596.00000000 
140471.00000000 
71974.00000000 
289810.00000000 
57421.00000000 
326237.00000000 
349730.00000000 
447852.00000000 
235151.00000000 
264255.00000000 
92404.00000000 
153963.00000000 
156117.00000000 
230134.00000000 
159195.00000000 
420904.00000000 
455513.00000000 
393922.00000000 
197750.00000000 
48070.00000000 
269998.00000000 
229272.00000000 
271536.00000000 
66740.00000000 
247439.00000000 
758703.00000000 
139145.00000000 
35371.00000000 
27749.00000000 
285767.00000000 
362556.00000000 
269646.00000000 
83322.00000000 
283895.00000000 
200104.00000000 
99367.00000000 
357526.00000000 
398665.00000000 
19789.00000000 
159304.00000000 
479612.00000000 
38137.00000000 
239300.00000000 
176692.00000000 
321724.00000000 
102163.00000000 
97746.00000000 
329993.00000000 
274983.00000000 
121312.00000000 
253492.00000000 
235059.00000000 
168460.00000000 
168565.00000000 
364372.00000000 
1297696.00000000 
725217.00000000 
66159.00000000 
38705.00000000 
172886.00000000 
24550.00000000 
14941.00000000 
12606.00000000 
8525.00000000 
124578.00000000 
302156.00000000 
26599.00000000 
84696.00000000 
28537.00000000 
19186.00000000 
257131.00000000 
111768.00000000 
113690.00000000 
62605.00000000 
490518.00000000 
153426.00000000 
262023.00000000 
761617.00000000 
85696.00000000 
106929.00000000 
160539.00000000 
152587.00000000 
48238.00000000 
307929.00000000 
635431.00000000 
68597.00000000 
148879.00000000 
78153.00000000 
41238.00000000 
28495.00000000 
42045.00000000 
106789.00000000 
151011.00000000 
105931.00000000 
46247.00000000 
31556.00000000 
45075.00000000 
100346.00000000 
27766.00000000 
215327.00000000 
65668.00000000 
44032.00000000 
84503.00000000 
52062.00000000 
52036.00000000 
168115.00000000 
38046.00000000 
107428.00000000 
271217.00000000 
32074.00000000 
105111.00000000 
14061.00000000 
22577.00000000 
11886.00000000 
79497.00000000 
128146.00000000 
138965.00000000 
71403.00000000 
235023.00000000 
181887.00000000 
66905.00000000 
108902.00000000 
102745.00000000 
91556.00000000 
9457.00000000 
39357.00000000 
54040.00000000 
6590.00000000 
184133.00000000 
43157.00000000 
15956.00000000 
47466.00000000 
48899.00000000 
195309.00000000 
88744.00000000 
161639.00000000 
50074.00000000 
30429.00000000 
270198.00000000 
191065.00000000 
66451.00000000 
49211.00000000 
168427.00000000 
136357.00000000 
143162.00000000 
318973.00000000 
115933.00000000 
1053555.00000000 
86854.00000000 
115331.00000000 
27677.00000000 
83627.00000000 
26231.00000000 
55267.00000000 
65498.00000000 
207698.00000000 
65910.00000000 
100062.00000000 
72074.00000000 
100954.00000000 
84884.00000000 
92093.00000000 
158324.00000000 
119404.00000000 
170614.00000000 
55699.00000000 
98973.00000000 
