0.00007217 
0.00007199 
0.00007147 
0.00007215 
0.00007166 
0.00007235 
0.00007191 
0.00007156 
0.00007109 
0.00007121 
0.00007193 
0.00007232 
0.00007245 
0.00007275 
0.00007370 
0.00007315 
0.00007321 
0.00007283 
0.00007312 
0.00007342 
0.00007306 
0.00007276 
0.00007279 
0.00007280 
0.00007273 
0.00007191 
0.00007173 
0.00007300 
0.00007250 
0.00007215 
0.00007195 
0.00007131 
0.00007191 
0.00007100 
0.00007124 
0.00007093 
0.00007067 
0.00007133 
0.00007134 
0.00007100 
0.00007056 
0.00007035 
0.00007038 
0.00007030 
0.00007029 
0.00007023 
0.00007015 
0.00006997 
0.00006974 
0.00006929 
0.00006900 
0.00006897 
0.00006903 
0.00006882 
0.00006861 
0.00006859 
0.00006894 
0.00006836 
0.00006854 
0.00006830 
0.00006862 
0.00006805 
0.00006833 
0.00006818 
0.00006820 
0.00006829 
0.00006804 
0.00006829 
0.00006792 
0.00006820 
0.00006830 
0.00006830 
0.00006801 
0.00006830 
0.00006800 
0.00006820 
0.00006780 
0.00006758 
0.00006758 
0.00006741 
0.00006747 
0.00006780 
0.00006753 
0.00006747 
0.00006746 
0.00006737 
0.00006745 
0.00006745 
0.00006746 
0.00006749 
0.00006741 
0.00006765 
0.00006767 
0.00006781 
0.00006747 
0.00006779 
0.00006755 
0.00006745 
0.00006747 
0.00006794 
0.00006797 
0.00006790 
0.00006804 
0.00006840 
0.00006805 
0.00006778 
0.00006829 
0.00006841 
0.00006829 
0.00006859 
0.00006832 
0.00006862 
0.00006826 
0.00006848 
0.00006826 
0.00006843 
0.00006791 
0.00006837 
0.00006840 
0.00006925 
0.00006892 
0.00006895 
0.00006883 
0.00006906 
0.00006889 
0.00006889 
0.00006870 
0.00006807 
0.00006733 
0.00006722 
0.00006723 
0.00006750 
0.00006760 
0.00006734 
0.00006734 
0.00006701 
0.00006701 
0.00006671 
0.00006658 
0.00006675 
0.00006694 
0.00006638 
0.00006623 
0.00006631 
0.00006701 
0.00006717 
0.00006711 
0.00006708 
0.00006701 
0.00006699 
0.00006674 
0.00006702 
0.00006673 
0.00006686 
0.00006675 
0.00006674 
0.00006660 
0.00006671 
0.00006658 
0.00006665 
0.00006672 
0.00006629 
0.00006567 
0.00006651 
0.00006656 
0.00006649 
0.00006712 
0.00006694 
0.00006688 
0.00006681 
0.00006670 
0.00006518 
0.00006507 
0.00006519 
0.00006627 
0.00006553 
0.00006500 
0.00006475 
0.00006475 
0.00006453 
0.00006453 
0.00006453 
0.00006430 
0.00006430 
0.00006440 
0.00006402 
0.00006405 
0.00006420 
0.00006419 
0.00006420 
0.00006419 
0.00006419 
0.00006410 
0.00006388 
0.00006387 
0.00006357 
0.00006362 
0.00006356 
0.00006357 
0.00006357 
0.00006337 
0.00006334 
0.00006307 
0.00006355 
0.00006351 
0.00006353 
0.00006350 
0.00006350 
0.00006350 
0.00006304 
0.00006318 
0.00006335 
0.00006362 
0.00006369 
0.00006336 
0.00006350 
0.00006366 
0.00006383 
0.00006375 
0.00006387 
0.00006414 
0.00006400 
0.00006402 
0.00006400 
0.00006401 
0.00006405 
0.00006452 
0.00006431 
0.00006385 
0.00006418 
0.00006499 
0.00006471 
0.00006450 
0.00006488 
0.00006419 
0.00006491 
0.00006462 
0.00006480 
0.00006411 
0.00006441 
0.00006487 
0.00006462 
0.00006386 
0.00006369 
0.00006388 
0.00006395 
0.00006409 
0.00006400 
0.00006367 
0.00006299 
0.00006311 
0.00006218 
0.00006247 
0.00006240 
0.00006216 
0.00006215 
0.00006216 
0.00006231 
0.00006214 
0.00006211 
0.00006218 
0.00006245 
0.00006211 
0.00006206 
0.00006219 
0.00006241 
0.00006206 
0.00006220 
0.00006218 
0.00006217 
0.00006230 
0.00006234 
0.00006245 
0.00006246 
0.00006264 
0.00006257 
0.00006283 
0.00006286 
0.00006235 
0.00006291 
0.00006261 
0.00006305 
0.00006261 
0.00006253 
0.00006267 
0.00006280 
0.00006275 
0.00006287 
0.00006301 
0.00006308 
0.00006258 
0.00006205 
0.00006178 
0.00006229 
0.00006194 
0.00006179 
0.00006232 
0.00006213 
0.00006213 
0.00006230 
0.00006245 
0.00006249 
0.00006249 
0.00006246 
0.00006247 
0.00006248 
0.00006263 
0.00006242 
0.00006271 
0.00006291 
0.00006312 
0.00006313 
0.00006313 
0.00006374 
0.00006363 
0.00006343 
0.00006344 
0.00006300 
0.00006310 
0.00006309 
0.00006269 
0.00006269 
0.00006261 
0.00006269 
0.00006278 
0.00006290 
0.00006291 
0.00006347 
0.00006256 
0.00006224 
0.00006260 
0.00006257 
0.00006349 
0.00006380 
0.00006334 
0.00006355 
0.00006400 
0.00006401 
0.00006411 
0.00006409 
0.00006475 
0.00006405 
0.00006380 
0.00006381 
0.00006396 
0.00006400 
0.00006400 
0.00006405 
0.00006409 
0.00006409 
0.00006415 
0.00006447 
0.00006459 
0.00006434 
0.00006385 
0.00006363 
0.00006426 
0.00006345 
0.00006395 
0.00006399 
0.00006402 
0.00006432 
0.00006410 
0.00006477 
0.00006566 
0.00006510 
0.00006515 
0.00006530 
0.00006561 
0.00006556 
0.00006568 
0.00006607 
0.00006628 
0.00006648 
0.00006633 
0.00006634 
0.00006628 
0.00006599 
0.00006582 
0.00006587 
0.00006627 
0.00006622 
0.00006601 
0.00006622 
0.00006700 
0.00006680 
0.00006682 
0.00006728 
0.00006764 
0.00006759 
0.00006762 
0.00006779 
0.00006775 
0.00006804 
0.00006853 
0.00006920 
0.00006931 
0.00006879 
0.00006792 
0.00006806 
0.00006796 
0.00006833 
0.00006800 
0.00006891 
0.00006929 
0.00006894 
0.00006892 
0.00006910 
0.00006903 
0.00006910 
0.00006959 
0.00006945 
0.00006953 
0.00007024 
0.00007065 
0.00007024 
0.00007013 
0.00007022 
0.00007004 
0.00007024 
0.00006908 
0.00006881 
0.00006878 
0.00006934 
0.00006968 
0.00006974 
0.00006938 
0.00006937 
0.00007073 
0.00007040 
0.00007005 
0.00006996 
0.00006950 
0.00006986 
0.00006988 
0.00006973 
0.00006937 
0.00006947 
0.00006960 
0.00006956 
0.00006960 
0.00006959 
0.00006959 
0.00006961 
0.00006965 
0.00006999 
0.00006999 
0.00007011 
0.00007047 
0.00007040 
0.00007030 
0.00007008 
0.00007052 
0.00007052 
0.00007075 
0.00007090 
0.00007106 
0.00007106 
0.00007108 
0.00007121 
0.00007098 
0.00007101 
0.00007103 
0.00007077 
0.00007073 
0.00007101 
0.00007109 
0.00007083 
0.00007105 
0.00007083 
0.00007095 
0.00007086 
0.00007034 
0.00006929 
0.00006920 
0.00006911 
0.00006912 
0.00006919 
0.00006920 
0.00006880 
0.00007217 
0.00007199 
0.00007147 
0.00007215 
0.00007166 
0.00007235 
0.00007191 
0.00007156 
0.00007109 
0.00007121 
0.00007193 
0.00007232 
0.00007245 
0.00007275 
0.00007370 
0.00007315 
0.00007321 
0.00007283 
0.00007312 
0.00007342 
0.00007306 
0.00007276 
0.00007279 
0.00007280 
0.00007273 
0.00007191 
0.00007173 
0.00007300 
0.00007250 
0.00007215 
0.00007195 
0.00007131 
0.00007191 
0.00007100 
0.00007124 
0.00007093 
0.00007067 
0.00007133 
0.00007134 
0.00007100 
0.00007056 
0.00007035 
0.00007038 
0.00007030 
0.00007029 
0.00007023 
0.00007015 
0.00006997 
0.00006974 
0.00006929 
0.00006900 
0.00006897 
0.00006903 
0.00006882 
0.00006861 
0.00006859 
0.00006894 
0.00006836 
0.00006854 
0.00006830 
0.00006862 
0.00006805 
0.00006833 
0.00006818 
0.00006820 
0.00006829 
0.00006804 
0.00006829 
0.00006792 
0.00006820 
0.00006830 
0.00006830 
0.00006801 
0.00006830 
0.00006800 
0.00006820 
0.00006780 
0.00006758 
0.00006758 
0.00006741 
0.00006747 
0.00006780 
0.00006753 
0.00006747 
0.00006746 
0.00006737 
0.00006745 
0.00006745 
0.00006746 
0.00006749 
0.00006741 
0.00006765 
0.00006767 
0.00006781 
0.00006747 
0.00006779 
0.00006755 
0.00006745 
0.00006747 
0.00006794 
0.00006797 
0.00006790 
0.00006804 
0.00006840 
0.00006805 
0.00006778 
0.00006829 
0.00006841 
0.00006829 
0.00006859 
0.00006832 
0.00006862 
0.00006826 
0.00006848 
0.00006826 
0.00006843 
0.00006791 
0.00006837 
0.00006840 
0.00006925 
0.00006892 
0.00006895 
0.00006883 
0.00006906 
0.00006889 
0.00006889 
0.00006870 
0.00006807 
0.00006733 
0.00006722 
0.00006723 
0.00006750 
0.00006760 
0.00006734 
0.00006734 
0.00006701 
0.00006701 
0.00006671 
0.00006658 
0.00006675 
0.00006694 
0.00006638 
0.00006623 
0.00006631 
0.00006701 
0.00006717 
0.00006711 
0.00006708 
0.00006701 
0.00006699 
0.00006674 
0.00006702 
0.00006673 
0.00006686 
0.00006675 
0.00006674 
0.00006660 
0.00006671 
0.00006658 
0.00006665 
0.00006672 
0.00006629 
0.00006567 
0.00006651 
0.00006656 
0.00006649 
0.00006712 
0.00006694 
0.00006688 
0.00006681 
0.00006670 
0.00006518 
0.00006507 
0.00006519 
0.00006627 
0.00006553 
0.00006500 
0.00006475 
0.00006475 
0.00006453 
0.00006453 
0.00006453 
0.00006430 
0.00006430 
0.00006440 
0.00006402 
0.00006405 
0.00006420 
0.00006419 
0.00006420 
0.00006419 
0.00006419 
0.00006410 
0.00006388 
0.00006387 
0.00006357 
0.00006362 
0.00006356 
0.00006357 
0.00006357 
0.00006337 
0.00006334 
0.00006307 
0.00006355 
0.00006351 
0.00006353 
0.00006350 
0.00006350 
0.00006350 
0.00006304 
0.00006318 
0.00006335 
0.00006362 
0.00006369 
0.00006336 
0.00006350 
0.00006366 
0.00006383 
0.00006375 
0.00006387 
0.00006414 
0.00006400 
0.00006402 
0.00006400 
0.00006401 
0.00006405 
0.00006452 
0.00006431 
0.00006385 
0.00006418 
0.00006499 
0.00006471 
0.00006450 
0.00006488 
0.00006419 
0.00006491 
0.00006462 
0.00006480 
0.00006411 
0.00006441 
0.00006487 
0.00006462 
0.00006386 
0.00006369 
0.00006388 
0.00006395 
0.00006409 
0.00006400 
0.00006367 
0.00006299 
0.00006311 
0.00006218 
0.00006247 
0.00006240 
0.00006216 
0.00006215 
0.00006216 
0.00006231 
0.00006214 
0.00006211 
0.00006218 
0.00006245 
0.00006211 
0.00006206 
0.00006219 
0.00006241 
0.00006206 
0.00006220 
0.00006218 
0.00006217 
0.00006230 
0.00006234 
0.00006245 
0.00006246 
0.00006264 
0.00006257 
0.00006283 
0.00006286 
0.00006235 
0.00006291 
0.00006261 
0.00006305 
0.00006261 
0.00006253 
0.00006267 
0.00006280 
0.00006275 
0.00006287 
0.00006301 
0.00006308 
0.00006258 
0.00006205 
0.00006178 
0.00006229 
0.00006194 
0.00006179 
0.00006232 
0.00006213 
0.00006213 
0.00006230 
0.00006245 
0.00006249 
0.00006249 
0.00006246 
0.00006247 
0.00006248 
0.00006263 
0.00006242 
0.00006271 
0.00006291 
0.00006312 
0.00006313 
0.00006313 
0.00006374 
0.00006363 
0.00006343 
0.00006344 
0.00006300 
0.00006310 
0.00006309 
0.00006269 
0.00006269 
0.00006261 
0.00006269 
0.00006278 
0.00006290 
0.00006291 
0.00006347 
0.00006256 
0.00006224 
0.00006260 
0.00006257 
0.00006349 
0.00006380 
0.00006334 
0.00006355 
0.00006400 
0.00006401 
0.00006411 
0.00006409 
0.00006475 
0.00006405 
0.00006380 
0.00006381 
0.00006396 
0.00006400 
0.00006400 
0.00006405 
0.00006409 
0.00006409 
0.00006415 
0.00006447 
0.00006459 
0.00006434 
0.00006385 
0.00006363 
0.00006426 
0.00006345 
0.00006395 
0.00006399 
0.00006402 
0.00006432 
0.00006410 
0.00006477 
0.00006566 
0.00006510 
0.00006515 
0.00006530 
0.00006561 
0.00006556 
0.00006568 
0.00006607 
0.00006628 
0.00006648 
0.00006633 
0.00006634 
0.00006628 
0.00006599 
0.00006582 
0.00006587 
0.00006627 
0.00006622 
0.00006601 
0.00006622 
0.00006700 
0.00006680 
0.00006682 
0.00006728 
0.00006764 
0.00006759 
0.00006762 
0.00006779 
0.00006775 
0.00006804 
0.00006853 
0.00006920 
0.00006931 
0.00006879 
0.00006792 
0.00006806 
0.00006796 
0.00006833 
0.00006800 
0.00006891 
0.00006929 
0.00006894 
0.00006892 
0.00006910 
0.00006903 
0.00006910 
0.00006959 
0.00006945 
0.00006953 
0.00007024 
0.00007065 
0.00007024 
0.00007013 
0.00007022 
0.00007004 
0.00007024 
0.00006908 
0.00006881 
0.00006878 
0.00006934 
0.00006968 
0.00006974 
0.00006938 
0.00006937 
0.00007073 
0.00007040 
0.00007005 
0.00006996 
0.00006950 
0.00006986 
0.00006988 
0.00006973 
0.00006937 
0.00006947 
0.00006960 
0.00006956 
0.00006960 
0.00006959 
0.00006959 
0.00006961 
0.00006965 
0.00006999 
0.00006999 
0.00007011 
0.00007047 
0.00007040 
0.00007030 
0.00007008 
0.00007052 
0.00007052 
0.00007075 
0.00007090 
0.00007106 
0.00007106 
0.00007108 
0.00007121 
0.00007098 
0.00007101 
0.00007103 
0.00007077 
0.00007073 
0.00007101 
0.00007109 
0.00007083 
0.00007105 
0.00007083 
0.00007095 
0.00007086 
0.00007034 
0.00006929 
0.00006920 
0.00006911 
0.00006912 
0.00006919 
0.00006920 
0.00006880 
0.00007217 
0.00007199 
0.00007147 
0.00007215 
0.00007166 
0.00007235 
0.00007191 
0.00007156 
0.00007109 
0.00007121 
0.00007193 
0.00007232 
0.00007245 
0.00007275 
0.00007370 
0.00007315 
0.00007321 
0.00007283 
0.00007312 
0.00007342 
0.00007306 
0.00007276 
0.00007279 
0.00007280 
0.00007273 
0.00007191 
0.00007173 
0.00007300 
0.00007250 
0.00007215 
0.00007195 
0.00007131 
0.00007191 
0.00007100 
0.00007124 
0.00007093 
0.00007067 
0.00007133 
0.00007134 
0.00007100 
0.00007056 
0.00007035 
0.00007038 
0.00007030 
0.00007029 
0.00007023 
0.00007015 
0.00006997 
0.00006974 
0.00006929 
0.00006900 
0.00006897 
0.00006903 
0.00006882 
0.00006861 
0.00006859 
0.00006894 
0.00006836 
0.00006854 
0.00006830 
0.00006862 
0.00006805 
0.00006833 
0.00006818 
0.00006820 
0.00006829 
0.00006804 
0.00006829 
0.00006792 
0.00006820 
0.00006830 
0.00006830 
0.00006801 
0.00006830 
0.00006800 
0.00006820 
0.00006780 
0.00006758 
0.00006758 
0.00006741 
0.00006747 
0.00006780 
0.00006753 
0.00006747 
0.00006746 
0.00006737 
0.00006745 
0.00006745 
0.00006746 
0.00006749 
0.00006741 
0.00006765 
0.00006767 
0.00006781 
0.00006747 
0.00006779 
0.00006755 
0.00006745 
0.00006747 
0.00006794 
0.00006797 
0.00006790 
0.00006804 
0.00006840 
0.00006805 
0.00006778 
0.00006829 
0.00006841 
0.00006829 
0.00006859 
0.00006832 
0.00006862 
0.00006826 
0.00006848 
0.00006826 
0.00006843 
0.00006791 
0.00006837 
0.00006840 
0.00006925 
0.00006892 
0.00006895 
0.00006883 
0.00006906 
0.00006889 
0.00006889 
0.00006870 
0.00006807 
0.00006733 
0.00006722 
0.00006723 
0.00006750 
0.00006760 
0.00006734 
0.00006734 
0.00006701 
0.00006701 
0.00006671 
0.00006658 
0.00006675 
0.00006694 
0.00006638 
0.00006623 
0.00006631 
0.00006701 
0.00006717 
0.00006711 
0.00006708 
0.00006701 
0.00006699 
0.00006674 
0.00006702 
0.00006673 
0.00006686 
0.00006675 
0.00006674 
0.00006660 
0.00006671 
0.00006658 
0.00006665 
0.00006672 
0.00006629 
0.00006567 
0.00006651 
0.00006656 
0.00006649 
0.00006712 
0.00006694 
0.00006688 
0.00006681 
0.00006670 
0.00006518 
0.00006507 
0.00006519 
0.00006627 
0.00006553 
0.00006500 
0.00006475 
0.00006475 
0.00006453 
0.00006453 
0.00006453 
0.00006430 
0.00006430 
0.00006440 
0.00006402 
0.00006405 
0.00006420 
0.00006419 
0.00006420 
0.00006419 
0.00006419 
0.00006410 
0.00006388 
0.00006387 
0.00006357 
0.00006362 
0.00006356 
0.00006357 
0.00006357 
0.00006337 
0.00006334 
0.00006307 
0.00006355 
0.00006351 
0.00006353 
0.00006350 
0.00006350 
0.00006350 
0.00006304 
0.00006318 
0.00006335 
0.00006362 
0.00006369 
0.00006336 
0.00006350 
0.00006366 
0.00006383 
0.00006375 
0.00006387 
0.00006414 
0.00006400 
0.00006402 
0.00006400 
0.00006401 
0.00006405 
0.00006452 
0.00006431 
0.00006385 
0.00006418 
0.00006499 
0.00006471 
0.00006450 
0.00006488 
0.00006419 
0.00006491 
0.00006462 
0.00006480 
0.00006411 
0.00006441 
0.00006487 
0.00006462 
0.00006386 
0.00006369 
0.00006388 
0.00006395 
0.00006409 
0.00006400 
0.00006367 
0.00006299 
0.00006311 
0.00006218 
0.00006247 
0.00006240 
0.00006216 
0.00006215 
0.00006216 
0.00006231 
0.00006214 
0.00006211 
0.00006218 
0.00006245 
0.00006211 
0.00006206 
0.00006219 
0.00006241 
0.00006206 
0.00006220 
0.00006218 
0.00006217 
0.00006230 
0.00006234 
0.00006245 
0.00006246 
0.00006264 
0.00006257 
0.00006283 
0.00006286 
0.00006235 
0.00006291 
0.00006261 
0.00006305 
0.00006261 
0.00006253 
0.00006267 
0.00006280 
0.00006275 
0.00006287 
0.00006301 
0.00006308 
0.00006258 
0.00006205 
0.00006178 
0.00006229 
0.00006194 
0.00006179 
0.00006232 
0.00006213 
0.00006213 
0.00006230 
0.00006245 
0.00006249 
0.00006249 
0.00006246 
0.00006247 
0.00006248 
0.00006263 
0.00006242 
0.00006271 
0.00006291 
0.00006312 
0.00006313 
0.00006313 
0.00006374 
0.00006363 
0.00006343 
0.00006344 
0.00006300 
0.00006310 
0.00006309 
0.00006269 
0.00006269 
0.00006261 
0.00006269 
0.00006278 
0.00006290 
0.00006291 
0.00006347 
0.00006256 
0.00006224 
0.00006260 
0.00006257 
0.00006349 
0.00006380 
0.00006334 
0.00006355 
0.00006400 
0.00006401 
0.00006411 
0.00006409 
0.00006475 
0.00006405 
0.00006380 
0.00006381 
0.00006396 
0.00006400 
0.00006400 
0.00006405 
0.00006409 
0.00006409 
0.00006415 
0.00006447 
0.00006459 
0.00006434 
0.00006385 
0.00006363 
0.00006426 
0.00006345 
0.00006395 
0.00006399 
0.00006402 
0.00006432 
0.00006410 
0.00006477 
0.00006566 
0.00006510 
0.00006515 
0.00006530 
0.00006561 
0.00006556 
0.00006568 
0.00006607 
0.00006628 
0.00006648 
0.00006633 
0.00006634 
0.00006628 
0.00006599 
0.00006582 
0.00006587 
0.00006627 
0.00006622 
0.00006601 
0.00006622 
0.00006700 
0.00006680 
0.00006682 
0.00006728 
0.00006764 
0.00006759 
0.00006762 
0.00006779 
0.00006775 
0.00006804 
0.00006853 
0.00006920 
0.00006931 
0.00006879 
0.00006792 
0.00006806 
0.00006796 
0.00006833 
0.00006800 
0.00006891 
0.00006929 
0.00006894 
0.00006892 
0.00006910 
0.00006903 
0.00006910 
0.00006959 
0.00006945 
0.00006953 
0.00007024 
0.00007065 
0.00007024 
0.00007013 
0.00007022 
0.00007004 
0.00007024 
0.00006908 
0.00006881 
0.00006878 
0.00006934 
0.00006968 
0.00006974 
0.00006938 
0.00006937 
0.00007073 
0.00007040 
0.00007005 
0.00006996 
0.00006950 
0.00006986 
0.00006988 
0.00006973 
0.00006937 
0.00006947 
0.00006960 
0.00006956 
0.00006960 
0.00006959 
0.00006959 
0.00006961 
0.00006965 
0.00006999 
0.00006999 
0.00007011 
0.00007047 
0.00007040 
0.00007030 
0.00007008 
0.00007052 
0.00007052 
0.00007075 
0.00007090 
0.00007106 
0.00007106 
0.00007108 
0.00007121 
0.00007098 
0.00007101 
0.00007103 
0.00007077 
0.00007073 
0.00007101 
0.00007109 
0.00007083 
0.00007105 
0.00007083 
0.00007095 
0.00007086 
0.00007034 
0.00006929 
0.00006920 
0.00006911 
0.00006912 
0.00006919 
0.00006920 
0.00006880 
