0.00007185 
0.00007217 
0.00007200 
0.00007153 
0.00007239 
0.00007208 
0.00007235 
0.00007188 
0.00007156 
0.00007109 
0.00007165 
0.00007238 
0.00007215 
0.00007246 
0.00007290 
0.00007381 
0.00007317 
0.00007270 
0.00007281 
0.00007312 
0.00007302 
0.00007306 
0.00007303 
0.00007277 
0.00007280 
0.00007277 
0.00007199 
0.00007173 
0.00007300 
0.00007235 
0.00007215 
0.00007197 
0.00007112 
0.00007191 
0.00007100 
0.00007097 
0.00007071 
0.00007067 
0.00007120 
0.00007100 
0.00007100 
0.00007008 
0.00007028 
0.00007008 
0.00007009 
0.00007029 
0.00007023 
0.00006994 
0.00007036 
0.00006981 
0.00006911 
0.00006900 
0.00006920 
0.00006903 
0.00006882 
0.00006861 
0.00006856 
0.00006840 
0.00006899 
0.00006854 
0.00006880 
0.00006850 
0.00006815 
0.00006808 
0.00006819 
0.00006819 
0.00006806 
0.00006804 
0.00006829 
0.00006792 
0.00006788 
0.00006784 
0.00006801 
0.00006801 
0.00006818 
0.00006800 
0.00006820 
0.00006759 
0.00006758 
0.00006744 
0.00006741 
0.00006780 
0.00006780 
0.00006793 
0.00006747 
0.00006746 
0.00006737 
0.00006745 
0.00006745 
0.00006746 
0.00006749 
0.00006749 
0.00006765 
0.00006776 
0.00006751 
0.00006747 
0.00006755 
0.00006753 
0.00006744 
0.00006737 
0.00006794 
0.00006787 
0.00006779 
0.00006835 
0.00006833 
0.00006794 
0.00006810 
0.00006802 
0.00006859 
0.00006829 
0.00006859 
0.00006832 
0.00006861 
0.00006846 
0.00006881 
0.00006825 
0.00006871 
0.00006790 
0.00006837 
0.00006850 
0.00006915 
0.00006892 
0.00006924 
0.00006880 
0.00006915 
0.00006895 
0.00006889 
0.00006870 
0.00006793 
0.00006722 
0.00006722 
0.00006722 
0.00006750 
0.00006755 
0.00006723 
0.00006715 
0.00006704 
0.00006701 
0.00006696 
0.00006655 
0.00006656 
0.00006643 
0.00006641 
0.00006630 
0.00006581 
0.00006666 
0.00006681 
0.00006711 
0.00006708 
0.00006700 
0.00006699 
0.00006674 
0.00006716 
0.00006727 
0.00006686 
0.00006675 
0.00006673 
0.00006660 
0.00006673 
0.00006671 
0.00006665 
0.00006673 
0.00006634 
0.00006613 
0.00006650 
0.00006655 
0.00006671 
0.00006676 
0.00006711 
0.00006688 
0.00006681 
0.00006638 
0.00006518 
0.00006507 
0.00006518 
0.00006624 
0.00006508 
0.00006486 
0.00006475 
0.00006456 
0.00006453 
0.00006453 
0.00006453 
0.00006430 
0.00006449 
0.00006421 
0.00006402 
0.00006420 
0.00006420 
0.00006419 
0.00006418 
0.00006418 
0.00006410 
0.00006381 
0.00006387 
0.00006363 
0.00006357 
0.00006363 
0.00006357 
0.00006337 
0.00006337 
0.00006337 
0.00006337 
0.00006345 
0.00006357 
0.00006351 
0.00006312 
0.00006352 
0.00006360 
0.00006304 
0.00006310 
0.00006316 
0.00006363 
0.00006363 
0.00006377 
0.00006340 
0.00006375 
0.00006366 
0.00006387 
0.00006376 
0.00006388 
0.00006411 
0.00006400 
0.00006420 
0.00006400 
0.00006434 
0.00006456 
0.00006453 
0.00006422 
0.00006388 
0.00006444 
0.00006514 
0.00006494 
0.00006448 
0.00006485 
0.00006407 
0.00006490 
0.00006436 
0.00006443 
0.00006413 
0.00006476 
0.00006487 
0.00006462 
0.00006415 
0.00006372 
0.00006383 
0.00006355 
0.00006409 
0.00006415 
0.00006382 
0.00006298 
0.00006311 
0.00006241 
0.00006215 
0.00006255 
0.00006216 
0.00006216 
0.00006216 
0.00006216 
0.00006212 
0.00006211 
0.00006218 
0.00006241 
0.00006205 
0.00006202 
0.00006241 
0.00006241 
0.00006206 
0.00006250 
0.00006217 
0.00006231 
0.00006231 
0.00006234 
0.00006240 
0.00006247 
0.00006256 
0.00006234 
0.00006286 
0.00006235 
0.00006299 
0.00006290 
0.00006261 
0.00006262 
0.00006239 
0.00006267 
0.00006271 
0.00006298 
0.00006322 
0.00006287 
0.00006308 
0.00006308 
0.00006261 
0.00006205 
0.00006231 
0.00006175 
0.00006194 
0.00006232 
0.00006232 
0.00006262 
0.00006213 
0.00006232 
0.00006245 
0.00006249 
0.00006249 
0.00006246 
0.00006247 
0.00006248 
0.00006300 
0.00006298 
0.00006271 
0.00006337 
0.00006312 
0.00006312 
0.00006312 
0.00006369 
0.00006346 
0.00006342 
0.00006344 
0.00006298 
0.00006270 
0.00006310 
0.00006269 
0.00006269 
0.00006228 
0.00006269 
0.00006295 
0.00006256 
0.00006276 
0.00006292 
0.00006256 
0.00006227 
0.00006250 
0.00006253 
0.00006337 
0.00006326 
0.00006340 
0.00006355 
0.00006400 
0.00006401 
0.00006411 
0.00006450 
0.00006406 
0.00006382 
0.00006380 
0.00006404 
0.00006404 
0.00006400 
0.00006408 
0.00006405 
0.00006409 
0.00006409 
0.00006427 
0.00006447 
0.00006440 
0.00006382 
0.00006360 
0.00006363 
0.00006385 
0.00006345 
0.00006396 
0.00006400 
0.00006408 
0.00006363 
0.00006410 
0.00006542 
0.00006575 
0.00006498 
0.00006515 
0.00006530 
0.00006560 
0.00006556 
0.00006563 
0.00006569 
0.00006635 
0.00006633 
0.00006633 
0.00006628 
0.00006628 
0.00006553 
0.00006585 
0.00006594 
0.00006586 
0.00006623 
0.00006623 
0.00006600 
0.00006701 
0.00006672 
0.00006655 
0.00006706 
0.00006726 
0.00006759 
0.00006785 
0.00006779 
0.00006775 
0.00006812 
0.00006920 
0.00006936 
0.00006945 
0.00006883 
0.00006657 
0.00006804 
0.00006792 
0.00006800 
0.00006800 
0.00006863 
0.00006880 
0.00006894 
0.00006910 
0.00006865 
0.00006910 
0.00006909 
0.00006915 
0.00006959 
0.00006976 
0.00007044 
0.00007067 
0.00006979 
0.00007028 
0.00006971 
0.00007053 
0.00007023 
0.00006875 
0.00006880 
0.00006938 
0.00006968 
0.00007003 
0.00006938 
0.00006966 
0.00006937 
0.00007046 
0.00007019 
0.00007006 
0.00006998 
0.00006994 
0.00006990 
0.00006931 
0.00006974 
0.00006937 
0.00006949 
0.00006959 
0.00006960 
0.00006959 
0.00006959 
0.00006959 
0.00006959 
0.00006965 
0.00006999 
0.00007008 
0.00007008 
0.00007049 
0.00007043 
0.00007020 
0.00007008 
0.00007052 
0.00007052 
0.00007063 
0.00007062 
0.00007093 
0.00007106 
0.00007109 
0.00007120 
0.00007100 
0.00007103 
0.00007105 
0.00007065 
0.00007101 
0.00007062 
0.00007072 
0.00007083 
0.00007136 
0.00007080 
0.00007091 
0.00007087 
0.00007031 
0.00006929 
0.00006913 
0.00006911 
0.00006920 
0.00006920 
0.00006852 
0.00007185 
0.00007217 
0.00007200 
0.00007153 
0.00007239 
0.00007208 
0.00007235 
0.00007188 
0.00007156 
0.00007109 
0.00007165 
0.00007238 
0.00007215 
0.00007246 
0.00007290 
0.00007381 
0.00007317 
0.00007270 
0.00007281 
0.00007312 
0.00007302 
0.00007306 
0.00007303 
0.00007277 
0.00007280 
0.00007277 
0.00007199 
0.00007173 
0.00007300 
0.00007235 
0.00007215 
0.00007197 
0.00007112 
0.00007191 
0.00007100 
0.00007097 
0.00007071 
0.00007067 
0.00007120 
0.00007100 
0.00007100 
0.00007008 
0.00007028 
0.00007008 
0.00007009 
0.00007029 
0.00007023 
0.00006994 
0.00007036 
0.00006981 
0.00006911 
0.00006900 
0.00006920 
0.00006903 
0.00006882 
0.00006861 
0.00006856 
0.00006840 
0.00006899 
0.00006854 
0.00006880 
0.00006850 
0.00006815 
0.00006808 
0.00006819 
0.00006819 
0.00006806 
0.00006804 
0.00006829 
0.00006792 
0.00006788 
0.00006784 
0.00006801 
0.00006801 
0.00006818 
0.00006800 
0.00006820 
0.00006759 
0.00006758 
0.00006744 
0.00006741 
0.00006780 
0.00006780 
0.00006793 
0.00006747 
0.00006746 
0.00006737 
0.00006745 
0.00006745 
0.00006746 
0.00006749 
0.00006749 
0.00006765 
0.00006776 
0.00006751 
0.00006747 
0.00006755 
0.00006753 
0.00006744 
0.00006737 
0.00006794 
0.00006787 
0.00006779 
0.00006835 
0.00006833 
0.00006794 
0.00006810 
0.00006802 
0.00006859 
0.00006829 
0.00006859 
0.00006832 
0.00006861 
0.00006846 
0.00006881 
0.00006825 
0.00006871 
0.00006790 
0.00006837 
0.00006850 
0.00006915 
0.00006892 
0.00006924 
0.00006880 
0.00006915 
0.00006895 
0.00006889 
0.00006870 
0.00006793 
0.00006722 
0.00006722 
0.00006722 
0.00006750 
0.00006755 
0.00006723 
0.00006715 
0.00006704 
0.00006701 
0.00006696 
0.00006655 
0.00006656 
0.00006643 
0.00006641 
0.00006630 
0.00006581 
0.00006666 
0.00006681 
0.00006711 
0.00006708 
0.00006700 
0.00006699 
0.00006674 
0.00006716 
0.00006727 
0.00006686 
0.00006675 
0.00006673 
0.00006660 
0.00006673 
0.00006671 
0.00006665 
0.00006673 
0.00006634 
0.00006613 
0.00006650 
0.00006655 
0.00006671 
0.00006676 
0.00006711 
0.00006688 
0.00006681 
0.00006638 
0.00006518 
0.00006507 
0.00006518 
0.00006624 
0.00006508 
0.00006486 
0.00006475 
0.00006456 
0.00006453 
0.00006453 
0.00006453 
0.00006430 
0.00006449 
0.00006421 
0.00006402 
0.00006420 
0.00006420 
0.00006419 
0.00006418 
0.00006418 
0.00006410 
0.00006381 
0.00006387 
0.00006363 
0.00006357 
0.00006363 
0.00006357 
0.00006337 
0.00006337 
0.00006337 
0.00006337 
0.00006345 
0.00006357 
0.00006351 
0.00006312 
0.00006352 
0.00006360 
0.00006304 
0.00006310 
0.00006316 
0.00006363 
0.00006363 
0.00006377 
0.00006340 
0.00006375 
0.00006366 
0.00006387 
0.00006376 
0.00006388 
0.00006411 
0.00006400 
0.00006420 
0.00006400 
0.00006434 
0.00006456 
0.00006453 
0.00006422 
0.00006388 
0.00006444 
0.00006514 
0.00006494 
0.00006448 
0.00006485 
0.00006407 
0.00006490 
0.00006436 
0.00006443 
0.00006413 
0.00006476 
0.00006487 
0.00006462 
0.00006415 
0.00006372 
0.00006383 
0.00006355 
0.00006409 
0.00006415 
0.00006382 
0.00006298 
0.00006311 
0.00006241 
0.00006215 
0.00006255 
0.00006216 
0.00006216 
0.00006216 
0.00006216 
0.00006212 
0.00006211 
0.00006218 
0.00006241 
0.00006205 
0.00006202 
0.00006241 
0.00006241 
0.00006206 
0.00006250 
0.00006217 
0.00006231 
0.00006231 
0.00006234 
0.00006240 
0.00006247 
0.00006256 
0.00006234 
0.00006286 
0.00006235 
0.00006299 
0.00006290 
0.00006261 
0.00006262 
0.00006239 
0.00006267 
0.00006271 
0.00006298 
0.00006322 
0.00006287 
0.00006308 
0.00006308 
0.00006261 
0.00006205 
0.00006231 
0.00006175 
0.00006194 
0.00006232 
0.00006232 
0.00006262 
0.00006213 
0.00006232 
0.00006245 
0.00006249 
0.00006249 
0.00006246 
0.00006247 
0.00006248 
0.00006300 
0.00006298 
0.00006271 
0.00006337 
0.00006312 
0.00006312 
0.00006312 
0.00006369 
0.00006346 
0.00006342 
0.00006344 
0.00006298 
0.00006270 
0.00006310 
0.00006269 
0.00006269 
0.00006228 
0.00006269 
0.00006295 
0.00006256 
0.00006276 
0.00006292 
0.00006256 
0.00006227 
0.00006250 
0.00006253 
0.00006337 
0.00006326 
0.00006340 
0.00006355 
0.00006400 
0.00006401 
0.00006411 
0.00006450 
0.00006406 
0.00006382 
0.00006380 
0.00006404 
0.00006404 
0.00006400 
0.00006408 
0.00006405 
0.00006409 
0.00006409 
0.00006427 
0.00006447 
0.00006440 
0.00006382 
0.00006360 
0.00006363 
0.00006385 
0.00006345 
0.00006396 
0.00006400 
0.00006408 
0.00006363 
0.00006410 
0.00006542 
0.00006575 
0.00006498 
0.00006515 
0.00006530 
0.00006560 
0.00006556 
0.00006563 
0.00006569 
0.00006635 
0.00006633 
0.00006633 
0.00006628 
0.00006628 
0.00006553 
0.00006585 
0.00006594 
0.00006586 
0.00006623 
0.00006623 
0.00006600 
0.00006701 
0.00006672 
0.00006655 
0.00006706 
0.00006726 
0.00006759 
0.00006785 
0.00006779 
0.00006775 
0.00006812 
0.00006920 
0.00006936 
0.00006945 
0.00006883 
0.00006657 
0.00006804 
0.00006792 
0.00006800 
0.00006800 
0.00006863 
0.00006880 
0.00006894 
0.00006910 
0.00006865 
0.00006910 
0.00006909 
0.00006915 
0.00006959 
0.00006976 
0.00007044 
0.00007067 
0.00006979 
0.00007028 
0.00006971 
0.00007053 
0.00007023 
0.00006875 
0.00006880 
0.00006938 
0.00006968 
0.00007003 
0.00006938 
0.00006966 
0.00006937 
0.00007046 
0.00007019 
0.00007006 
0.00006998 
0.00006994 
0.00006990 
0.00006931 
0.00006974 
0.00006937 
0.00006949 
0.00006959 
0.00006960 
0.00006959 
0.00006959 
0.00006959 
0.00006959 
0.00006965 
0.00006999 
0.00007008 
0.00007008 
0.00007049 
0.00007043 
0.00007020 
0.00007008 
0.00007052 
0.00007052 
0.00007063 
0.00007062 
0.00007093 
0.00007106 
0.00007109 
0.00007120 
0.00007100 
0.00007103 
0.00007105 
0.00007065 
0.00007101 
0.00007062 
0.00007072 
0.00007083 
0.00007136 
0.00007080 
0.00007091 
0.00007087 
0.00007031 
0.00006929 
0.00006913 
0.00006911 
0.00006920 
0.00006920 
0.00006852 
0.00007185 
0.00007217 
0.00007200 
0.00007153 
0.00007239 
0.00007208 
0.00007235 
0.00007188 
0.00007156 
0.00007109 
0.00007165 
0.00007238 
0.00007215 
0.00007246 
0.00007290 
0.00007381 
0.00007317 
0.00007270 
0.00007281 
0.00007312 
0.00007302 
0.00007306 
0.00007303 
0.00007277 
0.00007280 
0.00007277 
0.00007199 
0.00007173 
0.00007300 
0.00007235 
0.00007215 
0.00007197 
0.00007112 
0.00007191 
0.00007100 
0.00007097 
0.00007071 
0.00007067 
0.00007120 
0.00007100 
0.00007100 
0.00007008 
0.00007028 
0.00007008 
0.00007009 
0.00007029 
0.00007023 
0.00006994 
0.00007036 
0.00006981 
0.00006911 
0.00006900 
0.00006920 
0.00006903 
0.00006882 
0.00006861 
0.00006856 
0.00006840 
0.00006899 
0.00006854 
0.00006880 
0.00006850 
0.00006815 
0.00006808 
0.00006819 
0.00006819 
0.00006806 
0.00006804 
0.00006829 
0.00006792 
0.00006788 
0.00006784 
0.00006801 
0.00006801 
0.00006818 
0.00006800 
0.00006820 
0.00006759 
0.00006758 
0.00006744 
0.00006741 
0.00006780 
0.00006780 
0.00006793 
0.00006747 
0.00006746 
0.00006737 
0.00006745 
0.00006745 
0.00006746 
0.00006749 
0.00006749 
0.00006765 
0.00006776 
0.00006751 
0.00006747 
0.00006755 
0.00006753 
0.00006744 
0.00006737 
0.00006794 
0.00006787 
0.00006779 
0.00006835 
0.00006833 
0.00006794 
0.00006810 
0.00006802 
0.00006859 
0.00006829 
0.00006859 
0.00006832 
0.00006861 
0.00006846 
0.00006881 
0.00006825 
0.00006871 
0.00006790 
0.00006837 
0.00006850 
0.00006915 
0.00006892 
0.00006924 
0.00006880 
0.00006915 
0.00006895 
0.00006889 
0.00006870 
0.00006793 
0.00006722 
0.00006722 
0.00006722 
0.00006750 
0.00006755 
0.00006723 
0.00006715 
0.00006704 
0.00006701 
0.00006696 
0.00006655 
0.00006656 
0.00006643 
0.00006641 
0.00006630 
0.00006581 
0.00006666 
0.00006681 
0.00006711 
0.00006708 
0.00006700 
0.00006699 
0.00006674 
0.00006716 
0.00006727 
0.00006686 
0.00006675 
0.00006673 
0.00006660 
0.00006673 
0.00006671 
0.00006665 
0.00006673 
0.00006634 
0.00006613 
0.00006650 
0.00006655 
0.00006671 
0.00006676 
0.00006711 
0.00006688 
0.00006681 
0.00006638 
0.00006518 
0.00006507 
0.00006518 
0.00006624 
0.00006508 
0.00006486 
0.00006475 
0.00006456 
0.00006453 
0.00006453 
0.00006453 
0.00006430 
0.00006449 
0.00006421 
0.00006402 
0.00006420 
0.00006420 
0.00006419 
0.00006418 
0.00006418 
0.00006410 
0.00006381 
0.00006387 
0.00006363 
0.00006357 
0.00006363 
0.00006357 
0.00006337 
0.00006337 
0.00006337 
0.00006337 
0.00006345 
0.00006357 
0.00006351 
0.00006312 
0.00006352 
0.00006360 
0.00006304 
0.00006310 
0.00006316 
0.00006363 
0.00006363 
0.00006377 
0.00006340 
0.00006375 
0.00006366 
0.00006387 
0.00006376 
0.00006388 
0.00006411 
0.00006400 
0.00006420 
0.00006400 
0.00006434 
0.00006456 
0.00006453 
0.00006422 
0.00006388 
0.00006444 
0.00006514 
0.00006494 
0.00006448 
0.00006485 
0.00006407 
0.00006490 
0.00006436 
0.00006443 
0.00006413 
0.00006476 
0.00006487 
0.00006462 
0.00006415 
0.00006372 
0.00006383 
0.00006355 
0.00006409 
0.00006415 
0.00006382 
0.00006298 
0.00006311 
0.00006241 
0.00006215 
0.00006255 
0.00006216 
0.00006216 
0.00006216 
0.00006216 
0.00006212 
0.00006211 
0.00006218 
0.00006241 
0.00006205 
0.00006202 
0.00006241 
0.00006241 
0.00006206 
0.00006250 
0.00006217 
0.00006231 
0.00006231 
0.00006234 
0.00006240 
0.00006247 
0.00006256 
0.00006234 
0.00006286 
0.00006235 
0.00006299 
0.00006290 
0.00006261 
0.00006262 
0.00006239 
0.00006267 
0.00006271 
0.00006298 
0.00006322 
0.00006287 
0.00006308 
0.00006308 
0.00006261 
0.00006205 
0.00006231 
0.00006175 
0.00006194 
0.00006232 
0.00006232 
0.00006262 
0.00006213 
0.00006232 
0.00006245 
0.00006249 
0.00006249 
0.00006246 
0.00006247 
0.00006248 
0.00006300 
0.00006298 
0.00006271 
0.00006337 
0.00006312 
0.00006312 
0.00006312 
0.00006369 
0.00006346 
0.00006342 
0.00006344 
0.00006298 
0.00006270 
0.00006310 
0.00006269 
0.00006269 
0.00006228 
0.00006269 
0.00006295 
0.00006256 
0.00006276 
0.00006292 
0.00006256 
0.00006227 
0.00006250 
0.00006253 
0.00006337 
0.00006326 
0.00006340 
0.00006355 
0.00006400 
0.00006401 
0.00006411 
0.00006450 
0.00006406 
0.00006382 
0.00006380 
0.00006404 
0.00006404 
0.00006400 
0.00006408 
0.00006405 
0.00006409 
0.00006409 
0.00006427 
0.00006447 
0.00006440 
0.00006382 
0.00006360 
0.00006363 
0.00006385 
0.00006345 
0.00006396 
0.00006400 
0.00006408 
0.00006363 
0.00006410 
0.00006542 
0.00006575 
0.00006498 
0.00006515 
0.00006530 
0.00006560 
0.00006556 
0.00006563 
0.00006569 
0.00006635 
0.00006633 
0.00006633 
0.00006628 
0.00006628 
0.00006553 
0.00006585 
0.00006594 
0.00006586 
0.00006623 
0.00006623 
0.00006600 
0.00006701 
0.00006672 
0.00006655 
0.00006706 
0.00006726 
0.00006759 
0.00006785 
0.00006779 
0.00006775 
0.00006812 
0.00006920 
0.00006936 
0.00006945 
0.00006883 
0.00006657 
0.00006804 
0.00006792 
0.00006800 
0.00006800 
0.00006863 
0.00006880 
0.00006894 
0.00006910 
0.00006865 
0.00006910 
0.00006909 
0.00006915 
0.00006959 
0.00006976 
0.00007044 
0.00007067 
0.00006979 
0.00007028 
0.00006971 
0.00007053 
0.00007023 
0.00006875 
0.00006880 
0.00006938 
0.00006968 
0.00007003 
0.00006938 
0.00006966 
0.00006937 
0.00007046 
0.00007019 
0.00007006 
0.00006998 
0.00006994 
0.00006990 
0.00006931 
0.00006974 
0.00006937 
0.00006949 
0.00006959 
0.00006960 
0.00006959 
0.00006959 
0.00006959 
0.00006959 
0.00006965 
0.00006999 
0.00007008 
0.00007008 
0.00007049 
0.00007043 
0.00007020 
0.00007008 
0.00007052 
0.00007052 
0.00007063 
0.00007062 
0.00007093 
0.00007106 
0.00007109 
0.00007120 
0.00007100 
0.00007103 
0.00007105 
0.00007065 
0.00007101 
0.00007062 
0.00007072 
0.00007083 
0.00007136 
0.00007080 
0.00007091 
0.00007087 
0.00007031 
0.00006929 
0.00006913 
0.00006911 
0.00006920 
0.00006920 
0.00006852 
