10.99000000 
35.87000000 
172.69000000 
74.27000000 
24.53000000 
169.34000000 
172.46000000 
153.06000000 
68.52000000 
32.18000000 
191.50000000 
121.85000000 
113.64000000 
416.29000000 
383.38000000 
39.44000000 
237.52000000 
211.03000000 
251.31000000 
257.59000000 
154.93000000 
617.04000000 
280.89000000 
536.75000000 
128.80000000 
361.35000000 
293.33000000 
972.67000000 
632.94000000 
146.06000000 
249.39000000 
101.10000000 
487.02000000 
949.53000000 
351.94000000 
494.77000000 
43.84000000 
37.87000000 
237.74000000 
772.15000000 
458.38000000 
148.94000000 
295.24000000 
62.16000000 
354.75000000 
308.67000000 
391.89000000 
319.22000000 
180.11000000 
855.62000000 
784.88000000 
203.10000000 
79.87000000 
54.37000000 
78.70000000 
128.06000000 
105.31000000 
157.16000000 
455.70000000 
129.61000000 
547.99000000 
673.31000000 
266.82000000 
105.58000000 
110.89000000 
413.93000000 
1183.61000000 
726.84000000 
85.72000000 
231.97000000 
727.44000000 
146.45000000 
208.17000000 
106.28000000 
706.92000000 
27.01000000 
86.67000000 
316.44000000 
13.59000000 
55.61000000 
70.30000000 
301.09000000 
87.02000000 
424.27000000 
71.85000000 
40.54000000 
18.33000000 
117.80000000 
62.24000000 
169.67000000 
23.11000000 
614.28000000 
102.46000000 
4.61000000 
179.34000000 
235.85000000 
132.59000000 
235.15000000 
43.72000000 
11.15000000 
28.74000000 
61.44000000 
40.02000000 
56.40000000 
220.95000000 
76.11000000 
96.94000000 
8.02000000 
29.30000000 
89.29000000 
256.48000000 
54.23000000 
265.15000000 
190.19000000 
4.16000000 
21.03000000 
108.36000000 
187.75000000 
169.24000000 
289.21000000 
284.19000000 
235.88000000 
306.11000000 
786.53000000 
180.54000000 
103.14000000 
102.94000000 
125.58000000 
66.84000000 
230.87000000 
411.52000000 
45.31000000 
207.71000000 
92.17000000 
49.55000000 
18.32000000 
73.09000000 
684.29000000 
289.98000000 
156.26000000 
283.57000000 
274.75000000 
171.97000000 
46.17000000 
98.63000000 
37.59000000 
169.00000000 
50.23000000 
36.85000000 
21.43000000 
238.36000000 
155.21000000 
373.71000000 
175.50000000 
108.62000000 
250.29000000 
110.55000000 
243.38000000 
61.26000000 
577.88000000 
317.68000000 
148.56000000 
108.69000000 
81.50000000 
118.75000000 
742.37000000 
53.25000000 
162.56000000 
280.38000000 
120.44000000 
90.74000000 
187.41000000 
165.69000000 
156.04000000 
39.51000000 
464.26000000 
474.70000000 
36.03000000 
230.63000000 
599.18000000 
1954.32000000 
1298.58000000 
332.98000000 
251.85000000 
80.06000000 
185.68000000 
457.28000000 
309.53000000 
59.73000000 
438.51000000 
137.97000000 
83.78000000 
698.22000000 
146.25000000 
151.30000000 
167.66000000 
8.27000000 
103.46000000 
116.63000000 
27.58000000 
84.33000000 
98.48000000 
292.47000000 
78.10000000 
137.77000000 
77.84000000 
125.27000000 
445.86000000 
460.67000000 
2955.50000000 
3040.34000000 
911.86000000 
919.18000000 
54.47000000 
99.08000000 
51.16000000 
28.03000000 
208.34000000 
998.63000000 
108.54000000 
99.10000000 
128.53000000 
85.71000000 
435.86000000 
1068.71000000 
149.10000000 
1646.49000000 
1642.58000000 
168.87000000 
32.10000000 
355.56000000 
38.48000000 
93.85000000 
72.55000000 
379.10000000 
287.77000000 
446.94000000 
375.43000000 
380.90000000 
303.44000000 
394.88000000 
159.46000000 
312.69000000 
71.70000000 
73.76000000 
70.55000000 
620.22000000 
46.60000000 
172.57000000 
188.24000000 
280.32000000 
105.31000000 
771.74000000 
1110.31000000 
199.33000000 
672.11000000 
228.08000000 
117.60000000 
0.00000000 
178.40000000 
95.07000000 
1.75000000 
47.18000000 
206.07000000 
53.04000000 
197.51000000 
10.15000000 
36.55000000 
164.83000000 
5.69000000 
213.45000000 
128.03000000 
215.50000000 
522.53000000 
137.60000000 
99.71000000 
86.59000000 
502.24000000 
1172.08000000 
3353.17000000 
799.58000000 
738.65000000 
145.42000000 
103.50000000 
139.04000000 
184.74000000 
35.43000000 
88.71000000 
62.09000000 
257.29000000 
153.27000000 
1180.13000000 
180.97000000 
84.39000000 
361.17000000 
183.05000000 
531.74000000 
757.60000000 
251.79000000 
116.69000000 
143.63000000 
91.92000000 
140.41000000 
87.80000000 
97.42000000 
776.29000000 
12.14000000 
66.02000000 
158.68000000 
151.46000000 
92.35000000 
446.56000000 
148.96000000 
63.78000000 
159.91000000 
793.24000000 
519.05000000 
295.44000000 
216.32000000 
1073.77000000 
88.15000000 
38.23000000 
381.05000000 
60.36000000 
18.26000000 
169.47000000 
76.32000000 
28.06000000 
1850.68000000 
260.74000000 
87.81000000 
130.53000000 
643.76000000 
58.74000000 
362.40000000 
347.05000000 
267.24000000 
212.84000000 
271.92000000 
316.84000000 
818.71000000 
1158.07000000 
54.89000000 
488.84000000 
59.27000000 
58.04000000 
7.05000000 
82.78000000 
358.27000000 
27.77000000 
6.99000000 
83.64000000 
0.00000000 
115.27000000 
202.59000000 
265.26000000 
43.07000000 
2100.19000000 
403.77000000 
324.24000000 
736.08000000 
155.00000000 
218.48000000 
82.58000000 
668.12000000 
904.18000000 
217.95000000 
271.12000000 
863.09000000 
468.97000000 
379.33000000 
590.65000000 
433.83000000 
104.25000000 
121.58000000 
286.63000000 
309.51000000 
757.64000000 
1761.93000000 
349.88000000 
509.92000000 
6748.59000000 
1019.37000000 
4376.80000000 
13482.44000000 
15870.93000000 
2667.93000000 
8177.04000000 
152.04000000 
56.43000000 
906.12000000 
221.08000000 
217.95000000 
2167.12000000 
482.84000000 
1042.45000000 
8287.79000000 
66.08000000 
145.96000000 
635.53000000 
187.09000000 
12.84000000 
24.44000000 
527.66000000 
0.00000000 
570.65000000 
279.94000000 
71.19000000 
65.92000000 
53.40000000 
184.41000000 
470.90000000 
64.79000000 
393.91000000 
1.17000000 
10.79000000 
3.06000000 
124.75000000 
56.36000000 
17.59000000 
11.86000000 
205.64000000 
0.72000000 
19.46000000 
32.69000000 
40.81000000 
526.53000000 
451.71000000 
19.08000000 
42.10000000 
11.86000000 
100.02000000 
511.57000000 
14.02000000 
4.58000000 
2.41000000 
316.75000000 
0.00000000 
58.00000000 
24.98000000 
7.92000000 
174.69000000 
57.26000000 
27.35000000 
57.12000000 
253.10000000 
1.68000000 
226.89000000 
99.35000000 
329.26000000 
498.41000000 
51.86000000 
205.61000000 
141.36000000 
227.70000000 
18.37000000 
39.08000000 
122.51000000 
107.26000000 
35.06000000 
375.91000000 
36.26000000 
332.37000000 
28.26000000 
185.49000000 
355.74000000 
14.52000000 
207.34000000 
54.72000000 
209.86000000 
10.36000000 
60.91000000 
104.67000000 
21.39000000 
118.02000000 
66.02000000 
137.34000000 
33.87000000 
41.86000000 
138.44000000 
10.99000000 
35.87000000 
172.69000000 
74.27000000 
24.53000000 
169.34000000 
172.46000000 
153.06000000 
68.52000000 
32.18000000 
191.50000000 
121.85000000 
113.64000000 
416.29000000 
383.38000000 
39.44000000 
237.52000000 
211.03000000 
251.31000000 
257.59000000 
154.93000000 
617.04000000 
280.89000000 
536.75000000 
128.80000000 
361.35000000 
293.33000000 
972.67000000 
632.94000000 
146.06000000 
249.39000000 
101.10000000 
487.02000000 
949.53000000 
351.94000000 
494.77000000 
43.84000000 
37.87000000 
237.74000000 
772.15000000 
458.38000000 
148.94000000 
295.24000000 
62.16000000 
354.75000000 
308.67000000 
391.89000000 
319.22000000 
180.11000000 
855.62000000 
784.88000000 
203.10000000 
79.87000000 
54.37000000 
78.70000000 
128.06000000 
105.31000000 
157.16000000 
455.70000000 
129.61000000 
547.99000000 
673.31000000 
266.82000000 
105.58000000 
110.89000000 
413.93000000 
1183.61000000 
726.84000000 
85.72000000 
231.97000000 
727.44000000 
146.45000000 
208.17000000 
106.28000000 
706.92000000 
27.01000000 
86.67000000 
316.44000000 
13.59000000 
55.61000000 
70.30000000 
301.09000000 
87.02000000 
424.27000000 
71.85000000 
40.54000000 
18.33000000 
117.80000000 
62.24000000 
169.67000000 
23.11000000 
614.28000000 
102.46000000 
4.61000000 
179.34000000 
235.85000000 
132.59000000 
235.15000000 
43.72000000 
11.15000000 
28.74000000 
61.44000000 
40.02000000 
56.40000000 
220.95000000 
76.11000000 
96.94000000 
8.02000000 
29.30000000 
89.29000000 
256.48000000 
54.23000000 
265.15000000 
190.19000000 
4.16000000 
21.03000000 
108.36000000 
187.75000000 
169.24000000 
289.21000000 
284.19000000 
235.88000000 
306.11000000 
786.53000000 
180.54000000 
103.14000000 
102.94000000 
125.58000000 
66.84000000 
230.87000000 
411.52000000 
45.31000000 
207.71000000 
92.17000000 
49.55000000 
18.32000000 
73.09000000 
684.29000000 
289.98000000 
156.26000000 
283.57000000 
274.75000000 
171.97000000 
46.17000000 
98.63000000 
37.59000000 
169.00000000 
50.23000000 
36.85000000 
21.43000000 
238.36000000 
155.21000000 
373.71000000 
175.50000000 
108.62000000 
250.29000000 
110.55000000 
243.38000000 
61.26000000 
577.88000000 
317.68000000 
148.56000000 
108.69000000 
81.50000000 
118.75000000 
742.37000000 
53.25000000 
162.56000000 
280.38000000 
120.44000000 
90.74000000 
187.41000000 
165.69000000 
156.04000000 
39.51000000 
464.26000000 
474.70000000 
36.03000000 
230.63000000 
599.18000000 
1954.32000000 
1298.58000000 
332.98000000 
251.85000000 
80.06000000 
185.68000000 
457.28000000 
309.53000000 
59.73000000 
438.51000000 
137.97000000 
83.78000000 
698.22000000 
146.25000000 
151.30000000 
167.66000000 
8.27000000 
103.46000000 
116.63000000 
27.58000000 
84.33000000 
98.48000000 
292.47000000 
78.10000000 
137.77000000 
77.84000000 
125.27000000 
445.86000000 
460.67000000 
2955.50000000 
3040.34000000 
911.86000000 
919.18000000 
54.47000000 
99.08000000 
51.16000000 
28.03000000 
208.34000000 
998.63000000 
108.54000000 
99.10000000 
128.53000000 
85.71000000 
435.86000000 
1068.71000000 
149.10000000 
1646.49000000 
1642.58000000 
168.87000000 
32.10000000 
355.56000000 
38.48000000 
93.85000000 
72.55000000 
379.10000000 
287.77000000 
446.94000000 
375.43000000 
380.90000000 
303.44000000 
394.88000000 
159.46000000 
312.69000000 
71.70000000 
73.76000000 
70.55000000 
620.22000000 
46.60000000 
172.57000000 
188.24000000 
280.32000000 
105.31000000 
771.74000000 
1110.31000000 
199.33000000 
672.11000000 
228.08000000 
117.60000000 
0.00000000 
178.40000000 
95.07000000 
1.75000000 
47.18000000 
206.07000000 
53.04000000 
197.51000000 
10.15000000 
36.55000000 
164.83000000 
5.69000000 
213.45000000 
128.03000000 
215.50000000 
522.53000000 
137.60000000 
99.71000000 
86.59000000 
502.24000000 
1172.08000000 
3353.17000000 
799.58000000 
738.65000000 
145.42000000 
103.50000000 
139.04000000 
184.74000000 
35.43000000 
88.71000000 
62.09000000 
257.29000000 
153.27000000 
1180.13000000 
180.97000000 
84.39000000 
361.17000000 
183.05000000 
531.74000000 
757.60000000 
251.79000000 
116.69000000 
143.63000000 
91.92000000 
140.41000000 
87.80000000 
97.42000000 
776.29000000 
12.14000000 
66.02000000 
158.68000000 
151.46000000 
92.35000000 
446.56000000 
148.96000000 
63.78000000 
159.91000000 
793.24000000 
519.05000000 
295.44000000 
216.32000000 
1073.77000000 
88.15000000 
38.23000000 
381.05000000 
60.36000000 
18.26000000 
169.47000000 
76.32000000 
28.06000000 
1850.68000000 
260.74000000 
87.81000000 
130.53000000 
643.76000000 
58.74000000 
362.40000000 
347.05000000 
267.24000000 
212.84000000 
271.92000000 
316.84000000 
818.71000000 
1158.07000000 
54.89000000 
488.84000000 
59.27000000 
58.04000000 
7.05000000 
82.78000000 
358.27000000 
27.77000000 
6.99000000 
83.64000000 
0.00000000 
115.27000000 
202.59000000 
265.26000000 
43.07000000 
2100.19000000 
403.77000000 
324.24000000 
736.08000000 
155.00000000 
218.48000000 
82.58000000 
668.12000000 
904.18000000 
217.95000000 
271.12000000 
863.09000000 
468.97000000 
379.33000000 
590.65000000 
433.83000000 
104.25000000 
121.58000000 
286.63000000 
309.51000000 
757.64000000 
1761.93000000 
349.88000000 
509.92000000 
6748.59000000 
1019.37000000 
4376.80000000 
13482.44000000 
15870.93000000 
2667.93000000 
8177.04000000 
152.04000000 
56.43000000 
906.12000000 
221.08000000 
217.95000000 
2167.12000000 
482.84000000 
1042.45000000 
8287.79000000 
66.08000000 
145.96000000 
635.53000000 
187.09000000 
12.84000000 
24.44000000 
527.66000000 
0.00000000 
570.65000000 
279.94000000 
71.19000000 
65.92000000 
53.40000000 
184.41000000 
470.90000000 
64.79000000 
393.91000000 
1.17000000 
10.79000000 
3.06000000 
124.75000000 
56.36000000 
17.59000000 
11.86000000 
205.64000000 
0.72000000 
19.46000000 
32.69000000 
40.81000000 
526.53000000 
451.71000000 
19.08000000 
42.10000000 
11.86000000 
100.02000000 
511.57000000 
14.02000000 
4.58000000 
2.41000000 
316.75000000 
0.00000000 
58.00000000 
24.98000000 
7.92000000 
174.69000000 
57.26000000 
27.35000000 
57.12000000 
253.10000000 
1.68000000 
226.89000000 
99.35000000 
329.26000000 
498.41000000 
51.86000000 
205.61000000 
141.36000000 
227.70000000 
18.37000000 
39.08000000 
122.51000000 
107.26000000 
35.06000000 
375.91000000 
36.26000000 
332.37000000 
28.26000000 
185.49000000 
355.74000000 
14.52000000 
207.34000000 
54.72000000 
209.86000000 
10.36000000 
60.91000000 
104.67000000 
21.39000000 
118.02000000 
66.02000000 
137.34000000 
33.87000000 
41.86000000 
138.44000000 
10.99000000 
35.87000000 
172.69000000 
74.27000000 
24.53000000 
169.34000000 
172.46000000 
153.06000000 
68.52000000 
32.18000000 
191.50000000 
121.85000000 
113.64000000 
416.29000000 
383.38000000 
39.44000000 
237.52000000 
211.03000000 
251.31000000 
257.59000000 
154.93000000 
617.04000000 
280.89000000 
536.75000000 
128.80000000 
361.35000000 
293.33000000 
972.67000000 
632.94000000 
146.06000000 
249.39000000 
101.10000000 
487.02000000 
949.53000000 
351.94000000 
494.77000000 
43.84000000 
37.87000000 
237.74000000 
772.15000000 
458.38000000 
148.94000000 
295.24000000 
62.16000000 
354.75000000 
308.67000000 
391.89000000 
319.22000000 
180.11000000 
855.62000000 
784.88000000 
203.10000000 
79.87000000 
54.37000000 
78.70000000 
128.06000000 
105.31000000 
157.16000000 
455.70000000 
129.61000000 
547.99000000 
673.31000000 
266.82000000 
105.58000000 
110.89000000 
413.93000000 
1183.61000000 
726.84000000 
85.72000000 
231.97000000 
727.44000000 
146.45000000 
208.17000000 
106.28000000 
706.92000000 
27.01000000 
86.67000000 
316.44000000 
13.59000000 
55.61000000 
70.30000000 
301.09000000 
87.02000000 
424.27000000 
71.85000000 
40.54000000 
18.33000000 
117.80000000 
62.24000000 
169.67000000 
23.11000000 
614.28000000 
102.46000000 
4.61000000 
179.34000000 
235.85000000 
132.59000000 
235.15000000 
43.72000000 
11.15000000 
28.74000000 
61.44000000 
40.02000000 
56.40000000 
220.95000000 
76.11000000 
96.94000000 
8.02000000 
29.30000000 
89.29000000 
256.48000000 
54.23000000 
265.15000000 
190.19000000 
4.16000000 
21.03000000 
108.36000000 
187.75000000 
169.24000000 
289.21000000 
284.19000000 
235.88000000 
306.11000000 
786.53000000 
180.54000000 
103.14000000 
102.94000000 
125.58000000 
66.84000000 
230.87000000 
411.52000000 
45.31000000 
207.71000000 
92.17000000 
49.55000000 
18.32000000 
73.09000000 
684.29000000 
289.98000000 
156.26000000 
283.57000000 
274.75000000 
171.97000000 
46.17000000 
98.63000000 
37.59000000 
169.00000000 
50.23000000 
36.85000000 
21.43000000 
238.36000000 
155.21000000 
373.71000000 
175.50000000 
108.62000000 
250.29000000 
110.55000000 
243.38000000 
61.26000000 
577.88000000 
317.68000000 
148.56000000 
108.69000000 
81.50000000 
118.75000000 
742.37000000 
53.25000000 
162.56000000 
280.38000000 
120.44000000 
90.74000000 
187.41000000 
165.69000000 
156.04000000 
39.51000000 
464.26000000 
474.70000000 
36.03000000 
230.63000000 
599.18000000 
1954.32000000 
1298.58000000 
332.98000000 
251.85000000 
80.06000000 
185.68000000 
457.28000000 
309.53000000 
59.73000000 
438.51000000 
137.97000000 
83.78000000 
698.22000000 
146.25000000 
151.30000000 
167.66000000 
8.27000000 
103.46000000 
116.63000000 
27.58000000 
84.33000000 
98.48000000 
292.47000000 
78.10000000 
137.77000000 
77.84000000 
125.27000000 
445.86000000 
460.67000000 
2955.50000000 
3040.34000000 
911.86000000 
919.18000000 
54.47000000 
99.08000000 
51.16000000 
28.03000000 
208.34000000 
998.63000000 
108.54000000 
99.10000000 
128.53000000 
85.71000000 
435.86000000 
1068.71000000 
149.10000000 
1646.49000000 
1642.58000000 
168.87000000 
32.10000000 
355.56000000 
38.48000000 
93.85000000 
72.55000000 
379.10000000 
287.77000000 
446.94000000 
375.43000000 
380.90000000 
303.44000000 
394.88000000 
159.46000000 
312.69000000 
71.70000000 
73.76000000 
70.55000000 
620.22000000 
46.60000000 
172.57000000 
188.24000000 
280.32000000 
105.31000000 
771.74000000 
1110.31000000 
199.33000000 
672.11000000 
228.08000000 
117.60000000 
0.00000000 
178.40000000 
95.07000000 
1.75000000 
47.18000000 
206.07000000 
53.04000000 
197.51000000 
10.15000000 
36.55000000 
164.83000000 
5.69000000 
213.45000000 
128.03000000 
215.50000000 
522.53000000 
137.60000000 
99.71000000 
86.59000000 
502.24000000 
1172.08000000 
3353.17000000 
799.58000000 
738.65000000 
145.42000000 
103.50000000 
139.04000000 
184.74000000 
35.43000000 
88.71000000 
62.09000000 
257.29000000 
153.27000000 
1180.13000000 
180.97000000 
84.39000000 
361.17000000 
183.05000000 
531.74000000 
757.60000000 
251.79000000 
116.69000000 
143.63000000 
91.92000000 
140.41000000 
87.80000000 
97.42000000 
776.29000000 
12.14000000 
66.02000000 
158.68000000 
151.46000000 
92.35000000 
446.56000000 
148.96000000 
63.78000000 
159.91000000 
793.24000000 
519.05000000 
295.44000000 
216.32000000 
1073.77000000 
88.15000000 
38.23000000 
381.05000000 
60.36000000 
18.26000000 
169.47000000 
76.32000000 
28.06000000 
1850.68000000 
260.74000000 
87.81000000 
130.53000000 
643.76000000 
58.74000000 
362.40000000 
347.05000000 
267.24000000 
212.84000000 
271.92000000 
316.84000000 
818.71000000 
1158.07000000 
54.89000000 
488.84000000 
59.27000000 
58.04000000 
7.05000000 
82.78000000 
358.27000000 
27.77000000 
6.99000000 
83.64000000 
0.00000000 
115.27000000 
202.59000000 
265.26000000 
43.07000000 
2100.19000000 
403.77000000 
324.24000000 
736.08000000 
155.00000000 
218.48000000 
82.58000000 
668.12000000 
904.18000000 
217.95000000 
271.12000000 
863.09000000 
468.97000000 
379.33000000 
590.65000000 
433.83000000 
104.25000000 
121.58000000 
286.63000000 
309.51000000 
757.64000000 
1761.93000000 
349.88000000 
509.92000000 
6748.59000000 
1019.37000000 
4376.80000000 
13482.44000000 
15870.93000000 
2667.93000000 
8177.04000000 
152.04000000 
56.43000000 
906.12000000 
221.08000000 
217.95000000 
2167.12000000 
482.84000000 
1042.45000000 
8287.79000000 
66.08000000 
145.96000000 
635.53000000 
187.09000000 
12.84000000 
24.44000000 
527.66000000 
0.00000000 
570.65000000 
279.94000000 
71.19000000 
65.92000000 
53.40000000 
184.41000000 
470.90000000 
64.79000000 
393.91000000 
1.17000000 
10.79000000 
3.06000000 
124.75000000 
56.36000000 
17.59000000 
11.86000000 
205.64000000 
0.72000000 
19.46000000 
32.69000000 
40.81000000 
526.53000000 
451.71000000 
19.08000000 
42.10000000 
11.86000000 
100.02000000 
511.57000000 
14.02000000 
4.58000000 
2.41000000 
316.75000000 
0.00000000 
58.00000000 
24.98000000 
7.92000000 
174.69000000 
57.26000000 
27.35000000 
57.12000000 
253.10000000 
1.68000000 
226.89000000 
99.35000000 
329.26000000 
498.41000000 
51.86000000 
205.61000000 
141.36000000 
227.70000000 
18.37000000 
39.08000000 
122.51000000 
107.26000000 
35.06000000 
375.91000000 
36.26000000 
332.37000000 
28.26000000 
185.49000000 
355.74000000 
14.52000000 
207.34000000 
54.72000000 
209.86000000 
10.36000000 
60.91000000 
104.67000000 
21.39000000 
118.02000000 
66.02000000 
137.34000000 
33.87000000 
41.86000000 
138.44000000 
