0.00507200 
0.00505050 
0.00505970 
0.00507000 
0.00506320 
0.00506940 
0.00504000 
0.00505750 
0.00507240 
0.00505630 
0.00507240 
0.00505960 
0.00505600 
0.00507590 
0.00498310 
0.00504880 
0.00508000 
0.00497080 
0.00497000 
0.00496990 
0.00487500 
0.00486900 
0.00486730 
0.00487220 
0.00489540 
0.00489000 
0.00490960 
0.00490510 
0.00493840 
0.00491380 
0.00491390 
0.00491380 
0.00491400 
0.00491420 
0.00493650 
0.00493600 
0.00493680 
0.00495000 
0.00495100 
0.00493650 
0.00495620 
0.00495010 
0.00493650 
0.00493770 
0.00494320 
0.00494310 
0.00493650 
0.00493670 
0.00490480 
0.00494320 
0.00490570 
0.00482600 
0.00482190 
0.00480550 
0.00482600 
0.00482600 
0.00482600 
0.00482600 
0.00483560 
0.00487880 
0.00484790 
0.00491890 
0.00479890 
0.00477000 
0.00477000 
0.00476790 
0.00470960 
0.00479930 
0.00484690 
0.00484890 
0.00484960 
0.00484970 
0.00485000 
0.00485000 
0.00485000 
0.00494200 
0.00495390 
0.00495500 
0.00495480 
0.00494460 
0.00495610 
0.00495070 
0.00499450 
0.00504440 
0.00503040 
0.00504530 
0.00502680 
0.00503980 
0.00504000 
0.00501340 
0.00503040 
0.00503640 
0.00499550 
0.00498550 
0.00499550 
0.00498540 
0.00503920 
0.00499270 
0.00497000 
0.00496600 
0.00496040 
0.00495060 
0.00495040 
0.00499180 
0.00494210 
0.00494350 
0.00494460 
0.00494730 
0.00494760 
0.00494620 
0.00498500 
0.00504130 
0.00497880 
0.00490000 
0.00488720 
0.00488720 
0.00489500 
0.00488950 
0.00493950 
0.00495500 
0.00494380 
0.00497470 
0.00504540 
0.00499930 
0.00498070 
0.00493510 
0.00487100 
0.00486320 
0.00483400 
0.00481910 
0.00481890 
0.00477890 
0.00474520 
0.00477600 
0.00477900 
0.00477890 
0.00477890 
0.00477940 
0.00478890 
0.00481860 
0.00475800 
0.00475560 
0.00473550 
0.00473550 
0.00476960 
0.00475010 
0.00475010 
0.00472620 
0.00476330 
0.00472100 
0.00470000 
0.00477740 
0.00480210 
0.00483280 
0.00483330 
0.00479000 
0.00477740 
0.00475100 
0.00477700 
0.00472890 
0.00477000 
0.00472710 
0.00470660 
0.00465500 
0.00464010 
0.00465070 
0.00465090 
0.00471520 
0.00471890 
0.00468310 
0.00462680 
0.00467320 
0.00465500 
0.00464080 
0.00459990 
0.00457250 
0.00458240 
0.00456980 
0.00454480 
0.00455670 
0.00456410 
0.00451120 
0.00424440 
0.00420690 
0.00420710 
0.00418400 
0.00419340 
0.00416540 
0.00414230 
0.00415540 
0.00414250 
0.00411410 
0.00414250 
0.00413600 
0.00406190 
0.00412140 
0.00414220 
0.00413330 
0.00413360 
0.00412350 
0.00414170 
0.00414640 
0.00414930 
0.00412250 
0.00412290 
0.00412510 
0.00413700 
0.00405990 
0.00408010 
0.00400010 
0.00411470 
0.00415540 
0.00415540 
0.00427460 
0.00427070 
0.00428650 
0.00430860 
0.00430340 
0.00437590 
0.00441890 
0.00436240 
0.00441060 
0.00440720 
0.00449720 
0.00447560 
0.00458180 
0.00460000 
0.00458950 
0.00462830 
0.00462570 
0.00458170 
0.00453610 
0.00458860 
0.00458920 
0.00456290 
0.00463910 
0.00463950 
0.00465620 
0.00471920 
0.00462850 
0.00453220 
0.00456400 
0.00454950 
0.00445990 
0.00439170 
0.00432220 
0.00434060 
0.00433750 
0.00430850 
0.00433750 
0.00433750 
0.00430660 
0.00429200 
0.00425290 
0.00425570 
0.00425310 
0.00424500 
0.00421720 
0.00421990 
0.00421990 
0.00423030 
0.00428090 
0.00423900 
0.00425340 
0.00418070 
0.00415530 
0.00413540 
0.00413860 
0.00410860 
0.00414630 
0.00414630 
0.00414630 
0.00414990 
0.00413100 
0.00420550 
0.00417050 
0.00413480 
0.00410700 
0.00407150 
0.00410060 
0.00418060 
0.00436380 
0.00441340 
0.00435220 
0.00437830 
0.00436820 
0.00434340 
0.00435470 
0.00439140 
0.00424780 
0.00425410 
0.00428290 
0.00438240 
0.00435580 
0.00428790 
0.00420740 
0.00410720 
0.00418770 
0.00422850 
0.00427710 
0.00427710 
0.00427820 
0.00431050 
0.00431380 
0.00432310 
0.00432680 
0.00438740 
0.00440500 
0.00442970 
0.00436420 
0.00436470 
0.00436670 
0.00436740 
0.00434330 
0.00440160 
0.00446990 
0.00437930 
0.00434840 
0.00434840 
0.00434840 
0.00433890 
0.00431860 
0.00431000 
0.00431050 
0.00434290 
0.00434290 
0.00434480 
0.00434740 
0.00434750 
0.00434840 
0.00433000 
0.00433510 
0.00438130 
0.00437190 
0.00434680 
0.00437850 
0.00438910 
0.00437460 
0.00436900 
0.00435180 
0.00439150 
0.00434970 
0.00460400 
0.00460000 
0.00470740 
0.00480530 
0.00481120 
0.00485000 
0.00486220 
0.00486240 
0.00483390 
0.00485750 
0.00486760 
0.00486760 
0.00486950 
0.00495280 
0.00495920 
0.00490920 
0.00498830 
0.00496620 
0.00492240 
0.00486500 
0.00486000 
0.00484000 
0.00483000 
0.00481000 
0.00481820 
0.00481820 
0.00481000 
0.00478400 
0.00478910 
0.00478140 
0.00469600 
0.00469600 
0.00466980 
0.00456720 
0.00467170 
0.00464970 
0.00473190 
0.00445970 
0.00444860 
0.00445190 
0.00430790 
0.00425200 
0.00417090 
0.00388530 
0.00444000 
0.00472980 
0.00477850 
0.00482540 
0.00482670 
0.00483000 
0.00484390 
0.00484430 
0.00489870 
0.00494750 
0.00490000 
0.00510310 
0.00511190 
0.00516450 
0.00514830 
0.00518300 
0.00518410 
0.00518710 
0.00516210 
0.00516210 
0.00514830 
0.00516210 
0.00519000 
0.00520130 
0.00518920 
0.00518240 
0.00519020 
0.00518950 
0.00523520 
0.00521690 
0.00521450 
0.00522810 
0.00522500 
0.00523080 
0.00523160 
0.00523350 
0.00518990 
0.00518330 
0.00518330 
0.00518990 
0.00518990 
0.00518340 
0.00518570 
0.00518810 
0.00518990 
0.00518990 
0.00524760 
0.00523560 
0.00523160 
0.00523160 
0.00525000 
0.00524970 
0.00524970 
0.00523050 
0.00523040 
0.00523040 
0.00524430 
0.00523040 
0.00523120 
0.00524410 
0.00523130 
0.00523120 
0.00524500 
0.00525000 
0.00524990 
0.00525660 
0.00525060 
0.00531800 
0.00532270 
0.00535770 
0.00532310 
0.00532600 
0.00534520 
0.00538440 
0.00532010 
0.00532830 
0.00534190 
0.00539970 
0.00539720 
0.00523250 
0.00518950 
0.00517380 
0.00518560 
0.00516500 
0.00517000 
0.00517690 
0.00516570 
0.00516020 
0.00516000 
0.00515000 
0.00512000 
0.00511400 
0.00511400 
0.00507350 
0.00507200 
0.00505050 
0.00505970 
0.00507000 
0.00506320 
0.00506940 
0.00504000 
0.00505750 
0.00507240 
0.00505630 
0.00507240 
0.00505960 
0.00505600 
0.00507590 
0.00498310 
0.00504880 
0.00508000 
0.00497080 
0.00497000 
0.00496990 
0.00487500 
0.00486900 
0.00486730 
0.00487220 
0.00489540 
0.00489000 
0.00490960 
0.00490510 
0.00493840 
0.00491380 
0.00491390 
0.00491380 
0.00491400 
0.00491420 
0.00493650 
0.00493600 
0.00493680 
0.00495000 
0.00495100 
0.00493650 
0.00495620 
0.00495010 
0.00493650 
0.00493770 
0.00494320 
0.00494310 
0.00493650 
0.00493670 
0.00490480 
0.00494320 
0.00490570 
0.00482600 
0.00482190 
0.00480550 
0.00482600 
0.00482600 
0.00482600 
0.00482600 
0.00483560 
0.00487880 
0.00484790 
0.00491890 
0.00479890 
0.00477000 
0.00477000 
0.00476790 
0.00470960 
0.00479930 
0.00484690 
0.00484890 
0.00484960 
0.00484970 
0.00485000 
0.00485000 
0.00485000 
0.00494200 
0.00495390 
0.00495500 
0.00495480 
0.00494460 
0.00495610 
0.00495070 
0.00499450 
0.00504440 
0.00503040 
0.00504530 
0.00502680 
0.00503980 
0.00504000 
0.00501340 
0.00503040 
0.00503640 
0.00499550 
0.00498550 
0.00499550 
0.00498540 
0.00503920 
0.00499270 
0.00497000 
0.00496600 
0.00496040 
0.00495060 
0.00495040 
0.00499180 
0.00494210 
0.00494350 
0.00494460 
0.00494730 
0.00494760 
0.00494620 
0.00498500 
0.00504130 
0.00497880 
0.00490000 
0.00488720 
0.00488720 
0.00489500 
0.00488950 
0.00493950 
0.00495500 
0.00494380 
0.00497470 
0.00504540 
0.00499930 
0.00498070 
0.00493510 
0.00487100 
0.00486320 
0.00483400 
0.00481910 
0.00481890 
0.00477890 
0.00474520 
0.00477600 
0.00477900 
0.00477890 
0.00477890 
0.00477940 
0.00478890 
0.00481860 
0.00475800 
0.00475560 
0.00473550 
0.00473550 
0.00476960 
0.00475010 
0.00475010 
0.00472620 
0.00476330 
0.00472100 
0.00470000 
0.00477740 
0.00480210 
0.00483280 
0.00483330 
0.00479000 
0.00477740 
0.00475100 
0.00477700 
0.00472890 
0.00477000 
0.00472710 
0.00470660 
0.00465500 
0.00464010 
0.00465070 
0.00465090 
0.00471520 
0.00471890 
0.00468310 
0.00462680 
0.00467320 
0.00465500 
0.00464080 
0.00459990 
0.00457250 
0.00458240 
0.00456980 
0.00454480 
0.00455670 
0.00456410 
0.00451120 
0.00424440 
0.00420690 
0.00420710 
0.00418400 
0.00419340 
0.00416540 
0.00414230 
0.00415540 
0.00414250 
0.00411410 
0.00414250 
0.00413600 
0.00406190 
0.00412140 
0.00414220 
0.00413330 
0.00413360 
0.00412350 
0.00414170 
0.00414640 
0.00414930 
0.00412250 
0.00412290 
0.00412510 
0.00413700 
0.00405990 
0.00408010 
0.00400010 
0.00411470 
0.00415540 
0.00415540 
0.00427460 
0.00427070 
0.00428650 
0.00430860 
0.00430340 
0.00437590 
0.00441890 
0.00436240 
0.00441060 
0.00440720 
0.00449720 
0.00447560 
0.00458180 
0.00460000 
0.00458950 
0.00462830 
0.00462570 
0.00458170 
0.00453610 
0.00458860 
0.00458920 
0.00456290 
0.00463910 
0.00463950 
0.00465620 
0.00471920 
0.00462850 
0.00453220 
0.00456400 
0.00454950 
0.00445990 
0.00439170 
0.00432220 
0.00434060 
0.00433750 
0.00430850 
0.00433750 
0.00433750 
0.00430660 
0.00429200 
0.00425290 
0.00425570 
0.00425310 
0.00424500 
0.00421720 
0.00421990 
0.00421990 
0.00423030 
0.00428090 
0.00423900 
0.00425340 
0.00418070 
0.00415530 
0.00413540 
0.00413860 
0.00410860 
0.00414630 
0.00414630 
0.00414630 
0.00414990 
0.00413100 
0.00420550 
0.00417050 
0.00413480 
0.00410700 
0.00407150 
0.00410060 
0.00418060 
0.00436380 
0.00441340 
0.00435220 
0.00437830 
0.00436820 
0.00434340 
0.00435470 
0.00439140 
0.00424780 
0.00425410 
0.00428290 
0.00438240 
0.00435580 
0.00428790 
0.00420740 
0.00410720 
0.00418770 
0.00422850 
0.00427710 
0.00427710 
0.00427820 
0.00431050 
0.00431380 
0.00432310 
0.00432680 
0.00438740 
0.00440500 
0.00442970 
0.00436420 
0.00436470 
0.00436670 
0.00436740 
0.00434330 
0.00440160 
0.00446990 
0.00437930 
0.00434840 
0.00434840 
0.00434840 
0.00433890 
0.00431860 
0.00431000 
0.00431050 
0.00434290 
0.00434290 
0.00434480 
0.00434740 
0.00434750 
0.00434840 
0.00433000 
0.00433510 
0.00438130 
0.00437190 
0.00434680 
0.00437850 
0.00438910 
0.00437460 
0.00436900 
0.00435180 
0.00439150 
0.00434970 
0.00460400 
0.00460000 
0.00470740 
0.00480530 
0.00481120 
0.00485000 
0.00486220 
0.00486240 
0.00483390 
0.00485750 
0.00486760 
0.00486760 
0.00486950 
0.00495280 
0.00495920 
0.00490920 
0.00498830 
0.00496620 
0.00492240 
0.00486500 
0.00486000 
0.00484000 
0.00483000 
0.00481000 
0.00481820 
0.00481820 
0.00481000 
0.00478400 
0.00478910 
0.00478140 
0.00469600 
0.00469600 
0.00466980 
0.00456720 
0.00467170 
0.00464970 
0.00473190 
0.00445970 
0.00444860 
0.00445190 
0.00430790 
0.00425200 
0.00417090 
0.00388530 
0.00444000 
0.00472980 
0.00477850 
0.00482540 
0.00482670 
0.00483000 
0.00484390 
0.00484430 
0.00489870 
0.00494750 
0.00490000 
0.00510310 
0.00511190 
0.00516450 
0.00514830 
0.00518300 
0.00518410 
0.00518710 
0.00516210 
0.00516210 
0.00514830 
0.00516210 
0.00519000 
0.00520130 
0.00518920 
0.00518240 
0.00519020 
0.00518950 
0.00523520 
0.00521690 
0.00521450 
0.00522810 
0.00522500 
0.00523080 
0.00523160 
0.00523350 
0.00518990 
0.00518330 
0.00518330 
0.00518990 
0.00518990 
0.00518340 
0.00518570 
0.00518810 
0.00518990 
0.00518990 
0.00524760 
0.00523560 
0.00523160 
0.00523160 
0.00525000 
0.00524970 
0.00524970 
0.00523050 
0.00523040 
0.00523040 
0.00524430 
0.00523040 
0.00523120 
0.00524410 
0.00523130 
0.00523120 
0.00524500 
0.00525000 
0.00524990 
0.00525660 
0.00525060 
0.00531800 
0.00532270 
0.00535770 
0.00532310 
0.00532600 
0.00534520 
0.00538440 
0.00532010 
0.00532830 
0.00534190 
0.00539970 
0.00539720 
0.00523250 
0.00518950 
0.00517380 
0.00518560 
0.00516500 
0.00517000 
0.00517690 
0.00516570 
0.00516020 
0.00516000 
0.00515000 
0.00512000 
0.00511400 
0.00511400 
0.00507350 
0.00507200 
0.00505050 
0.00505970 
0.00507000 
0.00506320 
0.00506940 
0.00504000 
0.00505750 
0.00507240 
0.00505630 
0.00507240 
0.00505960 
0.00505600 
0.00507590 
0.00498310 
0.00504880 
0.00508000 
0.00497080 
0.00497000 
0.00496990 
0.00487500 
0.00486900 
0.00486730 
0.00487220 
0.00489540 
0.00489000 
0.00490960 
0.00490510 
0.00493840 
0.00491380 
0.00491390 
0.00491380 
0.00491400 
0.00491420 
0.00493650 
0.00493600 
0.00493680 
0.00495000 
0.00495100 
0.00493650 
0.00495620 
0.00495010 
0.00493650 
0.00493770 
0.00494320 
0.00494310 
0.00493650 
0.00493670 
0.00490480 
0.00494320 
0.00490570 
0.00482600 
0.00482190 
0.00480550 
0.00482600 
0.00482600 
0.00482600 
0.00482600 
0.00483560 
0.00487880 
0.00484790 
0.00491890 
0.00479890 
0.00477000 
0.00477000 
0.00476790 
0.00470960 
0.00479930 
0.00484690 
0.00484890 
0.00484960 
0.00484970 
0.00485000 
0.00485000 
0.00485000 
0.00494200 
0.00495390 
0.00495500 
0.00495480 
0.00494460 
0.00495610 
0.00495070 
0.00499450 
0.00504440 
0.00503040 
0.00504530 
0.00502680 
0.00503980 
0.00504000 
0.00501340 
0.00503040 
0.00503640 
0.00499550 
0.00498550 
0.00499550 
0.00498540 
0.00503920 
0.00499270 
0.00497000 
0.00496600 
0.00496040 
0.00495060 
0.00495040 
0.00499180 
0.00494210 
0.00494350 
0.00494460 
0.00494730 
0.00494760 
0.00494620 
0.00498500 
0.00504130 
0.00497880 
0.00490000 
0.00488720 
0.00488720 
0.00489500 
0.00488950 
0.00493950 
0.00495500 
0.00494380 
0.00497470 
0.00504540 
0.00499930 
0.00498070 
0.00493510 
0.00487100 
0.00486320 
0.00483400 
0.00481910 
0.00481890 
0.00477890 
0.00474520 
0.00477600 
0.00477900 
0.00477890 
0.00477890 
0.00477940 
0.00478890 
0.00481860 
0.00475800 
0.00475560 
0.00473550 
0.00473550 
0.00476960 
0.00475010 
0.00475010 
0.00472620 
0.00476330 
0.00472100 
0.00470000 
0.00477740 
0.00480210 
0.00483280 
0.00483330 
0.00479000 
0.00477740 
0.00475100 
0.00477700 
0.00472890 
0.00477000 
0.00472710 
0.00470660 
0.00465500 
0.00464010 
0.00465070 
0.00465090 
0.00471520 
0.00471890 
0.00468310 
0.00462680 
0.00467320 
0.00465500 
0.00464080 
0.00459990 
0.00457250 
0.00458240 
0.00456980 
0.00454480 
0.00455670 
0.00456410 
0.00451120 
0.00424440 
0.00420690 
0.00420710 
0.00418400 
0.00419340 
0.00416540 
0.00414230 
0.00415540 
0.00414250 
0.00411410 
0.00414250 
0.00413600 
0.00406190 
0.00412140 
0.00414220 
0.00413330 
0.00413360 
0.00412350 
0.00414170 
0.00414640 
0.00414930 
0.00412250 
0.00412290 
0.00412510 
0.00413700 
0.00405990 
0.00408010 
0.00400010 
0.00411470 
0.00415540 
0.00415540 
0.00427460 
0.00427070 
0.00428650 
0.00430860 
0.00430340 
0.00437590 
0.00441890 
0.00436240 
0.00441060 
0.00440720 
0.00449720 
0.00447560 
0.00458180 
0.00460000 
0.00458950 
0.00462830 
0.00462570 
0.00458170 
0.00453610 
0.00458860 
0.00458920 
0.00456290 
0.00463910 
0.00463950 
0.00465620 
0.00471920 
0.00462850 
0.00453220 
0.00456400 
0.00454950 
0.00445990 
0.00439170 
0.00432220 
0.00434060 
0.00433750 
0.00430850 
0.00433750 
0.00433750 
0.00430660 
0.00429200 
0.00425290 
0.00425570 
0.00425310 
0.00424500 
0.00421720 
0.00421990 
0.00421990 
0.00423030 
0.00428090 
0.00423900 
0.00425340 
0.00418070 
0.00415530 
0.00413540 
0.00413860 
0.00410860 
0.00414630 
0.00414630 
0.00414630 
0.00414990 
0.00413100 
0.00420550 
0.00417050 
0.00413480 
0.00410700 
0.00407150 
0.00410060 
0.00418060 
0.00436380 
0.00441340 
0.00435220 
0.00437830 
0.00436820 
0.00434340 
0.00435470 
0.00439140 
0.00424780 
0.00425410 
0.00428290 
0.00438240 
0.00435580 
0.00428790 
0.00420740 
0.00410720 
0.00418770 
0.00422850 
0.00427710 
0.00427710 
0.00427820 
0.00431050 
0.00431380 
0.00432310 
0.00432680 
0.00438740 
0.00440500 
0.00442970 
0.00436420 
0.00436470 
0.00436670 
0.00436740 
0.00434330 
0.00440160 
0.00446990 
0.00437930 
0.00434840 
0.00434840 
0.00434840 
0.00433890 
0.00431860 
0.00431000 
0.00431050 
0.00434290 
0.00434290 
0.00434480 
0.00434740 
0.00434750 
0.00434840 
0.00433000 
0.00433510 
0.00438130 
0.00437190 
0.00434680 
0.00437850 
0.00438910 
0.00437460 
0.00436900 
0.00435180 
0.00439150 
0.00434970 
0.00460400 
0.00460000 
0.00470740 
0.00480530 
0.00481120 
0.00485000 
0.00486220 
0.00486240 
0.00483390 
0.00485750 
0.00486760 
0.00486760 
0.00486950 
0.00495280 
0.00495920 
0.00490920 
0.00498830 
0.00496620 
0.00492240 
0.00486500 
0.00486000 
0.00484000 
0.00483000 
0.00481000 
0.00481820 
0.00481820 
0.00481000 
0.00478400 
0.00478910 
0.00478140 
0.00469600 
0.00469600 
0.00466980 
0.00456720 
0.00467170 
0.00464970 
0.00473190 
0.00445970 
0.00444860 
0.00445190 
0.00430790 
0.00425200 
0.00417090 
0.00388530 
0.00444000 
0.00472980 
0.00477850 
0.00482540 
0.00482670 
0.00483000 
0.00484390 
0.00484430 
0.00489870 
0.00494750 
0.00490000 
0.00510310 
0.00511190 
0.00516450 
0.00514830 
0.00518300 
0.00518410 
0.00518710 
0.00516210 
0.00516210 
0.00514830 
0.00516210 
0.00519000 
0.00520130 
0.00518920 
0.00518240 
0.00519020 
0.00518950 
0.00523520 
0.00521690 
0.00521450 
0.00522810 
0.00522500 
0.00523080 
0.00523160 
0.00523350 
0.00518990 
0.00518330 
0.00518330 
0.00518990 
0.00518990 
0.00518340 
0.00518570 
0.00518810 
0.00518990 
0.00518990 
0.00524760 
0.00523560 
0.00523160 
0.00523160 
0.00525000 
0.00524970 
0.00524970 
0.00523050 
0.00523040 
0.00523040 
0.00524430 
0.00523040 
0.00523120 
0.00524410 
0.00523130 
0.00523120 
0.00524500 
0.00525000 
0.00524990 
0.00525660 
0.00525060 
0.00531800 
0.00532270 
0.00535770 
0.00532310 
0.00532600 
0.00534520 
0.00538440 
0.00532010 
0.00532830 
0.00534190 
0.00539970 
0.00539720 
0.00523250 
0.00518950 
0.00517380 
0.00518560 
0.00516500 
0.00517000 
0.00517690 
0.00516570 
0.00516020 
0.00516000 
0.00515000 
0.00512000 
0.00511400 
0.00511400 
0.00507350 
