0.00003681 
0.00003599 
0.00003569 
0.00003529 
0.00003515 
0.00003529 
0.00003520 
0.00003530 
0.00003400 
0.00003440 
0.00003500 
0.00003508 
0.00003501 
0.00003593 
0.00003688 
0.00003666 
0.00003650 
0.00003592 
0.00003595 
0.00003612 
0.00003531 
0.00003498 
0.00003470 
0.00003451 
0.00003433 
0.00003442 
0.00003418 
0.00003414 
0.00003382 
0.00003380 
0.00003379 
0.00003364 
0.00003366 
0.00003349 
0.00003316 
0.00003321 
0.00003317 
0.00003327 
0.00003293 
0.00003293 
0.00003300 
0.00003299 
0.00003303 
0.00003350 
0.00003343 
0.00003347 
0.00003340 
0.00003313 
0.00003319 
0.00003311 
0.00003304 
0.00003315 
0.00003315 
0.00003324 
0.00003311 
0.00003281 
0.00003244 
0.00003241 
0.00003248 
0.00003249 
0.00003286 
0.00003236 
0.00003222 
0.00003200 
0.00003179 
0.00003155 
0.00003148 
0.00003139 
0.00003122 
0.00003119 
0.00003118 
0.00003102 
0.00003100 
0.00003059 
0.00003076 
0.00003055 
0.00003004 
0.00002977 
0.00003023 
0.00003015 
0.00003004 
0.00003024 
0.00003037 
0.00003013 
0.00002986 
0.00002969 
0.00002987 
0.00002984 
0.00003025 
0.00003061 
0.00003104 
0.00003093 
0.00003072 
0.00003034 
0.00003056 
0.00003046 
0.00002983 
0.00002988 
0.00003039 
0.00003046 
0.00003071 
0.00003169 
0.00003156 
0.00003120 
0.00003100 
0.00003094 
0.00003095 
0.00003085 
0.00003104 
0.00003075 
0.00003098 
0.00003101 
0.00003060 
0.00003021 
0.00002995 
0.00002983 
0.00002985 
0.00002989 
0.00002995 
0.00002938 
0.00002958 
0.00002931 
0.00002916 
0.00002910 
0.00002883 
0.00002874 
0.00002882 
0.00002843 
0.00002879 
0.00002878 
0.00002854 
0.00002834 
0.00002835 
0.00002838 
0.00002835 
0.00002819 
0.00002801 
0.00002802 
0.00002801 
0.00002786 
0.00002784 
0.00002770 
0.00002777 
0.00002769 
0.00002790 
0.00002805 
0.00002808 
0.00002784 
0.00002795 
0.00002788 
0.00002810 
0.00002790 
0.00002783 
0.00002750 
0.00002718 
0.00002738 
0.00002702 
0.00002711 
0.00002700 
0.00002723 
0.00002692 
0.00002700 
0.00002707 
0.00002695 
0.00002681 
0.00002650 
0.00002687 
0.00002684 
0.00002667 
0.00002664 
0.00002644 
0.00002637 
0.00002620 
0.00002619 
0.00002619 
0.00002615 
0.00002615 
0.00002618 
0.00002618 
0.00002606 
0.00002617 
0.00002627 
0.00002614 
0.00002606 
0.00002598 
0.00002595 
0.00002575 
0.00002595 
0.00002589 
0.00002584 
0.00002594 
0.00002587 
0.00002587 
0.00002565 
0.00002587 
0.00002577 
0.00002599 
0.00002600 
0.00002586 
0.00002609 
0.00002584 
0.00002589 
0.00002586 
0.00002592 
0.00002590 
0.00002584 
0.00002593 
0.00002600 
0.00002620 
0.00002620 
0.00002624 
0.00002619 
0.00002603 
0.00002592 
0.00002612 
0.00002629 
0.00002622 
0.00002633 
0.00002636 
0.00002636 
0.00002616 
0.00002616 
0.00002606 
0.00002604 
0.00002610 
0.00002613 
0.00002617 
0.00002610 
0.00002596 
0.00002614 
0.00002610 
0.00002595 
0.00002604 
0.00002611 
0.00002589 
0.00002625 
0.00002624 
0.00002650 
0.00002641 
0.00002628 
0.00002635 
0.00002630 
0.00002604 
0.00002611 
0.00002589 
0.00002589 
0.00002582 
0.00002580 
0.00002584 
0.00002568 
0.00002566 
0.00002582 
0.00002561 
0.00002561 
0.00002580 
0.00002586 
0.00002560 
0.00002560 
0.00002555 
0.00002546 
0.00002578 
0.00002549 
0.00002526 
0.00002533 
0.00002518 
0.00002523 
0.00002530 
0.00002515 
0.00002527 
0.00002540 
0.00002545 
0.00002578 
0.00002590 
0.00002606 
0.00002608 
0.00002605 
0.00002601 
0.00002604 
0.00002613 
0.00002622 
0.00002629 
0.00002629 
0.00002638 
0.00002637 
0.00002649 
0.00002636 
0.00002635 
0.00002630 
0.00002607 
0.00002618 
0.00002613 
0.00002602 
0.00002610 
0.00002610 
0.00002602 
0.00002584 
0.00002606 
0.00002588 
0.00002590 
0.00002611 
0.00002604 
0.00002599 
0.00002599 
0.00002600 
0.00002615 
0.00002616 
0.00002638 
0.00002620 
0.00002606 
0.00002606 
0.00002614 
0.00002635 
0.00002615 
0.00002609 
0.00002610 
0.00002632 
0.00002601 
0.00002605 
0.00002616 
0.00002603 
0.00002599 
0.00002597 
0.00002574 
0.00002568 
0.00002565 
0.00002578 
0.00002584 
0.00002590 
0.00002551 
0.00002523 
0.00002535 
0.00002522 
0.00002525 
0.00002530 
0.00002531 
0.00002531 
0.00002531 
0.00002531 
0.00002531 
0.00002536 
0.00002560 
0.00002564 
0.00002605 
0.00002581 
0.00002599 
0.00002585 
0.00002605 
0.00002611 
0.00002595 
0.00002601 
0.00002624 
0.00002609 
0.00002616 
0.00002601 
0.00002584 
0.00002602 
0.00002602 
0.00002599 
0.00002578 
0.00002591 
0.00002606 
0.00002592 
0.00002609 
0.00002595 
0.00002596 
0.00002612 
0.00002587 
0.00002601 
0.00002629 
0.00002656 
0.00002677 
0.00002660 
0.00002700 
0.00002704 
0.00002700 
0.00002727 
0.00002726 
0.00002681 
0.00002680 
0.00002683 
0.00002670 
0.00002663 
0.00002665 
0.00002682 
0.00002688 
0.00002687 
0.00002723 
0.00002731 
0.00002749 
0.00002739 
0.00002739 
0.00002756 
0.00002763 
0.00002764 
0.00002806 
0.00002809 
0.00002811 
0.00002800 
0.00002813 
0.00002815 
0.00002821 
0.00002823 
0.00002827 
0.00002827 
0.00002825 
0.00002837 
0.00002834 
0.00002858 
0.00002857 
0.00002840 
0.00002859 
0.00002861 
0.00002850 
0.00002867 
0.00002887 
0.00002861 
0.00002888 
0.00002883 
0.00002894 
0.00002872 
0.00002913 
0.00002890 
0.00002890 
0.00002870 
0.00002861 
0.00002862 
0.00002856 
0.00002855 
0.00002853 
0.00002848 
0.00002836 
0.00002840 
0.00002836 
0.00002847 
0.00002849 
0.00002844 
0.00002842 
0.00002841 
0.00002848 
0.00002848 
0.00002842 
0.00002839 
0.00002837 
0.00002832 
0.00002836 
0.00002819 
0.00002840 
0.00002835 
0.00002816 
0.00002800 
0.00002799 
0.00002790 
0.00002814 
0.00002847 
0.00002867 
0.00002895 
0.00002892 
0.00002931 
0.00002926 
0.00002921 
0.00002934 
0.00002919 
0.00002927 
0.00002934 
0.00002945 
0.00002944 
0.00002947 
0.00002936 
0.00002925 
0.00002908 
0.00002869 
0.00002856 
0.00002843 
0.00002838 
0.00002849 
0.00002833 
0.00002847 
0.00002774 
0.00002769 
0.00002774 
0.00003681 
0.00003599 
0.00003569 
0.00003529 
0.00003515 
0.00003529 
0.00003520 
0.00003530 
0.00003400 
0.00003440 
0.00003500 
0.00003508 
0.00003501 
0.00003593 
0.00003688 
0.00003666 
0.00003650 
0.00003592 
0.00003595 
0.00003612 
0.00003531 
0.00003498 
0.00003470 
0.00003451 
0.00003433 
0.00003442 
0.00003418 
0.00003414 
0.00003382 
0.00003380 
0.00003379 
0.00003364 
0.00003366 
0.00003349 
0.00003316 
0.00003321 
0.00003317 
0.00003327 
0.00003293 
0.00003293 
0.00003300 
0.00003299 
0.00003303 
0.00003350 
0.00003343 
0.00003347 
0.00003340 
0.00003313 
0.00003319 
0.00003311 
0.00003304 
0.00003315 
0.00003315 
0.00003324 
0.00003311 
0.00003281 
0.00003244 
0.00003241 
0.00003248 
0.00003249 
0.00003286 
0.00003236 
0.00003222 
0.00003200 
0.00003179 
0.00003155 
0.00003148 
0.00003139 
0.00003122 
0.00003119 
0.00003118 
0.00003102 
0.00003100 
0.00003059 
0.00003076 
0.00003055 
0.00003004 
0.00002977 
0.00003023 
0.00003015 
0.00003004 
0.00003024 
0.00003037 
0.00003013 
0.00002986 
0.00002969 
0.00002987 
0.00002984 
0.00003025 
0.00003061 
0.00003104 
0.00003093 
0.00003072 
0.00003034 
0.00003056 
0.00003046 
0.00002983 
0.00002988 
0.00003039 
0.00003046 
0.00003071 
0.00003169 
0.00003156 
0.00003120 
0.00003100 
0.00003094 
0.00003095 
0.00003085 
0.00003104 
0.00003075 
0.00003098 
0.00003101 
0.00003060 
0.00003021 
0.00002995 
0.00002983 
0.00002985 
0.00002989 
0.00002995 
0.00002938 
0.00002958 
0.00002931 
0.00002916 
0.00002910 
0.00002883 
0.00002874 
0.00002882 
0.00002843 
0.00002879 
0.00002878 
0.00002854 
0.00002834 
0.00002835 
0.00002838 
0.00002835 
0.00002819 
0.00002801 
0.00002802 
0.00002801 
0.00002786 
0.00002784 
0.00002770 
0.00002777 
0.00002769 
0.00002790 
0.00002805 
0.00002808 
0.00002784 
0.00002795 
0.00002788 
0.00002810 
0.00002790 
0.00002783 
0.00002750 
0.00002718 
0.00002738 
0.00002702 
0.00002711 
0.00002700 
0.00002723 
0.00002692 
0.00002700 
0.00002707 
0.00002695 
0.00002681 
0.00002650 
0.00002687 
0.00002684 
0.00002667 
0.00002664 
0.00002644 
0.00002637 
0.00002620 
0.00002619 
0.00002619 
0.00002615 
0.00002615 
0.00002618 
0.00002618 
0.00002606 
0.00002617 
0.00002627 
0.00002614 
0.00002606 
0.00002598 
0.00002595 
0.00002575 
0.00002595 
0.00002589 
0.00002584 
0.00002594 
0.00002587 
0.00002587 
0.00002565 
0.00002587 
0.00002577 
0.00002599 
0.00002600 
0.00002586 
0.00002609 
0.00002584 
0.00002589 
0.00002586 
0.00002592 
0.00002590 
0.00002584 
0.00002593 
0.00002600 
0.00002620 
0.00002620 
0.00002624 
0.00002619 
0.00002603 
0.00002592 
0.00002612 
0.00002629 
0.00002622 
0.00002633 
0.00002636 
0.00002636 
0.00002616 
0.00002616 
0.00002606 
0.00002604 
0.00002610 
0.00002613 
0.00002617 
0.00002610 
0.00002596 
0.00002614 
0.00002610 
0.00002595 
0.00002604 
0.00002611 
0.00002589 
0.00002625 
0.00002624 
0.00002650 
0.00002641 
0.00002628 
0.00002635 
0.00002630 
0.00002604 
0.00002611 
0.00002589 
0.00002589 
0.00002582 
0.00002580 
0.00002584 
0.00002568 
0.00002566 
0.00002582 
0.00002561 
0.00002561 
0.00002580 
0.00002586 
0.00002560 
0.00002560 
0.00002555 
0.00002546 
0.00002578 
0.00002549 
0.00002526 
0.00002533 
0.00002518 
0.00002523 
0.00002530 
0.00002515 
0.00002527 
0.00002540 
0.00002545 
0.00002578 
0.00002590 
0.00002606 
0.00002608 
0.00002605 
0.00002601 
0.00002604 
0.00002613 
0.00002622 
0.00002629 
0.00002629 
0.00002638 
0.00002637 
0.00002649 
0.00002636 
0.00002635 
0.00002630 
0.00002607 
0.00002618 
0.00002613 
0.00002602 
0.00002610 
0.00002610 
0.00002602 
0.00002584 
0.00002606 
0.00002588 
0.00002590 
0.00002611 
0.00002604 
0.00002599 
0.00002599 
0.00002600 
0.00002615 
0.00002616 
0.00002638 
0.00002620 
0.00002606 
0.00002606 
0.00002614 
0.00002635 
0.00002615 
0.00002609 
0.00002610 
0.00002632 
0.00002601 
0.00002605 
0.00002616 
0.00002603 
0.00002599 
0.00002597 
0.00002574 
0.00002568 
0.00002565 
0.00002578 
0.00002584 
0.00002590 
0.00002551 
0.00002523 
0.00002535 
0.00002522 
0.00002525 
0.00002530 
0.00002531 
0.00002531 
0.00002531 
0.00002531 
0.00002531 
0.00002536 
0.00002560 
0.00002564 
0.00002605 
0.00002581 
0.00002599 
0.00002585 
0.00002605 
0.00002611 
0.00002595 
0.00002601 
0.00002624 
0.00002609 
0.00002616 
0.00002601 
0.00002584 
0.00002602 
0.00002602 
0.00002599 
0.00002578 
0.00002591 
0.00002606 
0.00002592 
0.00002609 
0.00002595 
0.00002596 
0.00002612 
0.00002587 
0.00002601 
0.00002629 
0.00002656 
0.00002677 
0.00002660 
0.00002700 
0.00002704 
0.00002700 
0.00002727 
0.00002726 
0.00002681 
0.00002680 
0.00002683 
0.00002670 
0.00002663 
0.00002665 
0.00002682 
0.00002688 
0.00002687 
0.00002723 
0.00002731 
0.00002749 
0.00002739 
0.00002739 
0.00002756 
0.00002763 
0.00002764 
0.00002806 
0.00002809 
0.00002811 
0.00002800 
0.00002813 
0.00002815 
0.00002821 
0.00002823 
0.00002827 
0.00002827 
0.00002825 
0.00002837 
0.00002834 
0.00002858 
0.00002857 
0.00002840 
0.00002859 
0.00002861 
0.00002850 
0.00002867 
0.00002887 
0.00002861 
0.00002888 
0.00002883 
0.00002894 
0.00002872 
0.00002913 
0.00002890 
0.00002890 
0.00002870 
0.00002861 
0.00002862 
0.00002856 
0.00002855 
0.00002853 
0.00002848 
0.00002836 
0.00002840 
0.00002836 
0.00002847 
0.00002849 
0.00002844 
0.00002842 
0.00002841 
0.00002848 
0.00002848 
0.00002842 
0.00002839 
0.00002837 
0.00002832 
0.00002836 
0.00002819 
0.00002840 
0.00002835 
0.00002816 
0.00002800 
0.00002799 
0.00002790 
0.00002814 
0.00002847 
0.00002867 
0.00002895 
0.00002892 
0.00002931 
0.00002926 
0.00002921 
0.00002934 
0.00002919 
0.00002927 
0.00002934 
0.00002945 
0.00002944 
0.00002947 
0.00002936 
0.00002925 
0.00002908 
0.00002869 
0.00002856 
0.00002843 
0.00002838 
0.00002849 
0.00002833 
0.00002847 
0.00002774 
0.00002769 
0.00002774 
0.00003681 
0.00003599 
0.00003569 
0.00003529 
0.00003515 
0.00003529 
0.00003520 
0.00003530 
0.00003400 
0.00003440 
0.00003500 
0.00003508 
0.00003501 
0.00003593 
0.00003688 
0.00003666 
0.00003650 
0.00003592 
0.00003595 
0.00003612 
0.00003531 
0.00003498 
0.00003470 
0.00003451 
0.00003433 
0.00003442 
0.00003418 
0.00003414 
0.00003382 
0.00003380 
0.00003379 
0.00003364 
0.00003366 
0.00003349 
0.00003316 
0.00003321 
0.00003317 
0.00003327 
0.00003293 
0.00003293 
0.00003300 
0.00003299 
0.00003303 
0.00003350 
0.00003343 
0.00003347 
0.00003340 
0.00003313 
0.00003319 
0.00003311 
0.00003304 
0.00003315 
0.00003315 
0.00003324 
0.00003311 
0.00003281 
0.00003244 
0.00003241 
0.00003248 
0.00003249 
0.00003286 
0.00003236 
0.00003222 
0.00003200 
0.00003179 
0.00003155 
0.00003148 
0.00003139 
0.00003122 
0.00003119 
0.00003118 
0.00003102 
0.00003100 
0.00003059 
0.00003076 
0.00003055 
0.00003004 
0.00002977 
0.00003023 
0.00003015 
0.00003004 
0.00003024 
0.00003037 
0.00003013 
0.00002986 
0.00002969 
0.00002987 
0.00002984 
0.00003025 
0.00003061 
0.00003104 
0.00003093 
0.00003072 
0.00003034 
0.00003056 
0.00003046 
0.00002983 
0.00002988 
0.00003039 
0.00003046 
0.00003071 
0.00003169 
0.00003156 
0.00003120 
0.00003100 
0.00003094 
0.00003095 
0.00003085 
0.00003104 
0.00003075 
0.00003098 
0.00003101 
0.00003060 
0.00003021 
0.00002995 
0.00002983 
0.00002985 
0.00002989 
0.00002995 
0.00002938 
0.00002958 
0.00002931 
0.00002916 
0.00002910 
0.00002883 
0.00002874 
0.00002882 
0.00002843 
0.00002879 
0.00002878 
0.00002854 
0.00002834 
0.00002835 
0.00002838 
0.00002835 
0.00002819 
0.00002801 
0.00002802 
0.00002801 
0.00002786 
0.00002784 
0.00002770 
0.00002777 
0.00002769 
0.00002790 
0.00002805 
0.00002808 
0.00002784 
0.00002795 
0.00002788 
0.00002810 
0.00002790 
0.00002783 
0.00002750 
0.00002718 
0.00002738 
0.00002702 
0.00002711 
0.00002700 
0.00002723 
0.00002692 
0.00002700 
0.00002707 
0.00002695 
0.00002681 
0.00002650 
0.00002687 
0.00002684 
0.00002667 
0.00002664 
0.00002644 
0.00002637 
0.00002620 
0.00002619 
0.00002619 
0.00002615 
0.00002615 
0.00002618 
0.00002618 
0.00002606 
0.00002617 
0.00002627 
0.00002614 
0.00002606 
0.00002598 
0.00002595 
0.00002575 
0.00002595 
0.00002589 
0.00002584 
0.00002594 
0.00002587 
0.00002587 
0.00002565 
0.00002587 
0.00002577 
0.00002599 
0.00002600 
0.00002586 
0.00002609 
0.00002584 
0.00002589 
0.00002586 
0.00002592 
0.00002590 
0.00002584 
0.00002593 
0.00002600 
0.00002620 
0.00002620 
0.00002624 
0.00002619 
0.00002603 
0.00002592 
0.00002612 
0.00002629 
0.00002622 
0.00002633 
0.00002636 
0.00002636 
0.00002616 
0.00002616 
0.00002606 
0.00002604 
0.00002610 
0.00002613 
0.00002617 
0.00002610 
0.00002596 
0.00002614 
0.00002610 
0.00002595 
0.00002604 
0.00002611 
0.00002589 
0.00002625 
0.00002624 
0.00002650 
0.00002641 
0.00002628 
0.00002635 
0.00002630 
0.00002604 
0.00002611 
0.00002589 
0.00002589 
0.00002582 
0.00002580 
0.00002584 
0.00002568 
0.00002566 
0.00002582 
0.00002561 
0.00002561 
0.00002580 
0.00002586 
0.00002560 
0.00002560 
0.00002555 
0.00002546 
0.00002578 
0.00002549 
0.00002526 
0.00002533 
0.00002518 
0.00002523 
0.00002530 
0.00002515 
0.00002527 
0.00002540 
0.00002545 
0.00002578 
0.00002590 
0.00002606 
0.00002608 
0.00002605 
0.00002601 
0.00002604 
0.00002613 
0.00002622 
0.00002629 
0.00002629 
0.00002638 
0.00002637 
0.00002649 
0.00002636 
0.00002635 
0.00002630 
0.00002607 
0.00002618 
0.00002613 
0.00002602 
0.00002610 
0.00002610 
0.00002602 
0.00002584 
0.00002606 
0.00002588 
0.00002590 
0.00002611 
0.00002604 
0.00002599 
0.00002599 
0.00002600 
0.00002615 
0.00002616 
0.00002638 
0.00002620 
0.00002606 
0.00002606 
0.00002614 
0.00002635 
0.00002615 
0.00002609 
0.00002610 
0.00002632 
0.00002601 
0.00002605 
0.00002616 
0.00002603 
0.00002599 
0.00002597 
0.00002574 
0.00002568 
0.00002565 
0.00002578 
0.00002584 
0.00002590 
0.00002551 
0.00002523 
0.00002535 
0.00002522 
0.00002525 
0.00002530 
0.00002531 
0.00002531 
0.00002531 
0.00002531 
0.00002531 
0.00002536 
0.00002560 
0.00002564 
0.00002605 
0.00002581 
0.00002599 
0.00002585 
0.00002605 
0.00002611 
0.00002595 
0.00002601 
0.00002624 
0.00002609 
0.00002616 
0.00002601 
0.00002584 
0.00002602 
0.00002602 
0.00002599 
0.00002578 
0.00002591 
0.00002606 
0.00002592 
0.00002609 
0.00002595 
0.00002596 
0.00002612 
0.00002587 
0.00002601 
0.00002629 
0.00002656 
0.00002677 
0.00002660 
0.00002700 
0.00002704 
0.00002700 
0.00002727 
0.00002726 
0.00002681 
0.00002680 
0.00002683 
0.00002670 
0.00002663 
0.00002665 
0.00002682 
0.00002688 
0.00002687 
0.00002723 
0.00002731 
0.00002749 
0.00002739 
0.00002739 
0.00002756 
0.00002763 
0.00002764 
0.00002806 
0.00002809 
0.00002811 
0.00002800 
0.00002813 
0.00002815 
0.00002821 
0.00002823 
0.00002827 
0.00002827 
0.00002825 
0.00002837 
0.00002834 
0.00002858 
0.00002857 
0.00002840 
0.00002859 
0.00002861 
0.00002850 
0.00002867 
0.00002887 
0.00002861 
0.00002888 
0.00002883 
0.00002894 
0.00002872 
0.00002913 
0.00002890 
0.00002890 
0.00002870 
0.00002861 
0.00002862 
0.00002856 
0.00002855 
0.00002853 
0.00002848 
0.00002836 
0.00002840 
0.00002836 
0.00002847 
0.00002849 
0.00002844 
0.00002842 
0.00002841 
0.00002848 
0.00002848 
0.00002842 
0.00002839 
0.00002837 
0.00002832 
0.00002836 
0.00002819 
0.00002840 
0.00002835 
0.00002816 
0.00002800 
0.00002799 
0.00002790 
0.00002814 
0.00002847 
0.00002867 
0.00002895 
0.00002892 
0.00002931 
0.00002926 
0.00002921 
0.00002934 
0.00002919 
0.00002927 
0.00002934 
0.00002945 
0.00002944 
0.00002947 
0.00002936 
0.00002925 
0.00002908 
0.00002869 
0.00002856 
0.00002843 
0.00002838 
0.00002849 
0.00002833 
0.00002847 
0.00002774 
0.00002769 
0.00002774 
