0.00003662 
0.00003681 
0.00003599 
0.00003565 
0.00003519 
0.00003515 
0.00003548 
0.00003520 
0.00003533 
0.00003391 
0.00003416 
0.00003500 
0.00003517 
0.00003515 
0.00003611 
0.00003674 
0.00003667 
0.00003650 
0.00003593 
0.00003599 
0.00003613 
0.00003531 
0.00003499 
0.00003470 
0.00003450 
0.00003435 
0.00003440 
0.00003439 
0.00003414 
0.00003382 
0.00003379 
0.00003380 
0.00003353 
0.00003367 
0.00003349 
0.00003332 
0.00003321 
0.00003317 
0.00003318 
0.00003293 
0.00003293 
0.00003300 
0.00003292 
0.00003328 
0.00003350 
0.00003343 
0.00003342 
0.00003340 
0.00003315 
0.00003321 
0.00003304 
0.00003304 
0.00003318 
0.00003318 
0.00003320 
0.00003311 
0.00003281 
0.00003235 
0.00003241 
0.00003248 
0.00003234 
0.00003287 
0.00003238 
0.00003223 
0.00003200 
0.00003179 
0.00003154 
0.00003141 
0.00003141 
0.00003121 
0.00003107 
0.00003118 
0.00003101 
0.00003100 
0.00003059 
0.00003077 
0.00003059 
0.00003005 
0.00002979 
0.00003016 
0.00003001 
0.00003014 
0.00003024 
0.00003053 
0.00003014 
0.00002986 
0.00002961 
0.00002986 
0.00002983 
0.00003036 
0.00003041 
0.00003117 
0.00003096 
0.00003055 
0.00003034 
0.00003056 
0.00003045 
0.00002981 
0.00002998 
0.00003039 
0.00003060 
0.00003080 
0.00003169 
0.00003156 
0.00003118 
0.00003100 
0.00003095 
0.00003090 
0.00003100 
0.00003104 
0.00003075 
0.00003098 
0.00003101 
0.00003051 
0.00003007 
0.00002995 
0.00002978 
0.00002984 
0.00002990 
0.00002996 
0.00002933 
0.00002942 
0.00002931 
0.00002912 
0.00002906 
0.00002883 
0.00002888 
0.00002887 
0.00002845 
0.00002875 
0.00002865 
0.00002850 
0.00002827 
0.00002835 
0.00002833 
0.00002832 
0.00002826 
0.00002822 
0.00002789 
0.00002790 
0.00002789 
0.00002784 
0.00002770 
0.00002786 
0.00002750 
0.00002801 
0.00002811 
0.00002808 
0.00002776 
0.00002789 
0.00002782 
0.00002805 
0.00002790 
0.00002786 
0.00002750 
0.00002719 
0.00002738 
0.00002705 
0.00002715 
0.00002700 
0.00002723 
0.00002692 
0.00002701 
0.00002707 
0.00002676 
0.00002669 
0.00002645 
0.00002685 
0.00002669 
0.00002691 
0.00002664 
0.00002645 
0.00002638 
0.00002620 
0.00002610 
0.00002619 
0.00002619 
0.00002619 
0.00002609 
0.00002618 
0.00002615 
0.00002597 
0.00002630 
0.00002612 
0.00002607 
0.00002595 
0.00002596 
0.00002575 
0.00002594 
0.00002589 
0.00002584 
0.00002575 
0.00002587 
0.00002571 
0.00002562 
0.00002595 
0.00002580 
0.00002587 
0.00002589 
0.00002607 
0.00002586 
0.00002584 
0.00002610 
0.00002585 
0.00002592 
0.00002597 
0.00002592 
0.00002592 
0.00002600 
0.00002620 
0.00002620 
0.00002638 
0.00002613 
0.00002611 
0.00002592 
0.00002612 
0.00002629 
0.00002622 
0.00002629 
0.00002621 
0.00002612 
0.00002621 
0.00002611 
0.00002617 
0.00002615 
0.00002615 
0.00002613 
0.00002617 
0.00002597 
0.00002599 
0.00002614 
0.00002604 
0.00002611 
0.00002615 
0.00002600 
0.00002591 
0.00002638 
0.00002628 
0.00002649 
0.00002645 
0.00002628 
0.00002638 
0.00002629 
0.00002614 
0.00002625 
0.00002586 
0.00002589 
0.00002585 
0.00002582 
0.00002582 
0.00002568 
0.00002567 
0.00002560 
0.00002561 
0.00002560 
0.00002557 
0.00002559 
0.00002559 
0.00002557 
0.00002557 
0.00002546 
0.00002578 
0.00002542 
0.00002515 
0.00002522 
0.00002510 
0.00002521 
0.00002540 
0.00002517 
0.00002527 
0.00002554 
0.00002547 
0.00002572 
0.00002591 
0.00002621 
0.00002585 
0.00002607 
0.00002580 
0.00002607 
0.00002621 
0.00002629 
0.00002628 
0.00002638 
0.00002638 
0.00002646 
0.00002649 
0.00002636 
0.00002634 
0.00002641 
0.00002609 
0.00002620 
0.00002613 
0.00002608 
0.00002610 
0.00002610 
0.00002604 
0.00002606 
0.00002585 
0.00002588 
0.00002588 
0.00002615 
0.00002588 
0.00002598 
0.00002576 
0.00002601 
0.00002615 
0.00002616 
0.00002646 
0.00002605 
0.00002604 
0.00002606 
0.00002614 
0.00002636 
0.00002648 
0.00002610 
0.00002610 
0.00002617 
0.00002595 
0.00002605 
0.00002611 
0.00002603 
0.00002603 
0.00002605 
0.00002565 
0.00002557 
0.00002582 
0.00002561 
0.00002584 
0.00002591 
0.00002548 
0.00002523 
0.00002515 
0.00002536 
0.00002532 
0.00002530 
0.00002538 
0.00002530 
0.00002531 
0.00002535 
0.00002530 
0.00002531 
0.00002560 
0.00002573 
0.00002603 
0.00002594 
0.00002599 
0.00002602 
0.00002605 
0.00002607 
0.00002617 
0.00002601 
0.00002624 
0.00002608 
0.00002617 
0.00002599 
0.00002584 
0.00002602 
0.00002607 
0.00002601 
0.00002578 
0.00002609 
0.00002610 
0.00002592 
0.00002609 
0.00002601 
0.00002604 
0.00002615 
0.00002581 
0.00002601 
0.00002638 
0.00002656 
0.00002676 
0.00002659 
0.00002702 
0.00002703 
0.00002700 
0.00002715 
0.00002726 
0.00002679 
0.00002681 
0.00002683 
0.00002650 
0.00002664 
0.00002676 
0.00002676 
0.00002676 
0.00002687 
0.00002706 
0.00002727 
0.00002736 
0.00002753 
0.00002750 
0.00002754 
0.00002763 
0.00002764 
0.00002810 
0.00002811 
0.00002800 
0.00002800 
0.00002819 
0.00002815 
0.00002818 
0.00002823 
0.00002827 
0.00002826 
0.00002853 
0.00002839 
0.00002834 
0.00002859 
0.00002854 
0.00002849 
0.00002869 
0.00002836 
0.00002879 
0.00002860 
0.00002887 
0.00002860 
0.00002888 
0.00002883 
0.00002895 
0.00002871 
0.00002891 
0.00002877 
0.00002887 
0.00002887 
0.00002861 
0.00002864 
0.00002867 
0.00002854 
0.00002848 
0.00002848 
0.00002822 
0.00002830 
0.00002848 
0.00002847 
0.00002851 
0.00002844 
0.00002842 
0.00002848 
0.00002848 
0.00002848 
0.00002842 
0.00002870 
0.00002839 
0.00002836 
0.00002820 
0.00002818 
0.00002842 
0.00002846 
0.00002810 
0.00002800 
0.00002788 
0.00002790 
0.00002817 
0.00002847 
0.00002846 
0.00002896 
0.00002892 
0.00002942 
0.00002926 
0.00002922 
0.00002920 
0.00002913 
0.00002927 
0.00002961 
0.00002945 
0.00002938 
0.00002953 
0.00002947 
0.00002902 
0.00002891 
0.00002854 
0.00002856 
0.00002838 
0.00002843 
0.00002832 
0.00002823 
0.00002843 
0.00002779 
0.00002765 
0.00003662 
0.00003681 
0.00003599 
0.00003565 
0.00003519 
0.00003515 
0.00003548 
0.00003520 
0.00003533 
0.00003391 
0.00003416 
0.00003500 
0.00003517 
0.00003515 
0.00003611 
0.00003674 
0.00003667 
0.00003650 
0.00003593 
0.00003599 
0.00003613 
0.00003531 
0.00003499 
0.00003470 
0.00003450 
0.00003435 
0.00003440 
0.00003439 
0.00003414 
0.00003382 
0.00003379 
0.00003380 
0.00003353 
0.00003367 
0.00003349 
0.00003332 
0.00003321 
0.00003317 
0.00003318 
0.00003293 
0.00003293 
0.00003300 
0.00003292 
0.00003328 
0.00003350 
0.00003343 
0.00003342 
0.00003340 
0.00003315 
0.00003321 
0.00003304 
0.00003304 
0.00003318 
0.00003318 
0.00003320 
0.00003311 
0.00003281 
0.00003235 
0.00003241 
0.00003248 
0.00003234 
0.00003287 
0.00003238 
0.00003223 
0.00003200 
0.00003179 
0.00003154 
0.00003141 
0.00003141 
0.00003121 
0.00003107 
0.00003118 
0.00003101 
0.00003100 
0.00003059 
0.00003077 
0.00003059 
0.00003005 
0.00002979 
0.00003016 
0.00003001 
0.00003014 
0.00003024 
0.00003053 
0.00003014 
0.00002986 
0.00002961 
0.00002986 
0.00002983 
0.00003036 
0.00003041 
0.00003117 
0.00003096 
0.00003055 
0.00003034 
0.00003056 
0.00003045 
0.00002981 
0.00002998 
0.00003039 
0.00003060 
0.00003080 
0.00003169 
0.00003156 
0.00003118 
0.00003100 
0.00003095 
0.00003090 
0.00003100 
0.00003104 
0.00003075 
0.00003098 
0.00003101 
0.00003051 
0.00003007 
0.00002995 
0.00002978 
0.00002984 
0.00002990 
0.00002996 
0.00002933 
0.00002942 
0.00002931 
0.00002912 
0.00002906 
0.00002883 
0.00002888 
0.00002887 
0.00002845 
0.00002875 
0.00002865 
0.00002850 
0.00002827 
0.00002835 
0.00002833 
0.00002832 
0.00002826 
0.00002822 
0.00002789 
0.00002790 
0.00002789 
0.00002784 
0.00002770 
0.00002786 
0.00002750 
0.00002801 
0.00002811 
0.00002808 
0.00002776 
0.00002789 
0.00002782 
0.00002805 
0.00002790 
0.00002786 
0.00002750 
0.00002719 
0.00002738 
0.00002705 
0.00002715 
0.00002700 
0.00002723 
0.00002692 
0.00002701 
0.00002707 
0.00002676 
0.00002669 
0.00002645 
0.00002685 
0.00002669 
0.00002691 
0.00002664 
0.00002645 
0.00002638 
0.00002620 
0.00002610 
0.00002619 
0.00002619 
0.00002619 
0.00002609 
0.00002618 
0.00002615 
0.00002597 
0.00002630 
0.00002612 
0.00002607 
0.00002595 
0.00002596 
0.00002575 
0.00002594 
0.00002589 
0.00002584 
0.00002575 
0.00002587 
0.00002571 
0.00002562 
0.00002595 
0.00002580 
0.00002587 
0.00002589 
0.00002607 
0.00002586 
0.00002584 
0.00002610 
0.00002585 
0.00002592 
0.00002597 
0.00002592 
0.00002592 
0.00002600 
0.00002620 
0.00002620 
0.00002638 
0.00002613 
0.00002611 
0.00002592 
0.00002612 
0.00002629 
0.00002622 
0.00002629 
0.00002621 
0.00002612 
0.00002621 
0.00002611 
0.00002617 
0.00002615 
0.00002615 
0.00002613 
0.00002617 
0.00002597 
0.00002599 
0.00002614 
0.00002604 
0.00002611 
0.00002615 
0.00002600 
0.00002591 
0.00002638 
0.00002628 
0.00002649 
0.00002645 
0.00002628 
0.00002638 
0.00002629 
0.00002614 
0.00002625 
0.00002586 
0.00002589 
0.00002585 
0.00002582 
0.00002582 
0.00002568 
0.00002567 
0.00002560 
0.00002561 
0.00002560 
0.00002557 
0.00002559 
0.00002559 
0.00002557 
0.00002557 
0.00002546 
0.00002578 
0.00002542 
0.00002515 
0.00002522 
0.00002510 
0.00002521 
0.00002540 
0.00002517 
0.00002527 
0.00002554 
0.00002547 
0.00002572 
0.00002591 
0.00002621 
0.00002585 
0.00002607 
0.00002580 
0.00002607 
0.00002621 
0.00002629 
0.00002628 
0.00002638 
0.00002638 
0.00002646 
0.00002649 
0.00002636 
0.00002634 
0.00002641 
0.00002609 
0.00002620 
0.00002613 
0.00002608 
0.00002610 
0.00002610 
0.00002604 
0.00002606 
0.00002585 
0.00002588 
0.00002588 
0.00002615 
0.00002588 
0.00002598 
0.00002576 
0.00002601 
0.00002615 
0.00002616 
0.00002646 
0.00002605 
0.00002604 
0.00002606 
0.00002614 
0.00002636 
0.00002648 
0.00002610 
0.00002610 
0.00002617 
0.00002595 
0.00002605 
0.00002611 
0.00002603 
0.00002603 
0.00002605 
0.00002565 
0.00002557 
0.00002582 
0.00002561 
0.00002584 
0.00002591 
0.00002548 
0.00002523 
0.00002515 
0.00002536 
0.00002532 
0.00002530 
0.00002538 
0.00002530 
0.00002531 
0.00002535 
0.00002530 
0.00002531 
0.00002560 
0.00002573 
0.00002603 
0.00002594 
0.00002599 
0.00002602 
0.00002605 
0.00002607 
0.00002617 
0.00002601 
0.00002624 
0.00002608 
0.00002617 
0.00002599 
0.00002584 
0.00002602 
0.00002607 
0.00002601 
0.00002578 
0.00002609 
0.00002610 
0.00002592 
0.00002609 
0.00002601 
0.00002604 
0.00002615 
0.00002581 
0.00002601 
0.00002638 
0.00002656 
0.00002676 
0.00002659 
0.00002702 
0.00002703 
0.00002700 
0.00002715 
0.00002726 
0.00002679 
0.00002681 
0.00002683 
0.00002650 
0.00002664 
0.00002676 
0.00002676 
0.00002676 
0.00002687 
0.00002706 
0.00002727 
0.00002736 
0.00002753 
0.00002750 
0.00002754 
0.00002763 
0.00002764 
0.00002810 
0.00002811 
0.00002800 
0.00002800 
0.00002819 
0.00002815 
0.00002818 
0.00002823 
0.00002827 
0.00002826 
0.00002853 
0.00002839 
0.00002834 
0.00002859 
0.00002854 
0.00002849 
0.00002869 
0.00002836 
0.00002879 
0.00002860 
0.00002887 
0.00002860 
0.00002888 
0.00002883 
0.00002895 
0.00002871 
0.00002891 
0.00002877 
0.00002887 
0.00002887 
0.00002861 
0.00002864 
0.00002867 
0.00002854 
0.00002848 
0.00002848 
0.00002822 
0.00002830 
0.00002848 
0.00002847 
0.00002851 
0.00002844 
0.00002842 
0.00002848 
0.00002848 
0.00002848 
0.00002842 
0.00002870 
0.00002839 
0.00002836 
0.00002820 
0.00002818 
0.00002842 
0.00002846 
0.00002810 
0.00002800 
0.00002788 
0.00002790 
0.00002817 
0.00002847 
0.00002846 
0.00002896 
0.00002892 
0.00002942 
0.00002926 
0.00002922 
0.00002920 
0.00002913 
0.00002927 
0.00002961 
0.00002945 
0.00002938 
0.00002953 
0.00002947 
0.00002902 
0.00002891 
0.00002854 
0.00002856 
0.00002838 
0.00002843 
0.00002832 
0.00002823 
0.00002843 
0.00002779 
0.00002765 
0.00003677 
0.00003681 
0.00003599 
0.00003565 
0.00003519 
0.00003515 
0.00003548 
0.00003520 
0.00003533 
0.00003391 
0.00003416 
0.00003500 
0.00003517 
0.00003515 
0.00003611 
0.00003674 
0.00003667 
0.00003650 
0.00003593 
0.00003599 
0.00003613 
0.00003531 
0.00003499 
0.00003470 
0.00003450 
0.00003435 
0.00003440 
0.00003439 
0.00003414 
0.00003382 
0.00003379 
0.00003380 
0.00003353 
0.00003367 
0.00003349 
0.00003332 
0.00003321 
0.00003317 
0.00003318 
0.00003293 
0.00003293 
0.00003300 
0.00003292 
0.00003328 
0.00003350 
0.00003343 
0.00003342 
0.00003340 
0.00003315 
0.00003321 
0.00003304 
0.00003304 
0.00003318 
0.00003318 
0.00003320 
0.00003311 
0.00003281 
0.00003235 
0.00003241 
0.00003248 
0.00003234 
0.00003287 
0.00003238 
0.00003223 
0.00003200 
0.00003179 
0.00003154 
0.00003141 
0.00003141 
0.00003121 
0.00003107 
0.00003118 
0.00003101 
0.00003100 
0.00003059 
0.00003077 
0.00003059 
0.00003005 
0.00002979 
0.00003016 
0.00003001 
0.00003014 
0.00003024 
0.00003053 
0.00003014 
0.00002986 
0.00002961 
0.00002986 
0.00002983 
0.00003036 
0.00003041 
0.00003117 
0.00003096 
0.00003055 
0.00003034 
0.00003056 
0.00003045 
0.00002981 
0.00002998 
0.00003039 
0.00003060 
0.00003080 
0.00003169 
0.00003156 
0.00003118 
0.00003100 
0.00003095 
0.00003090 
0.00003100 
0.00003104 
0.00003075 
0.00003098 
0.00003101 
0.00003051 
0.00003007 
0.00002995 
0.00002978 
0.00002984 
0.00002990 
0.00002996 
0.00002933 
0.00002942 
0.00002931 
0.00002912 
0.00002906 
0.00002883 
0.00002888 
0.00002887 
0.00002845 
0.00002875 
0.00002865 
0.00002850 
0.00002827 
0.00002835 
0.00002833 
0.00002832 
0.00002826 
0.00002822 
0.00002789 
0.00002790 
0.00002789 
0.00002784 
0.00002770 
0.00002786 
0.00002750 
0.00002801 
0.00002811 
0.00002808 
0.00002776 
0.00002789 
0.00002782 
0.00002805 
0.00002790 
0.00002786 
0.00002750 
0.00002719 
0.00002738 
0.00002705 
0.00002715 
0.00002700 
0.00002723 
0.00002692 
0.00002701 
0.00002707 
0.00002676 
0.00002669 
0.00002645 
0.00002685 
0.00002669 
0.00002691 
0.00002664 
0.00002645 
0.00002638 
0.00002620 
0.00002610 
0.00002619 
0.00002619 
0.00002619 
0.00002609 
0.00002618 
0.00002615 
0.00002597 
0.00002630 
0.00002612 
0.00002607 
0.00002595 
0.00002596 
0.00002575 
0.00002594 
0.00002589 
0.00002584 
0.00002575 
0.00002587 
0.00002571 
0.00002562 
0.00002595 
0.00002580 
0.00002587 
0.00002589 
0.00002607 
0.00002586 
0.00002584 
0.00002610 
0.00002585 
0.00002592 
0.00002597 
0.00002592 
0.00002592 
0.00002600 
0.00002620 
0.00002620 
0.00002638 
0.00002613 
0.00002611 
0.00002592 
0.00002612 
0.00002629 
0.00002622 
0.00002629 
0.00002621 
0.00002612 
0.00002621 
0.00002611 
0.00002617 
0.00002615 
0.00002615 
0.00002613 
0.00002617 
0.00002597 
0.00002599 
0.00002614 
0.00002604 
0.00002611 
0.00002615 
0.00002600 
0.00002591 
0.00002638 
0.00002628 
0.00002649 
0.00002645 
0.00002628 
0.00002638 
0.00002629 
0.00002614 
0.00002625 
0.00002586 
0.00002589 
0.00002585 
0.00002582 
0.00002582 
0.00002568 
0.00002567 
0.00002560 
0.00002561 
0.00002560 
0.00002557 
0.00002559 
0.00002559 
0.00002557 
0.00002557 
0.00002546 
0.00002578 
0.00002542 
0.00002515 
0.00002522 
0.00002510 
0.00002521 
0.00002540 
0.00002517 
0.00002527 
0.00002554 
0.00002547 
0.00002572 
0.00002591 
0.00002621 
0.00002585 
0.00002607 
0.00002580 
0.00002607 
0.00002621 
0.00002629 
0.00002628 
0.00002638 
0.00002638 
0.00002646 
0.00002649 
0.00002636 
0.00002634 
0.00002641 
0.00002609 
0.00002620 
0.00002613 
0.00002608 
0.00002610 
0.00002610 
0.00002604 
0.00002606 
0.00002585 
0.00002588 
0.00002588 
0.00002615 
0.00002588 
0.00002598 
0.00002576 
0.00002601 
0.00002615 
0.00002616 
0.00002646 
0.00002605 
0.00002604 
0.00002606 
0.00002614 
0.00002636 
0.00002648 
0.00002610 
0.00002610 
0.00002617 
0.00002595 
0.00002605 
0.00002611 
0.00002603 
0.00002603 
0.00002605 
0.00002565 
0.00002557 
0.00002582 
0.00002561 
0.00002584 
0.00002591 
0.00002548 
0.00002523 
0.00002515 
0.00002536 
0.00002532 
0.00002530 
0.00002538 
0.00002530 
0.00002531 
0.00002535 
0.00002530 
0.00002531 
0.00002560 
0.00002573 
0.00002603 
0.00002594 
0.00002599 
0.00002602 
0.00002605 
0.00002607 
0.00002617 
0.00002601 
0.00002624 
0.00002608 
0.00002617 
0.00002599 
0.00002584 
0.00002602 
0.00002607 
0.00002601 
0.00002578 
0.00002609 
0.00002610 
0.00002592 
0.00002609 
0.00002601 
0.00002604 
0.00002615 
0.00002581 
0.00002601 
0.00002638 
0.00002656 
0.00002676 
0.00002659 
0.00002702 
0.00002703 
0.00002700 
0.00002715 
0.00002726 
0.00002679 
0.00002681 
0.00002683 
0.00002650 
0.00002664 
0.00002676 
0.00002676 
0.00002676 
0.00002687 
0.00002706 
0.00002727 
0.00002736 
0.00002753 
0.00002750 
0.00002754 
0.00002763 
0.00002764 
0.00002810 
0.00002811 
0.00002800 
0.00002800 
0.00002819 
0.00002815 
0.00002818 
0.00002823 
0.00002827 
0.00002826 
0.00002853 
0.00002839 
0.00002834 
0.00002859 
0.00002854 
0.00002849 
0.00002869 
0.00002836 
0.00002879 
0.00002860 
0.00002887 
0.00002860 
0.00002888 
0.00002883 
0.00002895 
0.00002871 
0.00002891 
0.00002877 
0.00002887 
0.00002887 
0.00002861 
0.00002864 
0.00002867 
0.00002854 
0.00002848 
0.00002848 
0.00002822 
0.00002830 
0.00002848 
0.00002847 
0.00002851 
0.00002844 
0.00002842 
0.00002848 
0.00002848 
0.00002848 
0.00002842 
0.00002870 
0.00002839 
0.00002836 
0.00002820 
0.00002818 
0.00002842 
0.00002846 
0.00002810 
0.00002800 
0.00002788 
0.00002790 
0.00002817 
0.00002847 
0.00002846 
0.00002896 
0.00002892 
0.00002942 
0.00002926 
0.00002922 
0.00002920 
0.00002913 
0.00002927 
0.00002961 
0.00002945 
0.00002938 
0.00002953 
0.00002947 
0.00002902 
0.00002891 
0.00002854 
0.00002856 
0.00002838 
0.00002843 
0.00002832 
0.00002823 
0.00002843 
0.00002779 
0.00002765 
