93244.00000000 
75850.00000000 
40974.00000000 
77513.00000000 
20944.00000000 
49228.00000000 
45948.00000000 
117187.00000000 
169775.00000000 
99879.00000000 
78533.00000000 
65291.00000000 
119984.00000000 
414199.00000000 
237876.00000000 
91469.00000000 
169569.00000000 
205214.00000000 
87621.00000000 
274792.00000000 
219873.00000000 
143977.00000000 
75195.00000000 
47407.00000000 
33576.00000000 
136423.00000000 
120518.00000000 
115402.00000000 
80991.00000000 
148867.00000000 
54563.00000000 
80407.00000000 
41745.00000000 
133894.00000000 
57259.00000000 
86771.00000000 
11225.00000000 
42617.00000000 
45635.00000000 
31761.00000000 
65175.00000000 
25281.00000000 
59853.00000000 
53594.00000000 
16050.00000000 
120839.00000000 
42797.00000000 
54931.00000000 
37536.00000000 
53721.00000000 
19907.00000000 
45147.00000000 
71802.00000000 
82777.00000000 
74135.00000000 
122874.00000000 
109946.00000000 
40626.00000000 
46768.00000000 
82773.00000000 
96871.00000000 
84187.00000000 
72271.00000000 
46575.00000000 
73723.00000000 
45150.00000000 
74090.00000000 
24445.00000000 
28268.00000000 
42221.00000000 
46186.00000000 
108316.00000000 
39222.00000000 
48041.00000000 
19140.00000000 
32684.00000000 
63150.00000000 
97328.00000000 
117758.00000000 
42961.00000000 
34578.00000000 
36758.00000000 
73615.00000000 
62095.00000000 
24223.00000000 
51175.00000000 
101494.00000000 
56803.00000000 
85526.00000000 
186719.00000000 
121220.00000000 
50613.00000000 
48297.00000000 
79503.00000000 
56643.00000000 
46869.00000000 
81881.00000000 
92763.00000000 
85785.00000000 
52111.00000000 
120879.00000000 
218621.00000000 
103397.00000000 
124999.00000000 
37185.00000000 
34115.00000000 
25499.00000000 
47921.00000000 
73288.00000000 
112869.00000000 
117690.00000000 
61932.00000000 
186918.00000000 
56491.00000000 
131345.00000000 
59193.00000000 
99456.00000000 
39394.00000000 
37402.00000000 
139297.00000000 
54462.00000000 
65662.00000000 
44639.00000000 
27544.00000000 
121574.00000000 
62631.00000000 
134133.00000000 
68031.00000000 
57819.00000000 
21692.00000000 
34225.00000000 
25054.00000000 
23558.00000000 
25493.00000000 
56418.00000000 
17807.00000000 
41827.00000000 
32575.00000000 
26193.00000000 
19065.00000000 
24560.00000000 
33610.00000000 
31155.00000000 
64343.00000000 
31511.00000000 
14650.00000000 
90355.00000000 
8327.00000000 
51347.00000000 
107289.00000000 
10058.00000000 
72578.00000000 
25985.00000000 
37423.00000000 
28814.00000000 
20546.00000000 
21954.00000000 
23991.00000000 
16238.00000000 
16075.00000000 
36569.00000000 
10848.00000000 
11328.00000000 
30299.00000000 
35781.00000000 
108924.00000000 
59856.00000000 
12829.00000000 
42975.00000000 
66606.00000000 
56639.00000000 
17570.00000000 
33623.00000000 
30008.00000000 
47879.00000000 
80147.00000000 
43442.00000000 
29953.00000000 
3690.00000000 
7442.00000000 
13924.00000000 
13527.00000000 
5285.00000000 
23995.00000000 
8592.00000000 
1167.00000000 
114.00000000 
6797.00000000 
25177.00000000 
7599.00000000 
20983.00000000 
4435.00000000 
17281.00000000 
8600.00000000 
6411.00000000 
52108.00000000 
19188.00000000 
5378.00000000 
4935.00000000 
8984.00000000 
29754.00000000 
3880.00000000 
16375.00000000 
13665.00000000 
2685.00000000 
35947.00000000 
32073.00000000 
25726.00000000 
19940.00000000 
8945.00000000 
11463.00000000 
381.00000000 
2383.00000000 
8219.00000000 
25507.00000000 
17713.00000000 
18245.00000000 
17049.00000000 
9622.00000000 
9285.00000000 
16172.00000000 
49407.00000000 
41872.00000000 
21343.00000000 
36516.00000000 
6321.00000000 
23734.00000000 
32780.00000000 
20929.00000000 
66233.00000000 
17992.00000000 
10191.00000000 
23420.00000000 
22239.00000000 
58406.00000000 
132767.00000000 
18286.00000000 
36464.00000000 
14420.00000000 
28406.00000000 
36482.00000000 
19076.00000000 
46911.00000000 
18730.00000000 
23932.00000000 
105014.00000000 
5684.00000000 
25638.00000000 
12283.00000000 
5225.00000000 
23979.00000000 
11425.00000000 
8734.00000000 
9156.00000000 
4434.00000000 
29825.00000000 
3297.00000000 
6468.00000000 
54765.00000000 
20884.00000000 
13683.00000000 
16452.00000000 
22162.00000000 
1011.00000000 
18623.00000000 
4404.00000000 
53080.00000000 
72161.00000000 
9540.00000000 
19221.00000000 
49946.00000000 
89446.00000000 
131943.00000000 
11476.00000000 
8681.00000000 
1785.00000000 
36517.00000000 
4958.00000000 
18501.00000000 
27804.00000000 
22763.00000000 
11741.00000000 
11669.00000000 
27950.00000000 
2581.00000000 
1191.00000000 
17669.00000000 
26206.00000000 
19949.00000000 
27820.00000000 
33906.00000000 
34029.00000000 
4497.00000000 
3702.00000000 
22516.00000000 
4041.00000000 
490.00000000 
15488.00000000 
3487.00000000 
2045.00000000 
7698.00000000 
20857.00000000 
5311.00000000 
15966.00000000 
22986.00000000 
12181.00000000 
11300.00000000 
34671.00000000 
31737.00000000 
16604.00000000 
37152.00000000 
15609.00000000 
29950.00000000 
37695.00000000 
21989.00000000 
12997.00000000 
63263.00000000 
141842.00000000 
6484.00000000 
42304.00000000 
17328.00000000 
5311.00000000 
30048.00000000 
18882.00000000 
28142.00000000 
38400.00000000 
7688.00000000 
29202.00000000 
59230.00000000 
52020.00000000 
54883.00000000 
26183.00000000 
28586.00000000 
15485.00000000 
30228.00000000 
8524.00000000 
22412.00000000 
21872.00000000 
12926.00000000 
6362.00000000 
151041.00000000 
42298.00000000 
9078.00000000 
3068.00000000 
8984.00000000 
14377.00000000 
19426.00000000 
7278.00000000 
46683.00000000 
32956.00000000 
7668.00000000 
14599.00000000 
7358.00000000 
4871.00000000 
21075.00000000 
41894.00000000 
24490.00000000 
43123.00000000 
33971.00000000 
39321.00000000 
33261.00000000 
7912.00000000 
2681.00000000 
10165.00000000 
25192.00000000 
32496.00000000 
5501.00000000 
55145.00000000 
31234.00000000 
116457.00000000 
16138.00000000 
13328.00000000 
41499.00000000 
17622.00000000 
12979.00000000 
21628.00000000 
10967.00000000 
34505.00000000 
47514.00000000 
8116.00000000 
26719.00000000 
18767.00000000 
7389.00000000 
6629.00000000 
3606.00000000 
32300.00000000 
29406.00000000 
63622.00000000 
7523.00000000 
43477.00000000 
6170.00000000 
20100.00000000 
30767.00000000 
4526.00000000 
36672.00000000 
81803.00000000 
40424.00000000 
15772.00000000 
38895.00000000 
42622.00000000 
66038.00000000 
5046.00000000 
2867.00000000 
31536.00000000 
1928.00000000 
24730.00000000 
5743.00000000 
4130.00000000 
1019.00000000 
21529.00000000 
3132.00000000 
10373.00000000 
13239.00000000 
11709.00000000 
19514.00000000 
2809.00000000 
26253.00000000 
9447.00000000 
2152.00000000 
6360.00000000 
10878.00000000 
28907.00000000 
2785.00000000 
12476.00000000 
3149.00000000 
17733.00000000 
7334.00000000 
1809.00000000 
30771.00000000 
246.00000000 
29559.00000000 
5249.00000000 
5893.00000000 
1254.00000000 
3043.00000000 
4819.00000000 
11086.00000000 
8060.00000000 
4025.00000000 
5681.00000000 
8195.00000000 
6006.00000000 
4658.00000000 
12150.00000000 
16073.00000000 
24710.00000000 
10444.00000000 
1662.00000000 
38451.00000000 
40736.00000000 
19468.00000000 
9815.00000000 
77049.00000000 
38864.00000000 
36714.00000000 
95029.00000000 
13631.00000000 
51105.00000000 
38749.00000000 
44569.00000000 
10352.00000000 
4112.00000000 
181336.00000000 
29672.00000000 
14886.00000000 
3584.00000000 
268023.00000000 
6568.00000000 
89153.00000000 
54062.00000000 
62233.00000000 
24579.00000000 
65697.00000000 
41013.00000000 
11335.00000000 
46266.00000000 
66262.00000000 
145131.00000000 
31061.00000000 
9242.00000000 
93244.00000000 
75850.00000000 
40974.00000000 
77513.00000000 
20944.00000000 
49228.00000000 
45948.00000000 
117187.00000000 
169775.00000000 
99879.00000000 
78533.00000000 
65291.00000000 
119984.00000000 
414199.00000000 
237876.00000000 
91469.00000000 
169569.00000000 
205214.00000000 
87621.00000000 
274792.00000000 
219873.00000000 
143977.00000000 
75195.00000000 
47407.00000000 
33576.00000000 
136423.00000000 
120518.00000000 
115402.00000000 
80991.00000000 
148867.00000000 
54563.00000000 
80407.00000000 
41745.00000000 
133894.00000000 
57259.00000000 
86771.00000000 
11225.00000000 
42617.00000000 
45635.00000000 
31761.00000000 
65175.00000000 
25281.00000000 
59853.00000000 
53594.00000000 
16050.00000000 
120839.00000000 
42797.00000000 
54931.00000000 
37536.00000000 
53721.00000000 
19907.00000000 
45147.00000000 
71802.00000000 
82777.00000000 
74135.00000000 
122874.00000000 
109946.00000000 
40626.00000000 
46768.00000000 
82773.00000000 
96871.00000000 
84187.00000000 
72271.00000000 
46575.00000000 
73723.00000000 
45150.00000000 
74090.00000000 
24445.00000000 
28268.00000000 
42221.00000000 
46186.00000000 
108316.00000000 
39222.00000000 
48041.00000000 
19140.00000000 
32684.00000000 
63150.00000000 
97328.00000000 
117758.00000000 
42961.00000000 
34578.00000000 
36758.00000000 
73615.00000000 
62095.00000000 
24223.00000000 
51175.00000000 
101494.00000000 
56803.00000000 
85526.00000000 
186719.00000000 
121220.00000000 
50613.00000000 
48297.00000000 
79503.00000000 
56643.00000000 
46869.00000000 
81881.00000000 
92763.00000000 
85785.00000000 
52111.00000000 
120879.00000000 
218621.00000000 
103397.00000000 
124999.00000000 
37185.00000000 
34115.00000000 
25499.00000000 
47921.00000000 
73288.00000000 
112869.00000000 
117690.00000000 
61932.00000000 
186918.00000000 
56491.00000000 
131345.00000000 
59193.00000000 
99456.00000000 
39394.00000000 
37402.00000000 
139297.00000000 
54462.00000000 
65662.00000000 
44639.00000000 
27544.00000000 
121574.00000000 
62631.00000000 
134133.00000000 
68031.00000000 
57819.00000000 
21692.00000000 
34225.00000000 
25054.00000000 
23558.00000000 
25493.00000000 
56418.00000000 
17807.00000000 
41827.00000000 
32575.00000000 
26193.00000000 
19065.00000000 
24560.00000000 
33610.00000000 
31155.00000000 
64343.00000000 
31511.00000000 
14650.00000000 
90355.00000000 
8327.00000000 
51347.00000000 
107289.00000000 
10058.00000000 
72578.00000000 
25985.00000000 
37423.00000000 
28814.00000000 
20546.00000000 
21954.00000000 
23991.00000000 
16238.00000000 
16075.00000000 
36569.00000000 
10848.00000000 
11328.00000000 
30299.00000000 
35781.00000000 
108924.00000000 
59856.00000000 
12829.00000000 
42975.00000000 
66606.00000000 
56639.00000000 
17570.00000000 
33623.00000000 
30008.00000000 
47879.00000000 
80147.00000000 
43442.00000000 
29953.00000000 
3690.00000000 
7442.00000000 
13924.00000000 
13527.00000000 
5285.00000000 
23995.00000000 
8592.00000000 
1167.00000000 
114.00000000 
6797.00000000 
25177.00000000 
7599.00000000 
20983.00000000 
4435.00000000 
17281.00000000 
8600.00000000 
6411.00000000 
52108.00000000 
19188.00000000 
5378.00000000 
4935.00000000 
8984.00000000 
29754.00000000 
3880.00000000 
16375.00000000 
13665.00000000 
2685.00000000 
35947.00000000 
32073.00000000 
25726.00000000 
19940.00000000 
8945.00000000 
11463.00000000 
381.00000000 
2383.00000000 
8219.00000000 
25507.00000000 
17713.00000000 
18245.00000000 
17049.00000000 
9622.00000000 
9285.00000000 
16172.00000000 
49407.00000000 
41872.00000000 
21343.00000000 
36516.00000000 
6321.00000000 
23734.00000000 
32780.00000000 
20929.00000000 
66233.00000000 
17992.00000000 
10191.00000000 
23420.00000000 
22239.00000000 
58406.00000000 
132767.00000000 
18286.00000000 
36464.00000000 
14420.00000000 
28406.00000000 
36482.00000000 
19076.00000000 
46911.00000000 
18730.00000000 
23932.00000000 
105014.00000000 
5684.00000000 
25638.00000000 
12283.00000000 
5225.00000000 
23979.00000000 
11425.00000000 
8734.00000000 
9156.00000000 
4434.00000000 
29825.00000000 
3297.00000000 
6468.00000000 
54765.00000000 
20884.00000000 
13683.00000000 
16452.00000000 
22162.00000000 
1011.00000000 
18623.00000000 
4404.00000000 
53080.00000000 
72161.00000000 
9540.00000000 
19221.00000000 
49946.00000000 
89446.00000000 
131943.00000000 
11476.00000000 
8681.00000000 
1785.00000000 
36517.00000000 
4958.00000000 
18501.00000000 
27804.00000000 
22763.00000000 
11741.00000000 
11669.00000000 
27950.00000000 
2581.00000000 
1191.00000000 
17669.00000000 
26206.00000000 
19949.00000000 
27820.00000000 
33906.00000000 
34029.00000000 
4497.00000000 
3702.00000000 
22516.00000000 
4041.00000000 
490.00000000 
15488.00000000 
3487.00000000 
2045.00000000 
7698.00000000 
20857.00000000 
5311.00000000 
15966.00000000 
22986.00000000 
12181.00000000 
11300.00000000 
34671.00000000 
31737.00000000 
16604.00000000 
37152.00000000 
15609.00000000 
29950.00000000 
37695.00000000 
21989.00000000 
12997.00000000 
63263.00000000 
141842.00000000 
6484.00000000 
42304.00000000 
17328.00000000 
5311.00000000 
30048.00000000 
18882.00000000 
28142.00000000 
38400.00000000 
7688.00000000 
29202.00000000 
59230.00000000 
52020.00000000 
54883.00000000 
26183.00000000 
28586.00000000 
15485.00000000 
30228.00000000 
8524.00000000 
22412.00000000 
21872.00000000 
12926.00000000 
6362.00000000 
151041.00000000 
42298.00000000 
9078.00000000 
3068.00000000 
8984.00000000 
14377.00000000 
19426.00000000 
7278.00000000 
46683.00000000 
32956.00000000 
7668.00000000 
14599.00000000 
7358.00000000 
4871.00000000 
21075.00000000 
41894.00000000 
24490.00000000 
43123.00000000 
33971.00000000 
39321.00000000 
33261.00000000 
7912.00000000 
2681.00000000 
10165.00000000 
25192.00000000 
32496.00000000 
5501.00000000 
55145.00000000 
31234.00000000 
116457.00000000 
16138.00000000 
13328.00000000 
41499.00000000 
17622.00000000 
12979.00000000 
21628.00000000 
10967.00000000 
34505.00000000 
47514.00000000 
8116.00000000 
26719.00000000 
18767.00000000 
7389.00000000 
6629.00000000 
3606.00000000 
32300.00000000 
29406.00000000 
63622.00000000 
7523.00000000 
43477.00000000 
6170.00000000 
20100.00000000 
30767.00000000 
4526.00000000 
36672.00000000 
81803.00000000 
40424.00000000 
15772.00000000 
38895.00000000 
42622.00000000 
66038.00000000 
5046.00000000 
2867.00000000 
31536.00000000 
1928.00000000 
24730.00000000 
5743.00000000 
4130.00000000 
1019.00000000 
21529.00000000 
3132.00000000 
10373.00000000 
13239.00000000 
11709.00000000 
19514.00000000 
2809.00000000 
26253.00000000 
9447.00000000 
2152.00000000 
6360.00000000 
10878.00000000 
28907.00000000 
2785.00000000 
12476.00000000 
3149.00000000 
17733.00000000 
7334.00000000 
1809.00000000 
30771.00000000 
246.00000000 
29559.00000000 
5249.00000000 
5893.00000000 
1254.00000000 
3043.00000000 
4819.00000000 
11086.00000000 
8060.00000000 
4025.00000000 
5681.00000000 
8195.00000000 
6006.00000000 
4658.00000000 
12150.00000000 
16073.00000000 
24710.00000000 
10444.00000000 
1662.00000000 
38451.00000000 
40736.00000000 
19468.00000000 
9815.00000000 
77049.00000000 
38864.00000000 
36714.00000000 
95029.00000000 
13631.00000000 
51105.00000000 
38749.00000000 
44569.00000000 
10352.00000000 
4112.00000000 
181336.00000000 
29672.00000000 
14886.00000000 
3584.00000000 
268023.00000000 
6568.00000000 
89153.00000000 
54062.00000000 
62233.00000000 
24579.00000000 
65697.00000000 
41013.00000000 
11335.00000000 
46266.00000000 
66262.00000000 
145131.00000000 
31061.00000000 
9242.00000000 
94239.00000000 
75850.00000000 
40974.00000000 
77513.00000000 
20944.00000000 
49228.00000000 
45948.00000000 
117187.00000000 
169775.00000000 
99879.00000000 
78533.00000000 
65291.00000000 
119984.00000000 
414199.00000000 
237876.00000000 
91469.00000000 
169569.00000000 
205214.00000000 
87621.00000000 
274792.00000000 
219873.00000000 
143977.00000000 
75195.00000000 
47407.00000000 
33576.00000000 
136423.00000000 
120518.00000000 
115402.00000000 
80991.00000000 
148867.00000000 
54563.00000000 
80407.00000000 
41745.00000000 
133894.00000000 
57259.00000000 
86771.00000000 
11225.00000000 
42617.00000000 
45635.00000000 
31761.00000000 
65175.00000000 
25281.00000000 
59853.00000000 
53594.00000000 
16050.00000000 
120839.00000000 
42797.00000000 
54931.00000000 
37536.00000000 
53721.00000000 
19907.00000000 
45147.00000000 
71802.00000000 
82777.00000000 
74135.00000000 
122874.00000000 
109946.00000000 
40626.00000000 
46768.00000000 
82773.00000000 
96871.00000000 
84187.00000000 
72271.00000000 
46575.00000000 
73723.00000000 
45150.00000000 
74090.00000000 
24445.00000000 
28268.00000000 
42221.00000000 
46186.00000000 
108316.00000000 
39222.00000000 
48041.00000000 
19140.00000000 
32684.00000000 
63150.00000000 
97328.00000000 
117758.00000000 
42961.00000000 
34578.00000000 
36758.00000000 
73615.00000000 
62095.00000000 
24223.00000000 
51175.00000000 
101494.00000000 
56803.00000000 
85526.00000000 
186719.00000000 
121220.00000000 
50613.00000000 
48297.00000000 
79503.00000000 
56643.00000000 
46869.00000000 
81881.00000000 
92763.00000000 
85785.00000000 
52111.00000000 
120879.00000000 
218621.00000000 
103397.00000000 
124999.00000000 
37185.00000000 
34115.00000000 
25499.00000000 
47921.00000000 
73288.00000000 
112869.00000000 
117690.00000000 
61932.00000000 
186918.00000000 
56491.00000000 
131345.00000000 
59193.00000000 
99456.00000000 
39394.00000000 
37402.00000000 
139297.00000000 
54462.00000000 
65662.00000000 
44639.00000000 
27544.00000000 
121574.00000000 
62631.00000000 
134133.00000000 
68031.00000000 
57819.00000000 
21692.00000000 
34225.00000000 
25054.00000000 
23558.00000000 
25493.00000000 
56418.00000000 
17807.00000000 
41827.00000000 
32575.00000000 
26193.00000000 
19065.00000000 
24560.00000000 
33610.00000000 
31155.00000000 
64343.00000000 
31511.00000000 
14650.00000000 
90355.00000000 
8327.00000000 
51347.00000000 
107289.00000000 
10058.00000000 
72578.00000000 
25985.00000000 
37423.00000000 
28814.00000000 
20546.00000000 
21954.00000000 
23991.00000000 
16238.00000000 
16075.00000000 
36569.00000000 
10848.00000000 
11328.00000000 
30299.00000000 
35781.00000000 
108924.00000000 
59856.00000000 
12829.00000000 
42975.00000000 
66606.00000000 
56639.00000000 
17570.00000000 
33623.00000000 
30008.00000000 
47879.00000000 
80147.00000000 
43442.00000000 
29953.00000000 
3690.00000000 
7442.00000000 
13924.00000000 
13527.00000000 
5285.00000000 
23995.00000000 
8592.00000000 
1167.00000000 
114.00000000 
6797.00000000 
25177.00000000 
7599.00000000 
20983.00000000 
4435.00000000 
17281.00000000 
8600.00000000 
6411.00000000 
52108.00000000 
19188.00000000 
5378.00000000 
4935.00000000 
8984.00000000 
29754.00000000 
3880.00000000 
16375.00000000 
13665.00000000 
2685.00000000 
35947.00000000 
32073.00000000 
25726.00000000 
19940.00000000 
8945.00000000 
11463.00000000 
381.00000000 
2383.00000000 
8219.00000000 
25507.00000000 
17713.00000000 
18245.00000000 
17049.00000000 
9622.00000000 
9285.00000000 
16172.00000000 
49407.00000000 
41872.00000000 
21343.00000000 
36516.00000000 
6321.00000000 
23734.00000000 
32780.00000000 
20929.00000000 
66233.00000000 
17992.00000000 
10191.00000000 
23420.00000000 
22239.00000000 
58406.00000000 
132767.00000000 
18286.00000000 
36464.00000000 
14420.00000000 
28406.00000000 
36482.00000000 
19076.00000000 
46911.00000000 
18730.00000000 
23932.00000000 
105014.00000000 
5684.00000000 
25638.00000000 
12283.00000000 
5225.00000000 
23979.00000000 
11425.00000000 
8734.00000000 
9156.00000000 
4434.00000000 
29825.00000000 
3297.00000000 
6468.00000000 
54765.00000000 
20884.00000000 
13683.00000000 
16452.00000000 
22162.00000000 
1011.00000000 
18623.00000000 
4404.00000000 
53080.00000000 
72161.00000000 
9540.00000000 
19221.00000000 
49946.00000000 
89446.00000000 
131943.00000000 
11476.00000000 
8681.00000000 
1785.00000000 
36517.00000000 
4958.00000000 
18501.00000000 
27804.00000000 
22763.00000000 
11741.00000000 
11669.00000000 
27950.00000000 
2581.00000000 
1191.00000000 
17669.00000000 
26206.00000000 
19949.00000000 
27820.00000000 
33906.00000000 
34029.00000000 
4497.00000000 
3702.00000000 
22516.00000000 
4041.00000000 
490.00000000 
15488.00000000 
3487.00000000 
2045.00000000 
7698.00000000 
20857.00000000 
5311.00000000 
15966.00000000 
22986.00000000 
12181.00000000 
11300.00000000 
34671.00000000 
31737.00000000 
16604.00000000 
37152.00000000 
15609.00000000 
29950.00000000 
37695.00000000 
21989.00000000 
12997.00000000 
63263.00000000 
141842.00000000 
6484.00000000 
42304.00000000 
17328.00000000 
5311.00000000 
30048.00000000 
18882.00000000 
28142.00000000 
38400.00000000 
7688.00000000 
29202.00000000 
59230.00000000 
52020.00000000 
54883.00000000 
26183.00000000 
28586.00000000 
15485.00000000 
30228.00000000 
8524.00000000 
22412.00000000 
21872.00000000 
12926.00000000 
6362.00000000 
151041.00000000 
42298.00000000 
9078.00000000 
3068.00000000 
8984.00000000 
14377.00000000 
19426.00000000 
7278.00000000 
46683.00000000 
32956.00000000 
7668.00000000 
14599.00000000 
7358.00000000 
4871.00000000 
21075.00000000 
41894.00000000 
24490.00000000 
43123.00000000 
33971.00000000 
39321.00000000 
33261.00000000 
7912.00000000 
2681.00000000 
10165.00000000 
25192.00000000 
32496.00000000 
5501.00000000 
55145.00000000 
31234.00000000 
116457.00000000 
16138.00000000 
13328.00000000 
41499.00000000 
17622.00000000 
12979.00000000 
21628.00000000 
10967.00000000 
34505.00000000 
47514.00000000 
8116.00000000 
26719.00000000 
18767.00000000 
7389.00000000 
6629.00000000 
3606.00000000 
32300.00000000 
29406.00000000 
63622.00000000 
7523.00000000 
43477.00000000 
6170.00000000 
20100.00000000 
30767.00000000 
4526.00000000 
36672.00000000 
81803.00000000 
40424.00000000 
15772.00000000 
38895.00000000 
42622.00000000 
66038.00000000 
5046.00000000 
2867.00000000 
31536.00000000 
1928.00000000 
24730.00000000 
5743.00000000 
4130.00000000 
1019.00000000 
21529.00000000 
3132.00000000 
10373.00000000 
13239.00000000 
11709.00000000 
19514.00000000 
2809.00000000 
26253.00000000 
9447.00000000 
2152.00000000 
6360.00000000 
10878.00000000 
28907.00000000 
2785.00000000 
12476.00000000 
3149.00000000 
17733.00000000 
7334.00000000 
1809.00000000 
30771.00000000 
246.00000000 
29559.00000000 
5249.00000000 
5893.00000000 
1254.00000000 
3043.00000000 
4819.00000000 
11086.00000000 
8060.00000000 
4025.00000000 
5681.00000000 
8195.00000000 
6006.00000000 
4658.00000000 
12150.00000000 
16073.00000000 
24710.00000000 
10444.00000000 
1662.00000000 
38451.00000000 
40736.00000000 
19468.00000000 
9815.00000000 
77049.00000000 
38864.00000000 
36714.00000000 
95029.00000000 
13631.00000000 
51105.00000000 
38749.00000000 
44569.00000000 
10352.00000000 
4112.00000000 
181336.00000000 
29672.00000000 
14886.00000000 
3584.00000000 
268023.00000000 
6568.00000000 
89153.00000000 
54062.00000000 
62233.00000000 
24579.00000000 
65697.00000000 
41013.00000000 
11335.00000000 
46266.00000000 
66262.00000000 
145131.00000000 
31061.00000000 
9242.00000000 
