51.89000000 
281.44000000 
198.64000000 
15.47000000 
360.55000000 
567.39000000 
99.88000000 
351.96000000 
387.12000000 
146.08000000 
480.44000000 
582.95000000 
509.87000000 
522.02000000 
558.56000000 
1487.40000000 
1815.27000000 
351.63000000 
1622.01000000 
762.91000000 
337.99000000 
250.63000000 
234.65000000 
157.95000000 
38.98000000 
215.85000000 
421.95000000 
228.24000000 
39.16000000 
82.31000000 
56.80000000 
25.60000000 
6.10000000 
235.22000000 
675.38000000 
51.84000000 
59.02000000 
43.04000000 
71.51000000 
85.00000000 
53.95000000 
167.99000000 
359.43000000 
271.76000000 
84.65000000 
18.29000000 
73.29000000 
86.90000000 
91.23000000 
81.19000000 
312.13000000 
1156.05000000 
198.58000000 
711.18000000 
766.28000000 
586.05000000 
185.19000000 
242.75000000 
129.28000000 
447.08000000 
138.06000000 
85.09000000 
171.13000000 
585.44000000 
488.58000000 
520.50000000 
96.63000000 
1457.03000000 
120.96000000 
501.69000000 
93.64000000 
121.87000000 
223.52000000 
127.88000000 
401.84000000 
169.03000000 
573.94000000 
245.29000000 
63.70000000 
126.03000000 
14.97000000 
341.18000000 
76.42000000 
29.44000000 
424.13000000 
7.47000000 
49.20000000 
187.84000000 
13.05000000 
102.74000000 
160.05000000 
728.48000000 
96.76000000 
1936.68000000 
360.75000000 
523.29000000 
116.67000000 
217.60000000 
81.76000000 
605.44000000 
121.35000000 
1021.92000000 
173.66000000 
542.89000000 
58.99000000 
466.36000000 
592.94000000 
245.53000000 
377.99000000 
529.56000000 
377.48000000 
212.33000000 
519.95000000 
232.70000000 
168.59000000 
19.30000000 
92.34000000 
1106.00000000 
229.41000000 
119.47000000 
37.94000000 
97.15000000 
5.98000000 
69.72000000 
122.28000000 
159.65000000 
172.81000000 
117.86000000 
1352.26000000 
488.60000000 
322.95000000 
571.41000000 
317.11000000 
40.32000000 
55.11000000 
155.47000000 
285.29000000 
162.52000000 
134.03000000 
365.22000000 
274.49000000 
44.73000000 
208.49000000 
395.32000000 
11.57000000 
49.28000000 
16.14000000 
233.50000000 
120.01000000 
34.87000000 
50.13000000 
159.36000000 
47.71000000 
47.68000000 
19.30000000 
352.90000000 
82.75000000 
18.08000000 
0.00000000 
412.28000000 
22.33000000 
135.14000000 
1514.82000000 
707.91000000 
964.67000000 
2678.72000000 
1393.33000000 
510.82000000 
45.91000000 
388.96000000 
60.95000000 
71.14000000 
43.67000000 
109.44000000 
42.59000000 
1238.67000000 
172.70000000 
556.08000000 
289.90000000 
1.58000000 
87.15000000 
107.56000000 
30.91000000 
68.29000000 
96.08000000 
23.17000000 
26.71000000 
69.31000000 
6.86000000 
662.64000000 
573.27000000 
149.44000000 
271.29000000 
349.80000000 
889.99000000 
85.99000000 
55.55000000 
23.14000000 
5.67000000 
259.01000000 
280.69000000 
16.20000000 
1632.36000000 
51.18000000 
12.62000000 
2.27000000 
48.27000000 
4.19000000 
10.45000000 
7.37000000 
49.42000000 
17.42000000 
4.50000000 
19.36000000 
76.00000000 
4.00000000 
122.08000000 
10.15000000 
23.63000000 
91.43000000 
140.66000000 
0.00000000 
0.00000000 
19.78000000 
5.16000000 
51.88000000 
63.26000000 
1.56000000 
0.00000000 
47.53000000 
15.20000000 
229.99000000 
10.53000000 
36.66000000 
44.88000000 
30.70000000 
58.59000000 
54.58000000 
498.33000000 
91.38000000 
343.60000000 
327.09000000 
45.68000000 
6.76000000 
27.36000000 
233.03000000 
73.18000000 
181.01000000 
286.25000000 
22.28000000 
27.35000000 
5.53000000 
26.83000000 
158.77000000 
30.31000000 
0.00000000 
149.23000000 
118.10000000 
136.39000000 
4.65000000 
2.79000000 
34.82000000 
251.26000000 
17.10000000 
78.12000000 
148.74000000 
183.68000000 
29.43000000 
27.07000000 
194.12000000 
278.42000000 
9.67000000 
35.14000000 
29.18000000 
1.79000000 
7.30000000 
23.80000000 
430.19000000 
5.96000000 
46.10000000 
45.97000000 
6.96000000 
73.09000000 
6.65000000 
0.70000000 
123.59000000 
93.37000000 
55.73000000 
72.29000000 
111.33000000 
25.20000000 
11.35000000 
58.62000000 
71.08000000 
0.70000000 
19.64000000 
123.78000000 
32.89000000 
40.20000000 
192.12000000 
24.92000000 
16.09000000 
232.80000000 
56.10000000 
15.24000000 
33.65000000 
62.82000000 
102.53000000 
180.19000000 
36.64000000 
136.86000000 
175.69000000 
298.06000000 
100.82000000 
116.10000000 
129.37000000 
219.48000000 
282.94000000 
368.87000000 
54.93000000 
98.88000000 
111.54000000 
695.07000000 
50.40000000 
281.35000000 
168.39000000 
52.51000000 
34.98000000 
40.62000000 
95.56000000 
107.75000000 
64.35000000 
249.18000000 
14.93000000 
479.99000000 
127.87000000 
354.14000000 
1691.74000000 
241.86000000 
65.76000000 
419.14000000 
157.36000000 
6.35000000 
687.07000000 
71.90000000 
129.14000000 
33.79000000 
305.37000000 
44.89000000 
6.52000000 
18.00000000 
96.54000000 
276.83000000 
417.58000000 
409.78000000 
59.21000000 
388.86000000 
111.67000000 
34.17000000 
196.15000000 
471.84000000 
485.32000000 
624.46000000 
591.88000000 
33.74000000 
15.46000000 
80.26000000 
218.02000000 
133.12000000 
12.21000000 
115.48000000 
184.47000000 
886.79000000 
1107.19000000 
556.23000000 
253.81000000 
114.08000000 
65.78000000 
148.84000000 
79.59000000 
175.98000000 
579.52000000 
84.22000000 
40.14000000 
789.41000000 
504.03000000 
128.63000000 
39.13000000 
61.02000000 
275.42000000 
74.70000000 
67.57000000 
416.44000000 
25.35000000 
315.76000000 
412.73000000 
42.30000000 
37.32000000 
92.92000000 
151.52000000 
19.55000000 
811.56000000 
133.86000000 
0.00000000 
319.32000000 
234.28000000 
406.66000000 
227.55000000 
522.22000000 
142.00000000 
815.37000000 
12.03000000 
99.84000000 
710.83000000 
101.50000000 
87.73000000 
126.88000000 
105.80000000 
34.00000000 
51.39000000 
427.93000000 
138.16000000 
12.50000000 
187.40000000 
14.96000000 
632.58000000 
126.40000000 
135.79000000 
180.69000000 
53.51000000 
257.62000000 
293.67000000 
21.80000000 
512.98000000 
92.91000000 
229.53000000 
82.77000000 
365.22000000 
29.44000000 
142.99000000 
189.07000000 
284.37000000 
1259.79000000 
733.67000000 
404.12000000 
370.83000000 
20.35000000 
60.49000000 
367.56000000 
79.23000000 
343.43000000 
728.25000000 
147.08000000 
61.71000000 
51.03000000 
50.80000000 
18.18000000 
59.78000000 
97.53000000 
215.69000000 
330.35000000 
390.96000000 
111.88000000 
137.57000000 
133.81000000 
396.75000000 
504.49000000 
859.59000000 
194.28000000 
327.06000000 
123.32000000 
19.42000000 
351.19000000 
355.91000000 
505.80000000 
435.63000000 
220.52000000 
636.15000000 
291.92000000 
489.18000000 
277.45000000 
594.13000000 
255.22000000 
124.73000000 
544.01000000 
165.47000000 
101.63000000 
225.48000000 
41.52000000 
124.22000000 
57.51000000 
184.99000000 
218.82000000 
171.94000000 
536.37000000 
13.61000000 
411.04000000 
106.17000000 
151.12000000 
474.01000000 
107.17000000 
78.39000000 
344.40000000 
327.47000000 
224.87000000 
101.53000000 
101.32000000 
242.29000000 
618.76000000 
223.99000000 
156.38000000 
218.01000000 
399.01000000 
432.29000000 
485.50000000 
884.16000000 
1192.42000000 
1651.86000000 
563.24000000 
626.97000000 
526.32000000 
93.48000000 
183.90000000 
140.08000000 
206.39000000 
301.74000000 
154.46000000 
407.06000000 
125.14000000 
61.35000000 
258.00000000 
610.61000000 
747.71000000 
178.85000000 
115.27000000 
570.97000000 
538.06000000 
433.18000000 
514.87000000 
195.55000000 
333.77000000 
12.71000000 
33.75000000 
23.96000000 
218.52000000 
18.33000000 
116.10000000 
12.90000000 
90.02000000 
35.22000000 
172.80000000 
80.85000000 
139.92000000 
136.21000000 
55.18000000 
19.97000000 
296.96000000 
8.32000000 
136.97000000 
443.99000000 
246.02000000 
0.00000000 
358.47000000 
57.59000000 
145.67000000 
57.94000000 
53.95000000 
75.67000000 
97.99000000 
1240.66000000 
0.07000000 
271.83000000 
0.73000000 
48.16000000 
461.06000000 
153.29000000 
432.77000000 
522.71000000 
523.13000000 
407.51000000 
43.73000000 
23.19000000 
2.00000000 
26.12000000 
7.78000000 
7.78000000 
63.82000000 
283.94000000 
27.80000000 
228.53000000 
148.35000000 
76.62000000 
61.60000000 
1.63000000 
0.00000000 
39.65000000 
23.98000000 
25.75000000 
99.30000000 
10.90000000 
74.23000000 
43.89000000 
79.10000000 
61.46000000 
180.10000000 
0.00000000 
1.46000000 
104.52000000 
147.09000000 
169.10000000 
92.54000000 
93.69000000 
27.34000000 
7.66000000 
53.42000000 
234.91000000 
184.35000000 
165.68000000 
765.08000000 
35.26000000 
238.17000000 
0.73000000 
23.57000000 
28.89000000 
58.35000000 
236.34000000 
65.92000000 
10.89000000 
9.14000000 
77.15000000 
128.21000000 
16.40000000 
53.13000000 
39.81000000 
177.88000000 
114.81000000 
103.48000000 
535.24000000 
12.50000000 
59.30000000 
65.68000000 
1.90000000 
57.23000000 
19.19000000 
488.40000000 
68.96000000 
70.66000000 
74.47000000 
235.98000000 
247.22000000 
97.31000000 
369.01000000 
145.08000000 
151.24000000 
90.81000000 
335.33000000 
32.28000000 
75.40000000 
61.93000000 
104.44000000 
84.51000000 
37.72000000 
56.39000000 
13.49000000 
83.16000000 
157.26000000 
533.90000000 
167.97000000 
107.65000000 
253.26000000 
4.10000000 
17.03000000 
49.52000000 
17.29000000 
10.00000000 
75.75000000 
25.73000000 
13.74000000 
7.70000000 
27.65000000 
126.87000000 
43.78000000 
65.20000000 
53.81000000 
450.55000000 
87.84000000 
22.40000000 
152.06000000 
348.55000000 
127.47000000 
616.99000000 
297.68000000 
99.83000000 
134.71000000 
101.45000000 
239.07000000 
372.63000000 
91.57000000 
38.60000000 
247.03000000 
14.32000000 
232.54000000 
526.37000000 
126.44000000 
480.71000000 
231.94000000 
517.50000000 
669.26000000 
231.01000000 
150.43000000 
142.85000000 
118.64000000 
62.36000000 
216.93000000 
3.92000000 
70.22000000 
1085.58000000 
469.62000000 
528.45000000 
395.52000000 
290.28000000 
544.84000000 
286.14000000 
784.11000000 
545.61000000 
193.75000000 
22.43000000 
109.51000000 
108.10000000 
403.33000000 
339.46000000 
599.94000000 
552.77000000 
1211.73000000 
650.63000000 
680.67000000 
819.80000000 
46.16000000 
156.49000000 
79.03000000 
9.80000000 
207.03000000 
307.85000000 
901.71000000 
664.94000000 
32.69000000 
32.20000000 
119.21000000 
103.95000000 
37.86000000 
52.17000000 
36.54000000 
59.60000000 
433.75000000 
122.07000000 
22.14000000 
66.99000000 
19.12000000 
803.05000000 
1369.40000000 
49.02000000 
75.47000000 
125.75000000 
2.84000000 
0.00000000 
131.09000000 
25.37000000 
365.88000000 
161.40000000 
18.78000000 
31.95000000 
54.72000000 
85.33000000 
19.66000000 
16.38000000 
6.86000000 
11.11000000 
35.90000000 
3.67000000 
22.64000000 
74.20000000 
38.58000000 
28.31000000 
13.45000000 
26.70000000 
247.72000000 
136.81000000 
95.18000000 
243.76000000 
186.82000000 
52.81000000 
90.73000000 
42.57000000 
3.78000000 
1.05000000 
1.48000000 
26.62000000 
9.97000000 
0.00000000 
47.68000000 
21.92000000 
47.24000000 
0.00000000 
6.70000000 
4.42000000 
162.66000000 
123.16000000 
96.90000000 
15.67000000 
270.85000000 
83.68000000 
58.03000000 
269.54000000 
186.57000000 
93.67000000 
80.96000000 
65.69000000 
30.69000000 
11.97000000 
12.05000000 
233.73000000 
16.32000000 
38.48000000 
135.39000000 
519.01000000 
758.15000000 
894.75000000 
27.36000000 
79.15000000 
26.65000000 
347.78000000 
53.72000000 
5371.71000000 
71.24000000 
0.44000000 
0.00000000 
1.00000000 
95.98000000 
0.00000000 
104.03000000 
4.52000000 
274.72000000 
145.77000000 
144.82000000 
1.33000000 
8.68000000 
14.66000000 
52.56000000 
7.52000000 
98.81000000 
17.24000000 
12.55000000 
0.96000000 
238.18000000 
47.47000000 
531.03000000 
362.01000000 
21.79000000 
19.58000000 
463.52000000 
22.96000000 
25.14000000 
3.69000000 
6.67000000 
1.79000000 
11.43000000 
25.15000000 
0.00000000 
216.10000000 
484.93000000 
21.37000000 
33.16000000 
6.38000000 
16.72000000 
36.06000000 
71.75000000 
61.59000000 
151.33000000 
0.00000000 
13.17000000 
121.65000000 
49.35000000 
366.93000000 
83.27000000 
34.48000000 
24.77000000 
25.99000000 
234.92000000 
242.90000000 
51.87000000 
36.56000000 
41.47000000 
336.09000000 
150.41000000 
17.66000000 
131.02000000 
80.16000000 
100.70000000 
124.88000000 
68.15000000 
11.56000000 
33.32000000 
66.59000000 
53.44000000 
298.52000000 
67.78000000 
84.04000000 
13.86000000 
67.29000000 
182.92000000 
108.98000000 
455.03000000 
8.59000000 
116.81000000 
137.65000000 
109.33000000 
477.52000000 
27.49000000 
108.86000000 
144.65000000 
221.16000000 
583.45000000 
149.99000000 
178.99000000 
198.08000000 
19.24000000 
126.82000000 
280.71000000 
993.71000000 
281.29000000 
117.23000000 
340.26000000 
515.21000000 
30.14000000 
84.27000000 
149.20000000 
66.94000000 
55.95000000 
15.41000000 
54.57000000 
116.33000000 
45.94000000 
293.39000000 
16.03000000 
111.05000000 
127.63000000 
226.07000000 
358.02000000 
555.69000000 
222.12000000 
266.76000000 
147.43000000 
15.07000000 
7.90000000 
32.84000000 
84.72000000 
223.55000000 
353.36000000 
141.18000000 
44.85000000 
183.24000000 
787.10000000 
713.33000000 
44.17000000 
57.95000000 
50.43000000 
22.10000000 
309.35000000 
587.73000000 
788.66000000 
186.05000000 
116.22000000 
102.83000000 
262.70000000 
482.26000000 
66.99000000 
166.58000000 
293.12000000 
59.42000000 
29.94000000 
214.53000000 
195.17000000 
267.20000000 
129.48000000 
58.61000000 
112.81000000 
93.47000000 
149.43000000 
804.13000000 
528.81000000 
138.86000000 
190.45000000 
165.61000000 
144.78000000 
1556.81000000 
1554.86000000 
924.12000000 
452.50000000 
439.14000000 
130.12000000 
107.49000000 
386.28000000 
562.31000000 
117.10000000 
65.86000000 
342.00000000 
386.96000000 
239.91000000 
280.88000000 
253.41000000 
550.81000000 
1677.18000000 
286.32000000 
0.00000000 
0.00000000 
316.36000000 
112.40000000 
151.10000000 
66.27000000 
0.00000000 
54.49000000 
44.16000000 
196.38000000 
125.24000000 
156.72000000 
25.41000000 
319.06000000 
383.74000000 
152.49000000 
91.88000000 
116.51000000 
20.83000000 
84.33000000 
1.54000000 
6.91000000 
43.63000000 
29.39000000 
9.49000000 
47.44000000 
3.32000000 
6.00000000 
27.32000000 
22.83000000 
22.16000000 
114.56000000 
73.66000000 
157.42000000 
229.85000000 
254.17000000 
287.82000000 
395.24000000 
79.72000000 
26.52000000 
189.36000000 
150.48000000 
21.87000000 
407.40000000 
397.35000000 
361.60000000 
4.42000000 
0.00000000 
111.35000000 
70.41000000 
7.54000000 
269.40000000 
123.70000000 
72.83000000 
120.87000000 
7.24000000 
146.57000000 
397.23000000 
549.22000000 
321.25000000 
93.97000000 
1236.19000000 
3.84000000 
44.98000000 
30.39000000 
57.97000000 
26.13000000 
176.91000000 
96.05000000 
52.00000000 
225.20000000 
515.44000000 
96.27000000 
663.55000000 
277.34000000 
418.55000000 
580.83000000 
178.27000000 
476.87000000 
504.54000000 
713.96000000 
569.40000000 
56.76000000 
69.28000000 
23.30000000 
92.63000000 
576.54000000 
94.88000000 
105.30000000 
31.26000000 
69.11000000 
369.84000000 
164.25000000 
63.55000000 
209.59000000 
179.98000000 
353.78000000 
210.91000000 
1.42000000 
36.78000000 
9.68000000 
277.93000000 
365.18000000 
161.39000000 
74.92000000 
121.62000000 
479.61000000 
402.07000000 
50.01000000 
43.99000000 
34.99000000 
117.59000000 
263.54000000 
231.69000000 
50.62000000 
102.25000000 
122.26000000 
69.68000000 
73.81000000 
16.14000000 
162.67000000 
21.53000000 
35.22000000 
224.60000000 
37.14000000 
32.80000000 
85.36000000 
38.16000000 
31.88000000 
91.79000000 
18.60000000 
186.53000000 
428.62000000 
41.79000000 
75.01000000 
32.99000000 
1.97000000 
32.66000000 
1127.60000000 
5.19000000 
10.56000000 
14.14000000 
84.21000000 
118.47000000 
58.03000000 
97.52000000 
127.25000000 
7.35000000 
14.11000000 
478.99000000 
144.14000000 
22.58000000 
11.36000000 
274.07000000 
56.08000000 
16.38000000 
5.00000000 
147.09000000 
135.87000000 
486.98000000 
65.95000000 
206.10000000 
158.94000000 
5.49000000 
21.56000000 
32.94000000 
114.61000000 
51.84000000 
83.83000000 
33.78000000 
29.51000000 
135.97000000 
237.86000000 
953.12000000 
219.99000000 
53.32000000 
59.36000000 
257.85000000 
77.12000000 
45.30000000 
72.76000000 
362.78000000 
68.43000000 
81.81000000 
84.25000000 
124.94000000 
367.31000000 
154.83000000 
489.30000000 
486.80000000 
51.04000000 
51.17000000 
96.53000000 
51.92000000 
89.90000000 
33.29000000 
293.97000000 
147.52000000 
243.84000000 
93.92000000 
159.43000000 
118.88000000 
147.03000000 
359.18000000 
294.17000000 
210.25000000 
273.78000000 
507.70000000 
488.59000000 
557.40000000 
39.41000000 
220.57000000 
357.32000000 
567.15000000 
293.89000000 
676.13000000 
272.38000000 
532.25000000 
344.96000000 
57.29000000 
62.82000000 
287.87000000 
114.13000000 
14.92000000 
58.90000000 
21.46000000 
41.73000000 
380.35000000 
139.03000000 
111.86000000 
87.13000000 
90.32000000 
149.76000000 
107.80000000 
6.40000000 
35.32000000 
96.60000000 
44.28000000 
130.69000000 
185.24000000 
91.19000000 
58.08000000 
43.99000000 
37.50000000 
61.21000000 
403.58000000 
17.46000000 
93.82000000 
101.67000000 
115.07000000 
6.86000000 
68.73000000 
56.29000000 
10.32000000 
9.60000000 
56.16000000 
294.47000000 
118.36000000 
76.40000000 
148.10000000 
1.65000000 
78.11000000 
17.33000000 
97.56000000 
366.33000000 
41.46000000 
66.62000000 
29.65000000 
9.99000000 
11.43000000 
14.55000000 
13.28000000 
2.70000000 
16.81000000 
28.25000000 
209.91000000 
24.59000000 
26.66000000 
276.10000000 
25.48000000 
55.48000000 
22.16000000 
140.69000000 
600.47000000 
859.76000000 
25.87000000 
746.11000000 
712.10000000 
420.86000000 
34.60000000 
134.51000000 
233.54000000 
38.98000000 
69.86000000 
883.37000000 
758.44000000 
144.78000000 
84.92000000 
4.12000000 
10.00000000 
49.13000000 
133.06000000 
1.10000000 
51.92000000 
0.00000000 
10.66000000 
14.03000000 
1.19000000 
188.21000000 
168.94000000 
84.73000000 
352.01000000 
613.69000000 
617.53000000 
401.00000000 
393.00000000 
103.06000000 
58.04000000 
441.03000000 
12.65000000 
23.99000000 
75.54000000 
245.18000000 
30.35000000 
2.25000000 
201.93000000 
0.00000000 
77.28000000 
14.88000000 
709.82000000 
239.64000000 
228.96000000 
256.59000000 
135.09000000 
130.36000000 
69.22000000 
20.03000000 
19.14000000 
535.95000000 
17.59000000 
408.53000000 
231.59000000 
52.54000000 
33.94000000 
127.21000000 
270.66000000 
28.29000000 
45.49000000 
288.21000000 
168.39000000 
5.69000000 
46.83000000 
5.66000000 
392.75000000 
365.57000000 
285.01000000 
50.77000000 
17.99000000 
15.89000000 
17.12000000 
17.05000000 
44.18000000 
41.33000000 
435.17000000 
124.97000000 
41.65000000 
8.95000000 
150.07000000 
230.17000000 
518.62000000 
3.62000000 
17.04000000 
53.13000000 
203.88000000 
15.01000000 
86.56000000 
20.45000000 
29.87000000 
216.13000000 
211.63000000 
123.08000000 
179.40000000 
35.62000000 
47.56000000 
112.98000000 
32.16000000 
1.54000000 
63.42000000 
40.27000000 
26.70000000 
48.82000000 
148.54000000 
0.00000000 
5.47000000 
0.68000000 
13.17000000 
8.58000000 
10.01000000 
97.08000000 
44.08000000 
16.03000000 
28.10000000 
23.29000000 
452.70000000 
0.00000000 
29.77000000 
44.66000000 
105.94000000 
81.33000000 
216.22000000 
20.67000000 
121.93000000 
64.45000000 
18.82000000 
161.93000000 
16.69000000 
25.09000000 
63.08000000 
256.32000000 
0.68000000 
50.06000000 
158.26000000 
9.22000000 
37.10000000 
71.64000000 
30.58000000 
16.12000000 
209.01000000 
12.21000000 
0.69000000 
18.14000000 
273.58000000 
59.83000000 
2.26000000 
62.77000000 
197.35000000 
3.45000000 
35.89000000 
12.26000000 
10.79000000 
8.69000000 
22.01000000 
22.34000000 
13.31000000 
229.68000000 
31.50000000 
436.32000000 
126.51000000 
306.96000000 
246.89000000 
40.23000000 
158.37000000 
18.71000000 
241.52000000 
114.33000000 
27.67000000 
18.50000000 
67.22000000 
50.98000000 
389.58000000 
197.72000000 
78.04000000 
228.77000000 
116.91000000 
16.10000000 
304.42000000 
181.88000000 
214.53000000 
98.54000000 
181.44000000 
3.67000000 
76.25000000 
157.72000000 
31.50000000 
284.24000000 
13.42000000 
28.44000000 
139.30000000 
42.87000000 
462.39000000 
65.13000000 
144.87000000 
27.00000000 
339.97000000 
210.06000000 
273.15000000 
433.13000000 
296.90000000 
130.80000000 
69.82000000 
46.64000000 
138.58000000 
337.61000000 
26.99000000 
68.79000000 
60.04000000 
30.54000000 
123.80000000 
29.32000000 
39.59000000 
288.53000000 
37.63000000 
168.17000000 
539.51000000 
118.83000000 
157.76000000 
184.23000000 
238.32000000 
298.28000000 
105.87000000 
46.74000000 
413.33000000 
152.83000000 
157.81000000 
156.09000000 
35.77000000 
363.55000000 
10.55000000 
508.60000000 
12.99000000 
38.21000000 
48.09000000 
160.85000000 
110.54000000 
213.35000000 
166.91000000 
20.92000000 
124.80000000 
377.24000000 
77.73000000 
266.33000000 
286.34000000 
443.90000000 
495.71000000 
628.78000000 
411.09000000 
231.34000000 
51.23000000 
1356.29000000 
44.64000000 
226.39000000 
126.30000000 
499.17000000 
45.96000000 
1832.14000000 
96.72000000 
217.88000000 
517.47000000 
519.64000000 
452.12000000 
644.50000000 
1165.97000000 
572.71000000 
391.69000000 
320.44000000 
244.39000000 
172.92000000 
78.15000000 
152.59000000 
451.06000000 
48.57000000 
367.00000000 
41.33000000 
443.71000000 
174.82000000 
696.10000000 
98.39000000 
63.17000000 
16.25000000 
99.12000000 
14.60000000 
6.26000000 
80.34000000 
111.10000000 
102.38000000 
36.56000000 
89.99000000 
66.53000000 
6.98000000 
7.87000000 
91.90000000 
154.22000000 
41.28000000 
81.00000000 
78.68000000 
54.79000000 
38.79000000 
10.40000000 
105.59000000 
137.64000000 
337.19000000 
73.08000000 
55.06000000 
83.79000000 
368.69000000 
10.52000000 
0.87000000 
40.54000000 
293.75000000 
57.75000000 
29.52000000 
44.04000000 
86.32000000 
33.04000000 
31.74000000 
418.52000000 
88.24000000 
37.00000000 
363.97000000 
70.10000000 
430.61000000 
231.91000000 
53.02000000 
2.07000000 
57.56000000 
10.64000000 
41.87000000 
123.86000000 
27.67000000 
144.00000000 
416.57000000 
381.98000000 
360.89000000 
128.89000000 
75.91000000 
142.95000000 
55.82000000 
34.75000000 
1.00000000 
213.31000000 
473.75000000 
223.29000000 
306.11000000 
103.65000000 
272.88000000 
174.18000000 
6.56000000 
79.22000000 
157.93000000 
385.85000000 
466.18000000 
1732.27000000 
382.11000000 
281.96000000 
206.85000000 
95.38000000 
9.39000000 
105.17000000 
63.43000000 
220.96000000 
45.56000000 
328.73000000 
809.14000000 
1045.69000000 
660.47000000 
255.00000000 
150.75000000 
318.99000000 
79.05000000 
150.18000000 
41.47000000 
45.98000000 
31.80000000 
70.44000000 
34.97000000 
31.86000000 
86.61000000 
38.38000000 
8.05000000 
44.39000000 
103.03000000 
9.73000000 
47.82000000 
36.99000000 
5.73000000 
40.96000000 
79.68000000 
172.44000000 
36.29000000 
116.97000000 
272.77000000 
170.97000000 
26.46000000 
55.72000000 
21.52000000 
2.69000000 
103.39000000 
17.65000000 
43.36000000 
197.37000000 
0.00000000 
71.83000000 
110.60000000 
178.17000000 
5.54000000 
109.47000000 
7.86000000 
12.60000000 
9.15000000 
23.82000000 
5.52000000 
85.80000000 
268.67000000 
365.99000000 
95.43000000 
114.69000000 
2.68000000 
82.91000000 
372.22000000 
3.35000000 
11.30000000 
103.98000000 
24.83000000 
22.00000000 
19.50000000 
8.33000000 
65.55000000 
11.04000000 
49.55000000 
37.52000000 
18.64000000 
212.75000000 
629.15000000 
7.31000000 
82.48000000 
555.43000000 
13.47000000 
245.32000000 
232.47000000 
209.95000000 
8.36000000 
73.71000000 
51.59000000 
101.98000000 
349.33000000 
28.55000000 
3.67000000 
18.12000000 
0.67000000 
0.67000000 
21.52000000 
0.67000000 
6.88000000 
121.55000000 
41.89000000 
90.83000000 
740.28000000 
252.51000000 
41.25000000 
7.15000000 
0.00000000 
25.64000000 
11.01000000 
3.04000000 
6.64000000 
27.11000000 
0.00000000 
197.91000000 
95.89000000 
21.40000000 
31.35000000 
35.85000000 
31.56000000 
16.70000000 
107.72000000 
0.00000000 
20.05000000 
16.73000000 
25.70000000 
53.10000000 
18.29000000 
243.97000000 
35.54000000 
20.06000000 
190.85000000 
29.92000000 
15.76000000 
57.18000000 
101.65000000 
182.41000000 
360.85000000 
25.80000000 
118.16000000 
37.56000000 
237.97000000 
307.84000000 
81.85000000 
113.80000000 
325.70000000 
20.48000000 
34.11000000 
41.40000000 
216.04000000 
78.46000000 
39.79000000 
127.88000000 
153.37000000 
77.35000000 
58.70000000 
748.77000000 
123.20000000 
195.10000000 
42.64000000 
66.68000000 
195.72000000 
252.93000000 
17.59000000 
4.90000000 
181.58000000 
87.33000000 
49.29000000 
742.78000000 
80.71000000 
121.04000000 
119.96000000 
66.43000000 
152.50000000 
32.22000000 
29.71000000 
13.96000000 
28.25000000 
105.45000000 
140.10000000 
22.96000000 
155.42000000 
74.82000000 
351.24000000 
171.67000000 
50.29000000 
10.65000000 
6.73000000 
50.09000000 
11.48000000 
90.55000000 
14.41000000 
15.36000000 
170.82000000 
4.69000000 
8.92000000 
24.93000000 
16.62000000 
45.16000000 
14.10000000 
14.52000000 
51.02000000 
25.78000000 
498.72000000 
1.27000000 
56.63000000 
11.89000000 
305.15000000 
101.65000000 
17.17000000 
74.22000000 
2.99000000 
31.34000000 
4.89000000 
3.98000000 
313.98000000 
110.34000000 
23.94000000 
67.61000000 
13.87000000 
131.10000000 
2.99000000 
259.98000000 
371.84000000 
1660.46000000 
410.25000000 
182.35000000 
183.42000000 
321.11000000 
97.17000000 
282.92000000 
92.43000000 
102.64000000 
293.39000000 
288.92000000 
74.13000000 
65.42000000 
11.47000000 
26.84000000 
43.38000000 
6.63000000 
82.60000000 
24.08000000 
4.40000000 
60.74000000 
195.75000000 
164.41000000 
13.27000000 
135.15000000 
176.06000000 
402.17000000 
107.00000000 
175.68000000 
27.39000000 
52.38000000 
116.33000000 
70.91000000 
0.00000000 
12.11000000 
27.47000000 
30.70000000 
211.00000000 
110.13000000 
119.18000000 
29.16000000 
22.25000000 
22.00000000 
146.42000000 
7.14000000 
60.07000000 
39.02000000 
223.85000000 
1.98000000 
1.48000000 
0.00000000 
6.07000000 
312.61000000 
0.00000000 
8.10000000 
140.90000000 
153.62000000 
70.70000000 
0.00000000 
2.61000000 
5.00000000 
446.91000000 
89.16000000 
410.10000000 
368.35000000 
0.00000000 
9.60000000 
200.00000000 
101.48000000 
124.03000000 
50.31000000 
89.20000000 
230.00000000 
196.93000000 
133.18000000 
138.15000000 
0.99000000 
96.50000000 
65.66000000 
30.06000000 
0.00000000 
2.10000000 
19.51000000 
6.88000000 
23.43000000 
33.59000000 
45.29000000 
147.91000000 
99.71000000 
201.85000000 
122.09000000 
98.95000000 
94.69000000 
51.50000000 
13.51000000 
176.24000000 
147.85000000 
637.36000000 
270.69000000 
54.67000000 
207.53000000 
6.86000000 
6.66000000 
6.02000000 
4.96000000 
56.00000000 
37.36000000 
11.11000000 
123.41000000 
50.82000000 
91.59000000 
59.50000000 
284.06000000 
44.55000000 
18.77000000 
23.36000000 
41.52000000 
151.50000000 
269.12000000 
16.46000000 
22.13000000 
16.41000000 
0.00000000 
468.74000000 
13.90000000 
19.70000000 
9.92000000 
41.57000000 
445.88000000 
12.01000000 
206.74000000 
0.00000000 
90.31000000 
138.09000000 
102.40000000 
10.39000000 
46.28000000 
138.39000000 
30.66000000 
2.90000000 
65.66000000 
49.00000000 
2.13000000 
109.89000000 
171.04000000 
169.94000000 
629.99000000 
182.50000000 
443.90000000 
604.79000000 
103.46000000 
141.01000000 
85.00000000 
271.46000000 
926.34000000 
17.62000000 
15.88000000 
103.38000000 
18.12000000 
110.15000000 
27.36000000 
533.46000000 
4.50000000 
47.39000000 
110.55000000 
18.76000000 
0.21000000 
53.55000000 
65.26000000 
15.08000000 
108.26000000 
26.65000000 
45.37000000 
187.36000000 
59.19000000 
66.70000000 
89.10000000 
55.28000000 
28.63000000 
353.13000000 
78.80000000 
117.77000000 
125.04000000 
83.96000000 
25.45000000 
137.68000000 
200.26000000 
1330.23000000 
946.63000000 
686.04000000 
516.52000000 
81.71000000 
0.00000000 
69.59000000 
44.30000000 
69.78000000 
326.63000000 
78.80000000 
87.71000000 
160.84000000 
33.92000000 
11.46000000 
19.71000000 
167.18000000 
10.64000000 
17.09000000 
721.57000000 
273.18000000 
88.14000000 
94.46000000 
63.04000000 
123.06000000 
93.49000000 
48.10000000 
195.89000000 
332.11000000 
133.98000000 
260.14000000 
1.32000000 
176.95000000 
311.45000000 
618.02000000 
377.16000000 
44.74000000 
150.00000000 
53.87000000 
9.69000000 
8.73000000 
25.98000000 
0.00000000 
0.00000000 
0.00000000 
0.00000000 
1.01000000 
29.56000000 
57.98000000 
185.56000000 
235.49000000 
35.60000000 
30.00000000 
24.00000000 
0.00000000 
193.41000000 
96.77000000 
2.46000000 
0.00000000 
16.30000000 
56.08000000 
9.00000000 
12.00000000 
0.78000000 
31.16000000 
0.00000000 
38.21000000 
0.00000000 
87.87000000 
154.87000000 
348.10000000 
152.92000000 
172.83000000 
0.00000000 
187.25000000 
187.59000000 
193.82000000 
29.09000000 
71.84000000 
14.78000000 
0.00000000 
75.28000000 
0.65000000 
46.91000000 
208.60000000 
240.78000000 
2.31000000 
54.15000000 
6.50000000 
1.25000000 
0.00000000 
2.12000000 
13.73000000 
89.73000000 
133.51000000 
0.00000000 
38.31000000 
8.35000000 
11.24000000 
9.54000000 
8.40000000 
7.70000000 
337.84000000 
58.23000000 
3.25000000 
46.17000000 
203.25000000 
30.58000000 
33.48000000 
86.29000000 
231.52000000 
74.05000000 
212.76000000 
171.47000000 
22.58000000 
110.25000000 
0.00000000 
60.36000000 
33.81000000 
0.00000000 
32.66000000 
127.72000000 
0.68000000 
122.53000000 
0.00000000 
324.14000000 
16.66000000 
39.74000000 
0.00000000 
465.29000000 
17.51000000 
287.47000000 
73.64000000 
125.87000000 
10.00000000 
5.02000000 
2.65000000 
402.21000000 
225.98000000 
454.24000000 
551.16000000 
1369.25000000 
764.37000000 
304.74000000 
31.94000000 
105.11000000 
5.25000000 
26.72000000 
408.14000000 
142.38000000 
8.25000000 
0.00000000 
193.86000000 
11.43000000 
6.74000000 
62.65000000 
25.85000000 
39.86000000 
21.54000000 
57.44000000 
87.89000000 
64.21000000 
44.75000000 
0.00000000 
44.82000000 
24.72000000 
0.00000000 
21.61000000 
0.81000000 
0.00000000 
357.03000000 
264.49000000 
49.56000000 
335.74000000 
497.67000000 
550.11000000 
26.43000000 
43.20000000 
1.14000000 
44.16000000 
29.10000000 
15.96000000 
21.54000000 
107.26000000 
19.35000000 
41.83000000 
36.30000000 
21.42000000 
210.23000000 
516.08000000 
134.41000000 
146.66000000 
205.67000000 
35.49000000 
226.49000000 
1904.44000000 
211.92000000 
4.00000000 
3.52000000 
183.87000000 
55.42000000 
2.00000000 
22.79000000 
11.58000000 
22.59000000 
268.38000000 
2542.11000000 
502.50000000 
23.21000000 
42.47000000 
27.21000000 
300.00000000 
21.00000000 
3.20000000 
7.12000000 
43.16000000 
135.23000000 
8.21000000 
1.31000000 
38.39000000 
0.00000000 
10.87000000 
3.25000000 
27.67000000 
69.20000000 
245.77000000 
57.65000000 
465.54000000 
203.22000000 
45.95000000 
4.43000000 
8.18000000 
13.67000000 
1.30000000 
5.05000000 
94.45000000 
18.78000000 
23.87000000 
24.04000000 
15.05000000 
1.20000000 
364.79000000 
0.00000000 
88.71000000 
33.47000000 
61.28000000 
512.38000000 
144.67000000 
108.70000000 
285.68000000 
84.57000000 
8.60000000 
124.23000000 
24.76000000 
7.14000000 
155.63000000 
13.22000000 
1.62000000 
6.25000000 
207.51000000 
123.97000000 
2.10000000 
7.39000000 
144.90000000 
50.00000000 
23.49000000 
26.11000000 
281.28000000 
90.39000000 
28.73000000 
4.07000000 
27.91000000 
46.60000000 
41.40000000 
50.83000000 
2.74000000 
15.86000000 
8.08000000 
49.77000000 
22.80000000 
342.15000000 
1.47000000 
44.86000000 
54.57000000 
44.68000000 
88.06000000 
136.71000000 
147.96000000 
12.32000000 
51.29000000 
9.85000000 
109.65000000 
102.04000000 
9.74000000 
116.61000000 
77.96000000 
46.84000000 
3.32000000 
2.70000000 
24.79000000 
17.64000000 
228.42000000 
54.47000000 
14.78000000 
58.52000000 
25.91000000 
542.24000000 
66.21000000 
129.04000000 
42.56000000 
716.28000000 
115.90000000 
255.49000000 
318.00000000 
293.39000000 
117.33000000 
229.48000000 
364.25000000 
225.44000000 
479.84000000 
540.82000000 
1445.55000000 
2220.06000000 
49.81000000 
194.47000000 
59.68000000 
120.39000000 
25.41000000 
25.15000000 
41.80000000 
78.09000000 
0.00000000 
74.85000000 
162.90000000 
124.32000000 
155.86000000 
37.06000000 
130.76000000 
50.89000000 
41.81000000 
153.93000000 
1.98000000 
30.50000000 
14.49000000 
14.60000000 
207.22000000 
30.92000000 
9.82000000 
0.65000000 
6.58000000 
20.29000000 
1.08000000 
0.00000000 
0.00000000 
0.00000000 
0.00000000 
358.09000000 
35.76000000 
363.00000000 
178.16000000 
110.53000000 
164.86000000 
186.84000000 
110.15000000 
50.30000000 
12.30000000 
96.02000000 
1.30000000 
82.65000000 
33.13000000 
62.73000000 
321.35000000 
186.15000000 
3.97000000 
63.05000000 
202.18000000 
1.95000000 
4.62000000 
48.72000000 
19.00000000 
28.17000000 
70.00000000 
39.79000000 
0.46000000 
215.85000000 
87.64000000 
87.77000000 
34.46000000 
76.21000000 
1247.27000000 
111.39000000 
6.01000000 
19.73000000 
28.55000000 
5.18000000 
1.11000000 
8.77000000 
4.89000000 
1.82000000 
6.50000000 
2.00000000 
4.77000000 
2.82000000 
64.25000000 
247.52000000 
8.85000000 
10.23000000 
0.66000000 
2.81000000 
34.90000000 
40.07000000 
41.24000000 
33.74000000 
0.00000000 
156.22000000 
25.51000000 
66.31000000 
12.42000000 
155.66000000 
0.66000000 
59.33000000 
158.91000000 
25.65000000 
95.97000000 
172.46000000 
5.16000000 
1.00000000 
7.84000000 
21.64000000 
24.90000000 
187.75000000 
223.98000000 
29.91000000 
29.10000000 
6.20000000 
12.02000000 
32.59000000 
90.41000000 
0.00000000 
37.06000000 
207.43000000 
106.58000000 
183.00000000 
91.35000000 
144.24000000 
167.63000000 
0.79000000 
126.83000000 
346.60000000 
350.13000000 
156.59000000 
79.19000000 
26.07000000 
23.93000000 
293.72000000 
133.42000000 
186.04000000 
261.04000000 
192.02000000 
0.69000000 
76.74000000 
145.05000000 
5.83000000 
7.40000000 
4.00000000 
9.81000000 
94.45000000 
4.49000000 
66.66000000 
157.14000000 
206.94000000 
17.66000000 
10.00000000 
57.14000000 
167.46000000 
10.53000000 
142.40000000 
18.17000000 
29.60000000 
36.60000000 
0.00000000 
50.88000000 
10.00000000 
0.00000000 
0.00000000 
0.00000000 
0.00000000 
39.66000000 
158.87000000 
22.35000000 
131.04000000 
61.08000000 
129.59000000 
158.27000000 
102.48000000 
181.53000000 
106.59000000 
72.38000000 
11.25000000 
0.00000000 
654.01000000 
175.90000000 
137.99000000 
51.00000000 
19.49000000 
19.33000000 
17.34000000 
136.93000000 
5.47000000 
96.80000000 
4.70000000 
101.65000000 
145.46000000 
462.88000000 
103.81000000 
160.87000000 
23.35000000 
90.00000000 
16.97000000 
217.86000000 
434.77000000 
370.32000000 
0.00000000 
9.97000000 
25.49000000 
118.34000000 
60.16000000 
57.45000000 
246.21000000 
0.00000000 
155.24000000 
16.68000000 
122.06000000 
2.26000000 
0.00000000 
25.69000000 
17.28000000 
43.22000000 
271.54000000 
373.01000000 
19.46000000 
357.90000000 
171.34000000 
219.30000000 
1328.53000000 
5.84000000 
69.77000000 
0.00000000 
10.23000000 
270.73000000 
63.39000000 
15.09000000 
68.50000000 
443.67000000 
362.51000000 
0.00000000 
0.00000000 
8.89000000 
34.58000000 
135.74000000 
38.63000000 
21.18000000 
12.46000000 
96.01000000 
38.34000000 
153.56000000 
161.09000000 
0.00000000 
96.24000000 
30.47000000 
56.74000000 
179.02000000 
19.48000000 
53.81000000 
133.48000000 
26.43000000 
6.66000000 
90.12000000 
150.70000000 
24.25000000 
143.77000000 
95.22000000 
57.92000000 
179.28000000 
89.50000000 
95.01000000 
83.32000000 
81.68000000 
38.93000000 
141.04000000 
167.65000000 
159.36000000 
227.95000000 
67.15000000 
292.49000000 
133.10000000 
190.56000000 
203.22000000 
170.83000000 
92.95000000 
639.36000000 
140.93000000 
30.24000000 
392.27000000 
1717.84000000 
1249.39000000 
518.99000000 
175.18000000 
84.94000000 
30.61000000 
124.44000000 
60.39000000 
82.84000000 
294.97000000 
51.35000000 
82.87000000 
41.54000000 
47.01000000 
0.17000000 
129.62000000 
48.00000000 
1.88000000 
55.84000000 
42.99000000 
0.00000000 
1.48000000 
52.27000000 
14.18000000 
2.18000000 
11.42000000 
6.77000000 
376.89000000 
12.59000000 
0.00000000 
110.44000000 
3.81000000 
0.00000000 
0.00000000 
0.00000000 
3.69000000 
84.43000000 
233.96000000 
97.43000000 
4.56000000 
0.00000000 
497.85000000 
57.49000000 
1.62000000 
4.43000000 
24.10000000 
0.00000000 
36.35000000 
3.17000000 
457.08000000 
28.81000000 
13.82000000 
51.93000000 
172.00000000 
10.66000000 
429.04000000 
18.46000000 
1.18000000 
14.22000000 
9.53000000 
8.12000000 
18.35000000 
84.47000000 
26.89000000 
27.02000000 
11.32000000 
272.93000000 
18.99000000 
142.82000000 
36.85000000 
308.48000000 
56.29000000 
14.13000000 
3.91000000 
12.65000000 
0.00000000 
328.62000000 
5.73000000 
20.30000000 
3.84000000 
4.20000000 
254.00000000 
220.08000000 
152.49000000 
235.10000000 
46.52000000 
8.50000000 
46.73000000 
21.44000000 
70.63000000 
12.46000000 
43.73000000 
27.64000000 
16.73000000 
88.75000000 
48.51000000 
97.81000000 
1.66000000 
148.27000000 
138.46000000 
3.54000000 
1.00000000 
24.20000000 
22.93000000 
0.00000000 
3.15000000 
0.00000000 
177.47000000 
570.07000000 
55.56000000 
0.00000000 
27.87000000 
2.00000000 
20.94000000 
0.00000000 
3.92000000 
1.93000000 
30.01000000 
0.63000000 
319.47000000 
0.63000000 
15.40000000 
0.63000000 
3.77000000 
58.94000000 
7.12000000 
46.43000000 
1.91000000 
13.31000000 
94.49000000 
0.00000000 
22.00000000 
11.67000000 
75.98000000 
24.24000000 
0.86000000 
125.52000000 
95.47000000 
189.21000000 
152.65000000 
0.25000000 
17.76000000 
0.00000000 
33.61000000 
53.43000000 
31.48000000 
97.34000000 
174.90000000 
6.23000000 
3.15000000 
25.14000000 
493.97000000 
326.61000000 
153.00000000 
0.67000000 
17.07000000 
8.29000000 
128.82000000 
171.06000000 
12.36000000 
0.00000000 
0.64000000 
20.90000000 
297.51000000 
347.40000000 
0.00000000 
140.59000000 
0.00000000 
47.75000000 
60.60000000 
63.38000000 
38.16000000 
160.92000000 
307.96000000 
345.41000000 
70.87000000 
16.43000000 
67.62000000 
59.00000000 
8.56000000 
7.73000000 
0.00000000 
79.54000000 
8.20000000 
1.06000000 
15.27000000 
6.67000000 
2.20000000 
33.56000000 
182.17000000 
21.81000000 
0.00000000 
0.00000000 
206.45000000 
0.00000000 
44.61000000 
8.84000000 
12.14000000 
12.97000000 
42.11000000 
50.98000000 
253.87000000 
22.74000000 
36.67000000 
58.39000000 
14.33000000 
19.41000000 
13.37000000 
12.22000000 
22.05000000 
10.19000000 
0.00000000 
0.00000000 
1.28000000 
0.81000000 
4.30000000 
15.60000000 
45.40000000 
74.58000000 
136.41000000 
9.00000000 
369.51000000 
29.91000000 
7.31000000 
0.63000000 
24.73000000 
13.69000000 
216.89000000 
5.67000000 
76.73000000 
44.00000000 
3.85000000 
32.48000000 
27.51000000 
0.63000000 
0.63000000 
0.00000000 
0.00000000 
0.00000000 
41.25000000 
15.72000000 
4.58000000 
4.95000000 
42.24000000 
2.85000000 
39.08000000 
151.95000000 
122.90000000 
100.89000000 
27.91000000 
23.56000000 
6.45000000 
44.57000000 
9.43000000 
12.88000000 
199.22000000 
13.61000000 
256.27000000 
79.53000000 
35.44000000 
18.01000000 
140.22000000 
47.08000000 
12.09000000 
21.23000000 
115.71000000 
72.51000000 
94.65000000 
65.03000000 
29.41000000 
63.63000000 
299.02000000 
137.92000000 
697.44000000 
58.61000000 
2.60000000 
59.35000000 
72.80000000 
56.11000000 
96.75000000 
33.05000000 
10.21000000 
141.10000000 
161.62000000 
247.31000000 
142.64000000 
241.79000000 
64.90000000 
4.33000000 
33.41000000 
22.85000000 
1383.09000000 
0.00000000 
37.15000000 
148.42000000 
2.07000000 
25.97000000 
23.19000000 
60.96000000 
0.00000000 
86.38000000 
43.66000000 
145.87000000 
55.19000000 
14.60000000 
30.55000000 
256.61000000 
57.71000000 
39.78000000 
16.94000000 
261.09000000 
30.44000000 
24.80000000 
423.00000000 
102.37000000 
807.99000000 
114.19000000 
122.78000000 
35.59000000 
276.49000000 
122.51000000 
0.00000000 
62.16000000 
46.77000000 
4.80000000 
62.44000000 
5.64000000 
38.34000000 
233.93000000 
2.84000000 
0.00000000 
67.37000000 
39.62000000 
222.83000000 
71.10000000 
279.58000000 
26.74000000 
0.00000000 
16.70000000 
17.06000000 
3.97000000 
16.03000000 
2.48000000 
0.00000000 
2.84000000 
0.00000000 
118.57000000 
147.89000000 
119.84000000 
185.46000000 
122.47000000 
66.61000000 
187.03000000 
67.81000000 
72.10000000 
181.44000000 
102.09000000 
48.90000000 
0.63000000 
0.00000000 
77.40000000 
15.35000000 
0.00000000 
0.00000000 
57.12000000 
0.64000000 
8.63000000 
209.92000000 
64.56000000 
0.00000000 
14.12000000 
33.17000000 
102.69000000 
41.48000000 
8.00000000 
50.50000000 
509.63000000 
22.07000000 
0.00000000 
15.29000000 
226.69000000 
0.00000000 
10.33000000 
39.43000000 
39.30000000 
583.17000000 
18.44000000 
0.00000000 
0.10000000 
6.78000000 
0.00000000 
8.00000000 
4.24000000 
103.41000000 
78.64000000 
3.14000000 
200.00000000 
0.68000000 
8.96000000 
24.86000000 
0.00000000 
0.00000000 
0.01000000 
86.78000000 
85.17000000 
47.32000000 
46.98000000 
0.00000000 
38.26000000 
61.25000000 
296.65000000 
65.12000000 
157.60000000 
14.41000000 
32.84000000 
20.97000000 
0.50000000 
3.13000000 
7.01000000 
1.48000000 
1.87000000 
117.92000000 
0.00000000 
0.63000000 
62.75000000 
12.99000000 
39.30000000 
1.00000000 
5.42000000 
42.59000000 
18.42000000 
1.30000000 
0.00000000 
25.33000000 
4.31000000 
12.88000000 
6.00000000 
0.00000000 
55.54000000 
60.01000000 
119.70000000 
0.00000000 
9.09000000 
18.71000000 
6.25000000 
605.62000000 
113.47000000 
14.41000000 
7.11000000 
68.40000000 
3.60000000 
124.86000000 
1.26000000 
12.65000000 
6.29000000 
599.18000000 
602.45000000 
0.63000000 
31.60000000 
29.66000000 
129.88000000 
6.60000000 
0.96000000 
63.34000000 
34.03000000 
6.90000000 
145.78000000 
40.10000000 
0.63000000 
96.32000000 
151.04000000 
96.50000000 
72.80000000 
8.13000000 
218.36000000 
355.03000000 
64.68000000 
12.42000000 
20.97000000 
69.97000000 
149.14000000 
226.30000000 
13.29000000 
0.00000000 
33.97000000 
40.90000000 
5.83000000 
0.65000000 
86.58000000 
29.17000000 
10.91000000 
2.57000000 
64.50000000 
27.43000000 
60.89000000 
19.81000000 
163.27000000 
0.76000000 
63.15000000 
14.49000000 
298.55000000 
5.50000000 
50.72000000 
219.80000000 
81.02000000 
265.40000000 
0.00000000 
2.88000000 
433.75000000 
45.17000000 
36.44000000 
12.70000000 
71.16000000 
267.28000000 
433.52000000 
0.00000000 
1.28000000 
305.58000000 
3.09000000 
6.68000000 
0.00000000 
53.58000000 
178.52000000 
127.72000000 
13.43000000 
36.10000000 
59.40000000 
3.41000000 
298.01000000 
5.88000000 
16.02000000 
0.64000000 
22.04000000 
3.14000000 
75.65000000 
3.30000000 
260.65000000 
98.20000000 
104.06000000 
8.10000000 
31.89000000 
16.34000000 
0.00000000 
65.97000000 
83.91000000 
31.70000000 
0.00000000 
239.44000000 
46.97000000 
12.02000000 
5.99000000 
127.80000000 
85.49000000 
66.74000000 
41.03000000 
24.12000000 
134.38000000 
210.21000000 
11.60000000 
75.55000000 
38.50000000 
105.83000000 
14.38000000 
43.86000000 
0.04000000 
0.68000000 
40.53000000 
26.21000000 
0.00000000 
25.74000000 
369.02000000 
405.38000000 
41.63000000 
6.58000000 
87.48000000 
170.18000000 
539.62000000 
32.07000000 
21.94000000 
68.47000000 
70.09000000 
552.46000000 
163.35000000 
27.32000000 
137.37000000 
82.51000000 
23.97000000 
62.43000000 
111.34000000 
429.53000000 
205.37000000 
179.53000000 
140.04000000 
1301.86000000 
67.80000000 
534.32000000 
174.72000000 
2.13000000 
364.53000000 
517.98000000 
99.54000000 
13.80000000 
27.06000000 
155.24000000 
153.65000000 
601.80000000 
638.44000000 
190.14000000 
21.97000000 
70.51000000 
21.87000000 
0.00000000 
4.01000000 
45.26000000 
50.43000000 
59.64000000 
21.74000000 
7.86000000 
17.03000000 
23.76000000 
9.65000000 
7.14000000 
26.74000000 
53.91000000 
177.56000000 
15.91000000 
12.66000000 
16.00000000 
0.00000000 
161.60000000 
50.64000000 
17.80000000 
18.74000000 
8.75000000 
0.63000000 
17.32000000 
469.80000000 
38.54000000 
5.25000000 
0.66000000 
0.00000000 
7.12000000 
10.31000000 
1.70000000 
12.58000000 
0.00000000 
60.85000000 
41.87000000 
63.05000000 
56.55000000 
71.57000000 
41.67000000 
397.86000000 
8.61000000 
0.00000000 
4.89000000 
15.72000000 
56.63000000 
10.77000000 
22.58000000 
12.00000000 
72.19000000 
149.04000000 
111.99000000 
78.84000000 
63.10000000 
1.89000000 
11.81000000 
45.45000000 
208.46000000 
71.79000000 
20.63000000 
11.24000000 
328.84000000 
378.93000000 
180.03000000 
45.79000000 
94.54000000 
16.51000000 
181.67000000 
70.06000000 
17.82000000 
41.52000000 
16.41000000 
53.72000000 
243.78000000 
46.65000000 
37.29000000 
90.87000000 
68.13000000 
2.88000000 
106.85000000 
178.26000000 
461.13000000 
338.61000000 
12.90000000 
19.25000000 
11.58000000 
162.83000000 
256.24000000 
47.66000000 
20.77000000 
61.75000000 
48.86000000 
55.64000000 
151.89000000 
156.70000000 
141.62000000 
97.96000000 
163.18000000 
135.41000000 
213.26000000 
118.06000000 
467.74000000 
307.27000000 
563.34000000 
50.56000000 
128.66000000 
71.47000000 
309.60000000 
51.91000000 
376.08000000 
49.47000000 
1.50000000 
21.82000000 
205.63000000 
102.25000000 
87.61000000 
50.85000000 
101.71000000 
158.56000000 
59.80000000 
143.70000000 
4.11000000 
16.58000000 
24.75000000 
58.60000000 
106.16000000 
2725.17000000 
161.82000000 
105.71000000 
227.82000000 
55.18000000 
40.10000000 
262.43000000 
82.02000000 
17.29000000 
116.99000000 
0.00000000 
12.10000000 
23.28000000 
69.31000000 
6.98000000 
207.86000000 
31.41000000 
76.50000000 
38.59000000 
8.88000000 
134.38000000 
4.60000000 
18.30000000 
84.29000000 
0.00000000 
30.83000000 
22.60000000 
85.30000000 
88.07000000 
201.20000000 
61.94000000 
72.15000000 
204.44000000 
85.79000000 
127.97000000 
26.30000000 
96.33000000 
293.19000000 
185.11000000 
22.92000000 
30.14000000 
325.16000000 
164.96000000 
84.82000000 
48.44000000 
131.20000000 
379.18000000 
225.52000000 
251.09000000 
220.04000000 
107.83000000 
336.49000000 
489.33000000 
171.03000000 
73.63000000 
384.45000000 
377.63000000 
250.76000000 
243.76000000 
221.68000000 
290.07000000 
524.56000000 
563.15000000 
228.18000000 
621.90000000 
490.91000000 
46.75000000 
32.30000000 
1.26000000 
110.63000000 
5.80000000 
8.41000000 
42.15000000 
32.96000000 
0.00000000 
29.37000000 
77.12000000 
17.89000000 
91.84000000 
29.59000000 
15.38000000 
95.12000000 
114.17000000 
4.03000000 
186.49000000 
125.42000000 
13.66000000 
13.58000000 
42.03000000 
0.99000000 
78.00000000 
15.71000000 
56.76000000 
16.47000000 
0.62000000 
14.75000000 
14.08000000 
15.07000000 
155.63000000 
52.74000000 
55.58000000 
4.92000000 
74.82000000 
119.67000000 
36.51000000 
0.00000000 
52.83000000 
136.40000000 
69.88000000 
86.85000000 
3.32000000 
1.28000000 
1.74000000 
112.04000000 
44.85000000 
0.62000000 
26.90000000 
95.20000000 
287.75000000 
0.00000000 
1.39000000 
4.13000000 
64.51000000 
99.94000000 
0.93000000 
44.83000000 
7.31000000 
162.45000000 
43.24000000 
32.33000000 
18.34000000 
3.32000000 
318.05000000 
783.58000000 
36.21000000 
53.46000000 
4.25000000 
72.81000000 
245.33000000 
14.87000000 
58.51000000 
1.47000000 
15.04000000 
14.41000000 
67.72000000 
52.59000000 
51.49000000 
127.92000000 
565.97000000 
169.22000000 
600.80000000 
23.29000000 
76.51000000 
172.23000000 
117.64000000 
15.10000000 
107.04000000 
21.85000000 
486.23000000 
214.01000000 
199.19000000 
50.85000000 
57.67000000 
192.51000000 
75.79000000 
464.29000000 
446.79000000 
12.98000000 
4.69000000 
77.31000000 
11.38000000 
62.41000000 
0.00000000 
34.52000000 
55.16000000 
25.15000000 
43.68000000 
409.55000000 
15.64000000 
199.52000000 
130.20000000 
41.30000000 
5.35000000 
19.23000000 
27.95000000 
0.63000000 
5.68000000 
19.00000000 
52.21000000 
2.88000000 
33.88000000 
53.80000000 
41.39000000 
257.48000000 
79.22000000 
87.66000000 
14.61000000 
122.29000000 
58.60000000 
184.50000000 
37.94000000 
168.66000000 
84.67000000 
179.12000000 
154.02000000 
212.31000000 
351.63000000 
108.20000000 
315.76000000 
503.93000000 
239.70000000 
953.41000000 
194.15000000 
80.17000000 
509.64000000 
348.05000000 
267.86000000 
19.86000000 
104.94000000 
89.01000000 
15.46000000 
51.13000000 
21.11000000 
204.79000000 
29.36000000 
312.63000000 
60.79000000 
8.70000000 
63.50000000 
16.70000000 
29.99000000 
70.74000000 
39.09000000 
60.58000000 
35.63000000 
257.89000000 
276.22000000 
151.38000000 
177.28000000 
144.66000000 
447.16000000 
71.41000000 
134.12000000 
55.83000000 
8.55000000 
248.21000000 
11.08000000 
125.42000000 
0.00000000 
52.92000000 
226.10000000 
43.03000000 
46.87000000 
4.87000000 
12.17000000 
6.10000000 
221.51000000 
27.31000000 
4.11000000 
0.00000000 
6.78000000 
0.00000000 
31.30000000 
71.33000000 
6.69000000 
0.00000000 
6.09000000 
22.55000000 
46.53000000 
71.52000000 
34.94000000 
24.90000000 
0.64000000 
21.96000000 
3.04000000 
12.19000000 
62.78000000 
0.00000000 
9.10000000 
19.64000000 
6.88000000 
201.48000000 
102.57000000 
82.38000000 
24.45000000 
10.59000000 
68.63000000 
363.52000000 
31.52000000 
40.22000000 
5.84000000 
18.11000000 
7.85000000 
9.94000000 
14.31000000 
941.21000000 
1.40000000 
28.64000000 
33.92000000 
65.11000000 
130.05000000 
28.02000000 
168.45000000 
40.90000000 
2.57000000 
12.79000000 
29.42000000 
52.97000000 
2.39000000 
23.43000000 
15.12000000 
107.51000000 
58.73000000 
21.90000000 
0.90000000 
141.03000000 
5.03000000 
42.73000000 
97.85000000 
0.00000000 
19.95000000 
72.83000000 
56.55000000 
11.04000000 
58.76000000 
50.58000000 
243.60000000 
73.14000000 
8.79000000 
55.52000000 
114.37000000 
44.55000000 
42.48000000 
15.98000000 
414.36000000 
172.55000000 
83.84000000 
23.86000000 
8.05000000 
194.53000000 
5.53000000 
15.61000000 
29.30000000 
6.00000000 
21.49000000 
112.16000000 
3.03000000 
48.16000000 
0.00000000 
39.00000000 
171.98000000 
124.43000000 
86.36000000 
46.74000000 
7.07000000 
31.92000000 
135.67000000 
202.55000000 
5.53000000 
135.24000000 
508.93000000 
28.50000000 
87.08000000 
214.66000000 
97.86000000 
5.61000000 
24.93000000 
107.81000000 
35.84000000 
42.05000000 
156.52000000 
258.79000000 
66.11000000 
141.63000000 
102.78000000 
29.09000000 
234.72000000 
152.82000000 
176.02000000 
32.17000000 
302.99000000 
24.50000000 
6.03000000 
51.44000000 
10.00000000 
17.32000000 
17.25000000 
36.66000000 
34.64000000 
54.13000000 
84.32000000 
83.38000000 
6.03000000 
8.92000000 
9.32000000 
4.33000000 
23.49000000 
43.65000000 
1.22000000 
6.03000000 
6.04000000 
3.63000000 
9.97000000 
44.84000000 
28.10000000 
71.19000000 
31.21000000 
76.60000000 
265.68000000 
0.00000000 
39.67000000 
3.10000000 
112.53000000 
114.60000000 
89.66000000 
131.04000000 
3.70000000 
42.94000000 
404.37000000 
274.76000000 
753.72000000 
54.79000000 
117.79000000 
420.94000000 
20.55000000 
256.81000000 
150.56000000 
12.63000000 
39.06000000 
1218.70000000 
8.75000000 
66.74000000 
17.28000000 
272.62000000 
418.52000000 
3.56000000 
140.33000000 
2.73000000 
92.32000000 
81.40000000 
25.95000000 
0.61000000 
59.36000000 
93.95000000 
185.18000000 
8.99000000 
732.03000000 
0.00000000 
9.62000000 
105.33000000 
48.78000000 
7.04000000 
120.87000000 
35.57000000 
95.66000000 
49.13000000 
79.50000000 
45.78000000 
161.06000000 
59.03000000 
77.81000000 
166.10000000 
56.06000000 
41.96000000 
11.09000000 
12.09000000 
6.37000000 
56.00000000 
8.78000000 
9.58000000 
5.58000000 
25.64000000 
43.00000000 
22.93000000 
185.76000000 
17.18000000 
10.56000000 
51.06000000 
3.00000000 
3.69000000 
6.04000000 
0.00000000 
25.40000000 
221.55000000 
147.63000000 
6.48000000 
7.14000000 
0.00000000 
0.00000000 
0.00000000 
0.00000000 
0.00000000 
3.01000000 
79.37000000 
77.41000000 
130.24000000 
27.00000000 
2.63000000 
2.49000000 
0.00000000 
21.47000000 
1.00000000 
8.45000000 
2.63000000 
21.79000000 
0.00000000 
66.46000000 
33.08000000 
83.60000000 
21.14000000 
8.17000000 
44.61000000 
108.90000000 
1.99000000 
8.18000000 
3.00000000 
6.31000000 
55.89000000 
13.69000000 
15.00000000 
35.14000000 
0.00000000 
4.45000000 
0.92000000 
4.00000000 
83.32000000 
27.83000000 
26.09000000 
65.71000000 
27.04000000 
3.02000000 
0.00000000 
17.94000000 
177.26000000 
31.38000000 
25.35000000 
14.03000000 
15.46000000 
10.95000000 
5.55000000 
25.97000000 
4.74000000 
104.50000000 
8.53000000 
51.18000000 
14.09000000 
3.00000000 
6.47000000 
153.73000000 
50.61000000 
326.72000000 
38.98000000 
86.97000000 
9.00000000 
383.00000000 
47.65000000 
237.77000000 
0.99000000 
26.22000000 
40.13000000 
3.00000000 
5.82000000 
21.17000000 
20.34000000 
156.94000000 
22.01000000 
1.16000000 
97.02000000 
18.05000000 
150.00000000 
19.56000000 
20.75000000 
9.13000000 
44.31000000 
0.00000000 
3.15000000 
18.75000000 
1.66000000 
39.50000000 
73.97000000 
45.22000000 
77.41000000 
155.31000000 
9.60000000 
51.02000000 
339.67000000 
51.45000000 
15.12000000 
409.93000000 
108.50000000 
13.39000000 
235.35000000 
7.06000000 
70.83000000 
0.00000000 
90.23000000 
30.76000000 
145.29000000 
0.20000000 
58.29000000 
36.82000000 
197.41000000 
8.54000000 
1.57000000 
11.07000000 
3.01000000 
9.52000000 
2.64000000 
5.77000000 
99.22000000 
231.10000000 
40.10000000 
3.01000000 
4.94000000 
8.01000000 
75.72000000 
324.53000000 
34.21000000 
63.78000000 
39.55000000 
9.75000000 
48.60000000 
24.07000000 
0.82000000 
