170.00000000 
1411.00000000 
14005.00000000 
2846.00000000 
481.00000000 
1000.00000000 
100.00000000 
200.00000000 
4073.00000000 
3073.00000000 
0.00000000 
5739.00000000 
4832.00000000 
15894.00000000 
11506.00000000 
0.00000000 
554.00000000 
4986.00000000 
5140.00000000 
9434.00000000 
15704.00000000 
2507.00000000 
2216.00000000 
2216.00000000 
2995.00000000 
6207.00000000 
2768.00000000 
856.00000000 
12632.00000000 
12227.00000000 
6471.00000000 
5656.00000000 
21976.00000000 
31938.00000000 
2683.00000000 
2959.00000000 
3757.00000000 
2810.00000000 
12426.00000000 
7292.00000000 
522.00000000 
524.00000000 
639.00000000 
22.00000000 
2787.00000000 
7767.00000000 
35335.00000000 
784.00000000 
5948.00000000 
14230.00000000 
2990.00000000 
319.00000000 
134.00000000 
433.00000000 
1008.00000000 
4357.00000000 
634.00000000 
614.00000000 
7339.00000000 
76.00000000 
3.00000000 
895.00000000 
3126.00000000 
221.00000000 
6158.00000000 
325.00000000 
699.00000000 
6173.00000000 
2907.00000000 
0.00000000 
0.00000000 
119.00000000 
540.00000000 
5748.00000000 
14507.00000000 
0.00000000 
630.00000000 
1725.00000000 
719.00000000 
0.00000000 
3015.00000000 
16588.00000000 
2536.00000000 
2189.00000000 
472.00000000 
6017.00000000 
1401.00000000 
30451.00000000 
1803.00000000 
25122.00000000 
5481.00000000 
21753.00000000 
9191.00000000 
13424.00000000 
8821.00000000 
6178.00000000 
9515.00000000 
21181.00000000 
16605.00000000 
3693.00000000 
6431.00000000 
0.00000000 
18420.00000000 
6016.00000000 
537.00000000 
1525.00000000 
466.00000000 
4011.00000000 
5320.00000000 
9953.00000000 
2340.00000000 
771.00000000 
12287.00000000 
22377.00000000 
550.00000000 
1426.00000000 
20738.00000000 
6225.00000000 
6903.00000000 
1950.00000000 
16097.00000000 
955.00000000 
5765.00000000 
3058.00000000 
383.00000000 
5665.00000000 
1141.00000000 
0.00000000 
4578.00000000 
499.00000000 
8570.00000000 
650.00000000 
16089.00000000 
505.00000000 
2412.00000000 
20699.00000000 
22015.00000000 
20693.00000000 
260.00000000 
26363.00000000 
11383.00000000 
5157.00000000 
9095.00000000 
4025.00000000 
18000.00000000 
13838.00000000 
10478.00000000 
60582.00000000 
24156.00000000 
5329.00000000 
41873.00000000 
27113.00000000 
13791.00000000 
17749.00000000 
49957.00000000 
90957.00000000 
38856.00000000 
12185.00000000 
17371.00000000 
35448.00000000 
8592.00000000 
1782.00000000 
57.00000000 
3368.00000000 
350.00000000 
606.00000000 
7934.00000000 
9645.00000000 
388.00000000 
1626.00000000 
2412.00000000 
3271.00000000 
18463.00000000 
831.00000000 
1073.00000000 
456.00000000 
0.00000000 
3350.00000000 
5588.00000000 
13450.00000000 
106.00000000 
414.00000000 
17404.00000000 
0.00000000 
0.00000000 
0.00000000 
11222.00000000 
1870.00000000 
1726.00000000 
4132.00000000 
15.00000000 
0.00000000 
692.00000000 
8505.00000000 
0.00000000 
0.00000000 
0.00000000 
4032.00000000 
0.00000000 
0.00000000 
1069.00000000 
19707.00000000 
3315.00000000 
9732.00000000 
0.00000000 
73.00000000 
1036.00000000 
2051.00000000 
11030.00000000 
7974.00000000 
961.00000000 
0.00000000 
0.00000000 
5243.00000000 
0.00000000 
25305.00000000 
17623.00000000 
14436.00000000 
87.00000000 
264.00000000 
4365.00000000 
996.00000000 
91.00000000 
1483.00000000 
8320.00000000 
3501.00000000 
9463.00000000 
151.00000000 
1379.00000000 
20261.00000000 
9146.00000000 
6449.00000000 
544.00000000 
0.00000000 
2055.00000000 
6431.00000000 
140.00000000 
10784.00000000 
15352.00000000 
24767.00000000 
3849.00000000 
0.00000000 
3734.00000000 
2398.00000000 
7938.00000000 
9413.00000000 
0.00000000 
12133.00000000 
200.00000000 
193.00000000 
2950.00000000 
0.00000000 
727.00000000 
717.00000000 
296.00000000 
365.00000000 
8384.00000000 
187.00000000 
553.00000000 
3185.00000000 
2367.00000000 
413.00000000 
2717.00000000 
10627.00000000 
0.00000000 
671.00000000 
350.00000000 
1260.00000000 
0.00000000 
0.00000000 
0.00000000 
2605.00000000 
108.00000000 
0.00000000 
0.00000000 
222.00000000 
1391.00000000 
0.00000000 
340.00000000 
172.00000000 
0.00000000 
3072.00000000 
0.00000000 
3002.00000000 
115.00000000 
1591.00000000 
683.00000000 
775.00000000 
3203.00000000 
3629.00000000 
2545.00000000 
222.00000000 
3866.00000000 
13490.00000000 
3762.00000000 
3083.00000000 
94.00000000 
1186.00000000 
4381.00000000 
8622.00000000 
1551.00000000 
0.00000000 
0.00000000 
4687.00000000 
16998.00000000 
15129.00000000 
6630.00000000 
0.00000000 
0.00000000 
1000.00000000 
10137.00000000 
332.00000000 
5516.00000000 
6370.00000000 
3856.00000000 
5021.00000000 
2410.00000000 
7890.00000000 
12227.00000000 
0.00000000 
2341.00000000 
233.00000000 
3302.00000000 
1588.00000000 
685.00000000 
1304.00000000 
11269.00000000 
597.00000000 
3015.00000000 
4366.00000000 
695.00000000 
3135.00000000 
555.00000000 
20644.00000000 
25633.00000000 
1521.00000000 
79.00000000 
1313.00000000 
0.00000000 
2298.00000000 
1839.00000000 
392.00000000 
15437.00000000 
57120.00000000 
1080.00000000 
4427.00000000 
16529.00000000 
12800.00000000 
1137.00000000 
110.00000000 
927.00000000 
4400.00000000 
7621.00000000 
116.00000000 
3231.00000000 
1087.00000000 
16846.00000000 
2125.00000000 
6619.00000000 
17014.00000000 
2582.00000000 
324.00000000 
1826.00000000 
9870.00000000 
1650.00000000 
1524.00000000 
0.00000000 
4810.00000000 
4740.00000000 
2516.00000000 
297.00000000 
0.00000000 
346.00000000 
31793.00000000 
5269.00000000 
0.00000000 
8671.00000000 
1034.00000000 
5144.00000000 
672.00000000 
165.00000000 
0.00000000 
2556.00000000 
3915.00000000 
97359.00000000 
3796.00000000 
9588.00000000 
16620.00000000 
8112.00000000 
10.00000000 
2000.00000000 
5371.00000000 
20211.00000000 
231.00000000 
61291.00000000 
16483.00000000 
13573.00000000 
60940.00000000 
10060.00000000 
9310.00000000 
4267.00000000 
0.00000000 
0.00000000 
17762.00000000 
570.00000000 
2014.00000000 
7072.00000000 
66.00000000 
0.00000000 
1052.00000000 
2760.00000000 
1841.00000000 
131237.00000000 
223.00000000 
22994.00000000 
109.00000000 
580.00000000 
993.00000000 
16102.00000000 
27940.00000000 
18138.00000000 
34.00000000 
0.00000000 
296.00000000 
0.00000000 
83.00000000 
2503.00000000 
1843.00000000 
5372.00000000 
1622.00000000 
900.00000000 
507.00000000 
63601.00000000 
1005.00000000 
103.00000000 
8045.00000000 
500.00000000 
8272.00000000 
7821.00000000 
0.00000000 
62.00000000 
0.00000000 
121.00000000 
0.00000000 
6695.00000000 
6000.00000000 
10741.00000000 
100.00000000 
4468.00000000 
2326.00000000 
3408.00000000 
5211.00000000 
10531.00000000 
2245.00000000 
1290.00000000 
26848.00000000 
1163.00000000 
4243.00000000 
21478.00000000 
8739.00000000 
2540.00000000 
4257.00000000 
108.00000000 
0.00000000 
2478.00000000 
506.00000000 
32329.00000000 
4490.00000000 
2131.00000000 
2825.00000000 
14740.00000000 
883.00000000 
17189.00000000 
0.00000000 
0.00000000 
301.00000000 
1838.00000000 
3900.00000000 
1217.00000000 
101.00000000 
170.00000000 
1411.00000000 
14005.00000000 
2846.00000000 
481.00000000 
1000.00000000 
100.00000000 
200.00000000 
4073.00000000 
3073.00000000 
0.00000000 
5739.00000000 
4832.00000000 
15894.00000000 
11506.00000000 
0.00000000 
554.00000000 
4986.00000000 
5140.00000000 
9434.00000000 
15704.00000000 
2507.00000000 
2216.00000000 
2216.00000000 
2995.00000000 
6207.00000000 
2768.00000000 
856.00000000 
12632.00000000 
12227.00000000 
6471.00000000 
5656.00000000 
21976.00000000 
31938.00000000 
2683.00000000 
2959.00000000 
3757.00000000 
2810.00000000 
12426.00000000 
7292.00000000 
522.00000000 
524.00000000 
639.00000000 
22.00000000 
2787.00000000 
7767.00000000 
35335.00000000 
784.00000000 
5948.00000000 
14230.00000000 
2990.00000000 
319.00000000 
134.00000000 
433.00000000 
1008.00000000 
4357.00000000 
634.00000000 
614.00000000 
7339.00000000 
76.00000000 
3.00000000 
895.00000000 
3126.00000000 
221.00000000 
6158.00000000 
325.00000000 
699.00000000 
6173.00000000 
2907.00000000 
0.00000000 
0.00000000 
119.00000000 
540.00000000 
5748.00000000 
14507.00000000 
0.00000000 
630.00000000 
1725.00000000 
719.00000000 
0.00000000 
3015.00000000 
16588.00000000 
2536.00000000 
2189.00000000 
472.00000000 
6017.00000000 
1401.00000000 
30451.00000000 
1803.00000000 
25122.00000000 
5481.00000000 
21753.00000000 
9191.00000000 
13424.00000000 
8821.00000000 
6178.00000000 
9515.00000000 
21181.00000000 
16605.00000000 
3693.00000000 
6431.00000000 
0.00000000 
18420.00000000 
6016.00000000 
537.00000000 
1525.00000000 
466.00000000 
4011.00000000 
5320.00000000 
9953.00000000 
2340.00000000 
771.00000000 
12287.00000000 
22377.00000000 
550.00000000 
1426.00000000 
20738.00000000 
6225.00000000 
6903.00000000 
1950.00000000 
16097.00000000 
955.00000000 
5765.00000000 
3058.00000000 
383.00000000 
5665.00000000 
1141.00000000 
0.00000000 
4578.00000000 
499.00000000 
8570.00000000 
650.00000000 
16089.00000000 
505.00000000 
2412.00000000 
20699.00000000 
22015.00000000 
20693.00000000 
260.00000000 
26363.00000000 
11383.00000000 
5157.00000000 
9095.00000000 
4025.00000000 
18000.00000000 
13838.00000000 
10478.00000000 
60582.00000000 
24156.00000000 
5329.00000000 
41873.00000000 
27113.00000000 
13791.00000000 
17749.00000000 
49957.00000000 
90957.00000000 
38856.00000000 
12185.00000000 
17371.00000000 
35448.00000000 
8592.00000000 
1782.00000000 
57.00000000 
3368.00000000 
350.00000000 
606.00000000 
7934.00000000 
9645.00000000 
388.00000000 
1626.00000000 
2412.00000000 
3271.00000000 
18463.00000000 
831.00000000 
1073.00000000 
456.00000000 
0.00000000 
3350.00000000 
5588.00000000 
13450.00000000 
106.00000000 
414.00000000 
17404.00000000 
0.00000000 
0.00000000 
0.00000000 
11222.00000000 
1870.00000000 
1726.00000000 
4132.00000000 
15.00000000 
0.00000000 
692.00000000 
8505.00000000 
0.00000000 
0.00000000 
0.00000000 
4032.00000000 
0.00000000 
0.00000000 
1069.00000000 
19707.00000000 
3315.00000000 
9732.00000000 
0.00000000 
73.00000000 
1036.00000000 
2051.00000000 
11030.00000000 
7974.00000000 
961.00000000 
0.00000000 
0.00000000 
5243.00000000 
0.00000000 
25305.00000000 
17623.00000000 
14436.00000000 
87.00000000 
264.00000000 
4365.00000000 
996.00000000 
91.00000000 
1483.00000000 
8320.00000000 
3501.00000000 
9463.00000000 
151.00000000 
1379.00000000 
20261.00000000 
9146.00000000 
6449.00000000 
544.00000000 
0.00000000 
2055.00000000 
6431.00000000 
140.00000000 
10784.00000000 
15352.00000000 
24767.00000000 
3849.00000000 
0.00000000 
3734.00000000 
2398.00000000 
7938.00000000 
9413.00000000 
0.00000000 
12133.00000000 
200.00000000 
193.00000000 
2950.00000000 
0.00000000 
727.00000000 
717.00000000 
296.00000000 
365.00000000 
8384.00000000 
187.00000000 
553.00000000 
3185.00000000 
2367.00000000 
413.00000000 
2717.00000000 
10627.00000000 
0.00000000 
671.00000000 
350.00000000 
1260.00000000 
0.00000000 
0.00000000 
0.00000000 
2605.00000000 
108.00000000 
0.00000000 
0.00000000 
222.00000000 
1391.00000000 
0.00000000 
340.00000000 
172.00000000 
0.00000000 
3072.00000000 
0.00000000 
3002.00000000 
115.00000000 
1591.00000000 
683.00000000 
775.00000000 
3203.00000000 
3629.00000000 
2545.00000000 
222.00000000 
3866.00000000 
13490.00000000 
3762.00000000 
3083.00000000 
94.00000000 
1186.00000000 
4381.00000000 
8622.00000000 
1551.00000000 
0.00000000 
0.00000000 
4687.00000000 
16998.00000000 
15129.00000000 
6630.00000000 
0.00000000 
0.00000000 
1000.00000000 
10137.00000000 
332.00000000 
5516.00000000 
6370.00000000 
3856.00000000 
5021.00000000 
2410.00000000 
7890.00000000 
12227.00000000 
0.00000000 
2341.00000000 
233.00000000 
3302.00000000 
1588.00000000 
685.00000000 
1304.00000000 
11269.00000000 
597.00000000 
3015.00000000 
4366.00000000 
695.00000000 
3135.00000000 
555.00000000 
20644.00000000 
25633.00000000 
1521.00000000 
79.00000000 
1313.00000000 
0.00000000 
2298.00000000 
1839.00000000 
392.00000000 
15437.00000000 
57120.00000000 
1080.00000000 
4427.00000000 
16529.00000000 
12800.00000000 
1137.00000000 
110.00000000 
927.00000000 
4400.00000000 
7621.00000000 
116.00000000 
3231.00000000 
1087.00000000 
16846.00000000 
2125.00000000 
6619.00000000 
17014.00000000 
2582.00000000 
324.00000000 
1826.00000000 
9870.00000000 
1650.00000000 
1524.00000000 
0.00000000 
4810.00000000 
4740.00000000 
2516.00000000 
297.00000000 
0.00000000 
346.00000000 
31793.00000000 
5269.00000000 
0.00000000 
8671.00000000 
1034.00000000 
5144.00000000 
672.00000000 
165.00000000 
0.00000000 
2556.00000000 
3915.00000000 
97359.00000000 
3796.00000000 
9588.00000000 
16620.00000000 
8112.00000000 
10.00000000 
2000.00000000 
5371.00000000 
20211.00000000 
231.00000000 
61291.00000000 
16483.00000000 
13573.00000000 
60940.00000000 
10060.00000000 
9310.00000000 
4267.00000000 
0.00000000 
0.00000000 
17762.00000000 
570.00000000 
2014.00000000 
7072.00000000 
66.00000000 
0.00000000 
1052.00000000 
2760.00000000 
1841.00000000 
131237.00000000 
223.00000000 
22994.00000000 
109.00000000 
580.00000000 
993.00000000 
16102.00000000 
27940.00000000 
18138.00000000 
34.00000000 
0.00000000 
296.00000000 
0.00000000 
83.00000000 
2503.00000000 
1843.00000000 
5372.00000000 
1622.00000000 
900.00000000 
507.00000000 
63601.00000000 
1005.00000000 
103.00000000 
8045.00000000 
500.00000000 
8272.00000000 
7821.00000000 
0.00000000 
62.00000000 
0.00000000 
121.00000000 
0.00000000 
6695.00000000 
6000.00000000 
10741.00000000 
100.00000000 
4468.00000000 
2326.00000000 
3408.00000000 
5211.00000000 
10531.00000000 
2245.00000000 
1290.00000000 
26848.00000000 
1163.00000000 
4243.00000000 
21478.00000000 
8739.00000000 
2540.00000000 
4257.00000000 
108.00000000 
0.00000000 
2478.00000000 
506.00000000 
32329.00000000 
4490.00000000 
2131.00000000 
2825.00000000 
14740.00000000 
883.00000000 
17189.00000000 
0.00000000 
0.00000000 
301.00000000 
1838.00000000 
3900.00000000 
1217.00000000 
101.00000000 
170.00000000 
1411.00000000 
14005.00000000 
2846.00000000 
481.00000000 
1000.00000000 
100.00000000 
200.00000000 
4073.00000000 
3073.00000000 
0.00000000 
5739.00000000 
4832.00000000 
15894.00000000 
11506.00000000 
0.00000000 
554.00000000 
4986.00000000 
5140.00000000 
9434.00000000 
15704.00000000 
2507.00000000 
2216.00000000 
2216.00000000 
2995.00000000 
6207.00000000 
2768.00000000 
856.00000000 
12632.00000000 
12227.00000000 
6471.00000000 
5656.00000000 
21976.00000000 
31938.00000000 
2683.00000000 
2959.00000000 
3757.00000000 
2810.00000000 
12426.00000000 
7292.00000000 
522.00000000 
524.00000000 
639.00000000 
22.00000000 
2787.00000000 
7767.00000000 
35335.00000000 
784.00000000 
5948.00000000 
14230.00000000 
2990.00000000 
319.00000000 
134.00000000 
433.00000000 
1008.00000000 
4357.00000000 
634.00000000 
614.00000000 
7339.00000000 
76.00000000 
3.00000000 
895.00000000 
3126.00000000 
221.00000000 
6158.00000000 
325.00000000 
699.00000000 
6173.00000000 
2907.00000000 
0.00000000 
0.00000000 
119.00000000 
540.00000000 
5748.00000000 
14507.00000000 
0.00000000 
630.00000000 
1725.00000000 
719.00000000 
0.00000000 
3015.00000000 
16588.00000000 
2536.00000000 
2189.00000000 
472.00000000 
6017.00000000 
1401.00000000 
30451.00000000 
1803.00000000 
25122.00000000 
5481.00000000 
21753.00000000 
9191.00000000 
13424.00000000 
8821.00000000 
6178.00000000 
9515.00000000 
21181.00000000 
16605.00000000 
3693.00000000 
6431.00000000 
0.00000000 
18420.00000000 
6016.00000000 
537.00000000 
1525.00000000 
466.00000000 
4011.00000000 
5320.00000000 
9953.00000000 
2340.00000000 
771.00000000 
12287.00000000 
22377.00000000 
550.00000000 
1426.00000000 
20738.00000000 
6225.00000000 
6903.00000000 
1950.00000000 
16097.00000000 
955.00000000 
5765.00000000 
3058.00000000 
383.00000000 
5665.00000000 
1141.00000000 
0.00000000 
4578.00000000 
499.00000000 
8570.00000000 
650.00000000 
16089.00000000 
505.00000000 
2412.00000000 
20699.00000000 
22015.00000000 
20693.00000000 
260.00000000 
26363.00000000 
11383.00000000 
5157.00000000 
9095.00000000 
4025.00000000 
18000.00000000 
13838.00000000 
10478.00000000 
60582.00000000 
24156.00000000 
5329.00000000 
41873.00000000 
27113.00000000 
13791.00000000 
17749.00000000 
49957.00000000 
90957.00000000 
38856.00000000 
12185.00000000 
17371.00000000 
35448.00000000 
8592.00000000 
1782.00000000 
57.00000000 
3368.00000000 
350.00000000 
606.00000000 
7934.00000000 
9645.00000000 
388.00000000 
1626.00000000 
2412.00000000 
3271.00000000 
18463.00000000 
831.00000000 
1073.00000000 
456.00000000 
0.00000000 
3350.00000000 
5588.00000000 
13450.00000000 
106.00000000 
414.00000000 
17404.00000000 
0.00000000 
0.00000000 
0.00000000 
11222.00000000 
1870.00000000 
1726.00000000 
4132.00000000 
15.00000000 
0.00000000 
692.00000000 
8505.00000000 
0.00000000 
0.00000000 
0.00000000 
4032.00000000 
0.00000000 
0.00000000 
1069.00000000 
19707.00000000 
3315.00000000 
9732.00000000 
0.00000000 
73.00000000 
1036.00000000 
2051.00000000 
11030.00000000 
7974.00000000 
961.00000000 
0.00000000 
0.00000000 
5243.00000000 
0.00000000 
25305.00000000 
17623.00000000 
14436.00000000 
87.00000000 
264.00000000 
4365.00000000 
996.00000000 
91.00000000 
1483.00000000 
8320.00000000 
3501.00000000 
9463.00000000 
151.00000000 
1379.00000000 
20261.00000000 
9146.00000000 
6449.00000000 
544.00000000 
0.00000000 
2055.00000000 
6431.00000000 
140.00000000 
10784.00000000 
15352.00000000 
24767.00000000 
3849.00000000 
0.00000000 
3734.00000000 
2398.00000000 
7938.00000000 
9413.00000000 
0.00000000 
12133.00000000 
200.00000000 
193.00000000 
2950.00000000 
0.00000000 
727.00000000 
717.00000000 
296.00000000 
365.00000000 
8384.00000000 
187.00000000 
553.00000000 
3185.00000000 
2367.00000000 
413.00000000 
2717.00000000 
10627.00000000 
0.00000000 
671.00000000 
350.00000000 
1260.00000000 
0.00000000 
0.00000000 
0.00000000 
2605.00000000 
108.00000000 
0.00000000 
0.00000000 
222.00000000 
1391.00000000 
0.00000000 
340.00000000 
172.00000000 
0.00000000 
3072.00000000 
0.00000000 
3002.00000000 
115.00000000 
1591.00000000 
683.00000000 
775.00000000 
3203.00000000 
3629.00000000 
2545.00000000 
222.00000000 
3866.00000000 
13490.00000000 
3762.00000000 
3083.00000000 
94.00000000 
1186.00000000 
4381.00000000 
8622.00000000 
1551.00000000 
0.00000000 
0.00000000 
4687.00000000 
16998.00000000 
15129.00000000 
6630.00000000 
0.00000000 
0.00000000 
1000.00000000 
10137.00000000 
332.00000000 
5516.00000000 
6370.00000000 
3856.00000000 
5021.00000000 
2410.00000000 
7890.00000000 
12227.00000000 
0.00000000 
2341.00000000 
233.00000000 
3302.00000000 
1588.00000000 
685.00000000 
1304.00000000 
11269.00000000 
597.00000000 
3015.00000000 
4366.00000000 
695.00000000 
3135.00000000 
555.00000000 
20644.00000000 
25633.00000000 
1521.00000000 
79.00000000 
1313.00000000 
0.00000000 
2298.00000000 
1839.00000000 
392.00000000 
15437.00000000 
57120.00000000 
1080.00000000 
4427.00000000 
16529.00000000 
12800.00000000 
1137.00000000 
110.00000000 
927.00000000 
4400.00000000 
7621.00000000 
116.00000000 
3231.00000000 
1087.00000000 
16846.00000000 
2125.00000000 
6619.00000000 
17014.00000000 
2582.00000000 
324.00000000 
1826.00000000 
9870.00000000 
1650.00000000 
1524.00000000 
0.00000000 
4810.00000000 
4740.00000000 
2516.00000000 
297.00000000 
0.00000000 
346.00000000 
31793.00000000 
5269.00000000 
0.00000000 
8671.00000000 
1034.00000000 
5144.00000000 
672.00000000 
165.00000000 
0.00000000 
2556.00000000 
3915.00000000 
97359.00000000 
3796.00000000 
9588.00000000 
16620.00000000 
8112.00000000 
10.00000000 
2000.00000000 
5371.00000000 
20211.00000000 
231.00000000 
61291.00000000 
16483.00000000 
13573.00000000 
60940.00000000 
10060.00000000 
9310.00000000 
4267.00000000 
0.00000000 
0.00000000 
17762.00000000 
570.00000000 
2014.00000000 
7072.00000000 
66.00000000 
0.00000000 
1052.00000000 
2760.00000000 
1841.00000000 
131237.00000000 
223.00000000 
22994.00000000 
109.00000000 
580.00000000 
993.00000000 
16102.00000000 
27940.00000000 
18138.00000000 
34.00000000 
0.00000000 
296.00000000 
0.00000000 
83.00000000 
2503.00000000 
1843.00000000 
5372.00000000 
1622.00000000 
900.00000000 
507.00000000 
63601.00000000 
1005.00000000 
103.00000000 
8045.00000000 
500.00000000 
8272.00000000 
7821.00000000 
0.00000000 
62.00000000 
0.00000000 
121.00000000 
0.00000000 
6695.00000000 
6000.00000000 
10741.00000000 
100.00000000 
4468.00000000 
2326.00000000 
3408.00000000 
5211.00000000 
10531.00000000 
2245.00000000 
1290.00000000 
26848.00000000 
1163.00000000 
4243.00000000 
21478.00000000 
8739.00000000 
2540.00000000 
4257.00000000 
108.00000000 
0.00000000 
2478.00000000 
506.00000000 
32329.00000000 
4490.00000000 
2131.00000000 
2825.00000000 
14740.00000000 
883.00000000 
17189.00000000 
0.00000000 
0.00000000 
301.00000000 
1838.00000000 
3900.00000000 
1217.00000000 
101.00000000 
