0.00002071 
0.00002070 
0.00002098 
0.00002068 
0.00002075 
0.00002070 
0.00002071 
0.00002068 
0.00002080 
0.00002067 
0.00002054 
0.00002054 
0.00002080 
0.00002074 
0.00002100 
0.00002071 
0.00002071 
0.00002071 
0.00002071 
0.00002087 
0.00002081 
0.00002075 
0.00002082 
0.00002077 
0.00002058 
0.00002077 
0.00002059 
0.00002064 
0.00002059 
0.00002054 
0.00002068 
0.00002068 
0.00002068 
0.00002069 
0.00002043 
0.00002046 
0.00002031 
0.00002032 
0.00002031 
0.00002033 
0.00002019 
0.00002018 
0.00002018 
0.00002018 
0.00002037 
0.00002031 
0.00002031 
0.00002013 
0.00002006 
0.00002007 
0.00002009 
0.00002000 
0.00001996 
0.00002001 
0.00002004 
0.00002004 
0.00002006 
0.00001994 
0.00001994 
0.00001993 
0.00001989 
0.00002007 
0.00001995 
0.00001974 
0.00001974 
0.00001992 
0.00002007 
0.00001995 
0.00001986 
0.00001987 
0.00001987 
0.00001987 
0.00001993 
0.00001985 
0.00001985 
0.00002007 
0.00002007 
0.00001983 
0.00001980 
0.00001975 
0.00001975 
0.00001972 
0.00001995 
0.00001975 
0.00001975 
0.00001975 
0.00001984 
0.00001988 
0.00001995 
0.00001995 
0.00002001 
0.00002005 
0.00002010 
0.00002014 
0.00002013 
0.00002007 
0.00002002 
0.00001983 
0.00001988 
0.00002009 
0.00002024 
0.00002028 
0.00002028 
0.00002029 
0.00002038 
0.00002052 
0.00002051 
0.00002053 
0.00002041 
0.00002047 
0.00002055 
0.00002058 
0.00002061 
0.00002065 
0.00002023 
0.00002025 
0.00002026 
0.00002036 
0.00002060 
0.00002045 
0.00002033 
0.00002048 
0.00002048 
0.00002058 
0.00002048 
0.00002044 
0.00002039 
0.00002026 
0.00002026 
0.00002026 
0.00002026 
0.00002026 
0.00002026 
0.00002025 
0.00002040 
0.00002025 
0.00002042 
0.00002025 
0.00002022 
0.00002021 
0.00002030 
0.00002020 
0.00002022 
0.00002013 
0.00002022 
0.00002036 
0.00002014 
0.00002014 
0.00002024 
0.00002046 
0.00002077 
0.00002084 
0.00002082 
0.00002083 
0.00002109 
0.00002086 
0.00002050 
0.00001987 
0.00002026 
0.00002004 
0.00001970 
0.00001917 
0.00001931 
0.00001930 
0.00001928 
0.00001917 
0.00001921 
0.00001924 
0.00001929 
0.00001928 
0.00001915 
0.00001911 
0.00001925 
0.00001915 
0.00001908 
0.00001915 
0.00001910 
0.00001910 
0.00001908 
0.00001899 
0.00001916 
0.00001915 
0.00001921 
0.00001913 
0.00001913 
0.00001913 
0.00001913 
0.00001899 
0.00001907 
0.00001907 
0.00001900 
0.00001908 
0.00001908 
0.00001908 
0.00001913 
0.00001913 
0.00001913 
0.00001913 
0.00001895 
0.00001895 
0.00001895 
0.00001901 
0.00001892 
0.00001899 
0.00001903 
0.00001903 
0.00001904 
0.00001909 
0.00001903 
0.00001899 
0.00001908 
0.00001900 
0.00001900 
0.00001900 
0.00001896 
0.00001896 
0.00001890 
0.00001890 
0.00001889 
0.00001896 
0.00001896 
0.00001895 
0.00001896 
0.00001900 
0.00001888 
0.00001901 
0.00001907 
0.00001892 
0.00001904 
0.00001905 
0.00001910 
0.00001909 
0.00001913 
0.00001909 
0.00001909 
0.00001915 
0.00001912 
0.00001922 
0.00001909 
0.00001902 
0.00001900 
0.00001909 
0.00001909 
0.00001901 
0.00001888 
0.00001900 
0.00001900 
0.00001900 
0.00001898 
0.00001886 
0.00001888 
0.00001896 
0.00001896 
0.00001900 
0.00001896 
0.00001900 
0.00001902 
0.00001886 
0.00001892 
0.00001892 
0.00001889 
0.00001889 
0.00001883 
0.00001894 
0.00001880 
0.00001880 
0.00001888 
0.00001889 
0.00001877 
0.00001877 
0.00001877 
0.00001877 
0.00001880 
0.00001879 
0.00001879 
0.00001879 
0.00001880 
0.00001879 
0.00001879 
0.00001879 
0.00001879 
0.00001879 
0.00001895 
0.00001895 
0.00001886 
0.00001877 
0.00001886 
0.00001880 
0.00001875 
0.00001874 
0.00001886 
0.00001886 
0.00001886 
0.00001880 
0.00001880 
0.00001870 
0.00001870 
0.00001870 
0.00001876 
0.00001876 
0.00001868 
0.00001880 
0.00001880 
0.00001880 
0.00001874 
0.00001876 
0.00001884 
0.00001891 
0.00001891 
0.00001891 
0.00001883 
0.00001881 
0.00001889 
0.00001889 
0.00001894 
0.00001900 
0.00001901 
0.00001875 
0.00001893 
0.00001880 
0.00001880 
0.00001878 
0.00001878 
0.00001878 
0.00001868 
0.00001867 
0.00001868 
0.00001868 
0.00001884 
0.00001864 
0.00001884 
0.00001884 
0.00001866 
0.00001879 
0.00001879 
0.00001879 
0.00001881 
0.00001880 
0.00001880 
0.00001880 
0.00001887 
0.00001891 
0.00001884 
0.00001875 
0.00001887 
0.00001890 
0.00001897 
0.00001885 
0.00001894 
0.00001896 
0.00001898 
0.00001893 
0.00001900 
0.00001904 
0.00001886 
0.00001887 
0.00001909 
0.00001892 
0.00001902 
0.00001899 
0.00001901 
0.00001908 
0.00001919 
0.00001925 
0.00001922 
0.00001910 
0.00001924 
0.00001924 
0.00001920 
0.00001917 
0.00001927 
0.00001936 
0.00001936 
0.00001940 
0.00001958 
0.00001933 
0.00001933 
0.00001937 
0.00001937 
0.00001938 
0.00001949 
0.00001949 
0.00001949 
0.00001957 
0.00001952 
0.00001966 
0.00001967 
0.00001966 
0.00001966 
0.00001974 
0.00001973 
0.00001966 
0.00001973 
0.00001965 
0.00001965 
0.00001965 
0.00001965 
0.00001967 
0.00001982 
0.00001983 
0.00001982 
0.00001989 
0.00001989 
0.00001989 
0.00001984 
0.00001986 
0.00001997 
0.00002013 
0.00002009 
0.00002009 
0.00002009 
0.00001989 
0.00002013 
0.00002003 
0.00001987 
0.00002026 
0.00002027 
0.00002037 
0.00002033 
0.00002048 
0.00002016 
0.00001984 
0.00001971 
0.00001971 
0.00001974 
0.00001974 
0.00001970 
0.00001983 
0.00002003 
0.00001993 
0.00001989 
0.00001983 
0.00001971 
0.00001973 
0.00001970 
0.00001965 
0.00001965 
0.00001965 
0.00001970 
0.00001970 
0.00001970 
0.00001966 
0.00001966 
0.00001965 
0.00001965 
0.00001977 
0.00001965 
0.00001970 
0.00001970 
0.00001974 
0.00001973 
0.00001973 
0.00001965 
0.00001965 
0.00001965 
0.00001965 
0.00001965 
0.00001965 
0.00001965 
0.00001979 
0.00001968 
0.00001971 
0.00001971 
0.00001969 
0.00001969 
0.00001984 
0.00001966 
0.00001949 
0.00001951 
0.00001955 
0.00001942 
0.00001963 
0.00001965 
0.00001965 
0.00001965 
0.00001965 
0.00001967 
0.00001972 
0.00001948 
0.00001947 
0.00002071 
0.00002070 
0.00002098 
0.00002068 
0.00002075 
0.00002070 
0.00002071 
0.00002068 
0.00002080 
0.00002067 
0.00002054 
0.00002054 
0.00002080 
0.00002074 
0.00002100 
0.00002071 
0.00002071 
0.00002071 
0.00002071 
0.00002087 
0.00002081 
0.00002075 
0.00002082 
0.00002077 
0.00002058 
0.00002077 
0.00002059 
0.00002064 
0.00002059 
0.00002054 
0.00002068 
0.00002068 
0.00002068 
0.00002069 
0.00002043 
0.00002046 
0.00002031 
0.00002032 
0.00002031 
0.00002033 
0.00002019 
0.00002018 
0.00002018 
0.00002018 
0.00002037 
0.00002031 
0.00002031 
0.00002013 
0.00002006 
0.00002007 
0.00002009 
0.00002000 
0.00001996 
0.00002001 
0.00002004 
0.00002004 
0.00002006 
0.00001994 
0.00001994 
0.00001993 
0.00001989 
0.00002007 
0.00001995 
0.00001974 
0.00001974 
0.00001992 
0.00002007 
0.00001995 
0.00001986 
0.00001987 
0.00001987 
0.00001987 
0.00001993 
0.00001985 
0.00001985 
0.00002007 
0.00002007 
0.00001983 
0.00001980 
0.00001975 
0.00001975 
0.00001972 
0.00001995 
0.00001975 
0.00001975 
0.00001975 
0.00001984 
0.00001988 
0.00001995 
0.00001995 
0.00002001 
0.00002005 
0.00002010 
0.00002014 
0.00002013 
0.00002007 
0.00002002 
0.00001983 
0.00001988 
0.00002009 
0.00002024 
0.00002028 
0.00002028 
0.00002029 
0.00002038 
0.00002052 
0.00002051 
0.00002053 
0.00002041 
0.00002047 
0.00002055 
0.00002058 
0.00002061 
0.00002065 
0.00002023 
0.00002025 
0.00002026 
0.00002036 
0.00002060 
0.00002045 
0.00002033 
0.00002048 
0.00002048 
0.00002058 
0.00002048 
0.00002044 
0.00002039 
0.00002026 
0.00002026 
0.00002026 
0.00002026 
0.00002026 
0.00002026 
0.00002025 
0.00002040 
0.00002025 
0.00002042 
0.00002025 
0.00002022 
0.00002021 
0.00002030 
0.00002020 
0.00002022 
0.00002013 
0.00002022 
0.00002036 
0.00002014 
0.00002014 
0.00002024 
0.00002046 
0.00002077 
0.00002084 
0.00002082 
0.00002083 
0.00002109 
0.00002086 
0.00002050 
0.00001987 
0.00002026 
0.00002004 
0.00001970 
0.00001917 
0.00001931 
0.00001930 
0.00001928 
0.00001917 
0.00001921 
0.00001924 
0.00001929 
0.00001928 
0.00001915 
0.00001911 
0.00001925 
0.00001915 
0.00001908 
0.00001915 
0.00001910 
0.00001910 
0.00001908 
0.00001899 
0.00001916 
0.00001915 
0.00001921 
0.00001913 
0.00001913 
0.00001913 
0.00001913 
0.00001899 
0.00001907 
0.00001907 
0.00001900 
0.00001908 
0.00001908 
0.00001908 
0.00001913 
0.00001913 
0.00001913 
0.00001913 
0.00001895 
0.00001895 
0.00001895 
0.00001901 
0.00001892 
0.00001899 
0.00001903 
0.00001903 
0.00001904 
0.00001909 
0.00001903 
0.00001899 
0.00001908 
0.00001900 
0.00001900 
0.00001900 
0.00001896 
0.00001896 
0.00001890 
0.00001890 
0.00001889 
0.00001896 
0.00001896 
0.00001895 
0.00001896 
0.00001900 
0.00001888 
0.00001901 
0.00001907 
0.00001892 
0.00001904 
0.00001905 
0.00001910 
0.00001909 
0.00001913 
0.00001909 
0.00001909 
0.00001915 
0.00001912 
0.00001922 
0.00001909 
0.00001902 
0.00001900 
0.00001909 
0.00001909 
0.00001901 
0.00001888 
0.00001900 
0.00001900 
0.00001900 
0.00001898 
0.00001886 
0.00001888 
0.00001896 
0.00001896 
0.00001900 
0.00001896 
0.00001900 
0.00001902 
0.00001886 
0.00001892 
0.00001892 
0.00001889 
0.00001889 
0.00001883 
0.00001894 
0.00001880 
0.00001880 
0.00001888 
0.00001889 
0.00001877 
0.00001877 
0.00001877 
0.00001877 
0.00001880 
0.00001879 
0.00001879 
0.00001879 
0.00001880 
0.00001879 
0.00001879 
0.00001879 
0.00001879 
0.00001879 
0.00001895 
0.00001895 
0.00001886 
0.00001877 
0.00001886 
0.00001880 
0.00001875 
0.00001874 
0.00001886 
0.00001886 
0.00001886 
0.00001880 
0.00001880 
0.00001870 
0.00001870 
0.00001870 
0.00001876 
0.00001876 
0.00001868 
0.00001880 
0.00001880 
0.00001880 
0.00001874 
0.00001876 
0.00001884 
0.00001891 
0.00001891 
0.00001891 
0.00001883 
0.00001881 
0.00001889 
0.00001889 
0.00001894 
0.00001900 
0.00001901 
0.00001875 
0.00001893 
0.00001880 
0.00001880 
0.00001878 
0.00001878 
0.00001878 
0.00001868 
0.00001867 
0.00001868 
0.00001868 
0.00001884 
0.00001864 
0.00001884 
0.00001884 
0.00001866 
0.00001879 
0.00001879 
0.00001879 
0.00001881 
0.00001880 
0.00001880 
0.00001880 
0.00001887 
0.00001891 
0.00001884 
0.00001875 
0.00001887 
0.00001890 
0.00001897 
0.00001885 
0.00001894 
0.00001896 
0.00001898 
0.00001893 
0.00001900 
0.00001904 
0.00001886 
0.00001887 
0.00001909 
0.00001892 
0.00001902 
0.00001899 
0.00001901 
0.00001908 
0.00001919 
0.00001925 
0.00001922 
0.00001910 
0.00001924 
0.00001924 
0.00001920 
0.00001917 
0.00001927 
0.00001936 
0.00001936 
0.00001940 
0.00001958 
0.00001933 
0.00001933 
0.00001937 
0.00001937 
0.00001938 
0.00001949 
0.00001949 
0.00001949 
0.00001957 
0.00001952 
0.00001966 
0.00001967 
0.00001966 
0.00001966 
0.00001974 
0.00001973 
0.00001966 
0.00001973 
0.00001965 
0.00001965 
0.00001965 
0.00001965 
0.00001967 
0.00001982 
0.00001983 
0.00001982 
0.00001989 
0.00001989 
0.00001989 
0.00001984 
0.00001986 
0.00001997 
0.00002013 
0.00002009 
0.00002009 
0.00002009 
0.00001989 
0.00002013 
0.00002003 
0.00001987 
0.00002026 
0.00002027 
0.00002037 
0.00002033 
0.00002048 
0.00002016 
0.00001984 
0.00001971 
0.00001971 
0.00001974 
0.00001974 
0.00001970 
0.00001983 
0.00002003 
0.00001993 
0.00001989 
0.00001983 
0.00001971 
0.00001973 
0.00001970 
0.00001965 
0.00001965 
0.00001965 
0.00001970 
0.00001970 
0.00001970 
0.00001966 
0.00001966 
0.00001965 
0.00001965 
0.00001977 
0.00001965 
0.00001970 
0.00001970 
0.00001974 
0.00001973 
0.00001973 
0.00001965 
0.00001965 
0.00001965 
0.00001965 
0.00001965 
0.00001965 
0.00001965 
0.00001979 
0.00001968 
0.00001971 
0.00001971 
0.00001969 
0.00001969 
0.00001984 
0.00001966 
0.00001949 
0.00001951 
0.00001955 
0.00001942 
0.00001963 
0.00001965 
0.00001965 
0.00001965 
0.00001965 
0.00001967 
0.00001972 
0.00001948 
0.00001947 
0.00002071 
0.00002070 
0.00002098 
0.00002068 
0.00002075 
0.00002070 
0.00002071 
0.00002068 
0.00002080 
0.00002067 
0.00002054 
0.00002054 
0.00002080 
0.00002074 
0.00002100 
0.00002071 
0.00002071 
0.00002071 
0.00002071 
0.00002087 
0.00002081 
0.00002075 
0.00002082 
0.00002077 
0.00002058 
0.00002077 
0.00002059 
0.00002064 
0.00002059 
0.00002054 
0.00002068 
0.00002068 
0.00002068 
0.00002069 
0.00002043 
0.00002046 
0.00002031 
0.00002032 
0.00002031 
0.00002033 
0.00002019 
0.00002018 
0.00002018 
0.00002018 
0.00002037 
0.00002031 
0.00002031 
0.00002013 
0.00002006 
0.00002007 
0.00002009 
0.00002000 
0.00001996 
0.00002001 
0.00002004 
0.00002004 
0.00002006 
0.00001994 
0.00001994 
0.00001993 
0.00001989 
0.00002007 
0.00001995 
0.00001974 
0.00001974 
0.00001992 
0.00002007 
0.00001995 
0.00001986 
0.00001987 
0.00001987 
0.00001987 
0.00001993 
0.00001985 
0.00001985 
0.00002007 
0.00002007 
0.00001983 
0.00001980 
0.00001975 
0.00001975 
0.00001972 
0.00001995 
0.00001975 
0.00001975 
0.00001975 
0.00001984 
0.00001988 
0.00001995 
0.00001995 
0.00002001 
0.00002005 
0.00002010 
0.00002014 
0.00002013 
0.00002007 
0.00002002 
0.00001983 
0.00001988 
0.00002009 
0.00002024 
0.00002028 
0.00002028 
0.00002029 
0.00002038 
0.00002052 
0.00002051 
0.00002053 
0.00002041 
0.00002047 
0.00002055 
0.00002058 
0.00002061 
0.00002065 
0.00002023 
0.00002025 
0.00002026 
0.00002036 
0.00002060 
0.00002045 
0.00002033 
0.00002048 
0.00002048 
0.00002058 
0.00002048 
0.00002044 
0.00002039 
0.00002026 
0.00002026 
0.00002026 
0.00002026 
0.00002026 
0.00002026 
0.00002025 
0.00002040 
0.00002025 
0.00002042 
0.00002025 
0.00002022 
0.00002021 
0.00002030 
0.00002020 
0.00002022 
0.00002013 
0.00002022 
0.00002036 
0.00002014 
0.00002014 
0.00002024 
0.00002046 
0.00002077 
0.00002084 
0.00002082 
0.00002083 
0.00002109 
0.00002086 
0.00002050 
0.00001987 
0.00002026 
0.00002004 
0.00001970 
0.00001917 
0.00001931 
0.00001930 
0.00001928 
0.00001917 
0.00001921 
0.00001924 
0.00001929 
0.00001928 
0.00001915 
0.00001911 
0.00001925 
0.00001915 
0.00001908 
0.00001915 
0.00001910 
0.00001910 
0.00001908 
0.00001899 
0.00001916 
0.00001915 
0.00001921 
0.00001913 
0.00001913 
0.00001913 
0.00001913 
0.00001899 
0.00001907 
0.00001907 
0.00001900 
0.00001908 
0.00001908 
0.00001908 
0.00001913 
0.00001913 
0.00001913 
0.00001913 
0.00001895 
0.00001895 
0.00001895 
0.00001901 
0.00001892 
0.00001899 
0.00001903 
0.00001903 
0.00001904 
0.00001909 
0.00001903 
0.00001899 
0.00001908 
0.00001900 
0.00001900 
0.00001900 
0.00001896 
0.00001896 
0.00001890 
0.00001890 
0.00001889 
0.00001896 
0.00001896 
0.00001895 
0.00001896 
0.00001900 
0.00001888 
0.00001901 
0.00001907 
0.00001892 
0.00001904 
0.00001905 
0.00001910 
0.00001909 
0.00001913 
0.00001909 
0.00001909 
0.00001915 
0.00001912 
0.00001922 
0.00001909 
0.00001902 
0.00001900 
0.00001909 
0.00001909 
0.00001901 
0.00001888 
0.00001900 
0.00001900 
0.00001900 
0.00001898 
0.00001886 
0.00001888 
0.00001896 
0.00001896 
0.00001900 
0.00001896 
0.00001900 
0.00001902 
0.00001886 
0.00001892 
0.00001892 
0.00001889 
0.00001889 
0.00001883 
0.00001894 
0.00001880 
0.00001880 
0.00001888 
0.00001889 
0.00001877 
0.00001877 
0.00001877 
0.00001877 
0.00001880 
0.00001879 
0.00001879 
0.00001879 
0.00001880 
0.00001879 
0.00001879 
0.00001879 
0.00001879 
0.00001879 
0.00001895 
0.00001895 
0.00001886 
0.00001877 
0.00001886 
0.00001880 
0.00001875 
0.00001874 
0.00001886 
0.00001886 
0.00001886 
0.00001880 
0.00001880 
0.00001870 
0.00001870 
0.00001870 
0.00001876 
0.00001876 
0.00001868 
0.00001880 
0.00001880 
0.00001880 
0.00001874 
0.00001876 
0.00001884 
0.00001891 
0.00001891 
0.00001891 
0.00001883 
0.00001881 
0.00001889 
0.00001889 
0.00001894 
0.00001900 
0.00001901 
0.00001875 
0.00001893 
0.00001880 
0.00001880 
0.00001878 
0.00001878 
0.00001878 
0.00001868 
0.00001867 
0.00001868 
0.00001868 
0.00001884 
0.00001864 
0.00001884 
0.00001884 
0.00001866 
0.00001879 
0.00001879 
0.00001879 
0.00001881 
0.00001880 
0.00001880 
0.00001880 
0.00001887 
0.00001891 
0.00001884 
0.00001875 
0.00001887 
0.00001890 
0.00001897 
0.00001885 
0.00001894 
0.00001896 
0.00001898 
0.00001893 
0.00001900 
0.00001904 
0.00001886 
0.00001887 
0.00001909 
0.00001892 
0.00001902 
0.00001899 
0.00001901 
0.00001908 
0.00001919 
0.00001925 
0.00001922 
0.00001910 
0.00001924 
0.00001924 
0.00001920 
0.00001917 
0.00001927 
0.00001936 
0.00001936 
0.00001940 
0.00001958 
0.00001933 
0.00001933 
0.00001937 
0.00001937 
0.00001938 
0.00001949 
0.00001949 
0.00001949 
0.00001957 
0.00001952 
0.00001966 
0.00001967 
0.00001966 
0.00001966 
0.00001974 
0.00001973 
0.00001966 
0.00001973 
0.00001965 
0.00001965 
0.00001965 
0.00001965 
0.00001967 
0.00001982 
0.00001983 
0.00001982 
0.00001989 
0.00001989 
0.00001989 
0.00001984 
0.00001986 
0.00001997 
0.00002013 
0.00002009 
0.00002009 
0.00002009 
0.00001989 
0.00002013 
0.00002003 
0.00001987 
0.00002026 
0.00002027 
0.00002037 
0.00002033 
0.00002048 
0.00002016 
0.00001984 
0.00001971 
0.00001971 
0.00001974 
0.00001974 
0.00001970 
0.00001983 
0.00002003 
0.00001993 
0.00001989 
0.00001983 
0.00001971 
0.00001973 
0.00001970 
0.00001965 
0.00001965 
0.00001965 
0.00001970 
0.00001970 
0.00001970 
0.00001966 
0.00001966 
0.00001965 
0.00001965 
0.00001977 
0.00001965 
0.00001970 
0.00001970 
0.00001974 
0.00001973 
0.00001973 
0.00001965 
0.00001965 
0.00001965 
0.00001965 
0.00001965 
0.00001965 
0.00001965 
0.00001979 
0.00001968 
0.00001971 
0.00001971 
0.00001969 
0.00001969 
0.00001984 
0.00001966 
0.00001949 
0.00001951 
0.00001955 
0.00001942 
0.00001963 
0.00001965 
0.00001965 
0.00001965 
0.00001965 
0.00001967 
0.00001972 
0.00001948 
0.00001947 
