11723.00000000 
5772.00000000 
18739.00000000 
22092.00000000 
22843.00000000 
25262.00000000 
68344.00000000 
31120.00000000 
17316.00000000 
142570.00000000 
40885.00000000 
61237.00000000 
28514.00000000 
95774.00000000 
66881.00000000 
77261.00000000 
141218.00000000 
42370.00000000 
38755.00000000 
53074.00000000 
49246.00000000 
109937.00000000 
104703.00000000 
161746.00000000 
140672.00000000 
71648.00000000 
105676.00000000 
66009.00000000 
23084.00000000 
69761.00000000 
13639.00000000 
37274.00000000 
105864.00000000 
28594.00000000 
77668.00000000 
14811.00000000 
146014.00000000 
17852.00000000 
27458.00000000 
41528.00000000 
82443.00000000 
22459.00000000 
75298.00000000 
49614.00000000 
25396.00000000 
22931.00000000 
37581.00000000 
4514.00000000 
8383.00000000 
3824.00000000 
2550.00000000 
3284.00000000 
37864.00000000 
52410.00000000 
8486.00000000 
21358.00000000 
15732.00000000 
7942.00000000 
16712.00000000 
3287.00000000 
1307.00000000 
12266.00000000 
4009.00000000 
1393.00000000 
13130.00000000 
16060.00000000 
1574.00000000 
8783.00000000 
11803.00000000 
14866.00000000 
1301.00000000 
8103.00000000 
3052.00000000 
26942.00000000 
55887.00000000 
5262.00000000 
15427.00000000 
45548.00000000 
48391.00000000 
6405.00000000 
6766.00000000 
9736.00000000 
6873.00000000 
12175.00000000 
23474.00000000 
32564.00000000 
25167.00000000 
61592.00000000 
13739.00000000 
7119.00000000 
12303.00000000 
107399.00000000 
22740.00000000 
14178.00000000 
7474.00000000 
10979.00000000 
59872.00000000 
34618.00000000 
7500.00000000 
8684.00000000 
15893.00000000 
66043.00000000 
14902.00000000 
34072.00000000 
21642.00000000 
9602.00000000 
8114.00000000 
16529.00000000 
40014.00000000 
69088.00000000 
33551.00000000 
55491.00000000 
60803.00000000 
72956.00000000 
35447.00000000 
113528.00000000 
112982.00000000 
95844.00000000 
104840.00000000 
71460.00000000 
116782.00000000 
314749.00000000 
327474.00000000 
39654.00000000 
57282.00000000 
21346.00000000 
9866.00000000 
3253.00000000 
7959.00000000 
1682.00000000 
2597.00000000 
4729.00000000 
13745.00000000 
19099.00000000 
20154.00000000 
6112.00000000 
2042.00000000 
6396.00000000 
18635.00000000 
8572.00000000 
30194.00000000 
18111.00000000 
20666.00000000 
45777.00000000 
62171.00000000 
10979.00000000 
10544.00000000 
11984.00000000 
17038.00000000 
28574.00000000 
56180.00000000 
67836.00000000 
71939.00000000 
45137.00000000 
94777.00000000 
49647.00000000 
64630.00000000 
99662.00000000 
24331.00000000 
41602.00000000 
7055.00000000 
36533.00000000 
7613.00000000 
6574.00000000 
31463.00000000 
54328.00000000 
145415.00000000 
40194.00000000 
4157.00000000 
9603.00000000 
54824.00000000 
26403.00000000 
25907.00000000 
12992.00000000 
7631.00000000 
5868.00000000 
2622.00000000 
34993.00000000 
56113.00000000 
16963.00000000 
8908.00000000 
1501.00000000 
16751.00000000 
3816.00000000 
8711.00000000 
28813.00000000 
8301.00000000 
18305.00000000 
73290.00000000 
7448.00000000 
3351.00000000 
7934.00000000 
43605.00000000 
11769.00000000 
4654.00000000 
8131.00000000 
5970.00000000 
550.00000000 
20456.00000000 
18661.00000000 
3444.00000000 
5033.00000000 
16671.00000000 
1821.00000000 
9829.00000000 
909.00000000 
1142.00000000 
35922.00000000 
13445.00000000 
5985.00000000 
2283.00000000 
10553.00000000 
1880.00000000 
12527.00000000 
9889.00000000 
19229.00000000 
47633.00000000 
40346.00000000 
24254.00000000 
6456.00000000 
13671.00000000 
17941.00000000 
8084.00000000 
5335.00000000 
89044.00000000 
5107.00000000 
9930.00000000 
9561.00000000 
21470.00000000 
10249.00000000 
18682.00000000 
32423.00000000 
105824.00000000 
11708.00000000 
19876.00000000 
17795.00000000 
32125.00000000 
40796.00000000 
55000.00000000 
19718.00000000 
18719.00000000 
39189.00000000 
28924.00000000 
19967.00000000 
5994.00000000 
10425.00000000 
10022.00000000 
15878.00000000 
41893.00000000 
12820.00000000 
18513.00000000 
7413.00000000 
15277.00000000 
4914.00000000 
115010.00000000 
10013.00000000 
23478.00000000 
21236.00000000 
9143.00000000 
52060.00000000 
6376.00000000 
14144.00000000 
2429.00000000 
42451.00000000 
1980.00000000 
13142.00000000 
36514.00000000 
21320.00000000 
1598.00000000 
13949.00000000 
2721.00000000 
7923.00000000 
12740.00000000 
22380.00000000 
33733.00000000 
69473.00000000 
28312.00000000 
19532.00000000 
16890.00000000 
30006.00000000 
112869.00000000 
35961.00000000 
55847.00000000 
21451.00000000 
5919.00000000 
8812.00000000 
31297.00000000 
13542.00000000 
8731.00000000 
7522.00000000 
35000.00000000 
973.00000000 
46657.00000000 
5270.00000000 
30670.00000000 
101157.00000000 
153670.00000000 
22212.00000000 
25962.00000000 
34083.00000000 
11558.00000000 
42185.00000000 
78423.00000000 
20866.00000000 
35349.00000000 
1212.00000000 
1956.00000000 
26088.00000000 
5614.00000000 
1930.00000000 
55613.00000000 
6378.00000000 
37352.00000000 
30176.00000000 
7685.00000000 
31190.00000000 
22004.00000000 
83058.00000000 
47449.00000000 
5131.00000000 
29468.00000000 
1981.00000000 
22869.00000000 
16680.00000000 
37194.00000000 
47350.00000000 
32582.00000000 
25306.00000000 
58828.00000000 
29466.00000000 
8636.00000000 
16129.00000000 
60084.00000000 
53274.00000000 
77948.00000000 
35492.00000000 
32410.00000000 
104123.00000000 
14847.00000000 
33175.00000000 
7501.00000000 
9361.00000000 
5141.00000000 
41392.00000000 
7223.00000000 
18303.00000000 
101705.00000000 
37912.00000000 
1283.00000000 
17959.00000000 
16027.00000000 
17514.00000000 
15346.00000000 
48578.00000000 
32710.00000000 
1935.00000000 
11689.00000000 
38188.00000000 
1385.00000000 
17714.00000000 
12515.00000000 
58093.00000000 
46424.00000000 
42438.00000000 
54096.00000000 
11404.00000000 
21469.00000000 
58680.00000000 
25826.00000000 
10990.00000000 
33025.00000000 
18452.00000000 
2533.00000000 
18580.00000000 
12224.00000000 
312.00000000 
22570.00000000 
2262.00000000 
62073.00000000 
44674.00000000 
35284.00000000 
70855.00000000 
26899.00000000 
15822.00000000 
19916.00000000 
28002.00000000 
46483.00000000 
35624.00000000 
47036.00000000 
3762.00000000 
8011.00000000 
2142.00000000 
9669.00000000 
32731.00000000 
28973.00000000 
40727.00000000 
1385.00000000 
949.00000000 
8014.00000000 
446.00000000 
1198.00000000 
34018.00000000 
30644.00000000 
11061.00000000 
36884.00000000 
4037.00000000 
98467.00000000 
24227.00000000 
3101.00000000 
27508.00000000 
24177.00000000 
5883.00000000 
10050.00000000 
986.00000000 
3678.00000000 
46421.00000000 
0.00000000 
16193.00000000 
8233.00000000 
1387.00000000 
17113.00000000 
6016.00000000 
13924.00000000 
8591.00000000 
24070.00000000 
17424.00000000 
92475.00000000 
9230.00000000 
14480.00000000 
11538.00000000 
22569.00000000 
16151.00000000 
27486.00000000 
18818.00000000 
10797.00000000 
5036.00000000 
22689.00000000 
3690.00000000 
4747.00000000 
1612.00000000 
14592.00000000 
6494.00000000 
9896.00000000 
15154.00000000 
13497.00000000 
1295.00000000 
30136.00000000 
21670.00000000 
82176.00000000 
24663.00000000 
2989.00000000 
7998.00000000 
34975.00000000 
14086.00000000 
16685.00000000 
21547.00000000 
24682.00000000 
53277.00000000 
17381.00000000 
32134.00000000 
19792.00000000 
26515.00000000 
19434.00000000 
12805.00000000 
25211.00000000 
7844.00000000 
3645.00000000 
9992.00000000 
2839.00000000 
3274.00000000 
7954.00000000 
23578.00000000 
11338.00000000 
75372.00000000 
9524.00000000 
17582.00000000 
82025.00000000 
17643.00000000 
30173.00000000 
8079.00000000 
11723.00000000 
5772.00000000 
18739.00000000 
22092.00000000 
22843.00000000 
25262.00000000 
68344.00000000 
31120.00000000 
17316.00000000 
142570.00000000 
40885.00000000 
61237.00000000 
28514.00000000 
95774.00000000 
66881.00000000 
77261.00000000 
141218.00000000 
42370.00000000 
38755.00000000 
53074.00000000 
49246.00000000 
109937.00000000 
104703.00000000 
161746.00000000 
140672.00000000 
71648.00000000 
105676.00000000 
66009.00000000 
23084.00000000 
69761.00000000 
13639.00000000 
37274.00000000 
105864.00000000 
28594.00000000 
77668.00000000 
14811.00000000 
146014.00000000 
17852.00000000 
27458.00000000 
41528.00000000 
82443.00000000 
22459.00000000 
75298.00000000 
49614.00000000 
25396.00000000 
22931.00000000 
37581.00000000 
4514.00000000 
8383.00000000 
3824.00000000 
2550.00000000 
3284.00000000 
37864.00000000 
52410.00000000 
8486.00000000 
21358.00000000 
15732.00000000 
7942.00000000 
16712.00000000 
3287.00000000 
1307.00000000 
12266.00000000 
4009.00000000 
1393.00000000 
13130.00000000 
16060.00000000 
1574.00000000 
8783.00000000 
11803.00000000 
14866.00000000 
1301.00000000 
8103.00000000 
3052.00000000 
26942.00000000 
55887.00000000 
5262.00000000 
15427.00000000 
45548.00000000 
48391.00000000 
6405.00000000 
6766.00000000 
9736.00000000 
6873.00000000 
12175.00000000 
23474.00000000 
32564.00000000 
25167.00000000 
61592.00000000 
13739.00000000 
7119.00000000 
12303.00000000 
107399.00000000 
22740.00000000 
14178.00000000 
7474.00000000 
10979.00000000 
59872.00000000 
34618.00000000 
7500.00000000 
8684.00000000 
15893.00000000 
66043.00000000 
14902.00000000 
34072.00000000 
21642.00000000 
9602.00000000 
8114.00000000 
16529.00000000 
40014.00000000 
69088.00000000 
33551.00000000 
55491.00000000 
60803.00000000 
72956.00000000 
35447.00000000 
113528.00000000 
112982.00000000 
95844.00000000 
104840.00000000 
71460.00000000 
116782.00000000 
314749.00000000 
327474.00000000 
39654.00000000 
57282.00000000 
21346.00000000 
9866.00000000 
3253.00000000 
7959.00000000 
1682.00000000 
2597.00000000 
4729.00000000 
13745.00000000 
19099.00000000 
20154.00000000 
6112.00000000 
2042.00000000 
6396.00000000 
18635.00000000 
8572.00000000 
30194.00000000 
18111.00000000 
20666.00000000 
45777.00000000 
62171.00000000 
10979.00000000 
10544.00000000 
11984.00000000 
17038.00000000 
28574.00000000 
56180.00000000 
67836.00000000 
71939.00000000 
45137.00000000 
94777.00000000 
49647.00000000 
64630.00000000 
99662.00000000 
24331.00000000 
41602.00000000 
7055.00000000 
36533.00000000 
7613.00000000 
6574.00000000 
31463.00000000 
54328.00000000 
145415.00000000 
40194.00000000 
4157.00000000 
9603.00000000 
54824.00000000 
26403.00000000 
25907.00000000 
12992.00000000 
7631.00000000 
5868.00000000 
2622.00000000 
34993.00000000 
56113.00000000 
16963.00000000 
8908.00000000 
1501.00000000 
16751.00000000 
3816.00000000 
8711.00000000 
28813.00000000 
8301.00000000 
18305.00000000 
73290.00000000 
7448.00000000 
3351.00000000 
7934.00000000 
43605.00000000 
11769.00000000 
4654.00000000 
8131.00000000 
5970.00000000 
550.00000000 
20456.00000000 
18661.00000000 
3444.00000000 
5033.00000000 
16671.00000000 
1821.00000000 
9829.00000000 
909.00000000 
1142.00000000 
35922.00000000 
13445.00000000 
5985.00000000 
2283.00000000 
10553.00000000 
1880.00000000 
12527.00000000 
9889.00000000 
19229.00000000 
47633.00000000 
40346.00000000 
24254.00000000 
6456.00000000 
13671.00000000 
17941.00000000 
8084.00000000 
5335.00000000 
89044.00000000 
5107.00000000 
9930.00000000 
9561.00000000 
21470.00000000 
10249.00000000 
18682.00000000 
32423.00000000 
105824.00000000 
11708.00000000 
19876.00000000 
17795.00000000 
32125.00000000 
40796.00000000 
55000.00000000 
19718.00000000 
18719.00000000 
39189.00000000 
28924.00000000 
19967.00000000 
5994.00000000 
10425.00000000 
10022.00000000 
15878.00000000 
41893.00000000 
12820.00000000 
18513.00000000 
7413.00000000 
15277.00000000 
4914.00000000 
115010.00000000 
10013.00000000 
23478.00000000 
21236.00000000 
9143.00000000 
52060.00000000 
6376.00000000 
14144.00000000 
2429.00000000 
42451.00000000 
1980.00000000 
13142.00000000 
36514.00000000 
21320.00000000 
1598.00000000 
13949.00000000 
2721.00000000 
7923.00000000 
12740.00000000 
22380.00000000 
33733.00000000 
69473.00000000 
28312.00000000 
19532.00000000 
16890.00000000 
30006.00000000 
112869.00000000 
35961.00000000 
55847.00000000 
21451.00000000 
5919.00000000 
8812.00000000 
31297.00000000 
13542.00000000 
8731.00000000 
7522.00000000 
35000.00000000 
973.00000000 
46657.00000000 
5270.00000000 
30670.00000000 
101157.00000000 
153670.00000000 
22212.00000000 
25962.00000000 
34083.00000000 
11558.00000000 
42185.00000000 
78423.00000000 
20866.00000000 
35349.00000000 
1212.00000000 
1956.00000000 
26088.00000000 
5614.00000000 
1930.00000000 
55613.00000000 
6378.00000000 
37352.00000000 
30176.00000000 
7685.00000000 
31190.00000000 
22004.00000000 
83058.00000000 
47449.00000000 
5131.00000000 
29468.00000000 
1981.00000000 
22869.00000000 
16680.00000000 
37194.00000000 
47350.00000000 
32582.00000000 
25306.00000000 
58828.00000000 
29466.00000000 
8636.00000000 
16129.00000000 
60084.00000000 
53274.00000000 
77948.00000000 
35492.00000000 
32410.00000000 
104123.00000000 
14847.00000000 
33175.00000000 
7501.00000000 
9361.00000000 
5141.00000000 
41392.00000000 
7223.00000000 
18303.00000000 
101705.00000000 
37912.00000000 
1283.00000000 
17959.00000000 
16027.00000000 
17514.00000000 
15346.00000000 
48578.00000000 
32710.00000000 
1935.00000000 
11689.00000000 
38188.00000000 
1385.00000000 
17714.00000000 
12515.00000000 
58093.00000000 
46424.00000000 
42438.00000000 
54096.00000000 
11404.00000000 
21469.00000000 
58680.00000000 
25826.00000000 
10990.00000000 
33025.00000000 
18452.00000000 
2533.00000000 
18580.00000000 
12224.00000000 
312.00000000 
22570.00000000 
2262.00000000 
62073.00000000 
44674.00000000 
35284.00000000 
70855.00000000 
26899.00000000 
15822.00000000 
19916.00000000 
28002.00000000 
46483.00000000 
35624.00000000 
47036.00000000 
3762.00000000 
8011.00000000 
2142.00000000 
9669.00000000 
32731.00000000 
28973.00000000 
40727.00000000 
1385.00000000 
949.00000000 
8014.00000000 
446.00000000 
1198.00000000 
34018.00000000 
30644.00000000 
11061.00000000 
36884.00000000 
4037.00000000 
98467.00000000 
24227.00000000 
3101.00000000 
27508.00000000 
24177.00000000 
5883.00000000 
10050.00000000 
986.00000000 
3678.00000000 
46421.00000000 
0.00000000 
16193.00000000 
8233.00000000 
1387.00000000 
17113.00000000 
6016.00000000 
13924.00000000 
8591.00000000 
24070.00000000 
17424.00000000 
92475.00000000 
9230.00000000 
14480.00000000 
11538.00000000 
22569.00000000 
16151.00000000 
27486.00000000 
18818.00000000 
10797.00000000 
5036.00000000 
22689.00000000 
3690.00000000 
4747.00000000 
1612.00000000 
14592.00000000 
6494.00000000 
9896.00000000 
15154.00000000 
13497.00000000 
1295.00000000 
30136.00000000 
21670.00000000 
82176.00000000 
24663.00000000 
2989.00000000 
7998.00000000 
34975.00000000 
14086.00000000 
16685.00000000 
21547.00000000 
24682.00000000 
53277.00000000 
17381.00000000 
32134.00000000 
19792.00000000 
26515.00000000 
19434.00000000 
12805.00000000 
25211.00000000 
7844.00000000 
3645.00000000 
9992.00000000 
2839.00000000 
3274.00000000 
7954.00000000 
23578.00000000 
11338.00000000 
75372.00000000 
9524.00000000 
17582.00000000 
82025.00000000 
17643.00000000 
30173.00000000 
8079.00000000 
11723.00000000 
5772.00000000 
18739.00000000 
22092.00000000 
22843.00000000 
25262.00000000 
68344.00000000 
31120.00000000 
17316.00000000 
142570.00000000 
40885.00000000 
61237.00000000 
28514.00000000 
95774.00000000 
66881.00000000 
77261.00000000 
141218.00000000 
42370.00000000 
38755.00000000 
53074.00000000 
49246.00000000 
109937.00000000 
104703.00000000 
161746.00000000 
140672.00000000 
71648.00000000 
105676.00000000 
66009.00000000 
23084.00000000 
69761.00000000 
13639.00000000 
37274.00000000 
105864.00000000 
28594.00000000 
77668.00000000 
14811.00000000 
146014.00000000 
17852.00000000 
27458.00000000 
41528.00000000 
82443.00000000 
22459.00000000 
75298.00000000 
49614.00000000 
25396.00000000 
22931.00000000 
37581.00000000 
4514.00000000 
8383.00000000 
3824.00000000 
2550.00000000 
3284.00000000 
37864.00000000 
52410.00000000 
8486.00000000 
21358.00000000 
15732.00000000 
7942.00000000 
16712.00000000 
3287.00000000 
1307.00000000 
12266.00000000 
4009.00000000 
1393.00000000 
13130.00000000 
16060.00000000 
1574.00000000 
8783.00000000 
11803.00000000 
14866.00000000 
1301.00000000 
8103.00000000 
3052.00000000 
26942.00000000 
55887.00000000 
5262.00000000 
15427.00000000 
45548.00000000 
48391.00000000 
6405.00000000 
6766.00000000 
9736.00000000 
6873.00000000 
12175.00000000 
23474.00000000 
32564.00000000 
25167.00000000 
61592.00000000 
13739.00000000 
7119.00000000 
12303.00000000 
107399.00000000 
22740.00000000 
14178.00000000 
7474.00000000 
10979.00000000 
59872.00000000 
34618.00000000 
7500.00000000 
8684.00000000 
15893.00000000 
66043.00000000 
14902.00000000 
34072.00000000 
21642.00000000 
9602.00000000 
8114.00000000 
16529.00000000 
40014.00000000 
69088.00000000 
33551.00000000 
55491.00000000 
60803.00000000 
72956.00000000 
35447.00000000 
113528.00000000 
112982.00000000 
95844.00000000 
104840.00000000 
71460.00000000 
116782.00000000 
314749.00000000 
327474.00000000 
39654.00000000 
57282.00000000 
21346.00000000 
9866.00000000 
3253.00000000 
7959.00000000 
1682.00000000 
2597.00000000 
4729.00000000 
13745.00000000 
19099.00000000 
20154.00000000 
6112.00000000 
2042.00000000 
6396.00000000 
18635.00000000 
8572.00000000 
30194.00000000 
18111.00000000 
20666.00000000 
45777.00000000 
62171.00000000 
10979.00000000 
10544.00000000 
11984.00000000 
17038.00000000 
28574.00000000 
56180.00000000 
67836.00000000 
71939.00000000 
45137.00000000 
94777.00000000 
49647.00000000 
64630.00000000 
99662.00000000 
24331.00000000 
41602.00000000 
7055.00000000 
36533.00000000 
7613.00000000 
6574.00000000 
31463.00000000 
54328.00000000 
145415.00000000 
40194.00000000 
4157.00000000 
9603.00000000 
54824.00000000 
26403.00000000 
25907.00000000 
12992.00000000 
7631.00000000 
5868.00000000 
2622.00000000 
34993.00000000 
56113.00000000 
16963.00000000 
8908.00000000 
1501.00000000 
16751.00000000 
3816.00000000 
8711.00000000 
28813.00000000 
8301.00000000 
18305.00000000 
73290.00000000 
7448.00000000 
3351.00000000 
7934.00000000 
43605.00000000 
11769.00000000 
4654.00000000 
8131.00000000 
5970.00000000 
550.00000000 
20456.00000000 
18661.00000000 
3444.00000000 
5033.00000000 
16671.00000000 
1821.00000000 
9829.00000000 
909.00000000 
1142.00000000 
35922.00000000 
13445.00000000 
5985.00000000 
2283.00000000 
10553.00000000 
1880.00000000 
12527.00000000 
9889.00000000 
19229.00000000 
47633.00000000 
40346.00000000 
24254.00000000 
6456.00000000 
13671.00000000 
17941.00000000 
8084.00000000 
5335.00000000 
89044.00000000 
5107.00000000 
9930.00000000 
9561.00000000 
21470.00000000 
10249.00000000 
18682.00000000 
32423.00000000 
105824.00000000 
11708.00000000 
19876.00000000 
17795.00000000 
32125.00000000 
40796.00000000 
55000.00000000 
19718.00000000 
18719.00000000 
39189.00000000 
28924.00000000 
19967.00000000 
5994.00000000 
10425.00000000 
10022.00000000 
15878.00000000 
41893.00000000 
12820.00000000 
18513.00000000 
7413.00000000 
15277.00000000 
4914.00000000 
115010.00000000 
10013.00000000 
23478.00000000 
21236.00000000 
9143.00000000 
52060.00000000 
6376.00000000 
14144.00000000 
2429.00000000 
42451.00000000 
1980.00000000 
13142.00000000 
36514.00000000 
21320.00000000 
1598.00000000 
13949.00000000 
2721.00000000 
7923.00000000 
12740.00000000 
22380.00000000 
33733.00000000 
69473.00000000 
28312.00000000 
19532.00000000 
16890.00000000 
30006.00000000 
112869.00000000 
35961.00000000 
55847.00000000 
21451.00000000 
5919.00000000 
8812.00000000 
31297.00000000 
13542.00000000 
8731.00000000 
7522.00000000 
35000.00000000 
973.00000000 
46657.00000000 
5270.00000000 
30670.00000000 
101157.00000000 
153670.00000000 
22212.00000000 
25962.00000000 
34083.00000000 
11558.00000000 
42185.00000000 
78423.00000000 
20866.00000000 
35349.00000000 
1212.00000000 
1956.00000000 
26088.00000000 
5614.00000000 
1930.00000000 
55613.00000000 
6378.00000000 
37352.00000000 
30176.00000000 
7685.00000000 
31190.00000000 
22004.00000000 
83058.00000000 
47449.00000000 
5131.00000000 
29468.00000000 
1981.00000000 
22869.00000000 
16680.00000000 
37194.00000000 
47350.00000000 
32582.00000000 
25306.00000000 
58828.00000000 
29466.00000000 
8636.00000000 
16129.00000000 
60084.00000000 
53274.00000000 
77948.00000000 
35492.00000000 
32410.00000000 
104123.00000000 
14847.00000000 
33175.00000000 
7501.00000000 
9361.00000000 
5141.00000000 
41392.00000000 
7223.00000000 
18303.00000000 
101705.00000000 
37912.00000000 
1283.00000000 
17959.00000000 
16027.00000000 
17514.00000000 
15346.00000000 
48578.00000000 
32710.00000000 
1935.00000000 
11689.00000000 
38188.00000000 
1385.00000000 
17714.00000000 
12515.00000000 
58093.00000000 
46424.00000000 
42438.00000000 
54096.00000000 
11404.00000000 
21469.00000000 
58680.00000000 
25826.00000000 
10990.00000000 
33025.00000000 
18452.00000000 
2533.00000000 
18580.00000000 
12224.00000000 
312.00000000 
22570.00000000 
2262.00000000 
62073.00000000 
44674.00000000 
35284.00000000 
70855.00000000 
26899.00000000 
15822.00000000 
19916.00000000 
28002.00000000 
46483.00000000 
35624.00000000 
47036.00000000 
3762.00000000 
8011.00000000 
2142.00000000 
9669.00000000 
32731.00000000 
28973.00000000 
40727.00000000 
1385.00000000 
949.00000000 
8014.00000000 
446.00000000 
1198.00000000 
34018.00000000 
30644.00000000 
11061.00000000 
36884.00000000 
4037.00000000 
98467.00000000 
24227.00000000 
3101.00000000 
27508.00000000 
24177.00000000 
5883.00000000 
10050.00000000 
986.00000000 
3678.00000000 
46421.00000000 
0.00000000 
16193.00000000 
8233.00000000 
1387.00000000 
17113.00000000 
6016.00000000 
13924.00000000 
8591.00000000 
24070.00000000 
17424.00000000 
92475.00000000 
9230.00000000 
14480.00000000 
11538.00000000 
22569.00000000 
16151.00000000 
27486.00000000 
18818.00000000 
10797.00000000 
5036.00000000 
22689.00000000 
3690.00000000 
4747.00000000 
1612.00000000 
14592.00000000 
6494.00000000 
9896.00000000 
15154.00000000 
13497.00000000 
1295.00000000 
30136.00000000 
21670.00000000 
82176.00000000 
24663.00000000 
2989.00000000 
7998.00000000 
34975.00000000 
14086.00000000 
16685.00000000 
21547.00000000 
24682.00000000 
53277.00000000 
17381.00000000 
32134.00000000 
19792.00000000 
26515.00000000 
19434.00000000 
12805.00000000 
25211.00000000 
7844.00000000 
3645.00000000 
9992.00000000 
2839.00000000 
3274.00000000 
7954.00000000 
23578.00000000 
11338.00000000 
75372.00000000 
9524.00000000 
17582.00000000 
82025.00000000 
17643.00000000 
30173.00000000 
8079.00000000 
