0.00003814 
0.00003820 
0.00003801 
0.00003820 
0.00003790 
0.00003777 
0.00003832 
0.00003879 
0.00003864 
0.00003893 
0.00003899 
0.00003885 
0.00003805 
0.00003802 
0.00003668 
0.00003670 
0.00003680 
0.00003817 
0.00003860 
0.00003862 
0.00003859 
0.00003850 
0.00003855 
0.00003900 
0.00003883 
0.00003870 
0.00003813 
0.00003790 
0.00003729 
0.00003700 
0.00003690 
0.00003666 
0.00003636 
0.00003592 
0.00003540 
0.00003501 
0.00003536 
0.00003617 
0.00003630 
0.00003629 
0.00003612 
0.00003573 
0.00003573 
0.00003646 
0.00003542 
0.00003496 
0.00003514 
0.00003490 
0.00003452 
0.00003450 
0.00003416 
0.00003381 
0.00003396 
0.00003400 
0.00003436 
0.00003430 
0.00003412 
0.00003389 
0.00003356 
0.00003343 
0.00003340 
0.00003332 
0.00003318 
0.00003307 
0.00003313 
0.00003327 
0.00003303 
0.00003309 
0.00003312 
0.00003313 
0.00003295 
0.00003310 
0.00003288 
0.00003304 
0.00003186 
0.00003172 
0.00003132 
0.00003136 
0.00003123 
0.00003190 
0.00003195 
0.00003203 
0.00003192 
0.00003210 
0.00003224 
0.00003246 
0.00003277 
0.00003256 
0.00003335 
0.00003336 
0.00003340 
0.00003322 
0.00003330 
0.00003316 
0.00003300 
0.00003316 
0.00003339 
0.00003328 
0.00003319 
0.00003310 
0.00003313 
0.00003329 
0.00003344 
0.00003354 
0.00003382 
0.00003382 
0.00003419 
0.00003399 
0.00003421 
0.00003411 
0.00003390 
0.00003423 
0.00003500 
0.00003468 
0.00003332 
0.00003347 
0.00003410 
0.00003362 
0.00003316 
0.00003386 
0.00003492 
0.00003609 
0.00003618 
0.00003449 
0.00003310 
0.00003241 
0.00003200 
0.00003189 
0.00003187 
0.00003199 
0.00003198 
0.00003198 
0.00003188 
0.00003190 
0.00003182 
0.00003198 
0.00003171 
0.00003173 
0.00003164 
0.00003192 
0.00003186 
0.00003199 
0.00003165 
0.00003182 
0.00003170 
0.00003235 
0.00003243 
0.00003188 
0.00003170 
0.00003207 
0.00003202 
0.00003302 
0.00003316 
0.00003286 
0.00003250 
0.00003132 
0.00003117 
0.00003081 
0.00003041 
0.00003004 
0.00002948 
0.00002947 
0.00002924 
0.00002933 
0.00002926 
0.00002961 
0.00002991 
0.00002939 
0.00002951 
0.00002955 
0.00002944 
0.00002954 
0.00002936 
0.00002924 
0.00002906 
0.00002906 
0.00002906 
0.00002906 
0.00002866 
0.00002795 
0.00002782 
0.00002751 
0.00002767 
0.00002776 
0.00002765 
0.00002761 
0.00002760 
0.00002779 
0.00002766 
0.00002710 
0.00002691 
0.00002702 
0.00002739 
0.00002687 
0.00002687 
0.00002678 
0.00002678 
0.00002693 
0.00002693 
0.00002689 
0.00002696 
0.00002696 
0.00002702 
0.00002713 
0.00002707 
0.00002682 
0.00002700 
0.00002679 
0.00002653 
0.00002705 
0.00002707 
0.00002709 
0.00002698 
0.00002669 
0.00002668 
0.00002673 
0.00002668 
0.00002672 
0.00002671 
0.00002672 
0.00002671 
0.00002685 
0.00002685 
0.00002675 
0.00002674 
0.00002685 
0.00002685 
0.00002688 
0.00002674 
0.00002691 
0.00002692 
0.00002697 
0.00002706 
0.00002707 
0.00002706 
0.00002700 
0.00002702 
0.00002704 
0.00002700 
0.00002698 
0.00002701 
0.00002697 
0.00002687 
0.00002674 
0.00002694 
0.00002649 
0.00002677 
0.00002658 
0.00002649 
0.00002616 
0.00002604 
0.00002600 
0.00002600 
0.00002598 
0.00002600 
0.00002566 
0.00002567 
0.00002566 
0.00002563 
0.00002550 
0.00002535 
0.00002536 
0.00002535 
0.00002552 
0.00002526 
0.00002525 
0.00002526 
0.00002530 
0.00002551 
0.00002541 
0.00002541 
0.00002545 
0.00002552 
0.00002563 
0.00002562 
0.00002549 
0.00002547 
0.00002565 
0.00002573 
0.00002574 
0.00002592 
0.00002619 
0.00002629 
0.00002608 
0.00002582 
0.00002571 
0.00002600 
0.00002587 
0.00002555 
0.00002554 
0.00002546 
0.00002567 
0.00002550 
0.00002544 
0.00002534 
0.00002551 
0.00002573 
0.00002600 
0.00002567 
0.00002576 
0.00002579 
0.00002579 
0.00002578 
0.00002581 
0.00002613 
0.00002638 
0.00002644 
0.00002641 
0.00002684 
0.00002669 
0.00002673 
0.00002677 
0.00002702 
0.00002653 
0.00002753 
0.00002772 
0.00002748 
0.00002744 
0.00002744 
0.00002703 
0.00002694 
0.00002667 
0.00002638 
0.00002650 
0.00002626 
0.00002622 
0.00002636 
0.00002725 
0.00002652 
0.00002633 
0.00002587 
0.00002614 
0.00002600 
0.00002620 
0.00002631 
0.00002665 
0.00002673 
0.00002666 
0.00002658 
0.00002663 
0.00002710 
0.00002732 
0.00002737 
0.00002737 
0.00002753 
0.00002725 
0.00002721 
0.00002720 
0.00002767 
0.00002764 
0.00002758 
0.00002770 
0.00002750 
0.00002753 
0.00002766 
0.00002781 
0.00002796 
0.00002783 
0.00002783 
0.00002786 
0.00002797 
0.00002829 
0.00002798 
0.00002835 
0.00002872 
0.00002905 
0.00002909 
0.00002975 
0.00002975 
0.00002979 
0.00002978 
0.00002976 
0.00002976 
0.00002988 
0.00002976 
0.00002979 
0.00002981 
0.00003002 
0.00003029 
0.00003084 
0.00003139 
0.00003032 
0.00003041 
0.00002976 
0.00002975 
0.00002975 
0.00002975 
0.00002980 
0.00002975 
0.00002975 
0.00002975 
0.00002976 
0.00002977 
0.00003000 
0.00002975 
0.00002975 
0.00002976 
0.00002975 
0.00002975 
0.00002980 
0.00002975 
0.00002988 
0.00002976 
0.00002978 
0.00002986 
0.00002975 
0.00002975 
0.00002989 
0.00003010 
0.00002982 
0.00003016 
0.00003027 
0.00003027 
0.00003018 
0.00003028 
0.00003027 
0.00003033 
0.00003033 
0.00003019 
0.00003031 
0.00003031 
0.00003039 
0.00003049 
0.00003065 
0.00003031 
0.00003035 
0.00003051 
0.00002991 
0.00002982 
0.00002976 
0.00002965 
0.00002957 
0.00002951 
0.00002945 
0.00002955 
0.00002940 
0.00002936 
0.00002958 
0.00002979 
0.00002975 
0.00002975 
0.00002965 
0.00002960 
0.00002929 
0.00002990 
0.00002975 
0.00002965 
0.00002982 
0.00002985 
0.00003081 
0.00003060 
0.00003048 
0.00003046 
0.00003089 
0.00003091 
0.00003095 
0.00003096 
0.00003089 
0.00003146 
0.00003164 
0.00003192 
0.00003167 
0.00003167 
0.00003180 
0.00003153 
0.00003182 
0.00003161 
0.00003145 
0.00003152 
0.00003160 
0.00003174 
0.00003160 
0.00003182 
0.00003289 
0.00003152 
0.00003110 
0.00003106 
0.00003097 
0.00003097 
0.00003097 
0.00003814 
0.00003820 
0.00003801 
0.00003820 
0.00003790 
0.00003777 
0.00003832 
0.00003879 
0.00003864 
0.00003893 
0.00003899 
0.00003885 
0.00003805 
0.00003802 
0.00003668 
0.00003670 
0.00003680 
0.00003817 
0.00003860 
0.00003862 
0.00003859 
0.00003850 
0.00003855 
0.00003900 
0.00003883 
0.00003870 
0.00003813 
0.00003790 
0.00003729 
0.00003700 
0.00003690 
0.00003666 
0.00003636 
0.00003592 
0.00003540 
0.00003501 
0.00003536 
0.00003617 
0.00003630 
0.00003629 
0.00003612 
0.00003573 
0.00003573 
0.00003646 
0.00003542 
0.00003496 
0.00003514 
0.00003490 
0.00003452 
0.00003450 
0.00003416 
0.00003381 
0.00003396 
0.00003400 
0.00003436 
0.00003430 
0.00003412 
0.00003389 
0.00003356 
0.00003343 
0.00003340 
0.00003332 
0.00003318 
0.00003307 
0.00003313 
0.00003327 
0.00003303 
0.00003309 
0.00003312 
0.00003313 
0.00003295 
0.00003310 
0.00003288 
0.00003304 
0.00003186 
0.00003172 
0.00003132 
0.00003136 
0.00003123 
0.00003190 
0.00003195 
0.00003203 
0.00003192 
0.00003210 
0.00003224 
0.00003246 
0.00003277 
0.00003256 
0.00003335 
0.00003336 
0.00003340 
0.00003322 
0.00003330 
0.00003316 
0.00003300 
0.00003316 
0.00003339 
0.00003328 
0.00003319 
0.00003310 
0.00003313 
0.00003329 
0.00003344 
0.00003354 
0.00003382 
0.00003382 
0.00003419 
0.00003399 
0.00003421 
0.00003411 
0.00003390 
0.00003423 
0.00003500 
0.00003468 
0.00003332 
0.00003347 
0.00003410 
0.00003362 
0.00003316 
0.00003386 
0.00003492 
0.00003609 
0.00003618 
0.00003449 
0.00003310 
0.00003241 
0.00003200 
0.00003189 
0.00003187 
0.00003199 
0.00003198 
0.00003198 
0.00003188 
0.00003190 
0.00003182 
0.00003198 
0.00003171 
0.00003173 
0.00003164 
0.00003192 
0.00003186 
0.00003199 
0.00003165 
0.00003182 
0.00003170 
0.00003235 
0.00003243 
0.00003188 
0.00003170 
0.00003207 
0.00003202 
0.00003302 
0.00003316 
0.00003286 
0.00003250 
0.00003132 
0.00003117 
0.00003081 
0.00003041 
0.00003004 
0.00002948 
0.00002947 
0.00002924 
0.00002933 
0.00002926 
0.00002961 
0.00002991 
0.00002939 
0.00002951 
0.00002955 
0.00002944 
0.00002954 
0.00002936 
0.00002924 
0.00002906 
0.00002906 
0.00002906 
0.00002906 
0.00002866 
0.00002795 
0.00002782 
0.00002751 
0.00002767 
0.00002776 
0.00002765 
0.00002761 
0.00002760 
0.00002779 
0.00002766 
0.00002710 
0.00002691 
0.00002702 
0.00002739 
0.00002687 
0.00002687 
0.00002678 
0.00002678 
0.00002693 
0.00002693 
0.00002689 
0.00002696 
0.00002696 
0.00002702 
0.00002713 
0.00002707 
0.00002682 
0.00002700 
0.00002679 
0.00002653 
0.00002705 
0.00002707 
0.00002709 
0.00002698 
0.00002669 
0.00002668 
0.00002673 
0.00002668 
0.00002672 
0.00002671 
0.00002672 
0.00002671 
0.00002685 
0.00002685 
0.00002675 
0.00002674 
0.00002685 
0.00002685 
0.00002688 
0.00002674 
0.00002691 
0.00002692 
0.00002697 
0.00002706 
0.00002707 
0.00002706 
0.00002700 
0.00002702 
0.00002704 
0.00002700 
0.00002698 
0.00002701 
0.00002697 
0.00002687 
0.00002674 
0.00002694 
0.00002649 
0.00002677 
0.00002658 
0.00002649 
0.00002616 
0.00002604 
0.00002600 
0.00002600 
0.00002598 
0.00002600 
0.00002566 
0.00002567 
0.00002566 
0.00002563 
0.00002550 
0.00002535 
0.00002536 
0.00002535 
0.00002552 
0.00002526 
0.00002525 
0.00002526 
0.00002530 
0.00002551 
0.00002541 
0.00002541 
0.00002545 
0.00002552 
0.00002563 
0.00002562 
0.00002549 
0.00002547 
0.00002565 
0.00002573 
0.00002574 
0.00002592 
0.00002619 
0.00002629 
0.00002608 
0.00002582 
0.00002571 
0.00002600 
0.00002587 
0.00002555 
0.00002554 
0.00002546 
0.00002567 
0.00002550 
0.00002544 
0.00002534 
0.00002551 
0.00002573 
0.00002600 
0.00002567 
0.00002576 
0.00002579 
0.00002579 
0.00002578 
0.00002581 
0.00002613 
0.00002638 
0.00002644 
0.00002641 
0.00002684 
0.00002669 
0.00002673 
0.00002677 
0.00002702 
0.00002653 
0.00002753 
0.00002772 
0.00002748 
0.00002744 
0.00002744 
0.00002703 
0.00002694 
0.00002667 
0.00002638 
0.00002650 
0.00002626 
0.00002622 
0.00002636 
0.00002725 
0.00002652 
0.00002633 
0.00002587 
0.00002614 
0.00002600 
0.00002620 
0.00002631 
0.00002665 
0.00002673 
0.00002666 
0.00002658 
0.00002663 
0.00002710 
0.00002732 
0.00002737 
0.00002737 
0.00002753 
0.00002725 
0.00002721 
0.00002720 
0.00002767 
0.00002764 
0.00002758 
0.00002770 
0.00002750 
0.00002753 
0.00002766 
0.00002781 
0.00002796 
0.00002783 
0.00002783 
0.00002786 
0.00002797 
0.00002829 
0.00002798 
0.00002835 
0.00002872 
0.00002905 
0.00002909 
0.00002975 
0.00002975 
0.00002979 
0.00002978 
0.00002976 
0.00002976 
0.00002988 
0.00002976 
0.00002979 
0.00002981 
0.00003002 
0.00003029 
0.00003084 
0.00003139 
0.00003032 
0.00003041 
0.00002976 
0.00002975 
0.00002975 
0.00002975 
0.00002980 
0.00002975 
0.00002975 
0.00002975 
0.00002976 
0.00002977 
0.00003000 
0.00002975 
0.00002975 
0.00002976 
0.00002975 
0.00002975 
0.00002980 
0.00002975 
0.00002988 
0.00002976 
0.00002978 
0.00002986 
0.00002975 
0.00002975 
0.00002989 
0.00003010 
0.00002982 
0.00003016 
0.00003027 
0.00003027 
0.00003018 
0.00003028 
0.00003027 
0.00003033 
0.00003033 
0.00003019 
0.00003031 
0.00003031 
0.00003039 
0.00003049 
0.00003065 
0.00003031 
0.00003035 
0.00003051 
0.00002991 
0.00002982 
0.00002976 
0.00002965 
0.00002957 
0.00002951 
0.00002945 
0.00002955 
0.00002940 
0.00002936 
0.00002958 
0.00002979 
0.00002975 
0.00002975 
0.00002965 
0.00002960 
0.00002929 
0.00002990 
0.00002975 
0.00002965 
0.00002982 
0.00002985 
0.00003081 
0.00003060 
0.00003048 
0.00003046 
0.00003089 
0.00003091 
0.00003095 
0.00003096 
0.00003089 
0.00003146 
0.00003164 
0.00003192 
0.00003167 
0.00003167 
0.00003180 
0.00003153 
0.00003182 
0.00003161 
0.00003145 
0.00003152 
0.00003160 
0.00003174 
0.00003160 
0.00003182 
0.00003289 
0.00003152 
0.00003110 
0.00003106 
0.00003097 
0.00003097 
0.00003097 
0.00003814 
0.00003820 
0.00003801 
0.00003820 
0.00003790 
0.00003777 
0.00003832 
0.00003879 
0.00003864 
0.00003893 
0.00003899 
0.00003885 
0.00003805 
0.00003802 
0.00003668 
0.00003670 
0.00003680 
0.00003817 
0.00003860 
0.00003862 
0.00003859 
0.00003850 
0.00003855 
0.00003900 
0.00003883 
0.00003870 
0.00003813 
0.00003790 
0.00003729 
0.00003700 
0.00003690 
0.00003666 
0.00003636 
0.00003592 
0.00003540 
0.00003501 
0.00003536 
0.00003617 
0.00003630 
0.00003629 
0.00003612 
0.00003573 
0.00003573 
0.00003646 
0.00003542 
0.00003496 
0.00003514 
0.00003490 
0.00003452 
0.00003450 
0.00003416 
0.00003381 
0.00003396 
0.00003400 
0.00003436 
0.00003430 
0.00003412 
0.00003389 
0.00003356 
0.00003343 
0.00003340 
0.00003332 
0.00003318 
0.00003307 
0.00003313 
0.00003327 
0.00003303 
0.00003309 
0.00003312 
0.00003313 
0.00003295 
0.00003310 
0.00003288 
0.00003304 
0.00003186 
0.00003172 
0.00003132 
0.00003136 
0.00003123 
0.00003190 
0.00003195 
0.00003203 
0.00003192 
0.00003210 
0.00003224 
0.00003246 
0.00003277 
0.00003256 
0.00003335 
0.00003336 
0.00003340 
0.00003322 
0.00003330 
0.00003316 
0.00003300 
0.00003316 
0.00003339 
0.00003328 
0.00003319 
0.00003310 
0.00003313 
0.00003329 
0.00003344 
0.00003354 
0.00003382 
0.00003382 
0.00003419 
0.00003399 
0.00003421 
0.00003411 
0.00003390 
0.00003423 
0.00003500 
0.00003468 
0.00003332 
0.00003347 
0.00003410 
0.00003362 
0.00003316 
0.00003386 
0.00003492 
0.00003609 
0.00003618 
0.00003449 
0.00003310 
0.00003241 
0.00003200 
0.00003189 
0.00003187 
0.00003199 
0.00003198 
0.00003198 
0.00003188 
0.00003190 
0.00003182 
0.00003198 
0.00003171 
0.00003173 
0.00003164 
0.00003192 
0.00003186 
0.00003199 
0.00003165 
0.00003182 
0.00003170 
0.00003235 
0.00003243 
0.00003188 
0.00003170 
0.00003207 
0.00003202 
0.00003302 
0.00003316 
0.00003286 
0.00003250 
0.00003132 
0.00003117 
0.00003081 
0.00003041 
0.00003004 
0.00002948 
0.00002947 
0.00002924 
0.00002933 
0.00002926 
0.00002961 
0.00002991 
0.00002939 
0.00002951 
0.00002955 
0.00002944 
0.00002954 
0.00002936 
0.00002924 
0.00002906 
0.00002906 
0.00002906 
0.00002906 
0.00002866 
0.00002795 
0.00002782 
0.00002751 
0.00002767 
0.00002776 
0.00002765 
0.00002761 
0.00002760 
0.00002779 
0.00002766 
0.00002710 
0.00002691 
0.00002702 
0.00002739 
0.00002687 
0.00002687 
0.00002678 
0.00002678 
0.00002693 
0.00002693 
0.00002689 
0.00002696 
0.00002696 
0.00002702 
0.00002713 
0.00002707 
0.00002682 
0.00002700 
0.00002679 
0.00002653 
0.00002705 
0.00002707 
0.00002709 
0.00002698 
0.00002669 
0.00002668 
0.00002673 
0.00002668 
0.00002672 
0.00002671 
0.00002672 
0.00002671 
0.00002685 
0.00002685 
0.00002675 
0.00002674 
0.00002685 
0.00002685 
0.00002688 
0.00002674 
0.00002691 
0.00002692 
0.00002697 
0.00002706 
0.00002707 
0.00002706 
0.00002700 
0.00002702 
0.00002704 
0.00002700 
0.00002698 
0.00002701 
0.00002697 
0.00002687 
0.00002674 
0.00002694 
0.00002649 
0.00002677 
0.00002658 
0.00002649 
0.00002616 
0.00002604 
0.00002600 
0.00002600 
0.00002598 
0.00002600 
0.00002566 
0.00002567 
0.00002566 
0.00002563 
0.00002550 
0.00002535 
0.00002536 
0.00002535 
0.00002552 
0.00002526 
0.00002525 
0.00002526 
0.00002530 
0.00002551 
0.00002541 
0.00002541 
0.00002545 
0.00002552 
0.00002563 
0.00002562 
0.00002549 
0.00002547 
0.00002565 
0.00002573 
0.00002574 
0.00002592 
0.00002619 
0.00002629 
0.00002608 
0.00002582 
0.00002571 
0.00002600 
0.00002587 
0.00002555 
0.00002554 
0.00002546 
0.00002567 
0.00002550 
0.00002544 
0.00002534 
0.00002551 
0.00002573 
0.00002600 
0.00002567 
0.00002576 
0.00002579 
0.00002579 
0.00002578 
0.00002581 
0.00002613 
0.00002638 
0.00002644 
0.00002641 
0.00002684 
0.00002669 
0.00002673 
0.00002677 
0.00002702 
0.00002653 
0.00002753 
0.00002772 
0.00002748 
0.00002744 
0.00002744 
0.00002703 
0.00002694 
0.00002667 
0.00002638 
0.00002650 
0.00002626 
0.00002622 
0.00002636 
0.00002725 
0.00002652 
0.00002633 
0.00002587 
0.00002614 
0.00002600 
0.00002620 
0.00002631 
0.00002665 
0.00002673 
0.00002666 
0.00002658 
0.00002663 
0.00002710 
0.00002732 
0.00002737 
0.00002737 
0.00002753 
0.00002725 
0.00002721 
0.00002720 
0.00002767 
0.00002764 
0.00002758 
0.00002770 
0.00002750 
0.00002753 
0.00002766 
0.00002781 
0.00002796 
0.00002783 
0.00002783 
0.00002786 
0.00002797 
0.00002829 
0.00002798 
0.00002835 
0.00002872 
0.00002905 
0.00002909 
0.00002975 
0.00002975 
0.00002979 
0.00002978 
0.00002976 
0.00002976 
0.00002988 
0.00002976 
0.00002979 
0.00002981 
0.00003002 
0.00003029 
0.00003084 
0.00003139 
0.00003032 
0.00003041 
0.00002976 
0.00002975 
0.00002975 
0.00002975 
0.00002980 
0.00002975 
0.00002975 
0.00002975 
0.00002976 
0.00002977 
0.00003000 
0.00002975 
0.00002975 
0.00002976 
0.00002975 
0.00002975 
0.00002980 
0.00002975 
0.00002988 
0.00002976 
0.00002978 
0.00002986 
0.00002975 
0.00002975 
0.00002989 
0.00003010 
0.00002982 
0.00003016 
0.00003027 
0.00003027 
0.00003018 
0.00003028 
0.00003027 
0.00003033 
0.00003033 
0.00003019 
0.00003031 
0.00003031 
0.00003039 
0.00003049 
0.00003065 
0.00003031 
0.00003035 
0.00003051 
0.00002991 
0.00002982 
0.00002976 
0.00002965 
0.00002957 
0.00002951 
0.00002945 
0.00002955 
0.00002940 
0.00002936 
0.00002958 
0.00002979 
0.00002975 
0.00002975 
0.00002965 
0.00002960 
0.00002929 
0.00002990 
0.00002975 
0.00002965 
0.00002982 
0.00002985 
0.00003081 
0.00003060 
0.00003048 
0.00003046 
0.00003089 
0.00003091 
0.00003095 
0.00003096 
0.00003089 
0.00003146 
0.00003164 
0.00003192 
0.00003167 
0.00003167 
0.00003180 
0.00003153 
0.00003182 
0.00003161 
0.00003145 
0.00003152 
0.00003160 
0.00003174 
0.00003160 
0.00003182 
0.00003289 
0.00003152 
0.00003110 
0.00003106 
0.00003097 
0.00003097 
0.00003097 
