0.00003813 
0.00003801 
0.00003820 
0.00003792 
0.00003777 
0.00003832 
0.00003895 
0.00003861 
0.00003883 
0.00003900 
0.00003885 
0.00003806 
0.00003823 
0.00003667 
0.00003672 
0.00003680 
0.00003812 
0.00003859 
0.00003862 
0.00003861 
0.00003850 
0.00003855 
0.00003900 
0.00003884 
0.00003874 
0.00003813 
0.00003769 
0.00003742 
0.00003702 
0.00003689 
0.00003664 
0.00003636 
0.00003594 
0.00003543 
0.00003525 
0.00003538 
0.00003617 
0.00003608 
0.00003632 
0.00003612 
0.00003573 
0.00003573 
0.00003599 
0.00003542 
0.00003515 
0.00003500 
0.00003487 
0.00003453 
0.00003450 
0.00003416 
0.00003384 
0.00003391 
0.00003400 
0.00003430 
0.00003430 
0.00003412 
0.00003389 
0.00003375 
0.00003340 
0.00003340 
0.00003334 
0.00003318 
0.00003307 
0.00003310 
0.00003330 
0.00003303 
0.00003309 
0.00003313 
0.00003314 
0.00003286 
0.00003299 
0.00003306 
0.00003285 
0.00003190 
0.00003172 
0.00003143 
0.00003124 
0.00003123 
0.00003189 
0.00003196 
0.00003210 
0.00003194 
0.00003199 
0.00003224 
0.00003246 
0.00003262 
0.00003256 
0.00003335 
0.00003334 
0.00003339 
0.00003331 
0.00003330 
0.00003316 
0.00003316 
0.00003316 
0.00003332 
0.00003328 
0.00003301 
0.00003312 
0.00003311 
0.00003329 
0.00003352 
0.00003360 
0.00003382 
0.00003382 
0.00003400 
0.00003407 
0.00003399 
0.00003411 
0.00003407 
0.00003423 
0.00003481 
0.00003465 
0.00003332 
0.00003346 
0.00003403 
0.00003363 
0.00003316 
0.00003403 
0.00003491 
0.00003611 
0.00003618 
0.00003449 
0.00003310 
0.00003241 
0.00003200 
0.00003189 
0.00003199 
0.00003190 
0.00003186 
0.00003198 
0.00003188 
0.00003190 
0.00003182 
0.00003184 
0.00003185 
0.00003171 
0.00003163 
0.00003191 
0.00003176 
0.00003199 
0.00003188 
0.00003183 
0.00003198 
0.00003259 
0.00003239 
0.00003188 
0.00003203 
0.00003206 
0.00003215 
0.00003302 
0.00003316 
0.00003287 
0.00003250 
0.00003157 
0.00003117 
0.00003084 
0.00003041 
0.00003004 
0.00002948 
0.00002948 
0.00002924 
0.00002918 
0.00002936 
0.00002946 
0.00002990 
0.00002934 
0.00002944 
0.00002955 
0.00002953 
0.00002960 
0.00002954 
0.00002916 
0.00002905 
0.00002913 
0.00002912 
0.00002907 
0.00002866 
0.00002797 
0.00002793 
0.00002764 
0.00002767 
0.00002762 
0.00002766 
0.00002762 
0.00002760 
0.00002747 
0.00002752 
0.00002720 
0.00002691 
0.00002699 
0.00002697 
0.00002691 
0.00002687 
0.00002675 
0.00002678 
0.00002669 
0.00002671 
0.00002679 
0.00002696 
0.00002681 
0.00002703 
0.00002713 
0.00002707 
0.00002694 
0.00002685 
0.00002681 
0.00002675 
0.00002699 
0.00002705 
0.00002710 
0.00002694 
0.00002685 
0.00002673 
0.00002673 
0.00002668 
0.00002672 
0.00002672 
0.00002672 
0.00002672 
0.00002685 
0.00002685 
0.00002675 
0.00002684 
0.00002680 
0.00002685 
0.00002688 
0.00002687 
0.00002691 
0.00002692 
0.00002695 
0.00002700 
0.00002705 
0.00002707 
0.00002700 
0.00002702 
0.00002704 
0.00002705 
0.00002699 
0.00002699 
0.00002698 
0.00002694 
0.00002677 
0.00002679 
0.00002662 
0.00002667 
0.00002658 
0.00002657 
0.00002615 
0.00002604 
0.00002600 
0.00002592 
0.00002592 
0.00002574 
0.00002567 
0.00002567 
0.00002566 
0.00002563 
0.00002550 
0.00002554 
0.00002528 
0.00002538 
0.00002552 
0.00002527 
0.00002520 
0.00002526 
0.00002537 
0.00002541 
0.00002552 
0.00002552 
0.00002545 
0.00002552 
0.00002563 
0.00002563 
0.00002548 
0.00002544 
0.00002547 
0.00002574 
0.00002573 
0.00002577 
0.00002619 
0.00002634 
0.00002608 
0.00002596 
0.00002587 
0.00002587 
0.00002579 
0.00002556 
0.00002564 
0.00002557 
0.00002555 
0.00002564 
0.00002555 
0.00002535 
0.00002530 
0.00002567 
0.00002600 
0.00002570 
0.00002570 
0.00002578 
0.00002579 
0.00002579 
0.00002586 
0.00002605 
0.00002638 
0.00002638 
0.00002639 
0.00002689 
0.00002669 
0.00002669 
0.00002677 
0.00002694 
0.00002713 
0.00002751 
0.00002772 
0.00002748 
0.00002750 
0.00002742 
0.00002707 
0.00002728 
0.00002679 
0.00002638 
0.00002652 
0.00002632 
0.00002610 
0.00002681 
0.00002752 
0.00002643 
0.00002633 
0.00002587 
0.00002600 
0.00002611 
0.00002616 
0.00002626 
0.00002665 
0.00002659 
0.00002667 
0.00002663 
0.00002705 
0.00002710 
0.00002732 
0.00002738 
0.00002737 
0.00002736 
0.00002726 
0.00002723 
0.00002745 
0.00002759 
0.00002764 
0.00002777 
0.00002769 
0.00002750 
0.00002755 
0.00002770 
0.00002781 
0.00002795 
0.00002783 
0.00002782 
0.00002770 
0.00002797 
0.00002809 
0.00002798 
0.00002837 
0.00002851 
0.00002878 
0.00002909 
0.00002975 
0.00002975 
0.00002982 
0.00002980 
0.00002976 
0.00002976 
0.00002976 
0.00002976 
0.00002990 
0.00002978 
0.00002996 
0.00003028 
0.00003077 
0.00003150 
0.00003059 
0.00003041 
0.00002993 
0.00002989 
0.00002975 
0.00002976 
0.00002980 
0.00002976 
0.00002975 
0.00002975 
0.00002976 
0.00002976 
0.00003000 
0.00002979 
0.00002976 
0.00002977 
0.00002976 
0.00002988 
0.00002980 
0.00002980 
0.00002988 
0.00002976 
0.00002975 
0.00002975 
0.00002975 
0.00002988 
0.00002979 
0.00002994 
0.00003015 
0.00003016 
0.00003026 
0.00003028 
0.00003029 
0.00003018 
0.00003021 
0.00003050 
0.00003033 
0.00003024 
0.00003031 
0.00003031 
0.00003020 
0.00003021 
0.00003065 
0.00003047 
0.00003034 
0.00003041 
0.00002982 
0.00002980 
0.00002978 
0.00002975 
0.00002965 
0.00002952 
0.00002944 
0.00002954 
0.00002941 
0.00002938 
0.00002952 
0.00002975 
0.00002964 
0.00002975 
0.00002964 
0.00002965 
0.00002974 
0.00002977 
0.00002972 
0.00002974 
0.00002981 
0.00002985 
0.00003081 
0.00003066 
0.00003058 
0.00003055 
0.00003071 
0.00003086 
0.00003096 
0.00003096 
0.00003108 
0.00003159 
0.00003166 
0.00003192 
0.00003182 
0.00003180 
0.00003179 
0.00003153 
0.00003164 
0.00003158 
0.00003167 
0.00003154 
0.00003152 
0.00003171 
0.00003156 
0.00003180 
0.00003154 
0.00003155 
0.00003126 
0.00003118 
0.00003097 
0.00003097 
0.00003097 
0.00003097 
0.00003813 
0.00003801 
0.00003820 
0.00003792 
0.00003777 
0.00003832 
0.00003895 
0.00003861 
0.00003883 
0.00003900 
0.00003885 
0.00003806 
0.00003823 
0.00003667 
0.00003672 
0.00003680 
0.00003812 
0.00003859 
0.00003862 
0.00003861 
0.00003850 
0.00003855 
0.00003900 
0.00003884 
0.00003874 
0.00003813 
0.00003769 
0.00003742 
0.00003702 
0.00003689 
0.00003664 
0.00003636 
0.00003594 
0.00003543 
0.00003525 
0.00003538 
0.00003617 
0.00003608 
0.00003632 
0.00003612 
0.00003573 
0.00003573 
0.00003599 
0.00003542 
0.00003515 
0.00003500 
0.00003487 
0.00003453 
0.00003450 
0.00003416 
0.00003384 
0.00003391 
0.00003400 
0.00003430 
0.00003430 
0.00003412 
0.00003389 
0.00003375 
0.00003340 
0.00003340 
0.00003334 
0.00003318 
0.00003307 
0.00003310 
0.00003330 
0.00003303 
0.00003309 
0.00003313 
0.00003314 
0.00003286 
0.00003299 
0.00003306 
0.00003285 
0.00003190 
0.00003172 
0.00003143 
0.00003124 
0.00003123 
0.00003189 
0.00003196 
0.00003210 
0.00003194 
0.00003199 
0.00003224 
0.00003246 
0.00003262 
0.00003256 
0.00003335 
0.00003334 
0.00003339 
0.00003331 
0.00003330 
0.00003316 
0.00003316 
0.00003316 
0.00003332 
0.00003328 
0.00003301 
0.00003312 
0.00003311 
0.00003329 
0.00003352 
0.00003360 
0.00003382 
0.00003382 
0.00003400 
0.00003407 
0.00003399 
0.00003411 
0.00003407 
0.00003423 
0.00003481 
0.00003465 
0.00003332 
0.00003346 
0.00003403 
0.00003363 
0.00003316 
0.00003403 
0.00003491 
0.00003611 
0.00003618 
0.00003449 
0.00003310 
0.00003241 
0.00003200 
0.00003189 
0.00003199 
0.00003190 
0.00003186 
0.00003198 
0.00003188 
0.00003190 
0.00003182 
0.00003184 
0.00003185 
0.00003171 
0.00003163 
0.00003191 
0.00003176 
0.00003199 
0.00003188 
0.00003183 
0.00003198 
0.00003259 
0.00003239 
0.00003188 
0.00003203 
0.00003206 
0.00003215 
0.00003302 
0.00003316 
0.00003287 
0.00003250 
0.00003157 
0.00003117 
0.00003084 
0.00003041 
0.00003004 
0.00002948 
0.00002948 
0.00002924 
0.00002918 
0.00002936 
0.00002946 
0.00002990 
0.00002934 
0.00002944 
0.00002955 
0.00002953 
0.00002960 
0.00002954 
0.00002916 
0.00002905 
0.00002913 
0.00002912 
0.00002907 
0.00002866 
0.00002797 
0.00002793 
0.00002764 
0.00002767 
0.00002762 
0.00002766 
0.00002762 
0.00002760 
0.00002747 
0.00002752 
0.00002720 
0.00002691 
0.00002699 
0.00002697 
0.00002691 
0.00002687 
0.00002675 
0.00002678 
0.00002669 
0.00002671 
0.00002679 
0.00002696 
0.00002681 
0.00002703 
0.00002713 
0.00002707 
0.00002694 
0.00002685 
0.00002681 
0.00002675 
0.00002699 
0.00002705 
0.00002710 
0.00002694 
0.00002685 
0.00002673 
0.00002673 
0.00002668 
0.00002672 
0.00002672 
0.00002672 
0.00002672 
0.00002685 
0.00002685 
0.00002675 
0.00002684 
0.00002680 
0.00002685 
0.00002688 
0.00002687 
0.00002691 
0.00002692 
0.00002695 
0.00002700 
0.00002705 
0.00002707 
0.00002700 
0.00002702 
0.00002704 
0.00002705 
0.00002699 
0.00002699 
0.00002698 
0.00002694 
0.00002677 
0.00002679 
0.00002662 
0.00002667 
0.00002658 
0.00002657 
0.00002615 
0.00002604 
0.00002600 
0.00002592 
0.00002592 
0.00002574 
0.00002567 
0.00002567 
0.00002566 
0.00002563 
0.00002550 
0.00002554 
0.00002528 
0.00002538 
0.00002552 
0.00002527 
0.00002520 
0.00002526 
0.00002537 
0.00002541 
0.00002552 
0.00002552 
0.00002545 
0.00002552 
0.00002563 
0.00002563 
0.00002548 
0.00002544 
0.00002547 
0.00002574 
0.00002573 
0.00002577 
0.00002619 
0.00002634 
0.00002608 
0.00002596 
0.00002587 
0.00002587 
0.00002579 
0.00002556 
0.00002564 
0.00002557 
0.00002555 
0.00002564 
0.00002555 
0.00002535 
0.00002530 
0.00002567 
0.00002600 
0.00002570 
0.00002570 
0.00002578 
0.00002579 
0.00002579 
0.00002586 
0.00002605 
0.00002638 
0.00002638 
0.00002639 
0.00002689 
0.00002669 
0.00002669 
0.00002677 
0.00002694 
0.00002713 
0.00002751 
0.00002772 
0.00002748 
0.00002750 
0.00002742 
0.00002707 
0.00002728 
0.00002679 
0.00002638 
0.00002652 
0.00002632 
0.00002610 
0.00002681 
0.00002752 
0.00002643 
0.00002633 
0.00002587 
0.00002600 
0.00002611 
0.00002616 
0.00002626 
0.00002665 
0.00002659 
0.00002667 
0.00002663 
0.00002705 
0.00002710 
0.00002732 
0.00002738 
0.00002737 
0.00002736 
0.00002726 
0.00002723 
0.00002745 
0.00002759 
0.00002764 
0.00002777 
0.00002769 
0.00002750 
0.00002755 
0.00002770 
0.00002781 
0.00002795 
0.00002783 
0.00002782 
0.00002770 
0.00002797 
0.00002809 
0.00002798 
0.00002837 
0.00002851 
0.00002878 
0.00002909 
0.00002975 
0.00002975 
0.00002982 
0.00002980 
0.00002976 
0.00002976 
0.00002976 
0.00002976 
0.00002990 
0.00002978 
0.00002996 
0.00003028 
0.00003077 
0.00003150 
0.00003059 
0.00003041 
0.00002993 
0.00002989 
0.00002975 
0.00002976 
0.00002980 
0.00002976 
0.00002975 
0.00002975 
0.00002976 
0.00002976 
0.00003000 
0.00002979 
0.00002976 
0.00002977 
0.00002976 
0.00002988 
0.00002980 
0.00002980 
0.00002988 
0.00002976 
0.00002975 
0.00002975 
0.00002975 
0.00002988 
0.00002979 
0.00002994 
0.00003015 
0.00003016 
0.00003026 
0.00003028 
0.00003029 
0.00003018 
0.00003021 
0.00003050 
0.00003033 
0.00003024 
0.00003031 
0.00003031 
0.00003020 
0.00003021 
0.00003065 
0.00003047 
0.00003034 
0.00003041 
0.00002982 
0.00002980 
0.00002978 
0.00002975 
0.00002965 
0.00002952 
0.00002944 
0.00002954 
0.00002941 
0.00002938 
0.00002952 
0.00002975 
0.00002964 
0.00002975 
0.00002964 
0.00002965 
0.00002974 
0.00002977 
0.00002972 
0.00002974 
0.00002981 
0.00002985 
0.00003081 
0.00003066 
0.00003058 
0.00003055 
0.00003071 
0.00003086 
0.00003096 
0.00003096 
0.00003108 
0.00003159 
0.00003166 
0.00003192 
0.00003182 
0.00003180 
0.00003179 
0.00003153 
0.00003164 
0.00003158 
0.00003167 
0.00003154 
0.00003152 
0.00003171 
0.00003156 
0.00003180 
0.00003154 
0.00003155 
0.00003126 
0.00003118 
0.00003097 
0.00003097 
0.00003097 
0.00003097 
0.00003813 
0.00003801 
0.00003820 
0.00003792 
0.00003777 
0.00003832 
0.00003895 
0.00003861 
0.00003883 
0.00003900 
0.00003885 
0.00003806 
0.00003823 
0.00003667 
0.00003672 
0.00003680 
0.00003812 
0.00003859 
0.00003862 
0.00003861 
0.00003850 
0.00003855 
0.00003900 
0.00003884 
0.00003874 
0.00003813 
0.00003769 
0.00003742 
0.00003702 
0.00003689 
0.00003664 
0.00003636 
0.00003594 
0.00003543 
0.00003525 
0.00003538 
0.00003617 
0.00003608 
0.00003632 
0.00003612 
0.00003573 
0.00003573 
0.00003599 
0.00003542 
0.00003515 
0.00003500 
0.00003487 
0.00003453 
0.00003450 
0.00003416 
0.00003384 
0.00003391 
0.00003400 
0.00003430 
0.00003430 
0.00003412 
0.00003389 
0.00003375 
0.00003340 
0.00003340 
0.00003334 
0.00003318 
0.00003307 
0.00003310 
0.00003330 
0.00003303 
0.00003309 
0.00003313 
0.00003314 
0.00003286 
0.00003299 
0.00003306 
0.00003285 
0.00003190 
0.00003172 
0.00003143 
0.00003124 
0.00003123 
0.00003189 
0.00003196 
0.00003210 
0.00003194 
0.00003199 
0.00003224 
0.00003246 
0.00003262 
0.00003256 
0.00003335 
0.00003334 
0.00003339 
0.00003331 
0.00003330 
0.00003316 
0.00003316 
0.00003316 
0.00003332 
0.00003328 
0.00003301 
0.00003312 
0.00003311 
0.00003329 
0.00003352 
0.00003360 
0.00003382 
0.00003382 
0.00003400 
0.00003407 
0.00003399 
0.00003411 
0.00003407 
0.00003423 
0.00003481 
0.00003465 
0.00003332 
0.00003346 
0.00003403 
0.00003363 
0.00003316 
0.00003403 
0.00003491 
0.00003611 
0.00003618 
0.00003449 
0.00003310 
0.00003241 
0.00003200 
0.00003189 
0.00003199 
0.00003190 
0.00003186 
0.00003198 
0.00003188 
0.00003190 
0.00003182 
0.00003184 
0.00003185 
0.00003171 
0.00003163 
0.00003191 
0.00003176 
0.00003199 
0.00003188 
0.00003183 
0.00003198 
0.00003259 
0.00003239 
0.00003188 
0.00003203 
0.00003206 
0.00003215 
0.00003302 
0.00003316 
0.00003287 
0.00003250 
0.00003157 
0.00003117 
0.00003084 
0.00003041 
0.00003004 
0.00002948 
0.00002948 
0.00002924 
0.00002918 
0.00002936 
0.00002946 
0.00002990 
0.00002934 
0.00002944 
0.00002955 
0.00002953 
0.00002960 
0.00002954 
0.00002916 
0.00002905 
0.00002913 
0.00002912 
0.00002907 
0.00002866 
0.00002797 
0.00002793 
0.00002764 
0.00002767 
0.00002762 
0.00002766 
0.00002762 
0.00002760 
0.00002747 
0.00002752 
0.00002720 
0.00002691 
0.00002699 
0.00002697 
0.00002691 
0.00002687 
0.00002675 
0.00002678 
0.00002669 
0.00002671 
0.00002679 
0.00002696 
0.00002681 
0.00002703 
0.00002713 
0.00002707 
0.00002694 
0.00002685 
0.00002681 
0.00002675 
0.00002699 
0.00002705 
0.00002710 
0.00002694 
0.00002685 
0.00002673 
0.00002673 
0.00002668 
0.00002672 
0.00002672 
0.00002672 
0.00002672 
0.00002685 
0.00002685 
0.00002675 
0.00002684 
0.00002680 
0.00002685 
0.00002688 
0.00002687 
0.00002691 
0.00002692 
0.00002695 
0.00002700 
0.00002705 
0.00002707 
0.00002700 
0.00002702 
0.00002704 
0.00002705 
0.00002699 
0.00002699 
0.00002698 
0.00002694 
0.00002677 
0.00002679 
0.00002662 
0.00002667 
0.00002658 
0.00002657 
0.00002615 
0.00002604 
0.00002600 
0.00002592 
0.00002592 
0.00002574 
0.00002567 
0.00002567 
0.00002566 
0.00002563 
0.00002550 
0.00002554 
0.00002528 
0.00002538 
0.00002552 
0.00002527 
0.00002520 
0.00002526 
0.00002537 
0.00002541 
0.00002552 
0.00002552 
0.00002545 
0.00002552 
0.00002563 
0.00002563 
0.00002548 
0.00002544 
0.00002547 
0.00002574 
0.00002573 
0.00002577 
0.00002619 
0.00002634 
0.00002608 
0.00002596 
0.00002587 
0.00002587 
0.00002579 
0.00002556 
0.00002564 
0.00002557 
0.00002555 
0.00002564 
0.00002555 
0.00002535 
0.00002530 
0.00002567 
0.00002600 
0.00002570 
0.00002570 
0.00002578 
0.00002579 
0.00002579 
0.00002586 
0.00002605 
0.00002638 
0.00002638 
0.00002639 
0.00002689 
0.00002669 
0.00002669 
0.00002677 
0.00002694 
0.00002713 
0.00002751 
0.00002772 
0.00002748 
0.00002750 
0.00002742 
0.00002707 
0.00002728 
0.00002679 
0.00002638 
0.00002652 
0.00002632 
0.00002610 
0.00002681 
0.00002752 
0.00002643 
0.00002633 
0.00002587 
0.00002600 
0.00002611 
0.00002616 
0.00002626 
0.00002665 
0.00002659 
0.00002667 
0.00002663 
0.00002705 
0.00002710 
0.00002732 
0.00002738 
0.00002737 
0.00002736 
0.00002726 
0.00002723 
0.00002745 
0.00002759 
0.00002764 
0.00002777 
0.00002769 
0.00002750 
0.00002755 
0.00002770 
0.00002781 
0.00002795 
0.00002783 
0.00002782 
0.00002770 
0.00002797 
0.00002809 
0.00002798 
0.00002837 
0.00002851 
0.00002878 
0.00002909 
0.00002975 
0.00002975 
0.00002982 
0.00002980 
0.00002976 
0.00002976 
0.00002976 
0.00002976 
0.00002990 
0.00002978 
0.00002996 
0.00003028 
0.00003077 
0.00003150 
0.00003059 
0.00003041 
0.00002993 
0.00002989 
0.00002975 
0.00002976 
0.00002980 
0.00002976 
0.00002975 
0.00002975 
0.00002976 
0.00002976 
0.00003000 
0.00002979 
0.00002976 
0.00002977 
0.00002976 
0.00002988 
0.00002980 
0.00002980 
0.00002988 
0.00002976 
0.00002975 
0.00002975 
0.00002975 
0.00002988 
0.00002979 
0.00002994 
0.00003015 
0.00003016 
0.00003026 
0.00003028 
0.00003029 
0.00003018 
0.00003021 
0.00003050 
0.00003033 
0.00003024 
0.00003031 
0.00003031 
0.00003020 
0.00003021 
0.00003065 
0.00003047 
0.00003034 
0.00003041 
0.00002982 
0.00002980 
0.00002978 
0.00002975 
0.00002965 
0.00002952 
0.00002944 
0.00002954 
0.00002941 
0.00002938 
0.00002952 
0.00002975 
0.00002964 
0.00002975 
0.00002964 
0.00002965 
0.00002974 
0.00002977 
0.00002972 
0.00002974 
0.00002981 
0.00002985 
0.00003081 
0.00003066 
0.00003058 
0.00003055 
0.00003071 
0.00003086 
0.00003096 
0.00003096 
0.00003108 
0.00003159 
0.00003166 
0.00003192 
0.00003182 
0.00003180 
0.00003179 
0.00003153 
0.00003164 
0.00003158 
0.00003167 
0.00003154 
0.00003152 
0.00003171 
0.00003156 
0.00003180 
0.00003154 
0.00003155 
0.00003126 
0.00003118 
0.00003097 
0.00003097 
0.00003097 
0.00003097 
