297.93000000 
1675.21000000 
2668.55000000 
850.10000000 
2529.21000000 
1130.66000000 
2141.22000000 
730.68000000 
3304.01000000 
271.64000000 
2086.97000000 
1232.55000000 
383.33000000 
1960.91000000 
1037.74000000 
1052.49000000 
326.42000000 
763.31000000 
924.41000000 
3171.59000000 
18019.37000000 
2066.03000000 
1105.75000000 
6327.60000000 
1880.89000000 
3342.91000000 
394.75000000 
2194.83000000 
669.15000000 
873.16000000 
1459.51000000 
550.61000000 
1513.08000000 
638.96000000 
1291.57000000 
2710.58000000 
1343.66000000 
1238.33000000 
600.52000000 
1778.19000000 
414.38000000 
1287.59000000 
1883.73000000 
752.84000000 
333.38000000 
1142.32000000 
1832.02000000 
127.33000000 
927.35000000 
717.72000000 
1845.06000000 
436.16000000 
286.05000000 
398.22000000 
544.09000000 
1284.84000000 
216.05000000 
1023.67000000 
209.67000000 
532.77000000 
841.74000000 
702.70000000 
1324.63000000 
374.14000000 
1378.05000000 
2384.90000000 
268.39000000 
123.12000000 
409.61000000 
361.85000000 
1208.77000000 
448.02000000 
773.33000000 
203.55000000 
169.67000000 
208.56000000 
430.21000000 
386.38000000 
219.29000000 
385.28000000 
883.94000000 
194.87000000 
616.90000000 
316.79000000 
1077.40000000 
2111.01000000 
864.91000000 
1620.68000000 
58.26000000 
384.62000000 
219.65000000 
1608.16000000 
1853.23000000 
843.52000000 
4328.32000000 
1165.87000000 
1754.04000000 
456.52000000 
1097.75000000 
509.26000000 
446.99000000 
3174.53000000 
1620.47000000 
318.66000000 
507.38000000 
1620.72000000 
5286.86000000 
1355.00000000 
6336.25000000 
4639.90000000 
2474.68000000 
2122.76000000 
2117.41000000 
5274.65000000 
1216.84000000 
20735.10000000 
1084.67000000 
1456.75000000 
167.37000000 
1133.80000000 
807.80000000 
480.32000000 
986.86000000 
419.14000000 
181.39000000 
928.58000000 
409.49000000 
321.71000000 
361.70000000 
393.63000000 
502.44000000 
58.02000000 
326.37000000 
307.50000000 
727.93000000 
337.45000000 
183.83000000 
482.21000000 
325.54000000 
580.51000000 
447.15000000 
447.71000000 
674.52000000 
1695.78000000 
245.13000000 
1476.30000000 
725.10000000 
144.89000000 
480.50000000 
259.42000000 
211.99000000 
268.08000000 
176.34000000 
1084.15000000 
717.52000000 
165.16000000 
132.79000000 
50.57000000 
122.65000000 
382.38000000 
83.10000000 
68.97000000 
114.94000000 
279.37000000 
97.47000000 
620.94000000 
386.00000000 
684.01000000 
228.19000000 
2324.18000000 
363.55000000 
724.79000000 
834.76000000 
204.11000000 
577.24000000 
310.84000000 
806.13000000 
937.75000000 
107.81000000 
874.02000000 
126.81000000 
1233.41000000 
1704.00000000 
578.78000000 
191.72000000 
134.25000000 
860.59000000 
725.38000000 
715.27000000 
240.25000000 
81.60000000 
229.78000000 
107.53000000 
92.25000000 
531.06000000 
173.74000000 
1200.13000000 
343.83000000 
609.86000000 
268.82000000 
43.44000000 
303.12000000 
824.82000000 
131.49000000 
116.80000000 
345.03000000 
235.42000000 
395.99000000 
681.77000000 
13.13000000 
678.65000000 
721.37000000 
492.00000000 
437.41000000 
97.28000000 
79.51000000 
640.05000000 
51.83000000 
569.42000000 
244.91000000 
150.21000000 
421.80000000 
142.21000000 
93.63000000 
58.95000000 
81.80000000 
55.76000000 
118.39000000 
72.73000000 
340.98000000 
209.52000000 
2.00000000 
111.18000000 
1321.54000000 
280.57000000 
337.20000000 
8889.01000000 
219.95000000 
1243.47000000 
27.11000000 
22.09000000 
3523.24000000 
468.31000000 
95.82000000 
0.00000000 
546.92000000 
1511.89000000 
0.00000000 
282.69000000 
491.08000000 
65.05000000 
224.41000000 
1946.54000000 
148.03000000 
114.53000000 
21.00000000 
30.42000000 
169.45000000 
54.10000000 
192.73000000 
28.98000000 
4.00000000 
814.34000000 
722.38000000 
3050.40000000 
9.00000000 
419.96000000 
136.89000000 
20464.13000000 
466.78000000 
450.12000000 
1544.42000000 
10.51000000 
47.65000000 
14.34000000 
0.00000000 
40.48000000 
750.14000000 
95.78000000 
46.63000000 
0.00000000 
0.00000000 
18.99000000 
460.75000000 
853.52000000 
543.64000000 
14.99000000 
98.70000000 
608.19000000 
39.72000000 
384.52000000 
1297.23000000 
1618.84000000 
4068.73000000 
164.60000000 
6.88000000 
0.00000000 
2361.37000000 
2939.46000000 
1113.45000000 
336.64000000 
2208.38000000 
489.40000000 
285.92000000 
355.00000000 
867.82000000 
653.55000000 
145.00000000 
449.65000000 
115.90000000 
0.00000000 
394.05000000 
479.54000000 
664.61000000 
866.32000000 
388.53000000 
288.94000000 
258.30000000 
88.93000000 
68.49000000 
2263.12000000 
772.93000000 
755.77000000 
1292.99000000 
615.92000000 
60.45000000 
155.86000000 
1307.93000000 
561.09000000 
856.57000000 
3451.86000000 
700.25000000 
1081.84000000 
442.66000000 
223.76000000 
3778.12000000 
1105.08000000 
461.81000000 
419.20000000 
681.37000000 
1585.70000000 
31.98000000 
494.31000000 
1101.63000000 
20.16000000 
100.86000000 
71.53000000 
414.67000000 
117.39000000 
119.54000000 
76.85000000 
5.00000000 
79.65000000 
239.32000000 
100.01000000 
406.53000000 
19.05000000 
931.77000000 
3728.96000000 
1247.73000000 
503.27000000 
304.15000000 
4614.40000000 
560.26000000 
142.47000000 
585.12000000 
1871.23000000 
832.20000000 
457.28000000 
391.77000000 
727.37000000 
49.87000000 
3820.42000000 
6379.09000000 
607.90000000 
250.15000000 
1.67000000 
1316.82000000 
5185.68000000 
278.37000000 
64.51000000 
260.00000000 
720.54000000 
262.97000000 
46.54000000 
70.74000000 
543.00000000 
1178.58000000 
2685.44000000 
376.67000000 
1006.78000000 
647.69000000 
253.64000000 
1384.26000000 
2005.11000000 
646.98000000 
908.44000000 
631.16000000 
1953.88000000 
1052.16000000 
647.64000000 
2441.84000000 
401.36000000 
108.88000000 
222.49000000 
718.46000000 
765.05000000 
923.79000000 
868.92000000 
91.69000000 
763.18000000 
43.41000000 
45.91000000 
579.18000000 
2.30000000 
260.28000000 
10.00000000 
1259.19000000 
193.80000000 
940.52000000 
422.27000000 
175.60000000 
331.10000000 
286.29000000 
102.24000000 
467.33000000 
37.00000000 
419.61000000 
231.40000000 
37.24000000 
27.74000000 
1401.30000000 
148.94000000 
690.44000000 
2569.80000000 
515.22000000 
109.58000000 
28.02000000 
24.41000000 
2431.37000000 
3723.61000000 
111.80000000 
759.09000000 
260.23000000 
15.68000000 
1752.36000000 
5420.31000000 
761.03000000 
2840.50000000 
4606.35000000 
3002.15000000 
1437.02000000 
761.79000000 
588.42000000 
1473.35000000 
558.92000000 
186.05000000 
4042.02000000 
1089.57000000 
292.23000000 
210.97000000 
1528.01000000 
1552.14000000 
3692.10000000 
870.51000000 
173.73000000 
687.49000000 
269.10000000 
333.23000000 
66.61000000 
246.57000000 
595.88000000 
205.73000000 
2960.05000000 
15346.67000000 
3242.22000000 
708.39000000 
2500.32000000 
1132.33000000 
1148.78000000 
297.93000000 
1675.21000000 
2668.55000000 
850.10000000 
2529.21000000 
1130.66000000 
2141.22000000 
730.68000000 
3304.01000000 
271.64000000 
2086.97000000 
1232.55000000 
383.33000000 
1960.91000000 
1037.74000000 
1052.49000000 
326.42000000 
763.31000000 
924.41000000 
3171.59000000 
18019.37000000 
2066.03000000 
1105.75000000 
6327.60000000 
1880.89000000 
3342.91000000 
394.75000000 
2194.83000000 
669.15000000 
873.16000000 
1459.51000000 
550.61000000 
1513.08000000 
638.96000000 
1291.57000000 
2710.58000000 
1343.66000000 
1238.33000000 
600.52000000 
1778.19000000 
414.38000000 
1287.59000000 
1883.73000000 
752.84000000 
333.38000000 
1142.32000000 
1832.02000000 
127.33000000 
927.35000000 
717.72000000 
1845.06000000 
436.16000000 
286.05000000 
398.22000000 
544.09000000 
1284.84000000 
216.05000000 
1023.67000000 
209.67000000 
532.77000000 
841.74000000 
702.70000000 
1324.63000000 
374.14000000 
1378.05000000 
2384.90000000 
268.39000000 
123.12000000 
409.61000000 
361.85000000 
1208.77000000 
448.02000000 
773.33000000 
203.55000000 
169.67000000 
208.56000000 
430.21000000 
386.38000000 
219.29000000 
385.28000000 
883.94000000 
194.87000000 
616.90000000 
316.79000000 
1077.40000000 
2111.01000000 
864.91000000 
1620.68000000 
58.26000000 
384.62000000 
219.65000000 
1608.16000000 
1853.23000000 
843.52000000 
4328.32000000 
1165.87000000 
1754.04000000 
456.52000000 
1097.75000000 
509.26000000 
446.99000000 
3174.53000000 
1620.47000000 
318.66000000 
507.38000000 
1620.72000000 
5286.86000000 
1355.00000000 
6336.25000000 
4639.90000000 
2474.68000000 
2122.76000000 
2117.41000000 
5274.65000000 
1216.84000000 
20735.10000000 
1084.67000000 
1456.75000000 
167.37000000 
1133.80000000 
807.80000000 
480.32000000 
986.86000000 
419.14000000 
181.39000000 
928.58000000 
409.49000000 
321.71000000 
361.70000000 
393.63000000 
502.44000000 
58.02000000 
326.37000000 
307.50000000 
727.93000000 
337.45000000 
183.83000000 
482.21000000 
325.54000000 
580.51000000 
447.15000000 
447.71000000 
674.52000000 
1695.78000000 
245.13000000 
1476.30000000 
725.10000000 
144.89000000 
480.50000000 
259.42000000 
211.99000000 
268.08000000 
176.34000000 
1084.15000000 
717.52000000 
165.16000000 
132.79000000 
50.57000000 
122.65000000 
382.38000000 
83.10000000 
68.97000000 
114.94000000 
279.37000000 
97.47000000 
620.94000000 
386.00000000 
684.01000000 
228.19000000 
2324.18000000 
363.55000000 
724.79000000 
834.76000000 
204.11000000 
577.24000000 
310.84000000 
806.13000000 
937.75000000 
107.81000000 
874.02000000 
126.81000000 
1233.41000000 
1704.00000000 
578.78000000 
191.72000000 
134.25000000 
860.59000000 
725.38000000 
715.27000000 
240.25000000 
81.60000000 
229.78000000 
107.53000000 
92.25000000 
531.06000000 
173.74000000 
1200.13000000 
343.83000000 
609.86000000 
268.82000000 
43.44000000 
303.12000000 
824.82000000 
131.49000000 
116.80000000 
345.03000000 
235.42000000 
395.99000000 
681.77000000 
13.13000000 
678.65000000 
721.37000000 
492.00000000 
437.41000000 
97.28000000 
79.51000000 
640.05000000 
51.83000000 
569.42000000 
244.91000000 
150.21000000 
421.80000000 
142.21000000 
93.63000000 
58.95000000 
81.80000000 
55.76000000 
118.39000000 
72.73000000 
340.98000000 
209.52000000 
2.00000000 
111.18000000 
1321.54000000 
280.57000000 
337.20000000 
8889.01000000 
219.95000000 
1243.47000000 
27.11000000 
22.09000000 
3523.24000000 
468.31000000 
95.82000000 
0.00000000 
546.92000000 
1511.89000000 
0.00000000 
282.69000000 
491.08000000 
65.05000000 
224.41000000 
1946.54000000 
148.03000000 
114.53000000 
21.00000000 
30.42000000 
169.45000000 
54.10000000 
192.73000000 
28.98000000 
4.00000000 
814.34000000 
722.38000000 
3050.40000000 
9.00000000 
419.96000000 
136.89000000 
20464.13000000 
466.78000000 
450.12000000 
1544.42000000 
10.51000000 
47.65000000 
14.34000000 
0.00000000 
40.48000000 
750.14000000 
95.78000000 
46.63000000 
0.00000000 
0.00000000 
18.99000000 
460.75000000 
853.52000000 
543.64000000 
14.99000000 
98.70000000 
608.19000000 
39.72000000 
384.52000000 
1297.23000000 
1618.84000000 
4068.73000000 
164.60000000 
6.88000000 
0.00000000 
2361.37000000 
2939.46000000 
1113.45000000 
336.64000000 
2208.38000000 
489.40000000 
285.92000000 
355.00000000 
867.82000000 
653.55000000 
145.00000000 
449.65000000 
115.90000000 
0.00000000 
394.05000000 
479.54000000 
664.61000000 
866.32000000 
388.53000000 
288.94000000 
258.30000000 
88.93000000 
68.49000000 
2263.12000000 
772.93000000 
755.77000000 
1292.99000000 
615.92000000 
60.45000000 
155.86000000 
1307.93000000 
561.09000000 
856.57000000 
3451.86000000 
700.25000000 
1081.84000000 
442.66000000 
223.76000000 
3778.12000000 
1105.08000000 
461.81000000 
419.20000000 
681.37000000 
1585.70000000 
31.98000000 
494.31000000 
1101.63000000 
20.16000000 
100.86000000 
71.53000000 
414.67000000 
117.39000000 
119.54000000 
76.85000000 
5.00000000 
79.65000000 
239.32000000 
100.01000000 
406.53000000 
19.05000000 
931.77000000 
3728.96000000 
1247.73000000 
503.27000000 
304.15000000 
4614.40000000 
560.26000000 
142.47000000 
585.12000000 
1871.23000000 
832.20000000 
457.28000000 
391.77000000 
727.37000000 
49.87000000 
3820.42000000 
6379.09000000 
607.90000000 
250.15000000 
1.67000000 
1316.82000000 
5185.68000000 
278.37000000 
64.51000000 
260.00000000 
720.54000000 
262.97000000 
46.54000000 
70.74000000 
543.00000000 
1178.58000000 
2685.44000000 
376.67000000 
1006.78000000 
647.69000000 
253.64000000 
1384.26000000 
2005.11000000 
646.98000000 
908.44000000 
631.16000000 
1953.88000000 
1052.16000000 
647.64000000 
2441.84000000 
401.36000000 
108.88000000 
222.49000000 
718.46000000 
765.05000000 
923.79000000 
868.92000000 
91.69000000 
763.18000000 
43.41000000 
45.91000000 
579.18000000 
2.30000000 
260.28000000 
10.00000000 
1259.19000000 
193.80000000 
940.52000000 
422.27000000 
175.60000000 
331.10000000 
286.29000000 
102.24000000 
467.33000000 
37.00000000 
419.61000000 
231.40000000 
37.24000000 
27.74000000 
1401.30000000 
148.94000000 
690.44000000 
2569.80000000 
515.22000000 
109.58000000 
28.02000000 
24.41000000 
2431.37000000 
3723.61000000 
111.80000000 
759.09000000 
260.23000000 
15.68000000 
1752.36000000 
5420.31000000 
761.03000000 
2840.50000000 
4606.35000000 
3002.15000000 
1437.02000000 
761.79000000 
588.42000000 
1473.35000000 
558.92000000 
186.05000000 
4042.02000000 
1089.57000000 
292.23000000 
210.97000000 
1528.01000000 
1552.14000000 
3692.10000000 
870.51000000 
173.73000000 
687.49000000 
269.10000000 
333.23000000 
66.61000000 
246.57000000 
595.88000000 
205.73000000 
2960.05000000 
15346.67000000 
3242.22000000 
708.39000000 
2500.32000000 
1132.33000000 
1148.78000000 
297.93000000 
1675.21000000 
2668.55000000 
850.10000000 
2529.21000000 
1130.66000000 
2141.22000000 
730.68000000 
3304.01000000 
271.64000000 
2086.97000000 
1232.55000000 
383.33000000 
1960.91000000 
1037.74000000 
1052.49000000 
326.42000000 
763.31000000 
924.41000000 
3171.59000000 
18019.37000000 
2066.03000000 
1105.75000000 
6327.60000000 
1880.89000000 
3342.91000000 
394.75000000 
2194.83000000 
669.15000000 
873.16000000 
1459.51000000 
550.61000000 
1513.08000000 
638.96000000 
1291.57000000 
2710.58000000 
1343.66000000 
1238.33000000 
600.52000000 
1778.19000000 
414.38000000 
1287.59000000 
1883.73000000 
752.84000000 
333.38000000 
1142.32000000 
1832.02000000 
127.33000000 
927.35000000 
717.72000000 
1845.06000000 
436.16000000 
286.05000000 
398.22000000 
544.09000000 
1284.84000000 
216.05000000 
1023.67000000 
209.67000000 
532.77000000 
841.74000000 
702.70000000 
1324.63000000 
374.14000000 
1378.05000000 
2384.90000000 
268.39000000 
123.12000000 
409.61000000 
361.85000000 
1208.77000000 
448.02000000 
773.33000000 
203.55000000 
169.67000000 
208.56000000 
430.21000000 
386.38000000 
219.29000000 
385.28000000 
883.94000000 
194.87000000 
616.90000000 
316.79000000 
1077.40000000 
2111.01000000 
864.91000000 
1620.68000000 
58.26000000 
384.62000000 
219.65000000 
1608.16000000 
1853.23000000 
843.52000000 
4328.32000000 
1165.87000000 
1754.04000000 
456.52000000 
1097.75000000 
509.26000000 
446.99000000 
3174.53000000 
1620.47000000 
318.66000000 
507.38000000 
1620.72000000 
5286.86000000 
1355.00000000 
6336.25000000 
4639.90000000 
2474.68000000 
2122.76000000 
2117.41000000 
5274.65000000 
1216.84000000 
20735.10000000 
1084.67000000 
1456.75000000 
167.37000000 
1133.80000000 
807.80000000 
480.32000000 
986.86000000 
419.14000000 
181.39000000 
928.58000000 
409.49000000 
321.71000000 
361.70000000 
393.63000000 
502.44000000 
58.02000000 
326.37000000 
307.50000000 
727.93000000 
337.45000000 
183.83000000 
482.21000000 
325.54000000 
580.51000000 
447.15000000 
447.71000000 
674.52000000 
1695.78000000 
245.13000000 
1476.30000000 
725.10000000 
144.89000000 
480.50000000 
259.42000000 
211.99000000 
268.08000000 
176.34000000 
1084.15000000 
717.52000000 
165.16000000 
132.79000000 
50.57000000 
122.65000000 
382.38000000 
83.10000000 
68.97000000 
114.94000000 
279.37000000 
97.47000000 
620.94000000 
386.00000000 
684.01000000 
228.19000000 
2324.18000000 
363.55000000 
724.79000000 
834.76000000 
204.11000000 
577.24000000 
310.84000000 
806.13000000 
937.75000000 
107.81000000 
874.02000000 
126.81000000 
1233.41000000 
1704.00000000 
578.78000000 
191.72000000 
134.25000000 
860.59000000 
725.38000000 
715.27000000 
240.25000000 
81.60000000 
229.78000000 
107.53000000 
92.25000000 
531.06000000 
173.74000000 
1200.13000000 
343.83000000 
609.86000000 
268.82000000 
43.44000000 
303.12000000 
824.82000000 
131.49000000 
116.80000000 
345.03000000 
235.42000000 
395.99000000 
681.77000000 
13.13000000 
678.65000000 
721.37000000 
492.00000000 
437.41000000 
97.28000000 
79.51000000 
640.05000000 
51.83000000 
569.42000000 
244.91000000 
150.21000000 
421.80000000 
142.21000000 
93.63000000 
58.95000000 
81.80000000 
55.76000000 
118.39000000 
72.73000000 
340.98000000 
209.52000000 
2.00000000 
111.18000000 
1321.54000000 
280.57000000 
337.20000000 
8889.01000000 
219.95000000 
1243.47000000 
27.11000000 
22.09000000 
3523.24000000 
468.31000000 
95.82000000 
0.00000000 
546.92000000 
1511.89000000 
0.00000000 
282.69000000 
491.08000000 
65.05000000 
224.41000000 
1946.54000000 
148.03000000 
114.53000000 
21.00000000 
30.42000000 
169.45000000 
54.10000000 
192.73000000 
28.98000000 
4.00000000 
814.34000000 
722.38000000 
3050.40000000 
9.00000000 
419.96000000 
136.89000000 
20464.13000000 
466.78000000 
450.12000000 
1544.42000000 
10.51000000 
47.65000000 
14.34000000 
0.00000000 
40.48000000 
750.14000000 
95.78000000 
46.63000000 
0.00000000 
0.00000000 
18.99000000 
460.75000000 
853.52000000 
543.64000000 
14.99000000 
98.70000000 
608.19000000 
39.72000000 
384.52000000 
1297.23000000 
1618.84000000 
4068.73000000 
164.60000000 
6.88000000 
0.00000000 
2361.37000000 
2939.46000000 
1113.45000000 
336.64000000 
2208.38000000 
489.40000000 
285.92000000 
355.00000000 
867.82000000 
653.55000000 
145.00000000 
449.65000000 
115.90000000 
0.00000000 
394.05000000 
479.54000000 
664.61000000 
866.32000000 
388.53000000 
288.94000000 
258.30000000 
88.93000000 
68.49000000 
2263.12000000 
772.93000000 
755.77000000 
1292.99000000 
615.92000000 
60.45000000 
155.86000000 
1307.93000000 
561.09000000 
856.57000000 
3451.86000000 
700.25000000 
1081.84000000 
442.66000000 
223.76000000 
3778.12000000 
1105.08000000 
461.81000000 
419.20000000 
681.37000000 
1585.70000000 
31.98000000 
494.31000000 
1101.63000000 
20.16000000 
100.86000000 
71.53000000 
414.67000000 
117.39000000 
119.54000000 
76.85000000 
5.00000000 
79.65000000 
239.32000000 
100.01000000 
406.53000000 
19.05000000 
931.77000000 
3728.96000000 
1247.73000000 
503.27000000 
304.15000000 
4614.40000000 
560.26000000 
142.47000000 
585.12000000 
1871.23000000 
832.20000000 
457.28000000 
391.77000000 
727.37000000 
49.87000000 
3820.42000000 
6379.09000000 
607.90000000 
250.15000000 
1.67000000 
1316.82000000 
5185.68000000 
278.37000000 
64.51000000 
260.00000000 
720.54000000 
262.97000000 
46.54000000 
70.74000000 
543.00000000 
1178.58000000 
2685.44000000 
376.67000000 
1006.78000000 
647.69000000 
253.64000000 
1384.26000000 
2005.11000000 
646.98000000 
908.44000000 
631.16000000 
1953.88000000 
1052.16000000 
647.64000000 
2441.84000000 
401.36000000 
108.88000000 
222.49000000 
718.46000000 
765.05000000 
923.79000000 
868.92000000 
91.69000000 
763.18000000 
43.41000000 
45.91000000 
579.18000000 
2.30000000 
260.28000000 
10.00000000 
1259.19000000 
193.80000000 
940.52000000 
422.27000000 
175.60000000 
331.10000000 
286.29000000 
102.24000000 
467.33000000 
37.00000000 
419.61000000 
231.40000000 
37.24000000 
27.74000000 
1401.30000000 
148.94000000 
690.44000000 
2569.80000000 
515.22000000 
109.58000000 
28.02000000 
24.41000000 
2431.37000000 
3723.61000000 
111.80000000 
759.09000000 
260.23000000 
15.68000000 
1752.36000000 
5420.31000000 
761.03000000 
2840.50000000 
4606.35000000 
3002.15000000 
1437.02000000 
761.79000000 
588.42000000 
1473.35000000 
558.92000000 
186.05000000 
4042.02000000 
1089.57000000 
292.23000000 
210.97000000 
1528.01000000 
1552.14000000 
3692.10000000 
870.51000000 
173.73000000 
687.49000000 
269.10000000 
333.23000000 
66.61000000 
246.57000000 
595.88000000 
205.73000000 
2960.05000000 
15346.67000000 
3242.22000000 
708.39000000 
2500.32000000 
1132.33000000 
1148.78000000 
