26448.00000000 
41579.00000000 
3748.00000000 
17433.00000000 
2719.00000000 
9666.00000000 
528.00000000 
8352.00000000 
19507.00000000 
26240.00000000 
12541.00000000 
50463.00000000 
12394.00000000 
27542.00000000 
12458.00000000 
11960.00000000 
21155.00000000 
5774.00000000 
3656.00000000 
26527.00000000 
7543.00000000 
11119.00000000 
22502.00000000 
1134.00000000 
3450.00000000 
2136.00000000 
6332.00000000 
1237.00000000 
6386.00000000 
1007.00000000 
4139.00000000 
1226.00000000 
13379.00000000 
10904.00000000 
11494.00000000 
10710.00000000 
21020.00000000 
48842.00000000 
17259.00000000 
1488.00000000 
9461.00000000 
6121.00000000 
238.00000000 
948.00000000 
6741.00000000 
11803.00000000 
2327.00000000 
15522.00000000 
2047.00000000 
11197.00000000 
2140.00000000 
10284.00000000 
51617.00000000 
33227.00000000 
1671.00000000 
4444.00000000 
573.00000000 
0.00000000 
1248.00000000 
555.00000000 
0.00000000 
0.00000000 
0.00000000 
1511.00000000 
2335.00000000 
4353.00000000 
5575.00000000 
1001.00000000 
210.00000000 
3.00000000 
824.00000000 
3144.00000000 
14335.00000000 
14985.00000000 
921.00000000 
34640.00000000 
17835.00000000 
206.00000000 
0.00000000 
1970.00000000 
574.00000000 
2603.00000000 
136.00000000 
556.00000000 
269.00000000 
7606.00000000 
0.00000000 
107.00000000 
1098.00000000 
6866.00000000 
499.00000000 
2535.00000000 
2769.00000000 
1483.00000000 
0.00000000 
28805.00000000 
4970.00000000 
329.00000000 
2140.00000000 
26157.00000000 
14204.00000000 
2232.00000000 
21907.00000000 
6205.00000000 
153.00000000 
4374.00000000 
55.00000000 
2135.00000000 
6974.00000000 
18326.00000000 
3163.00000000 
5850.00000000 
5283.00000000 
2121.00000000 
1649.00000000 
11521.00000000 
7820.00000000 
4226.00000000 
5903.00000000 
387.00000000 
10923.00000000 
3918.00000000 
14229.00000000 
22680.00000000 
6963.00000000 
19495.00000000 
5358.00000000 
693.00000000 
1248.00000000 
16283.00000000 
14823.00000000 
1299.00000000 
1825.00000000 
886.00000000 
1345.00000000 
289.00000000 
2923.00000000 
7031.00000000 
10115.00000000 
4269.00000000 
35056.00000000 
22842.00000000 
37100.00000000 
278020.00000000 
15065.00000000 
12058.00000000 
5083.00000000 
15691.00000000 
56043.00000000 
13101.00000000 
1686.00000000 
11673.00000000 
24987.00000000 
4702.00000000 
31323.00000000 
29292.00000000 
29651.00000000 
2430.00000000 
2566.00000000 
10224.00000000 
13413.00000000 
26142.00000000 
8507.00000000 
9717.00000000 
6769.00000000 
7016.00000000 
49482.00000000 
32945.00000000 
13804.00000000 
20888.00000000 
96328.00000000 
67084.00000000 
12408.00000000 
3326.00000000 
15266.00000000 
15746.00000000 
3137.00000000 
16707.00000000 
8096.00000000 
203.00000000 
147.00000000 
1280.00000000 
10668.00000000 
2598.00000000 
16186.00000000 
20806.00000000 
14916.00000000 
32096.00000000 
642.00000000 
7412.00000000 
6879.00000000 
31429.00000000 
19230.00000000 
64154.00000000 
7421.00000000 
22985.00000000 
12482.00000000 
0.00000000 
100.00000000 
380.00000000 
250.00000000 
1.00000000 
10065.00000000 
138.00000000 
0.00000000 
0.00000000 
1163.00000000 
0.00000000 
1171.00000000 
7069.00000000 
1072.00000000 
0.00000000 
514.00000000 
25366.00000000 
4941.00000000 
4663.00000000 
6840.00000000 
26461.00000000 
24839.00000000 
776.00000000 
2693.00000000 
9347.00000000 
38978.00000000 
20180.00000000 
12526.00000000 
695.00000000 
183.00000000 
940.00000000 
371.00000000 
11340.00000000 
8069.00000000 
1837.00000000 
1588.00000000 
4690.00000000 
3889.00000000 
1752.00000000 
11997.00000000 
9411.00000000 
2429.00000000 
8.00000000 
0.00000000 
0.00000000 
479.00000000 
12783.00000000 
5057.00000000 
10957.00000000 
20319.00000000 
5751.00000000 
16570.00000000 
11897.00000000 
714.00000000 
12674.00000000 
1041.00000000 
9576.00000000 
8196.00000000 
15046.00000000 
300.00000000 
0.00000000 
250.00000000 
10906.00000000 
2760.00000000 
29207.00000000 
500.00000000 
0.00000000 
215.00000000 
2194.00000000 
13371.00000000 
845.00000000 
5191.00000000 
3137.00000000 
60.00000000 
0.00000000 
4018.00000000 
8671.00000000 
6529.00000000 
50.00000000 
472.00000000 
0.00000000 
585.00000000 
4441.00000000 
0.00000000 
0.00000000 
1413.00000000 
3452.00000000 
0.00000000 
0.00000000 
9530.00000000 
1795.00000000 
0.00000000 
1303.00000000 
318.00000000 
196.00000000 
1250.00000000 
3378.00000000 
106.00000000 
1017.00000000 
499.00000000 
0.00000000 
156.00000000 
968.00000000 
11309.00000000 
4060.00000000 
11883.00000000 
2271.00000000 
0.00000000 
250.00000000 
2492.00000000 
19987.00000000 
14340.00000000 
30326.00000000 
7167.00000000 
3097.00000000 
2944.00000000 
7225.00000000 
14105.00000000 
6042.00000000 
606.00000000 
0.00000000 
0.00000000 
4990.00000000 
8175.00000000 
718.00000000 
1580.00000000 
579.00000000 
933.00000000 
5090.00000000 
7839.00000000 
3369.00000000 
1183.00000000 
27888.00000000 
1027.00000000 
21742.00000000 
4681.00000000 
15177.00000000 
10553.00000000 
126.00000000 
68.00000000 
676.00000000 
7856.00000000 
3539.00000000 
6969.00000000 
754.00000000 
111.00000000 
12060.00000000 
0.00000000 
21446.00000000 
3144.00000000 
5649.00000000 
8835.00000000 
12818.00000000 
19433.00000000 
27808.00000000 
910.00000000 
503.00000000 
0.00000000 
0.00000000 
978.00000000 
52169.00000000 
0.00000000 
1893.00000000 
0.00000000 
0.00000000 
16946.00000000 
2094.00000000 
0.00000000 
0.00000000 
2996.00000000 
12279.00000000 
463.00000000 
1406.00000000 
671.00000000 
5521.00000000 
838.00000000 
2479.00000000 
10077.00000000 
1112.00000000 
2400.00000000 
14528.00000000 
1505.00000000 
6246.00000000 
0.00000000 
206.00000000 
1036.00000000 
462.00000000 
6899.00000000 
14223.00000000 
7427.00000000 
2865.00000000 
100.00000000 
435.00000000 
0.00000000 
630.00000000 
385.00000000 
1677.00000000 
20.00000000 
685.00000000 
4923.00000000 
0.00000000 
416.00000000 
5191.00000000 
0.00000000 
212.00000000 
21260.00000000 
14922.00000000 
582.00000000 
438.00000000 
9000.00000000 
11068.00000000 
318.00000000 
25208.00000000 
0.00000000 
7335.00000000 
2440.00000000 
172.00000000 
198.00000000 
7966.00000000 
1265.00000000 
0.00000000 
209.00000000 
976.00000000 
414.00000000 
10020.00000000 
2235.00000000 
7314.00000000 
992.00000000 
19209.00000000 
4340.00000000 
12478.00000000 
5036.00000000 
28245.00000000 
8878.00000000 
64594.00000000 
10.00000000 
1245.00000000 
0.00000000 
0.00000000 
1062.00000000 
1290.00000000 
0.00000000 
6.00000000 
6190.00000000 
13472.00000000 
125.00000000 
1348.00000000 
18849.00000000 
1803.00000000 
22401.00000000 
0.00000000 
912.00000000 
6235.00000000 
371.00000000 
0.00000000 
1116.00000000 
4573.00000000 
1.00000000 
2519.00000000 
5501.00000000 
93414.00000000 
21213.00000000 
15126.00000000 
0.00000000 
31.00000000 
100.00000000 
3154.00000000 
561.00000000 
5569.00000000 
2234.00000000 
0.00000000 
177.00000000 
8690.00000000 
1301.00000000 
14528.00000000 
582.00000000 
531.00000000 
0.00000000 
1758.00000000 
242.00000000 
259.00000000 
247.00000000 
240.00000000 
26448.00000000 
41579.00000000 
3748.00000000 
17433.00000000 
2719.00000000 
9666.00000000 
528.00000000 
8352.00000000 
19507.00000000 
26240.00000000 
12541.00000000 
50463.00000000 
12394.00000000 
27542.00000000 
12458.00000000 
11960.00000000 
21155.00000000 
5774.00000000 
3656.00000000 
26527.00000000 
7543.00000000 
11119.00000000 
22502.00000000 
1134.00000000 
3450.00000000 
2136.00000000 
6332.00000000 
1237.00000000 
6386.00000000 
1007.00000000 
4139.00000000 
1226.00000000 
13379.00000000 
10904.00000000 
11494.00000000 
10710.00000000 
21020.00000000 
48842.00000000 
17259.00000000 
1488.00000000 
9461.00000000 
6121.00000000 
238.00000000 
948.00000000 
6741.00000000 
11803.00000000 
2327.00000000 
15522.00000000 
2047.00000000 
11197.00000000 
2140.00000000 
10284.00000000 
51617.00000000 
33227.00000000 
1671.00000000 
4444.00000000 
573.00000000 
0.00000000 
1248.00000000 
555.00000000 
0.00000000 
0.00000000 
0.00000000 
1511.00000000 
2335.00000000 
4353.00000000 
5575.00000000 
1001.00000000 
210.00000000 
3.00000000 
824.00000000 
3144.00000000 
14335.00000000 
14985.00000000 
921.00000000 
34640.00000000 
17835.00000000 
206.00000000 
0.00000000 
1970.00000000 
574.00000000 
2603.00000000 
136.00000000 
556.00000000 
269.00000000 
7606.00000000 
0.00000000 
107.00000000 
1098.00000000 
6866.00000000 
499.00000000 
2535.00000000 
2769.00000000 
1483.00000000 
0.00000000 
28805.00000000 
4970.00000000 
329.00000000 
2140.00000000 
26157.00000000 
14204.00000000 
2232.00000000 
21907.00000000 
6205.00000000 
153.00000000 
4374.00000000 
55.00000000 
2135.00000000 
6974.00000000 
18326.00000000 
3163.00000000 
5850.00000000 
5283.00000000 
2121.00000000 
1649.00000000 
11521.00000000 
7820.00000000 
4226.00000000 
5903.00000000 
387.00000000 
10923.00000000 
3918.00000000 
14229.00000000 
22680.00000000 
6963.00000000 
19495.00000000 
5358.00000000 
693.00000000 
1248.00000000 
16283.00000000 
14823.00000000 
1299.00000000 
1825.00000000 
886.00000000 
1345.00000000 
289.00000000 
2923.00000000 
7031.00000000 
10115.00000000 
4269.00000000 
35056.00000000 
22842.00000000 
37100.00000000 
278020.00000000 
15065.00000000 
12058.00000000 
5083.00000000 
15691.00000000 
56043.00000000 
13101.00000000 
1686.00000000 
11673.00000000 
24987.00000000 
4702.00000000 
31323.00000000 
29292.00000000 
29651.00000000 
2430.00000000 
2566.00000000 
10224.00000000 
13413.00000000 
26142.00000000 
8507.00000000 
9717.00000000 
6769.00000000 
7016.00000000 
49482.00000000 
32945.00000000 
13804.00000000 
20888.00000000 
96328.00000000 
67084.00000000 
12408.00000000 
3326.00000000 
15266.00000000 
15746.00000000 
3137.00000000 
16707.00000000 
8096.00000000 
203.00000000 
147.00000000 
1280.00000000 
10668.00000000 
2598.00000000 
16186.00000000 
20806.00000000 
14916.00000000 
32096.00000000 
642.00000000 
7412.00000000 
6879.00000000 
31429.00000000 
19230.00000000 
64154.00000000 
7421.00000000 
22985.00000000 
12482.00000000 
0.00000000 
100.00000000 
380.00000000 
250.00000000 
1.00000000 
10065.00000000 
138.00000000 
0.00000000 
0.00000000 
1163.00000000 
0.00000000 
1171.00000000 
7069.00000000 
1072.00000000 
0.00000000 
514.00000000 
25366.00000000 
4941.00000000 
4663.00000000 
6840.00000000 
26461.00000000 
24839.00000000 
776.00000000 
2693.00000000 
9347.00000000 
38978.00000000 
20180.00000000 
12526.00000000 
695.00000000 
183.00000000 
940.00000000 
371.00000000 
11340.00000000 
8069.00000000 
1837.00000000 
1588.00000000 
4690.00000000 
3889.00000000 
1752.00000000 
11997.00000000 
9411.00000000 
2429.00000000 
8.00000000 
0.00000000 
0.00000000 
479.00000000 
12783.00000000 
5057.00000000 
10957.00000000 
20319.00000000 
5751.00000000 
16570.00000000 
11897.00000000 
714.00000000 
12674.00000000 
1041.00000000 
9576.00000000 
8196.00000000 
15046.00000000 
300.00000000 
0.00000000 
250.00000000 
10906.00000000 
2760.00000000 
29207.00000000 
500.00000000 
0.00000000 
215.00000000 
2194.00000000 
13371.00000000 
845.00000000 
5191.00000000 
3137.00000000 
60.00000000 
0.00000000 
4018.00000000 
8671.00000000 
6529.00000000 
50.00000000 
472.00000000 
0.00000000 
585.00000000 
4441.00000000 
0.00000000 
0.00000000 
1413.00000000 
3452.00000000 
0.00000000 
0.00000000 
9530.00000000 
1795.00000000 
0.00000000 
1303.00000000 
318.00000000 
196.00000000 
1250.00000000 
3378.00000000 
106.00000000 
1017.00000000 
499.00000000 
0.00000000 
156.00000000 
968.00000000 
11309.00000000 
4060.00000000 
11883.00000000 
2271.00000000 
0.00000000 
250.00000000 
2492.00000000 
19987.00000000 
14340.00000000 
30326.00000000 
7167.00000000 
3097.00000000 
2944.00000000 
7225.00000000 
14105.00000000 
6042.00000000 
606.00000000 
0.00000000 
0.00000000 
4990.00000000 
8175.00000000 
718.00000000 
1580.00000000 
579.00000000 
933.00000000 
5090.00000000 
7839.00000000 
3369.00000000 
1183.00000000 
27888.00000000 
1027.00000000 
21742.00000000 
4681.00000000 
15177.00000000 
10553.00000000 
126.00000000 
68.00000000 
676.00000000 
7856.00000000 
3539.00000000 
6969.00000000 
754.00000000 
111.00000000 
12060.00000000 
0.00000000 
21446.00000000 
3144.00000000 
5649.00000000 
8835.00000000 
12818.00000000 
19433.00000000 
27808.00000000 
910.00000000 
503.00000000 
0.00000000 
0.00000000 
978.00000000 
52169.00000000 
0.00000000 
1893.00000000 
0.00000000 
0.00000000 
16946.00000000 
2094.00000000 
0.00000000 
0.00000000 
2996.00000000 
12279.00000000 
463.00000000 
1406.00000000 
671.00000000 
5521.00000000 
838.00000000 
2479.00000000 
10077.00000000 
1112.00000000 
2400.00000000 
14528.00000000 
1505.00000000 
6246.00000000 
0.00000000 
206.00000000 
1036.00000000 
462.00000000 
6899.00000000 
14223.00000000 
7427.00000000 
2865.00000000 
100.00000000 
435.00000000 
0.00000000 
630.00000000 
385.00000000 
1677.00000000 
20.00000000 
685.00000000 
4923.00000000 
0.00000000 
416.00000000 
5191.00000000 
0.00000000 
212.00000000 
21260.00000000 
14922.00000000 
582.00000000 
438.00000000 
9000.00000000 
11068.00000000 
318.00000000 
25208.00000000 
0.00000000 
7335.00000000 
2440.00000000 
172.00000000 
198.00000000 
7966.00000000 
1265.00000000 
0.00000000 
209.00000000 
976.00000000 
414.00000000 
10020.00000000 
2235.00000000 
7314.00000000 
992.00000000 
19209.00000000 
4340.00000000 
12478.00000000 
5036.00000000 
28245.00000000 
8878.00000000 
64594.00000000 
10.00000000 
1245.00000000 
0.00000000 
0.00000000 
1062.00000000 
1290.00000000 
0.00000000 
6.00000000 
6190.00000000 
13472.00000000 
125.00000000 
1348.00000000 
18849.00000000 
1803.00000000 
22401.00000000 
0.00000000 
912.00000000 
6235.00000000 
371.00000000 
0.00000000 
1116.00000000 
4573.00000000 
1.00000000 
2519.00000000 
5501.00000000 
93414.00000000 
21213.00000000 
15126.00000000 
0.00000000 
31.00000000 
100.00000000 
3154.00000000 
561.00000000 
5569.00000000 
2234.00000000 
0.00000000 
177.00000000 
8690.00000000 
1301.00000000 
14528.00000000 
582.00000000 
531.00000000 
0.00000000 
1758.00000000 
242.00000000 
259.00000000 
247.00000000 
240.00000000 
26448.00000000 
41579.00000000 
3748.00000000 
17433.00000000 
2719.00000000 
9666.00000000 
528.00000000 
8352.00000000 
19507.00000000 
26240.00000000 
12541.00000000 
50463.00000000 
12394.00000000 
27542.00000000 
12458.00000000 
11960.00000000 
21155.00000000 
5774.00000000 
3656.00000000 
26527.00000000 
7543.00000000 
11119.00000000 
22502.00000000 
1134.00000000 
3450.00000000 
2136.00000000 
6332.00000000 
1237.00000000 
6386.00000000 
1007.00000000 
4139.00000000 
1226.00000000 
13379.00000000 
10904.00000000 
11494.00000000 
10710.00000000 
21020.00000000 
48842.00000000 
17259.00000000 
1488.00000000 
9461.00000000 
6121.00000000 
238.00000000 
948.00000000 
6741.00000000 
11803.00000000 
2327.00000000 
15522.00000000 
2047.00000000 
11197.00000000 
2140.00000000 
10284.00000000 
51617.00000000 
33227.00000000 
1671.00000000 
4444.00000000 
573.00000000 
0.00000000 
1248.00000000 
555.00000000 
0.00000000 
0.00000000 
0.00000000 
1511.00000000 
2335.00000000 
4353.00000000 
5575.00000000 
1001.00000000 
210.00000000 
3.00000000 
824.00000000 
3144.00000000 
14335.00000000 
14985.00000000 
921.00000000 
34640.00000000 
17835.00000000 
206.00000000 
0.00000000 
1970.00000000 
574.00000000 
2603.00000000 
136.00000000 
556.00000000 
269.00000000 
7606.00000000 
0.00000000 
107.00000000 
1098.00000000 
6866.00000000 
499.00000000 
2535.00000000 
2769.00000000 
1483.00000000 
0.00000000 
28805.00000000 
4970.00000000 
329.00000000 
2140.00000000 
26157.00000000 
14204.00000000 
2232.00000000 
21907.00000000 
6205.00000000 
153.00000000 
4374.00000000 
55.00000000 
2135.00000000 
6974.00000000 
18326.00000000 
3163.00000000 
5850.00000000 
5283.00000000 
2121.00000000 
1649.00000000 
11521.00000000 
7820.00000000 
4226.00000000 
5903.00000000 
387.00000000 
10923.00000000 
3918.00000000 
14229.00000000 
22680.00000000 
6963.00000000 
19495.00000000 
5358.00000000 
693.00000000 
1248.00000000 
16283.00000000 
14823.00000000 
1299.00000000 
1825.00000000 
886.00000000 
1345.00000000 
289.00000000 
2923.00000000 
7031.00000000 
10115.00000000 
4269.00000000 
35056.00000000 
22842.00000000 
37100.00000000 
278020.00000000 
15065.00000000 
12058.00000000 
5083.00000000 
15691.00000000 
56043.00000000 
13101.00000000 
1686.00000000 
11673.00000000 
24987.00000000 
4702.00000000 
31323.00000000 
29292.00000000 
29651.00000000 
2430.00000000 
2566.00000000 
10224.00000000 
13413.00000000 
26142.00000000 
8507.00000000 
9717.00000000 
6769.00000000 
7016.00000000 
49482.00000000 
32945.00000000 
13804.00000000 
20888.00000000 
96328.00000000 
67084.00000000 
12408.00000000 
3326.00000000 
15266.00000000 
15746.00000000 
3137.00000000 
16707.00000000 
8096.00000000 
203.00000000 
147.00000000 
1280.00000000 
10668.00000000 
2598.00000000 
16186.00000000 
20806.00000000 
14916.00000000 
32096.00000000 
642.00000000 
7412.00000000 
6879.00000000 
31429.00000000 
19230.00000000 
64154.00000000 
7421.00000000 
22985.00000000 
12482.00000000 
0.00000000 
100.00000000 
380.00000000 
250.00000000 
1.00000000 
10065.00000000 
138.00000000 
0.00000000 
0.00000000 
1163.00000000 
0.00000000 
1171.00000000 
7069.00000000 
1072.00000000 
0.00000000 
514.00000000 
25366.00000000 
4941.00000000 
4663.00000000 
6840.00000000 
26461.00000000 
24839.00000000 
776.00000000 
2693.00000000 
9347.00000000 
38978.00000000 
20180.00000000 
12526.00000000 
695.00000000 
183.00000000 
940.00000000 
371.00000000 
11340.00000000 
8069.00000000 
1837.00000000 
1588.00000000 
4690.00000000 
3889.00000000 
1752.00000000 
11997.00000000 
9411.00000000 
2429.00000000 
8.00000000 
0.00000000 
0.00000000 
479.00000000 
12783.00000000 
5057.00000000 
10957.00000000 
20319.00000000 
5751.00000000 
16570.00000000 
11897.00000000 
714.00000000 
12674.00000000 
1041.00000000 
9576.00000000 
8196.00000000 
15046.00000000 
300.00000000 
0.00000000 
250.00000000 
10906.00000000 
2760.00000000 
29207.00000000 
500.00000000 
0.00000000 
215.00000000 
2194.00000000 
13371.00000000 
845.00000000 
5191.00000000 
3137.00000000 
60.00000000 
0.00000000 
4018.00000000 
8671.00000000 
6529.00000000 
50.00000000 
472.00000000 
0.00000000 
585.00000000 
4441.00000000 
0.00000000 
0.00000000 
1413.00000000 
3452.00000000 
0.00000000 
0.00000000 
9530.00000000 
1795.00000000 
0.00000000 
1303.00000000 
318.00000000 
196.00000000 
1250.00000000 
3378.00000000 
106.00000000 
1017.00000000 
499.00000000 
0.00000000 
156.00000000 
968.00000000 
11309.00000000 
4060.00000000 
11883.00000000 
2271.00000000 
0.00000000 
250.00000000 
2492.00000000 
19987.00000000 
14340.00000000 
30326.00000000 
7167.00000000 
3097.00000000 
2944.00000000 
7225.00000000 
14105.00000000 
6042.00000000 
606.00000000 
0.00000000 
0.00000000 
4990.00000000 
8175.00000000 
718.00000000 
1580.00000000 
579.00000000 
933.00000000 
5090.00000000 
7839.00000000 
3369.00000000 
1183.00000000 
27888.00000000 
1027.00000000 
21742.00000000 
4681.00000000 
15177.00000000 
10553.00000000 
126.00000000 
68.00000000 
676.00000000 
7856.00000000 
3539.00000000 
6969.00000000 
754.00000000 
111.00000000 
12060.00000000 
0.00000000 
21446.00000000 
3144.00000000 
5649.00000000 
8835.00000000 
12818.00000000 
19433.00000000 
27808.00000000 
910.00000000 
503.00000000 
0.00000000 
0.00000000 
978.00000000 
52169.00000000 
0.00000000 
1893.00000000 
0.00000000 
0.00000000 
16946.00000000 
2094.00000000 
0.00000000 
0.00000000 
2996.00000000 
12279.00000000 
463.00000000 
1406.00000000 
671.00000000 
5521.00000000 
838.00000000 
2479.00000000 
10077.00000000 
1112.00000000 
2400.00000000 
14528.00000000 
1505.00000000 
6246.00000000 
0.00000000 
206.00000000 
1036.00000000 
462.00000000 
6899.00000000 
14223.00000000 
7427.00000000 
2865.00000000 
100.00000000 
435.00000000 
0.00000000 
630.00000000 
385.00000000 
1677.00000000 
20.00000000 
685.00000000 
4923.00000000 
0.00000000 
416.00000000 
5191.00000000 
0.00000000 
212.00000000 
21260.00000000 
14922.00000000 
582.00000000 
438.00000000 
9000.00000000 
11068.00000000 
318.00000000 
25208.00000000 
0.00000000 
7335.00000000 
2440.00000000 
172.00000000 
198.00000000 
7966.00000000 
1265.00000000 
0.00000000 
209.00000000 
976.00000000 
414.00000000 
10020.00000000 
2235.00000000 
7314.00000000 
992.00000000 
19209.00000000 
4340.00000000 
12478.00000000 
5036.00000000 
28245.00000000 
8878.00000000 
64594.00000000 
10.00000000 
1245.00000000 
0.00000000 
0.00000000 
1062.00000000 
1290.00000000 
0.00000000 
6.00000000 
6190.00000000 
13472.00000000 
125.00000000 
1348.00000000 
18849.00000000 
1803.00000000 
22401.00000000 
0.00000000 
912.00000000 
6235.00000000 
371.00000000 
0.00000000 
1116.00000000 
4573.00000000 
1.00000000 
2519.00000000 
5501.00000000 
93414.00000000 
21213.00000000 
15126.00000000 
0.00000000 
31.00000000 
100.00000000 
3154.00000000 
561.00000000 
5569.00000000 
2234.00000000 
0.00000000 
177.00000000 
8690.00000000 
1301.00000000 
14528.00000000 
582.00000000 
531.00000000 
0.00000000 
1758.00000000 
242.00000000 
259.00000000 
247.00000000 
240.00000000 
