0.00002599 
0.00002618 
0.00002618 
0.00002618 
0.00002599 
0.00002620 
0.00002620 
0.00002629 
0.00002642 
0.00002641 
0.00002641 
0.00002657 
0.00002641 
0.00002610 
0.00002615 
0.00002615 
0.00002664 
0.00002636 
0.00002665 
0.00002646 
0.00002650 
0.00002655 
0.00002644 
0.00002644 
0.00002632 
0.00002630 
0.00002640 
0.00002634 
0.00002606 
0.00002599 
0.00002610 
0.00002598 
0.00002606 
0.00002612 
0.00002586 
0.00002630 
0.00002603 
0.00002578 
0.00002573 
0.00002598 
0.00002588 
0.00002557 
0.00002572 
0.00002592 
0.00002600 
0.00002628 
0.00002640 
0.00002648 
0.00002600 
0.00002601 
0.00002569 
0.00002544 
0.00002544 
0.00002525 
0.00002544 
0.00002543 
0.00002544 
0.00002519 
0.00002533 
0.00002489 
0.00002487 
0.00002473 
0.00002495 
0.00002473 
0.00002495 
0.00002481 
0.00002461 
0.00002461 
0.00002472 
0.00002476 
0.00002480 
0.00002490 
0.00002492 
0.00002466 
0.00002450 
0.00002474 
0.00002445 
0.00002447 
0.00002447 
0.00002451 
0.00002445 
0.00002460 
0.00002470 
0.00002470 
0.00002471 
0.00002468 
0.00002462 
0.00002475 
0.00002500 
0.00002500 
0.00002500 
0.00002501 
0.00002526 
0.00002507 
0.00002539 
0.00002497 
0.00002482 
0.00002475 
0.00002510 
0.00002485 
0.00002497 
0.00002540 
0.00002556 
0.00002567 
0.00002523 
0.00002515 
0.00002520 
0.00002528 
0.00002530 
0.00002531 
0.00002496 
0.00002495 
0.00002494 
0.00002478 
0.00002457 
0.00002442 
0.00002434 
0.00002443 
0.00002461 
0.00002459 
0.00002458 
0.00002450 
0.00002429 
0.00002422 
0.00002430 
0.00002426 
0.00002420 
0.00002417 
0.00002407 
0.00002393 
0.00002393 
0.00002397 
0.00002386 
0.00002376 
0.00002376 
0.00002380 
0.00002380 
0.00002355 
0.00002371 
0.00002389 
0.00002367 
0.00002382 
0.00002365 
0.00002379 
0.00002385 
0.00002383 
0.00002395 
0.00002382 
0.00002397 
0.00002404 
0.00002382 
0.00002380 
0.00002381 
0.00002382 
0.00002378 
0.00002376 
0.00002361 
0.00002372 
0.00002372 
0.00002373 
0.00002360 
0.00002377 
0.00002378 
0.00002377 
0.00002348 
0.00002348 
0.00002372 
0.00002358 
0.00002358 
0.00002356 
0.00002360 
0.00002344 
0.00002344 
0.00002344 
0.00002342 
0.00002339 
0.00002339 
0.00002339 
0.00002330 
0.00002327 
0.00002323 
0.00002342 
0.00002344 
0.00002345 
0.00002342 
0.00002326 
0.00002317 
0.00002319 
0.00002324 
0.00002328 
0.00002325 
0.00002335 
0.00002333 
0.00002341 
0.00002338 
0.00002341 
0.00002346 
0.00002346 
0.00002343 
0.00002340 
0.00002339 
0.00002341 
0.00002341 
0.00002346 
0.00002340 
0.00002337 
0.00002358 
0.00002351 
0.00002352 
0.00002355 
0.00002378 
0.00002377 
0.00002377 
0.00002364 
0.00002363 
0.00002371 
0.00002372 
0.00002372 
0.00002395 
0.00002390 
0.00002390 
0.00002390 
0.00002389 
0.00002371 
0.00002383 
0.00002370 
0.00002364 
0.00002364 
0.00002361 
0.00002358 
0.00002359 
0.00002358 
0.00002338 
0.00002363 
0.00002340 
0.00002379 
0.00002367 
0.00002364 
0.00002348 
0.00002287 
0.00002343 
0.00002371 
0.00002333 
0.00002348 
0.00002348 
0.00002296 
0.00002270 
0.00002270 
0.00002282 
0.00002269 
0.00002289 
0.00002256 
0.00002258 
0.00002250 
0.00002250 
0.00002243 
0.00002243 
0.00002243 
0.00002235 
0.00002244 
0.00002244 
0.00002244 
0.00002231 
0.00002245 
0.00002245 
0.00002242 
0.00002243 
0.00002242 
0.00002242 
0.00002242 
0.00002242 
0.00002243 
0.00002243 
0.00002244 
0.00002259 
0.00002244 
0.00002243 
0.00002242 
0.00002242 
0.00002242 
0.00002248 
0.00002267 
0.00002248 
0.00002246 
0.00002257 
0.00002259 
0.00002256 
0.00002244 
0.00002253 
0.00002254 
0.00002251 
0.00002283 
0.00002284 
0.00002300 
0.00002315 
0.00002315 
0.00002321 
0.00002331 
0.00002338 
0.00002349 
0.00002366 
0.00002340 
0.00002337 
0.00002365 
0.00002365 
0.00002365 
0.00002366 
0.00002366 
0.00002367 
0.00002369 
0.00002365 
0.00002373 
0.00002373 
0.00002389 
0.00002386 
0.00002395 
0.00002379 
0.00002367 
0.00002367 
0.00002365 
0.00002351 
0.00002353 
0.00002344 
0.00002341 
0.00002340 
0.00002360 
0.00002344 
0.00002340 
0.00002337 
0.00002335 
0.00002315 
0.00002315 
0.00002315 
0.00002317 
0.00002336 
0.00002320 
0.00002320 
0.00002315 
0.00002305 
0.00002320 
0.00002319 
0.00002319 
0.00002344 
0.00002330 
0.00002333 
0.00002353 
0.00002346 
0.00002329 
0.00002347 
0.00002345 
0.00002366 
0.00002345 
0.00002345 
0.00002368 
0.00002367 
0.00002369 
0.00002355 
0.00002345 
0.00002346 
0.00002362 
0.00002390 
0.00002402 
0.00002420 
0.00002423 
0.00002426 
0.00002460 
0.00002473 
0.00002493 
0.00002496 
0.00002503 
0.00002503 
0.00002524 
0.00002524 
0.00002527 
0.00002530 
0.00002601 
0.00002595 
0.00002602 
0.00002587 
0.00002597 
0.00002603 
0.00002578 
0.00002594 
0.00002578 
0.00002589 
0.00002606 
0.00002611 
0.00002637 
0.00002661 
0.00002644 
0.00002644 
0.00002651 
0.00002670 
0.00002655 
0.00002661 
0.00002676 
0.00002677 
0.00002679 
0.00002679 
0.00002686 
0.00002730 
0.00002738 
0.00002729 
0.00002705 
0.00002737 
0.00002783 
0.00002781 
0.00002768 
0.00002768 
0.00002767 
0.00002756 
0.00002724 
0.00002744 
0.00002775 
0.00002695 
0.00002672 
0.00002668 
0.00002656 
0.00002647 
0.00002616 
0.00002616 
0.00002597 
0.00002608 
0.00002609 
0.00002618 
0.00002618 
0.00002617 
0.00002629 
0.00002644 
0.00002645 
0.00002641 
0.00002630 
0.00002650 
0.00002665 
0.00002651 
0.00002666 
0.00002666 
0.00002652 
0.00002673 
0.00002643 
0.00002673 
0.00002669 
0.00002703 
0.00002729 
0.00002739 
0.00002703 
0.00002698 
0.00002687 
0.00002700 
0.00002671 
0.00002735 
0.00002697 
0.00002663 
0.00002691 
0.00002622 
0.00002648 
0.00002706 
0.00002732 
0.00002672 
0.00002624 
0.00002640 
0.00002629 
0.00002640 
0.00002629 
0.00002640 
0.00002644 
0.00002644 
0.00002626 
0.00002633 
0.00002626 
0.00002646 
0.00002630 
0.00002646 
0.00002670 
0.00002664 
0.00002676 
0.00002687 
0.00002744 
0.00002689 
0.00002695 
0.00002599 
0.00002618 
0.00002618 
0.00002618 
0.00002599 
0.00002620 
0.00002620 
0.00002629 
0.00002642 
0.00002641 
0.00002641 
0.00002657 
0.00002641 
0.00002610 
0.00002615 
0.00002615 
0.00002664 
0.00002636 
0.00002665 
0.00002646 
0.00002650 
0.00002655 
0.00002644 
0.00002644 
0.00002632 
0.00002630 
0.00002640 
0.00002634 
0.00002606 
0.00002599 
0.00002610 
0.00002598 
0.00002606 
0.00002612 
0.00002586 
0.00002630 
0.00002603 
0.00002578 
0.00002573 
0.00002598 
0.00002588 
0.00002557 
0.00002572 
0.00002592 
0.00002600 
0.00002628 
0.00002640 
0.00002648 
0.00002600 
0.00002601 
0.00002569 
0.00002544 
0.00002544 
0.00002525 
0.00002544 
0.00002543 
0.00002544 
0.00002519 
0.00002533 
0.00002489 
0.00002487 
0.00002473 
0.00002495 
0.00002473 
0.00002495 
0.00002481 
0.00002461 
0.00002461 
0.00002472 
0.00002476 
0.00002480 
0.00002490 
0.00002492 
0.00002466 
0.00002450 
0.00002474 
0.00002445 
0.00002447 
0.00002447 
0.00002451 
0.00002445 
0.00002460 
0.00002470 
0.00002470 
0.00002471 
0.00002468 
0.00002462 
0.00002475 
0.00002500 
0.00002500 
0.00002500 
0.00002501 
0.00002526 
0.00002507 
0.00002539 
0.00002497 
0.00002482 
0.00002475 
0.00002510 
0.00002485 
0.00002497 
0.00002540 
0.00002556 
0.00002567 
0.00002523 
0.00002515 
0.00002520 
0.00002528 
0.00002530 
0.00002531 
0.00002496 
0.00002495 
0.00002494 
0.00002478 
0.00002457 
0.00002442 
0.00002434 
0.00002443 
0.00002461 
0.00002459 
0.00002458 
0.00002450 
0.00002429 
0.00002422 
0.00002430 
0.00002426 
0.00002420 
0.00002417 
0.00002407 
0.00002393 
0.00002393 
0.00002397 
0.00002386 
0.00002376 
0.00002376 
0.00002380 
0.00002380 
0.00002355 
0.00002371 
0.00002389 
0.00002367 
0.00002382 
0.00002365 
0.00002379 
0.00002385 
0.00002383 
0.00002395 
0.00002382 
0.00002397 
0.00002404 
0.00002382 
0.00002380 
0.00002381 
0.00002382 
0.00002378 
0.00002376 
0.00002361 
0.00002372 
0.00002372 
0.00002373 
0.00002360 
0.00002377 
0.00002378 
0.00002377 
0.00002348 
0.00002348 
0.00002372 
0.00002358 
0.00002358 
0.00002356 
0.00002360 
0.00002344 
0.00002344 
0.00002344 
0.00002342 
0.00002339 
0.00002339 
0.00002339 
0.00002330 
0.00002327 
0.00002323 
0.00002342 
0.00002344 
0.00002345 
0.00002342 
0.00002326 
0.00002317 
0.00002319 
0.00002324 
0.00002328 
0.00002325 
0.00002335 
0.00002333 
0.00002341 
0.00002338 
0.00002341 
0.00002346 
0.00002346 
0.00002343 
0.00002340 
0.00002339 
0.00002341 
0.00002341 
0.00002346 
0.00002340 
0.00002337 
0.00002358 
0.00002351 
0.00002352 
0.00002355 
0.00002378 
0.00002377 
0.00002377 
0.00002364 
0.00002363 
0.00002371 
0.00002372 
0.00002372 
0.00002395 
0.00002390 
0.00002390 
0.00002390 
0.00002389 
0.00002371 
0.00002383 
0.00002370 
0.00002364 
0.00002364 
0.00002361 
0.00002358 
0.00002359 
0.00002358 
0.00002338 
0.00002363 
0.00002340 
0.00002379 
0.00002367 
0.00002364 
0.00002348 
0.00002287 
0.00002343 
0.00002371 
0.00002333 
0.00002348 
0.00002348 
0.00002296 
0.00002270 
0.00002270 
0.00002282 
0.00002269 
0.00002289 
0.00002256 
0.00002258 
0.00002250 
0.00002250 
0.00002243 
0.00002243 
0.00002243 
0.00002235 
0.00002244 
0.00002244 
0.00002244 
0.00002231 
0.00002245 
0.00002245 
0.00002242 
0.00002243 
0.00002242 
0.00002242 
0.00002242 
0.00002242 
0.00002243 
0.00002243 
0.00002244 
0.00002259 
0.00002244 
0.00002243 
0.00002242 
0.00002242 
0.00002242 
0.00002248 
0.00002267 
0.00002248 
0.00002246 
0.00002257 
0.00002259 
0.00002256 
0.00002244 
0.00002253 
0.00002254 
0.00002251 
0.00002283 
0.00002284 
0.00002300 
0.00002315 
0.00002315 
0.00002321 
0.00002331 
0.00002338 
0.00002349 
0.00002366 
0.00002340 
0.00002337 
0.00002365 
0.00002365 
0.00002365 
0.00002366 
0.00002366 
0.00002367 
0.00002369 
0.00002365 
0.00002373 
0.00002373 
0.00002389 
0.00002386 
0.00002395 
0.00002379 
0.00002367 
0.00002367 
0.00002365 
0.00002351 
0.00002353 
0.00002344 
0.00002341 
0.00002340 
0.00002360 
0.00002344 
0.00002340 
0.00002337 
0.00002335 
0.00002315 
0.00002315 
0.00002315 
0.00002317 
0.00002336 
0.00002320 
0.00002320 
0.00002315 
0.00002305 
0.00002320 
0.00002319 
0.00002319 
0.00002344 
0.00002330 
0.00002333 
0.00002353 
0.00002346 
0.00002329 
0.00002347 
0.00002345 
0.00002366 
0.00002345 
0.00002345 
0.00002368 
0.00002367 
0.00002369 
0.00002355 
0.00002345 
0.00002346 
0.00002362 
0.00002390 
0.00002402 
0.00002420 
0.00002423 
0.00002426 
0.00002460 
0.00002473 
0.00002493 
0.00002496 
0.00002503 
0.00002503 
0.00002524 
0.00002524 
0.00002527 
0.00002530 
0.00002601 
0.00002595 
0.00002602 
0.00002587 
0.00002597 
0.00002603 
0.00002578 
0.00002594 
0.00002578 
0.00002589 
0.00002606 
0.00002611 
0.00002637 
0.00002661 
0.00002644 
0.00002644 
0.00002651 
0.00002670 
0.00002655 
0.00002661 
0.00002676 
0.00002677 
0.00002679 
0.00002679 
0.00002686 
0.00002730 
0.00002738 
0.00002729 
0.00002705 
0.00002737 
0.00002783 
0.00002781 
0.00002768 
0.00002768 
0.00002767 
0.00002756 
0.00002724 
0.00002744 
0.00002775 
0.00002695 
0.00002672 
0.00002668 
0.00002656 
0.00002647 
0.00002616 
0.00002616 
0.00002597 
0.00002608 
0.00002609 
0.00002618 
0.00002618 
0.00002617 
0.00002629 
0.00002644 
0.00002645 
0.00002641 
0.00002630 
0.00002650 
0.00002665 
0.00002651 
0.00002666 
0.00002666 
0.00002652 
0.00002673 
0.00002643 
0.00002673 
0.00002669 
0.00002703 
0.00002729 
0.00002739 
0.00002703 
0.00002698 
0.00002687 
0.00002700 
0.00002671 
0.00002735 
0.00002697 
0.00002663 
0.00002691 
0.00002622 
0.00002648 
0.00002706 
0.00002732 
0.00002672 
0.00002624 
0.00002640 
0.00002629 
0.00002640 
0.00002629 
0.00002640 
0.00002644 
0.00002644 
0.00002626 
0.00002633 
0.00002626 
0.00002646 
0.00002630 
0.00002646 
0.00002670 
0.00002664 
0.00002676 
0.00002687 
0.00002744 
0.00002689 
0.00002695 
0.00002599 
0.00002618 
0.00002618 
0.00002618 
0.00002599 
0.00002620 
0.00002620 
0.00002629 
0.00002642 
0.00002641 
0.00002641 
0.00002657 
0.00002641 
0.00002610 
0.00002615 
0.00002615 
0.00002664 
0.00002636 
0.00002665 
0.00002646 
0.00002650 
0.00002655 
0.00002644 
0.00002644 
0.00002632 
0.00002630 
0.00002640 
0.00002634 
0.00002606 
0.00002599 
0.00002610 
0.00002598 
0.00002606 
0.00002612 
0.00002586 
0.00002630 
0.00002603 
0.00002578 
0.00002573 
0.00002598 
0.00002588 
0.00002557 
0.00002572 
0.00002592 
0.00002600 
0.00002628 
0.00002640 
0.00002648 
0.00002600 
0.00002601 
0.00002569 
0.00002544 
0.00002544 
0.00002525 
0.00002544 
0.00002543 
0.00002544 
0.00002519 
0.00002533 
0.00002489 
0.00002487 
0.00002473 
0.00002495 
0.00002473 
0.00002495 
0.00002481 
0.00002461 
0.00002461 
0.00002472 
0.00002476 
0.00002480 
0.00002490 
0.00002492 
0.00002466 
0.00002450 
0.00002474 
0.00002445 
0.00002447 
0.00002447 
0.00002451 
0.00002445 
0.00002460 
0.00002470 
0.00002470 
0.00002471 
0.00002468 
0.00002462 
0.00002475 
0.00002500 
0.00002500 
0.00002500 
0.00002501 
0.00002526 
0.00002507 
0.00002539 
0.00002497 
0.00002482 
0.00002475 
0.00002510 
0.00002485 
0.00002497 
0.00002540 
0.00002556 
0.00002567 
0.00002523 
0.00002515 
0.00002520 
0.00002528 
0.00002530 
0.00002531 
0.00002496 
0.00002495 
0.00002494 
0.00002478 
0.00002457 
0.00002442 
0.00002434 
0.00002443 
0.00002461 
0.00002459 
0.00002458 
0.00002450 
0.00002429 
0.00002422 
0.00002430 
0.00002426 
0.00002420 
0.00002417 
0.00002407 
0.00002393 
0.00002393 
0.00002397 
0.00002386 
0.00002376 
0.00002376 
0.00002380 
0.00002380 
0.00002355 
0.00002371 
0.00002389 
0.00002367 
0.00002382 
0.00002365 
0.00002379 
0.00002385 
0.00002383 
0.00002395 
0.00002382 
0.00002397 
0.00002404 
0.00002382 
0.00002380 
0.00002381 
0.00002382 
0.00002378 
0.00002376 
0.00002361 
0.00002372 
0.00002372 
0.00002373 
0.00002360 
0.00002377 
0.00002378 
0.00002377 
0.00002348 
0.00002348 
0.00002372 
0.00002358 
0.00002358 
0.00002356 
0.00002360 
0.00002344 
0.00002344 
0.00002344 
0.00002342 
0.00002339 
0.00002339 
0.00002339 
0.00002330 
0.00002327 
0.00002323 
0.00002342 
0.00002344 
0.00002345 
0.00002342 
0.00002326 
0.00002317 
0.00002319 
0.00002324 
0.00002328 
0.00002325 
0.00002335 
0.00002333 
0.00002341 
0.00002338 
0.00002341 
0.00002346 
0.00002346 
0.00002343 
0.00002340 
0.00002339 
0.00002341 
0.00002341 
0.00002346 
0.00002340 
0.00002337 
0.00002358 
0.00002351 
0.00002352 
0.00002355 
0.00002378 
0.00002377 
0.00002377 
0.00002364 
0.00002363 
0.00002371 
0.00002372 
0.00002372 
0.00002395 
0.00002390 
0.00002390 
0.00002390 
0.00002389 
0.00002371 
0.00002383 
0.00002370 
0.00002364 
0.00002364 
0.00002361 
0.00002358 
0.00002359 
0.00002358 
0.00002338 
0.00002363 
0.00002340 
0.00002379 
0.00002367 
0.00002364 
0.00002348 
0.00002287 
0.00002343 
0.00002371 
0.00002333 
0.00002348 
0.00002348 
0.00002296 
0.00002270 
0.00002270 
0.00002282 
0.00002269 
0.00002289 
0.00002256 
0.00002258 
0.00002250 
0.00002250 
0.00002243 
0.00002243 
0.00002243 
0.00002235 
0.00002244 
0.00002244 
0.00002244 
0.00002231 
0.00002245 
0.00002245 
0.00002242 
0.00002243 
0.00002242 
0.00002242 
0.00002242 
0.00002242 
0.00002243 
0.00002243 
0.00002244 
0.00002259 
0.00002244 
0.00002243 
0.00002242 
0.00002242 
0.00002242 
0.00002248 
0.00002267 
0.00002248 
0.00002246 
0.00002257 
0.00002259 
0.00002256 
0.00002244 
0.00002253 
0.00002254 
0.00002251 
0.00002283 
0.00002284 
0.00002300 
0.00002315 
0.00002315 
0.00002321 
0.00002331 
0.00002338 
0.00002349 
0.00002366 
0.00002340 
0.00002337 
0.00002365 
0.00002365 
0.00002365 
0.00002366 
0.00002366 
0.00002367 
0.00002369 
0.00002365 
0.00002373 
0.00002373 
0.00002389 
0.00002386 
0.00002395 
0.00002379 
0.00002367 
0.00002367 
0.00002365 
0.00002351 
0.00002353 
0.00002344 
0.00002341 
0.00002340 
0.00002360 
0.00002344 
0.00002340 
0.00002337 
0.00002335 
0.00002315 
0.00002315 
0.00002315 
0.00002317 
0.00002336 
0.00002320 
0.00002320 
0.00002315 
0.00002305 
0.00002320 
0.00002319 
0.00002319 
0.00002344 
0.00002330 
0.00002333 
0.00002353 
0.00002346 
0.00002329 
0.00002347 
0.00002345 
0.00002366 
0.00002345 
0.00002345 
0.00002368 
0.00002367 
0.00002369 
0.00002355 
0.00002345 
0.00002346 
0.00002362 
0.00002390 
0.00002402 
0.00002420 
0.00002423 
0.00002426 
0.00002460 
0.00002473 
0.00002493 
0.00002496 
0.00002503 
0.00002503 
0.00002524 
0.00002524 
0.00002527 
0.00002530 
0.00002601 
0.00002595 
0.00002602 
0.00002587 
0.00002597 
0.00002603 
0.00002578 
0.00002594 
0.00002578 
0.00002589 
0.00002606 
0.00002611 
0.00002637 
0.00002661 
0.00002644 
0.00002644 
0.00002651 
0.00002670 
0.00002655 
0.00002661 
0.00002676 
0.00002677 
0.00002679 
0.00002679 
0.00002686 
0.00002730 
0.00002738 
0.00002729 
0.00002705 
0.00002737 
0.00002783 
0.00002781 
0.00002768 
0.00002768 
0.00002767 
0.00002756 
0.00002724 
0.00002744 
0.00002775 
0.00002695 
0.00002672 
0.00002668 
0.00002656 
0.00002647 
0.00002616 
0.00002616 
0.00002597 
0.00002608 
0.00002609 
0.00002618 
0.00002618 
0.00002617 
0.00002629 
0.00002644 
0.00002645 
0.00002641 
0.00002630 
0.00002650 
0.00002665 
0.00002651 
0.00002666 
0.00002666 
0.00002652 
0.00002673 
0.00002643 
0.00002673 
0.00002669 
0.00002703 
0.00002729 
0.00002739 
0.00002703 
0.00002698 
0.00002687 
0.00002700 
0.00002671 
0.00002735 
0.00002697 
0.00002663 
0.00002691 
0.00002622 
0.00002648 
0.00002706 
0.00002732 
0.00002672 
0.00002624 
0.00002640 
0.00002629 
0.00002640 
0.00002629 
0.00002640 
0.00002644 
0.00002644 
0.00002626 
0.00002633 
0.00002626 
0.00002646 
0.00002630 
0.00002646 
0.00002670 
0.00002664 
0.00002676 
0.00002687 
0.00002744 
0.00002689 
0.00002695 
