5904.00000000 
1219.00000000 
304.00000000 
4745.00000000 
315.00000000 
4168.00000000 
6676.00000000 
4159.00000000 
3455.00000000 
9588.00000000 
2773.00000000 
869.00000000 
5795.00000000 
3315.00000000 
0.00000000 
50.00000000 
6294.00000000 
9765.00000000 
2096.00000000 
538.00000000 
4046.00000000 
2894.00000000 
5907.00000000 
16027.00000000 
1469.00000000 
746.00000000 
23100.00000000 
14315.00000000 
12265.00000000 
3685.00000000 
93.00000000 
50350.00000000 
89323.00000000 
10975.00000000 
29925.00000000 
80614.00000000 
4288.00000000 
22618.00000000 
30084.00000000 
2102.00000000 
11175.00000000 
12221.00000000 
27592.00000000 
13448.00000000 
81280.00000000 
42586.00000000 
7878.00000000 
5262.00000000 
13447.00000000 
3738.00000000 
9315.00000000 
13313.00000000 
1907.00000000 
0.00000000 
313.00000000 
580.00000000 
4082.00000000 
344.00000000 
3156.00000000 
53975.00000000 
799.00000000 
594.00000000 
1974.00000000 
569.00000000 
829.00000000 
2028.00000000 
3913.00000000 
2139.00000000 
1804.00000000 
3051.00000000 
1780.00000000 
1322.00000000 
4707.00000000 
5335.00000000 
0.00000000 
21232.00000000 
1183.00000000 
275.00000000 
612.00000000 
2439.00000000 
7074.00000000 
28392.00000000 
5615.00000000 
624.00000000 
34042.00000000 
8278.00000000 
1501.00000000 
6516.00000000 
12713.00000000 
430.00000000 
2471.00000000 
8305.00000000 
11403.00000000 
6354.00000000 
587.00000000 
7269.00000000 
2737.00000000 
2062.00000000 
33664.00000000 
11752.00000000 
59200.00000000 
29364.00000000 
3676.00000000 
2077.00000000 
14150.00000000 
400.00000000 
1785.00000000 
146.00000000 
232.00000000 
1965.00000000 
19292.00000000 
2694.00000000 
3501.00000000 
1773.00000000 
6363.00000000 
5079.00000000 
442.00000000 
4869.00000000 
5279.00000000 
4751.00000000 
25547.00000000 
3885.00000000 
2996.00000000 
7155.00000000 
5213.00000000 
829.00000000 
2308.00000000 
11219.00000000 
1450.00000000 
27551.00000000 
0.00000000 
28755.00000000 
5836.00000000 
2559.00000000 
0.00000000 
1404.00000000 
420.00000000 
5951.00000000 
48.00000000 
3657.00000000 
733.00000000 
150.00000000 
5945.00000000 
5580.00000000 
3410.00000000 
1062.00000000 
3012.00000000 
435.00000000 
11215.00000000 
19983.00000000 
13080.00000000 
3568.00000000 
2633.00000000 
812.00000000 
733.00000000 
435.00000000 
809.00000000 
0.00000000 
142.00000000 
0.00000000 
6725.00000000 
0.00000000 
1216.00000000 
1596.00000000 
0.00000000 
46.00000000 
8560.00000000 
3926.00000000 
1581.00000000 
745.00000000 
5167.00000000 
1088.00000000 
590.00000000 
1320.00000000 
99.00000000 
0.00000000 
0.00000000 
4.00000000 
11372.00000000 
1924.00000000 
14107.00000000 
2407.00000000 
2500.00000000 
704.00000000 
0.00000000 
1224.00000000 
2030.00000000 
5226.00000000 
23689.00000000 
1211.00000000 
275.00000000 
5738.00000000 
1040.00000000 
978.00000000 
591.00000000 
1386.00000000 
0.00000000 
0.00000000 
878.00000000 
240.00000000 
267.00000000 
290.00000000 
4439.00000000 
11353.00000000 
2666.00000000 
5870.00000000 
100.00000000 
597.00000000 
1160.00000000 
1211.00000000 
2352.00000000 
0.00000000 
643.00000000 
998.00000000 
0.00000000 
578.00000000 
6191.00000000 
100.00000000 
0.00000000 
2510.00000000 
404.00000000 
313.00000000 
855.00000000 
1561.00000000 
2000.00000000 
0.00000000 
455.00000000 
0.00000000 
956.00000000 
4720.00000000 
227.00000000 
446.00000000 
16663.00000000 
165.00000000 
1404.00000000 
5592.00000000 
158.00000000 
8339.00000000 
2810.00000000 
12379.00000000 
36356.00000000 
1503.00000000 
6887.00000000 
11497.00000000 
9892.00000000 
36188.00000000 
12859.00000000 
147.00000000 
166.00000000 
17729.00000000 
17081.00000000 
37763.00000000 
500.00000000 
2661.00000000 
2188.00000000 
10652.00000000 
0.00000000 
8220.00000000 
100.00000000 
12593.00000000 
699.00000000 
780.00000000 
4784.00000000 
14676.00000000 
1299.00000000 
19153.00000000 
1203.00000000 
4015.00000000 
922.00000000 
1190.00000000 
11157.00000000 
7169.00000000 
10301.00000000 
614.00000000 
892.00000000 
0.00000000 
4381.00000000 
3347.00000000 
2061.00000000 
4960.00000000 
8993.00000000 
6823.00000000 
3056.00000000 
34516.00000000 
14253.00000000 
15756.00000000 
11604.00000000 
7251.00000000 
8836.00000000 
21279.00000000 
10882.00000000 
18280.00000000 
6789.00000000 
4072.00000000 
9843.00000000 
5833.00000000 
16783.00000000 
1570.00000000 
2215.00000000 
1668.00000000 
0.00000000 
5003.00000000 
20904.00000000 
1684.00000000 
1803.00000000 
13861.00000000 
2363.00000000 
58573.00000000 
10031.00000000 
0.00000000 
4898.00000000 
1528.00000000 
179.00000000 
9082.00000000 
3154.00000000 
10959.00000000 
8308.00000000 
7364.00000000 
305.00000000 
34903.00000000 
10347.00000000 
1194.00000000 
1096.00000000 
194.00000000 
1169.00000000 
1833.00000000 
1508.00000000 
5261.00000000 
7588.00000000 
6707.00000000 
17593.00000000 
4601.00000000 
8497.00000000 
18398.00000000 
17749.00000000 
10748.00000000 
883.00000000 
32517.00000000 
574.00000000 
8280.00000000 
2713.00000000 
73.00000000 
0.00000000 
804.00000000 
1775.00000000 
367.00000000 
3005.00000000 
9159.00000000 
36945.00000000 
236.00000000 
4807.00000000 
115.00000000 
12392.00000000 
22967.00000000 
267.00000000 
1143.00000000 
1027.00000000 
1730.00000000 
726.00000000 
10781.00000000 
69253.00000000 
24399.00000000 
5912.00000000 
1274.00000000 
8745.00000000 
12297.00000000 
9245.00000000 
1716.00000000 
2680.00000000 
43735.00000000 
0.00000000 
9114.00000000 
0.00000000 
14430.00000000 
12981.00000000 
49269.00000000 
1549.00000000 
5009.00000000 
3222.00000000 
15463.00000000 
10933.00000000 
5447.00000000 
3304.00000000 
16242.00000000 
5135.00000000 
8843.00000000 
5531.00000000 
22833.00000000 
1072.00000000 
1908.00000000 
1043.00000000 
45.00000000 
14670.00000000 
4710.00000000 
8824.00000000 
3112.00000000 
6056.00000000 
13252.00000000 
9068.00000000 
14632.00000000 
41967.00000000 
6838.00000000 
6988.00000000 
3104.00000000 
30316.00000000 
27342.00000000 
24828.00000000 
13749.00000000 
6048.00000000 
18400.00000000 
14503.00000000 
12312.00000000 
39445.00000000 
64310.00000000 
57106.00000000 
12071.00000000 
7022.00000000 
6897.00000000 
1605.00000000 
14002.00000000 
722.00000000 
1332.00000000 
14083.00000000 
15457.00000000 
400.00000000 
6756.00000000 
3951.00000000 
7256.00000000 
12240.00000000 
3745.00000000 
7093.00000000 
10204.00000000 
12706.00000000 
12210.00000000 
209.00000000 
2374.00000000 
814.00000000 
9304.00000000 
3935.00000000 
18449.00000000 
18616.00000000 
10989.00000000 
15689.00000000 
6393.00000000 
1236.00000000 
2199.00000000 
3799.00000000 
8885.00000000 
2014.00000000 
1810.00000000 
11399.00000000 
38833.00000000 
11489.00000000 
1568.00000000 
1150.00000000 
43258.00000000 
8410.00000000 
36919.00000000 
187533.00000000 
20713.00000000 
606.00000000 
785.00000000 
1924.00000000 
15415.00000000 
26842.00000000 
2445.00000000 
1356.00000000 
5699.00000000 
3006.00000000 
548.00000000 
1426.00000000 
1593.00000000 
32152.00000000 
8149.00000000 
7289.00000000 
9636.00000000 
27580.00000000 
8026.00000000 
13899.00000000 
33201.00000000 
5904.00000000 
1219.00000000 
304.00000000 
4745.00000000 
315.00000000 
4168.00000000 
6676.00000000 
4159.00000000 
3455.00000000 
9588.00000000 
2773.00000000 
869.00000000 
5795.00000000 
3315.00000000 
0.00000000 
50.00000000 
6294.00000000 
9765.00000000 
2096.00000000 
538.00000000 
4046.00000000 
2894.00000000 
5907.00000000 
16027.00000000 
1469.00000000 
746.00000000 
23100.00000000 
14315.00000000 
12265.00000000 
3685.00000000 
93.00000000 
50350.00000000 
89323.00000000 
10975.00000000 
29925.00000000 
80614.00000000 
4288.00000000 
22618.00000000 
30084.00000000 
2102.00000000 
11175.00000000 
12221.00000000 
27592.00000000 
13448.00000000 
81280.00000000 
42586.00000000 
7878.00000000 
5262.00000000 
13447.00000000 
3738.00000000 
9315.00000000 
13313.00000000 
1907.00000000 
0.00000000 
313.00000000 
580.00000000 
4082.00000000 
344.00000000 
3156.00000000 
53975.00000000 
799.00000000 
594.00000000 
1974.00000000 
569.00000000 
829.00000000 
2028.00000000 
3913.00000000 
2139.00000000 
1804.00000000 
3051.00000000 
1780.00000000 
1322.00000000 
4707.00000000 
5335.00000000 
0.00000000 
21232.00000000 
1183.00000000 
275.00000000 
612.00000000 
2439.00000000 
7074.00000000 
28392.00000000 
5615.00000000 
624.00000000 
34042.00000000 
8278.00000000 
1501.00000000 
6516.00000000 
12713.00000000 
430.00000000 
2471.00000000 
8305.00000000 
11403.00000000 
6354.00000000 
587.00000000 
7269.00000000 
2737.00000000 
2062.00000000 
33664.00000000 
11752.00000000 
59200.00000000 
29364.00000000 
3676.00000000 
2077.00000000 
14150.00000000 
400.00000000 
1785.00000000 
146.00000000 
232.00000000 
1965.00000000 
19292.00000000 
2694.00000000 
3501.00000000 
1773.00000000 
6363.00000000 
5079.00000000 
442.00000000 
4869.00000000 
5279.00000000 
4751.00000000 
25547.00000000 
3885.00000000 
2996.00000000 
7155.00000000 
5213.00000000 
829.00000000 
2308.00000000 
11219.00000000 
1450.00000000 
27551.00000000 
0.00000000 
28755.00000000 
5836.00000000 
2559.00000000 
0.00000000 
1404.00000000 
420.00000000 
5951.00000000 
48.00000000 
3657.00000000 
733.00000000 
150.00000000 
5945.00000000 
5580.00000000 
3410.00000000 
1062.00000000 
3012.00000000 
435.00000000 
11215.00000000 
19983.00000000 
13080.00000000 
3568.00000000 
2633.00000000 
812.00000000 
733.00000000 
435.00000000 
809.00000000 
0.00000000 
142.00000000 
0.00000000 
6725.00000000 
0.00000000 
1216.00000000 
1596.00000000 
0.00000000 
46.00000000 
8560.00000000 
3926.00000000 
1581.00000000 
745.00000000 
5167.00000000 
1088.00000000 
590.00000000 
1320.00000000 
99.00000000 
0.00000000 
0.00000000 
4.00000000 
11372.00000000 
1924.00000000 
14107.00000000 
2407.00000000 
2500.00000000 
704.00000000 
0.00000000 
1224.00000000 
2030.00000000 
5226.00000000 
23689.00000000 
1211.00000000 
275.00000000 
5738.00000000 
1040.00000000 
978.00000000 
591.00000000 
1386.00000000 
0.00000000 
0.00000000 
878.00000000 
240.00000000 
267.00000000 
290.00000000 
4439.00000000 
11353.00000000 
2666.00000000 
5870.00000000 
100.00000000 
597.00000000 
1160.00000000 
1211.00000000 
2352.00000000 
0.00000000 
643.00000000 
998.00000000 
0.00000000 
578.00000000 
6191.00000000 
100.00000000 
0.00000000 
2510.00000000 
404.00000000 
313.00000000 
855.00000000 
1561.00000000 
2000.00000000 
0.00000000 
455.00000000 
0.00000000 
956.00000000 
4720.00000000 
227.00000000 
446.00000000 
16663.00000000 
165.00000000 
1404.00000000 
5592.00000000 
158.00000000 
8339.00000000 
2810.00000000 
12379.00000000 
36356.00000000 
1503.00000000 
6887.00000000 
11497.00000000 
9892.00000000 
36188.00000000 
12859.00000000 
147.00000000 
166.00000000 
17729.00000000 
17081.00000000 
37763.00000000 
500.00000000 
2661.00000000 
2188.00000000 
10652.00000000 
0.00000000 
8220.00000000 
100.00000000 
12593.00000000 
699.00000000 
780.00000000 
4784.00000000 
14676.00000000 
1299.00000000 
19153.00000000 
1203.00000000 
4015.00000000 
922.00000000 
1190.00000000 
11157.00000000 
7169.00000000 
10301.00000000 
614.00000000 
892.00000000 
0.00000000 
4381.00000000 
3347.00000000 
2061.00000000 
4960.00000000 
8993.00000000 
6823.00000000 
3056.00000000 
34516.00000000 
14253.00000000 
15756.00000000 
11604.00000000 
7251.00000000 
8836.00000000 
21279.00000000 
10882.00000000 
18280.00000000 
6789.00000000 
4072.00000000 
9843.00000000 
5833.00000000 
16783.00000000 
1570.00000000 
2215.00000000 
1668.00000000 
0.00000000 
5003.00000000 
20904.00000000 
1684.00000000 
1803.00000000 
13861.00000000 
2363.00000000 
58573.00000000 
10031.00000000 
0.00000000 
4898.00000000 
1528.00000000 
179.00000000 
9082.00000000 
3154.00000000 
10959.00000000 
8308.00000000 
7364.00000000 
305.00000000 
34903.00000000 
10347.00000000 
1194.00000000 
1096.00000000 
194.00000000 
1169.00000000 
1833.00000000 
1508.00000000 
5261.00000000 
7588.00000000 
6707.00000000 
17593.00000000 
4601.00000000 
8497.00000000 
18398.00000000 
17749.00000000 
10748.00000000 
883.00000000 
32517.00000000 
574.00000000 
8280.00000000 
2713.00000000 
73.00000000 
0.00000000 
804.00000000 
1775.00000000 
367.00000000 
3005.00000000 
9159.00000000 
36945.00000000 
236.00000000 
4807.00000000 
115.00000000 
12392.00000000 
22967.00000000 
267.00000000 
1143.00000000 
1027.00000000 
1730.00000000 
726.00000000 
10781.00000000 
69253.00000000 
24399.00000000 
5912.00000000 
1274.00000000 
8745.00000000 
12297.00000000 
9245.00000000 
1716.00000000 
2680.00000000 
43735.00000000 
0.00000000 
9114.00000000 
0.00000000 
14430.00000000 
12981.00000000 
49269.00000000 
1549.00000000 
5009.00000000 
3222.00000000 
15463.00000000 
10933.00000000 
5447.00000000 
3304.00000000 
16242.00000000 
5135.00000000 
8843.00000000 
5531.00000000 
22833.00000000 
1072.00000000 
1908.00000000 
1043.00000000 
45.00000000 
14670.00000000 
4710.00000000 
8824.00000000 
3112.00000000 
6056.00000000 
13252.00000000 
9068.00000000 
14632.00000000 
41967.00000000 
6838.00000000 
6988.00000000 
3104.00000000 
30316.00000000 
27342.00000000 
24828.00000000 
13749.00000000 
6048.00000000 
18400.00000000 
14503.00000000 
12312.00000000 
39445.00000000 
64310.00000000 
57106.00000000 
12071.00000000 
7022.00000000 
6897.00000000 
1605.00000000 
14002.00000000 
722.00000000 
1332.00000000 
14083.00000000 
15457.00000000 
400.00000000 
6756.00000000 
3951.00000000 
7256.00000000 
12240.00000000 
3745.00000000 
7093.00000000 
10204.00000000 
12706.00000000 
12210.00000000 
209.00000000 
2374.00000000 
814.00000000 
9304.00000000 
3935.00000000 
18449.00000000 
18616.00000000 
10989.00000000 
15689.00000000 
6393.00000000 
1236.00000000 
2199.00000000 
3799.00000000 
8885.00000000 
2014.00000000 
1810.00000000 
11399.00000000 
38833.00000000 
11489.00000000 
1568.00000000 
1150.00000000 
43258.00000000 
8410.00000000 
36919.00000000 
187533.00000000 
20713.00000000 
606.00000000 
785.00000000 
1924.00000000 
15415.00000000 
26842.00000000 
2445.00000000 
1356.00000000 
5699.00000000 
3006.00000000 
548.00000000 
1426.00000000 
1593.00000000 
32152.00000000 
8149.00000000 
7289.00000000 
9636.00000000 
27580.00000000 
8026.00000000 
13899.00000000 
33201.00000000 
5904.00000000 
1219.00000000 
304.00000000 
4745.00000000 
315.00000000 
4168.00000000 
6676.00000000 
4159.00000000 
3455.00000000 
9588.00000000 
2773.00000000 
869.00000000 
5795.00000000 
3315.00000000 
0.00000000 
50.00000000 
6294.00000000 
9765.00000000 
2096.00000000 
538.00000000 
4046.00000000 
2894.00000000 
5907.00000000 
16027.00000000 
1469.00000000 
746.00000000 
23100.00000000 
14315.00000000 
12265.00000000 
3685.00000000 
93.00000000 
50350.00000000 
89323.00000000 
10975.00000000 
29925.00000000 
80614.00000000 
4288.00000000 
22618.00000000 
30084.00000000 
2102.00000000 
11175.00000000 
12221.00000000 
27592.00000000 
13448.00000000 
81280.00000000 
42586.00000000 
7878.00000000 
5262.00000000 
13447.00000000 
3738.00000000 
9315.00000000 
13313.00000000 
1907.00000000 
0.00000000 
313.00000000 
580.00000000 
4082.00000000 
344.00000000 
3156.00000000 
53975.00000000 
799.00000000 
594.00000000 
1974.00000000 
569.00000000 
829.00000000 
2028.00000000 
3913.00000000 
2139.00000000 
1804.00000000 
3051.00000000 
1780.00000000 
1322.00000000 
4707.00000000 
5335.00000000 
0.00000000 
21232.00000000 
1183.00000000 
275.00000000 
612.00000000 
2439.00000000 
7074.00000000 
28392.00000000 
5615.00000000 
624.00000000 
34042.00000000 
8278.00000000 
1501.00000000 
6516.00000000 
12713.00000000 
430.00000000 
2471.00000000 
8305.00000000 
11403.00000000 
6354.00000000 
587.00000000 
7269.00000000 
2737.00000000 
2062.00000000 
33664.00000000 
11752.00000000 
59200.00000000 
29364.00000000 
3676.00000000 
2077.00000000 
14150.00000000 
400.00000000 
1785.00000000 
146.00000000 
232.00000000 
1965.00000000 
19292.00000000 
2694.00000000 
3501.00000000 
1773.00000000 
6363.00000000 
5079.00000000 
442.00000000 
4869.00000000 
5279.00000000 
4751.00000000 
25547.00000000 
3885.00000000 
2996.00000000 
7155.00000000 
5213.00000000 
829.00000000 
2308.00000000 
11219.00000000 
1450.00000000 
27551.00000000 
0.00000000 
28755.00000000 
5836.00000000 
2559.00000000 
0.00000000 
1404.00000000 
420.00000000 
5951.00000000 
48.00000000 
3657.00000000 
733.00000000 
150.00000000 
5945.00000000 
5580.00000000 
3410.00000000 
1062.00000000 
3012.00000000 
435.00000000 
11215.00000000 
19983.00000000 
13080.00000000 
3568.00000000 
2633.00000000 
812.00000000 
733.00000000 
435.00000000 
809.00000000 
0.00000000 
142.00000000 
0.00000000 
6725.00000000 
0.00000000 
1216.00000000 
1596.00000000 
0.00000000 
46.00000000 
8560.00000000 
3926.00000000 
1581.00000000 
745.00000000 
5167.00000000 
1088.00000000 
590.00000000 
1320.00000000 
99.00000000 
0.00000000 
0.00000000 
4.00000000 
11372.00000000 
1924.00000000 
14107.00000000 
2407.00000000 
2500.00000000 
704.00000000 
0.00000000 
1224.00000000 
2030.00000000 
5226.00000000 
23689.00000000 
1211.00000000 
275.00000000 
5738.00000000 
1040.00000000 
978.00000000 
591.00000000 
1386.00000000 
0.00000000 
0.00000000 
878.00000000 
240.00000000 
267.00000000 
290.00000000 
4439.00000000 
11353.00000000 
2666.00000000 
5870.00000000 
100.00000000 
597.00000000 
1160.00000000 
1211.00000000 
2352.00000000 
0.00000000 
643.00000000 
998.00000000 
0.00000000 
578.00000000 
6191.00000000 
100.00000000 
0.00000000 
2510.00000000 
404.00000000 
313.00000000 
855.00000000 
1561.00000000 
2000.00000000 
0.00000000 
455.00000000 
0.00000000 
956.00000000 
4720.00000000 
227.00000000 
446.00000000 
16663.00000000 
165.00000000 
1404.00000000 
5592.00000000 
158.00000000 
8339.00000000 
2810.00000000 
12379.00000000 
36356.00000000 
1503.00000000 
6887.00000000 
11497.00000000 
9892.00000000 
36188.00000000 
12859.00000000 
147.00000000 
166.00000000 
17729.00000000 
17081.00000000 
37763.00000000 
500.00000000 
2661.00000000 
2188.00000000 
10652.00000000 
0.00000000 
8220.00000000 
100.00000000 
12593.00000000 
699.00000000 
780.00000000 
4784.00000000 
14676.00000000 
1299.00000000 
19153.00000000 
1203.00000000 
4015.00000000 
922.00000000 
1190.00000000 
11157.00000000 
7169.00000000 
10301.00000000 
614.00000000 
892.00000000 
0.00000000 
4381.00000000 
3347.00000000 
2061.00000000 
4960.00000000 
8993.00000000 
6823.00000000 
3056.00000000 
34516.00000000 
14253.00000000 
15756.00000000 
11604.00000000 
7251.00000000 
8836.00000000 
21279.00000000 
10882.00000000 
18280.00000000 
6789.00000000 
4072.00000000 
9843.00000000 
5833.00000000 
16783.00000000 
1570.00000000 
2215.00000000 
1668.00000000 
0.00000000 
5003.00000000 
20904.00000000 
1684.00000000 
1803.00000000 
13861.00000000 
2363.00000000 
58573.00000000 
10031.00000000 
0.00000000 
4898.00000000 
1528.00000000 
179.00000000 
9082.00000000 
3154.00000000 
10959.00000000 
8308.00000000 
7364.00000000 
305.00000000 
34903.00000000 
10347.00000000 
1194.00000000 
1096.00000000 
194.00000000 
1169.00000000 
1833.00000000 
1508.00000000 
5261.00000000 
7588.00000000 
6707.00000000 
17593.00000000 
4601.00000000 
8497.00000000 
18398.00000000 
17749.00000000 
10748.00000000 
883.00000000 
32517.00000000 
574.00000000 
8280.00000000 
2713.00000000 
73.00000000 
0.00000000 
804.00000000 
1775.00000000 
367.00000000 
3005.00000000 
9159.00000000 
36945.00000000 
236.00000000 
4807.00000000 
115.00000000 
12392.00000000 
22967.00000000 
267.00000000 
1143.00000000 
1027.00000000 
1730.00000000 
726.00000000 
10781.00000000 
69253.00000000 
24399.00000000 
5912.00000000 
1274.00000000 
8745.00000000 
12297.00000000 
9245.00000000 
1716.00000000 
2680.00000000 
43735.00000000 
0.00000000 
9114.00000000 
0.00000000 
14430.00000000 
12981.00000000 
49269.00000000 
1549.00000000 
5009.00000000 
3222.00000000 
15463.00000000 
10933.00000000 
5447.00000000 
3304.00000000 
16242.00000000 
5135.00000000 
8843.00000000 
5531.00000000 
22833.00000000 
1072.00000000 
1908.00000000 
1043.00000000 
45.00000000 
14670.00000000 
4710.00000000 
8824.00000000 
3112.00000000 
6056.00000000 
13252.00000000 
9068.00000000 
14632.00000000 
41967.00000000 
6838.00000000 
6988.00000000 
3104.00000000 
30316.00000000 
27342.00000000 
24828.00000000 
13749.00000000 
6048.00000000 
18400.00000000 
14503.00000000 
12312.00000000 
39445.00000000 
64310.00000000 
57106.00000000 
12071.00000000 
7022.00000000 
6897.00000000 
1605.00000000 
14002.00000000 
722.00000000 
1332.00000000 
14083.00000000 
15457.00000000 
400.00000000 
6756.00000000 
3951.00000000 
7256.00000000 
12240.00000000 
3745.00000000 
7093.00000000 
10204.00000000 
12706.00000000 
12210.00000000 
209.00000000 
2374.00000000 
814.00000000 
9304.00000000 
3935.00000000 
18449.00000000 
18616.00000000 
10989.00000000 
15689.00000000 
6393.00000000 
1236.00000000 
2199.00000000 
3799.00000000 
8885.00000000 
2014.00000000 
1810.00000000 
11399.00000000 
38833.00000000 
11489.00000000 
1568.00000000 
1150.00000000 
43258.00000000 
8410.00000000 
36919.00000000 
187533.00000000 
20713.00000000 
606.00000000 
785.00000000 
1924.00000000 
15415.00000000 
26842.00000000 
2445.00000000 
1356.00000000 
5699.00000000 
3006.00000000 
548.00000000 
1426.00000000 
1593.00000000 
32152.00000000 
8149.00000000 
7289.00000000 
9636.00000000 
27580.00000000 
8026.00000000 
13899.00000000 
33201.00000000 
