0.00002779 
0.00002790 
0.00002793 
0.00002780 
0.00002803 
0.00002816 
0.00002818 
0.00002815 
0.00002813 
0.00002812 
0.00002803 
0.00002813 
0.00002814 
0.00002816 
0.00002824 
0.00002828 
0.00002816 
0.00002831 
0.00002847 
0.00002813 
0.00002834 
0.00002790 
0.00002792 
0.00002803 
0.00002791 
0.00002791 
0.00002788 
0.00002792 
0.00002800 
0.00002809 
0.00002812 
0.00002825 
0.00002842 
0.00002818 
0.00002812 
0.00002815 
0.00002835 
0.00002824 
0.00002843 
0.00002800 
0.00002852 
0.00002852 
0.00002850 
0.00002859 
0.00002860 
0.00002871 
0.00002885 
0.00002877 
0.00002867 
0.00002889 
0.00002890 
0.00002876 
0.00002879 
0.00002866 
0.00002857 
0.00002857 
0.00002859 
0.00002870 
0.00002859 
0.00002881 
0.00002880 
0.00002879 
0.00002881 
0.00002881 
0.00002847 
0.00002850 
0.00002862 
0.00002861 
0.00002870 
0.00002842 
0.00002850 
0.00002888 
0.00002886 
0.00002892 
0.00002890 
0.00002847 
0.00002879 
0.00002823 
0.00002820 
0.00002820 
0.00002836 
0.00002834 
0.00002831 
0.00002851 
0.00002848 
0.00002848 
0.00002851 
0.00002869 
0.00002869 
0.00002883 
0.00002888 
0.00002896 
0.00002903 
0.00002885 
0.00002880 
0.00002873 
0.00002890 
0.00002868 
0.00002860 
0.00002866 
0.00002865 
0.00002878 
0.00002902 
0.00002900 
0.00002896 
0.00002885 
0.00002893 
0.00002901 
0.00002887 
0.00002888 
0.00002906 
0.00002903 
0.00002882 
0.00002910 
0.00002913 
0.00002922 
0.00002930 
0.00002909 
0.00002908 
0.00002912 
0.00002949 
0.00002951 
0.00002973 
0.00002959 
0.00002968 
0.00002981 
0.00002972 
0.00002970 
0.00002963 
0.00002960 
0.00002960 
0.00002968 
0.00003020 
0.00003010 
0.00002982 
0.00002971 
0.00002982 
0.00002962 
0.00002970 
0.00002955 
0.00002939 
0.00002919 
0.00002908 
0.00002920 
0.00002918 
0.00002924 
0.00002981 
0.00002981 
0.00002986 
0.00002968 
0.00002976 
0.00002985 
0.00003012 
0.00003012 
0.00003049 
0.00003068 
0.00003065 
0.00003099 
0.00003063 
0.00003021 
0.00003027 
0.00003016 
0.00003015 
0.00003091 
0.00003045 
0.00002999 
0.00003024 
0.00003054 
0.00003050 
0.00003099 
0.00003140 
0.00003111 
0.00003167 
0.00003170 
0.00003147 
0.00003171 
0.00003140 
0.00003095 
0.00003113 
0.00003094 
0.00003074 
0.00003091 
0.00003100 
0.00003119 
0.00003057 
0.00003051 
0.00002979 
0.00002970 
0.00002961 
0.00002951 
0.00002966 
0.00002945 
0.00002948 
0.00002924 
0.00002933 
0.00002935 
0.00002900 
0.00002924 
0.00002903 
0.00002889 
0.00002917 
0.00002890 
0.00002932 
0.00002907 
0.00002898 
0.00002874 
0.00002880 
0.00002890 
0.00002900 
0.00002895 
0.00002910 
0.00002907 
0.00002888 
0.00002881 
0.00002869 
0.00002853 
0.00002849 
0.00002850 
0.00002842 
0.00002799 
0.00002815 
0.00002802 
0.00002808 
0.00002800 
0.00002807 
0.00002821 
0.00002825 
0.00002820 
0.00002827 
0.00002824 
0.00002806 
0.00002820 
0.00002795 
0.00002788 
0.00002792 
0.00002801 
0.00002811 
0.00002821 
0.00002849 
0.00002797 
0.00002796 
0.00002797 
0.00002803 
0.00002755 
0.00002730 
0.00002711 
0.00002688 
0.00002691 
0.00002677 
0.00002665 
0.00002701 
0.00002705 
0.00002680 
0.00002667 
0.00002650 
0.00002661 
0.00002652 
0.00002651 
0.00002663 
0.00002664 
0.00002659 
0.00002677 
0.00002687 
0.00002693 
0.00002692 
0.00002690 
0.00002678 
0.00002672 
0.00002671 
0.00002655 
0.00002675 
0.00002678 
0.00002671 
0.00002650 
0.00002625 
0.00002660 
0.00002667 
0.00002685 
0.00002684 
0.00002678 
0.00002668 
0.00002687 
0.00002679 
0.00002719 
0.00002709 
0.00002711 
0.00002734 
0.00002751 
0.00002770 
0.00002774 
0.00002785 
0.00002762 
0.00002753 
0.00002749 
0.00002737 
0.00002702 
0.00002686 
0.00002698 
0.00002689 
0.00002691 
0.00002716 
0.00002715 
0.00002722 
0.00002686 
0.00002689 
0.00002678 
0.00002667 
0.00002738 
0.00002747 
0.00002740 
0.00002720 
0.00002739 
0.00002717 
0.00002730 
0.00002788 
0.00002792 
0.00002815 
0.00002799 
0.00002759 
0.00002777 
0.00002746 
0.00002676 
0.00002660 
0.00002679 
0.00002600 
0.00002599 
0.00002587 
0.00002580 
0.00002580 
0.00002570 
0.00002527 
0.00002501 
0.00002557 
0.00002553 
0.00002539 
0.00002553 
0.00002546 
0.00002545 
0.00002548 
0.00002544 
0.00002561 
0.00002558 
0.00002574 
0.00002565 
0.00002567 
0.00002569 
0.00002581 
0.00002584 
0.00002582 
0.00002583 
0.00002583 
0.00002583 
0.00002599 
0.00002584 
0.00002593 
0.00002594 
0.00002593 
0.00002586 
0.00002578 
0.00002572 
0.00002566 
0.00002589 
0.00002579 
0.00002589 
0.00002602 
0.00002620 
0.00002617 
0.00002611 
0.00002580 
0.00002603 
0.00002602 
0.00002601 
0.00002603 
0.00002611 
0.00002603 
0.00002603 
0.00002613 
0.00002596 
0.00002608 
0.00002611 
0.00002616 
0.00002624 
0.00002620 
0.00002590 
0.00002593 
0.00002582 
0.00002590 
0.00002609 
0.00002599 
0.00002613 
0.00002599 
0.00002611 
0.00002613 
0.00002578 
0.00002593 
0.00002586 
0.00002561 
0.00002580 
0.00002553 
0.00002528 
0.00002558 
0.00002558 
0.00002568 
0.00002545 
0.00002536 
0.00002536 
0.00002539 
0.00002585 
0.00002599 
0.00002586 
0.00002601 
0.00002605 
0.00002627 
0.00002609 
0.00002606 
0.00002610 
0.00002609 
0.00002609 
0.00002626 
0.00002606 
0.00002619 
0.00002595 
0.00002618 
0.00002625 
0.00002631 
0.00002634 
0.00002618 
0.00002622 
0.00002634 
0.00002647 
0.00002645 
0.00002627 
0.00002665 
0.00002673 
0.00002658 
0.00002652 
0.00002652 
0.00002633 
0.00002646 
0.00002649 
0.00002635 
0.00002626 
0.00002620 
0.00002616 
0.00002610 
0.00002610 
0.00002610 
0.00002625 
0.00002643 
0.00002639 
0.00002624 
0.00002607 
0.00002589 
0.00002602 
0.00002618 
0.00002594 
0.00002604 
0.00002599 
0.00002611 
0.00002620 
0.00002622 
0.00002653 
0.00002664 
0.00002658 
0.00002645 
0.00002643 
0.00002641 
0.00002632 
0.00002616 
0.00002601 
0.00002593 
0.00002597 
0.00002612 
0.00002598 
0.00002600 
0.00002579 
0.00002573 
0.00002563 
0.00002563 
0.00002556 
0.00002790 
0.00002790 
0.00002793 
0.00002780 
0.00002803 
0.00002816 
0.00002818 
0.00002815 
0.00002813 
0.00002812 
0.00002803 
0.00002813 
0.00002814 
0.00002816 
0.00002824 
0.00002828 
0.00002816 
0.00002831 
0.00002847 
0.00002813 
0.00002834 
0.00002790 
0.00002792 
0.00002803 
0.00002791 
0.00002791 
0.00002788 
0.00002792 
0.00002800 
0.00002809 
0.00002812 
0.00002825 
0.00002842 
0.00002818 
0.00002812 
0.00002815 
0.00002835 
0.00002824 
0.00002843 
0.00002800 
0.00002852 
0.00002852 
0.00002850 
0.00002859 
0.00002860 
0.00002871 
0.00002885 
0.00002877 
0.00002867 
0.00002889 
0.00002890 
0.00002876 
0.00002879 
0.00002866 
0.00002857 
0.00002857 
0.00002859 
0.00002870 
0.00002859 
0.00002881 
0.00002880 
0.00002879 
0.00002881 
0.00002881 
0.00002847 
0.00002850 
0.00002862 
0.00002861 
0.00002870 
0.00002842 
0.00002850 
0.00002888 
0.00002886 
0.00002892 
0.00002890 
0.00002847 
0.00002879 
0.00002823 
0.00002820 
0.00002820 
0.00002836 
0.00002834 
0.00002831 
0.00002851 
0.00002848 
0.00002848 
0.00002851 
0.00002869 
0.00002869 
0.00002883 
0.00002888 
0.00002896 
0.00002903 
0.00002885 
0.00002880 
0.00002873 
0.00002890 
0.00002868 
0.00002860 
0.00002866 
0.00002865 
0.00002878 
0.00002902 
0.00002900 
0.00002896 
0.00002885 
0.00002893 
0.00002901 
0.00002887 
0.00002888 
0.00002906 
0.00002903 
0.00002882 
0.00002910 
0.00002913 
0.00002922 
0.00002930 
0.00002909 
0.00002908 
0.00002912 
0.00002949 
0.00002951 
0.00002973 
0.00002959 
0.00002968 
0.00002981 
0.00002972 
0.00002970 
0.00002963 
0.00002960 
0.00002960 
0.00002968 
0.00003020 
0.00003010 
0.00002982 
0.00002971 
0.00002982 
0.00002962 
0.00002970 
0.00002955 
0.00002939 
0.00002919 
0.00002908 
0.00002920 
0.00002918 
0.00002924 
0.00002981 
0.00002981 
0.00002986 
0.00002968 
0.00002976 
0.00002985 
0.00003012 
0.00003012 
0.00003049 
0.00003068 
0.00003065 
0.00003099 
0.00003063 
0.00003021 
0.00003027 
0.00003016 
0.00003015 
0.00003091 
0.00003045 
0.00002999 
0.00003024 
0.00003054 
0.00003050 
0.00003099 
0.00003140 
0.00003111 
0.00003167 
0.00003170 
0.00003147 
0.00003171 
0.00003140 
0.00003095 
0.00003113 
0.00003094 
0.00003074 
0.00003091 
0.00003100 
0.00003119 
0.00003057 
0.00003051 
0.00002979 
0.00002970 
0.00002961 
0.00002951 
0.00002966 
0.00002945 
0.00002948 
0.00002924 
0.00002933 
0.00002935 
0.00002900 
0.00002924 
0.00002903 
0.00002889 
0.00002917 
0.00002890 
0.00002932 
0.00002907 
0.00002898 
0.00002874 
0.00002880 
0.00002890 
0.00002900 
0.00002895 
0.00002910 
0.00002907 
0.00002888 
0.00002881 
0.00002869 
0.00002853 
0.00002849 
0.00002850 
0.00002842 
0.00002799 
0.00002815 
0.00002802 
0.00002808 
0.00002800 
0.00002807 
0.00002821 
0.00002825 
0.00002820 
0.00002827 
0.00002824 
0.00002806 
0.00002820 
0.00002795 
0.00002788 
0.00002792 
0.00002801 
0.00002811 
0.00002821 
0.00002849 
0.00002797 
0.00002796 
0.00002797 
0.00002803 
0.00002755 
0.00002730 
0.00002711 
0.00002688 
0.00002691 
0.00002677 
0.00002665 
0.00002701 
0.00002705 
0.00002680 
0.00002667 
0.00002650 
0.00002661 
0.00002652 
0.00002651 
0.00002663 
0.00002664 
0.00002659 
0.00002677 
0.00002687 
0.00002693 
0.00002692 
0.00002690 
0.00002678 
0.00002672 
0.00002671 
0.00002655 
0.00002675 
0.00002678 
0.00002671 
0.00002650 
0.00002625 
0.00002660 
0.00002667 
0.00002685 
0.00002684 
0.00002678 
0.00002668 
0.00002687 
0.00002679 
0.00002719 
0.00002709 
0.00002711 
0.00002734 
0.00002751 
0.00002770 
0.00002774 
0.00002785 
0.00002762 
0.00002753 
0.00002749 
0.00002737 
0.00002702 
0.00002686 
0.00002698 
0.00002689 
0.00002691 
0.00002716 
0.00002715 
0.00002722 
0.00002686 
0.00002689 
0.00002678 
0.00002667 
0.00002738 
0.00002747 
0.00002740 
0.00002720 
0.00002739 
0.00002717 
0.00002730 
0.00002788 
0.00002792 
0.00002815 
0.00002799 
0.00002759 
0.00002777 
0.00002746 
0.00002676 
0.00002660 
0.00002679 
0.00002600 
0.00002599 
0.00002587 
0.00002580 
0.00002580 
0.00002570 
0.00002527 
0.00002501 
0.00002557 
0.00002553 
0.00002539 
0.00002553 
0.00002546 
0.00002545 
0.00002548 
0.00002544 
0.00002561 
0.00002558 
0.00002574 
0.00002565 
0.00002567 
0.00002569 
0.00002581 
0.00002584 
0.00002582 
0.00002583 
0.00002583 
0.00002583 
0.00002599 
0.00002584 
0.00002593 
0.00002594 
0.00002593 
0.00002586 
0.00002578 
0.00002572 
0.00002566 
0.00002589 
0.00002579 
0.00002589 
0.00002602 
0.00002620 
0.00002617 
0.00002611 
0.00002580 
0.00002603 
0.00002602 
0.00002601 
0.00002603 
0.00002611 
0.00002603 
0.00002603 
0.00002613 
0.00002596 
0.00002608 
0.00002611 
0.00002616 
0.00002624 
0.00002620 
0.00002590 
0.00002593 
0.00002582 
0.00002590 
0.00002609 
0.00002599 
0.00002613 
0.00002599 
0.00002611 
0.00002613 
0.00002578 
0.00002593 
0.00002586 
0.00002561 
0.00002580 
0.00002553 
0.00002528 
0.00002558 
0.00002558 
0.00002568 
0.00002545 
0.00002536 
0.00002536 
0.00002539 
0.00002585 
0.00002599 
0.00002586 
0.00002601 
0.00002605 
0.00002627 
0.00002609 
0.00002606 
0.00002610 
0.00002609 
0.00002609 
0.00002626 
0.00002606 
0.00002619 
0.00002595 
0.00002618 
0.00002625 
0.00002631 
0.00002634 
0.00002618 
0.00002622 
0.00002634 
0.00002647 
0.00002645 
0.00002627 
0.00002665 
0.00002673 
0.00002658 
0.00002652 
0.00002652 
0.00002633 
0.00002646 
0.00002649 
0.00002635 
0.00002626 
0.00002620 
0.00002616 
0.00002610 
0.00002610 
0.00002610 
0.00002625 
0.00002643 
0.00002639 
0.00002624 
0.00002607 
0.00002589 
0.00002602 
0.00002618 
0.00002594 
0.00002604 
0.00002599 
0.00002611 
0.00002620 
0.00002622 
0.00002653 
0.00002664 
0.00002658 
0.00002645 
0.00002643 
0.00002641 
0.00002632 
0.00002616 
0.00002601 
0.00002593 
0.00002597 
0.00002612 
0.00002598 
0.00002600 
0.00002579 
0.00002573 
0.00002563 
0.00002563 
0.00002556 
0.00002790 
0.00002790 
0.00002793 
0.00002780 
0.00002803 
0.00002816 
0.00002818 
0.00002815 
0.00002813 
0.00002812 
0.00002803 
0.00002813 
0.00002814 
0.00002816 
0.00002824 
0.00002828 
0.00002816 
0.00002831 
0.00002847 
0.00002813 
0.00002834 
0.00002790 
0.00002792 
0.00002803 
0.00002791 
0.00002791 
0.00002788 
0.00002792 
0.00002800 
0.00002809 
0.00002812 
0.00002825 
0.00002842 
0.00002818 
0.00002812 
0.00002815 
0.00002835 
0.00002824 
0.00002843 
0.00002800 
0.00002852 
0.00002852 
0.00002850 
0.00002859 
0.00002860 
0.00002871 
0.00002885 
0.00002877 
0.00002867 
0.00002889 
0.00002890 
0.00002876 
0.00002879 
0.00002866 
0.00002857 
0.00002857 
0.00002859 
0.00002870 
0.00002859 
0.00002881 
0.00002880 
0.00002879 
0.00002881 
0.00002881 
0.00002847 
0.00002850 
0.00002862 
0.00002861 
0.00002870 
0.00002842 
0.00002850 
0.00002888 
0.00002886 
0.00002892 
0.00002890 
0.00002847 
0.00002879 
0.00002823 
0.00002820 
0.00002820 
0.00002836 
0.00002834 
0.00002831 
0.00002851 
0.00002848 
0.00002848 
0.00002851 
0.00002869 
0.00002869 
0.00002883 
0.00002888 
0.00002896 
0.00002903 
0.00002885 
0.00002880 
0.00002873 
0.00002890 
0.00002868 
0.00002860 
0.00002866 
0.00002865 
0.00002878 
0.00002902 
0.00002900 
0.00002896 
0.00002885 
0.00002893 
0.00002901 
0.00002887 
0.00002888 
0.00002906 
0.00002903 
0.00002882 
0.00002910 
0.00002913 
0.00002922 
0.00002930 
0.00002909 
0.00002908 
0.00002912 
0.00002949 
0.00002951 
0.00002973 
0.00002959 
0.00002968 
0.00002981 
0.00002972 
0.00002970 
0.00002963 
0.00002960 
0.00002960 
0.00002968 
0.00003020 
0.00003010 
0.00002982 
0.00002971 
0.00002982 
0.00002962 
0.00002970 
0.00002955 
0.00002939 
0.00002919 
0.00002908 
0.00002920 
0.00002918 
0.00002924 
0.00002981 
0.00002981 
0.00002986 
0.00002968 
0.00002976 
0.00002985 
0.00003012 
0.00003012 
0.00003049 
0.00003068 
0.00003065 
0.00003099 
0.00003063 
0.00003021 
0.00003027 
0.00003016 
0.00003015 
0.00003091 
0.00003045 
0.00002999 
0.00003024 
0.00003054 
0.00003050 
0.00003099 
0.00003140 
0.00003111 
0.00003167 
0.00003170 
0.00003147 
0.00003171 
0.00003140 
0.00003095 
0.00003113 
0.00003094 
0.00003074 
0.00003091 
0.00003100 
0.00003119 
0.00003057 
0.00003051 
0.00002979 
0.00002970 
0.00002961 
0.00002951 
0.00002966 
0.00002945 
0.00002948 
0.00002924 
0.00002933 
0.00002935 
0.00002900 
0.00002924 
0.00002903 
0.00002889 
0.00002917 
0.00002890 
0.00002932 
0.00002907 
0.00002898 
0.00002874 
0.00002880 
0.00002890 
0.00002900 
0.00002895 
0.00002910 
0.00002907 
0.00002888 
0.00002881 
0.00002869 
0.00002853 
0.00002849 
0.00002850 
0.00002842 
0.00002799 
0.00002815 
0.00002802 
0.00002808 
0.00002800 
0.00002807 
0.00002821 
0.00002825 
0.00002820 
0.00002827 
0.00002824 
0.00002806 
0.00002820 
0.00002795 
0.00002788 
0.00002792 
0.00002801 
0.00002811 
0.00002821 
0.00002849 
0.00002797 
0.00002796 
0.00002797 
0.00002803 
0.00002755 
0.00002730 
0.00002711 
0.00002688 
0.00002691 
0.00002677 
0.00002665 
0.00002701 
0.00002705 
0.00002680 
0.00002667 
0.00002650 
0.00002661 
0.00002652 
0.00002651 
0.00002663 
0.00002664 
0.00002659 
0.00002677 
0.00002687 
0.00002693 
0.00002692 
0.00002690 
0.00002678 
0.00002672 
0.00002671 
0.00002655 
0.00002675 
0.00002678 
0.00002671 
0.00002650 
0.00002625 
0.00002660 
0.00002667 
0.00002685 
0.00002684 
0.00002678 
0.00002668 
0.00002687 
0.00002679 
0.00002719 
0.00002709 
0.00002711 
0.00002734 
0.00002751 
0.00002770 
0.00002774 
0.00002785 
0.00002762 
0.00002753 
0.00002749 
0.00002737 
0.00002702 
0.00002686 
0.00002698 
0.00002689 
0.00002691 
0.00002716 
0.00002715 
0.00002722 
0.00002686 
0.00002689 
0.00002678 
0.00002667 
0.00002738 
0.00002747 
0.00002740 
0.00002720 
0.00002739 
0.00002717 
0.00002730 
0.00002788 
0.00002792 
0.00002815 
0.00002799 
0.00002759 
0.00002777 
0.00002746 
0.00002676 
0.00002660 
0.00002679 
0.00002600 
0.00002599 
0.00002587 
0.00002580 
0.00002580 
0.00002570 
0.00002527 
0.00002501 
0.00002557 
0.00002553 
0.00002539 
0.00002553 
0.00002546 
0.00002545 
0.00002548 
0.00002544 
0.00002561 
0.00002558 
0.00002574 
0.00002565 
0.00002567 
0.00002569 
0.00002581 
0.00002584 
0.00002582 
0.00002583 
0.00002583 
0.00002583 
0.00002599 
0.00002584 
0.00002593 
0.00002594 
0.00002593 
0.00002586 
0.00002578 
0.00002572 
0.00002566 
0.00002589 
0.00002579 
0.00002589 
0.00002602 
0.00002620 
0.00002617 
0.00002611 
0.00002580 
0.00002603 
0.00002602 
0.00002601 
0.00002603 
0.00002611 
0.00002603 
0.00002603 
0.00002613 
0.00002596 
0.00002608 
0.00002611 
0.00002616 
0.00002624 
0.00002620 
0.00002590 
0.00002593 
0.00002582 
0.00002590 
0.00002609 
0.00002599 
0.00002613 
0.00002599 
0.00002611 
0.00002613 
0.00002578 
0.00002593 
0.00002586 
0.00002561 
0.00002580 
0.00002553 
0.00002528 
0.00002558 
0.00002558 
0.00002568 
0.00002545 
0.00002536 
0.00002536 
0.00002539 
0.00002585 
0.00002599 
0.00002586 
0.00002601 
0.00002605 
0.00002627 
0.00002609 
0.00002606 
0.00002610 
0.00002609 
0.00002609 
0.00002626 
0.00002606 
0.00002619 
0.00002595 
0.00002618 
0.00002625 
0.00002631 
0.00002634 
0.00002618 
0.00002622 
0.00002634 
0.00002647 
0.00002645 
0.00002627 
0.00002665 
0.00002673 
0.00002658 
0.00002652 
0.00002652 
0.00002633 
0.00002646 
0.00002649 
0.00002635 
0.00002626 
0.00002620 
0.00002616 
0.00002610 
0.00002610 
0.00002610 
0.00002625 
0.00002643 
0.00002639 
0.00002624 
0.00002607 
0.00002589 
0.00002602 
0.00002618 
0.00002594 
0.00002604 
0.00002599 
0.00002611 
0.00002620 
0.00002622 
0.00002653 
0.00002664 
0.00002658 
0.00002645 
0.00002643 
0.00002641 
0.00002632 
0.00002616 
0.00002601 
0.00002593 
0.00002597 
0.00002612 
0.00002598 
0.00002600 
0.00002579 
0.00002573 
0.00002563 
0.00002563 
