0.00002779 
0.00002785 
0.00002794 
0.00002786 
0.00002804 
0.00002810 
0.00002820 
0.00002813 
0.00002812 
0.00002803 
0.00002813 
0.00002814 
0.00002816 
0.00002816 
0.00002819 
0.00002842 
0.00002831 
0.00002835 
0.00002797 
0.00002830 
0.00002790 
0.00002786 
0.00002803 
0.00002791 
0.00002790 
0.00002788 
0.00002800 
0.00002800 
0.00002800 
0.00002812 
0.00002825 
0.00002843 
0.00002819 
0.00002812 
0.00002815 
0.00002829 
0.00002824 
0.00002843 
0.00002838 
0.00002852 
0.00002850 
0.00002850 
0.00002859 
0.00002851 
0.00002859 
0.00002884 
0.00002871 
0.00002877 
0.00002889 
0.00002889 
0.00002876 
0.00002876 
0.00002867 
0.00002857 
0.00002857 
0.00002864 
0.00002870 
0.00002872 
0.00002880 
0.00002880 
0.00002881 
0.00002870 
0.00002880 
0.00002848 
0.00002860 
0.00002862 
0.00002866 
0.00002869 
0.00002849 
0.00002828 
0.00002891 
0.00002884 
0.00002888 
0.00002890 
0.00002867 
0.00002878 
0.00002823 
0.00002821 
0.00002819 
0.00002819 
0.00002834 
0.00002831 
0.00002846 
0.00002848 
0.00002860 
0.00002851 
0.00002869 
0.00002869 
0.00002883 
0.00002887 
0.00002896 
0.00002913 
0.00002885 
0.00002876 
0.00002872 
0.00002879 
0.00002868 
0.00002855 
0.00002865 
0.00002862 
0.00002878 
0.00002895 
0.00002900 
0.00002900 
0.00002885 
0.00002893 
0.00002901 
0.00002887 
0.00002890 
0.00002906 
0.00002891 
0.00002892 
0.00002900 
0.00002911 
0.00002922 
0.00002930 
0.00002896 
0.00002901 
0.00002912 
0.00002943 
0.00002951 
0.00002973 
0.00002959 
0.00002977 
0.00002991 
0.00002972 
0.00002970 
0.00002975 
0.00002960 
0.00002960 
0.00002977 
0.00003009 
0.00003002 
0.00002982 
0.00002970 
0.00002983 
0.00002962 
0.00002970 
0.00002955 
0.00002940 
0.00002919 
0.00002909 
0.00002920 
0.00002905 
0.00002940 
0.00002981 
0.00002981 
0.00002986 
0.00002964 
0.00002975 
0.00002980 
0.00003012 
0.00003012 
0.00003049 
0.00003069 
0.00003054 
0.00003100 
0.00003064 
0.00003021 
0.00003027 
0.00003018 
0.00003014 
0.00003087 
0.00003049 
0.00002999 
0.00003012 
0.00003054 
0.00003052 
0.00003099 
0.00003127 
0.00003111 
0.00003167 
0.00003170 
0.00003146 
0.00003171 
0.00003140 
0.00003095 
0.00003112 
0.00003092 
0.00003074 
0.00003091 
0.00003109 
0.00003118 
0.00003068 
0.00003051 
0.00002980 
0.00002956 
0.00002960 
0.00002949 
0.00002966 
0.00002945 
0.00002948 
0.00002924 
0.00002933 
0.00002939 
0.00002886 
0.00002924 
0.00002903 
0.00002889 
0.00002909 
0.00002894 
0.00002932 
0.00002909 
0.00002897 
0.00002872 
0.00002873 
0.00002901 
0.00002900 
0.00002897 
0.00002906 
0.00002905 
0.00002889 
0.00002885 
0.00002869 
0.00002853 
0.00002848 
0.00002840 
0.00002842 
0.00002804 
0.00002815 
0.00002810 
0.00002806 
0.00002816 
0.00002817 
0.00002821 
0.00002825 
0.00002827 
0.00002825 
0.00002824 
0.00002806 
0.00002800 
0.00002798 
0.00002790 
0.00002792 
0.00002810 
0.00002817 
0.00002833 
0.00002850 
0.00002797 
0.00002793 
0.00002799 
0.00002803 
0.00002755 
0.00002730 
0.00002711 
0.00002679 
0.00002690 
0.00002677 
0.00002678 
0.00002700 
0.00002704 
0.00002680 
0.00002668 
0.00002650 
0.00002654 
0.00002650 
0.00002655 
0.00002663 
0.00002674 
0.00002656 
0.00002674 
0.00002685 
0.00002704 
0.00002692 
0.00002690 
0.00002680 
0.00002668 
0.00002672 
0.00002655 
0.00002675 
0.00002678 
0.00002663 
0.00002650 
0.00002625 
0.00002643 
0.00002662 
0.00002684 
0.00002690 
0.00002679 
0.00002670 
0.00002687 
0.00002679 
0.00002720 
0.00002709 
0.00002713 
0.00002735 
0.00002749 
0.00002756 
0.00002788 
0.00002785 
0.00002763 
0.00002753 
0.00002749 
0.00002737 
0.00002703 
0.00002684 
0.00002685 
0.00002687 
0.00002691 
0.00002716 
0.00002715 
0.00002715 
0.00002701 
0.00002700 
0.00002679 
0.00002679 
0.00002738 
0.00002747 
0.00002741 
0.00002719 
0.00002727 
0.00002718 
0.00002730 
0.00002788 
0.00002792 
0.00002821 
0.00002800 
0.00002745 
0.00002793 
0.00002746 
0.00002680 
0.00002660 
0.00002629 
0.00002610 
0.00002614 
0.00002583 
0.00002587 
0.00002580 
0.00002569 
0.00002535 
0.00002543 
0.00002544 
0.00002555 
0.00002540 
0.00002543 
0.00002550 
0.00002544 
0.00002548 
0.00002554 
0.00002558 
0.00002558 
0.00002574 
0.00002557 
0.00002569 
0.00002558 
0.00002580 
0.00002575 
0.00002584 
0.00002589 
0.00002583 
0.00002583 
0.00002599 
0.00002605 
0.00002594 
0.00002595 
0.00002602 
0.00002603 
0.00002577 
0.00002572 
0.00002566 
0.00002589 
0.00002577 
0.00002589 
0.00002609 
0.00002605 
0.00002620 
0.00002612 
0.00002581 
0.00002601 
0.00002602 
0.00002605 
0.00002604 
0.00002609 
0.00002613 
0.00002604 
0.00002613 
0.00002599 
0.00002608 
0.00002611 
0.00002611 
0.00002630 
0.00002606 
0.00002599 
0.00002594 
0.00002597 
0.00002585 
0.00002605 
0.00002599 
0.00002603 
0.00002599 
0.00002605 
0.00002612 
0.00002584 
0.00002590 
0.00002576 
0.00002567 
0.00002569 
0.00002558 
0.00002547 
0.00002550 
0.00002568 
0.00002567 
0.00002545 
0.00002549 
0.00002542 
0.00002545 
0.00002568 
0.00002587 
0.00002586 
0.00002587 
0.00002613 
0.00002623 
0.00002609 
0.00002608 
0.00002610 
0.00002609 
0.00002609 
0.00002618 
0.00002606 
0.00002609 
0.00002610 
0.00002623 
0.00002625 
0.00002630 
0.00002634 
0.00002621 
0.00002622 
0.00002637 
0.00002648 
0.00002655 
0.00002655 
0.00002664 
0.00002673 
0.00002667 
0.00002658 
0.00002639 
0.00002651 
0.00002644 
0.00002650 
0.00002635 
0.00002628 
0.00002626 
0.00002616 
0.00002610 
0.00002605 
0.00002610 
0.00002625 
0.00002643 
0.00002646 
0.00002636 
0.00002609 
0.00002590 
0.00002605 
0.00002619 
0.00002608 
0.00002605 
0.00002599 
0.00002618 
0.00002614 
0.00002631 
0.00002673 
0.00002653 
0.00002659 
0.00002646 
0.00002647 
0.00002645 
0.00002632 
0.00002629 
0.00002611 
0.00002593 
0.00002591 
0.00002611 
0.00002603 
0.00002603 
0.00002574 
0.00002574 
0.00002563 
0.00002565 
0.00002559 
0.00002553 
0.00002779 
0.00002785 
0.00002794 
0.00002786 
0.00002804 
0.00002810 
0.00002820 
0.00002813 
0.00002812 
0.00002803 
0.00002813 
0.00002814 
0.00002816 
0.00002816 
0.00002819 
0.00002842 
0.00002831 
0.00002835 
0.00002797 
0.00002830 
0.00002790 
0.00002786 
0.00002803 
0.00002791 
0.00002790 
0.00002788 
0.00002800 
0.00002800 
0.00002800 
0.00002812 
0.00002825 
0.00002843 
0.00002819 
0.00002812 
0.00002815 
0.00002829 
0.00002824 
0.00002843 
0.00002838 
0.00002852 
0.00002850 
0.00002850 
0.00002859 
0.00002851 
0.00002859 
0.00002884 
0.00002871 
0.00002877 
0.00002889 
0.00002889 
0.00002876 
0.00002876 
0.00002867 
0.00002857 
0.00002857 
0.00002864 
0.00002870 
0.00002872 
0.00002880 
0.00002880 
0.00002881 
0.00002870 
0.00002880 
0.00002848 
0.00002860 
0.00002862 
0.00002866 
0.00002869 
0.00002849 
0.00002828 
0.00002891 
0.00002884 
0.00002888 
0.00002890 
0.00002867 
0.00002878 
0.00002823 
0.00002821 
0.00002819 
0.00002819 
0.00002834 
0.00002831 
0.00002846 
0.00002848 
0.00002860 
0.00002851 
0.00002869 
0.00002869 
0.00002883 
0.00002887 
0.00002896 
0.00002913 
0.00002885 
0.00002876 
0.00002872 
0.00002879 
0.00002868 
0.00002855 
0.00002865 
0.00002862 
0.00002878 
0.00002895 
0.00002900 
0.00002900 
0.00002885 
0.00002893 
0.00002901 
0.00002887 
0.00002890 
0.00002906 
0.00002891 
0.00002892 
0.00002900 
0.00002911 
0.00002922 
0.00002930 
0.00002896 
0.00002901 
0.00002912 
0.00002943 
0.00002951 
0.00002973 
0.00002959 
0.00002977 
0.00002991 
0.00002972 
0.00002970 
0.00002975 
0.00002960 
0.00002960 
0.00002977 
0.00003009 
0.00003002 
0.00002982 
0.00002970 
0.00002983 
0.00002962 
0.00002970 
0.00002955 
0.00002940 
0.00002919 
0.00002909 
0.00002920 
0.00002905 
0.00002940 
0.00002981 
0.00002981 
0.00002986 
0.00002964 
0.00002975 
0.00002980 
0.00003012 
0.00003012 
0.00003049 
0.00003069 
0.00003054 
0.00003100 
0.00003064 
0.00003021 
0.00003027 
0.00003018 
0.00003014 
0.00003087 
0.00003049 
0.00002999 
0.00003012 
0.00003054 
0.00003052 
0.00003099 
0.00003127 
0.00003111 
0.00003167 
0.00003170 
0.00003146 
0.00003171 
0.00003140 
0.00003095 
0.00003112 
0.00003092 
0.00003074 
0.00003091 
0.00003109 
0.00003118 
0.00003068 
0.00003051 
0.00002980 
0.00002956 
0.00002960 
0.00002949 
0.00002966 
0.00002945 
0.00002948 
0.00002924 
0.00002933 
0.00002939 
0.00002886 
0.00002924 
0.00002903 
0.00002889 
0.00002909 
0.00002894 
0.00002932 
0.00002909 
0.00002897 
0.00002872 
0.00002873 
0.00002901 
0.00002900 
0.00002897 
0.00002906 
0.00002905 
0.00002889 
0.00002885 
0.00002869 
0.00002853 
0.00002848 
0.00002840 
0.00002842 
0.00002804 
0.00002815 
0.00002810 
0.00002806 
0.00002816 
0.00002817 
0.00002821 
0.00002825 
0.00002827 
0.00002825 
0.00002824 
0.00002806 
0.00002800 
0.00002798 
0.00002790 
0.00002792 
0.00002810 
0.00002817 
0.00002833 
0.00002850 
0.00002797 
0.00002793 
0.00002799 
0.00002803 
0.00002755 
0.00002730 
0.00002711 
0.00002679 
0.00002690 
0.00002677 
0.00002678 
0.00002700 
0.00002704 
0.00002680 
0.00002668 
0.00002650 
0.00002654 
0.00002650 
0.00002655 
0.00002663 
0.00002674 
0.00002656 
0.00002674 
0.00002685 
0.00002704 
0.00002692 
0.00002690 
0.00002680 
0.00002668 
0.00002672 
0.00002655 
0.00002675 
0.00002678 
0.00002663 
0.00002650 
0.00002625 
0.00002643 
0.00002662 
0.00002684 
0.00002690 
0.00002679 
0.00002670 
0.00002687 
0.00002679 
0.00002720 
0.00002709 
0.00002713 
0.00002735 
0.00002749 
0.00002756 
0.00002788 
0.00002785 
0.00002763 
0.00002753 
0.00002749 
0.00002737 
0.00002703 
0.00002684 
0.00002685 
0.00002687 
0.00002691 
0.00002716 
0.00002715 
0.00002715 
0.00002701 
0.00002700 
0.00002679 
0.00002679 
0.00002738 
0.00002747 
0.00002741 
0.00002719 
0.00002727 
0.00002718 
0.00002730 
0.00002788 
0.00002792 
0.00002821 
0.00002800 
0.00002745 
0.00002793 
0.00002746 
0.00002680 
0.00002660 
0.00002629 
0.00002610 
0.00002614 
0.00002583 
0.00002587 
0.00002580 
0.00002569 
0.00002535 
0.00002543 
0.00002544 
0.00002555 
0.00002540 
0.00002543 
0.00002550 
0.00002544 
0.00002548 
0.00002554 
0.00002558 
0.00002558 
0.00002574 
0.00002557 
0.00002569 
0.00002558 
0.00002580 
0.00002575 
0.00002584 
0.00002589 
0.00002583 
0.00002583 
0.00002599 
0.00002605 
0.00002594 
0.00002595 
0.00002602 
0.00002603 
0.00002577 
0.00002572 
0.00002566 
0.00002589 
0.00002577 
0.00002589 
0.00002609 
0.00002605 
0.00002620 
0.00002612 
0.00002581 
0.00002601 
0.00002602 
0.00002605 
0.00002604 
0.00002609 
0.00002613 
0.00002604 
0.00002613 
0.00002599 
0.00002608 
0.00002611 
0.00002611 
0.00002630 
0.00002606 
0.00002599 
0.00002594 
0.00002597 
0.00002585 
0.00002605 
0.00002599 
0.00002603 
0.00002599 
0.00002605 
0.00002612 
0.00002584 
0.00002590 
0.00002576 
0.00002567 
0.00002569 
0.00002558 
0.00002547 
0.00002550 
0.00002568 
0.00002567 
0.00002545 
0.00002549 
0.00002542 
0.00002545 
0.00002568 
0.00002587 
0.00002586 
0.00002587 
0.00002613 
0.00002623 
0.00002609 
0.00002608 
0.00002610 
0.00002609 
0.00002609 
0.00002618 
0.00002606 
0.00002609 
0.00002610 
0.00002623 
0.00002625 
0.00002630 
0.00002634 
0.00002621 
0.00002622 
0.00002637 
0.00002648 
0.00002655 
0.00002655 
0.00002664 
0.00002673 
0.00002667 
0.00002658 
0.00002639 
0.00002651 
0.00002644 
0.00002650 
0.00002635 
0.00002628 
0.00002626 
0.00002616 
0.00002610 
0.00002605 
0.00002610 
0.00002625 
0.00002643 
0.00002646 
0.00002636 
0.00002609 
0.00002590 
0.00002605 
0.00002619 
0.00002608 
0.00002605 
0.00002599 
0.00002618 
0.00002614 
0.00002631 
0.00002673 
0.00002653 
0.00002659 
0.00002646 
0.00002647 
0.00002645 
0.00002632 
0.00002629 
0.00002611 
0.00002593 
0.00002591 
0.00002611 
0.00002603 
0.00002603 
0.00002574 
0.00002574 
0.00002563 
0.00002565 
0.00002559 
0.00002553 
0.00002779 
0.00002785 
0.00002794 
0.00002786 
0.00002804 
0.00002810 
0.00002820 
0.00002813 
0.00002812 
0.00002803 
0.00002813 
0.00002814 
0.00002816 
0.00002816 
0.00002819 
0.00002842 
0.00002831 
0.00002835 
0.00002797 
0.00002830 
0.00002790 
0.00002786 
0.00002803 
0.00002791 
0.00002790 
0.00002788 
0.00002800 
0.00002800 
0.00002800 
0.00002812 
0.00002825 
0.00002843 
0.00002819 
0.00002812 
0.00002815 
0.00002829 
0.00002824 
0.00002843 
0.00002838 
0.00002852 
0.00002850 
0.00002850 
0.00002859 
0.00002851 
0.00002859 
0.00002884 
0.00002871 
0.00002877 
0.00002889 
0.00002889 
0.00002876 
0.00002876 
0.00002867 
0.00002857 
0.00002857 
0.00002864 
0.00002870 
0.00002872 
0.00002880 
0.00002880 
0.00002881 
0.00002870 
0.00002880 
0.00002848 
0.00002860 
0.00002862 
0.00002866 
0.00002869 
0.00002849 
0.00002828 
0.00002891 
0.00002884 
0.00002888 
0.00002890 
0.00002867 
0.00002878 
0.00002823 
0.00002821 
0.00002819 
0.00002819 
0.00002834 
0.00002831 
0.00002846 
0.00002848 
0.00002860 
0.00002851 
0.00002869 
0.00002869 
0.00002883 
0.00002887 
0.00002896 
0.00002913 
0.00002885 
0.00002876 
0.00002872 
0.00002879 
0.00002868 
0.00002855 
0.00002865 
0.00002862 
0.00002878 
0.00002895 
0.00002900 
0.00002900 
0.00002885 
0.00002893 
0.00002901 
0.00002887 
0.00002890 
0.00002906 
0.00002891 
0.00002892 
0.00002900 
0.00002911 
0.00002922 
0.00002930 
0.00002896 
0.00002901 
0.00002912 
0.00002943 
0.00002951 
0.00002973 
0.00002959 
0.00002977 
0.00002991 
0.00002972 
0.00002970 
0.00002975 
0.00002960 
0.00002960 
0.00002977 
0.00003009 
0.00003002 
0.00002982 
0.00002970 
0.00002983 
0.00002962 
0.00002970 
0.00002955 
0.00002940 
0.00002919 
0.00002909 
0.00002920 
0.00002905 
0.00002940 
0.00002981 
0.00002981 
0.00002986 
0.00002964 
0.00002975 
0.00002980 
0.00003012 
0.00003012 
0.00003049 
0.00003069 
0.00003054 
0.00003100 
0.00003064 
0.00003021 
0.00003027 
0.00003018 
0.00003014 
0.00003087 
0.00003049 
0.00002999 
0.00003012 
0.00003054 
0.00003052 
0.00003099 
0.00003127 
0.00003111 
0.00003167 
0.00003170 
0.00003146 
0.00003171 
0.00003140 
0.00003095 
0.00003112 
0.00003092 
0.00003074 
0.00003091 
0.00003109 
0.00003118 
0.00003068 
0.00003051 
0.00002980 
0.00002956 
0.00002960 
0.00002949 
0.00002966 
0.00002945 
0.00002948 
0.00002924 
0.00002933 
0.00002939 
0.00002886 
0.00002924 
0.00002903 
0.00002889 
0.00002909 
0.00002894 
0.00002932 
0.00002909 
0.00002897 
0.00002872 
0.00002873 
0.00002901 
0.00002900 
0.00002897 
0.00002906 
0.00002905 
0.00002889 
0.00002885 
0.00002869 
0.00002853 
0.00002848 
0.00002840 
0.00002842 
0.00002804 
0.00002815 
0.00002810 
0.00002806 
0.00002816 
0.00002817 
0.00002821 
0.00002825 
0.00002827 
0.00002825 
0.00002824 
0.00002806 
0.00002800 
0.00002798 
0.00002790 
0.00002792 
0.00002810 
0.00002817 
0.00002833 
0.00002850 
0.00002797 
0.00002793 
0.00002799 
0.00002803 
0.00002755 
0.00002730 
0.00002711 
0.00002679 
0.00002690 
0.00002677 
0.00002678 
0.00002700 
0.00002704 
0.00002680 
0.00002668 
0.00002650 
0.00002654 
0.00002650 
0.00002655 
0.00002663 
0.00002674 
0.00002656 
0.00002674 
0.00002685 
0.00002704 
0.00002692 
0.00002690 
0.00002680 
0.00002668 
0.00002672 
0.00002655 
0.00002675 
0.00002678 
0.00002663 
0.00002650 
0.00002625 
0.00002643 
0.00002662 
0.00002684 
0.00002690 
0.00002679 
0.00002670 
0.00002687 
0.00002679 
0.00002720 
0.00002709 
0.00002713 
0.00002735 
0.00002749 
0.00002756 
0.00002788 
0.00002785 
0.00002763 
0.00002753 
0.00002749 
0.00002737 
0.00002703 
0.00002684 
0.00002685 
0.00002687 
0.00002691 
0.00002716 
0.00002715 
0.00002715 
0.00002701 
0.00002700 
0.00002679 
0.00002679 
0.00002738 
0.00002747 
0.00002741 
0.00002719 
0.00002727 
0.00002718 
0.00002730 
0.00002788 
0.00002792 
0.00002821 
0.00002800 
0.00002745 
0.00002793 
0.00002746 
0.00002680 
0.00002660 
0.00002629 
0.00002610 
0.00002614 
0.00002583 
0.00002587 
0.00002580 
0.00002569 
0.00002535 
0.00002543 
0.00002544 
0.00002555 
0.00002540 
0.00002543 
0.00002550 
0.00002544 
0.00002548 
0.00002554 
0.00002558 
0.00002558 
0.00002574 
0.00002557 
0.00002569 
0.00002558 
0.00002580 
0.00002575 
0.00002584 
0.00002589 
0.00002583 
0.00002583 
0.00002599 
0.00002605 
0.00002594 
0.00002595 
0.00002602 
0.00002603 
0.00002577 
0.00002572 
0.00002566 
0.00002589 
0.00002577 
0.00002589 
0.00002609 
0.00002605 
0.00002620 
0.00002612 
0.00002581 
0.00002601 
0.00002602 
0.00002605 
0.00002604 
0.00002609 
0.00002613 
0.00002604 
0.00002613 
0.00002599 
0.00002608 
0.00002611 
0.00002611 
0.00002630 
0.00002606 
0.00002599 
0.00002594 
0.00002597 
0.00002585 
0.00002605 
0.00002599 
0.00002603 
0.00002599 
0.00002605 
0.00002612 
0.00002584 
0.00002590 
0.00002576 
0.00002567 
0.00002569 
0.00002558 
0.00002547 
0.00002550 
0.00002568 
0.00002567 
0.00002545 
0.00002549 
0.00002542 
0.00002545 
0.00002568 
0.00002587 
0.00002586 
0.00002587 
0.00002613 
0.00002623 
0.00002609 
0.00002608 
0.00002610 
0.00002609 
0.00002609 
0.00002618 
0.00002606 
0.00002609 
0.00002610 
0.00002623 
0.00002625 
0.00002630 
0.00002634 
0.00002621 
0.00002622 
0.00002637 
0.00002648 
0.00002655 
0.00002655 
0.00002664 
0.00002673 
0.00002667 
0.00002658 
0.00002639 
0.00002651 
0.00002644 
0.00002650 
0.00002635 
0.00002628 
0.00002626 
0.00002616 
0.00002610 
0.00002605 
0.00002610 
0.00002625 
0.00002643 
0.00002646 
0.00002636 
0.00002609 
0.00002590 
0.00002605 
0.00002619 
0.00002608 
0.00002605 
0.00002599 
0.00002618 
0.00002614 
0.00002631 
0.00002673 
0.00002653 
0.00002659 
0.00002646 
0.00002647 
0.00002645 
0.00002632 
0.00002629 
0.00002611 
0.00002593 
0.00002591 
0.00002611 
0.00002603 
0.00002603 
0.00002574 
0.00002574 
0.00002563 
0.00002565 
0.00002559 
