5966.00000000 
19559.00000000 
11587.00000000 
27370.00000000 
47081.00000000 
2400.00000000 
1877.00000000 
26049.00000000 
16144.00000000 
13155.00000000 
58475.00000000 
15792.00000000 
44267.00000000 
13655.00000000 
49865.00000000 
11783.00000000 
39681.00000000 
90033.00000000 
51690.00000000 
28240.00000000 
126459.00000000 
12098.00000000 
28952.00000000 
31007.00000000 
84109.00000000 
34988.00000000 
62319.00000000 
28007.00000000 
283942.00000000 
68251.00000000 
26965.00000000 
75457.00000000 
179367.00000000 
67328.00000000 
39097.00000000 
51530.00000000 
13847.00000000 
11273.00000000 
11925.00000000 
26264.00000000 
24659.00000000 
38787.00000000 
14004.00000000 
34956.00000000 
28565.00000000 
3641.00000000 
1965.00000000 
16247.00000000 
19564.00000000 
10130.00000000 
20072.00000000 
3847.00000000 
33763.00000000 
16494.00000000 
41408.00000000 
18649.00000000 
20748.00000000 
10807.00000000 
19614.00000000 
3389.00000000 
2363.00000000 
31936.00000000 
20342.00000000 
24587.00000000 
32198.00000000 
21474.00000000 
35400.00000000 
21018.00000000 
30693.00000000 
127952.00000000 
160812.00000000 
35054.00000000 
77840.00000000 
60709.00000000 
53072.00000000 
36292.00000000 
76449.00000000 
25578.00000000 
35644.00000000 
47717.00000000 
41642.00000000 
15698.00000000 
61100.00000000 
34448.00000000 
5014.00000000 
63572.00000000 
23043.00000000 
22654.00000000 
62168.00000000 
44938.00000000 
66331.00000000 
57814.00000000 
149190.00000000 
24722.00000000 
24807.00000000 
17743.00000000 
7265.00000000 
56028.00000000 
24122.00000000 
86800.00000000 
51475.00000000 
84632.00000000 
64531.00000000 
95025.00000000 
46092.00000000 
31180.00000000 
77121.00000000 
56656.00000000 
18026.00000000 
46835.00000000 
40313.00000000 
53528.00000000 
110319.00000000 
56739.00000000 
73320.00000000 
39922.00000000 
154198.00000000 
97542.00000000 
305781.00000000 
159645.00000000 
54355.00000000 
48431.00000000 
340277.00000000 
61466.00000000 
113866.00000000 
39928.00000000 
36304.00000000 
28612.00000000 
47468.00000000 
33612.00000000 
38409.00000000 
195411.00000000 
146692.00000000 
148918.00000000 
41812.00000000 
135560.00000000 
82935.00000000 
77167.00000000 
78212.00000000 
135758.00000000 
66466.00000000 
108693.00000000 
34169.00000000 
133908.00000000 
120320.00000000 
86218.00000000 
114766.00000000 
58271.00000000 
89780.00000000 
57944.00000000 
76272.00000000 
311901.00000000 
112980.00000000 
78777.00000000 
166943.00000000 
158996.00000000 
184546.00000000 
211236.00000000 
146652.00000000 
216845.00000000 
113718.00000000 
105806.00000000 
169753.00000000 
285996.00000000 
230889.00000000 
192719.00000000 
73464.00000000 
121437.00000000 
386189.00000000 
228021.00000000 
347575.00000000 
320315.00000000 
220075.00000000 
157002.00000000 
512421.00000000 
207320.00000000 
547395.00000000 
171019.00000000 
156976.00000000 
192554.00000000 
195828.00000000 
395603.00000000 
262510.00000000 
423283.00000000 
227740.00000000 
542088.00000000 
193851.00000000 
119750.00000000 
125590.00000000 
108317.00000000 
99015.00000000 
157569.00000000 
106655.00000000 
82220.00000000 
75857.00000000 
135491.00000000 
117780.00000000 
69591.00000000 
47538.00000000 
37437.00000000 
139716.00000000 
91089.00000000 
258239.00000000 
80297.00000000 
55319.00000000 
58145.00000000 
82675.00000000 
77688.00000000 
46980.00000000 
101108.00000000 
150568.00000000 
230126.00000000 
32180.00000000 
154319.00000000 
139667.00000000 
114710.00000000 
177836.00000000 
141361.00000000 
63128.00000000 
129735.00000000 
55183.00000000 
6407.00000000 
23383.00000000 
53776.00000000 
29392.00000000 
95500.00000000 
30266.00000000 
30341.00000000 
21540.00000000 
29443.00000000 
10328.00000000 
44995.00000000 
63111.00000000 
75171.00000000 
19451.00000000 
94444.00000000 
49512.00000000 
94146.00000000 
282069.00000000 
74982.00000000 
38178.00000000 
180256.00000000 
155070.00000000 
32310.00000000 
62797.00000000 
111595.00000000 
11984.00000000 
80897.00000000 
460609.00000000 
393721.00000000 
70434.00000000 
19330.00000000 
23206.00000000 
9162.00000000 
36921.00000000 
23199.00000000 
56001.00000000 
19120.00000000 
5688.00000000 
7236.00000000 
27606.00000000 
16476.00000000 
18435.00000000 
19859.00000000 
98175.00000000 
22192.00000000 
50615.00000000 
24897.00000000 
43422.00000000 
15239.00000000 
26369.00000000 
33959.00000000 
92265.00000000 
30855.00000000 
133668.00000000 
2911.00000000 
32096.00000000 
25942.00000000 
87415.00000000 
63544.00000000 
25984.00000000 
57225.00000000 
120439.00000000 
11409.00000000 
164551.00000000 
8170.00000000 
10367.00000000 
50821.00000000 
52565.00000000 
66615.00000000 
200543.00000000 
89838.00000000 
111163.00000000 
50651.00000000 
68744.00000000 
8557.00000000 
14474.00000000 
45344.00000000 
5378.00000000 
88634.00000000 
66154.00000000 
78551.00000000 
114179.00000000 
47349.00000000 
109465.00000000 
34773.00000000 
41205.00000000 
14816.00000000 
41036.00000000 
147478.00000000 
41050.00000000 
64417.00000000 
26726.00000000 
144395.00000000 
69287.00000000 
180154.00000000 
150817.00000000 
89967.00000000 
105656.00000000 
99810.00000000 
393336.00000000 
166435.00000000 
156798.00000000 
96241.00000000 
21943.00000000 
21503.00000000 
41241.00000000 
15236.00000000 
69073.00000000 
88697.00000000 
22783.00000000 
16300.00000000 
48428.00000000 
76108.00000000 
29703.00000000 
28150.00000000 
16742.00000000 
50852.00000000 
106973.00000000 
18851.00000000 
10564.00000000 
8492.00000000 
15883.00000000 
12563.00000000 
4322.00000000 
19311.00000000 
5847.00000000 
10028.00000000 
7435.00000000 
18597.00000000 
5151.00000000 
2505.00000000 
31512.00000000 
61319.00000000 
154747.00000000 
24306.00000000 
22072.00000000 
112074.00000000 
99127.00000000 
19733.00000000 
2199.00000000 
36801.00000000 
37513.00000000 
27169.00000000 
21147.00000000 
1146.00000000 
25075.00000000 
51970.00000000 
16648.00000000 
68701.00000000 
106059.00000000 
21647.00000000 
25839.00000000 
48291.00000000 
3367.00000000 
2976.00000000 
2574.00000000 
3041.00000000 
18979.00000000 
4002.00000000 
19797.00000000 
13236.00000000 
109462.00000000 
5810.00000000 
32367.00000000 
2751.00000000 
199.00000000 
43325.00000000 
11812.00000000 
8128.00000000 
18115.00000000 
22774.00000000 
58328.00000000 
127310.00000000 
93091.00000000 
73145.00000000 
9354.00000000 
49577.00000000 
66846.00000000 
23957.00000000 
2358.00000000 
2312.00000000 
4155.00000000 
53271.00000000 
45175.00000000 
18460.00000000 
17959.00000000 
8288.00000000 
46542.00000000 
40801.00000000 
130802.00000000 
14467.00000000 
21627.00000000 
1611.00000000 
1079.00000000 
6866.00000000 
0.00000000 
6606.00000000 
17079.00000000 
52784.00000000 
28742.00000000 
18818.00000000 
1783.00000000 
8506.00000000 
7968.00000000 
20800.00000000 
18639.00000000 
18280.00000000 
23227.00000000 
20640.00000000 
1951.00000000 
47856.00000000 
17364.00000000 
58236.00000000 
37777.00000000 
28920.00000000 
6702.00000000 
6099.00000000 
5513.00000000 
5192.00000000 
9410.00000000 
35483.00000000 
18409.00000000 
32409.00000000 
9941.00000000 
20010.00000000 
10233.00000000 
63744.00000000 
2115.00000000 
21289.00000000 
54199.00000000 
29084.00000000 
23654.00000000 
31227.00000000 
9899.00000000 
79351.00000000 
23217.00000000 
96204.00000000 
19825.00000000 
58691.00000000 
108575.00000000 
11809.00000000 
41612.00000000 
19725.00000000 
2921.00000000 
12848.00000000 
14077.00000000 
56380.00000000 
5506.00000000 
49869.00000000 
16499.00000000 
13640.00000000 
5870.00000000 
102689.00000000 
29028.00000000 
10378.00000000 
22172.00000000 
9175.00000000 
2378.00000000 
11441.00000000 
6343.00000000 
19559.00000000 
11587.00000000 
27370.00000000 
47081.00000000 
2400.00000000 
1877.00000000 
26049.00000000 
16144.00000000 
13155.00000000 
58475.00000000 
15792.00000000 
44267.00000000 
13655.00000000 
49865.00000000 
11783.00000000 
39681.00000000 
90033.00000000 
51690.00000000 
28240.00000000 
126459.00000000 
12098.00000000 
28952.00000000 
31007.00000000 
84109.00000000 
34988.00000000 
62319.00000000 
28007.00000000 
283942.00000000 
68251.00000000 
26965.00000000 
75457.00000000 
179367.00000000 
67328.00000000 
39097.00000000 
51530.00000000 
13847.00000000 
11273.00000000 
11925.00000000 
26264.00000000 
24659.00000000 
38787.00000000 
14004.00000000 
34956.00000000 
28565.00000000 
3641.00000000 
1965.00000000 
16247.00000000 
19564.00000000 
10130.00000000 
20072.00000000 
3847.00000000 
33763.00000000 
16494.00000000 
41408.00000000 
18649.00000000 
20748.00000000 
10807.00000000 
19614.00000000 
3389.00000000 
2363.00000000 
31936.00000000 
20342.00000000 
24587.00000000 
32198.00000000 
21474.00000000 
35400.00000000 
21018.00000000 
30693.00000000 
127952.00000000 
160812.00000000 
35054.00000000 
77840.00000000 
60709.00000000 
53072.00000000 
36292.00000000 
76449.00000000 
25578.00000000 
35644.00000000 
47717.00000000 
41642.00000000 
15698.00000000 
61100.00000000 
34448.00000000 
5014.00000000 
63572.00000000 
23043.00000000 
22654.00000000 
62168.00000000 
44938.00000000 
66331.00000000 
57814.00000000 
149190.00000000 
24722.00000000 
24807.00000000 
17743.00000000 
7265.00000000 
56028.00000000 
24122.00000000 
86800.00000000 
51475.00000000 
84632.00000000 
64531.00000000 
95025.00000000 
46092.00000000 
31180.00000000 
77121.00000000 
56656.00000000 
18026.00000000 
46835.00000000 
40313.00000000 
53528.00000000 
110319.00000000 
56739.00000000 
73320.00000000 
39922.00000000 
154198.00000000 
97542.00000000 
305781.00000000 
159645.00000000 
54355.00000000 
48431.00000000 
340277.00000000 
61466.00000000 
113866.00000000 
39928.00000000 
36304.00000000 
28612.00000000 
47468.00000000 
33612.00000000 
38409.00000000 
195411.00000000 
146692.00000000 
148918.00000000 
41812.00000000 
135560.00000000 
82935.00000000 
77167.00000000 
78212.00000000 
135758.00000000 
66466.00000000 
108693.00000000 
34169.00000000 
133908.00000000 
120320.00000000 
86218.00000000 
114766.00000000 
58271.00000000 
89780.00000000 
57944.00000000 
76272.00000000 
311901.00000000 
112980.00000000 
78777.00000000 
166943.00000000 
158996.00000000 
184546.00000000 
211236.00000000 
146652.00000000 
216845.00000000 
113718.00000000 
105806.00000000 
169753.00000000 
285996.00000000 
230889.00000000 
192719.00000000 
73464.00000000 
121437.00000000 
386189.00000000 
228021.00000000 
347575.00000000 
320315.00000000 
220075.00000000 
157002.00000000 
512421.00000000 
207320.00000000 
547395.00000000 
171019.00000000 
156976.00000000 
192554.00000000 
195828.00000000 
395603.00000000 
262510.00000000 
423283.00000000 
227740.00000000 
542088.00000000 
193851.00000000 
119750.00000000 
125590.00000000 
108317.00000000 
99015.00000000 
157569.00000000 
106655.00000000 
82220.00000000 
75857.00000000 
135491.00000000 
117780.00000000 
69591.00000000 
47538.00000000 
37437.00000000 
139716.00000000 
91089.00000000 
258239.00000000 
80297.00000000 
55319.00000000 
58145.00000000 
82675.00000000 
77688.00000000 
46980.00000000 
101108.00000000 
150568.00000000 
230126.00000000 
32180.00000000 
154319.00000000 
139667.00000000 
114710.00000000 
177836.00000000 
141361.00000000 
63128.00000000 
129735.00000000 
55183.00000000 
6407.00000000 
23383.00000000 
53776.00000000 
29392.00000000 
95500.00000000 
30266.00000000 
30341.00000000 
21540.00000000 
29443.00000000 
10328.00000000 
44995.00000000 
63111.00000000 
75171.00000000 
19451.00000000 
94444.00000000 
49512.00000000 
94146.00000000 
282069.00000000 
74982.00000000 
38178.00000000 
180256.00000000 
155070.00000000 
32310.00000000 
62797.00000000 
111595.00000000 
11984.00000000 
80897.00000000 
460609.00000000 
393721.00000000 
70434.00000000 
19330.00000000 
23206.00000000 
9162.00000000 
36921.00000000 
23199.00000000 
56001.00000000 
19120.00000000 
5688.00000000 
7236.00000000 
27606.00000000 
16476.00000000 
18435.00000000 
19859.00000000 
98175.00000000 
22192.00000000 
50615.00000000 
24897.00000000 
43422.00000000 
15239.00000000 
26369.00000000 
33959.00000000 
92265.00000000 
30855.00000000 
133668.00000000 
2911.00000000 
32096.00000000 
25942.00000000 
87415.00000000 
63544.00000000 
25984.00000000 
57225.00000000 
120439.00000000 
11409.00000000 
164551.00000000 
8170.00000000 
10367.00000000 
50821.00000000 
52565.00000000 
66615.00000000 
200543.00000000 
89838.00000000 
111163.00000000 
50651.00000000 
68744.00000000 
8557.00000000 
14474.00000000 
45344.00000000 
5378.00000000 
88634.00000000 
66154.00000000 
78551.00000000 
114179.00000000 
47349.00000000 
109465.00000000 
34773.00000000 
41205.00000000 
14816.00000000 
41036.00000000 
147478.00000000 
41050.00000000 
64417.00000000 
26726.00000000 
144395.00000000 
69287.00000000 
180154.00000000 
150817.00000000 
89967.00000000 
105656.00000000 
99810.00000000 
393336.00000000 
166435.00000000 
156798.00000000 
96241.00000000 
21943.00000000 
21503.00000000 
41241.00000000 
15236.00000000 
69073.00000000 
88697.00000000 
22783.00000000 
16300.00000000 
48428.00000000 
76108.00000000 
29703.00000000 
28150.00000000 
16742.00000000 
50852.00000000 
106973.00000000 
18851.00000000 
10564.00000000 
8492.00000000 
15883.00000000 
12563.00000000 
4322.00000000 
19311.00000000 
5847.00000000 
10028.00000000 
7435.00000000 
18597.00000000 
5151.00000000 
2505.00000000 
31512.00000000 
61319.00000000 
154747.00000000 
24306.00000000 
22072.00000000 
112074.00000000 
99127.00000000 
19733.00000000 
2199.00000000 
36801.00000000 
37513.00000000 
27169.00000000 
21147.00000000 
1146.00000000 
25075.00000000 
51970.00000000 
16648.00000000 
68701.00000000 
106059.00000000 
21647.00000000 
25839.00000000 
48291.00000000 
3367.00000000 
2976.00000000 
2574.00000000 
3041.00000000 
18979.00000000 
4002.00000000 
19797.00000000 
13236.00000000 
109462.00000000 
5810.00000000 
32367.00000000 
2751.00000000 
199.00000000 
43325.00000000 
11812.00000000 
8128.00000000 
18115.00000000 
22774.00000000 
58328.00000000 
127310.00000000 
93091.00000000 
73145.00000000 
9354.00000000 
49577.00000000 
66846.00000000 
23957.00000000 
2358.00000000 
2312.00000000 
4155.00000000 
53271.00000000 
45175.00000000 
18460.00000000 
17959.00000000 
8288.00000000 
46542.00000000 
40801.00000000 
130802.00000000 
14467.00000000 
21627.00000000 
1611.00000000 
1079.00000000 
6866.00000000 
0.00000000 
6606.00000000 
17079.00000000 
52784.00000000 
28742.00000000 
18818.00000000 
1783.00000000 
8506.00000000 
7968.00000000 
20800.00000000 
18639.00000000 
18280.00000000 
23227.00000000 
20640.00000000 
1951.00000000 
47856.00000000 
17364.00000000 
58236.00000000 
37777.00000000 
28920.00000000 
6702.00000000 
6099.00000000 
5513.00000000 
5192.00000000 
9410.00000000 
35483.00000000 
18409.00000000 
32409.00000000 
9941.00000000 
20010.00000000 
10233.00000000 
63744.00000000 
2115.00000000 
21289.00000000 
54199.00000000 
29084.00000000 
23654.00000000 
31227.00000000 
9899.00000000 
79351.00000000 
23217.00000000 
96204.00000000 
19825.00000000 
58691.00000000 
108575.00000000 
11809.00000000 
41612.00000000 
19725.00000000 
2921.00000000 
12848.00000000 
14077.00000000 
56380.00000000 
5506.00000000 
49869.00000000 
16499.00000000 
13640.00000000 
5870.00000000 
102689.00000000 
29028.00000000 
10378.00000000 
22172.00000000 
9175.00000000 
2378.00000000 
11441.00000000 
6343.00000000 
19559.00000000 
11587.00000000 
27370.00000000 
47081.00000000 
2400.00000000 
1877.00000000 
26049.00000000 
16144.00000000 
13155.00000000 
58475.00000000 
15792.00000000 
44267.00000000 
13655.00000000 
49865.00000000 
11783.00000000 
39681.00000000 
90033.00000000 
51690.00000000 
28240.00000000 
126459.00000000 
12098.00000000 
28952.00000000 
31007.00000000 
84109.00000000 
34988.00000000 
62319.00000000 
28007.00000000 
283942.00000000 
68251.00000000 
26965.00000000 
75457.00000000 
179367.00000000 
67328.00000000 
39097.00000000 
51530.00000000 
13847.00000000 
11273.00000000 
11925.00000000 
26264.00000000 
24659.00000000 
38787.00000000 
14004.00000000 
34956.00000000 
28565.00000000 
3641.00000000 
1965.00000000 
16247.00000000 
19564.00000000 
10130.00000000 
20072.00000000 
3847.00000000 
33763.00000000 
16494.00000000 
41408.00000000 
18649.00000000 
20748.00000000 
10807.00000000 
19614.00000000 
3389.00000000 
2363.00000000 
31936.00000000 
20342.00000000 
24587.00000000 
32198.00000000 
21474.00000000 
35400.00000000 
21018.00000000 
30693.00000000 
127952.00000000 
160812.00000000 
35054.00000000 
77840.00000000 
60709.00000000 
53072.00000000 
36292.00000000 
76449.00000000 
25578.00000000 
35644.00000000 
47717.00000000 
41642.00000000 
15698.00000000 
61100.00000000 
34448.00000000 
5014.00000000 
63572.00000000 
23043.00000000 
22654.00000000 
62168.00000000 
44938.00000000 
66331.00000000 
57814.00000000 
149190.00000000 
24722.00000000 
24807.00000000 
17743.00000000 
7265.00000000 
56028.00000000 
24122.00000000 
86800.00000000 
51475.00000000 
84632.00000000 
64531.00000000 
95025.00000000 
46092.00000000 
31180.00000000 
77121.00000000 
56656.00000000 
18026.00000000 
46835.00000000 
40313.00000000 
53528.00000000 
110319.00000000 
56739.00000000 
73320.00000000 
39922.00000000 
154198.00000000 
97542.00000000 
305781.00000000 
159645.00000000 
54355.00000000 
48431.00000000 
340277.00000000 
61466.00000000 
113866.00000000 
39928.00000000 
36304.00000000 
28612.00000000 
47468.00000000 
33612.00000000 
38409.00000000 
195411.00000000 
146692.00000000 
148918.00000000 
41812.00000000 
135560.00000000 
82935.00000000 
77167.00000000 
78212.00000000 
135758.00000000 
66466.00000000 
108693.00000000 
34169.00000000 
133908.00000000 
120320.00000000 
86218.00000000 
114766.00000000 
58271.00000000 
89780.00000000 
57944.00000000 
76272.00000000 
311901.00000000 
112980.00000000 
78777.00000000 
166943.00000000 
158996.00000000 
184546.00000000 
211236.00000000 
146652.00000000 
216845.00000000 
113718.00000000 
105806.00000000 
169753.00000000 
285996.00000000 
230889.00000000 
192719.00000000 
73464.00000000 
121437.00000000 
386189.00000000 
228021.00000000 
347575.00000000 
320315.00000000 
220075.00000000 
157002.00000000 
512421.00000000 
207320.00000000 
547395.00000000 
171019.00000000 
156976.00000000 
192554.00000000 
195828.00000000 
395603.00000000 
262510.00000000 
423283.00000000 
227740.00000000 
542088.00000000 
193851.00000000 
119750.00000000 
125590.00000000 
108317.00000000 
99015.00000000 
157569.00000000 
106655.00000000 
82220.00000000 
75857.00000000 
135491.00000000 
117780.00000000 
69591.00000000 
47538.00000000 
37437.00000000 
139716.00000000 
91089.00000000 
258239.00000000 
80297.00000000 
55319.00000000 
58145.00000000 
82675.00000000 
77688.00000000 
46980.00000000 
101108.00000000 
150568.00000000 
230126.00000000 
32180.00000000 
154319.00000000 
139667.00000000 
114710.00000000 
177836.00000000 
141361.00000000 
63128.00000000 
129735.00000000 
55183.00000000 
6407.00000000 
23383.00000000 
53776.00000000 
29392.00000000 
95500.00000000 
30266.00000000 
30341.00000000 
21540.00000000 
29443.00000000 
10328.00000000 
44995.00000000 
63111.00000000 
75171.00000000 
19451.00000000 
94444.00000000 
49512.00000000 
94146.00000000 
282069.00000000 
74982.00000000 
38178.00000000 
180256.00000000 
155070.00000000 
32310.00000000 
62797.00000000 
111595.00000000 
11984.00000000 
80897.00000000 
460609.00000000 
393721.00000000 
70434.00000000 
19330.00000000 
23206.00000000 
9162.00000000 
36921.00000000 
23199.00000000 
56001.00000000 
19120.00000000 
5688.00000000 
7236.00000000 
27606.00000000 
16476.00000000 
18435.00000000 
19859.00000000 
98175.00000000 
22192.00000000 
50615.00000000 
24897.00000000 
43422.00000000 
15239.00000000 
26369.00000000 
33959.00000000 
92265.00000000 
30855.00000000 
133668.00000000 
2911.00000000 
32096.00000000 
25942.00000000 
87415.00000000 
63544.00000000 
25984.00000000 
57225.00000000 
120439.00000000 
11409.00000000 
164551.00000000 
8170.00000000 
10367.00000000 
50821.00000000 
52565.00000000 
66615.00000000 
200543.00000000 
89838.00000000 
111163.00000000 
50651.00000000 
68744.00000000 
8557.00000000 
14474.00000000 
45344.00000000 
5378.00000000 
88634.00000000 
66154.00000000 
78551.00000000 
114179.00000000 
47349.00000000 
109465.00000000 
34773.00000000 
41205.00000000 
14816.00000000 
41036.00000000 
147478.00000000 
41050.00000000 
64417.00000000 
26726.00000000 
144395.00000000 
69287.00000000 
180154.00000000 
150817.00000000 
89967.00000000 
105656.00000000 
99810.00000000 
393336.00000000 
166435.00000000 
156798.00000000 
96241.00000000 
21943.00000000 
21503.00000000 
41241.00000000 
15236.00000000 
69073.00000000 
88697.00000000 
22783.00000000 
16300.00000000 
48428.00000000 
76108.00000000 
29703.00000000 
28150.00000000 
16742.00000000 
50852.00000000 
106973.00000000 
18851.00000000 
10564.00000000 
8492.00000000 
15883.00000000 
12563.00000000 
4322.00000000 
19311.00000000 
5847.00000000 
10028.00000000 
7435.00000000 
18597.00000000 
5151.00000000 
2505.00000000 
31512.00000000 
61319.00000000 
154747.00000000 
24306.00000000 
22072.00000000 
112074.00000000 
99127.00000000 
19733.00000000 
2199.00000000 
36801.00000000 
37513.00000000 
27169.00000000 
21147.00000000 
1146.00000000 
25075.00000000 
51970.00000000 
16648.00000000 
68701.00000000 
106059.00000000 
21647.00000000 
25839.00000000 
48291.00000000 
3367.00000000 
2976.00000000 
2574.00000000 
3041.00000000 
18979.00000000 
4002.00000000 
19797.00000000 
13236.00000000 
109462.00000000 
5810.00000000 
32367.00000000 
2751.00000000 
199.00000000 
43325.00000000 
11812.00000000 
8128.00000000 
18115.00000000 
22774.00000000 
58328.00000000 
127310.00000000 
93091.00000000 
73145.00000000 
9354.00000000 
49577.00000000 
66846.00000000 
23957.00000000 
2358.00000000 
2312.00000000 
4155.00000000 
53271.00000000 
45175.00000000 
18460.00000000 
17959.00000000 
8288.00000000 
46542.00000000 
40801.00000000 
130802.00000000 
14467.00000000 
21627.00000000 
1611.00000000 
1079.00000000 
6866.00000000 
0.00000000 
6606.00000000 
17079.00000000 
52784.00000000 
28742.00000000 
18818.00000000 
1783.00000000 
8506.00000000 
7968.00000000 
20800.00000000 
18639.00000000 
18280.00000000 
23227.00000000 
20640.00000000 
1951.00000000 
47856.00000000 
17364.00000000 
58236.00000000 
37777.00000000 
28920.00000000 
6702.00000000 
6099.00000000 
5513.00000000 
5192.00000000 
9410.00000000 
35483.00000000 
18409.00000000 
32409.00000000 
9941.00000000 
20010.00000000 
10233.00000000 
63744.00000000 
2115.00000000 
21289.00000000 
54199.00000000 
29084.00000000 
23654.00000000 
31227.00000000 
9899.00000000 
79351.00000000 
23217.00000000 
96204.00000000 
19825.00000000 
58691.00000000 
108575.00000000 
11809.00000000 
41612.00000000 
19725.00000000 
2921.00000000 
12848.00000000 
14077.00000000 
56380.00000000 
5506.00000000 
49869.00000000 
16499.00000000 
13640.00000000 
5870.00000000 
102689.00000000 
29028.00000000 
10378.00000000 
22172.00000000 
9175.00000000 
2378.00000000 
