0.00010727 
0.00010716 
0.00010776 
0.00010776 
0.00010803 
0.00010784 
0.00010779 
0.00010770 
0.00010770 
0.00010778 
0.00010669 
0.00010767 
0.00010773 
0.00010708 
0.00010712 
0.00010768 
0.00010749 
0.00010739 
0.00010739 
0.00010734 
0.00010735 
0.00010731 
0.00010737 
0.00010670 
0.00010740 
0.00010638 
0.00010683 
0.00010730 
0.00010766 
0.00010718 
0.00010715 
0.00010756 
0.00010701 
0.00010670 
0.00010631 
0.00010649 
0.00010642 
0.00010755 
0.00010720 
0.00010728 
0.00010812 
0.00010768 
0.00010844 
0.00010866 
0.00010771 
0.00010803 
0.00010850 
0.00010792 
0.00010713 
0.00010699 
0.00010588 
0.00010669 
0.00010594 
0.00010693 
0.00010643 
0.00010642 
0.00010601 
0.00010622 
0.00010622 
0.00010621 
0.00010642 
0.00010622 
0.00010642 
0.00010622 
0.00010574 
0.00010557 
0.00010560 
0.00010556 
0.00010556 
0.00010561 
0.00010543 
0.00010542 
0.00010556 
0.00010551 
0.00010537 
0.00010537 
0.00010500 
0.00010539 
0.00010554 
0.00010545 
0.00010545 
0.00010521 
0.00010502 
0.00010527 
0.00010525 
0.00010487 
0.00010530 
0.00010534 
0.00010542 
0.00010535 
0.00010520 
0.00010539 
0.00010503 
0.00010552 
0.00010552 
0.00010549 
0.00010547 
0.00010534 
0.00010476 
0.00010535 
0.00010535 
0.00010524 
0.00010510 
0.00010522 
0.00010522 
0.00010526 
0.00010475 
0.00010492 
0.00010538 
0.00010359 
0.00010414 
0.00010464 
0.00010396 
0.00010369 
0.00010384 
0.00010359 
0.00010488 
0.00010540 
0.00010518 
0.00010524 
0.00010486 
0.00010482 
0.00010488 
0.00010382 
0.00010405 
0.00010406 
0.00010381 
0.00010387 
0.00010376 
0.00010435 
0.00010452 
0.00010465 
0.00010481 
0.00010372 
0.00010361 
0.00010360 
0.00010326 
0.00010313 
0.00010314 
0.00010225 
0.00010313 
0.00010321 
0.00010351 
0.00010410 
0.00010306 
0.00010307 
0.00010269 
0.00010248 
0.00010276 
0.00010329 
0.00010330 
0.00010330 
0.00010323 
0.00010263 
0.00010223 
0.00010277 
0.00010317 
0.00010277 
0.00010277 
0.00010220 
0.00010237 
0.00010237 
0.00010271 
0.00010257 
0.00010255 
0.00010292 
0.00010383 
0.00010439 
0.00010271 
0.00010257 
0.00010257 
0.00010267 
0.00010163 
0.00010163 
0.00010117 
0.00010117 
0.00010126 
0.00010135 
0.00010051 
0.00010061 
0.00010065 
0.00010114 
0.00010071 
0.00010142 
0.00010085 
0.00010144 
0.00010144 
0.00010132 
0.00010064 
0.00010065 
0.00010093 
0.00010090 
0.00010152 
0.00010098 
0.00010090 
0.00010092 
0.00010081 
0.00010098 
0.00010098 
0.00010117 
0.00010113 
0.00010092 
0.00010089 
0.00010073 
0.00010133 
0.00010124 
0.00010146 
0.00010146 
0.00010146 
0.00010098 
0.00010095 
0.00010095 
0.00010082 
0.00010103 
0.00010110 
0.00010121 
0.00010185 
0.00010185 
0.00010205 
0.00010197 
0.00010212 
0.00010194 
0.00010225 
0.00010190 
0.00010168 
0.00010195 
0.00010200 
0.00010110 
0.00010110 
0.00010086 
0.00010096 
0.00010158 
0.00010141 
0.00010100 
0.00010036 
0.00010034 
0.00010030 
0.00010050 
0.00010010 
0.00010030 
0.00010112 
0.00010114 
0.00010186 
0.00010159 
0.00010236 
0.00010220 
0.00010217 
0.00010271 
0.00010239 
0.00010129 
0.00010169 
0.00010169 
0.00010166 
0.00010202 
0.00010206 
0.00010162 
0.00010161 
0.00010090 
0.00010090 
0.00010166 
0.00010158 
0.00010249 
0.00010181 
0.00010118 
0.00010117 
0.00010116 
0.00010116 
0.00010116 
0.00010116 
0.00010031 
0.00010081 
0.00010074 
0.00010043 
0.00010117 
0.00010115 
0.00010117 
0.00010117 
0.00010117 
0.00010024 
0.00010084 
0.00010084 
0.00010084 
0.00010084 
0.00010084 
0.00010107 
0.00010076 
0.00009932 
0.00009978 
0.00009978 
0.00009978 
0.00010051 
0.00010015 
0.00010015 
0.00009990 
0.00009985 
0.00009985 
0.00009954 
0.00009954 
0.00010030 
0.00010066 
0.00010066 
0.00010000 
0.00010000 
0.00010000 
0.00010000 
0.00010000 
0.00010002 
0.00010002 
0.00010025 
0.00010011 
0.00010013 
0.00010022 
0.00010032 
0.00010112 
0.00010086 
0.00010004 
0.00010043 
0.00010032 
0.00010047 
0.00010010 
0.00010012 
0.00010017 
0.00010013 
0.00010050 
0.00010009 
0.00010078 
0.00010029 
0.00010033 
0.00010034 
0.00010088 
0.00010029 
0.00010049 
0.00010060 
0.00010057 
0.00010070 
0.00010105 
0.00010048 
0.00010053 
0.00010070 
0.00010132 
0.00010132 
0.00010165 
0.00010130 
0.00010112 
0.00010063 
0.00010063 
0.00010063 
0.00010093 
0.00010103 
0.00010110 
0.00010108 
0.00010173 
0.00010126 
0.00010183 
0.00010185 
0.00010112 
0.00010199 
0.00010143 
0.00010094 
0.00010100 
0.00010171 
0.00010173 
0.00010192 
0.00010262 
0.00010201 
0.00010306 
0.00010333 
0.00010333 
0.00010336 
0.00010336 
0.00010336 
0.00010336 
0.00010339 
0.00010336 
0.00010336 
0.00010336 
0.00010375 
0.00010360 
0.00010375 
0.00010377 
0.00010417 
0.00010390 
0.00010390 
0.00010375 
0.00010375 
0.00010380 
0.00010380 
0.00010380 
0.00010453 
0.00010455 
0.00010455 
0.00010464 
0.00010496 
0.00010501 
0.00010573 
0.00010571 
0.00010571 
0.00010571 
0.00010607 
0.00010571 
0.00010571 
0.00010571 
0.00010571 
0.00010593 
0.00010571 
0.00010571 
0.00010571 
0.00010571 
0.00010572 
0.00010579 
0.00010579 
0.00010577 
0.00010593 
0.00010593 
0.00010593 
0.00010581 
0.00010581 
0.00010572 
0.00010572 
0.00010572 
0.00010571 
0.00010571 
0.00010584 
0.00010639 
0.00010628 
0.00010640 
0.00010650 
0.00010731 
0.00010743 
0.00010769 
0.00010736 
0.00010751 
0.00010691 
0.00010731 
0.00010672 
0.00010679 
0.00010679 
0.00010670 
0.00010670 
0.00010731 
0.00010670 
0.00010670 
0.00010731 
0.00010680 
0.00010583 
0.00010690 
0.00010690 
0.00010665 
0.00010665 
0.00010623 
0.00010561 
0.00010563 
0.00010623 
0.00010610 
0.00010610 
0.00010555 
0.00010550 
0.00010610 
0.00010559 
0.00010575 
0.00010623 
0.00010623 
0.00010623 
0.00010626 
0.00010575 
0.00010575 
0.00010575 
0.00010575 
0.00010595 
0.00010549 
0.00010574 
0.00010680 
0.00010680 
0.00010654 
0.00010654 
0.00010639 
0.00010639 
0.00010639 
0.00010589 
0.00010727 
0.00010716 
0.00010776 
0.00010776 
0.00010803 
0.00010784 
0.00010779 
0.00010770 
0.00010770 
0.00010778 
0.00010669 
0.00010767 
0.00010773 
0.00010708 
0.00010712 
0.00010768 
0.00010749 
0.00010739 
0.00010739 
0.00010734 
0.00010735 
0.00010731 
0.00010737 
0.00010670 
0.00010740 
0.00010638 
0.00010683 
0.00010730 
0.00010766 
0.00010718 
0.00010715 
0.00010756 
0.00010701 
0.00010670 
0.00010631 
0.00010649 
0.00010642 
0.00010755 
0.00010720 
0.00010728 
0.00010812 
0.00010768 
0.00010844 
0.00010866 
0.00010771 
0.00010803 
0.00010850 
0.00010792 
0.00010713 
0.00010699 
0.00010588 
0.00010669 
0.00010594 
0.00010693 
0.00010643 
0.00010642 
0.00010601 
0.00010622 
0.00010622 
0.00010621 
0.00010642 
0.00010622 
0.00010642 
0.00010622 
0.00010574 
0.00010557 
0.00010560 
0.00010556 
0.00010556 
0.00010561 
0.00010543 
0.00010542 
0.00010556 
0.00010551 
0.00010537 
0.00010537 
0.00010500 
0.00010539 
0.00010554 
0.00010545 
0.00010545 
0.00010521 
0.00010502 
0.00010527 
0.00010525 
0.00010487 
0.00010530 
0.00010534 
0.00010542 
0.00010535 
0.00010520 
0.00010539 
0.00010503 
0.00010552 
0.00010552 
0.00010549 
0.00010547 
0.00010534 
0.00010476 
0.00010535 
0.00010535 
0.00010524 
0.00010510 
0.00010522 
0.00010522 
0.00010526 
0.00010475 
0.00010492 
0.00010538 
0.00010359 
0.00010414 
0.00010464 
0.00010396 
0.00010369 
0.00010384 
0.00010359 
0.00010488 
0.00010540 
0.00010518 
0.00010524 
0.00010486 
0.00010482 
0.00010488 
0.00010382 
0.00010405 
0.00010406 
0.00010381 
0.00010387 
0.00010376 
0.00010435 
0.00010452 
0.00010465 
0.00010481 
0.00010372 
0.00010361 
0.00010360 
0.00010326 
0.00010313 
0.00010314 
0.00010225 
0.00010313 
0.00010321 
0.00010351 
0.00010410 
0.00010306 
0.00010307 
0.00010269 
0.00010248 
0.00010276 
0.00010329 
0.00010330 
0.00010330 
0.00010323 
0.00010263 
0.00010223 
0.00010277 
0.00010317 
0.00010277 
0.00010277 
0.00010220 
0.00010237 
0.00010237 
0.00010271 
0.00010257 
0.00010255 
0.00010292 
0.00010383 
0.00010439 
0.00010271 
0.00010257 
0.00010257 
0.00010267 
0.00010163 
0.00010163 
0.00010117 
0.00010117 
0.00010126 
0.00010135 
0.00010051 
0.00010061 
0.00010065 
0.00010114 
0.00010071 
0.00010142 
0.00010085 
0.00010144 
0.00010144 
0.00010132 
0.00010064 
0.00010065 
0.00010093 
0.00010090 
0.00010152 
0.00010098 
0.00010090 
0.00010092 
0.00010081 
0.00010098 
0.00010098 
0.00010117 
0.00010113 
0.00010092 
0.00010089 
0.00010073 
0.00010133 
0.00010124 
0.00010146 
0.00010146 
0.00010146 
0.00010098 
0.00010095 
0.00010095 
0.00010082 
0.00010103 
0.00010110 
0.00010121 
0.00010185 
0.00010185 
0.00010205 
0.00010197 
0.00010212 
0.00010194 
0.00010225 
0.00010190 
0.00010168 
0.00010195 
0.00010200 
0.00010110 
0.00010110 
0.00010086 
0.00010096 
0.00010158 
0.00010141 
0.00010100 
0.00010036 
0.00010034 
0.00010030 
0.00010050 
0.00010010 
0.00010030 
0.00010112 
0.00010114 
0.00010186 
0.00010159 
0.00010236 
0.00010220 
0.00010217 
0.00010271 
0.00010239 
0.00010129 
0.00010169 
0.00010169 
0.00010166 
0.00010202 
0.00010206 
0.00010162 
0.00010161 
0.00010090 
0.00010090 
0.00010166 
0.00010158 
0.00010249 
0.00010181 
0.00010118 
0.00010117 
0.00010116 
0.00010116 
0.00010116 
0.00010116 
0.00010031 
0.00010081 
0.00010074 
0.00010043 
0.00010117 
0.00010115 
0.00010117 
0.00010117 
0.00010117 
0.00010024 
0.00010084 
0.00010084 
0.00010084 
0.00010084 
0.00010084 
0.00010107 
0.00010076 
0.00009932 
0.00009978 
0.00009978 
0.00009978 
0.00010051 
0.00010015 
0.00010015 
0.00009990 
0.00009985 
0.00009985 
0.00009954 
0.00009954 
0.00010030 
0.00010066 
0.00010066 
0.00010000 
0.00010000 
0.00010000 
0.00010000 
0.00010000 
0.00010002 
0.00010002 
0.00010025 
0.00010011 
0.00010013 
0.00010022 
0.00010032 
0.00010112 
0.00010086 
0.00010004 
0.00010043 
0.00010032 
0.00010047 
0.00010010 
0.00010012 
0.00010017 
0.00010013 
0.00010050 
0.00010009 
0.00010078 
0.00010029 
0.00010033 
0.00010034 
0.00010088 
0.00010029 
0.00010049 
0.00010060 
0.00010057 
0.00010070 
0.00010105 
0.00010048 
0.00010053 
0.00010070 
0.00010132 
0.00010132 
0.00010165 
0.00010130 
0.00010112 
0.00010063 
0.00010063 
0.00010063 
0.00010093 
0.00010103 
0.00010110 
0.00010108 
0.00010173 
0.00010126 
0.00010183 
0.00010185 
0.00010112 
0.00010199 
0.00010143 
0.00010094 
0.00010100 
0.00010171 
0.00010173 
0.00010192 
0.00010262 
0.00010201 
0.00010306 
0.00010333 
0.00010333 
0.00010336 
0.00010336 
0.00010336 
0.00010336 
0.00010339 
0.00010336 
0.00010336 
0.00010336 
0.00010375 
0.00010360 
0.00010375 
0.00010377 
0.00010417 
0.00010390 
0.00010390 
0.00010375 
0.00010375 
0.00010380 
0.00010380 
0.00010380 
0.00010453 
0.00010455 
0.00010455 
0.00010464 
0.00010496 
0.00010501 
0.00010573 
0.00010571 
0.00010571 
0.00010571 
0.00010607 
0.00010571 
0.00010571 
0.00010571 
0.00010571 
0.00010593 
0.00010571 
0.00010571 
0.00010571 
0.00010571 
0.00010572 
0.00010579 
0.00010579 
0.00010577 
0.00010593 
0.00010593 
0.00010593 
0.00010581 
0.00010581 
0.00010572 
0.00010572 
0.00010572 
0.00010571 
0.00010571 
0.00010584 
0.00010639 
0.00010628 
0.00010640 
0.00010650 
0.00010731 
0.00010743 
0.00010769 
0.00010736 
0.00010751 
0.00010691 
0.00010731 
0.00010672 
0.00010679 
0.00010679 
0.00010670 
0.00010670 
0.00010731 
0.00010670 
0.00010670 
0.00010731 
0.00010680 
0.00010583 
0.00010690 
0.00010690 
0.00010665 
0.00010665 
0.00010623 
0.00010561 
0.00010563 
0.00010623 
0.00010610 
0.00010610 
0.00010555 
0.00010550 
0.00010610 
0.00010559 
0.00010575 
0.00010623 
0.00010623 
0.00010623 
0.00010626 
0.00010575 
0.00010575 
0.00010575 
0.00010575 
0.00010595 
0.00010549 
0.00010574 
0.00010680 
0.00010680 
0.00010654 
0.00010654 
0.00010639 
0.00010639 
0.00010639 
0.00010589 
0.00010727 
0.00010716 
0.00010776 
0.00010776 
0.00010803 
0.00010784 
0.00010779 
0.00010770 
0.00010770 
0.00010778 
0.00010669 
0.00010767 
0.00010773 
0.00010708 
0.00010712 
0.00010768 
0.00010749 
0.00010739 
0.00010739 
0.00010734 
0.00010735 
0.00010731 
0.00010737 
0.00010670 
0.00010740 
0.00010638 
0.00010683 
0.00010730 
0.00010766 
0.00010718 
0.00010715 
0.00010756 
0.00010701 
0.00010670 
0.00010631 
0.00010649 
0.00010642 
0.00010755 
0.00010720 
0.00010728 
0.00010812 
0.00010768 
0.00010844 
0.00010866 
0.00010771 
0.00010803 
0.00010850 
0.00010792 
0.00010713 
0.00010699 
0.00010588 
0.00010669 
0.00010594 
0.00010693 
0.00010643 
0.00010642 
0.00010601 
0.00010622 
0.00010622 
0.00010621 
0.00010642 
0.00010622 
0.00010642 
0.00010622 
0.00010574 
0.00010557 
0.00010560 
0.00010556 
0.00010556 
0.00010561 
0.00010543 
0.00010542 
0.00010556 
0.00010551 
0.00010537 
0.00010537 
0.00010500 
0.00010539 
0.00010554 
0.00010545 
0.00010545 
0.00010521 
0.00010502 
0.00010527 
0.00010525 
0.00010487 
0.00010530 
0.00010534 
0.00010542 
0.00010535 
0.00010520 
0.00010539 
0.00010503 
0.00010552 
0.00010552 
0.00010549 
0.00010547 
0.00010534 
0.00010476 
0.00010535 
0.00010535 
0.00010524 
0.00010510 
0.00010522 
0.00010522 
0.00010526 
0.00010475 
0.00010492 
0.00010538 
0.00010359 
0.00010414 
0.00010464 
0.00010396 
0.00010369 
0.00010384 
0.00010359 
0.00010488 
0.00010540 
0.00010518 
0.00010524 
0.00010486 
0.00010482 
0.00010488 
0.00010382 
0.00010405 
0.00010406 
0.00010381 
0.00010387 
0.00010376 
0.00010435 
0.00010452 
0.00010465 
0.00010481 
0.00010372 
0.00010361 
0.00010360 
0.00010326 
0.00010313 
0.00010314 
0.00010225 
0.00010313 
0.00010321 
0.00010351 
0.00010410 
0.00010306 
0.00010307 
0.00010269 
0.00010248 
0.00010276 
0.00010329 
0.00010330 
0.00010330 
0.00010323 
0.00010263 
0.00010223 
0.00010277 
0.00010317 
0.00010277 
0.00010277 
0.00010220 
0.00010237 
0.00010237 
0.00010271 
0.00010257 
0.00010255 
0.00010292 
0.00010383 
0.00010439 
0.00010271 
0.00010257 
0.00010257 
0.00010267 
0.00010163 
0.00010163 
0.00010117 
0.00010117 
0.00010126 
0.00010135 
0.00010051 
0.00010061 
0.00010065 
0.00010114 
0.00010071 
0.00010142 
0.00010085 
0.00010144 
0.00010144 
0.00010132 
0.00010064 
0.00010065 
0.00010093 
0.00010090 
0.00010152 
0.00010098 
0.00010090 
0.00010092 
0.00010081 
0.00010098 
0.00010098 
0.00010117 
0.00010113 
0.00010092 
0.00010089 
0.00010073 
0.00010133 
0.00010124 
0.00010146 
0.00010146 
0.00010146 
0.00010098 
0.00010095 
0.00010095 
0.00010082 
0.00010103 
0.00010110 
0.00010121 
0.00010185 
0.00010185 
0.00010205 
0.00010197 
0.00010212 
0.00010194 
0.00010225 
0.00010190 
0.00010168 
0.00010195 
0.00010200 
0.00010110 
0.00010110 
0.00010086 
0.00010096 
0.00010158 
0.00010141 
0.00010100 
0.00010036 
0.00010034 
0.00010030 
0.00010050 
0.00010010 
0.00010030 
0.00010112 
0.00010114 
0.00010186 
0.00010159 
0.00010236 
0.00010220 
0.00010217 
0.00010271 
0.00010239 
0.00010129 
0.00010169 
0.00010169 
0.00010166 
0.00010202 
0.00010206 
0.00010162 
0.00010161 
0.00010090 
0.00010090 
0.00010166 
0.00010158 
0.00010249 
0.00010181 
0.00010118 
0.00010117 
0.00010116 
0.00010116 
0.00010116 
0.00010116 
0.00010031 
0.00010081 
0.00010074 
0.00010043 
0.00010117 
0.00010115 
0.00010117 
0.00010117 
0.00010117 
0.00010024 
0.00010084 
0.00010084 
0.00010084 
0.00010084 
0.00010084 
0.00010107 
0.00010076 
0.00009932 
0.00009978 
0.00009978 
0.00009978 
0.00010051 
0.00010015 
0.00010015 
0.00009990 
0.00009985 
0.00009985 
0.00009954 
0.00009954 
0.00010030 
0.00010066 
0.00010066 
0.00010000 
0.00010000 
0.00010000 
0.00010000 
0.00010000 
0.00010002 
0.00010002 
0.00010025 
0.00010011 
0.00010013 
0.00010022 
0.00010032 
0.00010112 
0.00010086 
0.00010004 
0.00010043 
0.00010032 
0.00010047 
0.00010010 
0.00010012 
0.00010017 
0.00010013 
0.00010050 
0.00010009 
0.00010078 
0.00010029 
0.00010033 
0.00010034 
0.00010088 
0.00010029 
0.00010049 
0.00010060 
0.00010057 
0.00010070 
0.00010105 
0.00010048 
0.00010053 
0.00010070 
0.00010132 
0.00010132 
0.00010165 
0.00010130 
0.00010112 
0.00010063 
0.00010063 
0.00010063 
0.00010093 
0.00010103 
0.00010110 
0.00010108 
0.00010173 
0.00010126 
0.00010183 
0.00010185 
0.00010112 
0.00010199 
0.00010143 
0.00010094 
0.00010100 
0.00010171 
0.00010173 
0.00010192 
0.00010262 
0.00010201 
0.00010306 
0.00010333 
0.00010333 
0.00010336 
0.00010336 
0.00010336 
0.00010336 
0.00010339 
0.00010336 
0.00010336 
0.00010336 
0.00010375 
0.00010360 
0.00010375 
0.00010377 
0.00010417 
0.00010390 
0.00010390 
0.00010375 
0.00010375 
0.00010380 
0.00010380 
0.00010380 
0.00010453 
0.00010455 
0.00010455 
0.00010464 
0.00010496 
0.00010501 
0.00010573 
0.00010571 
0.00010571 
0.00010571 
0.00010607 
0.00010571 
0.00010571 
0.00010571 
0.00010571 
0.00010593 
0.00010571 
0.00010571 
0.00010571 
0.00010571 
0.00010572 
0.00010579 
0.00010579 
0.00010577 
0.00010593 
0.00010593 
0.00010593 
0.00010581 
0.00010581 
0.00010572 
0.00010572 
0.00010572 
0.00010571 
0.00010571 
0.00010584 
0.00010639 
0.00010628 
0.00010640 
0.00010650 
0.00010731 
0.00010743 
0.00010769 
0.00010736 
0.00010751 
0.00010691 
0.00010731 
0.00010672 
0.00010679 
0.00010679 
0.00010670 
0.00010670 
0.00010731 
0.00010670 
0.00010670 
0.00010731 
0.00010680 
0.00010583 
0.00010690 
0.00010690 
0.00010665 
0.00010665 
0.00010623 
0.00010561 
0.00010563 
0.00010623 
0.00010610 
0.00010610 
0.00010555 
0.00010550 
0.00010610 
0.00010559 
0.00010575 
0.00010623 
0.00010623 
0.00010623 
0.00010626 
0.00010575 
0.00010575 
0.00010575 
0.00010575 
0.00010595 
0.00010549 
0.00010574 
0.00010680 
0.00010680 
0.00010654 
0.00010654 
0.00010639 
0.00010639 
0.00010639 
0.00010589 
