8.55000000 
1133.09000000 
3629.43000000 
16772.79000000 
1775.23000000 
2791.79000000 
3098.07000000 
2214.96000000 
2060.10000000 
4552.29000000 
4963.38000000 
4111.63000000 
5580.38000000 
1103.66000000 
2016.96000000 
439.37000000 
3006.58000000 
1824.49000000 
1627.60000000 
3455.31000000 
1950.26000000 
3113.78000000 
1156.28000000 
1525.57000000 
1614.94000000 
751.26000000 
3090.44000000 
316.84000000 
1009.78000000 
2156.65000000 
1287.95000000 
1061.77000000 
510.48000000 
4168.01000000 
1098.62000000 
1318.30000000 
481.27000000 
755.78000000 
1926.36000000 
2913.76000000 
2157.36000000 
2249.89000000 
653.63000000 
2179.91000000 
1350.24000000 
1070.59000000 
825.80000000 
708.25000000 
611.75000000 
377.70000000 
706.92000000 
1679.22000000 
383.31000000 
63.70000000 
400.26000000 
896.34000000 
164.23000000 
533.97000000 
216.65000000 
317.57000000 
328.23000000 
743.78000000 
474.78000000 
413.89000000 
509.56000000 
427.08000000 
493.32000000 
1374.23000000 
1195.80000000 
1714.37000000 
664.92000000 
1057.21000000 
215.07000000 
915.43000000 
1910.42000000 
175.17000000 
149.03000000 
584.14000000 
50.65000000 
338.69000000 
196.52000000 
526.43000000 
504.48000000 
353.78000000 
391.96000000 
51.95000000 
907.10000000 
423.37000000 
1173.74000000 
360.01000000 
290.34000000 
1332.57000000 
1648.17000000 
788.22000000 
799.83000000 
337.23000000 
506.26000000 
1041.04000000 
484.68000000 
89.82000000 
304.70000000 
798.54000000 
3310.22000000 
1990.68000000 
686.74000000 
398.41000000 
414.80000000 
3197.17000000 
990.87000000 
1142.30000000 
487.84000000 
2861.15000000 
1661.19000000 
1084.31000000 
426.47000000 
247.54000000 
542.44000000 
171.85000000 
279.28000000 
407.68000000 
2729.70000000 
2595.60000000 
2237.28000000 
427.34000000 
884.05000000 
2032.34000000 
927.42000000 
189.94000000 
455.17000000 
453.82000000 
1050.83000000 
1325.87000000 
271.21000000 
1437.96000000 
285.61000000 
1652.68000000 
731.50000000 
2428.01000000 
535.99000000 
1074.54000000 
19.04000000 
2650.08000000 
2603.02000000 
2212.64000000 
1100.40000000 
4149.58000000 
446.82000000 
328.65000000 
208.56000000 
806.88000000 
1376.20000000 
1005.50000000 
724.51000000 
1120.05000000 
564.21000000 
1008.01000000 
990.21000000 
1626.44000000 
1488.24000000 
1314.02000000 
384.75000000 
3070.86000000 
649.86000000 
778.53000000 
145.44000000 
2172.99000000 
910.11000000 
3271.07000000 
3733.30000000 
1538.54000000 
1556.76000000 
444.61000000 
928.77000000 
86.35000000 
265.32000000 
1647.96000000 
335.35000000 
621.41000000 
672.95000000 
23.22000000 
548.45000000 
128.90000000 
111.57000000 
254.94000000 
201.88000000 
441.29000000 
190.74000000 
39.68000000 
10.00000000 
502.12000000 
1158.79000000 
1450.43000000 
162.46000000 
181.42000000 
380.53000000 
1038.34000000 
483.66000000 
338.56000000 
121.32000000 
1417.46000000 
154.12000000 
214.30000000 
513.36000000 
158.86000000 
1068.46000000 
417.69000000 
21.25000000 
887.08000000 
2078.24000000 
1157.18000000 
1291.48000000 
279.00000000 
689.76000000 
255.93000000 
1109.06000000 
246.03000000 
238.73000000 
301.36000000 
114.79000000 
159.84000000 
350.16000000 
409.60000000 
2.04000000 
310.10000000 
2316.09000000 
1164.10000000 
489.80000000 
3866.17000000 
714.56000000 
317.12000000 
23.48000000 
406.85000000 
266.77000000 
284.45000000 
317.33000000 
1787.59000000 
1275.12000000 
864.67000000 
259.85000000 
624.86000000 
1093.79000000 
1194.41000000 
2183.37000000 
1926.80000000 
828.43000000 
275.77000000 
861.58000000 
955.22000000 
606.05000000 
358.18000000 
2296.76000000 
1098.14000000 
883.61000000 
349.92000000 
1648.34000000 
270.82000000 
859.59000000 
384.92000000 
1344.19000000 
779.10000000 
288.37000000 
115.97000000 
1037.04000000 
559.06000000 
282.38000000 
1069.81000000 
839.96000000 
3861.28000000 
105.05000000 
670.78000000 
284.33000000 
283.14000000 
475.97000000 
944.28000000 
586.85000000 
509.24000000 
577.49000000 
585.57000000 
334.57000000 
547.05000000 
3418.30000000 
3187.64000000 
792.30000000 
461.30000000 
1134.37000000 
852.65000000 
261.93000000 
888.51000000 
549.43000000 
572.95000000 
209.46000000 
1385.57000000 
1613.17000000 
311.32000000 
2567.45000000 
7353.22000000 
949.41000000 
3854.10000000 
1408.65000000 
112.81000000 
748.59000000 
341.12000000 
1575.32000000 
728.71000000 
543.28000000 
1403.37000000 
239.08000000 
1000.85000000 
439.62000000 
363.17000000 
571.52000000 
57.95000000 
324.21000000 
348.84000000 
511.16000000 
512.50000000 
827.66000000 
1474.89000000 
385.95000000 
266.71000000 
3578.33000000 
1561.28000000 
571.72000000 
226.98000000 
4437.84000000 
1296.49000000 
2285.20000000 
215.53000000 
1494.79000000 
6802.27000000 
1179.19000000 
891.51000000 
789.45000000 
857.64000000 
1946.66000000 
822.98000000 
586.76000000 
881.96000000 
785.66000000 
1715.78000000 
429.60000000 
672.33000000 
318.52000000 
1127.16000000 
417.78000000 
548.76000000 
358.83000000 
8.80000000 
2434.42000000 
814.65000000 
519.34000000 
2607.86000000 
1400.55000000 
1317.65000000 
418.59000000 
1794.78000000 
1464.04000000 
577.24000000 
2229.65000000 
1057.06000000 
995.48000000 
843.31000000 
4343.06000000 
7416.19000000 
36144.15000000 
355.70000000 
69.66000000 
3220.50000000 
3265.56000000 
1439.84000000 
131.56000000 
947.42000000 
281.72000000 
582.07000000 
996.17000000 
461.31000000 
59.04000000 
295.90000000 
1180.66000000 
441.45000000 
1422.60000000 
358.20000000 
760.85000000 
600.50000000 
261.46000000 
190.34000000 
919.22000000 
1302.05000000 
706.99000000 
138.24000000 
505.39000000 
367.42000000 
182.51000000 
192.69000000 
340.31000000 
350.56000000 
661.17000000 
252.61000000 
504.42000000 
1155.62000000 
293.47000000 
74.00000000 
16.54000000 
454.88000000 
390.10000000 
701.09000000 
116.45000000 
393.52000000 
145.24000000 
144.05000000 
0.00000000 
666.37000000 
309.10000000 
616.07000000 
155.51000000 
345.52000000 
137.68000000 
122.42000000 
266.16000000 
480.78000000 
70.50000000 
310.86000000 
210.27000000 
2033.96000000 
2370.06000000 
260.18000000 
576.44000000 
495.81000000 
108.96000000 
401.93000000 
1540.84000000 
130.31000000 
1138.58000000 
243.75000000 
446.51000000 
363.83000000 
1432.33000000 
360.57000000 
392.07000000 
10508.05000000 
810.58000000 
675.60000000 
148.81000000 
1502.13000000 
671.54000000 
52.11000000 
360.08000000 
203.73000000 
716.33000000 
215.39000000 
615.11000000 
56.94000000 
214.63000000 
977.73000000 
696.43000000 
295.93000000 
723.37000000 
421.84000000 
1353.75000000 
283.24000000 
5611.59000000 
349.07000000 
588.23000000 
480.90000000 
435.38000000 
129.59000000 
1224.81000000 
34.77000000 
122.52000000 
230.43000000 
358.03000000 
409.18000000 
363.97000000 
1795.61000000 
962.83000000 
1273.53000000 
348.20000000 
2575.68000000 
666.41000000 
468.86000000 
8.55000000 
1133.09000000 
3629.43000000 
16772.79000000 
1775.23000000 
2791.79000000 
3098.07000000 
2214.96000000 
2060.10000000 
4552.29000000 
4963.38000000 
4111.63000000 
5580.38000000 
1103.66000000 
2016.96000000 
439.37000000 
3006.58000000 
1824.49000000 
1627.60000000 
3455.31000000 
1950.26000000 
3113.78000000 
1156.28000000 
1525.57000000 
1614.94000000 
751.26000000 
3090.44000000 
316.84000000 
1009.78000000 
2156.65000000 
1287.95000000 
1061.77000000 
510.48000000 
4168.01000000 
1098.62000000 
1318.30000000 
481.27000000 
755.78000000 
1926.36000000 
2913.76000000 
2157.36000000 
2249.89000000 
653.63000000 
2179.91000000 
1350.24000000 
1070.59000000 
825.80000000 
708.25000000 
611.75000000 
377.70000000 
706.92000000 
1679.22000000 
383.31000000 
63.70000000 
400.26000000 
896.34000000 
164.23000000 
533.97000000 
216.65000000 
317.57000000 
328.23000000 
743.78000000 
474.78000000 
413.89000000 
509.56000000 
427.08000000 
493.32000000 
1374.23000000 
1195.80000000 
1714.37000000 
664.92000000 
1057.21000000 
215.07000000 
915.43000000 
1910.42000000 
175.17000000 
149.03000000 
584.14000000 
50.65000000 
338.69000000 
196.52000000 
526.43000000 
504.48000000 
353.78000000 
391.96000000 
51.95000000 
907.10000000 
423.37000000 
1173.74000000 
360.01000000 
290.34000000 
1332.57000000 
1648.17000000 
788.22000000 
799.83000000 
337.23000000 
506.26000000 
1041.04000000 
484.68000000 
89.82000000 
304.70000000 
798.54000000 
3310.22000000 
1990.68000000 
686.74000000 
398.41000000 
414.80000000 
3197.17000000 
990.87000000 
1142.30000000 
487.84000000 
2861.15000000 
1661.19000000 
1084.31000000 
426.47000000 
247.54000000 
542.44000000 
171.85000000 
279.28000000 
407.68000000 
2729.70000000 
2595.60000000 
2237.28000000 
427.34000000 
884.05000000 
2032.34000000 
927.42000000 
189.94000000 
455.17000000 
453.82000000 
1050.83000000 
1325.87000000 
271.21000000 
1437.96000000 
285.61000000 
1652.68000000 
731.50000000 
2428.01000000 
535.99000000 
1074.54000000 
19.04000000 
2650.08000000 
2603.02000000 
2212.64000000 
1100.40000000 
4149.58000000 
446.82000000 
328.65000000 
208.56000000 
806.88000000 
1376.20000000 
1005.50000000 
724.51000000 
1120.05000000 
564.21000000 
1008.01000000 
990.21000000 
1626.44000000 
1488.24000000 
1314.02000000 
384.75000000 
3070.86000000 
649.86000000 
778.53000000 
145.44000000 
2172.99000000 
910.11000000 
3271.07000000 
3733.30000000 
1538.54000000 
1556.76000000 
444.61000000 
928.77000000 
86.35000000 
265.32000000 
1647.96000000 
335.35000000 
621.41000000 
672.95000000 
23.22000000 
548.45000000 
128.90000000 
111.57000000 
254.94000000 
201.88000000 
441.29000000 
190.74000000 
39.68000000 
10.00000000 
502.12000000 
1158.79000000 
1450.43000000 
162.46000000 
181.42000000 
380.53000000 
1038.34000000 
483.66000000 
338.56000000 
121.32000000 
1417.46000000 
154.12000000 
214.30000000 
513.36000000 
158.86000000 
1068.46000000 
417.69000000 
21.25000000 
887.08000000 
2078.24000000 
1157.18000000 
1291.48000000 
279.00000000 
689.76000000 
255.93000000 
1109.06000000 
246.03000000 
238.73000000 
301.36000000 
114.79000000 
159.84000000 
350.16000000 
409.60000000 
2.04000000 
310.10000000 
2316.09000000 
1164.10000000 
489.80000000 
3866.17000000 
714.56000000 
317.12000000 
23.48000000 
406.85000000 
266.77000000 
284.45000000 
317.33000000 
1787.59000000 
1275.12000000 
864.67000000 
259.85000000 
624.86000000 
1093.79000000 
1194.41000000 
2183.37000000 
1926.80000000 
828.43000000 
275.77000000 
861.58000000 
955.22000000 
606.05000000 
358.18000000 
2296.76000000 
1098.14000000 
883.61000000 
349.92000000 
1648.34000000 
270.82000000 
859.59000000 
384.92000000 
1344.19000000 
779.10000000 
288.37000000 
115.97000000 
1037.04000000 
559.06000000 
282.38000000 
1069.81000000 
839.96000000 
3861.28000000 
105.05000000 
670.78000000 
284.33000000 
283.14000000 
475.97000000 
944.28000000 
586.85000000 
509.24000000 
577.49000000 
585.57000000 
334.57000000 
547.05000000 
3418.30000000 
3187.64000000 
792.30000000 
461.30000000 
1134.37000000 
852.65000000 
261.93000000 
888.51000000 
549.43000000 
572.95000000 
209.46000000 
1385.57000000 
1613.17000000 
311.32000000 
2567.45000000 
7353.22000000 
949.41000000 
3854.10000000 
1408.65000000 
112.81000000 
748.59000000 
341.12000000 
1575.32000000 
728.71000000 
543.28000000 
1403.37000000 
239.08000000 
1000.85000000 
439.62000000 
363.17000000 
571.52000000 
57.95000000 
324.21000000 
348.84000000 
511.16000000 
512.50000000 
827.66000000 
1474.89000000 
385.95000000 
266.71000000 
3578.33000000 
1561.28000000 
571.72000000 
226.98000000 
4437.84000000 
1296.49000000 
2285.20000000 
215.53000000 
1494.79000000 
6802.27000000 
1179.19000000 
891.51000000 
789.45000000 
857.64000000 
1946.66000000 
822.98000000 
586.76000000 
881.96000000 
785.66000000 
1715.78000000 
429.60000000 
672.33000000 
318.52000000 
1127.16000000 
417.78000000 
548.76000000 
358.83000000 
8.80000000 
2434.42000000 
814.65000000 
519.34000000 
2607.86000000 
1400.55000000 
1317.65000000 
418.59000000 
1794.78000000 
1464.04000000 
577.24000000 
2229.65000000 
1057.06000000 
995.48000000 
843.31000000 
4343.06000000 
7416.19000000 
36144.15000000 
355.70000000 
69.66000000 
3220.50000000 
3265.56000000 
1439.84000000 
131.56000000 
947.42000000 
281.72000000 
582.07000000 
996.17000000 
461.31000000 
59.04000000 
295.90000000 
1180.66000000 
441.45000000 
1422.60000000 
358.20000000 
760.85000000 
600.50000000 
261.46000000 
190.34000000 
919.22000000 
1302.05000000 
706.99000000 
138.24000000 
505.39000000 
367.42000000 
182.51000000 
192.69000000 
340.31000000 
350.56000000 
661.17000000 
252.61000000 
504.42000000 
1155.62000000 
293.47000000 
74.00000000 
16.54000000 
454.88000000 
390.10000000 
701.09000000 
116.45000000 
393.52000000 
145.24000000 
144.05000000 
0.00000000 
666.37000000 
309.10000000 
616.07000000 
155.51000000 
345.52000000 
137.68000000 
122.42000000 
266.16000000 
480.78000000 
70.50000000 
310.86000000 
210.27000000 
2033.96000000 
2370.06000000 
260.18000000 
576.44000000 
495.81000000 
108.96000000 
401.93000000 
1540.84000000 
130.31000000 
1138.58000000 
243.75000000 
446.51000000 
363.83000000 
1432.33000000 
360.57000000 
392.07000000 
10508.05000000 
810.58000000 
675.60000000 
148.81000000 
1502.13000000 
671.54000000 
52.11000000 
360.08000000 
203.73000000 
716.33000000 
215.39000000 
615.11000000 
56.94000000 
214.63000000 
977.73000000 
696.43000000 
295.93000000 
723.37000000 
421.84000000 
1353.75000000 
283.24000000 
5611.59000000 
349.07000000 
588.23000000 
480.90000000 
435.38000000 
129.59000000 
1224.81000000 
34.77000000 
122.52000000 
230.43000000 
358.03000000 
409.18000000 
363.97000000 
1795.61000000 
962.83000000 
1273.53000000 
348.20000000 
2575.68000000 
666.41000000 
468.86000000 
8.55000000 
1133.09000000 
3629.43000000 
16772.79000000 
1775.23000000 
2791.79000000 
3098.07000000 
2214.96000000 
2060.10000000 
4552.29000000 
4963.38000000 
4111.63000000 
5580.38000000 
1103.66000000 
2016.96000000 
439.37000000 
3006.58000000 
1824.49000000 
1627.60000000 
3455.31000000 
1950.26000000 
3113.78000000 
1156.28000000 
1525.57000000 
1614.94000000 
751.26000000 
3090.44000000 
316.84000000 
1009.78000000 
2156.65000000 
1287.95000000 
1061.77000000 
510.48000000 
4168.01000000 
1098.62000000 
1318.30000000 
481.27000000 
755.78000000 
1926.36000000 
2913.76000000 
2157.36000000 
2249.89000000 
653.63000000 
2179.91000000 
1350.24000000 
1070.59000000 
825.80000000 
708.25000000 
611.75000000 
377.70000000 
706.92000000 
1679.22000000 
383.31000000 
63.70000000 
400.26000000 
896.34000000 
164.23000000 
533.97000000 
216.65000000 
317.57000000 
328.23000000 
743.78000000 
474.78000000 
413.89000000 
509.56000000 
427.08000000 
493.32000000 
1374.23000000 
1195.80000000 
1714.37000000 
664.92000000 
1057.21000000 
215.07000000 
915.43000000 
1910.42000000 
175.17000000 
149.03000000 
584.14000000 
50.65000000 
338.69000000 
196.52000000 
526.43000000 
504.48000000 
353.78000000 
391.96000000 
51.95000000 
907.10000000 
423.37000000 
1173.74000000 
360.01000000 
290.34000000 
1332.57000000 
1648.17000000 
788.22000000 
799.83000000 
337.23000000 
506.26000000 
1041.04000000 
484.68000000 
89.82000000 
304.70000000 
798.54000000 
3310.22000000 
1990.68000000 
686.74000000 
398.41000000 
414.80000000 
3197.17000000 
990.87000000 
1142.30000000 
487.84000000 
2861.15000000 
1661.19000000 
1084.31000000 
426.47000000 
247.54000000 
542.44000000 
171.85000000 
279.28000000 
407.68000000 
2729.70000000 
2595.60000000 
2237.28000000 
427.34000000 
884.05000000 
2032.34000000 
927.42000000 
189.94000000 
455.17000000 
453.82000000 
1050.83000000 
1325.87000000 
271.21000000 
1437.96000000 
285.61000000 
1652.68000000 
731.50000000 
2428.01000000 
535.99000000 
1074.54000000 
19.04000000 
2650.08000000 
2603.02000000 
2212.64000000 
1100.40000000 
4149.58000000 
446.82000000 
328.65000000 
208.56000000 
806.88000000 
1376.20000000 
1005.50000000 
724.51000000 
1120.05000000 
564.21000000 
1008.01000000 
990.21000000 
1626.44000000 
1488.24000000 
1314.02000000 
384.75000000 
3070.86000000 
649.86000000 
778.53000000 
145.44000000 
2172.99000000 
910.11000000 
3271.07000000 
3733.30000000 
1538.54000000 
1556.76000000 
444.61000000 
928.77000000 
86.35000000 
265.32000000 
1647.96000000 
335.35000000 
621.41000000 
672.95000000 
23.22000000 
548.45000000 
128.90000000 
111.57000000 
254.94000000 
201.88000000 
441.29000000 
190.74000000 
39.68000000 
10.00000000 
502.12000000 
1158.79000000 
1450.43000000 
162.46000000 
181.42000000 
380.53000000 
1038.34000000 
483.66000000 
338.56000000 
121.32000000 
1417.46000000 
154.12000000 
214.30000000 
513.36000000 
158.86000000 
1068.46000000 
417.69000000 
21.25000000 
887.08000000 
2078.24000000 
1157.18000000 
1291.48000000 
279.00000000 
689.76000000 
255.93000000 
1109.06000000 
246.03000000 
238.73000000 
301.36000000 
114.79000000 
159.84000000 
350.16000000 
409.60000000 
2.04000000 
310.10000000 
2316.09000000 
1164.10000000 
489.80000000 
3866.17000000 
714.56000000 
317.12000000 
23.48000000 
406.85000000 
266.77000000 
284.45000000 
317.33000000 
1787.59000000 
1275.12000000 
864.67000000 
259.85000000 
624.86000000 
1093.79000000 
1194.41000000 
2183.37000000 
1926.80000000 
828.43000000 
275.77000000 
861.58000000 
955.22000000 
606.05000000 
358.18000000 
2296.76000000 
1098.14000000 
883.61000000 
349.92000000 
1648.34000000 
270.82000000 
859.59000000 
384.92000000 
1344.19000000 
779.10000000 
288.37000000 
115.97000000 
1037.04000000 
559.06000000 
282.38000000 
1069.81000000 
839.96000000 
3861.28000000 
105.05000000 
670.78000000 
284.33000000 
283.14000000 
475.97000000 
944.28000000 
586.85000000 
509.24000000 
577.49000000 
585.57000000 
334.57000000 
547.05000000 
3418.30000000 
3187.64000000 
792.30000000 
461.30000000 
1134.37000000 
852.65000000 
261.93000000 
888.51000000 
549.43000000 
572.95000000 
209.46000000 
1385.57000000 
1613.17000000 
311.32000000 
2567.45000000 
7353.22000000 
949.41000000 
3854.10000000 
1408.65000000 
112.81000000 
748.59000000 
341.12000000 
1575.32000000 
728.71000000 
543.28000000 
1403.37000000 
239.08000000 
1000.85000000 
439.62000000 
363.17000000 
571.52000000 
57.95000000 
324.21000000 
348.84000000 
511.16000000 
512.50000000 
827.66000000 
1474.89000000 
385.95000000 
266.71000000 
3578.33000000 
1561.28000000 
571.72000000 
226.98000000 
4437.84000000 
1296.49000000 
2285.20000000 
215.53000000 
1494.79000000 
6802.27000000 
1179.19000000 
891.51000000 
789.45000000 
857.64000000 
1946.66000000 
822.98000000 
586.76000000 
881.96000000 
785.66000000 
1715.78000000 
429.60000000 
672.33000000 
318.52000000 
1127.16000000 
417.78000000 
548.76000000 
358.83000000 
8.80000000 
2434.42000000 
814.65000000 
519.34000000 
2607.86000000 
1400.55000000 
1317.65000000 
418.59000000 
1794.78000000 
1464.04000000 
577.24000000 
2229.65000000 
1057.06000000 
995.48000000 
843.31000000 
4343.06000000 
7416.19000000 
36144.15000000 
355.70000000 
69.66000000 
3220.50000000 
3265.56000000 
1439.84000000 
131.56000000 
947.42000000 
281.72000000 
582.07000000 
996.17000000 
461.31000000 
59.04000000 
295.90000000 
1180.66000000 
441.45000000 
1422.60000000 
358.20000000 
760.85000000 
600.50000000 
261.46000000 
190.34000000 
919.22000000 
1302.05000000 
706.99000000 
138.24000000 
505.39000000 
367.42000000 
182.51000000 
192.69000000 
340.31000000 
350.56000000 
661.17000000 
252.61000000 
504.42000000 
1155.62000000 
293.47000000 
74.00000000 
16.54000000 
454.88000000 
390.10000000 
701.09000000 
116.45000000 
393.52000000 
145.24000000 
144.05000000 
0.00000000 
666.37000000 
309.10000000 
616.07000000 
155.51000000 
345.52000000 
137.68000000 
122.42000000 
266.16000000 
480.78000000 
70.50000000 
310.86000000 
210.27000000 
2033.96000000 
2370.06000000 
260.18000000 
576.44000000 
495.81000000 
108.96000000 
401.93000000 
1540.84000000 
130.31000000 
1138.58000000 
243.75000000 
446.51000000 
363.83000000 
1432.33000000 
360.57000000 
392.07000000 
10508.05000000 
810.58000000 
675.60000000 
148.81000000 
1502.13000000 
671.54000000 
52.11000000 
360.08000000 
203.73000000 
716.33000000 
215.39000000 
615.11000000 
56.94000000 
214.63000000 
977.73000000 
696.43000000 
295.93000000 
723.37000000 
421.84000000 
1353.75000000 
283.24000000 
5611.59000000 
349.07000000 
588.23000000 
480.90000000 
435.38000000 
129.59000000 
1224.81000000 
34.77000000 
122.52000000 
230.43000000 
358.03000000 
409.18000000 
363.97000000 
1795.61000000 
962.83000000 
1273.53000000 
348.20000000 
2575.68000000 
666.41000000 
468.86000000 
