0.00007613 
0.00007613 
0.00007613 
0.00007616 
0.00007601 
0.00007512 
0.00007562 
0.00007597 
0.00007461 
0.00007461 
0.00007433 
0.00007435 
0.00007402 
0.00007409 
0.00007415 
0.00007415 
0.00007430 
0.00007490 
0.00007475 
0.00007430 
0.00007429 
0.00007516 
0.00007500 
0.00007528 
0.00007514 
0.00007530 
0.00007506 
0.00007522 
0.00007488 
0.00007555 
0.00007511 
0.00007637 
0.00007455 
0.00007488 
0.00007475 
0.00007375 
0.00007318 
0.00007435 
0.00007301 
0.00007299 
0.00007237 
0.00007211 
0.00007210 
0.00007221 
0.00007184 
0.00007194 
0.00007185 
0.00007178 
0.00007150 
0.00007115 
0.00007148 
0.00007108 
0.00007097 
0.00007056 
0.00007046 
0.00007010 
0.00007004 
0.00007023 
0.00007056 
0.00007041 
0.00007021 
0.00007041 
0.00007024 
0.00007053 
0.00007021 
0.00006971 
0.00006937 
0.00006964 
0.00007022 
0.00007004 
0.00007000 
0.00007002 
0.00007004 
0.00007008 
0.00006950 
0.00006840 
0.00006860 
0.00006772 
0.00006771 
0.00006737 
0.00006749 
0.00006745 
0.00006763 
0.00006790 
0.00006830 
0.00006781 
0.00006827 
0.00006801 
0.00006810 
0.00006896 
0.00006960 
0.00006971 
0.00007000 
0.00007018 
0.00007060 
0.00007050 
0.00007046 
0.00007016 
0.00006982 
0.00006950 
0.00006964 
0.00006950 
0.00006950 
0.00007051 
0.00007008 
0.00007098 
0.00007122 
0.00007143 
0.00007200 
0.00007178 
0.00007283 
0.00007255 
0.00007276 
0.00007384 
0.00007321 
0.00007210 
0.00007143 
0.00007134 
0.00007127 
0.00007209 
0.00007100 
0.00007130 
0.00007089 
0.00007172 
0.00007162 
0.00007172 
0.00007098 
0.00007017 
0.00007019 
0.00006940 
0.00006970 
0.00006960 
0.00006960 
0.00006992 
0.00006992 
0.00006955 
0.00006946 
0.00006919 
0.00006959 
0.00006931 
0.00006920 
0.00006921 
0.00006848 
0.00006800 
0.00006848 
0.00006887 
0.00006999 
0.00006998 
0.00007000 
0.00006995 
0.00007007 
0.00006983 
0.00006985 
0.00007019 
0.00007075 
0.00007000 
0.00006969 
0.00006969 
0.00006944 
0.00006839 
0.00006862 
0.00006745 
0.00006690 
0.00006732 
0.00006710 
0.00006688 
0.00006696 
0.00006691 
0.00006788 
0.00006719 
0.00006724 
0.00006697 
0.00006599 
0.00006594 
0.00006540 
0.00006579 
0.00006605 
0.00006597 
0.00006547 
0.00006543 
0.00006542 
0.00006531 
0.00006580 
0.00006581 
0.00006477 
0.00006473 
0.00006442 
0.00006470 
0.00006467 
0.00006472 
0.00006424 
0.00006473 
0.00006473 
0.00006449 
0.00006406 
0.00006452 
0.00006437 
0.00006453 
0.00006477 
0.00006457 
0.00006457 
0.00006411 
0.00006387 
0.00006415 
0.00006349 
0.00006314 
0.00006305 
0.00006303 
0.00006270 
0.00006282 
0.00006309 
0.00006359 
0.00006443 
0.00006450 
0.00006472 
0.00006407 
0.00006427 
0.00006374 
0.00006350 
0.00006448 
0.00006420 
0.00006472 
0.00006479 
0.00006465 
0.00006480 
0.00006506 
0.00006471 
0.00006495 
0.00006495 
0.00006465 
0.00006498 
0.00006455 
0.00006451 
0.00006456 
0.00006396 
0.00006399 
0.00006473 
0.00006513 
0.00006485 
0.00006497 
0.00006384 
0.00006315 
0.00006313 
0.00006296 
0.00006249 
0.00006184 
0.00006300 
0.00006282 
0.00006294 
0.00006302 
0.00006253 
0.00006181 
0.00006134 
0.00006115 
0.00006230 
0.00006201 
0.00006248 
0.00006198 
0.00006199 
0.00006181 
0.00006169 
0.00006150 
0.00006313 
0.00006319 
0.00006294 
0.00006293 
0.00006280 
0.00006192 
0.00006194 
0.00006193 
0.00006157 
0.00006199 
0.00006152 
0.00006200 
0.00006155 
0.00006240 
0.00006247 
0.00006248 
0.00006219 
0.00006177 
0.00006172 
0.00006226 
0.00006266 
0.00006258 
0.00006271 
0.00006258 
0.00006310 
0.00006300 
0.00006245 
0.00006291 
0.00006224 
0.00006200 
0.00006223 
0.00006246 
0.00006207 
0.00006201 
0.00006210 
0.00006279 
0.00006253 
0.00006286 
0.00006279 
0.00006309 
0.00006340 
0.00006347 
0.00006345 
0.00006317 
0.00006360 
0.00006387 
0.00006410 
0.00006409 
0.00006429 
0.00006439 
0.00006421 
0.00006418 
0.00006356 
0.00006429 
0.00006410 
0.00006344 
0.00006337 
0.00006322 
0.00006353 
0.00006352 
0.00006344 
0.00006279 
0.00006287 
0.00006297 
0.00006297 
0.00006294 
0.00006330 
0.00006351 
0.00006374 
0.00006162 
0.00006202 
0.00006252 
0.00006269 
0.00006326 
0.00006335 
0.00006375 
0.00006384 
0.00006398 
0.00006407 
0.00006407 
0.00006409 
0.00006460 
0.00006482 
0.00006485 
0.00006459 
0.00006459 
0.00006555 
0.00006553 
0.00006400 
0.00006397 
0.00006449 
0.00006421 
0.00006380 
0.00006384 
0.00006400 
0.00006385 
0.00006379 
0.00006357 
0.00006372 
0.00006345 
0.00006421 
0.00006432 
0.00006353 
0.00006305 
0.00006324 
0.00006348 
0.00006340 
0.00006335 
0.00006354 
0.00006320 
0.00006322 
0.00006321 
0.00006370 
0.00006395 
0.00006403 
0.00006400 
0.00006405 
0.00006410 
0.00006427 
0.00006435 
0.00006409 
0.00006434 
0.00006400 
0.00006400 
0.00006440 
0.00006405 
0.00006470 
0.00006505 
0.00006535 
0.00006589 
0.00006667 
0.00006602 
0.00006489 
0.00006492 
0.00006500 
0.00006525 
0.00006481 
0.00006536 
0.00006582 
0.00006509 
0.00006619 
0.00006627 
0.00006647 
0.00006660 
0.00006660 
0.00006651 
0.00006736 
0.00006648 
0.00006696 
0.00006696 
0.00006696 
0.00006770 
0.00006698 
0.00006700 
0.00006688 
0.00006648 
0.00006700 
0.00006613 
0.00006624 
0.00006591 
0.00006654 
0.00006599 
0.00006722 
0.00006687 
0.00006740 
0.00006748 
0.00006699 
0.00006655 
0.00006646 
0.00006720 
0.00006655 
0.00006583 
0.00006597 
0.00006581 
0.00006580 
0.00006580 
0.00006599 
0.00006614 
0.00006578 
0.00006580 
0.00006591 
0.00006600 
0.00006619 
0.00006619 
0.00006622 
0.00006643 
0.00006653 
0.00006560 
0.00006512 
0.00006534 
0.00006562 
0.00006694 
0.00006488 
0.00006496 
0.00006550 
0.00006595 
0.00006598 
0.00006622 
0.00006600 
0.00006698 
0.00006744 
0.00006798 
0.00006799 
0.00006797 
0.00006800 
0.00006844 
0.00006784 
0.00006852 
0.00006890 
0.00006890 
0.00006900 
0.00006863 
0.00006886 
0.00006903 
0.00006901 
0.00006915 
0.00006820 
0.00006818 
0.00007613 
0.00007613 
0.00007613 
0.00007616 
0.00007601 
0.00007512 
0.00007562 
0.00007597 
0.00007461 
0.00007461 
0.00007433 
0.00007435 
0.00007402 
0.00007409 
0.00007415 
0.00007415 
0.00007430 
0.00007490 
0.00007475 
0.00007430 
0.00007429 
0.00007516 
0.00007500 
0.00007528 
0.00007514 
0.00007530 
0.00007506 
0.00007522 
0.00007488 
0.00007555 
0.00007511 
0.00007637 
0.00007455 
0.00007488 
0.00007475 
0.00007375 
0.00007318 
0.00007435 
0.00007301 
0.00007299 
0.00007237 
0.00007211 
0.00007210 
0.00007221 
0.00007184 
0.00007194 
0.00007185 
0.00007178 
0.00007150 
0.00007115 
0.00007148 
0.00007108 
0.00007097 
0.00007056 
0.00007046 
0.00007010 
0.00007004 
0.00007023 
0.00007056 
0.00007041 
0.00007021 
0.00007041 
0.00007024 
0.00007053 
0.00007021 
0.00006971 
0.00006937 
0.00006964 
0.00007022 
0.00007004 
0.00007000 
0.00007002 
0.00007004 
0.00007008 
0.00006950 
0.00006840 
0.00006860 
0.00006772 
0.00006771 
0.00006737 
0.00006749 
0.00006745 
0.00006763 
0.00006790 
0.00006830 
0.00006781 
0.00006827 
0.00006801 
0.00006810 
0.00006896 
0.00006960 
0.00006971 
0.00007000 
0.00007018 
0.00007060 
0.00007050 
0.00007046 
0.00007016 
0.00006982 
0.00006950 
0.00006964 
0.00006950 
0.00006950 
0.00007051 
0.00007008 
0.00007098 
0.00007122 
0.00007143 
0.00007200 
0.00007178 
0.00007283 
0.00007255 
0.00007276 
0.00007384 
0.00007321 
0.00007210 
0.00007143 
0.00007134 
0.00007127 
0.00007209 
0.00007100 
0.00007130 
0.00007089 
0.00007172 
0.00007162 
0.00007172 
0.00007098 
0.00007017 
0.00007019 
0.00006940 
0.00006970 
0.00006960 
0.00006960 
0.00006992 
0.00006992 
0.00006955 
0.00006946 
0.00006919 
0.00006959 
0.00006931 
0.00006920 
0.00006921 
0.00006848 
0.00006800 
0.00006848 
0.00006887 
0.00006999 
0.00006998 
0.00007000 
0.00006995 
0.00007007 
0.00006983 
0.00006985 
0.00007019 
0.00007075 
0.00007000 
0.00006969 
0.00006969 
0.00006944 
0.00006839 
0.00006862 
0.00006745 
0.00006690 
0.00006732 
0.00006710 
0.00006688 
0.00006696 
0.00006691 
0.00006788 
0.00006719 
0.00006724 
0.00006697 
0.00006599 
0.00006594 
0.00006540 
0.00006579 
0.00006605 
0.00006597 
0.00006547 
0.00006543 
0.00006542 
0.00006531 
0.00006580 
0.00006581 
0.00006477 
0.00006473 
0.00006442 
0.00006470 
0.00006467 
0.00006472 
0.00006424 
0.00006473 
0.00006473 
0.00006449 
0.00006406 
0.00006452 
0.00006437 
0.00006453 
0.00006477 
0.00006457 
0.00006457 
0.00006411 
0.00006387 
0.00006415 
0.00006349 
0.00006314 
0.00006305 
0.00006303 
0.00006270 
0.00006282 
0.00006309 
0.00006359 
0.00006443 
0.00006450 
0.00006472 
0.00006407 
0.00006427 
0.00006374 
0.00006350 
0.00006448 
0.00006420 
0.00006472 
0.00006479 
0.00006465 
0.00006480 
0.00006506 
0.00006471 
0.00006495 
0.00006495 
0.00006465 
0.00006498 
0.00006455 
0.00006451 
0.00006456 
0.00006396 
0.00006399 
0.00006473 
0.00006513 
0.00006485 
0.00006497 
0.00006384 
0.00006315 
0.00006313 
0.00006296 
0.00006249 
0.00006184 
0.00006300 
0.00006282 
0.00006294 
0.00006302 
0.00006253 
0.00006181 
0.00006134 
0.00006115 
0.00006230 
0.00006201 
0.00006248 
0.00006198 
0.00006199 
0.00006181 
0.00006169 
0.00006150 
0.00006313 
0.00006319 
0.00006294 
0.00006293 
0.00006280 
0.00006192 
0.00006194 
0.00006193 
0.00006157 
0.00006199 
0.00006152 
0.00006200 
0.00006155 
0.00006240 
0.00006247 
0.00006248 
0.00006219 
0.00006177 
0.00006172 
0.00006226 
0.00006266 
0.00006258 
0.00006271 
0.00006258 
0.00006310 
0.00006300 
0.00006245 
0.00006291 
0.00006224 
0.00006200 
0.00006223 
0.00006246 
0.00006207 
0.00006201 
0.00006210 
0.00006279 
0.00006253 
0.00006286 
0.00006279 
0.00006309 
0.00006340 
0.00006347 
0.00006345 
0.00006317 
0.00006360 
0.00006387 
0.00006410 
0.00006409 
0.00006429 
0.00006439 
0.00006421 
0.00006418 
0.00006356 
0.00006429 
0.00006410 
0.00006344 
0.00006337 
0.00006322 
0.00006353 
0.00006352 
0.00006344 
0.00006279 
0.00006287 
0.00006297 
0.00006297 
0.00006294 
0.00006330 
0.00006351 
0.00006374 
0.00006162 
0.00006202 
0.00006252 
0.00006269 
0.00006326 
0.00006335 
0.00006375 
0.00006384 
0.00006398 
0.00006407 
0.00006407 
0.00006409 
0.00006460 
0.00006482 
0.00006485 
0.00006459 
0.00006459 
0.00006555 
0.00006553 
0.00006400 
0.00006397 
0.00006449 
0.00006421 
0.00006380 
0.00006384 
0.00006400 
0.00006385 
0.00006379 
0.00006357 
0.00006372 
0.00006345 
0.00006421 
0.00006432 
0.00006353 
0.00006305 
0.00006324 
0.00006348 
0.00006340 
0.00006335 
0.00006354 
0.00006320 
0.00006322 
0.00006321 
0.00006370 
0.00006395 
0.00006403 
0.00006400 
0.00006405 
0.00006410 
0.00006427 
0.00006435 
0.00006409 
0.00006434 
0.00006400 
0.00006400 
0.00006440 
0.00006405 
0.00006470 
0.00006505 
0.00006535 
0.00006589 
0.00006667 
0.00006602 
0.00006489 
0.00006492 
0.00006500 
0.00006525 
0.00006481 
0.00006536 
0.00006582 
0.00006509 
0.00006619 
0.00006627 
0.00006647 
0.00006660 
0.00006660 
0.00006651 
0.00006736 
0.00006648 
0.00006696 
0.00006696 
0.00006696 
0.00006770 
0.00006698 
0.00006700 
0.00006688 
0.00006648 
0.00006700 
0.00006613 
0.00006624 
0.00006591 
0.00006654 
0.00006599 
0.00006722 
0.00006687 
0.00006740 
0.00006748 
0.00006699 
0.00006655 
0.00006646 
0.00006720 
0.00006655 
0.00006583 
0.00006597 
0.00006581 
0.00006580 
0.00006580 
0.00006599 
0.00006614 
0.00006578 
0.00006580 
0.00006591 
0.00006600 
0.00006619 
0.00006619 
0.00006622 
0.00006643 
0.00006653 
0.00006560 
0.00006512 
0.00006534 
0.00006562 
0.00006694 
0.00006488 
0.00006496 
0.00006550 
0.00006595 
0.00006598 
0.00006622 
0.00006600 
0.00006698 
0.00006744 
0.00006798 
0.00006799 
0.00006797 
0.00006800 
0.00006844 
0.00006784 
0.00006852 
0.00006890 
0.00006890 
0.00006900 
0.00006863 
0.00006886 
0.00006903 
0.00006901 
0.00006915 
0.00006820 
0.00006818 
0.00007613 
0.00007613 
0.00007613 
0.00007616 
0.00007601 
0.00007512 
0.00007562 
0.00007597 
0.00007461 
0.00007461 
0.00007433 
0.00007435 
0.00007402 
0.00007409 
0.00007415 
0.00007415 
0.00007430 
0.00007490 
0.00007475 
0.00007430 
0.00007429 
0.00007516 
0.00007500 
0.00007528 
0.00007514 
0.00007530 
0.00007506 
0.00007522 
0.00007488 
0.00007555 
0.00007511 
0.00007637 
0.00007455 
0.00007488 
0.00007475 
0.00007375 
0.00007318 
0.00007435 
0.00007301 
0.00007299 
0.00007237 
0.00007211 
0.00007210 
0.00007221 
0.00007184 
0.00007194 
0.00007185 
0.00007178 
0.00007150 
0.00007115 
0.00007148 
0.00007108 
0.00007097 
0.00007056 
0.00007046 
0.00007010 
0.00007004 
0.00007023 
0.00007056 
0.00007041 
0.00007021 
0.00007041 
0.00007024 
0.00007053 
0.00007021 
0.00006971 
0.00006937 
0.00006964 
0.00007022 
0.00007004 
0.00007000 
0.00007002 
0.00007004 
0.00007008 
0.00006950 
0.00006840 
0.00006860 
0.00006772 
0.00006771 
0.00006737 
0.00006749 
0.00006745 
0.00006763 
0.00006790 
0.00006830 
0.00006781 
0.00006827 
0.00006801 
0.00006810 
0.00006896 
0.00006960 
0.00006971 
0.00007000 
0.00007018 
0.00007060 
0.00007050 
0.00007046 
0.00007016 
0.00006982 
0.00006950 
0.00006964 
0.00006950 
0.00006950 
0.00007051 
0.00007008 
0.00007098 
0.00007122 
0.00007143 
0.00007200 
0.00007178 
0.00007283 
0.00007255 
0.00007276 
0.00007384 
0.00007321 
0.00007210 
0.00007143 
0.00007134 
0.00007127 
0.00007209 
0.00007100 
0.00007130 
0.00007089 
0.00007172 
0.00007162 
0.00007172 
0.00007098 
0.00007017 
0.00007019 
0.00006940 
0.00006970 
0.00006960 
0.00006960 
0.00006992 
0.00006992 
0.00006955 
0.00006946 
0.00006919 
0.00006959 
0.00006931 
0.00006920 
0.00006921 
0.00006848 
0.00006800 
0.00006848 
0.00006887 
0.00006999 
0.00006998 
0.00007000 
0.00006995 
0.00007007 
0.00006983 
0.00006985 
0.00007019 
0.00007075 
0.00007000 
0.00006969 
0.00006969 
0.00006944 
0.00006839 
0.00006862 
0.00006745 
0.00006690 
0.00006732 
0.00006710 
0.00006688 
0.00006696 
0.00006691 
0.00006788 
0.00006719 
0.00006724 
0.00006697 
0.00006599 
0.00006594 
0.00006540 
0.00006579 
0.00006605 
0.00006597 
0.00006547 
0.00006543 
0.00006542 
0.00006531 
0.00006580 
0.00006581 
0.00006477 
0.00006473 
0.00006442 
0.00006470 
0.00006467 
0.00006472 
0.00006424 
0.00006473 
0.00006473 
0.00006449 
0.00006406 
0.00006452 
0.00006437 
0.00006453 
0.00006477 
0.00006457 
0.00006457 
0.00006411 
0.00006387 
0.00006415 
0.00006349 
0.00006314 
0.00006305 
0.00006303 
0.00006270 
0.00006282 
0.00006309 
0.00006359 
0.00006443 
0.00006450 
0.00006472 
0.00006407 
0.00006427 
0.00006374 
0.00006350 
0.00006448 
0.00006420 
0.00006472 
0.00006479 
0.00006465 
0.00006480 
0.00006506 
0.00006471 
0.00006495 
0.00006495 
0.00006465 
0.00006498 
0.00006455 
0.00006451 
0.00006456 
0.00006396 
0.00006399 
0.00006473 
0.00006513 
0.00006485 
0.00006497 
0.00006384 
0.00006315 
0.00006313 
0.00006296 
0.00006249 
0.00006184 
0.00006300 
0.00006282 
0.00006294 
0.00006302 
0.00006253 
0.00006181 
0.00006134 
0.00006115 
0.00006230 
0.00006201 
0.00006248 
0.00006198 
0.00006199 
0.00006181 
0.00006169 
0.00006150 
0.00006313 
0.00006319 
0.00006294 
0.00006293 
0.00006280 
0.00006192 
0.00006194 
0.00006193 
0.00006157 
0.00006199 
0.00006152 
0.00006200 
0.00006155 
0.00006240 
0.00006247 
0.00006248 
0.00006219 
0.00006177 
0.00006172 
0.00006226 
0.00006266 
0.00006258 
0.00006271 
0.00006258 
0.00006310 
0.00006300 
0.00006245 
0.00006291 
0.00006224 
0.00006200 
0.00006223 
0.00006246 
0.00006207 
0.00006201 
0.00006210 
0.00006279 
0.00006253 
0.00006286 
0.00006279 
0.00006309 
0.00006340 
0.00006347 
0.00006345 
0.00006317 
0.00006360 
0.00006387 
0.00006410 
0.00006409 
0.00006429 
0.00006439 
0.00006421 
0.00006418 
0.00006356 
0.00006429 
0.00006410 
0.00006344 
0.00006337 
0.00006322 
0.00006353 
0.00006352 
0.00006344 
0.00006279 
0.00006287 
0.00006297 
0.00006297 
0.00006294 
0.00006330 
0.00006351 
0.00006374 
0.00006162 
0.00006202 
0.00006252 
0.00006269 
0.00006326 
0.00006335 
0.00006375 
0.00006384 
0.00006398 
0.00006407 
0.00006407 
0.00006409 
0.00006460 
0.00006482 
0.00006485 
0.00006459 
0.00006459 
0.00006555 
0.00006553 
0.00006400 
0.00006397 
0.00006449 
0.00006421 
0.00006380 
0.00006384 
0.00006400 
0.00006385 
0.00006379 
0.00006357 
0.00006372 
0.00006345 
0.00006421 
0.00006432 
0.00006353 
0.00006305 
0.00006324 
0.00006348 
0.00006340 
0.00006335 
0.00006354 
0.00006320 
0.00006322 
0.00006321 
0.00006370 
0.00006395 
0.00006403 
0.00006400 
0.00006405 
0.00006410 
0.00006427 
0.00006435 
0.00006409 
0.00006434 
0.00006400 
0.00006400 
0.00006440 
0.00006405 
0.00006470 
0.00006505 
0.00006535 
0.00006589 
0.00006667 
0.00006602 
0.00006489 
0.00006492 
0.00006500 
0.00006525 
0.00006481 
0.00006536 
0.00006582 
0.00006509 
0.00006619 
0.00006627 
0.00006647 
0.00006660 
0.00006660 
0.00006651 
0.00006736 
0.00006648 
0.00006696 
0.00006696 
0.00006696 
0.00006770 
0.00006698 
0.00006700 
0.00006688 
0.00006648 
0.00006700 
0.00006613 
0.00006624 
0.00006591 
0.00006654 
0.00006599 
0.00006722 
0.00006687 
0.00006740 
0.00006748 
0.00006699 
0.00006655 
0.00006646 
0.00006720 
0.00006655 
0.00006583 
0.00006597 
0.00006581 
0.00006580 
0.00006580 
0.00006599 
0.00006614 
0.00006578 
0.00006580 
0.00006591 
0.00006600 
0.00006619 
0.00006619 
0.00006622 
0.00006643 
0.00006653 
0.00006560 
0.00006512 
0.00006534 
0.00006562 
0.00006694 
0.00006488 
0.00006496 
0.00006550 
0.00006595 
0.00006598 
0.00006622 
0.00006600 
0.00006698 
0.00006744 
0.00006798 
0.00006799 
0.00006797 
0.00006800 
0.00006844 
0.00006784 
0.00006852 
0.00006890 
0.00006890 
0.00006900 
0.00006863 
0.00006886 
0.00006903 
0.00006901 
0.00006915 
0.00006820 
0.00006818 
