0.00007612 
0.00007639 
0.00007614 
0.00007602 
0.00007532 
0.00007573 
0.00007589 
0.00007461 
0.00007461 
0.00007433 
0.00007435 
0.00007399 
0.00007401 
0.00007392 
0.00007386 
0.00007429 
0.00007490 
0.00007474 
0.00007419 
0.00007468 
0.00007514 
0.00007500 
0.00007528 
0.00007500 
0.00007529 
0.00007500 
0.00007522 
0.00007488 
0.00007554 
0.00007563 
0.00007596 
0.00007457 
0.00007515 
0.00007470 
0.00007398 
0.00007288 
0.00007435 
0.00007320 
0.00007300 
0.00007237 
0.00007211 
0.00007210 
0.00007221 
0.00007249 
0.00007194 
0.00007164 
0.00007178 
0.00007149 
0.00007114 
0.00007141 
0.00007105 
0.00007068 
0.00007060 
0.00007046 
0.00007032 
0.00007003 
0.00007007 
0.00007051 
0.00007041 
0.00007022 
0.00007039 
0.00007052 
0.00007047 
0.00007007 
0.00006969 
0.00006909 
0.00006963 
0.00007018 
0.00007004 
0.00007003 
0.00007002 
0.00007005 
0.00007002 
0.00006951 
0.00006840 
0.00006806 
0.00006772 
0.00006771 
0.00006766 
0.00006751 
0.00006747 
0.00006763 
0.00006814 
0.00006829 
0.00006781 
0.00006792 
0.00006802 
0.00006811 
0.00006885 
0.00006947 
0.00007010 
0.00007017 
0.00007018 
0.00007060 
0.00007056 
0.00007046 
0.00007053 
0.00006998 
0.00006950 
0.00006958 
0.00006960 
0.00006949 
0.00007051 
0.00007009 
0.00007098 
0.00007122 
0.00007144 
0.00007198 
0.00007178 
0.00007271 
0.00007267 
0.00007288 
0.00007400 
0.00007317 
0.00007215 
0.00007166 
0.00007142 
0.00007169 
0.00007200 
0.00007100 
0.00007130 
0.00007075 
0.00007161 
0.00007161 
0.00007203 
0.00007078 
0.00007017 
0.00007018 
0.00006940 
0.00006970 
0.00006957 
0.00006960 
0.00006993 
0.00006994 
0.00006955 
0.00006955 
0.00006931 
0.00006947 
0.00006950 
0.00006920 
0.00006880 
0.00006863 
0.00006800 
0.00006878 
0.00006855 
0.00006999 
0.00007000 
0.00006999 
0.00006995 
0.00007007 
0.00006959 
0.00006983 
0.00007017 
0.00007063 
0.00007000 
0.00006942 
0.00006921 
0.00006945 
0.00006850 
0.00006864 
0.00006748 
0.00006699 
0.00006700 
0.00006725 
0.00006671 
0.00006696 
0.00006719 
0.00006789 
0.00006699 
0.00006730 
0.00006698 
0.00006593 
0.00006593 
0.00006616 
0.00006574 
0.00006605 
0.00006595 
0.00006573 
0.00006564 
0.00006543 
0.00006536 
0.00006574 
0.00006580 
0.00006477 
0.00006473 
0.00006473 
0.00006470 
0.00006467 
0.00006472 
0.00006440 
0.00006473 
0.00006450 
0.00006450 
0.00006450 
0.00006452 
0.00006436 
0.00006438 
0.00006477 
0.00006456 
0.00006457 
0.00006449 
0.00006405 
0.00006418 
0.00006348 
0.00006314 
0.00006304 
0.00006304 
0.00006295 
0.00006270 
0.00006308 
0.00006360 
0.00006415 
0.00006450 
0.00006447 
0.00006447 
0.00006427 
0.00006401 
0.00006409 
0.00006443 
0.00006420 
0.00006472 
0.00006478 
0.00006470 
0.00006480 
0.00006498 
0.00006498 
0.00006495 
0.00006495 
0.00006459 
0.00006481 
0.00006468 
0.00006493 
0.00006456 
0.00006408 
0.00006399 
0.00006473 
0.00006490 
0.00006497 
0.00006451 
0.00006385 
0.00006320 
0.00006302 
0.00006296 
0.00006259 
0.00006194 
0.00006298 
0.00006283 
0.00006302 
0.00006277 
0.00006224 
0.00006181 
0.00006138 
0.00006116 
0.00006219 
0.00006209 
0.00006245 
0.00006198 
0.00006183 
0.00006176 
0.00006169 
0.00006202 
0.00006308 
0.00006324 
0.00006294 
0.00006336 
0.00006340 
0.00006192 
0.00006148 
0.00006193 
0.00006197 
0.00006159 
0.00006166 
0.00006183 
0.00006156 
0.00006236 
0.00006247 
0.00006262 
0.00006220 
0.00006185 
0.00006172 
0.00006213 
0.00006258 
0.00006277 
0.00006275 
0.00006258 
0.00006310 
0.00006300 
0.00006248 
0.00006250 
0.00006224 
0.00006239 
0.00006293 
0.00006253 
0.00006199 
0.00006204 
0.00006210 
0.00006306 
0.00006276 
0.00006302 
0.00006307 
0.00006307 
0.00006337 
0.00006346 
0.00006341 
0.00006305 
0.00006345 
0.00006383 
0.00006411 
0.00006425 
0.00006430 
0.00006438 
0.00006411 
0.00006449 
0.00006394 
0.00006429 
0.00006400 
0.00006344 
0.00006325 
0.00006322 
0.00006355 
0.00006363 
0.00006348 
0.00006279 
0.00006250 
0.00006292 
0.00006299 
0.00006309 
0.00006338 
0.00006326 
0.00006372 
0.00006150 
0.00006202 
0.00006236 
0.00006320 
0.00006357 
0.00006336 
0.00006368 
0.00006380 
0.00006384 
0.00006397 
0.00006407 
0.00006407 
0.00006460 
0.00006459 
0.00006463 
0.00006459 
0.00006479 
0.00006487 
0.00006490 
0.00006431 
0.00006399 
0.00006447 
0.00006385 
0.00006379 
0.00006418 
0.00006388 
0.00006388 
0.00006379 
0.00006414 
0.00006370 
0.00006360 
0.00006343 
0.00006432 
0.00006357 
0.00006305 
0.00006327 
0.00006354 
0.00006318 
0.00006358 
0.00006419 
0.00006320 
0.00006338 
0.00006323 
0.00006360 
0.00006382 
0.00006403 
0.00006426 
0.00006405 
0.00006410 
0.00006404 
0.00006404 
0.00006410 
0.00006434 
0.00006405 
0.00006407 
0.00006445 
0.00006444 
0.00006423 
0.00006457 
0.00006499 
0.00006597 
0.00006658 
0.00006609 
0.00006489 
0.00006532 
0.00006464 
0.00006444 
0.00006423 
0.00006537 
0.00006580 
0.00006527 
0.00006600 
0.00006600 
0.00006647 
0.00006660 
0.00006660 
0.00006660 
0.00006674 
0.00006674 
0.00006670 
0.00006696 
0.00006700 
0.00006770 
0.00006700 
0.00006700 
0.00006673 
0.00006690 
0.00006700 
0.00006613 
0.00006583 
0.00006588 
0.00006590 
0.00006589 
0.00006697 
0.00006703 
0.00006720 
0.00006751 
0.00006704 
0.00006652 
0.00006660 
0.00006653 
0.00006609 
0.00006590 
0.00006590 
0.00006598 
0.00006580 
0.00006580 
0.00006579 
0.00006627 
0.00006580 
0.00006579 
0.00006591 
0.00006534 
0.00006586 
0.00006612 
0.00006584 
0.00006596 
0.00006653 
0.00006618 
0.00006611 
0.00006504 
0.00006561 
0.00006694 
0.00006466 
0.00006482 
0.00006550 
0.00006625 
0.00006600 
0.00006619 
0.00006695 
0.00006698 
0.00006744 
0.00006782 
0.00006798 
0.00006797 
0.00006800 
0.00006800 
0.00006800 
0.00006866 
0.00006851 
0.00006889 
0.00006900 
0.00006826 
0.00006884 
0.00006903 
0.00006877 
0.00006864 
0.00006818 
0.00006816 
0.00006808 
0.00007612 
0.00007639 
0.00007614 
0.00007602 
0.00007532 
0.00007573 
0.00007589 
0.00007461 
0.00007461 
0.00007433 
0.00007435 
0.00007399 
0.00007401 
0.00007392 
0.00007386 
0.00007429 
0.00007490 
0.00007474 
0.00007419 
0.00007468 
0.00007514 
0.00007500 
0.00007528 
0.00007500 
0.00007529 
0.00007500 
0.00007522 
0.00007488 
0.00007554 
0.00007563 
0.00007596 
0.00007457 
0.00007515 
0.00007470 
0.00007398 
0.00007288 
0.00007435 
0.00007320 
0.00007300 
0.00007237 
0.00007211 
0.00007210 
0.00007221 
0.00007249 
0.00007194 
0.00007164 
0.00007178 
0.00007149 
0.00007114 
0.00007141 
0.00007105 
0.00007068 
0.00007060 
0.00007046 
0.00007032 
0.00007003 
0.00007007 
0.00007051 
0.00007041 
0.00007022 
0.00007039 
0.00007052 
0.00007047 
0.00007007 
0.00006969 
0.00006909 
0.00006963 
0.00007018 
0.00007004 
0.00007003 
0.00007002 
0.00007005 
0.00007002 
0.00006951 
0.00006840 
0.00006806 
0.00006772 
0.00006771 
0.00006766 
0.00006751 
0.00006747 
0.00006763 
0.00006814 
0.00006829 
0.00006781 
0.00006792 
0.00006802 
0.00006811 
0.00006885 
0.00006947 
0.00007010 
0.00007017 
0.00007018 
0.00007060 
0.00007056 
0.00007046 
0.00007053 
0.00006998 
0.00006950 
0.00006958 
0.00006960 
0.00006949 
0.00007051 
0.00007009 
0.00007098 
0.00007122 
0.00007144 
0.00007198 
0.00007178 
0.00007271 
0.00007267 
0.00007288 
0.00007400 
0.00007317 
0.00007215 
0.00007166 
0.00007142 
0.00007169 
0.00007200 
0.00007100 
0.00007130 
0.00007075 
0.00007161 
0.00007161 
0.00007203 
0.00007078 
0.00007017 
0.00007018 
0.00006940 
0.00006970 
0.00006957 
0.00006960 
0.00006993 
0.00006994 
0.00006955 
0.00006955 
0.00006931 
0.00006947 
0.00006950 
0.00006920 
0.00006880 
0.00006863 
0.00006800 
0.00006878 
0.00006855 
0.00006999 
0.00007000 
0.00006999 
0.00006995 
0.00007007 
0.00006959 
0.00006983 
0.00007017 
0.00007063 
0.00007000 
0.00006942 
0.00006921 
0.00006945 
0.00006850 
0.00006864 
0.00006748 
0.00006699 
0.00006700 
0.00006725 
0.00006671 
0.00006696 
0.00006719 
0.00006789 
0.00006699 
0.00006730 
0.00006698 
0.00006593 
0.00006593 
0.00006616 
0.00006574 
0.00006605 
0.00006595 
0.00006573 
0.00006564 
0.00006543 
0.00006536 
0.00006574 
0.00006580 
0.00006477 
0.00006473 
0.00006473 
0.00006470 
0.00006467 
0.00006472 
0.00006440 
0.00006473 
0.00006450 
0.00006450 
0.00006450 
0.00006452 
0.00006436 
0.00006438 
0.00006477 
0.00006456 
0.00006457 
0.00006449 
0.00006405 
0.00006418 
0.00006348 
0.00006314 
0.00006304 
0.00006304 
0.00006295 
0.00006270 
0.00006308 
0.00006360 
0.00006415 
0.00006450 
0.00006447 
0.00006447 
0.00006427 
0.00006401 
0.00006409 
0.00006443 
0.00006420 
0.00006472 
0.00006478 
0.00006470 
0.00006480 
0.00006498 
0.00006498 
0.00006495 
0.00006495 
0.00006459 
0.00006481 
0.00006468 
0.00006493 
0.00006456 
0.00006408 
0.00006399 
0.00006473 
0.00006490 
0.00006497 
0.00006451 
0.00006385 
0.00006320 
0.00006302 
0.00006296 
0.00006259 
0.00006194 
0.00006298 
0.00006283 
0.00006302 
0.00006277 
0.00006224 
0.00006181 
0.00006138 
0.00006116 
0.00006219 
0.00006209 
0.00006245 
0.00006198 
0.00006183 
0.00006176 
0.00006169 
0.00006202 
0.00006308 
0.00006324 
0.00006294 
0.00006336 
0.00006340 
0.00006192 
0.00006148 
0.00006193 
0.00006197 
0.00006159 
0.00006166 
0.00006183 
0.00006156 
0.00006236 
0.00006247 
0.00006262 
0.00006220 
0.00006185 
0.00006172 
0.00006213 
0.00006258 
0.00006277 
0.00006275 
0.00006258 
0.00006310 
0.00006300 
0.00006248 
0.00006250 
0.00006224 
0.00006239 
0.00006293 
0.00006253 
0.00006199 
0.00006204 
0.00006210 
0.00006306 
0.00006276 
0.00006302 
0.00006307 
0.00006307 
0.00006337 
0.00006346 
0.00006341 
0.00006305 
0.00006345 
0.00006383 
0.00006411 
0.00006425 
0.00006430 
0.00006438 
0.00006411 
0.00006449 
0.00006394 
0.00006429 
0.00006400 
0.00006344 
0.00006325 
0.00006322 
0.00006355 
0.00006363 
0.00006348 
0.00006279 
0.00006250 
0.00006292 
0.00006299 
0.00006309 
0.00006338 
0.00006326 
0.00006372 
0.00006150 
0.00006202 
0.00006236 
0.00006320 
0.00006357 
0.00006336 
0.00006368 
0.00006380 
0.00006384 
0.00006397 
0.00006407 
0.00006407 
0.00006460 
0.00006459 
0.00006463 
0.00006459 
0.00006479 
0.00006487 
0.00006490 
0.00006431 
0.00006399 
0.00006447 
0.00006385 
0.00006379 
0.00006418 
0.00006388 
0.00006388 
0.00006379 
0.00006414 
0.00006370 
0.00006360 
0.00006343 
0.00006432 
0.00006357 
0.00006305 
0.00006327 
0.00006354 
0.00006318 
0.00006358 
0.00006419 
0.00006320 
0.00006338 
0.00006323 
0.00006360 
0.00006382 
0.00006403 
0.00006426 
0.00006405 
0.00006410 
0.00006404 
0.00006404 
0.00006410 
0.00006434 
0.00006405 
0.00006407 
0.00006445 
0.00006444 
0.00006423 
0.00006457 
0.00006499 
0.00006597 
0.00006658 
0.00006609 
0.00006489 
0.00006532 
0.00006464 
0.00006444 
0.00006423 
0.00006537 
0.00006580 
0.00006527 
0.00006600 
0.00006600 
0.00006647 
0.00006660 
0.00006660 
0.00006660 
0.00006674 
0.00006674 
0.00006670 
0.00006696 
0.00006700 
0.00006770 
0.00006700 
0.00006700 
0.00006673 
0.00006690 
0.00006700 
0.00006613 
0.00006583 
0.00006588 
0.00006590 
0.00006589 
0.00006697 
0.00006703 
0.00006720 
0.00006751 
0.00006704 
0.00006652 
0.00006660 
0.00006653 
0.00006609 
0.00006590 
0.00006590 
0.00006598 
0.00006580 
0.00006580 
0.00006579 
0.00006627 
0.00006580 
0.00006579 
0.00006591 
0.00006534 
0.00006586 
0.00006612 
0.00006584 
0.00006596 
0.00006653 
0.00006618 
0.00006611 
0.00006504 
0.00006561 
0.00006694 
0.00006466 
0.00006482 
0.00006550 
0.00006625 
0.00006600 
0.00006619 
0.00006695 
0.00006698 
0.00006744 
0.00006782 
0.00006798 
0.00006797 
0.00006800 
0.00006800 
0.00006800 
0.00006866 
0.00006851 
0.00006889 
0.00006900 
0.00006826 
0.00006884 
0.00006903 
0.00006877 
0.00006864 
0.00006818 
0.00006816 
0.00006808 
0.00007612 
0.00007639 
0.00007614 
0.00007602 
0.00007532 
0.00007573 
0.00007589 
0.00007461 
0.00007461 
0.00007433 
0.00007435 
0.00007399 
0.00007401 
0.00007392 
0.00007386 
0.00007429 
0.00007490 
0.00007474 
0.00007419 
0.00007468 
0.00007514 
0.00007500 
0.00007528 
0.00007500 
0.00007529 
0.00007500 
0.00007522 
0.00007488 
0.00007554 
0.00007563 
0.00007596 
0.00007457 
0.00007515 
0.00007470 
0.00007398 
0.00007288 
0.00007435 
0.00007320 
0.00007300 
0.00007237 
0.00007211 
0.00007210 
0.00007221 
0.00007249 
0.00007194 
0.00007164 
0.00007178 
0.00007149 
0.00007114 
0.00007141 
0.00007105 
0.00007068 
0.00007060 
0.00007046 
0.00007032 
0.00007003 
0.00007007 
0.00007051 
0.00007041 
0.00007022 
0.00007039 
0.00007052 
0.00007047 
0.00007007 
0.00006969 
0.00006909 
0.00006963 
0.00007018 
0.00007004 
0.00007003 
0.00007002 
0.00007005 
0.00007002 
0.00006951 
0.00006840 
0.00006806 
0.00006772 
0.00006771 
0.00006766 
0.00006751 
0.00006747 
0.00006763 
0.00006814 
0.00006829 
0.00006781 
0.00006792 
0.00006802 
0.00006811 
0.00006885 
0.00006947 
0.00007010 
0.00007017 
0.00007018 
0.00007060 
0.00007056 
0.00007046 
0.00007053 
0.00006998 
0.00006950 
0.00006958 
0.00006960 
0.00006949 
0.00007051 
0.00007009 
0.00007098 
0.00007122 
0.00007144 
0.00007198 
0.00007178 
0.00007271 
0.00007267 
0.00007288 
0.00007400 
0.00007317 
0.00007215 
0.00007166 
0.00007142 
0.00007169 
0.00007200 
0.00007100 
0.00007130 
0.00007075 
0.00007161 
0.00007161 
0.00007203 
0.00007078 
0.00007017 
0.00007018 
0.00006940 
0.00006970 
0.00006957 
0.00006960 
0.00006993 
0.00006994 
0.00006955 
0.00006955 
0.00006931 
0.00006947 
0.00006950 
0.00006920 
0.00006880 
0.00006863 
0.00006800 
0.00006878 
0.00006855 
0.00006999 
0.00007000 
0.00006999 
0.00006995 
0.00007007 
0.00006959 
0.00006983 
0.00007017 
0.00007063 
0.00007000 
0.00006942 
0.00006921 
0.00006945 
0.00006850 
0.00006864 
0.00006748 
0.00006699 
0.00006700 
0.00006725 
0.00006671 
0.00006696 
0.00006719 
0.00006789 
0.00006699 
0.00006730 
0.00006698 
0.00006593 
0.00006593 
0.00006616 
0.00006574 
0.00006605 
0.00006595 
0.00006573 
0.00006564 
0.00006543 
0.00006536 
0.00006574 
0.00006580 
0.00006477 
0.00006473 
0.00006473 
0.00006470 
0.00006467 
0.00006472 
0.00006440 
0.00006473 
0.00006450 
0.00006450 
0.00006450 
0.00006452 
0.00006436 
0.00006438 
0.00006477 
0.00006456 
0.00006457 
0.00006449 
0.00006405 
0.00006418 
0.00006348 
0.00006314 
0.00006304 
0.00006304 
0.00006295 
0.00006270 
0.00006308 
0.00006360 
0.00006415 
0.00006450 
0.00006447 
0.00006447 
0.00006427 
0.00006401 
0.00006409 
0.00006443 
0.00006420 
0.00006472 
0.00006478 
0.00006470 
0.00006480 
0.00006498 
0.00006498 
0.00006495 
0.00006495 
0.00006459 
0.00006481 
0.00006468 
0.00006493 
0.00006456 
0.00006408 
0.00006399 
0.00006473 
0.00006490 
0.00006497 
0.00006451 
0.00006385 
0.00006320 
0.00006302 
0.00006296 
0.00006259 
0.00006194 
0.00006298 
0.00006283 
0.00006302 
0.00006277 
0.00006224 
0.00006181 
0.00006138 
0.00006116 
0.00006219 
0.00006209 
0.00006245 
0.00006198 
0.00006183 
0.00006176 
0.00006169 
0.00006202 
0.00006308 
0.00006324 
0.00006294 
0.00006336 
0.00006340 
0.00006192 
0.00006148 
0.00006193 
0.00006197 
0.00006159 
0.00006166 
0.00006183 
0.00006156 
0.00006236 
0.00006247 
0.00006262 
0.00006220 
0.00006185 
0.00006172 
0.00006213 
0.00006258 
0.00006277 
0.00006275 
0.00006258 
0.00006310 
0.00006300 
0.00006248 
0.00006250 
0.00006224 
0.00006239 
0.00006293 
0.00006253 
0.00006199 
0.00006204 
0.00006210 
0.00006306 
0.00006276 
0.00006302 
0.00006307 
0.00006307 
0.00006337 
0.00006346 
0.00006341 
0.00006305 
0.00006345 
0.00006383 
0.00006411 
0.00006425 
0.00006430 
0.00006438 
0.00006411 
0.00006449 
0.00006394 
0.00006429 
0.00006400 
0.00006344 
0.00006325 
0.00006322 
0.00006355 
0.00006363 
0.00006348 
0.00006279 
0.00006250 
0.00006292 
0.00006299 
0.00006309 
0.00006338 
0.00006326 
0.00006372 
0.00006150 
0.00006202 
0.00006236 
0.00006320 
0.00006357 
0.00006336 
0.00006368 
0.00006380 
0.00006384 
0.00006397 
0.00006407 
0.00006407 
0.00006460 
0.00006459 
0.00006463 
0.00006459 
0.00006479 
0.00006487 
0.00006490 
0.00006431 
0.00006399 
0.00006447 
0.00006385 
0.00006379 
0.00006418 
0.00006388 
0.00006388 
0.00006379 
0.00006414 
0.00006370 
0.00006360 
0.00006343 
0.00006432 
0.00006357 
0.00006305 
0.00006327 
0.00006354 
0.00006318 
0.00006358 
0.00006419 
0.00006320 
0.00006338 
0.00006323 
0.00006360 
0.00006382 
0.00006403 
0.00006426 
0.00006405 
0.00006410 
0.00006404 
0.00006404 
0.00006410 
0.00006434 
0.00006405 
0.00006407 
0.00006445 
0.00006444 
0.00006423 
0.00006457 
0.00006499 
0.00006597 
0.00006658 
0.00006609 
0.00006489 
0.00006532 
0.00006464 
0.00006444 
0.00006423 
0.00006537 
0.00006580 
0.00006527 
0.00006600 
0.00006600 
0.00006647 
0.00006660 
0.00006660 
0.00006660 
0.00006674 
0.00006674 
0.00006670 
0.00006696 
0.00006700 
0.00006770 
0.00006700 
0.00006700 
0.00006673 
0.00006690 
0.00006700 
0.00006613 
0.00006583 
0.00006588 
0.00006590 
0.00006589 
0.00006697 
0.00006703 
0.00006720 
0.00006751 
0.00006704 
0.00006652 
0.00006660 
0.00006653 
0.00006609 
0.00006590 
0.00006590 
0.00006598 
0.00006580 
0.00006580 
0.00006579 
0.00006627 
0.00006580 
0.00006579 
0.00006591 
0.00006534 
0.00006586 
0.00006612 
0.00006584 
0.00006596 
0.00006653 
0.00006618 
0.00006611 
0.00006504 
0.00006561 
0.00006694 
0.00006466 
0.00006482 
0.00006550 
0.00006625 
0.00006600 
0.00006619 
0.00006695 
0.00006698 
0.00006744 
0.00006782 
0.00006798 
0.00006797 
0.00006800 
0.00006800 
0.00006800 
0.00006866 
0.00006851 
0.00006889 
0.00006900 
0.00006826 
0.00006884 
0.00006903 
0.00006877 
0.00006864 
0.00006818 
0.00006816 
0.00006808 
