100.00000000 
12510.00000000 
31922.00000000 
2786.00000000 
67801.00000000 
73745.00000000 
12856.00000000 
17248.00000000 
33621.00000000 
56505.00000000 
20991.00000000 
250166.00000000 
21163.00000000 
14179.00000000 
49042.00000000 
21823.00000000 
22740.00000000 
13886.00000000 
46125.00000000 
22468.00000000 
170508.00000000 
21492.00000000 
55378.00000000 
10660.00000000 
64937.00000000 
119612.00000000 
63928.00000000 
41809.00000000 
28281.00000000 
12059.00000000 
371.00000000 
2216.00000000 
19369.00000000 
56831.00000000 
34865.00000000 
27597.00000000 
141004.00000000 
102191.00000000 
4280.00000000 
151228.00000000 
9053.00000000 
8178.00000000 
22326.00000000 
33484.00000000 
6992.00000000 
57643.00000000 
77244.00000000 
37447.00000000 
51930.00000000 
16424.00000000 
61960.00000000 
24182.00000000 
11612.00000000 
13374.00000000 
37680.00000000 
9985.00000000 
50951.00000000 
15699.00000000 
1143.00000000 
36297.00000000 
47093.00000000 
36279.00000000 
31639.00000000 
12275.00000000 
7004.00000000 
5697.00000000 
45393.00000000 
199.00000000 
57507.00000000 
3471.00000000 
20719.00000000 
26039.00000000 
6400.00000000 
24603.00000000 
3958.00000000 
8341.00000000 
9606.00000000 
6228.00000000 
13261.00000000 
16479.00000000 
12348.00000000 
7110.00000000 
2637.00000000 
43335.00000000 
20461.00000000 
20458.00000000 
11037.00000000 
3582.00000000 
25223.00000000 
224.00000000 
16035.00000000 
56583.00000000 
8252.00000000 
18902.00000000 
53121.00000000 
20821.00000000 
2280.00000000 
18099.00000000 
79077.00000000 
19206.00000000 
22586.00000000 
44274.00000000 
45216.00000000 
83035.00000000 
16013.00000000 
33997.00000000 
144567.00000000 
7945.00000000 
81334.00000000 
27515.00000000 
15504.00000000 
17957.00000000 
41713.00000000 
4171.00000000 
103326.00000000 
3222.00000000 
63843.00000000 
45548.00000000 
47246.00000000 
29031.00000000 
31241.00000000 
294365.00000000 
78396.00000000 
69259.00000000 
10392.00000000 
61156.00000000 
218829.00000000 
141412.00000000 
37637.00000000 
66921.00000000 
22205.00000000 
68434.00000000 
67209.00000000 
41720.00000000 
12990.00000000 
3922.00000000 
23505.00000000 
14367.00000000 
19231.00000000 
47508.00000000 
20778.00000000 
124389.00000000 
156960.00000000 
36749.00000000 
125810.00000000 
200292.00000000 
62291.00000000 
57958.00000000 
12735.00000000 
28200.00000000 
45838.00000000 
120322.00000000 
175544.00000000 
101905.00000000 
26523.00000000 
27810.00000000 
152651.00000000 
30969.00000000 
89069.00000000 
44020.00000000 
213998.00000000 
9148.00000000 
83143.00000000 
118033.00000000 
74058.00000000 
52486.00000000 
23371.00000000 
100322.00000000 
29746.00000000 
303085.00000000 
209128.00000000 
76406.00000000 
18785.00000000 
46084.00000000 
71915.00000000 
37501.00000000 
65809.00000000 
34138.00000000 
28429.00000000 
664129.00000000 
69198.00000000 
262829.00000000 
92409.00000000 
21933.00000000 
43626.00000000 
118296.00000000 
139991.00000000 
212511.00000000 
9482.00000000 
11464.00000000 
9197.00000000 
988.00000000 
5996.00000000 
24975.00000000 
12304.00000000 
25121.00000000 
6547.00000000 
47713.00000000 
4313.00000000 
40595.00000000 
18210.00000000 
15448.00000000 
15874.00000000 
13047.00000000 
920.00000000 
4592.00000000 
16016.00000000 
10972.00000000 
1800.00000000 
10225.00000000 
21891.00000000 
2171.00000000 
7542.00000000 
2740.00000000 
41000.00000000 
0.00000000 
11238.00000000 
19356.00000000 
7525.00000000 
12142.00000000 
2412.00000000 
18244.00000000 
113766.00000000 
6311.00000000 
53382.00000000 
76212.00000000 
38140.00000000 
27965.00000000 
212071.00000000 
19924.00000000 
27088.00000000 
14148.00000000 
1654.00000000 
14431.00000000 
115744.00000000 
56106.00000000 
39956.00000000 
35448.00000000 
40760.00000000 
42478.00000000 
21455.00000000 
4584.00000000 
70516.00000000 
23017.00000000 
21229.00000000 
28114.00000000 
6345.00000000 
36756.00000000 
130368.00000000 
11919.00000000 
15829.00000000 
8598.00000000 
16350.00000000 
7969.00000000 
2600.00000000 
1490.00000000 
3332.00000000 
59785.00000000 
9322.00000000 
66212.00000000 
1124.00000000 
60575.00000000 
42111.00000000 
97409.00000000 
6837.00000000 
70683.00000000 
111715.00000000 
426636.00000000 
203126.00000000 
88640.00000000 
11377.00000000 
7896.00000000 
69381.00000000 
202952.00000000 
12443.00000000 
95111.00000000 
17980.00000000 
71315.00000000 
21637.00000000 
4147.00000000 
18661.00000000 
146998.00000000 
36397.00000000 
12687.00000000 
3050.00000000 
1985.00000000 
34478.00000000 
10128.00000000 
35682.00000000 
8185.00000000 
14588.00000000 
35829.00000000 
4524.00000000 
940.00000000 
71452.00000000 
1285.00000000 
0.00000000 
6155.00000000 
84793.00000000 
0.00000000 
25839.00000000 
2829.00000000 
3173.00000000 
6414.00000000 
5.00000000 
10416.00000000 
10089.00000000 
85151.00000000 
32359.00000000 
30844.00000000 
550.00000000 
500.00000000 
7367.00000000 
2855.00000000 
16544.00000000 
18848.00000000 
5856.00000000 
2628.00000000 
3309.00000000 
646.00000000 
13640.00000000 
16266.00000000 
3135.00000000 
10467.00000000 
4929.00000000 
0.00000000 
408705.00000000 
17139.00000000 
39351.00000000 
80210.00000000 
665661.00000000 
53470.00000000 
29768.00000000 
112245.00000000 
11136.00000000 
46045.00000000 
18748.00000000 
49539.00000000 
170464.00000000 
4968.00000000 
16856.00000000 
5970.00000000 
29882.00000000 
17196.00000000 
2500.00000000 
29956.00000000 
10697.00000000 
12036.00000000 
33682.00000000 
22277.00000000 
3999.00000000 
37328.00000000 
16540.00000000 
562450.00000000 
13494.00000000 
90798.00000000 
7783.00000000 
1348.00000000 
8150.00000000 
9510.00000000 
9609.00000000 
56254.00000000 
34645.00000000 
214115.00000000 
30901.00000000 
94035.00000000 
27513.00000000 
1853.00000000 
27804.00000000 
347.00000000 
6353.00000000 
6660.00000000 
77916.00000000 
9140.00000000 
47776.00000000 
99302.00000000 
15636.00000000 
43575.00000000 
358478.00000000 
192221.00000000 
169993.00000000 
42440.00000000 
43980.00000000 
14671.00000000 
7116.00000000 
21712.00000000 
44378.00000000 
49417.00000000 
43370.00000000 
65281.00000000 
195743.00000000 
80647.00000000 
10299.00000000 
17561.00000000 
199680.00000000 
55463.00000000 
237711.00000000 
125146.00000000 
3216.00000000 
35011.00000000 
6390.00000000 
26518.00000000 
3327.00000000 
2028.00000000 
10712.00000000 
7048.00000000 
23183.00000000 
40538.00000000 
24726.00000000 
59917.00000000 
47586.00000000 
115067.00000000 
57695.00000000 
77856.00000000 
48444.00000000 
16490.00000000 
5977.00000000 
18977.00000000 
4126.00000000 
25326.00000000 
24119.00000000 
82522.00000000 
223804.00000000 
22971.00000000 
8720.00000000 
1525.00000000 
507.00000000 
28965.00000000 
8313.00000000 
26574.00000000 
83458.00000000 
35688.00000000 
17909.00000000 
3765.00000000 
17983.00000000 
0.00000000 
25534.00000000 
4472.00000000 
14628.00000000 
40449.00000000 
40095.00000000 
1385.00000000 
228.00000000 
11745.00000000 
1965.00000000 
33989.00000000 
108631.00000000 
95917.00000000 
20491.00000000 
63197.00000000 
37977.00000000 
11521.00000000 
57743.00000000 
18673.00000000 
42164.00000000 
23029.00000000 
47294.00000000 
20765.00000000 
64405.00000000 
42274.00000000 
31799.00000000 
25473.00000000 
3577.00000000 
66653.00000000 
342.00000000 
0.00000000 
27082.00000000 
193.00000000 
41904.00000000 
19006.00000000 
871.00000000 
5994.00000000 
1943.00000000 
3355.00000000 
10755.00000000 
23031.00000000 
7543.00000000 
0.00000000 
19874.00000000 
16784.00000000 
100.00000000 
12510.00000000 
31922.00000000 
2786.00000000 
67801.00000000 
73745.00000000 
12856.00000000 
17248.00000000 
33621.00000000 
56505.00000000 
20991.00000000 
250166.00000000 
21163.00000000 
14179.00000000 
49042.00000000 
21823.00000000 
22740.00000000 
13886.00000000 
46125.00000000 
22468.00000000 
170508.00000000 
21492.00000000 
55378.00000000 
10660.00000000 
64937.00000000 
119612.00000000 
63928.00000000 
41809.00000000 
28281.00000000 
12059.00000000 
371.00000000 
2216.00000000 
19369.00000000 
56831.00000000 
34865.00000000 
27597.00000000 
141004.00000000 
102191.00000000 
4280.00000000 
151228.00000000 
9053.00000000 
8178.00000000 
22326.00000000 
33484.00000000 
6992.00000000 
57643.00000000 
77244.00000000 
37447.00000000 
51930.00000000 
16424.00000000 
61960.00000000 
24182.00000000 
11612.00000000 
13374.00000000 
37680.00000000 
9985.00000000 
50951.00000000 
15699.00000000 
1143.00000000 
36297.00000000 
47093.00000000 
36279.00000000 
31639.00000000 
12275.00000000 
7004.00000000 
5697.00000000 
45393.00000000 
199.00000000 
57507.00000000 
3471.00000000 
20719.00000000 
26039.00000000 
6400.00000000 
24603.00000000 
3958.00000000 
8341.00000000 
9606.00000000 
6228.00000000 
13261.00000000 
16479.00000000 
12348.00000000 
7110.00000000 
2637.00000000 
43335.00000000 
20461.00000000 
20458.00000000 
11037.00000000 
3582.00000000 
25223.00000000 
224.00000000 
16035.00000000 
56583.00000000 
8252.00000000 
18902.00000000 
53121.00000000 
20821.00000000 
2280.00000000 
18099.00000000 
79077.00000000 
19206.00000000 
22586.00000000 
44274.00000000 
45216.00000000 
83035.00000000 
16013.00000000 
33997.00000000 
144567.00000000 
7945.00000000 
81334.00000000 
27515.00000000 
15504.00000000 
17957.00000000 
41713.00000000 
4171.00000000 
103326.00000000 
3222.00000000 
63843.00000000 
45548.00000000 
47246.00000000 
29031.00000000 
31241.00000000 
294365.00000000 
78396.00000000 
69259.00000000 
10392.00000000 
61156.00000000 
218829.00000000 
141412.00000000 
37637.00000000 
66921.00000000 
22205.00000000 
68434.00000000 
67209.00000000 
41720.00000000 
12990.00000000 
3922.00000000 
23505.00000000 
14367.00000000 
19231.00000000 
47508.00000000 
20778.00000000 
124389.00000000 
156960.00000000 
36749.00000000 
125810.00000000 
200292.00000000 
62291.00000000 
57958.00000000 
12735.00000000 
28200.00000000 
45838.00000000 
120322.00000000 
175544.00000000 
101905.00000000 
26523.00000000 
27810.00000000 
152651.00000000 
30969.00000000 
89069.00000000 
44020.00000000 
213998.00000000 
9148.00000000 
83143.00000000 
118033.00000000 
74058.00000000 
52486.00000000 
23371.00000000 
100322.00000000 
29746.00000000 
303085.00000000 
209128.00000000 
76406.00000000 
18785.00000000 
46084.00000000 
71915.00000000 
37501.00000000 
65809.00000000 
34138.00000000 
28429.00000000 
664129.00000000 
69198.00000000 
262829.00000000 
92409.00000000 
21933.00000000 
43626.00000000 
118296.00000000 
139991.00000000 
212511.00000000 
9482.00000000 
11464.00000000 
9197.00000000 
988.00000000 
5996.00000000 
24975.00000000 
12304.00000000 
25121.00000000 
6547.00000000 
47713.00000000 
4313.00000000 
40595.00000000 
18210.00000000 
15448.00000000 
15874.00000000 
13047.00000000 
920.00000000 
4592.00000000 
16016.00000000 
10972.00000000 
1800.00000000 
10225.00000000 
21891.00000000 
2171.00000000 
7542.00000000 
2740.00000000 
41000.00000000 
0.00000000 
11238.00000000 
19356.00000000 
7525.00000000 
12142.00000000 
2412.00000000 
18244.00000000 
113766.00000000 
6311.00000000 
53382.00000000 
76212.00000000 
38140.00000000 
27965.00000000 
212071.00000000 
19924.00000000 
27088.00000000 
14148.00000000 
1654.00000000 
14431.00000000 
115744.00000000 
56106.00000000 
39956.00000000 
35448.00000000 
40760.00000000 
42478.00000000 
21455.00000000 
4584.00000000 
70516.00000000 
23017.00000000 
21229.00000000 
28114.00000000 
6345.00000000 
36756.00000000 
130368.00000000 
11919.00000000 
15829.00000000 
8598.00000000 
16350.00000000 
7969.00000000 
2600.00000000 
1490.00000000 
3332.00000000 
59785.00000000 
9322.00000000 
66212.00000000 
1124.00000000 
60575.00000000 
42111.00000000 
97409.00000000 
6837.00000000 
70683.00000000 
111715.00000000 
426636.00000000 
203126.00000000 
88640.00000000 
11377.00000000 
7896.00000000 
69381.00000000 
202952.00000000 
12443.00000000 
95111.00000000 
17980.00000000 
71315.00000000 
21637.00000000 
4147.00000000 
18661.00000000 
146998.00000000 
36397.00000000 
12687.00000000 
3050.00000000 
1985.00000000 
34478.00000000 
10128.00000000 
35682.00000000 
8185.00000000 
14588.00000000 
35829.00000000 
4524.00000000 
940.00000000 
71452.00000000 
1285.00000000 
0.00000000 
6155.00000000 
84793.00000000 
0.00000000 
25839.00000000 
2829.00000000 
3173.00000000 
6414.00000000 
5.00000000 
10416.00000000 
10089.00000000 
85151.00000000 
32359.00000000 
30844.00000000 
550.00000000 
500.00000000 
7367.00000000 
2855.00000000 
16544.00000000 
18848.00000000 
5856.00000000 
2628.00000000 
3309.00000000 
646.00000000 
13640.00000000 
16266.00000000 
3135.00000000 
10467.00000000 
4929.00000000 
0.00000000 
408705.00000000 
17139.00000000 
39351.00000000 
80210.00000000 
665661.00000000 
53470.00000000 
29768.00000000 
112245.00000000 
11136.00000000 
46045.00000000 
18748.00000000 
49539.00000000 
170464.00000000 
4968.00000000 
16856.00000000 
5970.00000000 
29882.00000000 
17196.00000000 
2500.00000000 
29956.00000000 
10697.00000000 
12036.00000000 
33682.00000000 
22277.00000000 
3999.00000000 
37328.00000000 
16540.00000000 
562450.00000000 
13494.00000000 
90798.00000000 
7783.00000000 
1348.00000000 
8150.00000000 
9510.00000000 
9609.00000000 
56254.00000000 
34645.00000000 
214115.00000000 
30901.00000000 
94035.00000000 
27513.00000000 
1853.00000000 
27804.00000000 
347.00000000 
6353.00000000 
6660.00000000 
77916.00000000 
9140.00000000 
47776.00000000 
99302.00000000 
15636.00000000 
43575.00000000 
358478.00000000 
192221.00000000 
169993.00000000 
42440.00000000 
43980.00000000 
14671.00000000 
7116.00000000 
21712.00000000 
44378.00000000 
49417.00000000 
43370.00000000 
65281.00000000 
195743.00000000 
80647.00000000 
10299.00000000 
17561.00000000 
199680.00000000 
55463.00000000 
237711.00000000 
125146.00000000 
3216.00000000 
35011.00000000 
6390.00000000 
26518.00000000 
3327.00000000 
2028.00000000 
10712.00000000 
7048.00000000 
23183.00000000 
40538.00000000 
24726.00000000 
59917.00000000 
47586.00000000 
115067.00000000 
57695.00000000 
77856.00000000 
48444.00000000 
16490.00000000 
5977.00000000 
18977.00000000 
4126.00000000 
25326.00000000 
24119.00000000 
82522.00000000 
223804.00000000 
22971.00000000 
8720.00000000 
1525.00000000 
507.00000000 
28965.00000000 
8313.00000000 
26574.00000000 
83458.00000000 
35688.00000000 
17909.00000000 
3765.00000000 
17983.00000000 
0.00000000 
25534.00000000 
4472.00000000 
14628.00000000 
40449.00000000 
40095.00000000 
1385.00000000 
228.00000000 
11745.00000000 
1965.00000000 
33989.00000000 
108631.00000000 
95917.00000000 
20491.00000000 
63197.00000000 
37977.00000000 
11521.00000000 
57743.00000000 
18673.00000000 
42164.00000000 
23029.00000000 
47294.00000000 
20765.00000000 
64405.00000000 
42274.00000000 
31799.00000000 
25473.00000000 
3577.00000000 
66653.00000000 
342.00000000 
0.00000000 
27082.00000000 
193.00000000 
41904.00000000 
19006.00000000 
871.00000000 
5994.00000000 
1943.00000000 
3355.00000000 
10755.00000000 
23031.00000000 
7543.00000000 
0.00000000 
19874.00000000 
16784.00000000 
100.00000000 
12510.00000000 
31922.00000000 
2786.00000000 
67801.00000000 
73745.00000000 
12856.00000000 
17248.00000000 
33621.00000000 
56505.00000000 
20991.00000000 
250166.00000000 
21163.00000000 
14179.00000000 
49042.00000000 
21823.00000000 
22740.00000000 
13886.00000000 
46125.00000000 
22468.00000000 
170508.00000000 
21492.00000000 
55378.00000000 
10660.00000000 
64937.00000000 
119612.00000000 
63928.00000000 
41809.00000000 
28281.00000000 
12059.00000000 
371.00000000 
2216.00000000 
19369.00000000 
56831.00000000 
34865.00000000 
27597.00000000 
141004.00000000 
102191.00000000 
4280.00000000 
151228.00000000 
9053.00000000 
8178.00000000 
22326.00000000 
33484.00000000 
6992.00000000 
57643.00000000 
77244.00000000 
37447.00000000 
51930.00000000 
16424.00000000 
61960.00000000 
24182.00000000 
11612.00000000 
13374.00000000 
37680.00000000 
9985.00000000 
50951.00000000 
15699.00000000 
1143.00000000 
36297.00000000 
47093.00000000 
36279.00000000 
31639.00000000 
12275.00000000 
7004.00000000 
5697.00000000 
45393.00000000 
199.00000000 
57507.00000000 
3471.00000000 
20719.00000000 
26039.00000000 
6400.00000000 
24603.00000000 
3958.00000000 
8341.00000000 
9606.00000000 
6228.00000000 
13261.00000000 
16479.00000000 
12348.00000000 
7110.00000000 
2637.00000000 
43335.00000000 
20461.00000000 
20458.00000000 
11037.00000000 
3582.00000000 
25223.00000000 
224.00000000 
16035.00000000 
56583.00000000 
8252.00000000 
18902.00000000 
53121.00000000 
20821.00000000 
2280.00000000 
18099.00000000 
79077.00000000 
19206.00000000 
22586.00000000 
44274.00000000 
45216.00000000 
83035.00000000 
16013.00000000 
33997.00000000 
144567.00000000 
7945.00000000 
81334.00000000 
27515.00000000 
15504.00000000 
17957.00000000 
41713.00000000 
4171.00000000 
103326.00000000 
3222.00000000 
63843.00000000 
45548.00000000 
47246.00000000 
29031.00000000 
31241.00000000 
294365.00000000 
78396.00000000 
69259.00000000 
10392.00000000 
61156.00000000 
218829.00000000 
141412.00000000 
37637.00000000 
66921.00000000 
22205.00000000 
68434.00000000 
67209.00000000 
41720.00000000 
12990.00000000 
3922.00000000 
23505.00000000 
14367.00000000 
19231.00000000 
47508.00000000 
20778.00000000 
124389.00000000 
156960.00000000 
36749.00000000 
125810.00000000 
200292.00000000 
62291.00000000 
57958.00000000 
12735.00000000 
28200.00000000 
45838.00000000 
120322.00000000 
175544.00000000 
101905.00000000 
26523.00000000 
27810.00000000 
152651.00000000 
30969.00000000 
89069.00000000 
44020.00000000 
213998.00000000 
9148.00000000 
83143.00000000 
118033.00000000 
74058.00000000 
52486.00000000 
23371.00000000 
100322.00000000 
29746.00000000 
303085.00000000 
209128.00000000 
76406.00000000 
18785.00000000 
46084.00000000 
71915.00000000 
37501.00000000 
65809.00000000 
34138.00000000 
28429.00000000 
664129.00000000 
69198.00000000 
262829.00000000 
92409.00000000 
21933.00000000 
43626.00000000 
118296.00000000 
139991.00000000 
212511.00000000 
9482.00000000 
11464.00000000 
9197.00000000 
988.00000000 
5996.00000000 
24975.00000000 
12304.00000000 
25121.00000000 
6547.00000000 
47713.00000000 
4313.00000000 
40595.00000000 
18210.00000000 
15448.00000000 
15874.00000000 
13047.00000000 
920.00000000 
4592.00000000 
16016.00000000 
10972.00000000 
1800.00000000 
10225.00000000 
21891.00000000 
2171.00000000 
7542.00000000 
2740.00000000 
41000.00000000 
0.00000000 
11238.00000000 
19356.00000000 
7525.00000000 
12142.00000000 
2412.00000000 
18244.00000000 
113766.00000000 
6311.00000000 
53382.00000000 
76212.00000000 
38140.00000000 
27965.00000000 
212071.00000000 
19924.00000000 
27088.00000000 
14148.00000000 
1654.00000000 
14431.00000000 
115744.00000000 
56106.00000000 
39956.00000000 
35448.00000000 
40760.00000000 
42478.00000000 
21455.00000000 
4584.00000000 
70516.00000000 
23017.00000000 
21229.00000000 
28114.00000000 
6345.00000000 
36756.00000000 
130368.00000000 
11919.00000000 
15829.00000000 
8598.00000000 
16350.00000000 
7969.00000000 
2600.00000000 
1490.00000000 
3332.00000000 
59785.00000000 
9322.00000000 
66212.00000000 
1124.00000000 
60575.00000000 
42111.00000000 
97409.00000000 
6837.00000000 
70683.00000000 
111715.00000000 
426636.00000000 
203126.00000000 
88640.00000000 
11377.00000000 
7896.00000000 
69381.00000000 
202952.00000000 
12443.00000000 
95111.00000000 
17980.00000000 
71315.00000000 
21637.00000000 
4147.00000000 
18661.00000000 
146998.00000000 
36397.00000000 
12687.00000000 
3050.00000000 
1985.00000000 
34478.00000000 
10128.00000000 
35682.00000000 
8185.00000000 
14588.00000000 
35829.00000000 
4524.00000000 
940.00000000 
71452.00000000 
1285.00000000 
0.00000000 
6155.00000000 
84793.00000000 
0.00000000 
25839.00000000 
2829.00000000 
3173.00000000 
6414.00000000 
5.00000000 
10416.00000000 
10089.00000000 
85151.00000000 
32359.00000000 
30844.00000000 
550.00000000 
500.00000000 
7367.00000000 
2855.00000000 
16544.00000000 
18848.00000000 
5856.00000000 
2628.00000000 
3309.00000000 
646.00000000 
13640.00000000 
16266.00000000 
3135.00000000 
10467.00000000 
4929.00000000 
0.00000000 
408705.00000000 
17139.00000000 
39351.00000000 
80210.00000000 
665661.00000000 
53470.00000000 
29768.00000000 
112245.00000000 
11136.00000000 
46045.00000000 
18748.00000000 
49539.00000000 
170464.00000000 
4968.00000000 
16856.00000000 
5970.00000000 
29882.00000000 
17196.00000000 
2500.00000000 
29956.00000000 
10697.00000000 
12036.00000000 
33682.00000000 
22277.00000000 
3999.00000000 
37328.00000000 
16540.00000000 
562450.00000000 
13494.00000000 
90798.00000000 
7783.00000000 
1348.00000000 
8150.00000000 
9510.00000000 
9609.00000000 
56254.00000000 
34645.00000000 
214115.00000000 
30901.00000000 
94035.00000000 
27513.00000000 
1853.00000000 
27804.00000000 
347.00000000 
6353.00000000 
6660.00000000 
77916.00000000 
9140.00000000 
47776.00000000 
99302.00000000 
15636.00000000 
43575.00000000 
358478.00000000 
192221.00000000 
169993.00000000 
42440.00000000 
43980.00000000 
14671.00000000 
7116.00000000 
21712.00000000 
44378.00000000 
49417.00000000 
43370.00000000 
65281.00000000 
195743.00000000 
80647.00000000 
10299.00000000 
17561.00000000 
199680.00000000 
55463.00000000 
237711.00000000 
125146.00000000 
3216.00000000 
35011.00000000 
6390.00000000 
26518.00000000 
3327.00000000 
2028.00000000 
10712.00000000 
7048.00000000 
23183.00000000 
40538.00000000 
24726.00000000 
59917.00000000 
47586.00000000 
115067.00000000 
57695.00000000 
77856.00000000 
48444.00000000 
16490.00000000 
5977.00000000 
18977.00000000 
4126.00000000 
25326.00000000 
24119.00000000 
82522.00000000 
223804.00000000 
22971.00000000 
8720.00000000 
1525.00000000 
507.00000000 
28965.00000000 
8313.00000000 
26574.00000000 
83458.00000000 
35688.00000000 
17909.00000000 
3765.00000000 
17983.00000000 
0.00000000 
25534.00000000 
4472.00000000 
14628.00000000 
40449.00000000 
40095.00000000 
1385.00000000 
228.00000000 
11745.00000000 
1965.00000000 
33989.00000000 
108631.00000000 
95917.00000000 
20491.00000000 
63197.00000000 
37977.00000000 
11521.00000000 
57743.00000000 
18673.00000000 
42164.00000000 
23029.00000000 
47294.00000000 
20765.00000000 
64405.00000000 
42274.00000000 
31799.00000000 
25473.00000000 
3577.00000000 
66653.00000000 
342.00000000 
0.00000000 
27082.00000000 
193.00000000 
41904.00000000 
19006.00000000 
871.00000000 
5994.00000000 
1943.00000000 
3355.00000000 
10755.00000000 
23031.00000000 
7543.00000000 
0.00000000 
19874.00000000 
16784.00000000 
