0.00000000 
11082.00000000 
695.00000000 
9273.00000000 
23828.00000000 
7229.00000000 
23496.00000000 
1678.00000000 
11881.00000000 
5511.00000000 
11245.00000000 
31642.00000000 
60414.00000000 
10558.00000000 
116.00000000 
53882.00000000 
50924.00000000 
13165.00000000 
6572.00000000 
2304.00000000 
105674.00000000 
38662.00000000 
13501.00000000 
6446.00000000 
17421.00000000 
15606.00000000 
13655.00000000 
26480.00000000 
30482.00000000 
22973.00000000 
17694.00000000 
23234.00000000 
43558.00000000 
513.00000000 
5640.00000000 
17727.00000000 
34431.00000000 
27689.00000000 
8829.00000000 
0.00000000 
20125.00000000 
6090.00000000 
2303.00000000 
8665.00000000 
8012.00000000 
1289.00000000 
3930.00000000 
1717.00000000 
6694.00000000 
52121.00000000 
25982.00000000 
9346.00000000 
4438.00000000 
15997.00000000 
16860.00000000 
3345.00000000 
1794.00000000 
6511.00000000 
1466.00000000 
1069.00000000 
1792.00000000 
2743.00000000 
2342.00000000 
0.00000000 
2098.00000000 
266.00000000 
9652.00000000 
7773.00000000 
10853.00000000 
12256.00000000 
454.00000000 
15936.00000000 
1908.00000000 
5797.00000000 
3495.00000000 
22071.00000000 
10869.00000000 
52079.00000000 
13098.00000000 
13857.00000000 
6419.00000000 
45203.00000000 
6883.00000000 
23774.00000000 
3508.00000000 
3585.00000000 
9904.00000000 
27544.00000000 
12245.00000000 
60971.00000000 
15822.00000000 
8526.00000000 
9973.00000000 
25859.00000000 
5419.00000000 
17222.00000000 
7647.00000000 
14517.00000000 
2562.00000000 
1077.00000000 
1426.00000000 
2214.00000000 
2630.00000000 
870.00000000 
22247.00000000 
10478.00000000 
3058.00000000 
8028.00000000 
12795.00000000 
12568.00000000 
3374.00000000 
179.00000000 
4186.00000000 
3298.00000000 
11103.00000000 
8325.00000000 
76103.00000000 
62875.00000000 
14265.00000000 
65242.00000000 
50795.00000000 
32091.00000000 
11995.00000000 
153660.00000000 
10359.00000000 
65039.00000000 
41109.00000000 
12476.00000000 
11206.00000000 
11786.00000000 
12295.00000000 
230.00000000 
10388.00000000 
6284.00000000 
65379.00000000 
1248.00000000 
3855.00000000 
2252.00000000 
10000.00000000 
8361.00000000 
16790.00000000 
9379.00000000 
31813.00000000 
21918.00000000 
10733.00000000 
11351.00000000 
136018.00000000 
7754.00000000 
19456.00000000 
10893.00000000 
20350.00000000 
26316.00000000 
17141.00000000 
35249.00000000 
8185.00000000 
17195.00000000 
13327.00000000 
10358.00000000 
1735.00000000 
5356.00000000 
146.00000000 
27223.00000000 
27097.00000000 
0.00000000 
8929.00000000 
7898.00000000 
8048.00000000 
5038.00000000 
55008.00000000 
72423.00000000 
19052.00000000 
5700.00000000 
17639.00000000 
759.00000000 
768.00000000 
1616.00000000 
6845.00000000 
20553.00000000 
3000.00000000 
0.00000000 
23300.00000000 
7495.00000000 
4192.00000000 
17334.00000000 
11594.00000000 
353.00000000 
2275.00000000 
2818.00000000 
0.00000000 
2509.00000000 
628.00000000 
11518.00000000 
2879.00000000 
422.00000000 
0.00000000 
2623.00000000 
68.00000000 
1362.00000000 
2346.00000000 
3261.00000000 
346.00000000 
1804.00000000 
3544.00000000 
15310.00000000 
2110.00000000 
4156.00000000 
0.00000000 
119.00000000 
4606.00000000 
2377.00000000 
144906.00000000 
2844.00000000 
251.00000000 
4256.00000000 
7876.00000000 
486.00000000 
1874.00000000 
15999.00000000 
688.00000000 
5052.00000000 
10508.00000000 
9679.00000000 
5.00000000 
14782.00000000 
4604.00000000 
11533.00000000 
6067.00000000 
747.00000000 
6944.00000000 
5157.00000000 
3539.00000000 
1983.00000000 
26234.00000000 
10990.00000000 
2547.00000000 
2289.00000000 
579.00000000 
57239.00000000 
5844.00000000 
44696.00000000 
51069.00000000 
36960.00000000 
49088.00000000 
47837.00000000 
10684.00000000 
17519.00000000 
10.00000000 
10219.00000000 
8972.00000000 
43.00000000 
19031.00000000 
694.00000000 
16003.00000000 
11391.00000000 
7908.00000000 
4170.00000000 
6697.00000000 
31433.00000000 
3855.00000000 
53913.00000000 
17663.00000000 
2004.00000000 
3243.00000000 
2030.00000000 
5830.00000000 
698.00000000 
2422.00000000 
167.00000000 
2000.00000000 
21273.00000000 
42.00000000 
5415.00000000 
6639.00000000 
2510.00000000 
6645.00000000 
1649.00000000 
8879.00000000 
7514.00000000 
4414.00000000 
791.00000000 
9758.00000000 
7199.00000000 
0.00000000 
0.00000000 
3029.00000000 
0.00000000 
4159.00000000 
299.00000000 
0.00000000 
11000.00000000 
13189.00000000 
5023.00000000 
2002.00000000 
1351.00000000 
20216.00000000 
16895.00000000 
16061.00000000 
28668.00000000 
12103.00000000 
24678.00000000 
29360.00000000 
6675.00000000 
9146.00000000 
4562.00000000 
4126.00000000 
764.00000000 
23269.00000000 
16411.00000000 
31596.00000000 
5074.00000000 
55884.00000000 
30103.00000000 
16397.00000000 
45687.00000000 
1746.00000000 
1586.00000000 
171.00000000 
18651.00000000 
7831.00000000 
7700.00000000 
18438.00000000 
11644.00000000 
4436.00000000 
6026.00000000 
4001.00000000 
1775.00000000 
4552.00000000 
23875.00000000 
19600.00000000 
7495.00000000 
96035.00000000 
63858.00000000 
23044.00000000 
2754.00000000 
9954.00000000 
68072.00000000 
18935.00000000 
51727.00000000 
20080.00000000 
39484.00000000 
117089.00000000 
50488.00000000 
15279.00000000 
5482.00000000 
3336.00000000 
5360.00000000 
28881.00000000 
46102.00000000 
11002.00000000 
17600.00000000 
21989.00000000 
5443.00000000 
52.00000000 
196.00000000 
6108.00000000 
67863.00000000 
399.00000000 
11058.00000000 
1894.00000000 
12889.00000000 
14504.00000000 
3873.00000000 
18866.00000000 
4413.00000000 
644.00000000 
18610.00000000 
151592.00000000 
11844.00000000 
4992.00000000 
16252.00000000 
7973.00000000 
5474.00000000 
560.00000000 
26116.00000000 
9140.00000000 
24191.00000000 
82.00000000 
669.00000000 
7733.00000000 
631.00000000 
6460.00000000 
1139.00000000 
2624.00000000 
9349.00000000 
3337.00000000 
18263.00000000 
18561.00000000 
2597.00000000 
82473.00000000 
7588.00000000 
1563.00000000 
19481.00000000 
17815.00000000 
5943.00000000 
13535.00000000 
29523.00000000 
67348.00000000 
62939.00000000 
0.00000000 
6072.00000000 
16682.00000000 
2960.00000000 
0.00000000 
9209.00000000 
6665.00000000 
11304.00000000 
114.00000000 
69801.00000000 
10784.00000000 
25677.00000000 
5124.00000000 
169.00000000 
1885.00000000 
10203.00000000 
4716.00000000 
65.00000000 
70.00000000 
500.00000000 
1998.00000000 
5514.00000000 
4097.00000000 
38886.00000000 
7796.00000000 
9058.00000000 
5578.00000000 
5875.00000000 
24584.00000000 
1836.00000000 
18648.00000000 
5445.00000000 
2322.00000000 
1590.00000000 
15834.00000000 
19117.00000000 
195256.00000000 
1331.00000000 
1838.00000000 
320.00000000 
11231.00000000 
30310.00000000 
0.00000000 
640.00000000 
1303.00000000 
0.00000000 
7181.00000000 
2670.00000000 
6989.00000000 
6060.00000000 
7896.00000000 
2772.00000000 
19891.00000000 
7425.00000000 
16480.00000000 
11326.00000000 
19016.00000000 
11509.00000000 
5753.00000000 
10114.00000000 
51931.00000000 
9028.00000000 
14706.00000000 
3362.00000000 
2825.00000000 
1705.00000000 
1894.00000000 
3105.00000000 
1384.00000000 
1828.00000000 
30396.00000000 
27681.00000000 
1361.00000000 
3757.00000000 
1372.00000000 
1191.00000000 
3605.00000000 
203.00000000 
752.00000000 
26039.00000000 
4975.00000000 
1000.00000000 
0.00000000 
11082.00000000 
695.00000000 
9273.00000000 
23828.00000000 
7229.00000000 
23496.00000000 
1678.00000000 
11881.00000000 
5511.00000000 
11245.00000000 
31642.00000000 
60414.00000000 
10558.00000000 
116.00000000 
53882.00000000 
50924.00000000 
13165.00000000 
6572.00000000 
2304.00000000 
105674.00000000 
38662.00000000 
13501.00000000 
6446.00000000 
17421.00000000 
15606.00000000 
13655.00000000 
26480.00000000 
30482.00000000 
22973.00000000 
17694.00000000 
23234.00000000 
43558.00000000 
513.00000000 
5640.00000000 
17727.00000000 
34431.00000000 
27689.00000000 
8829.00000000 
0.00000000 
20125.00000000 
6090.00000000 
2303.00000000 
8665.00000000 
8012.00000000 
1289.00000000 
3930.00000000 
1717.00000000 
6694.00000000 
52121.00000000 
25982.00000000 
9346.00000000 
4438.00000000 
15997.00000000 
16860.00000000 
3345.00000000 
1794.00000000 
6511.00000000 
1466.00000000 
1069.00000000 
1792.00000000 
2743.00000000 
2342.00000000 
0.00000000 
2098.00000000 
266.00000000 
9652.00000000 
7773.00000000 
10853.00000000 
12256.00000000 
454.00000000 
15936.00000000 
1908.00000000 
5797.00000000 
3495.00000000 
22071.00000000 
10869.00000000 
52079.00000000 
13098.00000000 
13857.00000000 
6419.00000000 
45203.00000000 
6883.00000000 
23774.00000000 
3508.00000000 
3585.00000000 
9904.00000000 
27544.00000000 
12245.00000000 
60971.00000000 
15822.00000000 
8526.00000000 
9973.00000000 
25859.00000000 
5419.00000000 
17222.00000000 
7647.00000000 
14517.00000000 
2562.00000000 
1077.00000000 
1426.00000000 
2214.00000000 
2630.00000000 
870.00000000 
22247.00000000 
10478.00000000 
3058.00000000 
8028.00000000 
12795.00000000 
12568.00000000 
3374.00000000 
179.00000000 
4186.00000000 
3298.00000000 
11103.00000000 
8325.00000000 
76103.00000000 
62875.00000000 
14265.00000000 
65242.00000000 
50795.00000000 
32091.00000000 
11995.00000000 
153660.00000000 
10359.00000000 
65039.00000000 
41109.00000000 
12476.00000000 
11206.00000000 
11786.00000000 
12295.00000000 
230.00000000 
10388.00000000 
6284.00000000 
65379.00000000 
1248.00000000 
3855.00000000 
2252.00000000 
10000.00000000 
8361.00000000 
16790.00000000 
9379.00000000 
31813.00000000 
21918.00000000 
10733.00000000 
11351.00000000 
136018.00000000 
7754.00000000 
19456.00000000 
10893.00000000 
20350.00000000 
26316.00000000 
17141.00000000 
35249.00000000 
8185.00000000 
17195.00000000 
13327.00000000 
10358.00000000 
1735.00000000 
5356.00000000 
146.00000000 
27223.00000000 
27097.00000000 
0.00000000 
8929.00000000 
7898.00000000 
8048.00000000 
5038.00000000 
55008.00000000 
72423.00000000 
19052.00000000 
5700.00000000 
17639.00000000 
759.00000000 
768.00000000 
1616.00000000 
6845.00000000 
20553.00000000 
3000.00000000 
0.00000000 
23300.00000000 
7495.00000000 
4192.00000000 
17334.00000000 
11594.00000000 
353.00000000 
2275.00000000 
2818.00000000 
0.00000000 
2509.00000000 
628.00000000 
11518.00000000 
2879.00000000 
422.00000000 
0.00000000 
2623.00000000 
68.00000000 
1362.00000000 
2346.00000000 
3261.00000000 
346.00000000 
1804.00000000 
3544.00000000 
15310.00000000 
2110.00000000 
4156.00000000 
0.00000000 
119.00000000 
4606.00000000 
2377.00000000 
144906.00000000 
2844.00000000 
251.00000000 
4256.00000000 
7876.00000000 
486.00000000 
1874.00000000 
15999.00000000 
688.00000000 
5052.00000000 
10508.00000000 
9679.00000000 
5.00000000 
14782.00000000 
4604.00000000 
11533.00000000 
6067.00000000 
747.00000000 
6944.00000000 
5157.00000000 
3539.00000000 
1983.00000000 
26234.00000000 
10990.00000000 
2547.00000000 
2289.00000000 
579.00000000 
57239.00000000 
5844.00000000 
44696.00000000 
51069.00000000 
36960.00000000 
49088.00000000 
47837.00000000 
10684.00000000 
17519.00000000 
10.00000000 
10219.00000000 
8972.00000000 
43.00000000 
19031.00000000 
694.00000000 
16003.00000000 
11391.00000000 
7908.00000000 
4170.00000000 
6697.00000000 
31433.00000000 
3855.00000000 
53913.00000000 
17663.00000000 
2004.00000000 
3243.00000000 
2030.00000000 
5830.00000000 
698.00000000 
2422.00000000 
167.00000000 
2000.00000000 
21273.00000000 
42.00000000 
5415.00000000 
6639.00000000 
2510.00000000 
6645.00000000 
1649.00000000 
8879.00000000 
7514.00000000 
4414.00000000 
791.00000000 
9758.00000000 
7199.00000000 
0.00000000 
0.00000000 
3029.00000000 
0.00000000 
4159.00000000 
299.00000000 
0.00000000 
11000.00000000 
13189.00000000 
5023.00000000 
2002.00000000 
1351.00000000 
20216.00000000 
16895.00000000 
16061.00000000 
28668.00000000 
12103.00000000 
24678.00000000 
29360.00000000 
6675.00000000 
9146.00000000 
4562.00000000 
4126.00000000 
764.00000000 
23269.00000000 
16411.00000000 
31596.00000000 
5074.00000000 
55884.00000000 
30103.00000000 
16397.00000000 
45687.00000000 
1746.00000000 
1586.00000000 
171.00000000 
18651.00000000 
7831.00000000 
7700.00000000 
18438.00000000 
11644.00000000 
4436.00000000 
6026.00000000 
4001.00000000 
1775.00000000 
4552.00000000 
23875.00000000 
19600.00000000 
7495.00000000 
96035.00000000 
63858.00000000 
23044.00000000 
2754.00000000 
9954.00000000 
68072.00000000 
18935.00000000 
51727.00000000 
20080.00000000 
39484.00000000 
117089.00000000 
50488.00000000 
15279.00000000 
5482.00000000 
3336.00000000 
5360.00000000 
28881.00000000 
46102.00000000 
11002.00000000 
17600.00000000 
21989.00000000 
5443.00000000 
52.00000000 
196.00000000 
6108.00000000 
67863.00000000 
399.00000000 
11058.00000000 
1894.00000000 
12889.00000000 
14504.00000000 
3873.00000000 
18866.00000000 
4413.00000000 
644.00000000 
18610.00000000 
151592.00000000 
11844.00000000 
4992.00000000 
16252.00000000 
7973.00000000 
5474.00000000 
560.00000000 
26116.00000000 
9140.00000000 
24191.00000000 
82.00000000 
669.00000000 
7733.00000000 
631.00000000 
6460.00000000 
1139.00000000 
2624.00000000 
9349.00000000 
3337.00000000 
18263.00000000 
18561.00000000 
2597.00000000 
82473.00000000 
7588.00000000 
1563.00000000 
19481.00000000 
17815.00000000 
5943.00000000 
13535.00000000 
29523.00000000 
67348.00000000 
62939.00000000 
0.00000000 
6072.00000000 
16682.00000000 
2960.00000000 
0.00000000 
9209.00000000 
6665.00000000 
11304.00000000 
114.00000000 
69801.00000000 
10784.00000000 
25677.00000000 
5124.00000000 
169.00000000 
1885.00000000 
10203.00000000 
4716.00000000 
65.00000000 
70.00000000 
500.00000000 
1998.00000000 
5514.00000000 
4097.00000000 
38886.00000000 
7796.00000000 
9058.00000000 
5578.00000000 
5875.00000000 
24584.00000000 
1836.00000000 
18648.00000000 
5445.00000000 
2322.00000000 
1590.00000000 
15834.00000000 
19117.00000000 
195256.00000000 
1331.00000000 
1838.00000000 
320.00000000 
11231.00000000 
30310.00000000 
0.00000000 
640.00000000 
1303.00000000 
0.00000000 
7181.00000000 
2670.00000000 
6989.00000000 
6060.00000000 
7896.00000000 
2772.00000000 
19891.00000000 
7425.00000000 
16480.00000000 
11326.00000000 
19016.00000000 
11509.00000000 
5753.00000000 
10114.00000000 
51931.00000000 
9028.00000000 
14706.00000000 
3362.00000000 
2825.00000000 
1705.00000000 
1894.00000000 
3105.00000000 
1384.00000000 
1828.00000000 
30396.00000000 
27681.00000000 
1361.00000000 
3757.00000000 
1372.00000000 
1191.00000000 
3605.00000000 
203.00000000 
752.00000000 
26039.00000000 
4975.00000000 
1000.00000000 
0.00000000 
11082.00000000 
695.00000000 
9273.00000000 
23828.00000000 
7229.00000000 
23496.00000000 
1678.00000000 
11881.00000000 
5511.00000000 
11245.00000000 
31642.00000000 
60414.00000000 
10558.00000000 
116.00000000 
53882.00000000 
50924.00000000 
13165.00000000 
6572.00000000 
2304.00000000 
105674.00000000 
38662.00000000 
13501.00000000 
6446.00000000 
17421.00000000 
15606.00000000 
13655.00000000 
26480.00000000 
30482.00000000 
22973.00000000 
17694.00000000 
23234.00000000 
43558.00000000 
513.00000000 
5640.00000000 
17727.00000000 
34431.00000000 
27689.00000000 
8829.00000000 
0.00000000 
20125.00000000 
6090.00000000 
2303.00000000 
8665.00000000 
8012.00000000 
1289.00000000 
3930.00000000 
1717.00000000 
6694.00000000 
52121.00000000 
25982.00000000 
9346.00000000 
4438.00000000 
15997.00000000 
16860.00000000 
3345.00000000 
1794.00000000 
6511.00000000 
1466.00000000 
1069.00000000 
1792.00000000 
2743.00000000 
2342.00000000 
0.00000000 
2098.00000000 
266.00000000 
9652.00000000 
7773.00000000 
10853.00000000 
12256.00000000 
454.00000000 
15936.00000000 
1908.00000000 
5797.00000000 
3495.00000000 
22071.00000000 
10869.00000000 
52079.00000000 
13098.00000000 
13857.00000000 
6419.00000000 
45203.00000000 
6883.00000000 
23774.00000000 
3508.00000000 
3585.00000000 
9904.00000000 
27544.00000000 
12245.00000000 
60971.00000000 
15822.00000000 
8526.00000000 
9973.00000000 
25859.00000000 
5419.00000000 
17222.00000000 
7647.00000000 
14517.00000000 
2562.00000000 
1077.00000000 
1426.00000000 
2214.00000000 
2630.00000000 
870.00000000 
22247.00000000 
10478.00000000 
3058.00000000 
8028.00000000 
12795.00000000 
12568.00000000 
3374.00000000 
179.00000000 
4186.00000000 
3298.00000000 
11103.00000000 
8325.00000000 
76103.00000000 
62875.00000000 
14265.00000000 
65242.00000000 
50795.00000000 
32091.00000000 
11995.00000000 
153660.00000000 
10359.00000000 
65039.00000000 
41109.00000000 
12476.00000000 
11206.00000000 
11786.00000000 
12295.00000000 
230.00000000 
10388.00000000 
6284.00000000 
65379.00000000 
1248.00000000 
3855.00000000 
2252.00000000 
10000.00000000 
8361.00000000 
16790.00000000 
9379.00000000 
31813.00000000 
21918.00000000 
10733.00000000 
11351.00000000 
136018.00000000 
7754.00000000 
19456.00000000 
10893.00000000 
20350.00000000 
26316.00000000 
17141.00000000 
35249.00000000 
8185.00000000 
17195.00000000 
13327.00000000 
10358.00000000 
1735.00000000 
5356.00000000 
146.00000000 
27223.00000000 
27097.00000000 
0.00000000 
8929.00000000 
7898.00000000 
8048.00000000 
5038.00000000 
55008.00000000 
72423.00000000 
19052.00000000 
5700.00000000 
17639.00000000 
759.00000000 
768.00000000 
1616.00000000 
6845.00000000 
20553.00000000 
3000.00000000 
0.00000000 
23300.00000000 
7495.00000000 
4192.00000000 
17334.00000000 
11594.00000000 
353.00000000 
2275.00000000 
2818.00000000 
0.00000000 
2509.00000000 
628.00000000 
11518.00000000 
2879.00000000 
422.00000000 
0.00000000 
2623.00000000 
68.00000000 
1362.00000000 
2346.00000000 
3261.00000000 
346.00000000 
1804.00000000 
3544.00000000 
15310.00000000 
2110.00000000 
4156.00000000 
0.00000000 
119.00000000 
4606.00000000 
2377.00000000 
144906.00000000 
2844.00000000 
251.00000000 
4256.00000000 
7876.00000000 
486.00000000 
1874.00000000 
15999.00000000 
688.00000000 
5052.00000000 
10508.00000000 
9679.00000000 
5.00000000 
14782.00000000 
4604.00000000 
11533.00000000 
6067.00000000 
747.00000000 
6944.00000000 
5157.00000000 
3539.00000000 
1983.00000000 
26234.00000000 
10990.00000000 
2547.00000000 
2289.00000000 
579.00000000 
57239.00000000 
5844.00000000 
44696.00000000 
51069.00000000 
36960.00000000 
49088.00000000 
47837.00000000 
10684.00000000 
17519.00000000 
10.00000000 
10219.00000000 
8972.00000000 
43.00000000 
19031.00000000 
694.00000000 
16003.00000000 
11391.00000000 
7908.00000000 
4170.00000000 
6697.00000000 
31433.00000000 
3855.00000000 
53913.00000000 
17663.00000000 
2004.00000000 
3243.00000000 
2030.00000000 
5830.00000000 
698.00000000 
2422.00000000 
167.00000000 
2000.00000000 
21273.00000000 
42.00000000 
5415.00000000 
6639.00000000 
2510.00000000 
6645.00000000 
1649.00000000 
8879.00000000 
7514.00000000 
4414.00000000 
791.00000000 
9758.00000000 
7199.00000000 
0.00000000 
0.00000000 
3029.00000000 
0.00000000 
4159.00000000 
299.00000000 
0.00000000 
11000.00000000 
13189.00000000 
5023.00000000 
2002.00000000 
1351.00000000 
20216.00000000 
16895.00000000 
16061.00000000 
28668.00000000 
12103.00000000 
24678.00000000 
29360.00000000 
6675.00000000 
9146.00000000 
4562.00000000 
4126.00000000 
764.00000000 
23269.00000000 
16411.00000000 
31596.00000000 
5074.00000000 
55884.00000000 
30103.00000000 
16397.00000000 
45687.00000000 
1746.00000000 
1586.00000000 
171.00000000 
18651.00000000 
7831.00000000 
7700.00000000 
18438.00000000 
11644.00000000 
4436.00000000 
6026.00000000 
4001.00000000 
1775.00000000 
4552.00000000 
23875.00000000 
19600.00000000 
7495.00000000 
96035.00000000 
63858.00000000 
23044.00000000 
2754.00000000 
9954.00000000 
68072.00000000 
18935.00000000 
51727.00000000 
20080.00000000 
39484.00000000 
117089.00000000 
50488.00000000 
15279.00000000 
5482.00000000 
3336.00000000 
5360.00000000 
28881.00000000 
46102.00000000 
11002.00000000 
17600.00000000 
21989.00000000 
5443.00000000 
52.00000000 
196.00000000 
6108.00000000 
67863.00000000 
399.00000000 
11058.00000000 
1894.00000000 
12889.00000000 
14504.00000000 
3873.00000000 
18866.00000000 
4413.00000000 
644.00000000 
18610.00000000 
151592.00000000 
11844.00000000 
4992.00000000 
16252.00000000 
7973.00000000 
5474.00000000 
560.00000000 
26116.00000000 
9140.00000000 
24191.00000000 
82.00000000 
669.00000000 
7733.00000000 
631.00000000 
6460.00000000 
1139.00000000 
2624.00000000 
9349.00000000 
3337.00000000 
18263.00000000 
18561.00000000 
2597.00000000 
82473.00000000 
7588.00000000 
1563.00000000 
19481.00000000 
17815.00000000 
5943.00000000 
13535.00000000 
29523.00000000 
67348.00000000 
62939.00000000 
0.00000000 
6072.00000000 
16682.00000000 
2960.00000000 
0.00000000 
9209.00000000 
6665.00000000 
11304.00000000 
114.00000000 
69801.00000000 
10784.00000000 
25677.00000000 
5124.00000000 
169.00000000 
1885.00000000 
10203.00000000 
4716.00000000 
65.00000000 
70.00000000 
500.00000000 
1998.00000000 
5514.00000000 
4097.00000000 
38886.00000000 
7796.00000000 
9058.00000000 
5578.00000000 
5875.00000000 
24584.00000000 
1836.00000000 
18648.00000000 
5445.00000000 
2322.00000000 
1590.00000000 
15834.00000000 
19117.00000000 
195256.00000000 
1331.00000000 
1838.00000000 
320.00000000 
11231.00000000 
30310.00000000 
0.00000000 
640.00000000 
1303.00000000 
0.00000000 
7181.00000000 
2670.00000000 
6989.00000000 
6060.00000000 
7896.00000000 
2772.00000000 
19891.00000000 
7425.00000000 
16480.00000000 
11326.00000000 
19016.00000000 
11509.00000000 
5753.00000000 
10114.00000000 
51931.00000000 
9028.00000000 
14706.00000000 
3362.00000000 
2825.00000000 
1705.00000000 
1894.00000000 
3105.00000000 
1384.00000000 
1828.00000000 
30396.00000000 
27681.00000000 
1361.00000000 
3757.00000000 
1372.00000000 
1191.00000000 
3605.00000000 
203.00000000 
752.00000000 
26039.00000000 
4975.00000000 
1000.00000000 
