639.88000000 
1803.53000000 
3775.08000000 
689.14000000 
3793.45000000 
1591.78000000 
6529.14000000 
5953.01000000 
3143.77000000 
14320.57000000 
1579.51000000 
2317.99000000 
9799.75000000 
8515.62000000 
1814.15000000 
21805.17000000 
2152.80000000 
1880.81000000 
1592.38000000 
402.88000000 
3678.16000000 
8484.36000000 
701.10000000 
3032.81000000 
1151.03000000 
1322.51000000 
231.85000000 
2642.76000000 
1793.89000000 
1818.66000000 
3288.62000000 
99.92000000 
2451.19000000 
1517.76000000 
2625.58000000 
1339.76000000 
862.77000000 
1576.59000000 
2147.98000000 
442.47000000 
4311.87000000 
2900.35000000 
150.69000000 
86.45000000 
1272.85000000 
751.21000000 
760.19000000 
3532.09000000 
649.67000000 
0.00000000 
766.97000000 
1251.16000000 
342.94000000 
274.92000000 
2284.59000000 
1311.04000000 
517.66000000 
537.18000000 
1526.97000000 
1791.95000000 
443.96000000 
0.00000000 
5862.80000000 
19.76000000 
272.54000000 
466.11000000 
620.03000000 
104.64000000 
51.16000000 
162.81000000 
0.00000000 
198.72000000 
285.87000000 
61.81000000 
1389.36000000 
51.88000000 
757.08000000 
1849.33000000 
1365.29000000 
3126.31000000 
975.81000000 
2483.24000000 
1790.92000000 
2481.61000000 
409.56000000 
2117.90000000 
165.19000000 
2777.28000000 
668.67000000 
199.23000000 
155.60000000 
935.65000000 
579.05000000 
0.00000000 
184.49000000 
1169.27000000 
0.00000000 
31.11000000 
382.30000000 
13.27000000 
0.00000000 
5704.24000000 
9291.91000000 
5.60000000 
1180.70000000 
302.43000000 
101.95000000 
2054.62000000 
2249.18000000 
380.74000000 
2920.67000000 
20.17000000 
386.17000000 
493.72000000 
1222.08000000 
910.78000000 
1421.91000000 
2660.38000000 
692.61000000 
5954.98000000 
411.26000000 
8176.83000000 
3746.81000000 
4386.19000000 
7896.49000000 
943.27000000 
4384.16000000 
349.91000000 
365.05000000 
5534.36000000 
181.05000000 
52.34000000 
1429.84000000 
544.34000000 
0.00000000 
195.05000000 
2026.42000000 
816.33000000 
2351.24000000 
2600.10000000 
921.42000000 
417.49000000 
2166.56000000 
2064.21000000 
3705.76000000 
1665.85000000 
1043.43000000 
2365.76000000 
1948.94000000 
1603.31000000 
214.26000000 
846.44000000 
1459.11000000 
4718.16000000 
2585.98000000 
671.92000000 
3059.76000000 
1585.15000000 
765.74000000 
169.27000000 
846.06000000 
552.83000000 
4327.28000000 
0.00000000 
377.90000000 
1727.67000000 
4540.01000000 
261.24000000 
1609.84000000 
2240.09000000 
255.58000000 
746.24000000 
4195.52000000 
0.00000000 
64.53000000 
1130.13000000 
526.57000000 
4243.01000000 
192.86000000 
200.79000000 
218.08000000 
1242.95000000 
350.92000000 
3482.26000000 
1114.38000000 
1329.74000000 
3597.40000000 
0.00000000 
1511.35000000 
2070.02000000 
294.24000000 
24.96000000 
1675.55000000 
683.58000000 
329.39000000 
577.91000000 
2387.12000000 
550.35000000 
2.12000000 
0.00000000 
53.49000000 
3237.36000000 
1207.75000000 
982.78000000 
1876.52000000 
339.62000000 
0.00000000 
1958.43000000 
7364.51000000 
2389.94000000 
2111.36000000 
1.00000000 
149.57000000 
4038.12000000 
717.03000000 
15565.81000000 
2187.39000000 
1643.12000000 
2799.08000000 
0.00000000 
105.49000000 
758.20000000 
724.92000000 
50.32000000 
1829.47000000 
106.89000000 
3019.28000000 
935.20000000 
36.62000000 
2289.05000000 
5318.08000000 
16521.25000000 
1524.84000000 
1280.42000000 
2313.53000000 
200.83000000 
1479.54000000 
193.79000000 
2749.66000000 
189.58000000 
811.63000000 
2318.30000000 
5067.35000000 
806.91000000 
2609.43000000 
2727.00000000 
614.41000000 
4005.94000000 
1729.13000000 
5071.40000000 
4211.92000000 
594.13000000 
5207.12000000 
810.00000000 
608.37000000 
1950.42000000 
210.09000000 
2230.92000000 
2398.70000000 
2776.52000000 
1444.34000000 
12.00000000 
144.16000000 
321.59000000 
759.94000000 
613.17000000 
0.00000000 
1018.19000000 
7547.88000000 
25.33000000 
325.44000000 
2271.04000000 
210.18000000 
39.97000000 
265.44000000 
2502.10000000 
10.00000000 
925.80000000 
1557.62000000 
893.79000000 
799.78000000 
2569.08000000 
2424.21000000 
1823.23000000 
908.45000000 
39.38000000 
1764.43000000 
4964.64000000 
8005.23000000 
2141.11000000 
4207.45000000 
1205.40000000 
152.45000000 
1411.84000000 
2110.30000000 
209.79000000 
464.67000000 
0.00000000 
4825.85000000 
186.08000000 
4235.90000000 
2817.95000000 
1009.37000000 
1619.85000000 
3508.52000000 
934.82000000 
232.43000000 
322.69000000 
1697.51000000 
0.00000000 
1389.75000000 
2905.35000000 
779.87000000 
3666.16000000 
2904.46000000 
1858.14000000 
7917.23000000 
2230.34000000 
1833.49000000 
3614.20000000 
4876.05000000 
15045.77000000 
1231.55000000 
3096.45000000 
695.44000000 
6290.26000000 
137.54000000 
145.08000000 
2670.43000000 
2895.18000000 
3200.78000000 
3347.15000000 
10969.67000000 
2956.89000000 
1875.98000000 
1737.06000000 
1527.62000000 
78.27000000 
494.70000000 
590.24000000 
2154.90000000 
5086.77000000 
1109.69000000 
176.93000000 
36442.33000000 
540.19000000 
1917.88000000 
1232.72000000 
429.57000000 
431.75000000 
4264.57000000 
1333.78000000 
617.63000000 
1400.18000000 
560.05000000 
232.97000000 
1442.02000000 
1506.60000000 
996.48000000 
336.83000000 
302.96000000 
8060.19000000 
12661.69000000 
842.42000000 
6387.36000000 
7811.73000000 
581.50000000 
2459.04000000 
6436.88000000 
9780.36000000 
1551.64000000 
2205.43000000 
4798.44000000 
6670.57000000 
9055.28000000 
3035.97000000 
8538.34000000 
3612.73000000 
147.63000000 
1496.42000000 
12266.32000000 
772.54000000 
2531.80000000 
9092.78000000 
1911.59000000 
3519.22000000 
897.18000000 
13112.10000000 
7577.43000000 
301.15000000 
3155.10000000 
4692.71000000 
10264.89000000 
2507.37000000 
5230.76000000 
333.29000000 
4025.81000000 
2556.44000000 
17898.03000000 
8368.98000000 
238.34000000 
329.81000000 
2446.17000000 
2531.27000000 
2456.20000000 
4707.90000000 
0.00000000 
949.30000000 
950.04000000 
7969.47000000 
730.59000000 
5638.44000000 
668.57000000 
71.08000000 
2111.04000000 
857.00000000 
6331.08000000 
2142.54000000 
3855.76000000 
416.71000000 
10.56000000 
3466.63000000 
643.93000000 
730.99000000 
147.63000000 
967.56000000 
471.08000000 
1256.26000000 
5041.64000000 
9.31000000 
1152.58000000 
0.00000000 
10.77000000 
303.62000000 
194.67000000 
148.81000000 
299.99000000 
387.29000000 
492.58000000 
3268.91000000 
23.75000000 
518.08000000 
4824.32000000 
9759.71000000 
1620.12000000 
2913.33000000 
4874.95000000 
1484.07000000 
11835.87000000 
606.00000000 
1979.25000000 
796.72000000 
1148.25000000 
68.00000000 
605.87000000 
0.00000000 
375.04000000 
907.53000000 
1187.78000000 
371.10000000 
183.96000000 
12.88000000 
0.00000000 
159.04000000 
175.80000000 
11.11000000 
83.15000000 
1009.60000000 
0.00000000 
0.00000000 
54.63000000 
2.01000000 
723.57000000 
4831.43000000 
9164.40000000 
883.56000000 
20.82000000 
2439.00000000 
110.17000000 
942.21000000 
639.88000000 
1803.53000000 
3775.08000000 
689.14000000 
3793.45000000 
1591.78000000 
6529.14000000 
5953.01000000 
3143.77000000 
14320.57000000 
1579.51000000 
2317.99000000 
9799.75000000 
8515.62000000 
1814.15000000 
21805.17000000 
2152.80000000 
1880.81000000 
1592.38000000 
402.88000000 
3678.16000000 
8484.36000000 
701.10000000 
3032.81000000 
1151.03000000 
1322.51000000 
231.85000000 
2642.76000000 
1793.89000000 
1818.66000000 
3288.62000000 
99.92000000 
2451.19000000 
1517.76000000 
2625.58000000 
1339.76000000 
862.77000000 
1576.59000000 
2147.98000000 
442.47000000 
4311.87000000 
2900.35000000 
150.69000000 
86.45000000 
1272.85000000 
751.21000000 
760.19000000 
3532.09000000 
649.67000000 
0.00000000 
766.97000000 
1251.16000000 
342.94000000 
274.92000000 
2284.59000000 
1311.04000000 
517.66000000 
537.18000000 
1526.97000000 
1791.95000000 
443.96000000 
0.00000000 
5862.80000000 
19.76000000 
272.54000000 
466.11000000 
620.03000000 
104.64000000 
51.16000000 
162.81000000 
0.00000000 
198.72000000 
285.87000000 
61.81000000 
1389.36000000 
51.88000000 
757.08000000 
1849.33000000 
1365.29000000 
3126.31000000 
975.81000000 
2483.24000000 
1790.92000000 
2481.61000000 
409.56000000 
2117.90000000 
165.19000000 
2777.28000000 
668.67000000 
199.23000000 
155.60000000 
935.65000000 
579.05000000 
0.00000000 
184.49000000 
1169.27000000 
0.00000000 
31.11000000 
382.30000000 
13.27000000 
0.00000000 
5704.24000000 
9291.91000000 
5.60000000 
1180.70000000 
302.43000000 
101.95000000 
2054.62000000 
2249.18000000 
380.74000000 
2920.67000000 
20.17000000 
386.17000000 
493.72000000 
1222.08000000 
910.78000000 
1421.91000000 
2660.38000000 
692.61000000 
5954.98000000 
411.26000000 
8176.83000000 
3746.81000000 
4386.19000000 
7896.49000000 
943.27000000 
4384.16000000 
349.91000000 
365.05000000 
5534.36000000 
181.05000000 
52.34000000 
1429.84000000 
544.34000000 
0.00000000 
195.05000000 
2026.42000000 
816.33000000 
2351.24000000 
2600.10000000 
921.42000000 
417.49000000 
2166.56000000 
2064.21000000 
3705.76000000 
1665.85000000 
1043.43000000 
2365.76000000 
1948.94000000 
1603.31000000 
214.26000000 
846.44000000 
1459.11000000 
4718.16000000 
2585.98000000 
671.92000000 
3059.76000000 
1585.15000000 
765.74000000 
169.27000000 
846.06000000 
552.83000000 
4327.28000000 
0.00000000 
377.90000000 
1727.67000000 
4540.01000000 
261.24000000 
1609.84000000 
2240.09000000 
255.58000000 
746.24000000 
4195.52000000 
0.00000000 
64.53000000 
1130.13000000 
526.57000000 
4243.01000000 
192.86000000 
200.79000000 
218.08000000 
1242.95000000 
350.92000000 
3482.26000000 
1114.38000000 
1329.74000000 
3597.40000000 
0.00000000 
1511.35000000 
2070.02000000 
294.24000000 
24.96000000 
1675.55000000 
683.58000000 
329.39000000 
577.91000000 
2387.12000000 
550.35000000 
2.12000000 
0.00000000 
53.49000000 
3237.36000000 
1207.75000000 
982.78000000 
1876.52000000 
339.62000000 
0.00000000 
1958.43000000 
7364.51000000 
2389.94000000 
2111.36000000 
1.00000000 
149.57000000 
4038.12000000 
717.03000000 
15565.81000000 
2187.39000000 
1643.12000000 
2799.08000000 
0.00000000 
105.49000000 
758.20000000 
724.92000000 
50.32000000 
1829.47000000 
106.89000000 
3019.28000000 
935.20000000 
36.62000000 
2289.05000000 
5318.08000000 
16521.25000000 
1524.84000000 
1280.42000000 
2313.53000000 
200.83000000 
1479.54000000 
193.79000000 
2749.66000000 
189.58000000 
811.63000000 
2318.30000000 
5067.35000000 
806.91000000 
2609.43000000 
2727.00000000 
614.41000000 
4005.94000000 
1729.13000000 
5071.40000000 
4211.92000000 
594.13000000 
5207.12000000 
810.00000000 
608.37000000 
1950.42000000 
210.09000000 
2230.92000000 
2398.70000000 
2776.52000000 
1444.34000000 
12.00000000 
144.16000000 
321.59000000 
759.94000000 
613.17000000 
0.00000000 
1018.19000000 
7547.88000000 
25.33000000 
325.44000000 
2271.04000000 
210.18000000 
39.97000000 
265.44000000 
2502.10000000 
10.00000000 
925.80000000 
1557.62000000 
893.79000000 
799.78000000 
2569.08000000 
2424.21000000 
1823.23000000 
908.45000000 
39.38000000 
1764.43000000 
4964.64000000 
8005.23000000 
2141.11000000 
4207.45000000 
1205.40000000 
152.45000000 
1411.84000000 
2110.30000000 
209.79000000 
464.67000000 
0.00000000 
4825.85000000 
186.08000000 
4235.90000000 
2817.95000000 
1009.37000000 
1619.85000000 
3508.52000000 
934.82000000 
232.43000000 
322.69000000 
1697.51000000 
0.00000000 
1389.75000000 
2905.35000000 
779.87000000 
3666.16000000 
2904.46000000 
1858.14000000 
7917.23000000 
2230.34000000 
1833.49000000 
3614.20000000 
4876.05000000 
15045.77000000 
1231.55000000 
3096.45000000 
695.44000000 
6290.26000000 
137.54000000 
145.08000000 
2670.43000000 
2895.18000000 
3200.78000000 
3347.15000000 
10969.67000000 
2956.89000000 
1875.98000000 
1737.06000000 
1527.62000000 
78.27000000 
494.70000000 
590.24000000 
2154.90000000 
5086.77000000 
1109.69000000 
176.93000000 
36442.33000000 
540.19000000 
1917.88000000 
1232.72000000 
429.57000000 
431.75000000 
4264.57000000 
1333.78000000 
617.63000000 
1400.18000000 
560.05000000 
232.97000000 
1442.02000000 
1506.60000000 
996.48000000 
336.83000000 
302.96000000 
8060.19000000 
12661.69000000 
842.42000000 
6387.36000000 
7811.73000000 
581.50000000 
2459.04000000 
6436.88000000 
9780.36000000 
1551.64000000 
2205.43000000 
4798.44000000 
6670.57000000 
9055.28000000 
3035.97000000 
8538.34000000 
3612.73000000 
147.63000000 
1496.42000000 
12266.32000000 
772.54000000 
2531.80000000 
9092.78000000 
1911.59000000 
3519.22000000 
897.18000000 
13112.10000000 
7577.43000000 
301.15000000 
3155.10000000 
4692.71000000 
10264.89000000 
2507.37000000 
5230.76000000 
333.29000000 
4025.81000000 
2556.44000000 
17898.03000000 
8368.98000000 
238.34000000 
329.81000000 
2446.17000000 
2531.27000000 
2456.20000000 
4707.90000000 
0.00000000 
949.30000000 
950.04000000 
7969.47000000 
730.59000000 
5638.44000000 
668.57000000 
71.08000000 
2111.04000000 
857.00000000 
6331.08000000 
2142.54000000 
3855.76000000 
416.71000000 
10.56000000 
3466.63000000 
643.93000000 
730.99000000 
147.63000000 
967.56000000 
471.08000000 
1256.26000000 
5041.64000000 
9.31000000 
1152.58000000 
0.00000000 
10.77000000 
303.62000000 
194.67000000 
148.81000000 
299.99000000 
387.29000000 
492.58000000 
3268.91000000 
23.75000000 
518.08000000 
4824.32000000 
9759.71000000 
1620.12000000 
2913.33000000 
4874.95000000 
1484.07000000 
11835.87000000 
606.00000000 
1979.25000000 
796.72000000 
1148.25000000 
68.00000000 
605.87000000 
0.00000000 
375.04000000 
907.53000000 
1187.78000000 
371.10000000 
183.96000000 
12.88000000 
0.00000000 
159.04000000 
175.80000000 
11.11000000 
83.15000000 
1009.60000000 
0.00000000 
0.00000000 
54.63000000 
2.01000000 
723.57000000 
4831.43000000 
9164.40000000 
883.56000000 
20.82000000 
2439.00000000 
110.17000000 
942.21000000 
639.88000000 
1803.53000000 
3775.08000000 
689.14000000 
3793.45000000 
1591.78000000 
6529.14000000 
5953.01000000 
3143.77000000 
14320.57000000 
1579.51000000 
2317.99000000 
9799.75000000 
8515.62000000 
1814.15000000 
21805.17000000 
2152.80000000 
1880.81000000 
1592.38000000 
402.88000000 
3678.16000000 
8484.36000000 
701.10000000 
3032.81000000 
1151.03000000 
1322.51000000 
231.85000000 
2642.76000000 
1793.89000000 
1818.66000000 
3288.62000000 
99.92000000 
2451.19000000 
1517.76000000 
2625.58000000 
1339.76000000 
862.77000000 
1576.59000000 
2147.98000000 
442.47000000 
4311.87000000 
2900.35000000 
150.69000000 
86.45000000 
1272.85000000 
751.21000000 
760.19000000 
3532.09000000 
649.67000000 
0.00000000 
766.97000000 
1251.16000000 
342.94000000 
274.92000000 
2284.59000000 
1311.04000000 
517.66000000 
537.18000000 
1526.97000000 
1791.95000000 
443.96000000 
0.00000000 
5862.80000000 
19.76000000 
272.54000000 
466.11000000 
620.03000000 
104.64000000 
51.16000000 
162.81000000 
0.00000000 
198.72000000 
285.87000000 
61.81000000 
1389.36000000 
51.88000000 
757.08000000 
1849.33000000 
1365.29000000 
3126.31000000 
975.81000000 
2483.24000000 
1790.92000000 
2481.61000000 
409.56000000 
2117.90000000 
165.19000000 
2777.28000000 
668.67000000 
199.23000000 
155.60000000 
935.65000000 
579.05000000 
0.00000000 
184.49000000 
1169.27000000 
0.00000000 
31.11000000 
382.30000000 
13.27000000 
0.00000000 
5704.24000000 
9291.91000000 
5.60000000 
1180.70000000 
302.43000000 
101.95000000 
2054.62000000 
2249.18000000 
380.74000000 
2920.67000000 
20.17000000 
386.17000000 
493.72000000 
1222.08000000 
910.78000000 
1421.91000000 
2660.38000000 
692.61000000 
5954.98000000 
411.26000000 
8176.83000000 
3746.81000000 
4386.19000000 
7896.49000000 
943.27000000 
4384.16000000 
349.91000000 
365.05000000 
5534.36000000 
181.05000000 
52.34000000 
1429.84000000 
544.34000000 
0.00000000 
195.05000000 
2026.42000000 
816.33000000 
2351.24000000 
2600.10000000 
921.42000000 
417.49000000 
2166.56000000 
2064.21000000 
3705.76000000 
1665.85000000 
1043.43000000 
2365.76000000 
1948.94000000 
1603.31000000 
214.26000000 
846.44000000 
1459.11000000 
4718.16000000 
2585.98000000 
671.92000000 
3059.76000000 
1585.15000000 
765.74000000 
169.27000000 
846.06000000 
552.83000000 
4327.28000000 
0.00000000 
377.90000000 
1727.67000000 
4540.01000000 
261.24000000 
1609.84000000 
2240.09000000 
255.58000000 
746.24000000 
4195.52000000 
0.00000000 
64.53000000 
1130.13000000 
526.57000000 
4243.01000000 
192.86000000 
200.79000000 
218.08000000 
1242.95000000 
350.92000000 
3482.26000000 
1114.38000000 
1329.74000000 
3597.40000000 
0.00000000 
1511.35000000 
2070.02000000 
294.24000000 
24.96000000 
1675.55000000 
683.58000000 
329.39000000 
577.91000000 
2387.12000000 
550.35000000 
2.12000000 
0.00000000 
53.49000000 
3237.36000000 
1207.75000000 
982.78000000 
1876.52000000 
339.62000000 
0.00000000 
1958.43000000 
7364.51000000 
2389.94000000 
2111.36000000 
1.00000000 
149.57000000 
4038.12000000 
717.03000000 
15565.81000000 
2187.39000000 
1643.12000000 
2799.08000000 
0.00000000 
105.49000000 
758.20000000 
724.92000000 
50.32000000 
1829.47000000 
106.89000000 
3019.28000000 
935.20000000 
36.62000000 
2289.05000000 
5318.08000000 
16521.25000000 
1524.84000000 
1280.42000000 
2313.53000000 
200.83000000 
1479.54000000 
193.79000000 
2749.66000000 
189.58000000 
811.63000000 
2318.30000000 
5067.35000000 
806.91000000 
2609.43000000 
2727.00000000 
614.41000000 
4005.94000000 
1729.13000000 
5071.40000000 
4211.92000000 
594.13000000 
5207.12000000 
810.00000000 
608.37000000 
1950.42000000 
210.09000000 
2230.92000000 
2398.70000000 
2776.52000000 
1444.34000000 
12.00000000 
144.16000000 
321.59000000 
759.94000000 
613.17000000 
0.00000000 
1018.19000000 
7547.88000000 
25.33000000 
325.44000000 
2271.04000000 
210.18000000 
39.97000000 
265.44000000 
2502.10000000 
10.00000000 
925.80000000 
1557.62000000 
893.79000000 
799.78000000 
2569.08000000 
2424.21000000 
1823.23000000 
908.45000000 
39.38000000 
1764.43000000 
4964.64000000 
8005.23000000 
2141.11000000 
4207.45000000 
1205.40000000 
152.45000000 
1411.84000000 
2110.30000000 
209.79000000 
464.67000000 
0.00000000 
4825.85000000 
186.08000000 
4235.90000000 
2817.95000000 
1009.37000000 
1619.85000000 
3508.52000000 
934.82000000 
232.43000000 
322.69000000 
1697.51000000 
0.00000000 
1389.75000000 
2905.35000000 
779.87000000 
3666.16000000 
2904.46000000 
1858.14000000 
7917.23000000 
2230.34000000 
1833.49000000 
3614.20000000 
4876.05000000 
15045.77000000 
1231.55000000 
3096.45000000 
695.44000000 
6290.26000000 
137.54000000 
145.08000000 
2670.43000000 
2895.18000000 
3200.78000000 
3347.15000000 
10969.67000000 
2956.89000000 
1875.98000000 
1737.06000000 
1527.62000000 
78.27000000 
494.70000000 
590.24000000 
2154.90000000 
5086.77000000 
1109.69000000 
176.93000000 
36442.33000000 
540.19000000 
1917.88000000 
1232.72000000 
429.57000000 
431.75000000 
4264.57000000 
1333.78000000 
617.63000000 
1400.18000000 
560.05000000 
232.97000000 
1442.02000000 
1506.60000000 
996.48000000 
336.83000000 
302.96000000 
8060.19000000 
12661.69000000 
842.42000000 
6387.36000000 
7811.73000000 
581.50000000 
2459.04000000 
6436.88000000 
9780.36000000 
1551.64000000 
2205.43000000 
4798.44000000 
6670.57000000 
9055.28000000 
3035.97000000 
8538.34000000 
3612.73000000 
147.63000000 
1496.42000000 
12266.32000000 
772.54000000 
2531.80000000 
9092.78000000 
1911.59000000 
3519.22000000 
897.18000000 
13112.10000000 
7577.43000000 
301.15000000 
3155.10000000 
4692.71000000 
10264.89000000 
2507.37000000 
5230.76000000 
333.29000000 
4025.81000000 
2556.44000000 
17898.03000000 
8368.98000000 
238.34000000 
329.81000000 
2446.17000000 
2531.27000000 
2456.20000000 
4707.90000000 
0.00000000 
949.30000000 
950.04000000 
7969.47000000 
730.59000000 
5638.44000000 
668.57000000 
71.08000000 
2111.04000000 
857.00000000 
6331.08000000 
2142.54000000 
3855.76000000 
416.71000000 
10.56000000 
3466.63000000 
643.93000000 
730.99000000 
147.63000000 
967.56000000 
471.08000000 
1256.26000000 
5041.64000000 
9.31000000 
1152.58000000 
0.00000000 
10.77000000 
303.62000000 
194.67000000 
148.81000000 
299.99000000 
387.29000000 
492.58000000 
3268.91000000 
23.75000000 
518.08000000 
4824.32000000 
9759.71000000 
1620.12000000 
2913.33000000 
4874.95000000 
1484.07000000 
11835.87000000 
606.00000000 
1979.25000000 
796.72000000 
1148.25000000 
68.00000000 
605.87000000 
0.00000000 
375.04000000 
907.53000000 
1187.78000000 
371.10000000 
183.96000000 
12.88000000 
0.00000000 
159.04000000 
175.80000000 
11.11000000 
83.15000000 
1009.60000000 
0.00000000 
0.00000000 
54.63000000 
2.01000000 
723.57000000 
4831.43000000 
9164.40000000 
883.56000000 
20.82000000 
2439.00000000 
110.17000000 
942.21000000 
