0.00017780 
0.00017780 
0.00017690 
0.00017870 
0.00017940 
0.00017930 
0.00018360 
0.00018300 
0.00018210 
0.00018000 
0.00017960 
0.00017940 
0.00017700 
0.00017650 
0.00017320 
0.00017200 
0.00017130 
0.00016910 
0.00016900 
0.00016990 
0.00016910 
0.00016900 
0.00016700 
0.00016690 
0.00016700 
0.00016770 
0.00016680 
0.00016770 
0.00016770 
0.00016750 
0.00016580 
0.00016720 
0.00016700 
0.00016410 
0.00016370 
0.00016500 
0.00016500 
0.00016590 
0.00016530 
0.00016300 
0.00016410 
0.00016370 
0.00016250 
0.00016140 
0.00016240 
0.00016110 
0.00016230 
0.00016130 
0.00016180 
0.00016070 
0.00016070 
0.00016070 
0.00016080 
0.00016010 
0.00016000 
0.00016020 
0.00016070 
0.00016090 
0.00016090 
0.00016080 
0.00015950 
0.00016120 
0.00016120 
0.00016110 
0.00016110 
0.00016140 
0.00016100 
0.00016340 
0.00016360 
0.00016360 
0.00016270 
0.00016270 
0.00016360 
0.00016230 
0.00016180 
0.00016100 
0.00016140 
0.00016360 
0.00016360 
0.00016010 
0.00016020 
0.00016020 
0.00016230 
0.00016230 
0.00016220 
0.00016250 
0.00016220 
0.00016240 
0.00016260 
0.00016290 
0.00016350 
0.00016350 
0.00016380 
0.00016400 
0.00016400 
0.00016520 
0.00016210 
0.00016210 
0.00016240 
0.00016350 
0.00016350 
0.00016350 
0.00016350 
0.00016440 
0.00016360 
0.00016390 
0.00016390 
0.00016390 
0.00016410 
0.00016390 
0.00016380 
0.00016410 
0.00016410 
0.00016440 
0.00016450 
0.00016430 
0.00016450 
0.00016170 
0.00016170 
0.00016320 
0.00016400 
0.00016340 
0.00016580 
0.00016380 
0.00016210 
0.00016540 
0.00016540 
0.00016530 
0.00016410 
0.00016410 
0.00016430 
0.00016550 
0.00016500 
0.00016720 
0.00016600 
0.00016600 
0.00016730 
0.00016560 
0.00016720 
0.00016580 
0.00016590 
0.00016580 
0.00016500 
0.00016360 
0.00016520 
0.00016390 
0.00016520 
0.00016500 
0.00016460 
0.00016350 
0.00016210 
0.00016360 
0.00016350 
0.00016250 
0.00016300 
0.00016350 
0.00016150 
0.00016150 
0.00016060 
0.00015970 
0.00015970 
0.00015950 
0.00016160 
0.00016090 
0.00016090 
0.00016000 
0.00016010 
0.00016120 
0.00016070 
0.00016000 
0.00015910 
0.00015770 
0.00015630 
0.00016020 
0.00016020 
0.00016000 
0.00016090 
0.00016030 
0.00015800 
0.00015720 
0.00015710 
0.00015600 
0.00015640 
0.00015700 
0.00015490 
0.00015490 
0.00015490 
0.00015490 
0.00015490 
0.00015410 
0.00015410 
0.00015500 
0.00015450 
0.00015450 
0.00015500 
0.00015490 
0.00015400 
0.00015480 
0.00015580 
0.00015510 
0.00015510 
0.00015500 
0.00015530 
0.00015630 
0.00015760 
0.00015790 
0.00015880 
0.00015880 
0.00015700 
0.00015750 
0.00015600 
0.00015530 
0.00015580 
0.00015350 
0.00015500 
0.00015500 
0.00015500 
0.00015620 
0.00015700 
0.00015720 
0.00015720 
0.00015730 
0.00015730 
0.00015730 
0.00015730 
0.00015750 
0.00015730 
0.00015760 
0.00016030 
0.00016070 
0.00016390 
0.00016060 
0.00015830 
0.00015700 
0.00015740 
0.00015690 
0.00015690 
0.00015590 
0.00015440 
0.00015450 
0.00015290 
0.00015470 
0.00015400 
0.00015290 
0.00015300 
0.00015190 
0.00015190 
0.00015300 
0.00015300 
0.00015190 
0.00015050 
0.00014680 
0.00014680 
0.00014690 
0.00014690 
0.00014650 
0.00014850 
0.00014710 
0.00014890 
0.00014970 
0.00015020 
0.00015000 
0.00015000 
0.00015050 
0.00015000 
0.00015000 
0.00015050 
0.00015050 
0.00015020 
0.00015230 
0.00015150 
0.00015420 
0.00015040 
0.00015020 
0.00015000 
0.00014990 
0.00015070 
0.00014970 
0.00014990 
0.00015010 
0.00015030 
0.00015040 
0.00014990 
0.00015170 
0.00015360 
0.00015400 
0.00015490 
0.00015420 
0.00015380 
0.00015030 
0.00015260 
0.00015180 
0.00015060 
0.00015000 
0.00015010 
0.00015120 
0.00015040 
0.00015040 
0.00015040 
0.00015040 
0.00015020 
0.00014830 
0.00015220 
0.00014970 
0.00014780 
0.00014750 
0.00014890 
0.00014910 
0.00015000 
0.00014930 
0.00014930 
0.00015050 
0.00015080 
0.00015200 
0.00015220 
0.00015160 
0.00015080 
0.00015010 
0.00014930 
0.00014650 
0.00014590 
0.00014650 
0.00014270 
0.00014000 
0.00014020 
0.00014180 
0.00014250 
0.00014380 
0.00014390 
0.00014370 
0.00014190 
0.00014140 
0.00014180 
0.00014340 
0.00014470 
0.00014420 
0.00014400 
0.00014450 
0.00014570 
0.00014430 
0.00014450 
0.00014390 
0.00014200 
0.00014560 
0.00014500 
0.00014440 
0.00014340 
0.00014420 
0.00014680 
0.00014700 
0.00014680 
0.00014710 
0.00014650 
0.00014710 
0.00014700 
0.00014690 
0.00014640 
0.00014590 
0.00014540 
0.00014640 
0.00014370 
0.00014530 
0.00014890 
0.00014320 
0.00014350 
0.00014390 
0.00014280 
0.00014530 
0.00014120 
0.00014180 
0.00014130 
0.00014220 
0.00014240 
0.00014230 
0.00014340 
0.00014650 
0.00014690 
0.00015000 
0.00014790 
0.00014790 
0.00014940 
0.00015110 
0.00015080 
0.00015100 
0.00014760 
0.00014690 
0.00014880 
0.00015090 
0.00014450 
0.00014880 
0.00014980 
0.00015200 
0.00015220 
0.00014940 
0.00014950 
0.00014810 
0.00014900 
0.00014950 
0.00014700 
0.00014990 
0.00015260 
0.00015260 
0.00015280 
0.00015300 
0.00015310 
0.00015330 
0.00015670 
0.00015670 
0.00015690 
0.00015740 
0.00015980 
0.00016240 
0.00016140 
0.00016120 
0.00016050 
0.00016040 
0.00015960 
0.00015500 
0.00015560 
0.00015960 
0.00015810 
0.00015800 
0.00015890 
0.00015880 
0.00015820 
0.00015860 
0.00015580 
0.00015840 
0.00015790 
0.00015930 
0.00015880 
0.00015800 
0.00015800 
0.00015820 
0.00015920 
0.00015780 
0.00015780 
0.00015780 
0.00015430 
0.00015650 
0.00015770 
0.00015650 
0.00015870 
0.00015450 
0.00015400 
0.00015400 
0.00015460 
0.00015620 
0.00015670 
0.00015970 
0.00015930 
0.00015970 
0.00016000 
0.00016140 
0.00016150 
0.00016250 
0.00016250 
0.00016160 
0.00016180 
0.00016170 
0.00016200 
0.00016290 
0.00016290 
0.00016290 
0.00016380 
0.00016260 
0.00016270 
0.00016370 
0.00016410 
0.00016410 
0.00016410 
0.00016320 
0.00016240 
0.00016240 
0.00016500 
0.00016520 
0.00016360 
0.00016190 
0.00016600 
0.00016640 
0.00017780 
0.00017780 
0.00017690 
0.00017870 
0.00017940 
0.00017930 
0.00018360 
0.00018300 
0.00018210 
0.00018000 
0.00017960 
0.00017940 
0.00017700 
0.00017650 
0.00017320 
0.00017200 
0.00017130 
0.00016910 
0.00016900 
0.00016990 
0.00016910 
0.00016900 
0.00016700 
0.00016690 
0.00016700 
0.00016770 
0.00016680 
0.00016770 
0.00016770 
0.00016750 
0.00016580 
0.00016720 
0.00016700 
0.00016410 
0.00016370 
0.00016500 
0.00016500 
0.00016590 
0.00016530 
0.00016300 
0.00016410 
0.00016370 
0.00016250 
0.00016140 
0.00016240 
0.00016110 
0.00016230 
0.00016130 
0.00016180 
0.00016070 
0.00016070 
0.00016070 
0.00016080 
0.00016010 
0.00016000 
0.00016020 
0.00016070 
0.00016090 
0.00016090 
0.00016080 
0.00015950 
0.00016120 
0.00016120 
0.00016110 
0.00016110 
0.00016140 
0.00016100 
0.00016340 
0.00016360 
0.00016360 
0.00016270 
0.00016270 
0.00016360 
0.00016230 
0.00016180 
0.00016100 
0.00016140 
0.00016360 
0.00016360 
0.00016010 
0.00016020 
0.00016020 
0.00016230 
0.00016230 
0.00016220 
0.00016250 
0.00016220 
0.00016240 
0.00016260 
0.00016290 
0.00016350 
0.00016350 
0.00016380 
0.00016400 
0.00016400 
0.00016520 
0.00016210 
0.00016210 
0.00016240 
0.00016350 
0.00016350 
0.00016350 
0.00016350 
0.00016440 
0.00016360 
0.00016390 
0.00016390 
0.00016390 
0.00016410 
0.00016390 
0.00016380 
0.00016410 
0.00016410 
0.00016440 
0.00016450 
0.00016430 
0.00016450 
0.00016170 
0.00016170 
0.00016320 
0.00016400 
0.00016340 
0.00016580 
0.00016380 
0.00016210 
0.00016540 
0.00016540 
0.00016530 
0.00016410 
0.00016410 
0.00016430 
0.00016550 
0.00016500 
0.00016720 
0.00016600 
0.00016600 
0.00016730 
0.00016560 
0.00016720 
0.00016580 
0.00016590 
0.00016580 
0.00016500 
0.00016360 
0.00016520 
0.00016390 
0.00016520 
0.00016500 
0.00016460 
0.00016350 
0.00016210 
0.00016360 
0.00016350 
0.00016250 
0.00016300 
0.00016350 
0.00016150 
0.00016150 
0.00016060 
0.00015970 
0.00015970 
0.00015950 
0.00016160 
0.00016090 
0.00016090 
0.00016000 
0.00016010 
0.00016120 
0.00016070 
0.00016000 
0.00015910 
0.00015770 
0.00015630 
0.00016020 
0.00016020 
0.00016000 
0.00016090 
0.00016030 
0.00015800 
0.00015720 
0.00015710 
0.00015600 
0.00015640 
0.00015700 
0.00015490 
0.00015490 
0.00015490 
0.00015490 
0.00015490 
0.00015410 
0.00015410 
0.00015500 
0.00015450 
0.00015450 
0.00015500 
0.00015490 
0.00015400 
0.00015480 
0.00015580 
0.00015510 
0.00015510 
0.00015500 
0.00015530 
0.00015630 
0.00015760 
0.00015790 
0.00015880 
0.00015880 
0.00015700 
0.00015750 
0.00015600 
0.00015530 
0.00015580 
0.00015350 
0.00015500 
0.00015500 
0.00015500 
0.00015620 
0.00015700 
0.00015720 
0.00015720 
0.00015730 
0.00015730 
0.00015730 
0.00015730 
0.00015750 
0.00015730 
0.00015760 
0.00016030 
0.00016070 
0.00016390 
0.00016060 
0.00015830 
0.00015700 
0.00015740 
0.00015690 
0.00015690 
0.00015590 
0.00015440 
0.00015450 
0.00015290 
0.00015470 
0.00015400 
0.00015290 
0.00015300 
0.00015190 
0.00015190 
0.00015300 
0.00015300 
0.00015190 
0.00015050 
0.00014680 
0.00014680 
0.00014690 
0.00014690 
0.00014650 
0.00014850 
0.00014710 
0.00014890 
0.00014970 
0.00015020 
0.00015000 
0.00015000 
0.00015050 
0.00015000 
0.00015000 
0.00015050 
0.00015050 
0.00015020 
0.00015230 
0.00015150 
0.00015420 
0.00015040 
0.00015020 
0.00015000 
0.00014990 
0.00015070 
0.00014970 
0.00014990 
0.00015010 
0.00015030 
0.00015040 
0.00014990 
0.00015170 
0.00015360 
0.00015400 
0.00015490 
0.00015420 
0.00015380 
0.00015030 
0.00015260 
0.00015180 
0.00015060 
0.00015000 
0.00015010 
0.00015120 
0.00015040 
0.00015040 
0.00015040 
0.00015040 
0.00015020 
0.00014830 
0.00015220 
0.00014970 
0.00014780 
0.00014750 
0.00014890 
0.00014910 
0.00015000 
0.00014930 
0.00014930 
0.00015050 
0.00015080 
0.00015200 
0.00015220 
0.00015160 
0.00015080 
0.00015010 
0.00014930 
0.00014650 
0.00014590 
0.00014650 
0.00014270 
0.00014000 
0.00014020 
0.00014180 
0.00014250 
0.00014380 
0.00014390 
0.00014370 
0.00014190 
0.00014140 
0.00014180 
0.00014340 
0.00014470 
0.00014420 
0.00014400 
0.00014450 
0.00014570 
0.00014430 
0.00014450 
0.00014390 
0.00014200 
0.00014560 
0.00014500 
0.00014440 
0.00014340 
0.00014420 
0.00014680 
0.00014700 
0.00014680 
0.00014710 
0.00014650 
0.00014710 
0.00014700 
0.00014690 
0.00014640 
0.00014590 
0.00014540 
0.00014640 
0.00014370 
0.00014530 
0.00014890 
0.00014320 
0.00014350 
0.00014390 
0.00014280 
0.00014530 
0.00014120 
0.00014180 
0.00014130 
0.00014220 
0.00014240 
0.00014230 
0.00014340 
0.00014650 
0.00014690 
0.00015000 
0.00014790 
0.00014790 
0.00014940 
0.00015110 
0.00015080 
0.00015100 
0.00014760 
0.00014690 
0.00014880 
0.00015090 
0.00014450 
0.00014880 
0.00014980 
0.00015200 
0.00015220 
0.00014940 
0.00014950 
0.00014810 
0.00014900 
0.00014950 
0.00014700 
0.00014990 
0.00015260 
0.00015260 
0.00015280 
0.00015300 
0.00015310 
0.00015330 
0.00015670 
0.00015670 
0.00015690 
0.00015740 
0.00015980 
0.00016240 
0.00016140 
0.00016120 
0.00016050 
0.00016040 
0.00015960 
0.00015500 
0.00015560 
0.00015960 
0.00015810 
0.00015800 
0.00015890 
0.00015880 
0.00015820 
0.00015860 
0.00015580 
0.00015840 
0.00015790 
0.00015930 
0.00015880 
0.00015800 
0.00015800 
0.00015820 
0.00015920 
0.00015780 
0.00015780 
0.00015780 
0.00015430 
0.00015650 
0.00015770 
0.00015650 
0.00015870 
0.00015450 
0.00015400 
0.00015400 
0.00015460 
0.00015620 
0.00015670 
0.00015970 
0.00015930 
0.00015970 
0.00016000 
0.00016140 
0.00016150 
0.00016250 
0.00016250 
0.00016160 
0.00016180 
0.00016170 
0.00016200 
0.00016290 
0.00016290 
0.00016290 
0.00016380 
0.00016260 
0.00016270 
0.00016370 
0.00016410 
0.00016410 
0.00016410 
0.00016320 
0.00016240 
0.00016240 
0.00016500 
0.00016520 
0.00016360 
0.00016190 
0.00016600 
0.00016640 
0.00017780 
0.00017780 
0.00017690 
0.00017870 
0.00017940 
0.00017930 
0.00018360 
0.00018300 
0.00018210 
0.00018000 
0.00017960 
0.00017940 
0.00017700 
0.00017650 
0.00017320 
0.00017200 
0.00017130 
0.00016910 
0.00016900 
0.00016990 
0.00016910 
0.00016900 
0.00016700 
0.00016690 
0.00016700 
0.00016770 
0.00016680 
0.00016770 
0.00016770 
0.00016750 
0.00016580 
0.00016720 
0.00016700 
0.00016410 
0.00016370 
0.00016500 
0.00016500 
0.00016590 
0.00016530 
0.00016300 
0.00016410 
0.00016370 
0.00016250 
0.00016140 
0.00016240 
0.00016110 
0.00016230 
0.00016130 
0.00016180 
0.00016070 
0.00016070 
0.00016070 
0.00016080 
0.00016010 
0.00016000 
0.00016020 
0.00016070 
0.00016090 
0.00016090 
0.00016080 
0.00015950 
0.00016120 
0.00016120 
0.00016110 
0.00016110 
0.00016140 
0.00016100 
0.00016340 
0.00016360 
0.00016360 
0.00016270 
0.00016270 
0.00016360 
0.00016230 
0.00016180 
0.00016100 
0.00016140 
0.00016360 
0.00016360 
0.00016010 
0.00016020 
0.00016020 
0.00016230 
0.00016230 
0.00016220 
0.00016250 
0.00016220 
0.00016240 
0.00016260 
0.00016290 
0.00016350 
0.00016350 
0.00016380 
0.00016400 
0.00016400 
0.00016520 
0.00016210 
0.00016210 
0.00016240 
0.00016350 
0.00016350 
0.00016350 
0.00016350 
0.00016440 
0.00016360 
0.00016390 
0.00016390 
0.00016390 
0.00016410 
0.00016390 
0.00016380 
0.00016410 
0.00016410 
0.00016440 
0.00016450 
0.00016430 
0.00016450 
0.00016170 
0.00016170 
0.00016320 
0.00016400 
0.00016340 
0.00016580 
0.00016380 
0.00016210 
0.00016540 
0.00016540 
0.00016530 
0.00016410 
0.00016410 
0.00016430 
0.00016550 
0.00016500 
0.00016720 
0.00016600 
0.00016600 
0.00016730 
0.00016560 
0.00016720 
0.00016580 
0.00016590 
0.00016580 
0.00016500 
0.00016360 
0.00016520 
0.00016390 
0.00016520 
0.00016500 
0.00016460 
0.00016350 
0.00016210 
0.00016360 
0.00016350 
0.00016250 
0.00016300 
0.00016350 
0.00016150 
0.00016150 
0.00016060 
0.00015970 
0.00015970 
0.00015950 
0.00016160 
0.00016090 
0.00016090 
0.00016000 
0.00016010 
0.00016120 
0.00016070 
0.00016000 
0.00015910 
0.00015770 
0.00015630 
0.00016020 
0.00016020 
0.00016000 
0.00016090 
0.00016030 
0.00015800 
0.00015720 
0.00015710 
0.00015600 
0.00015640 
0.00015700 
0.00015490 
0.00015490 
0.00015490 
0.00015490 
0.00015490 
0.00015410 
0.00015410 
0.00015500 
0.00015450 
0.00015450 
0.00015500 
0.00015490 
0.00015400 
0.00015480 
0.00015580 
0.00015510 
0.00015510 
0.00015500 
0.00015530 
0.00015630 
0.00015760 
0.00015790 
0.00015880 
0.00015880 
0.00015700 
0.00015750 
0.00015600 
0.00015530 
0.00015580 
0.00015350 
0.00015500 
0.00015500 
0.00015500 
0.00015620 
0.00015700 
0.00015720 
0.00015720 
0.00015730 
0.00015730 
0.00015730 
0.00015730 
0.00015750 
0.00015730 
0.00015760 
0.00016030 
0.00016070 
0.00016390 
0.00016060 
0.00015830 
0.00015700 
0.00015740 
0.00015690 
0.00015690 
0.00015590 
0.00015440 
0.00015450 
0.00015290 
0.00015470 
0.00015400 
0.00015290 
0.00015300 
0.00015190 
0.00015190 
0.00015300 
0.00015300 
0.00015190 
0.00015050 
0.00014680 
0.00014680 
0.00014690 
0.00014690 
0.00014650 
0.00014850 
0.00014710 
0.00014890 
0.00014970 
0.00015020 
0.00015000 
0.00015000 
0.00015050 
0.00015000 
0.00015000 
0.00015050 
0.00015050 
0.00015020 
0.00015230 
0.00015150 
0.00015420 
0.00015040 
0.00015020 
0.00015000 
0.00014990 
0.00015070 
0.00014970 
0.00014990 
0.00015010 
0.00015030 
0.00015040 
0.00014990 
0.00015170 
0.00015360 
0.00015400 
0.00015490 
0.00015420 
0.00015380 
0.00015030 
0.00015260 
0.00015180 
0.00015060 
0.00015000 
0.00015010 
0.00015120 
0.00015040 
0.00015040 
0.00015040 
0.00015040 
0.00015020 
0.00014830 
0.00015220 
0.00014970 
0.00014780 
0.00014750 
0.00014890 
0.00014910 
0.00015000 
0.00014930 
0.00014930 
0.00015050 
0.00015080 
0.00015200 
0.00015220 
0.00015160 
0.00015080 
0.00015010 
0.00014930 
0.00014650 
0.00014590 
0.00014650 
0.00014270 
0.00014000 
0.00014020 
0.00014180 
0.00014250 
0.00014380 
0.00014390 
0.00014370 
0.00014190 
0.00014140 
0.00014180 
0.00014340 
0.00014470 
0.00014420 
0.00014400 
0.00014450 
0.00014570 
0.00014430 
0.00014450 
0.00014390 
0.00014200 
0.00014560 
0.00014500 
0.00014440 
0.00014340 
0.00014420 
0.00014680 
0.00014700 
0.00014680 
0.00014710 
0.00014650 
0.00014710 
0.00014700 
0.00014690 
0.00014640 
0.00014590 
0.00014540 
0.00014640 
0.00014370 
0.00014530 
0.00014890 
0.00014320 
0.00014350 
0.00014390 
0.00014280 
0.00014530 
0.00014120 
0.00014180 
0.00014130 
0.00014220 
0.00014240 
0.00014230 
0.00014340 
0.00014650 
0.00014690 
0.00015000 
0.00014790 
0.00014790 
0.00014940 
0.00015110 
0.00015080 
0.00015100 
0.00014760 
0.00014690 
0.00014880 
0.00015090 
0.00014450 
0.00014880 
0.00014980 
0.00015200 
0.00015220 
0.00014940 
0.00014950 
0.00014810 
0.00014900 
0.00014950 
0.00014700 
0.00014990 
0.00015260 
0.00015260 
0.00015280 
0.00015300 
0.00015310 
0.00015330 
0.00015670 
0.00015670 
0.00015690 
0.00015740 
0.00015980 
0.00016240 
0.00016140 
0.00016120 
0.00016050 
0.00016040 
0.00015960 
0.00015500 
0.00015560 
0.00015960 
0.00015810 
0.00015800 
0.00015890 
0.00015880 
0.00015820 
0.00015860 
0.00015580 
0.00015840 
0.00015790 
0.00015930 
0.00015880 
0.00015800 
0.00015800 
0.00015820 
0.00015920 
0.00015780 
0.00015780 
0.00015780 
0.00015430 
0.00015650 
0.00015770 
0.00015650 
0.00015870 
0.00015450 
0.00015400 
0.00015400 
0.00015460 
0.00015620 
0.00015670 
0.00015970 
0.00015930 
0.00015970 
0.00016000 
0.00016140 
0.00016150 
0.00016250 
0.00016250 
0.00016160 
0.00016180 
0.00016170 
0.00016200 
0.00016290 
0.00016290 
0.00016290 
0.00016380 
0.00016260 
0.00016270 
0.00016370 
0.00016410 
0.00016410 
0.00016410 
0.00016320 
0.00016240 
0.00016240 
0.00016500 
0.00016520 
0.00016360 
0.00016190 
0.00016600 
0.00016640 
