0.00056135 
0.00056157 
0.00056941 
0.00056999 
0.00056607 
0.00056136 
0.00056005 
0.00055816 
0.00055301 
0.00055199 
0.00055200 
0.00054841 
0.00054590 
0.00054507 
0.00054252 
0.00053350 
0.00054036 
0.00054717 
0.00054668 
0.00054712 
0.00056064 
0.00056800 
0.00056835 
0.00056600 
0.00055778 
0.00055700 
0.00055892 
0.00055689 
0.00055760 
0.00055541 
0.00054796 
0.00054900 
0.00054711 
0.00055470 
0.00055005 
0.00054969 
0.00055317 
0.00054930 
0.00054379 
0.00054341 
0.00054267 
0.00054099 
0.00053549 
0.00053479 
0.00053525 
0.00053169 
0.00053289 
0.00052869 
0.00052488 
0.00052326 
0.00052609 
0.00052850 
0.00052856 
0.00052230 
0.00052290 
0.00052255 
0.00052000 
0.00052237 
0.00052215 
0.00052172 
0.00051700 
0.00051665 
0.00051780 
0.00051730 
0.00051641 
0.00051301 
0.00051510 
0.00051701 
0.00051411 
0.00051399 
0.00050984 
0.00051332 
0.00051176 
0.00050923 
0.00050600 
0.00050300 
0.00050375 
0.00050006 
0.00049348 
0.00049199 
0.00049398 
0.00049219 
0.00049848 
0.00050040 
0.00050403 
0.00050400 
0.00050100 
0.00050245 
0.00050549 
0.00050867 
0.00051153 
0.00050980 
0.00050755 
0.00051299 
0.00051178 
0.00051101 
0.00051011 
0.00050860 
0.00050400 
0.00050576 
0.00050310 
0.00050416 
0.00051053 
0.00051161 
0.00051944 
0.00051608 
0.00051469 
0.00051692 
0.00051915 
0.00052779 
0.00052780 
0.00052799 
0.00053324 
0.00052700 
0.00052383 
0.00052376 
0.00052365 
0.00051701 
0.00052694 
0.00052800 
0.00052798 
0.00053396 
0.00053035 
0.00052699 
0.00052724 
0.00051779 
0.00051593 
0.00050884 
0.00050630 
0.00050414 
0.00050550 
0.00050663 
0.00050695 
0.00050880 
0.00050740 
0.00050510 
0.00050327 
0.00050106 
0.00049879 
0.00049866 
0.00049801 
0.00049999 
0.00049320 
0.00049125 
0.00048670 
0.00049800 
0.00050076 
0.00050016 
0.00050023 
0.00049771 
0.00050262 
0.00050681 
0.00050882 
0.00051184 
0.00050637 
0.00050401 
0.00050486 
0.00050145 
0.00049600 
0.00049556 
0.00049655 
0.00049354 
0.00049144 
0.00049238 
0.00048667 
0.00048643 
0.00049060 
0.00049786 
0.00049300 
0.00049997 
0.00050126 
0.00049302 
0.00049299 
0.00048900 
0.00049061 
0.00049496 
0.00049144 
0.00048591 
0.00048561 
0.00048208 
0.00048250 
0.00048638 
0.00048716 
0.00047825 
0.00047674 
0.00047400 
0.00047349 
0.00047137 
0.00047135 
0.00047018 
0.00047059 
0.00047019 
0.00047199 
0.00046672 
0.00047106 
0.00047008 
0.00047120 
0.00046782 
0.00046490 
0.00046200 
0.00046110 
0.00046300 
0.00046449 
0.00046610 
0.00046110 
0.00046422 
0.00046364 
0.00046219 
0.00046106 
0.00046192 
0.00046160 
0.00046682 
0.00046681 
0.00046600 
0.00046200 
0.00046180 
0.00046188 
0.00046222 
0.00046153 
0.00046074 
0.00046248 
0.00046447 
0.00046606 
0.00046550 
0.00047050 
0.00047800 
0.00047996 
0.00047508 
0.00047471 
0.00047700 
0.00048162 
0.00047801 
0.00047978 
0.00047333 
0.00047949 
0.00048472 
0.00049425 
0.00049518 
0.00049899 
0.00049668 
0.00049073 
0.00048512 
0.00049895 
0.00049379 
0.00048685 
0.00048226 
0.00047945 
0.00047801 
0.00047645 
0.00047500 
0.00046799 
0.00045989 
0.00045450 
0.00045204 
0.00044993 
0.00045254 
0.00045005 
0.00044852 
0.00044936 
0.00044755 
0.00044947 
0.00045090 
0.00045298 
0.00045237 
0.00044883 
0.00045298 
0.00045285 
0.00044933 
0.00044877 
0.00045000 
0.00045399 
0.00045600 
0.00045600 
0.00045097 
0.00044500 
0.00044866 
0.00044999 
0.00045188 
0.00044962 
0.00044525 
0.00044956 
0.00044430 
0.00044314 
0.00044457 
0.00044365 
0.00044370 
0.00044405 
0.00044518 
0.00044754 
0.00044990 
0.00044456 
0.00044155 
0.00044180 
0.00044276 
0.00044145 
0.00043884 
0.00044002 
0.00044036 
0.00043940 
0.00043755 
0.00043998 
0.00044267 
0.00044375 
0.00043600 
0.00043367 
0.00043489 
0.00043809 
0.00044258 
0.00044469 
0.00044082 
0.00044041 
0.00044176 
0.00044100 
0.00044663 
0.00045118 
0.00045489 
0.00045948 
0.00045521 
0.00045308 
0.00045844 
0.00045956 
0.00044918 
0.00044684 
0.00044065 
0.00044059 
0.00043890 
0.00043990 
0.00043998 
0.00045221 
0.00044511 
0.00042890 
0.00043325 
0.00043657 
0.00043778 
0.00044017 
0.00044500 
0.00044803 
0.00045002 
0.00044995 
0.00045100 
0.00044652 
0.00045050 
0.00045151 
0.00045692 
0.00045970 
0.00045899 
0.00045775 
0.00045964 
0.00046395 
0.00046352 
0.00046300 
0.00046030 
0.00046117 
0.00046906 
0.00046804 
0.00046000 
0.00046002 
0.00046154 
0.00045703 
0.00045948 
0.00045822 
0.00045555 
0.00045560 
0.00045557 
0.00045671 
0.00045541 
0.00046798 
0.00045491 
0.00045607 
0.00045338 
0.00045505 
0.00046174 
0.00045980 
0.00046227 
0.00046541 
0.00046835 
0.00046994 
0.00047070 
0.00047132 
0.00046990 
0.00046995 
0.00047032 
0.00046899 
0.00046770 
0.00046432 
0.00047379 
0.00047417 
0.00047745 
0.00048101 
0.00048100 
0.00048142 
0.00048468 
0.00049074 
0.00048050 
0.00047846 
0.00048367 
0.00048297 
0.00048797 
0.00048405 
0.00048900 
0.00049167 
0.00048830 
0.00048987 
0.00048923 
0.00049145 
0.00049030 
0.00049120 
0.00049498 
0.00050087 
0.00050030 
0.00049899 
0.00049893 
0.00050070 
0.00050170 
0.00050260 
0.00050405 
0.00050119 
0.00050800 
0.00050248 
0.00050179 
0.00050656 
0.00050694 
0.00050750 
0.00051000 
0.00051180 
0.00051790 
0.00051948 
0.00052290 
0.00051986 
0.00052003 
0.00051709 
0.00051200 
0.00051478 
0.00051609 
0.00050873 
0.00050989 
0.00050654 
0.00050810 
0.00050550 
0.00051294 
0.00051074 
0.00050796 
0.00051000 
0.00050306 
0.00050249 
0.00049999 
0.00050775 
0.00050970 
0.00050773 
0.00050546 
0.00050105 
0.00049931 
0.00049460 
0.00049031 
0.00050198 
0.00050488 
0.00049576 
0.00050006 
0.00050714 
0.00052049 
0.00052419 
0.00052481 
0.00052456 
0.00052630 
0.00052399 
0.00052476 
0.00052375 
0.00052367 
0.00052183 
0.00052404 
0.00052400 
0.00051799 
0.00051800 
0.00051811 
0.00051697 
0.00051701 
0.00052106 
0.00051339 
0.00050500 
0.00050334 
0.00056135 
0.00056157 
0.00056941 
0.00056999 
0.00056607 
0.00056136 
0.00056005 
0.00055816 
0.00055301 
0.00055199 
0.00055200 
0.00054841 
0.00054590 
0.00054507 
0.00054252 
0.00053350 
0.00054036 
0.00054717 
0.00054668 
0.00054712 
0.00056064 
0.00056800 
0.00056835 
0.00056600 
0.00055778 
0.00055700 
0.00055892 
0.00055689 
0.00055760 
0.00055541 
0.00054796 
0.00054900 
0.00054711 
0.00055470 
0.00055005 
0.00054969 
0.00055317 
0.00054930 
0.00054379 
0.00054341 
0.00054267 
0.00054099 
0.00053549 
0.00053479 
0.00053525 
0.00053169 
0.00053289 
0.00052869 
0.00052488 
0.00052326 
0.00052609 
0.00052850 
0.00052856 
0.00052230 
0.00052290 
0.00052255 
0.00052000 
0.00052237 
0.00052215 
0.00052172 
0.00051700 
0.00051665 
0.00051780 
0.00051730 
0.00051641 
0.00051301 
0.00051510 
0.00051701 
0.00051411 
0.00051399 
0.00050984 
0.00051332 
0.00051176 
0.00050923 
0.00050600 
0.00050300 
0.00050375 
0.00050006 
0.00049348 
0.00049199 
0.00049398 
0.00049219 
0.00049848 
0.00050040 
0.00050403 
0.00050400 
0.00050100 
0.00050245 
0.00050549 
0.00050867 
0.00051153 
0.00050980 
0.00050755 
0.00051299 
0.00051178 
0.00051101 
0.00051011 
0.00050860 
0.00050400 
0.00050576 
0.00050310 
0.00050416 
0.00051053 
0.00051161 
0.00051944 
0.00051608 
0.00051469 
0.00051692 
0.00051915 
0.00052779 
0.00052780 
0.00052799 
0.00053324 
0.00052700 
0.00052383 
0.00052376 
0.00052365 
0.00051701 
0.00052694 
0.00052800 
0.00052798 
0.00053396 
0.00053035 
0.00052699 
0.00052724 
0.00051779 
0.00051593 
0.00050884 
0.00050630 
0.00050414 
0.00050550 
0.00050663 
0.00050695 
0.00050880 
0.00050740 
0.00050510 
0.00050327 
0.00050106 
0.00049879 
0.00049866 
0.00049801 
0.00049999 
0.00049320 
0.00049125 
0.00048670 
0.00049800 
0.00050076 
0.00050016 
0.00050023 
0.00049771 
0.00050262 
0.00050681 
0.00050882 
0.00051184 
0.00050637 
0.00050401 
0.00050486 
0.00050145 
0.00049600 
0.00049556 
0.00049655 
0.00049354 
0.00049144 
0.00049238 
0.00048667 
0.00048643 
0.00049060 
0.00049786 
0.00049300 
0.00049997 
0.00050126 
0.00049302 
0.00049299 
0.00048900 
0.00049061 
0.00049496 
0.00049144 
0.00048591 
0.00048561 
0.00048208 
0.00048250 
0.00048638 
0.00048716 
0.00047825 
0.00047674 
0.00047400 
0.00047349 
0.00047137 
0.00047135 
0.00047018 
0.00047059 
0.00047019 
0.00047199 
0.00046672 
0.00047106 
0.00047008 
0.00047120 
0.00046782 
0.00046490 
0.00046200 
0.00046110 
0.00046300 
0.00046449 
0.00046610 
0.00046110 
0.00046422 
0.00046364 
0.00046219 
0.00046106 
0.00046192 
0.00046160 
0.00046682 
0.00046681 
0.00046600 
0.00046200 
0.00046180 
0.00046188 
0.00046222 
0.00046153 
0.00046074 
0.00046248 
0.00046447 
0.00046606 
0.00046550 
0.00047050 
0.00047800 
0.00047996 
0.00047508 
0.00047471 
0.00047700 
0.00048162 
0.00047801 
0.00047978 
0.00047333 
0.00047949 
0.00048472 
0.00049425 
0.00049518 
0.00049899 
0.00049668 
0.00049073 
0.00048512 
0.00049895 
0.00049379 
0.00048685 
0.00048226 
0.00047945 
0.00047801 
0.00047645 
0.00047500 
0.00046799 
0.00045989 
0.00045450 
0.00045204 
0.00044993 
0.00045254 
0.00045005 
0.00044852 
0.00044936 
0.00044755 
0.00044947 
0.00045090 
0.00045298 
0.00045237 
0.00044883 
0.00045298 
0.00045285 
0.00044933 
0.00044877 
0.00045000 
0.00045399 
0.00045600 
0.00045600 
0.00045097 
0.00044500 
0.00044866 
0.00044999 
0.00045188 
0.00044962 
0.00044525 
0.00044956 
0.00044430 
0.00044314 
0.00044457 
0.00044365 
0.00044370 
0.00044405 
0.00044518 
0.00044754 
0.00044990 
0.00044456 
0.00044155 
0.00044180 
0.00044276 
0.00044145 
0.00043884 
0.00044002 
0.00044036 
0.00043940 
0.00043755 
0.00043998 
0.00044267 
0.00044375 
0.00043600 
0.00043367 
0.00043489 
0.00043809 
0.00044258 
0.00044469 
0.00044082 
0.00044041 
0.00044176 
0.00044100 
0.00044663 
0.00045118 
0.00045489 
0.00045948 
0.00045521 
0.00045308 
0.00045844 
0.00045956 
0.00044918 
0.00044684 
0.00044065 
0.00044059 
0.00043890 
0.00043990 
0.00043998 
0.00045221 
0.00044511 
0.00042890 
0.00043325 
0.00043657 
0.00043778 
0.00044017 
0.00044500 
0.00044803 
0.00045002 
0.00044995 
0.00045100 
0.00044652 
0.00045050 
0.00045151 
0.00045692 
0.00045970 
0.00045899 
0.00045775 
0.00045964 
0.00046395 
0.00046352 
0.00046300 
0.00046030 
0.00046117 
0.00046906 
0.00046804 
0.00046000 
0.00046002 
0.00046154 
0.00045703 
0.00045948 
0.00045822 
0.00045555 
0.00045560 
0.00045557 
0.00045671 
0.00045541 
0.00046798 
0.00045491 
0.00045607 
0.00045338 
0.00045505 
0.00046174 
0.00045980 
0.00046227 
0.00046541 
0.00046835 
0.00046994 
0.00047070 
0.00047132 
0.00046990 
0.00046995 
0.00047032 
0.00046899 
0.00046770 
0.00046432 
0.00047379 
0.00047417 
0.00047745 
0.00048101 
0.00048100 
0.00048142 
0.00048468 
0.00049074 
0.00048050 
0.00047846 
0.00048367 
0.00048297 
0.00048797 
0.00048405 
0.00048900 
0.00049167 
0.00048830 
0.00048987 
0.00048923 
0.00049145 
0.00049030 
0.00049120 
0.00049498 
0.00050087 
0.00050030 
0.00049899 
0.00049893 
0.00050070 
0.00050170 
0.00050260 
0.00050405 
0.00050119 
0.00050800 
0.00050248 
0.00050179 
0.00050656 
0.00050694 
0.00050750 
0.00051000 
0.00051180 
0.00051790 
0.00051948 
0.00052290 
0.00051986 
0.00052003 
0.00051709 
0.00051200 
0.00051478 
0.00051609 
0.00050873 
0.00050989 
0.00050654 
0.00050810 
0.00050550 
0.00051294 
0.00051074 
0.00050796 
0.00051000 
0.00050306 
0.00050249 
0.00049999 
0.00050775 
0.00050970 
0.00050773 
0.00050546 
0.00050105 
0.00049931 
0.00049460 
0.00049031 
0.00050198 
0.00050488 
0.00049576 
0.00050006 
0.00050714 
0.00052049 
0.00052419 
0.00052481 
0.00052456 
0.00052630 
0.00052399 
0.00052476 
0.00052375 
0.00052367 
0.00052183 
0.00052404 
0.00052400 
0.00051799 
0.00051800 
0.00051811 
0.00051697 
0.00051701 
0.00052106 
0.00051339 
0.00050500 
0.00050334 
0.00056135 
0.00056157 
0.00056941 
0.00056999 
0.00056607 
0.00056136 
0.00056005 
0.00055816 
0.00055301 
0.00055199 
0.00055200 
0.00054841 
0.00054590 
0.00054507 
0.00054252 
0.00053350 
0.00054036 
0.00054717 
0.00054668 
0.00054712 
0.00056064 
0.00056800 
0.00056835 
0.00056600 
0.00055778 
0.00055700 
0.00055892 
0.00055689 
0.00055760 
0.00055541 
0.00054796 
0.00054900 
0.00054711 
0.00055470 
0.00055005 
0.00054969 
0.00055317 
0.00054930 
0.00054379 
0.00054341 
0.00054267 
0.00054099 
0.00053549 
0.00053479 
0.00053525 
0.00053169 
0.00053289 
0.00052869 
0.00052488 
0.00052326 
0.00052609 
0.00052850 
0.00052856 
0.00052230 
0.00052290 
0.00052255 
0.00052000 
0.00052237 
0.00052215 
0.00052172 
0.00051700 
0.00051665 
0.00051780 
0.00051730 
0.00051641 
0.00051301 
0.00051510 
0.00051701 
0.00051411 
0.00051399 
0.00050984 
0.00051332 
0.00051176 
0.00050923 
0.00050600 
0.00050300 
0.00050375 
0.00050006 
0.00049348 
0.00049199 
0.00049398 
0.00049219 
0.00049848 
0.00050040 
0.00050403 
0.00050400 
0.00050100 
0.00050245 
0.00050549 
0.00050867 
0.00051153 
0.00050980 
0.00050755 
0.00051299 
0.00051178 
0.00051101 
0.00051011 
0.00050860 
0.00050400 
0.00050576 
0.00050310 
0.00050416 
0.00051053 
0.00051161 
0.00051944 
0.00051608 
0.00051469 
0.00051692 
0.00051915 
0.00052779 
0.00052780 
0.00052799 
0.00053324 
0.00052700 
0.00052383 
0.00052376 
0.00052365 
0.00051701 
0.00052694 
0.00052800 
0.00052798 
0.00053396 
0.00053035 
0.00052699 
0.00052724 
0.00051779 
0.00051593 
0.00050884 
0.00050630 
0.00050414 
0.00050550 
0.00050663 
0.00050695 
0.00050880 
0.00050740 
0.00050510 
0.00050327 
0.00050106 
0.00049879 
0.00049866 
0.00049801 
0.00049999 
0.00049320 
0.00049125 
0.00048670 
0.00049800 
0.00050076 
0.00050016 
0.00050023 
0.00049771 
0.00050262 
0.00050681 
0.00050882 
0.00051184 
0.00050637 
0.00050401 
0.00050486 
0.00050145 
0.00049600 
0.00049556 
0.00049655 
0.00049354 
0.00049144 
0.00049238 
0.00048667 
0.00048643 
0.00049060 
0.00049786 
0.00049300 
0.00049997 
0.00050126 
0.00049302 
0.00049299 
0.00048900 
0.00049061 
0.00049496 
0.00049144 
0.00048591 
0.00048561 
0.00048208 
0.00048250 
0.00048638 
0.00048716 
0.00047825 
0.00047674 
0.00047400 
0.00047349 
0.00047137 
0.00047135 
0.00047018 
0.00047059 
0.00047019 
0.00047199 
0.00046672 
0.00047106 
0.00047008 
0.00047120 
0.00046782 
0.00046490 
0.00046200 
0.00046110 
0.00046300 
0.00046449 
0.00046610 
0.00046110 
0.00046422 
0.00046364 
0.00046219 
0.00046106 
0.00046192 
0.00046160 
0.00046682 
0.00046681 
0.00046600 
0.00046200 
0.00046180 
0.00046188 
0.00046222 
0.00046153 
0.00046074 
0.00046248 
0.00046447 
0.00046606 
0.00046550 
0.00047050 
0.00047800 
0.00047996 
0.00047508 
0.00047471 
0.00047700 
0.00048162 
0.00047801 
0.00047978 
0.00047333 
0.00047949 
0.00048472 
0.00049425 
0.00049518 
0.00049899 
0.00049668 
0.00049073 
0.00048512 
0.00049895 
0.00049379 
0.00048685 
0.00048226 
0.00047945 
0.00047801 
0.00047645 
0.00047500 
0.00046799 
0.00045989 
0.00045450 
0.00045204 
0.00044993 
0.00045254 
0.00045005 
0.00044852 
0.00044936 
0.00044755 
0.00044947 
0.00045090 
0.00045298 
0.00045237 
0.00044883 
0.00045298 
0.00045285 
0.00044933 
0.00044877 
0.00045000 
0.00045399 
0.00045600 
0.00045600 
0.00045097 
0.00044500 
0.00044866 
0.00044999 
0.00045188 
0.00044962 
0.00044525 
0.00044956 
0.00044430 
0.00044314 
0.00044457 
0.00044365 
0.00044370 
0.00044405 
0.00044518 
0.00044754 
0.00044990 
0.00044456 
0.00044155 
0.00044180 
0.00044276 
0.00044145 
0.00043884 
0.00044002 
0.00044036 
0.00043940 
0.00043755 
0.00043998 
0.00044267 
0.00044375 
0.00043600 
0.00043367 
0.00043489 
0.00043809 
0.00044258 
0.00044469 
0.00044082 
0.00044041 
0.00044176 
0.00044100 
0.00044663 
0.00045118 
0.00045489 
0.00045948 
0.00045521 
0.00045308 
0.00045844 
0.00045956 
0.00044918 
0.00044684 
0.00044065 
0.00044059 
0.00043890 
0.00043990 
0.00043998 
0.00045221 
0.00044511 
0.00042890 
0.00043325 
0.00043657 
0.00043778 
0.00044017 
0.00044500 
0.00044803 
0.00045002 
0.00044995 
0.00045100 
0.00044652 
0.00045050 
0.00045151 
0.00045692 
0.00045970 
0.00045899 
0.00045775 
0.00045964 
0.00046395 
0.00046352 
0.00046300 
0.00046030 
0.00046117 
0.00046906 
0.00046804 
0.00046000 
0.00046002 
0.00046154 
0.00045703 
0.00045948 
0.00045822 
0.00045555 
0.00045560 
0.00045557 
0.00045671 
0.00045541 
0.00046798 
0.00045491 
0.00045607 
0.00045338 
0.00045505 
0.00046174 
0.00045980 
0.00046227 
0.00046541 
0.00046835 
0.00046994 
0.00047070 
0.00047132 
0.00046990 
0.00046995 
0.00047032 
0.00046899 
0.00046770 
0.00046432 
0.00047379 
0.00047417 
0.00047745 
0.00048101 
0.00048100 
0.00048142 
0.00048468 
0.00049074 
0.00048050 
0.00047846 
0.00048367 
0.00048297 
0.00048797 
0.00048405 
0.00048900 
0.00049167 
0.00048830 
0.00048987 
0.00048923 
0.00049145 
0.00049030 
0.00049120 
0.00049498 
0.00050087 
0.00050030 
0.00049899 
0.00049893 
0.00050070 
0.00050170 
0.00050260 
0.00050405 
0.00050119 
0.00050800 
0.00050248 
0.00050179 
0.00050656 
0.00050694 
0.00050750 
0.00051000 
0.00051180 
0.00051790 
0.00051948 
0.00052290 
0.00051986 
0.00052003 
0.00051709 
0.00051200 
0.00051478 
0.00051609 
0.00050873 
0.00050989 
0.00050654 
0.00050810 
0.00050550 
0.00051294 
0.00051074 
0.00050796 
0.00051000 
0.00050306 
0.00050249 
0.00049999 
0.00050775 
0.00050970 
0.00050773 
0.00050546 
0.00050105 
0.00049931 
0.00049460 
0.00049031 
0.00050198 
0.00050488 
0.00049576 
0.00050006 
0.00050714 
0.00052049 
0.00052419 
0.00052481 
0.00052456 
0.00052630 
0.00052399 
0.00052476 
0.00052375 
0.00052367 
0.00052183 
0.00052404 
0.00052400 
0.00051799 
0.00051800 
0.00051811 
0.00051697 
0.00051701 
0.00052106 
0.00051339 
0.00050500 
0.00050334 
