6560.00000000 
46652.00000000 
48275.00000000 
50132.00000000 
57803.00000000 
23775.00000000 
26633.00000000 
30795.00000000 
35375.00000000 
19326.00000000 
29056.00000000 
26836.00000000 
42859.00000000 
29641.00000000 
50672.00000000 
65876.00000000 
39923.00000000 
21991.00000000 
49221.00000000 
97387.00000000 
52672.00000000 
58161.00000000 
53637.00000000 
68218.00000000 
57246.00000000 
68521.00000000 
78957.00000000 
37361.00000000 
51367.00000000 
74127.00000000 
48076.00000000 
46332.00000000 
42001.00000000 
31308.00000000 
47976.00000000 
59056.00000000 
76982.00000000 
177466.00000000 
49780.00000000 
52823.00000000 
25491.00000000 
35994.00000000 
41214.00000000 
10525.00000000 
32041.00000000 
21091.00000000 
54631.00000000 
16113.00000000 
18100.00000000 
19021.00000000 
19359.00000000 
12100.00000000 
30328.00000000 
30143.00000000 
8045.00000000 
11136.00000000 
12954.00000000 
28538.00000000 
20902.00000000 
12286.00000000 
43053.00000000 
25542.00000000 
25548.00000000 
9823.00000000 
21717.00000000 
20906.00000000 
35113.00000000 
36834.00000000 
17399.00000000 
22169.00000000 
18541.00000000 
29988.00000000 
23931.00000000 
79766.00000000 
22203.00000000 
7379.00000000 
11667.00000000 
40751.00000000 
11625.00000000 
10355.00000000 
23387.00000000 
31028.00000000 
28673.00000000 
89793.00000000 
10941.00000000 
8116.00000000 
44830.00000000 
20322.00000000 
53312.00000000 
15546.00000000 
15994.00000000 
8378.00000000 
17049.00000000 
19332.00000000 
20187.00000000 
14622.00000000 
40278.00000000 
32355.00000000 
21477.00000000 
23131.00000000 
66170.00000000 
51474.00000000 
51121.00000000 
36385.00000000 
42176.00000000 
16480.00000000 
23791.00000000 
41239.00000000 
50188.00000000 
30126.00000000 
13516.00000000 
36340.00000000 
44291.00000000 
69096.00000000 
15408.00000000 
37831.00000000 
21683.00000000 
50881.00000000 
47357.00000000 
26539.00000000 
64074.00000000 
63174.00000000 
63741.00000000 
66276.00000000 
90433.00000000 
69319.00000000 
30671.00000000 
106720.00000000 
12504.00000000 
27559.00000000 
31056.00000000 
7315.00000000 
21615.00000000 
22721.00000000 
28228.00000000 
38266.00000000 
19411.00000000 
8621.00000000 
18356.00000000 
17868.00000000 
26831.00000000 
24894.00000000 
41208.00000000 
15574.00000000 
32735.00000000 
75004.00000000 
14655.00000000 
20543.00000000 
46884.00000000 
40113.00000000 
55728.00000000 
99407.00000000 
78053.00000000 
47476.00000000 
94509.00000000 
37551.00000000 
46478.00000000 
38316.00000000 
35425.00000000 
16416.00000000 
25936.00000000 
43814.00000000 
24354.00000000 
26258.00000000 
29139.00000000 
39858.00000000 
35347.00000000 
27179.00000000 
53628.00000000 
70911.00000000 
39647.00000000 
68780.00000000 
10441.00000000 
33724.00000000 
26312.00000000 
26415.00000000 
15839.00000000 
35187.00000000 
10150.00000000 
9593.00000000 
9172.00000000 
14124.00000000 
19837.00000000 
31713.00000000 
7915.00000000 
21971.00000000 
9729.00000000 
4396.00000000 
2914.00000000 
6102.00000000 
8017.00000000 
13116.00000000 
27502.00000000 
26111.00000000 
27843.00000000 
19649.00000000 
20663.00000000 
22705.00000000 
4113.00000000 
27180.00000000 
9579.00000000 
19385.00000000 
7290.00000000 
39593.00000000 
20023.00000000 
8182.00000000 
11101.00000000 
11499.00000000 
6198.00000000 
8281.00000000 
17016.00000000 
24831.00000000 
10435.00000000 
17749.00000000 
14378.00000000 
12687.00000000 
9094.00000000 
14507.00000000 
14642.00000000 
20152.00000000 
15306.00000000 
38705.00000000 
17745.00000000 
30461.00000000 
30564.00000000 
18740.00000000 
13735.00000000 
19528.00000000 
11626.00000000 
30170.00000000 
38039.00000000 
82433.00000000 
47363.00000000 
49369.00000000 
20935.00000000 
56959.00000000 
34322.00000000 
28468.00000000 
43859.00000000 
36682.00000000 
54478.00000000 
41942.00000000 
79603.00000000 
39864.00000000 
34120.00000000 
76589.00000000 
26220.00000000 
10810.00000000 
37189.00000000 
110239.00000000 
58963.00000000 
49214.00000000 
63668.00000000 
83173.00000000 
6812.00000000 
4741.00000000 
13813.00000000 
3801.00000000 
7688.00000000 
12106.00000000 
17314.00000000 
8743.00000000 
16038.00000000 
13082.00000000 
10503.00000000 
12989.00000000 
12110.00000000 
6420.00000000 
5277.00000000 
16240.00000000 
19329.00000000 
22138.00000000 
18573.00000000 
20569.00000000 
20680.00000000 
20107.00000000 
9845.00000000 
4294.00000000 
8737.00000000 
16588.00000000 
8705.00000000 
24602.00000000 
26577.00000000 
38069.00000000 
42311.00000000 
3921.00000000 
4837.00000000 
14293.00000000 
13222.00000000 
44842.00000000 
56145.00000000 
12226.00000000 
13042.00000000 
23324.00000000 
14605.00000000 
15201.00000000 
42545.00000000 
11644.00000000 
20495.00000000 
10480.00000000 
14642.00000000 
10406.00000000 
31396.00000000 
32866.00000000 
17956.00000000 
14296.00000000 
64516.00000000 
53674.00000000 
30564.00000000 
12914.00000000 
31243.00000000 
24504.00000000 
45687.00000000 
26409.00000000 
79845.00000000 
52824.00000000 
30544.00000000 
42631.00000000 
45296.00000000 
39292.00000000 
51290.00000000 
53888.00000000 
35144.00000000 
14955.00000000 
49900.00000000 
6790.00000000 
52897.00000000 
27758.00000000 
47356.00000000 
60012.00000000 
72686.00000000 
55588.00000000 
54833.00000000 
35755.00000000 
64354.00000000 
50628.00000000 
49443.00000000 
23347.00000000 
20263.00000000 
27070.00000000 
23159.00000000 
44542.00000000 
39737.00000000 
25946.00000000 
25502.00000000 
21694.00000000 
37542.00000000 
37502.00000000 
22275.00000000 
42617.00000000 
11866.00000000 
40694.00000000 
18697.00000000 
16780.00000000 
33783.00000000 
31923.00000000 
21572.00000000 
47325.00000000 
14660.00000000 
23027.00000000 
25745.00000000 
34073.00000000 
37758.00000000 
25054.00000000 
32790.00000000 
20878.00000000 
37604.00000000 
75057.00000000 
41181.00000000 
20206.00000000 
29222.00000000 
23335.00000000 
29799.00000000 
84209.00000000 
35372.00000000 
9057.00000000 
11945.00000000 
17899.00000000 
21800.00000000 
34806.00000000 
51243.00000000 
11347.00000000 
21568.00000000 
27449.00000000 
37754.00000000 
49840.00000000 
23742.00000000 
54426.00000000 
26982.00000000 
23593.00000000 
16351.00000000 
40150.00000000 
25814.00000000 
52119.00000000 
26923.00000000 
35298.00000000 
32540.00000000 
29746.00000000 
21581.00000000 
58525.00000000 
19184.00000000 
33827.00000000 
12204.00000000 
26770.00000000 
31187.00000000 
9990.00000000 
16202.00000000 
27218.00000000 
30898.00000000 
3083.00000000 
8053.00000000 
11778.00000000 
14412.00000000 
18150.00000000 
8659.00000000 
2684.00000000 
13654.00000000 
30107.00000000 
23211.00000000 
29662.00000000 
12745.00000000 
26055.00000000 
14463.00000000 
37487.00000000 
33606.00000000 
20769.00000000 
15622.00000000 
16771.00000000 
6450.00000000 
19563.00000000 
48584.00000000 
14751.00000000 
29620.00000000 
26487.00000000 
26228.00000000 
7562.00000000 
11312.00000000 
10581.00000000 
13055.00000000 
17462.00000000 
16881.00000000 
7114.00000000 
20256.00000000 
14801.00000000 
5794.00000000 
21653.00000000 
38041.00000000 
15689.00000000 
22217.00000000 
23199.00000000 
30803.00000000 
31559.00000000 
41898.00000000 
46581.00000000 
45848.00000000 
25129.00000000 
36303.00000000 
44156.00000000 
94059.00000000 
44002.00000000 
44264.00000000 
54629.00000000 
10210.00000000 
15693.00000000 
14733.00000000 
25371.00000000 
14619.00000000 
19206.00000000 
8574.00000000 
27363.00000000 
27720.00000000 
19946.00000000 
16261.00000000 
32676.00000000 
33659.00000000 
31956.00000000 
41370.00000000 
85756.00000000 
81429.00000000 
13551.00000000 
6605.00000000 
46652.00000000 
48275.00000000 
50132.00000000 
57803.00000000 
23775.00000000 
26633.00000000 
30795.00000000 
35375.00000000 
19326.00000000 
29056.00000000 
26836.00000000 
42859.00000000 
29641.00000000 
50672.00000000 
65876.00000000 
39923.00000000 
21991.00000000 
49221.00000000 
97387.00000000 
52672.00000000 
58161.00000000 
53637.00000000 
68218.00000000 
57246.00000000 
68521.00000000 
78957.00000000 
37361.00000000 
51367.00000000 
74127.00000000 
48076.00000000 
46332.00000000 
42001.00000000 
31308.00000000 
47976.00000000 
59056.00000000 
76982.00000000 
177466.00000000 
49780.00000000 
52823.00000000 
25491.00000000 
35994.00000000 
41214.00000000 
10525.00000000 
32041.00000000 
21091.00000000 
54631.00000000 
16113.00000000 
18100.00000000 
19021.00000000 
19359.00000000 
12100.00000000 
30328.00000000 
30143.00000000 
8045.00000000 
11136.00000000 
12954.00000000 
28538.00000000 
20902.00000000 
12286.00000000 
43053.00000000 
25542.00000000 
25548.00000000 
9823.00000000 
21717.00000000 
20906.00000000 
35113.00000000 
36834.00000000 
17399.00000000 
22169.00000000 
18541.00000000 
29988.00000000 
23931.00000000 
79766.00000000 
22203.00000000 
7379.00000000 
11667.00000000 
40751.00000000 
11625.00000000 
10355.00000000 
23387.00000000 
31028.00000000 
28673.00000000 
89793.00000000 
10941.00000000 
8116.00000000 
44830.00000000 
20322.00000000 
53312.00000000 
15546.00000000 
15994.00000000 
8378.00000000 
17049.00000000 
19332.00000000 
20187.00000000 
14622.00000000 
40278.00000000 
32355.00000000 
21477.00000000 
23131.00000000 
66170.00000000 
51474.00000000 
51121.00000000 
36385.00000000 
42176.00000000 
16480.00000000 
23791.00000000 
41239.00000000 
50188.00000000 
30126.00000000 
13516.00000000 
36340.00000000 
44291.00000000 
69096.00000000 
15408.00000000 
37831.00000000 
21683.00000000 
50881.00000000 
47357.00000000 
26539.00000000 
64074.00000000 
63174.00000000 
63741.00000000 
66276.00000000 
90433.00000000 
69319.00000000 
30671.00000000 
106720.00000000 
12504.00000000 
27559.00000000 
31056.00000000 
7315.00000000 
21615.00000000 
22721.00000000 
28228.00000000 
38266.00000000 
19411.00000000 
8621.00000000 
18356.00000000 
17868.00000000 
26831.00000000 
24894.00000000 
41208.00000000 
15574.00000000 
32735.00000000 
75004.00000000 
14655.00000000 
20543.00000000 
46884.00000000 
40113.00000000 
55728.00000000 
99407.00000000 
78053.00000000 
47476.00000000 
94509.00000000 
37551.00000000 
46478.00000000 
38316.00000000 
35425.00000000 
16416.00000000 
25936.00000000 
43814.00000000 
24354.00000000 
26258.00000000 
29139.00000000 
39858.00000000 
35347.00000000 
27179.00000000 
53628.00000000 
70911.00000000 
39647.00000000 
68780.00000000 
10441.00000000 
33724.00000000 
26312.00000000 
26415.00000000 
15839.00000000 
35187.00000000 
10150.00000000 
9593.00000000 
9172.00000000 
14124.00000000 
19837.00000000 
31713.00000000 
7915.00000000 
21971.00000000 
9729.00000000 
4396.00000000 
2914.00000000 
6102.00000000 
8017.00000000 
13116.00000000 
27502.00000000 
26111.00000000 
27843.00000000 
19649.00000000 
20663.00000000 
22705.00000000 
4113.00000000 
27180.00000000 
9579.00000000 
19385.00000000 
7290.00000000 
39593.00000000 
20023.00000000 
8182.00000000 
11101.00000000 
11499.00000000 
6198.00000000 
8281.00000000 
17016.00000000 
24831.00000000 
10435.00000000 
17749.00000000 
14378.00000000 
12687.00000000 
9094.00000000 
14507.00000000 
14642.00000000 
20152.00000000 
15306.00000000 
38705.00000000 
17745.00000000 
30461.00000000 
30564.00000000 
18740.00000000 
13735.00000000 
19528.00000000 
11626.00000000 
30170.00000000 
38039.00000000 
82433.00000000 
47363.00000000 
49369.00000000 
20935.00000000 
56959.00000000 
34322.00000000 
28468.00000000 
43859.00000000 
36682.00000000 
54478.00000000 
41942.00000000 
79603.00000000 
39864.00000000 
34120.00000000 
76589.00000000 
26220.00000000 
10810.00000000 
37189.00000000 
110239.00000000 
58963.00000000 
49214.00000000 
63668.00000000 
83173.00000000 
6812.00000000 
4741.00000000 
13813.00000000 
3801.00000000 
7688.00000000 
12106.00000000 
17314.00000000 
8743.00000000 
16038.00000000 
13082.00000000 
10503.00000000 
12989.00000000 
12110.00000000 
6420.00000000 
5277.00000000 
16240.00000000 
19329.00000000 
22138.00000000 
18573.00000000 
20569.00000000 
20680.00000000 
20107.00000000 
9845.00000000 
4294.00000000 
8737.00000000 
16588.00000000 
8705.00000000 
24602.00000000 
26577.00000000 
38069.00000000 
42311.00000000 
3921.00000000 
4837.00000000 
14293.00000000 
13222.00000000 
44842.00000000 
56145.00000000 
12226.00000000 
13042.00000000 
23324.00000000 
14605.00000000 
15201.00000000 
42545.00000000 
11644.00000000 
20495.00000000 
10480.00000000 
14642.00000000 
10406.00000000 
31396.00000000 
32866.00000000 
17956.00000000 
14296.00000000 
64516.00000000 
53674.00000000 
30564.00000000 
12914.00000000 
31243.00000000 
24504.00000000 
45687.00000000 
26409.00000000 
79845.00000000 
52824.00000000 
30544.00000000 
42631.00000000 
45296.00000000 
39292.00000000 
51290.00000000 
53888.00000000 
35144.00000000 
14955.00000000 
49900.00000000 
6790.00000000 
52897.00000000 
27758.00000000 
47356.00000000 
60012.00000000 
72686.00000000 
55588.00000000 
54833.00000000 
35755.00000000 
64354.00000000 
50628.00000000 
49443.00000000 
23347.00000000 
20263.00000000 
27070.00000000 
23159.00000000 
44542.00000000 
39737.00000000 
25946.00000000 
25502.00000000 
21694.00000000 
37542.00000000 
37502.00000000 
22275.00000000 
42617.00000000 
11866.00000000 
40694.00000000 
18697.00000000 
16780.00000000 
33783.00000000 
31923.00000000 
21572.00000000 
47325.00000000 
14660.00000000 
23027.00000000 
25745.00000000 
34073.00000000 
37758.00000000 
25054.00000000 
32790.00000000 
20878.00000000 
37604.00000000 
75057.00000000 
41181.00000000 
20206.00000000 
29222.00000000 
23335.00000000 
29799.00000000 
84209.00000000 
35372.00000000 
9057.00000000 
11945.00000000 
17899.00000000 
21800.00000000 
34806.00000000 
51243.00000000 
11347.00000000 
21568.00000000 
27449.00000000 
37754.00000000 
49840.00000000 
23742.00000000 
54426.00000000 
26982.00000000 
23593.00000000 
16351.00000000 
40150.00000000 
25814.00000000 
52119.00000000 
26923.00000000 
35298.00000000 
32540.00000000 
29746.00000000 
21581.00000000 
58525.00000000 
19184.00000000 
33827.00000000 
12204.00000000 
26770.00000000 
31187.00000000 
9990.00000000 
16202.00000000 
27218.00000000 
30898.00000000 
3083.00000000 
8053.00000000 
11778.00000000 
14412.00000000 
18150.00000000 
8659.00000000 
2684.00000000 
13654.00000000 
30107.00000000 
23211.00000000 
29662.00000000 
12745.00000000 
26055.00000000 
14463.00000000 
37487.00000000 
33606.00000000 
20769.00000000 
15622.00000000 
16771.00000000 
6450.00000000 
19563.00000000 
48584.00000000 
14751.00000000 
29620.00000000 
26487.00000000 
26228.00000000 
7562.00000000 
11312.00000000 
10581.00000000 
13055.00000000 
17462.00000000 
16881.00000000 
7114.00000000 
20256.00000000 
14801.00000000 
5794.00000000 
21653.00000000 
38041.00000000 
15689.00000000 
22217.00000000 
23199.00000000 
30803.00000000 
31559.00000000 
41898.00000000 
46581.00000000 
45848.00000000 
25129.00000000 
36303.00000000 
44156.00000000 
94059.00000000 
44002.00000000 
44264.00000000 
54629.00000000 
10210.00000000 
15693.00000000 
14733.00000000 
25371.00000000 
14619.00000000 
19206.00000000 
8574.00000000 
27363.00000000 
27720.00000000 
19946.00000000 
16261.00000000 
32676.00000000 
33659.00000000 
31956.00000000 
41370.00000000 
85756.00000000 
81429.00000000 
13551.00000000 
6611.00000000 
46652.00000000 
48275.00000000 
50132.00000000 
57803.00000000 
23775.00000000 
26633.00000000 
30795.00000000 
35375.00000000 
19326.00000000 
29056.00000000 
26836.00000000 
42859.00000000 
29641.00000000 
50672.00000000 
65876.00000000 
39923.00000000 
21991.00000000 
49221.00000000 
97387.00000000 
52672.00000000 
58161.00000000 
53637.00000000 
68218.00000000 
57246.00000000 
68521.00000000 
78957.00000000 
37361.00000000 
51367.00000000 
74127.00000000 
48076.00000000 
46332.00000000 
42001.00000000 
31308.00000000 
47976.00000000 
59056.00000000 
76982.00000000 
177466.00000000 
49780.00000000 
52823.00000000 
25491.00000000 
35994.00000000 
41214.00000000 
10525.00000000 
32041.00000000 
21091.00000000 
54631.00000000 
16113.00000000 
18100.00000000 
19021.00000000 
19359.00000000 
12100.00000000 
30328.00000000 
30143.00000000 
8045.00000000 
11136.00000000 
12954.00000000 
28538.00000000 
20902.00000000 
12286.00000000 
43053.00000000 
25542.00000000 
25548.00000000 
9823.00000000 
21717.00000000 
20906.00000000 
35113.00000000 
36834.00000000 
17399.00000000 
22169.00000000 
18541.00000000 
29988.00000000 
23931.00000000 
79766.00000000 
22203.00000000 
7379.00000000 
11667.00000000 
40751.00000000 
11625.00000000 
10355.00000000 
23387.00000000 
31028.00000000 
28673.00000000 
89793.00000000 
10941.00000000 
8116.00000000 
44830.00000000 
20322.00000000 
53312.00000000 
15546.00000000 
15994.00000000 
8378.00000000 
17049.00000000 
19332.00000000 
20187.00000000 
14622.00000000 
40278.00000000 
32355.00000000 
21477.00000000 
23131.00000000 
66170.00000000 
51474.00000000 
51121.00000000 
36385.00000000 
42176.00000000 
16480.00000000 
23791.00000000 
41239.00000000 
50188.00000000 
30126.00000000 
13516.00000000 
36340.00000000 
44291.00000000 
69096.00000000 
15408.00000000 
37831.00000000 
21683.00000000 
50881.00000000 
47357.00000000 
26539.00000000 
64074.00000000 
63174.00000000 
63741.00000000 
66276.00000000 
90433.00000000 
69319.00000000 
30671.00000000 
106720.00000000 
12504.00000000 
27559.00000000 
31056.00000000 
7315.00000000 
21615.00000000 
22721.00000000 
28228.00000000 
38266.00000000 
19411.00000000 
8621.00000000 
18356.00000000 
17868.00000000 
26831.00000000 
24894.00000000 
41208.00000000 
15574.00000000 
32735.00000000 
75004.00000000 
14655.00000000 
20543.00000000 
46884.00000000 
40113.00000000 
55728.00000000 
99407.00000000 
78053.00000000 
47476.00000000 
94509.00000000 
37551.00000000 
46478.00000000 
38316.00000000 
35425.00000000 
16416.00000000 
25936.00000000 
43814.00000000 
24354.00000000 
26258.00000000 
29139.00000000 
39858.00000000 
35347.00000000 
27179.00000000 
53628.00000000 
70911.00000000 
39647.00000000 
68780.00000000 
10441.00000000 
33724.00000000 
26312.00000000 
26415.00000000 
15839.00000000 
35187.00000000 
10150.00000000 
9593.00000000 
9172.00000000 
14124.00000000 
19837.00000000 
31713.00000000 
7915.00000000 
21971.00000000 
9729.00000000 
4396.00000000 
2914.00000000 
6102.00000000 
8017.00000000 
13116.00000000 
27502.00000000 
26111.00000000 
27843.00000000 
19649.00000000 
20663.00000000 
22705.00000000 
4113.00000000 
27180.00000000 
9579.00000000 
19385.00000000 
7290.00000000 
39593.00000000 
20023.00000000 
8182.00000000 
11101.00000000 
11499.00000000 
6198.00000000 
8281.00000000 
17016.00000000 
24831.00000000 
10435.00000000 
17749.00000000 
14378.00000000 
12687.00000000 
9094.00000000 
14507.00000000 
14642.00000000 
20152.00000000 
15306.00000000 
38705.00000000 
17745.00000000 
30461.00000000 
30564.00000000 
18740.00000000 
13735.00000000 
19528.00000000 
11626.00000000 
30170.00000000 
38039.00000000 
82433.00000000 
47363.00000000 
49369.00000000 
20935.00000000 
56959.00000000 
34322.00000000 
28468.00000000 
43859.00000000 
36682.00000000 
54478.00000000 
41942.00000000 
79603.00000000 
39864.00000000 
34120.00000000 
76589.00000000 
26220.00000000 
10810.00000000 
37189.00000000 
110239.00000000 
58963.00000000 
49214.00000000 
63668.00000000 
83173.00000000 
6812.00000000 
4741.00000000 
13813.00000000 
3801.00000000 
7688.00000000 
12106.00000000 
17314.00000000 
8743.00000000 
16038.00000000 
13082.00000000 
10503.00000000 
12989.00000000 
12110.00000000 
6420.00000000 
5277.00000000 
16240.00000000 
19329.00000000 
22138.00000000 
18573.00000000 
20569.00000000 
20680.00000000 
20107.00000000 
9845.00000000 
4294.00000000 
8737.00000000 
16588.00000000 
8705.00000000 
24602.00000000 
26577.00000000 
38069.00000000 
42311.00000000 
3921.00000000 
4837.00000000 
14293.00000000 
13222.00000000 
44842.00000000 
56145.00000000 
12226.00000000 
13042.00000000 
23324.00000000 
14605.00000000 
15201.00000000 
42545.00000000 
11644.00000000 
20495.00000000 
10480.00000000 
14642.00000000 
10406.00000000 
31396.00000000 
32866.00000000 
17956.00000000 
14296.00000000 
64516.00000000 
53674.00000000 
30564.00000000 
12914.00000000 
31243.00000000 
24504.00000000 
45687.00000000 
26409.00000000 
79845.00000000 
52824.00000000 
30544.00000000 
42631.00000000 
45296.00000000 
39292.00000000 
51290.00000000 
53888.00000000 
35144.00000000 
14955.00000000 
49900.00000000 
6790.00000000 
52897.00000000 
27758.00000000 
47356.00000000 
60012.00000000 
72686.00000000 
55588.00000000 
54833.00000000 
35755.00000000 
64354.00000000 
50628.00000000 
49443.00000000 
23347.00000000 
20263.00000000 
27070.00000000 
23159.00000000 
44542.00000000 
39737.00000000 
25946.00000000 
25502.00000000 
21694.00000000 
37542.00000000 
37502.00000000 
22275.00000000 
42617.00000000 
11866.00000000 
40694.00000000 
18697.00000000 
16780.00000000 
33783.00000000 
31923.00000000 
21572.00000000 
47325.00000000 
14660.00000000 
23027.00000000 
25745.00000000 
34073.00000000 
37758.00000000 
25054.00000000 
32790.00000000 
20878.00000000 
37604.00000000 
75057.00000000 
41181.00000000 
20206.00000000 
29222.00000000 
23335.00000000 
29799.00000000 
84209.00000000 
35372.00000000 
9057.00000000 
11945.00000000 
17899.00000000 
21800.00000000 
34806.00000000 
51243.00000000 
11347.00000000 
21568.00000000 
27449.00000000 
37754.00000000 
49840.00000000 
23742.00000000 
54426.00000000 
26982.00000000 
23593.00000000 
16351.00000000 
40150.00000000 
25814.00000000 
52119.00000000 
26923.00000000 
35298.00000000 
32540.00000000 
29746.00000000 
21581.00000000 
58525.00000000 
19184.00000000 
33827.00000000 
12204.00000000 
26770.00000000 
31187.00000000 
9990.00000000 
16202.00000000 
27218.00000000 
30898.00000000 
3083.00000000 
8053.00000000 
11778.00000000 
14412.00000000 
18150.00000000 
8659.00000000 
2684.00000000 
13654.00000000 
30107.00000000 
23211.00000000 
29662.00000000 
12745.00000000 
26055.00000000 
14463.00000000 
37487.00000000 
33606.00000000 
20769.00000000 
15622.00000000 
16771.00000000 
6450.00000000 
19563.00000000 
48584.00000000 
14751.00000000 
29620.00000000 
26487.00000000 
26228.00000000 
7562.00000000 
11312.00000000 
10581.00000000 
13055.00000000 
17462.00000000 
16881.00000000 
7114.00000000 
20256.00000000 
14801.00000000 
5794.00000000 
21653.00000000 
38041.00000000 
15689.00000000 
22217.00000000 
23199.00000000 
30803.00000000 
31559.00000000 
41898.00000000 
46581.00000000 
45848.00000000 
25129.00000000 
36303.00000000 
44156.00000000 
94059.00000000 
44002.00000000 
44264.00000000 
54629.00000000 
10210.00000000 
15693.00000000 
14733.00000000 
25371.00000000 
14619.00000000 
19206.00000000 
8574.00000000 
27363.00000000 
27720.00000000 
19946.00000000 
16261.00000000 
32676.00000000 
33659.00000000 
31956.00000000 
41370.00000000 
85756.00000000 
81429.00000000 
13551.00000000 
