10631.00000000 
2855.00000000 
1102.00000000 
21454.00000000 
35449.00000000 
2309.00000000 
13637.00000000 
7730.00000000 
5771.00000000 
40849.00000000 
64481.00000000 
9514.00000000 
2244.00000000 
694.00000000 
21436.00000000 
7724.00000000 
17306.00000000 
69039.00000000 
7952.00000000 
32346.00000000 
18104.00000000 
99571.00000000 
4612.00000000 
13659.00000000 
8174.00000000 
4316.00000000 
25426.00000000 
38762.00000000 
6268.00000000 
8883.00000000 
21559.00000000 
4934.00000000 
870.00000000 
4596.00000000 
20881.00000000 
2057.00000000 
972.00000000 
6180.00000000 
6631.00000000 
3340.00000000 
5579.00000000 
17379.00000000 
260.00000000 
3699.00000000 
4484.00000000 
2074.00000000 
5462.00000000 
392.00000000 
7473.00000000 
3815.00000000 
645.00000000 
3801.00000000 
3285.00000000 
2229.00000000 
851.00000000 
143.00000000 
401.00000000 
1567.00000000 
5151.00000000 
3244.00000000 
6611.00000000 
16901.00000000 
13795.00000000 
3006.00000000 
11380.00000000 
11171.00000000 
18858.00000000 
5.00000000 
3722.00000000 
1799.00000000 
879.00000000 
3074.00000000 
1637.00000000 
1712.00000000 
3733.00000000 
18299.00000000 
7710.00000000 
492.00000000 
3018.00000000 
3697.00000000 
7085.00000000 
4521.00000000 
16754.00000000 
13239.00000000 
3597.00000000 
896.00000000 
2140.00000000 
654.00000000 
12925.00000000 
15267.00000000 
5045.00000000 
241.00000000 
6720.00000000 
35217.00000000 
4152.00000000 
14665.00000000 
76178.00000000 
10133.00000000 
44910.00000000 
338.00000000 
7578.00000000 
14692.00000000 
5802.00000000 
17896.00000000 
3202.00000000 
3054.00000000 
7312.00000000 
93157.00000000 
9466.00000000 
11373.00000000 
15172.00000000 
299.00000000 
5845.00000000 
4574.00000000 
23857.00000000 
2761.00000000 
4819.00000000 
8066.00000000 
16451.00000000 
22713.00000000 
33022.00000000 
17215.00000000 
20535.00000000 
3673.00000000 
8701.00000000 
12124.00000000 
20709.00000000 
15009.00000000 
5129.00000000 
9592.00000000 
6024.00000000 
686.00000000 
12241.00000000 
16168.00000000 
2117.00000000 
511.00000000 
2966.00000000 
6189.00000000 
4221.00000000 
5095.00000000 
9806.00000000 
17943.00000000 
18791.00000000 
6536.00000000 
18356.00000000 
19824.00000000 
19852.00000000 
14544.00000000 
3128.00000000 
25926.00000000 
4230.00000000 
12774.00000000 
35249.00000000 
27933.00000000 
18455.00000000 
14742.00000000 
16199.00000000 
7276.00000000 
1146.00000000 
4422.00000000 
66294.00000000 
1998.00000000 
188.00000000 
2766.00000000 
4055.00000000 
3354.00000000 
8019.00000000 
16618.00000000 
42342.00000000 
5270.00000000 
3898.00000000 
3253.00000000 
7080.00000000 
2208.00000000 
4193.00000000 
4299.00000000 
2596.00000000 
5672.00000000 
15839.00000000 
20290.00000000 
4843.00000000 
29617.00000000 
7611.00000000 
0.00000000 
12138.00000000 
5439.00000000 
0.00000000 
9463.00000000 
7605.00000000 
942.00000000 
1192.00000000 
3897.00000000 
10751.00000000 
895.00000000 
39.00000000 
421.00000000 
1652.00000000 
77.00000000 
0.00000000 
0.00000000 
387.00000000 
1489.00000000 
521.00000000 
3968.00000000 
198.00000000 
3017.00000000 
463.00000000 
732.00000000 
5158.00000000 
4746.00000000 
382.00000000 
4425.00000000 
928.00000000 
3744.00000000 
3761.00000000 
3608.00000000 
2380.00000000 
3340.00000000 
13937.00000000 
21955.00000000 
1714.00000000 
13928.00000000 
7560.00000000 
10461.00000000 
16209.00000000 
5380.00000000 
13106.00000000 
9702.00000000 
6793.00000000 
1149.00000000 
3825.00000000 
4906.00000000 
4858.00000000 
4173.00000000 
859.00000000 
10351.00000000 
4562.00000000 
5607.00000000 
8760.00000000 
6064.00000000 
7942.00000000 
4014.00000000 
3007.00000000 
3379.00000000 
22940.00000000 
2054.00000000 
56561.00000000 
9304.00000000 
40468.00000000 
465.00000000 
127.00000000 
897.00000000 
1825.00000000 
4536.00000000 
1010.00000000 
0.00000000 
2417.00000000 
0.00000000 
1324.00000000 
13410.00000000 
139.00000000 
0.00000000 
475.00000000 
2091.00000000 
4909.00000000 
257.00000000 
15.00000000 
0.00000000 
193.00000000 
8119.00000000 
1286.00000000 
100.00000000 
1369.00000000 
1644.00000000 
822.00000000 
3802.00000000 
6463.00000000 
3788.00000000 
6151.00000000 
250.00000000 
4857.00000000 
0.00000000 
961.00000000 
1584.00000000 
1016.00000000 
105.00000000 
6772.00000000 
26291.00000000 
29692.00000000 
4973.00000000 
5201.00000000 
11372.00000000 
1865.00000000 
616.00000000 
2464.00000000 
1261.00000000 
675.00000000 
3970.00000000 
9676.00000000 
20944.00000000 
2929.00000000 
2169.00000000 
4075.00000000 
2126.00000000 
7308.00000000 
5517.00000000 
2445.00000000 
13147.00000000 
0.00000000 
855.00000000 
3106.00000000 
4973.00000000 
49517.00000000 
5977.00000000 
1837.00000000 
0.00000000 
1052.00000000 
3606.00000000 
1964.00000000 
44444.00000000 
3471.00000000 
6127.00000000 
566.00000000 
2477.00000000 
1117.00000000 
0.00000000 
5022.00000000 
109.00000000 
10329.00000000 
7268.00000000 
6851.00000000 
39867.00000000 
11624.00000000 
4248.00000000 
374.00000000 
3946.00000000 
5517.00000000 
3322.00000000 
9747.00000000 
15294.00000000 
14926.00000000 
12681.00000000 
905.00000000 
3085.00000000 
9386.00000000 
124.00000000 
1044.00000000 
1750.00000000 
8075.00000000 
806.00000000 
6347.00000000 
8012.00000000 
5994.00000000 
2993.00000000 
278.00000000 
2930.00000000 
6372.00000000 
2323.00000000 
967.00000000 
7809.00000000 
16395.00000000 
625.00000000 
599.00000000 
3593.00000000 
1672.00000000 
0.00000000 
6208.00000000 
2909.00000000 
985.00000000 
3506.00000000 
1930.00000000 
3158.00000000 
6764.00000000 
2978.00000000 
903.00000000 
4106.00000000 
2700.00000000 
16634.00000000 
3166.00000000 
0.00000000 
62.00000000 
1362.00000000 
8450.00000000 
30533.00000000 
10889.00000000 
17443.00000000 
4002.00000000 
747.00000000 
14026.00000000 
69.00000000 
2080.00000000 
351.00000000 
6004.00000000 
7046.00000000 
6780.00000000 
10.00000000 
1574.00000000 
6942.00000000 
26312.00000000 
978.00000000 
1789.00000000 
0.00000000 
837.00000000 
8270.00000000 
1.00000000 
4733.00000000 
1496.00000000 
2921.00000000 
6383.00000000 
2058.00000000 
4018.00000000 
21124.00000000 
17346.00000000 
12153.00000000 
343.00000000 
8406.00000000 
1990.00000000 
1393.00000000 
1175.00000000 
2289.00000000 
78.00000000 
0.00000000 
30.00000000 
394.00000000 
3003.00000000 
9340.00000000 
1141.00000000 
2532.00000000 
2714.00000000 
1016.00000000 
6621.00000000 
10950.00000000 
31832.00000000 
11827.00000000 
7448.00000000 
16945.00000000 
16934.00000000 
1000.00000000 
4491.00000000 
6404.00000000 
1750.00000000 
7577.00000000 
3759.00000000 
2584.00000000 
16592.00000000 
1264.00000000 
1141.00000000 
45.00000000 
41.00000000 
2551.00000000 
0.00000000 
787.00000000 
325.00000000 
380.00000000 
1128.00000000 
1737.00000000 
4785.00000000 
9158.00000000 
14874.00000000 
15438.00000000 
7157.00000000 
755.00000000 
791.00000000 
5935.00000000 
284.00000000 
1674.00000000 
97.00000000 
63.00000000 
13161.00000000 
5175.00000000 
1371.00000000 
185.00000000 
724.00000000 
3091.00000000 
3305.00000000 
2404.00000000 
4898.00000000 
14245.00000000 
9468.00000000 
2192.00000000 
10631.00000000 
2855.00000000 
1102.00000000 
21454.00000000 
35449.00000000 
2309.00000000 
13637.00000000 
7730.00000000 
5771.00000000 
40849.00000000 
64481.00000000 
9514.00000000 
2244.00000000 
694.00000000 
21436.00000000 
7724.00000000 
17306.00000000 
69039.00000000 
7952.00000000 
32346.00000000 
18104.00000000 
99571.00000000 
4612.00000000 
13659.00000000 
8174.00000000 
4316.00000000 
25426.00000000 
38762.00000000 
6268.00000000 
8883.00000000 
21559.00000000 
4934.00000000 
870.00000000 
4596.00000000 
20881.00000000 
2057.00000000 
972.00000000 
6180.00000000 
6631.00000000 
3340.00000000 
5579.00000000 
17379.00000000 
260.00000000 
3699.00000000 
4484.00000000 
2074.00000000 
5462.00000000 
392.00000000 
7473.00000000 
3815.00000000 
645.00000000 
3801.00000000 
3285.00000000 
2229.00000000 
851.00000000 
143.00000000 
401.00000000 
1567.00000000 
5151.00000000 
3244.00000000 
6611.00000000 
16901.00000000 
13795.00000000 
3006.00000000 
11380.00000000 
11171.00000000 
18858.00000000 
5.00000000 
3722.00000000 
1799.00000000 
879.00000000 
3074.00000000 
1637.00000000 
1712.00000000 
3733.00000000 
18299.00000000 
7710.00000000 
492.00000000 
3018.00000000 
3697.00000000 
7085.00000000 
4521.00000000 
16754.00000000 
13239.00000000 
3597.00000000 
896.00000000 
2140.00000000 
654.00000000 
12925.00000000 
15267.00000000 
5045.00000000 
241.00000000 
6720.00000000 
35217.00000000 
4152.00000000 
14665.00000000 
76178.00000000 
10133.00000000 
44910.00000000 
338.00000000 
7578.00000000 
14692.00000000 
5802.00000000 
17896.00000000 
3202.00000000 
3054.00000000 
7312.00000000 
93157.00000000 
9466.00000000 
11373.00000000 
15172.00000000 
299.00000000 
5845.00000000 
4574.00000000 
23857.00000000 
2761.00000000 
4819.00000000 
8066.00000000 
16451.00000000 
22713.00000000 
33022.00000000 
17215.00000000 
20535.00000000 
3673.00000000 
8701.00000000 
12124.00000000 
20709.00000000 
15009.00000000 
5129.00000000 
9592.00000000 
6024.00000000 
686.00000000 
12241.00000000 
16168.00000000 
2117.00000000 
511.00000000 
2966.00000000 
6189.00000000 
4221.00000000 
5095.00000000 
9806.00000000 
17943.00000000 
18791.00000000 
6536.00000000 
18356.00000000 
19824.00000000 
19852.00000000 
14544.00000000 
3128.00000000 
25926.00000000 
4230.00000000 
12774.00000000 
35249.00000000 
27933.00000000 
18455.00000000 
14742.00000000 
16199.00000000 
7276.00000000 
1146.00000000 
4422.00000000 
66294.00000000 
1998.00000000 
188.00000000 
2766.00000000 
4055.00000000 
3354.00000000 
8019.00000000 
16618.00000000 
42342.00000000 
5270.00000000 
3898.00000000 
3253.00000000 
7080.00000000 
2208.00000000 
4193.00000000 
4299.00000000 
2596.00000000 
5672.00000000 
15839.00000000 
20290.00000000 
4843.00000000 
29617.00000000 
7611.00000000 
0.00000000 
12138.00000000 
5439.00000000 
0.00000000 
9463.00000000 
7605.00000000 
942.00000000 
1192.00000000 
3897.00000000 
10751.00000000 
895.00000000 
39.00000000 
421.00000000 
1652.00000000 
77.00000000 
0.00000000 
0.00000000 
387.00000000 
1489.00000000 
521.00000000 
3968.00000000 
198.00000000 
3017.00000000 
463.00000000 
732.00000000 
5158.00000000 
4746.00000000 
382.00000000 
4425.00000000 
928.00000000 
3744.00000000 
3761.00000000 
3608.00000000 
2380.00000000 
3340.00000000 
13937.00000000 
21955.00000000 
1714.00000000 
13928.00000000 
7560.00000000 
10461.00000000 
16209.00000000 
5380.00000000 
13106.00000000 
9702.00000000 
6793.00000000 
1149.00000000 
3825.00000000 
4906.00000000 
4858.00000000 
4173.00000000 
859.00000000 
10351.00000000 
4562.00000000 
5607.00000000 
8760.00000000 
6064.00000000 
7942.00000000 
4014.00000000 
3007.00000000 
3379.00000000 
22940.00000000 
2054.00000000 
56561.00000000 
9304.00000000 
40468.00000000 
465.00000000 
127.00000000 
897.00000000 
1825.00000000 
4536.00000000 
1010.00000000 
0.00000000 
2417.00000000 
0.00000000 
1324.00000000 
13410.00000000 
139.00000000 
0.00000000 
475.00000000 
2091.00000000 
4909.00000000 
257.00000000 
15.00000000 
0.00000000 
193.00000000 
8119.00000000 
1286.00000000 
100.00000000 
1369.00000000 
1644.00000000 
822.00000000 
3802.00000000 
6463.00000000 
3788.00000000 
6151.00000000 
250.00000000 
4857.00000000 
0.00000000 
961.00000000 
1584.00000000 
1016.00000000 
105.00000000 
6772.00000000 
26291.00000000 
29692.00000000 
4973.00000000 
5201.00000000 
11372.00000000 
1865.00000000 
616.00000000 
2464.00000000 
1261.00000000 
675.00000000 
3970.00000000 
9676.00000000 
20944.00000000 
2929.00000000 
2169.00000000 
4075.00000000 
2126.00000000 
7308.00000000 
5517.00000000 
2445.00000000 
13147.00000000 
0.00000000 
855.00000000 
3106.00000000 
4973.00000000 
49517.00000000 
5977.00000000 
1837.00000000 
0.00000000 
1052.00000000 
3606.00000000 
1964.00000000 
44444.00000000 
3471.00000000 
6127.00000000 
566.00000000 
2477.00000000 
1117.00000000 
0.00000000 
5022.00000000 
109.00000000 
10329.00000000 
7268.00000000 
6851.00000000 
39867.00000000 
11624.00000000 
4248.00000000 
374.00000000 
3946.00000000 
5517.00000000 
3322.00000000 
9747.00000000 
15294.00000000 
14926.00000000 
12681.00000000 
905.00000000 
3085.00000000 
9386.00000000 
124.00000000 
1044.00000000 
1750.00000000 
8075.00000000 
806.00000000 
6347.00000000 
8012.00000000 
5994.00000000 
2993.00000000 
278.00000000 
2930.00000000 
6372.00000000 
2323.00000000 
967.00000000 
7809.00000000 
16395.00000000 
625.00000000 
599.00000000 
3593.00000000 
1672.00000000 
0.00000000 
6208.00000000 
2909.00000000 
985.00000000 
3506.00000000 
1930.00000000 
3158.00000000 
6764.00000000 
2978.00000000 
903.00000000 
4106.00000000 
2700.00000000 
16634.00000000 
3166.00000000 
0.00000000 
62.00000000 
1362.00000000 
8450.00000000 
30533.00000000 
10889.00000000 
17443.00000000 
4002.00000000 
747.00000000 
14026.00000000 
69.00000000 
2080.00000000 
351.00000000 
6004.00000000 
7046.00000000 
6780.00000000 
10.00000000 
1574.00000000 
6942.00000000 
26312.00000000 
978.00000000 
1789.00000000 
0.00000000 
837.00000000 
8270.00000000 
1.00000000 
4733.00000000 
1496.00000000 
2921.00000000 
6383.00000000 
2058.00000000 
4018.00000000 
21124.00000000 
17346.00000000 
12153.00000000 
343.00000000 
8406.00000000 
1990.00000000 
1393.00000000 
1175.00000000 
2289.00000000 
78.00000000 
0.00000000 
30.00000000 
394.00000000 
3003.00000000 
9340.00000000 
1141.00000000 
2532.00000000 
2714.00000000 
1016.00000000 
6621.00000000 
10950.00000000 
31832.00000000 
11827.00000000 
7448.00000000 
16945.00000000 
16934.00000000 
1000.00000000 
4491.00000000 
6404.00000000 
1750.00000000 
7577.00000000 
3759.00000000 
2584.00000000 
16592.00000000 
1264.00000000 
1141.00000000 
45.00000000 
41.00000000 
2551.00000000 
0.00000000 
787.00000000 
325.00000000 
380.00000000 
1128.00000000 
1737.00000000 
4785.00000000 
9158.00000000 
14874.00000000 
15438.00000000 
7157.00000000 
755.00000000 
791.00000000 
5935.00000000 
284.00000000 
1674.00000000 
97.00000000 
63.00000000 
13161.00000000 
5175.00000000 
1371.00000000 
185.00000000 
724.00000000 
3091.00000000 
3305.00000000 
2404.00000000 
4898.00000000 
14245.00000000 
9468.00000000 
2192.00000000 
10631.00000000 
2855.00000000 
1102.00000000 
21454.00000000 
35449.00000000 
2309.00000000 
13637.00000000 
7730.00000000 
5771.00000000 
40849.00000000 
64481.00000000 
9514.00000000 
2244.00000000 
694.00000000 
21436.00000000 
7724.00000000 
17306.00000000 
69039.00000000 
7952.00000000 
32346.00000000 
18104.00000000 
99571.00000000 
4612.00000000 
13659.00000000 
8174.00000000 
4316.00000000 
25426.00000000 
38762.00000000 
6268.00000000 
8883.00000000 
21559.00000000 
4934.00000000 
870.00000000 
4596.00000000 
20881.00000000 
2057.00000000 
972.00000000 
6180.00000000 
6631.00000000 
3340.00000000 
5579.00000000 
17379.00000000 
260.00000000 
3699.00000000 
4484.00000000 
2074.00000000 
5462.00000000 
392.00000000 
7473.00000000 
3815.00000000 
645.00000000 
3801.00000000 
3285.00000000 
2229.00000000 
851.00000000 
143.00000000 
401.00000000 
1567.00000000 
5151.00000000 
3244.00000000 
6611.00000000 
16901.00000000 
13795.00000000 
3006.00000000 
11380.00000000 
11171.00000000 
18858.00000000 
5.00000000 
3722.00000000 
1799.00000000 
879.00000000 
3074.00000000 
1637.00000000 
1712.00000000 
3733.00000000 
18299.00000000 
7710.00000000 
492.00000000 
3018.00000000 
3697.00000000 
7085.00000000 
4521.00000000 
16754.00000000 
13239.00000000 
3597.00000000 
896.00000000 
2140.00000000 
654.00000000 
12925.00000000 
15267.00000000 
5045.00000000 
241.00000000 
6720.00000000 
35217.00000000 
4152.00000000 
14665.00000000 
76178.00000000 
10133.00000000 
44910.00000000 
338.00000000 
7578.00000000 
14692.00000000 
5802.00000000 
17896.00000000 
3202.00000000 
3054.00000000 
7312.00000000 
93157.00000000 
9466.00000000 
11373.00000000 
15172.00000000 
299.00000000 
5845.00000000 
4574.00000000 
23857.00000000 
2761.00000000 
4819.00000000 
8066.00000000 
16451.00000000 
22713.00000000 
33022.00000000 
17215.00000000 
20535.00000000 
3673.00000000 
8701.00000000 
12124.00000000 
20709.00000000 
15009.00000000 
5129.00000000 
9592.00000000 
6024.00000000 
686.00000000 
12241.00000000 
16168.00000000 
2117.00000000 
511.00000000 
2966.00000000 
6189.00000000 
4221.00000000 
5095.00000000 
9806.00000000 
17943.00000000 
18791.00000000 
6536.00000000 
18356.00000000 
19824.00000000 
19852.00000000 
14544.00000000 
3128.00000000 
25926.00000000 
4230.00000000 
12774.00000000 
35249.00000000 
27933.00000000 
18455.00000000 
14742.00000000 
16199.00000000 
7276.00000000 
1146.00000000 
4422.00000000 
66294.00000000 
1998.00000000 
188.00000000 
2766.00000000 
4055.00000000 
3354.00000000 
8019.00000000 
16618.00000000 
42342.00000000 
5270.00000000 
3898.00000000 
3253.00000000 
7080.00000000 
2208.00000000 
4193.00000000 
4299.00000000 
2596.00000000 
5672.00000000 
15839.00000000 
20290.00000000 
4843.00000000 
29617.00000000 
7611.00000000 
0.00000000 
12138.00000000 
5439.00000000 
0.00000000 
9463.00000000 
7605.00000000 
942.00000000 
1192.00000000 
3897.00000000 
10751.00000000 
895.00000000 
39.00000000 
421.00000000 
1652.00000000 
77.00000000 
0.00000000 
0.00000000 
387.00000000 
1489.00000000 
521.00000000 
3968.00000000 
198.00000000 
3017.00000000 
463.00000000 
732.00000000 
5158.00000000 
4746.00000000 
382.00000000 
4425.00000000 
928.00000000 
3744.00000000 
3761.00000000 
3608.00000000 
2380.00000000 
3340.00000000 
13937.00000000 
21955.00000000 
1714.00000000 
13928.00000000 
7560.00000000 
10461.00000000 
16209.00000000 
5380.00000000 
13106.00000000 
9702.00000000 
6793.00000000 
1149.00000000 
3825.00000000 
4906.00000000 
4858.00000000 
4173.00000000 
859.00000000 
10351.00000000 
4562.00000000 
5607.00000000 
8760.00000000 
6064.00000000 
7942.00000000 
4014.00000000 
3007.00000000 
3379.00000000 
22940.00000000 
2054.00000000 
56561.00000000 
9304.00000000 
40468.00000000 
465.00000000 
127.00000000 
897.00000000 
1825.00000000 
4536.00000000 
1010.00000000 
0.00000000 
2417.00000000 
0.00000000 
1324.00000000 
13410.00000000 
139.00000000 
0.00000000 
475.00000000 
2091.00000000 
4909.00000000 
257.00000000 
15.00000000 
0.00000000 
193.00000000 
8119.00000000 
1286.00000000 
100.00000000 
1369.00000000 
1644.00000000 
822.00000000 
3802.00000000 
6463.00000000 
3788.00000000 
6151.00000000 
250.00000000 
4857.00000000 
0.00000000 
961.00000000 
1584.00000000 
1016.00000000 
105.00000000 
6772.00000000 
26291.00000000 
29692.00000000 
4973.00000000 
5201.00000000 
11372.00000000 
1865.00000000 
616.00000000 
2464.00000000 
1261.00000000 
675.00000000 
3970.00000000 
9676.00000000 
20944.00000000 
2929.00000000 
2169.00000000 
4075.00000000 
2126.00000000 
7308.00000000 
5517.00000000 
2445.00000000 
13147.00000000 
0.00000000 
855.00000000 
3106.00000000 
4973.00000000 
49517.00000000 
5977.00000000 
1837.00000000 
0.00000000 
1052.00000000 
3606.00000000 
1964.00000000 
44444.00000000 
3471.00000000 
6127.00000000 
566.00000000 
2477.00000000 
1117.00000000 
0.00000000 
5022.00000000 
109.00000000 
10329.00000000 
7268.00000000 
6851.00000000 
39867.00000000 
11624.00000000 
4248.00000000 
374.00000000 
3946.00000000 
5517.00000000 
3322.00000000 
9747.00000000 
15294.00000000 
14926.00000000 
12681.00000000 
905.00000000 
3085.00000000 
9386.00000000 
124.00000000 
1044.00000000 
1750.00000000 
8075.00000000 
806.00000000 
6347.00000000 
8012.00000000 
5994.00000000 
2993.00000000 
278.00000000 
2930.00000000 
6372.00000000 
2323.00000000 
967.00000000 
7809.00000000 
16395.00000000 
625.00000000 
599.00000000 
3593.00000000 
1672.00000000 
0.00000000 
6208.00000000 
2909.00000000 
985.00000000 
3506.00000000 
1930.00000000 
3158.00000000 
6764.00000000 
2978.00000000 
903.00000000 
4106.00000000 
2700.00000000 
16634.00000000 
3166.00000000 
0.00000000 
62.00000000 
1362.00000000 
8450.00000000 
30533.00000000 
10889.00000000 
17443.00000000 
4002.00000000 
747.00000000 
14026.00000000 
69.00000000 
2080.00000000 
351.00000000 
6004.00000000 
7046.00000000 
6780.00000000 
10.00000000 
1574.00000000 
6942.00000000 
26312.00000000 
978.00000000 
1789.00000000 
0.00000000 
837.00000000 
8270.00000000 
1.00000000 
4733.00000000 
1496.00000000 
2921.00000000 
6383.00000000 
2058.00000000 
4018.00000000 
21124.00000000 
17346.00000000 
12153.00000000 
343.00000000 
8406.00000000 
1990.00000000 
1393.00000000 
1175.00000000 
2289.00000000 
78.00000000 
0.00000000 
30.00000000 
394.00000000 
3003.00000000 
9340.00000000 
1141.00000000 
2532.00000000 
2714.00000000 
1016.00000000 
6621.00000000 
10950.00000000 
31832.00000000 
11827.00000000 
7448.00000000 
16945.00000000 
16934.00000000 
1000.00000000 
4491.00000000 
6404.00000000 
1750.00000000 
7577.00000000 
3759.00000000 
2584.00000000 
16592.00000000 
1264.00000000 
1141.00000000 
45.00000000 
41.00000000 
2551.00000000 
0.00000000 
787.00000000 
325.00000000 
380.00000000 
1128.00000000 
1737.00000000 
4785.00000000 
9158.00000000 
14874.00000000 
15438.00000000 
7157.00000000 
755.00000000 
791.00000000 
5935.00000000 
284.00000000 
1674.00000000 
97.00000000 
63.00000000 
13161.00000000 
5175.00000000 
1371.00000000 
185.00000000 
724.00000000 
3091.00000000 
3305.00000000 
2404.00000000 
4898.00000000 
14245.00000000 
9468.00000000 
2192.00000000 
