0.00002998 
0.00002998 
0.00003004 
0.00002968 
0.00003027 
0.00003048 
0.00003049 
0.00003037 
0.00003017 
0.00003041 
0.00003004 
0.00002978 
0.00002961 
0.00002946 
0.00002962 
0.00002968 
0.00002971 
0.00002985 
0.00002983 
0.00002999 
0.00003016 
0.00002980 
0.00002955 
0.00002967 
0.00002946 
0.00002947 
0.00002948 
0.00002946 
0.00002933 
0.00002935 
0.00002935 
0.00002928 
0.00002929 
0.00002929 
0.00002926 
0.00002925 
0.00002925 
0.00002931 
0.00002930 
0.00002902 
0.00002933 
0.00002891 
0.00002890 
0.00002891 
0.00002891 
0.00002891 
0.00002875 
0.00002891 
0.00002884 
0.00002869 
0.00002869 
0.00002864 
0.00002870 
0.00002878 
0.00002854 
0.00002867 
0.00002869 
0.00002869 
0.00002878 
0.00002868 
0.00002867 
0.00002852 
0.00002868 
0.00002868 
0.00002872 
0.00002876 
0.00002892 
0.00002903 
0.00002889 
0.00002869 
0.00002868 
0.00002889 
0.00002881 
0.00002869 
0.00002872 
0.00002872 
0.00002876 
0.00002875 
0.00002874 
0.00002886 
0.00002884 
0.00002907 
0.00002918 
0.00002930 
0.00002932 
0.00002930 
0.00002930 
0.00002932 
0.00002927 
0.00002935 
0.00002945 
0.00002948 
0.00002937 
0.00002935 
0.00002935 
0.00002936 
0.00002942 
0.00002942 
0.00002944 
0.00002958 
0.00002944 
0.00002943 
0.00002943 
0.00002941 
0.00002941 
0.00002943 
0.00002943 
0.00002960 
0.00002970 
0.00002970 
0.00002959 
0.00002942 
0.00002937 
0.00002913 
0.00002927 
0.00002923 
0.00002906 
0.00002902 
0.00002914 
0.00002921 
0.00002918 
0.00002908 
0.00002900 
0.00002881 
0.00002893 
0.00002867 
0.00002857 
0.00002835 
0.00002837 
0.00002840 
0.00002793 
0.00002789 
0.00002782 
0.00002755 
0.00002764 
0.00002762 
0.00002759 
0.00002755 
0.00002755 
0.00002754 
0.00002742 
0.00002740 
0.00002706 
0.00002716 
0.00002703 
0.00002726 
0.00002718 
0.00002724 
0.00002737 
0.00002753 
0.00002775 
0.00002782 
0.00002770 
0.00002746 
0.00002733 
0.00002734 
0.00002725 
0.00002714 
0.00002713 
0.00002691 
0.00002687 
0.00002688 
0.00002685 
0.00002697 
0.00002675 
0.00002676 
0.00002683 
0.00002660 
0.00002685 
0.00002695 
0.00002708 
0.00002688 
0.00002680 
0.00002692 
0.00002689 
0.00002701 
0.00002680 
0.00002663 
0.00002646 
0.00002661 
0.00002672 
0.00002664 
0.00002656 
0.00002642 
0.00002646 
0.00002635 
0.00002621 
0.00002634 
0.00002629 
0.00002618 
0.00002605 
0.00002574 
0.00002575 
0.00002574 
0.00002574 
0.00002574 
0.00002585 
0.00002587 
0.00002587 
0.00002587 
0.00002579 
0.00002589 
0.00002581 
0.00002581 
0.00002579 
0.00002578 
0.00002595 
0.00002589 
0.00002598 
0.00002606 
0.00002610 
0.00002611 
0.00002594 
0.00002593 
0.00002575 
0.00002583 
0.00002571 
0.00002581 
0.00002607 
0.00002644 
0.00002648 
0.00002629 
0.00002628 
0.00002620 
0.00002631 
0.00002660 
0.00002656 
0.00002646 
0.00002645 
0.00002652 
0.00002659 
0.00002659 
0.00002650 
0.00002680 
0.00002698 
0.00002692 
0.00002711 
0.00002711 
0.00002762 
0.00002702 
0.00002670 
0.00002653 
0.00002658 
0.00002666 
0.00002647 
0.00002601 
0.00002599 
0.00002597 
0.00002589 
0.00002595 
0.00002590 
0.00002595 
0.00002574 
0.00002570 
0.00002573 
0.00002568 
0.00002578 
0.00002574 
0.00002574 
0.00002589 
0.00002600 
0.00002598 
0.00002598 
0.00002598 
0.00002598 
0.00002591 
0.00002591 
0.00002589 
0.00002589 
0.00002589 
0.00002580 
0.00002580 
0.00002579 
0.00002573 
0.00002577 
0.00002575 
0.00002586 
0.00002575 
0.00002581 
0.00002581 
0.00002585 
0.00002585 
0.00002596 
0.00002590 
0.00002585 
0.00002581 
0.00002581 
0.00002591 
0.00002605 
0.00002615 
0.00002615 
0.00002616 
0.00002620 
0.00002620 
0.00002603 
0.00002610 
0.00002600 
0.00002600 
0.00002600 
0.00002608 
0.00002610 
0.00002627 
0.00002617 
0.00002617 
0.00002635 
0.00002614 
0.00002624 
0.00002614 
0.00002637 
0.00002624 
0.00002628 
0.00002642 
0.00002647 
0.00002656 
0.00002658 
0.00002665 
0.00002664 
0.00002657 
0.00002674 
0.00002681 
0.00002713 
0.00002698 
0.00002681 
0.00002681 
0.00002682 
0.00002702 
0.00002723 
0.00002733 
0.00002741 
0.00002730 
0.00002695 
0.00002657 
0.00002657 
0.00002659 
0.00002668 
0.00002667 
0.00002662 
0.00002658 
0.00002659 
0.00002683 
0.00002683 
0.00002696 
0.00002704 
0.00002701 
0.00002687 
0.00002702 
0.00002706 
0.00002713 
0.00002714 
0.00002700 
0.00002747 
0.00002746 
0.00002737 
0.00002725 
0.00002724 
0.00002706 
0.00002713 
0.00002707 
0.00002701 
0.00002734 
0.00002686 
0.00002698 
0.00002698 
0.00002695 
0.00002696 
0.00002725 
0.00002716 
0.00002704 
0.00002712 
0.00002722 
0.00002714 
0.00002693 
0.00002712 
0.00002715 
0.00002715 
0.00002729 
0.00002714 
0.00002699 
0.00002698 
0.00002706 
0.00002706 
0.00002706 
0.00002699 
0.00002734 
0.00002740 
0.00002743 
0.00002758 
0.00002748 
0.00002743 
0.00002743 
0.00002750 
0.00002751 
0.00002752 
0.00002771 
0.00002763 
0.00002784 
0.00002763 
0.00002777 
0.00002801 
0.00002815 
0.00002829 
0.00002829 
0.00002829 
0.00002832 
0.00002859 
0.00002859 
0.00002856 
0.00002883 
0.00002880 
0.00002901 
0.00002900 
0.00002850 
0.00002832 
0.00002841 
0.00002821 
0.00002837 
0.00002809 
0.00002807 
0.00002790 
0.00002792 
0.00002796 
0.00002796 
0.00002796 
0.00002792 
0.00002815 
0.00002825 
0.00002800 
0.00002814 
0.00002807 
0.00002826 
0.00002802 
0.00002794 
0.00002784 
0.00002786 
0.00002789 
0.00002790 
0.00002766 
0.00002766 
0.00002766 
0.00002766 
0.00002758 
0.00002756 
0.00002759 
0.00002760 
0.00002770 
0.00002760 
0.00002763 
0.00002762 
0.00002771 
0.00002770 
0.00002770 
0.00002755 
0.00002757 
0.00002772 
0.00002773 
0.00002773 
0.00002773 
0.00002755 
0.00002779 
0.00002780 
0.00002788 
0.00002802 
0.00002800 
0.00002789 
0.00002800 
0.00002800 
0.00002800 
0.00002800 
0.00002803 
0.00002795 
0.00002790 
0.00002788 
0.00002789 
0.00002781 
0.00002784 
0.00002802 
0.00002776 
0.00002761 
0.00002741 
0.00002764 
0.00002998 
0.00002998 
0.00003004 
0.00002968 
0.00003027 
0.00003048 
0.00003049 
0.00003037 
0.00003017 
0.00003041 
0.00003004 
0.00002978 
0.00002961 
0.00002946 
0.00002962 
0.00002968 
0.00002971 
0.00002985 
0.00002983 
0.00002999 
0.00003016 
0.00002980 
0.00002955 
0.00002967 
0.00002946 
0.00002947 
0.00002948 
0.00002946 
0.00002933 
0.00002935 
0.00002935 
0.00002928 
0.00002929 
0.00002929 
0.00002926 
0.00002925 
0.00002925 
0.00002931 
0.00002930 
0.00002902 
0.00002933 
0.00002891 
0.00002890 
0.00002891 
0.00002891 
0.00002891 
0.00002875 
0.00002891 
0.00002884 
0.00002869 
0.00002869 
0.00002864 
0.00002870 
0.00002878 
0.00002854 
0.00002867 
0.00002869 
0.00002869 
0.00002878 
0.00002868 
0.00002867 
0.00002852 
0.00002868 
0.00002868 
0.00002872 
0.00002876 
0.00002892 
0.00002903 
0.00002889 
0.00002869 
0.00002868 
0.00002889 
0.00002881 
0.00002869 
0.00002872 
0.00002872 
0.00002876 
0.00002875 
0.00002874 
0.00002886 
0.00002884 
0.00002907 
0.00002918 
0.00002930 
0.00002932 
0.00002930 
0.00002930 
0.00002932 
0.00002927 
0.00002935 
0.00002945 
0.00002948 
0.00002937 
0.00002935 
0.00002935 
0.00002936 
0.00002942 
0.00002942 
0.00002944 
0.00002958 
0.00002944 
0.00002943 
0.00002943 
0.00002941 
0.00002941 
0.00002943 
0.00002943 
0.00002960 
0.00002970 
0.00002970 
0.00002959 
0.00002942 
0.00002937 
0.00002913 
0.00002927 
0.00002923 
0.00002906 
0.00002902 
0.00002914 
0.00002921 
0.00002918 
0.00002908 
0.00002900 
0.00002881 
0.00002893 
0.00002867 
0.00002857 
0.00002835 
0.00002837 
0.00002840 
0.00002793 
0.00002789 
0.00002782 
0.00002755 
0.00002764 
0.00002762 
0.00002759 
0.00002755 
0.00002755 
0.00002754 
0.00002742 
0.00002740 
0.00002706 
0.00002716 
0.00002703 
0.00002726 
0.00002718 
0.00002724 
0.00002737 
0.00002753 
0.00002775 
0.00002782 
0.00002770 
0.00002746 
0.00002733 
0.00002734 
0.00002725 
0.00002714 
0.00002713 
0.00002691 
0.00002687 
0.00002688 
0.00002685 
0.00002697 
0.00002675 
0.00002676 
0.00002683 
0.00002660 
0.00002685 
0.00002695 
0.00002708 
0.00002688 
0.00002680 
0.00002692 
0.00002689 
0.00002701 
0.00002680 
0.00002663 
0.00002646 
0.00002661 
0.00002672 
0.00002664 
0.00002656 
0.00002642 
0.00002646 
0.00002635 
0.00002621 
0.00002634 
0.00002629 
0.00002618 
0.00002605 
0.00002574 
0.00002575 
0.00002574 
0.00002574 
0.00002574 
0.00002585 
0.00002587 
0.00002587 
0.00002587 
0.00002579 
0.00002589 
0.00002581 
0.00002581 
0.00002579 
0.00002578 
0.00002595 
0.00002589 
0.00002598 
0.00002606 
0.00002610 
0.00002611 
0.00002594 
0.00002593 
0.00002575 
0.00002583 
0.00002571 
0.00002581 
0.00002607 
0.00002644 
0.00002648 
0.00002629 
0.00002628 
0.00002620 
0.00002631 
0.00002660 
0.00002656 
0.00002646 
0.00002645 
0.00002652 
0.00002659 
0.00002659 
0.00002650 
0.00002680 
0.00002698 
0.00002692 
0.00002711 
0.00002711 
0.00002762 
0.00002702 
0.00002670 
0.00002653 
0.00002658 
0.00002666 
0.00002647 
0.00002601 
0.00002599 
0.00002597 
0.00002589 
0.00002595 
0.00002590 
0.00002595 
0.00002574 
0.00002570 
0.00002573 
0.00002568 
0.00002578 
0.00002574 
0.00002574 
0.00002589 
0.00002600 
0.00002598 
0.00002598 
0.00002598 
0.00002598 
0.00002591 
0.00002591 
0.00002589 
0.00002589 
0.00002589 
0.00002580 
0.00002580 
0.00002579 
0.00002573 
0.00002577 
0.00002575 
0.00002586 
0.00002575 
0.00002581 
0.00002581 
0.00002585 
0.00002585 
0.00002596 
0.00002590 
0.00002585 
0.00002581 
0.00002581 
0.00002591 
0.00002605 
0.00002615 
0.00002615 
0.00002616 
0.00002620 
0.00002620 
0.00002603 
0.00002610 
0.00002600 
0.00002600 
0.00002600 
0.00002608 
0.00002610 
0.00002627 
0.00002617 
0.00002617 
0.00002635 
0.00002614 
0.00002624 
0.00002614 
0.00002637 
0.00002624 
0.00002628 
0.00002642 
0.00002647 
0.00002656 
0.00002658 
0.00002665 
0.00002664 
0.00002657 
0.00002674 
0.00002681 
0.00002713 
0.00002698 
0.00002681 
0.00002681 
0.00002682 
0.00002702 
0.00002723 
0.00002733 
0.00002741 
0.00002730 
0.00002695 
0.00002657 
0.00002657 
0.00002659 
0.00002668 
0.00002667 
0.00002662 
0.00002658 
0.00002659 
0.00002683 
0.00002683 
0.00002696 
0.00002704 
0.00002701 
0.00002687 
0.00002702 
0.00002706 
0.00002713 
0.00002714 
0.00002700 
0.00002747 
0.00002746 
0.00002737 
0.00002725 
0.00002724 
0.00002706 
0.00002713 
0.00002707 
0.00002701 
0.00002734 
0.00002686 
0.00002698 
0.00002698 
0.00002695 
0.00002696 
0.00002725 
0.00002716 
0.00002704 
0.00002712 
0.00002722 
0.00002714 
0.00002693 
0.00002712 
0.00002715 
0.00002715 
0.00002729 
0.00002714 
0.00002699 
0.00002698 
0.00002706 
0.00002706 
0.00002706 
0.00002699 
0.00002734 
0.00002740 
0.00002743 
0.00002758 
0.00002748 
0.00002743 
0.00002743 
0.00002750 
0.00002751 
0.00002752 
0.00002771 
0.00002763 
0.00002784 
0.00002763 
0.00002777 
0.00002801 
0.00002815 
0.00002829 
0.00002829 
0.00002829 
0.00002832 
0.00002859 
0.00002859 
0.00002856 
0.00002883 
0.00002880 
0.00002901 
0.00002900 
0.00002850 
0.00002832 
0.00002841 
0.00002821 
0.00002837 
0.00002809 
0.00002807 
0.00002790 
0.00002792 
0.00002796 
0.00002796 
0.00002796 
0.00002792 
0.00002815 
0.00002825 
0.00002800 
0.00002814 
0.00002807 
0.00002826 
0.00002802 
0.00002794 
0.00002784 
0.00002786 
0.00002789 
0.00002790 
0.00002766 
0.00002766 
0.00002766 
0.00002766 
0.00002758 
0.00002756 
0.00002759 
0.00002760 
0.00002770 
0.00002760 
0.00002763 
0.00002762 
0.00002771 
0.00002770 
0.00002770 
0.00002755 
0.00002757 
0.00002772 
0.00002773 
0.00002773 
0.00002773 
0.00002755 
0.00002779 
0.00002780 
0.00002788 
0.00002802 
0.00002800 
0.00002789 
0.00002800 
0.00002800 
0.00002800 
0.00002800 
0.00002803 
0.00002795 
0.00002790 
0.00002788 
0.00002789 
0.00002781 
0.00002784 
0.00002802 
0.00002776 
0.00002761 
0.00002741 
0.00002764 
0.00002998 
0.00002998 
0.00003004 
0.00002968 
0.00003027 
0.00003048 
0.00003049 
0.00003037 
0.00003017 
0.00003041 
0.00003004 
0.00002978 
0.00002961 
0.00002946 
0.00002962 
0.00002968 
0.00002971 
0.00002985 
0.00002983 
0.00002999 
0.00003016 
0.00002980 
0.00002955 
0.00002967 
0.00002946 
0.00002947 
0.00002948 
0.00002946 
0.00002933 
0.00002935 
0.00002935 
0.00002928 
0.00002929 
0.00002929 
0.00002926 
0.00002925 
0.00002925 
0.00002931 
0.00002930 
0.00002902 
0.00002933 
0.00002891 
0.00002890 
0.00002891 
0.00002891 
0.00002891 
0.00002875 
0.00002891 
0.00002884 
0.00002869 
0.00002869 
0.00002864 
0.00002870 
0.00002878 
0.00002854 
0.00002867 
0.00002869 
0.00002869 
0.00002878 
0.00002868 
0.00002867 
0.00002852 
0.00002868 
0.00002868 
0.00002872 
0.00002876 
0.00002892 
0.00002903 
0.00002889 
0.00002869 
0.00002868 
0.00002889 
0.00002881 
0.00002869 
0.00002872 
0.00002872 
0.00002876 
0.00002875 
0.00002874 
0.00002886 
0.00002884 
0.00002907 
0.00002918 
0.00002930 
0.00002932 
0.00002930 
0.00002930 
0.00002932 
0.00002927 
0.00002935 
0.00002945 
0.00002948 
0.00002937 
0.00002935 
0.00002935 
0.00002936 
0.00002942 
0.00002942 
0.00002944 
0.00002958 
0.00002944 
0.00002943 
0.00002943 
0.00002941 
0.00002941 
0.00002943 
0.00002943 
0.00002960 
0.00002970 
0.00002970 
0.00002959 
0.00002942 
0.00002937 
0.00002913 
0.00002927 
0.00002923 
0.00002906 
0.00002902 
0.00002914 
0.00002921 
0.00002918 
0.00002908 
0.00002900 
0.00002881 
0.00002893 
0.00002867 
0.00002857 
0.00002835 
0.00002837 
0.00002840 
0.00002793 
0.00002789 
0.00002782 
0.00002755 
0.00002764 
0.00002762 
0.00002759 
0.00002755 
0.00002755 
0.00002754 
0.00002742 
0.00002740 
0.00002706 
0.00002716 
0.00002703 
0.00002726 
0.00002718 
0.00002724 
0.00002737 
0.00002753 
0.00002775 
0.00002782 
0.00002770 
0.00002746 
0.00002733 
0.00002734 
0.00002725 
0.00002714 
0.00002713 
0.00002691 
0.00002687 
0.00002688 
0.00002685 
0.00002697 
0.00002675 
0.00002676 
0.00002683 
0.00002660 
0.00002685 
0.00002695 
0.00002708 
0.00002688 
0.00002680 
0.00002692 
0.00002689 
0.00002701 
0.00002680 
0.00002663 
0.00002646 
0.00002661 
0.00002672 
0.00002664 
0.00002656 
0.00002642 
0.00002646 
0.00002635 
0.00002621 
0.00002634 
0.00002629 
0.00002618 
0.00002605 
0.00002574 
0.00002575 
0.00002574 
0.00002574 
0.00002574 
0.00002585 
0.00002587 
0.00002587 
0.00002587 
0.00002579 
0.00002589 
0.00002581 
0.00002581 
0.00002579 
0.00002578 
0.00002595 
0.00002589 
0.00002598 
0.00002606 
0.00002610 
0.00002611 
0.00002594 
0.00002593 
0.00002575 
0.00002583 
0.00002571 
0.00002581 
0.00002607 
0.00002644 
0.00002648 
0.00002629 
0.00002628 
0.00002620 
0.00002631 
0.00002660 
0.00002656 
0.00002646 
0.00002645 
0.00002652 
0.00002659 
0.00002659 
0.00002650 
0.00002680 
0.00002698 
0.00002692 
0.00002711 
0.00002711 
0.00002762 
0.00002702 
0.00002670 
0.00002653 
0.00002658 
0.00002666 
0.00002647 
0.00002601 
0.00002599 
0.00002597 
0.00002589 
0.00002595 
0.00002590 
0.00002595 
0.00002574 
0.00002570 
0.00002573 
0.00002568 
0.00002578 
0.00002574 
0.00002574 
0.00002589 
0.00002600 
0.00002598 
0.00002598 
0.00002598 
0.00002598 
0.00002591 
0.00002591 
0.00002589 
0.00002589 
0.00002589 
0.00002580 
0.00002580 
0.00002579 
0.00002573 
0.00002577 
0.00002575 
0.00002586 
0.00002575 
0.00002581 
0.00002581 
0.00002585 
0.00002585 
0.00002596 
0.00002590 
0.00002585 
0.00002581 
0.00002581 
0.00002591 
0.00002605 
0.00002615 
0.00002615 
0.00002616 
0.00002620 
0.00002620 
0.00002603 
0.00002610 
0.00002600 
0.00002600 
0.00002600 
0.00002608 
0.00002610 
0.00002627 
0.00002617 
0.00002617 
0.00002635 
0.00002614 
0.00002624 
0.00002614 
0.00002637 
0.00002624 
0.00002628 
0.00002642 
0.00002647 
0.00002656 
0.00002658 
0.00002665 
0.00002664 
0.00002657 
0.00002674 
0.00002681 
0.00002713 
0.00002698 
0.00002681 
0.00002681 
0.00002682 
0.00002702 
0.00002723 
0.00002733 
0.00002741 
0.00002730 
0.00002695 
0.00002657 
0.00002657 
0.00002659 
0.00002668 
0.00002667 
0.00002662 
0.00002658 
0.00002659 
0.00002683 
0.00002683 
0.00002696 
0.00002704 
0.00002701 
0.00002687 
0.00002702 
0.00002706 
0.00002713 
0.00002714 
0.00002700 
0.00002747 
0.00002746 
0.00002737 
0.00002725 
0.00002724 
0.00002706 
0.00002713 
0.00002707 
0.00002701 
0.00002734 
0.00002686 
0.00002698 
0.00002698 
0.00002695 
0.00002696 
0.00002725 
0.00002716 
0.00002704 
0.00002712 
0.00002722 
0.00002714 
0.00002693 
0.00002712 
0.00002715 
0.00002715 
0.00002729 
0.00002714 
0.00002699 
0.00002698 
0.00002706 
0.00002706 
0.00002706 
0.00002699 
0.00002734 
0.00002740 
0.00002743 
0.00002758 
0.00002748 
0.00002743 
0.00002743 
0.00002750 
0.00002751 
0.00002752 
0.00002771 
0.00002763 
0.00002784 
0.00002763 
0.00002777 
0.00002801 
0.00002815 
0.00002829 
0.00002829 
0.00002829 
0.00002832 
0.00002859 
0.00002859 
0.00002856 
0.00002883 
0.00002880 
0.00002901 
0.00002900 
0.00002850 
0.00002832 
0.00002841 
0.00002821 
0.00002837 
0.00002809 
0.00002807 
0.00002790 
0.00002792 
0.00002796 
0.00002796 
0.00002796 
0.00002792 
0.00002815 
0.00002825 
0.00002800 
0.00002814 
0.00002807 
0.00002826 
0.00002802 
0.00002794 
0.00002784 
0.00002786 
0.00002789 
0.00002790 
0.00002766 
0.00002766 
0.00002766 
0.00002766 
0.00002758 
0.00002756 
0.00002759 
0.00002760 
0.00002770 
0.00002760 
0.00002763 
0.00002762 
0.00002771 
0.00002770 
0.00002770 
0.00002755 
0.00002757 
0.00002772 
0.00002773 
0.00002773 
0.00002773 
0.00002755 
0.00002779 
0.00002780 
0.00002788 
0.00002802 
0.00002800 
0.00002789 
0.00002800 
0.00002800 
0.00002800 
0.00002800 
0.00002803 
0.00002795 
0.00002790 
0.00002788 
0.00002789 
0.00002781 
0.00002784 
0.00002802 
0.00002776 
0.00002761 
0.00002741 
0.00002764 
