0.00006232 
0.00006259 
0.00006261 
0.00006271 
0.00006264 
0.00006264 
0.00006231 
0.00006239 
0.00006294 
0.00006280 
0.00006324 
0.00006320 
0.00006293 
0.00006210 
0.00006124 
0.00006214 
0.00006221 
0.00006250 
0.00006277 
0.00006242 
0.00006252 
0.00006325 
0.00006277 
0.00006357 
0.00006390 
0.00006328 
0.00006299 
0.00006365 
0.00006403 
0.00006415 
0.00006399 
0.00006391 
0.00006390 
0.00006367 
0.00006383 
0.00006378 
0.00006451 
0.00006400 
0.00006393 
0.00006396 
0.00006350 
0.00006368 
0.00006320 
0.00006227 
0.00006164 
0.00006160 
0.00006150 
0.00006142 
0.00006171 
0.00006067 
0.00006059 
0.00006111 
0.00006034 
0.00006052 
0.00006019 
0.00006010 
0.00006014 
0.00006013 
0.00006016 
0.00006003 
0.00006047 
0.00005995 
0.00005999 
0.00005999 
0.00005991 
0.00005972 
0.00006000 
0.00006000 
0.00006034 
0.00006043 
0.00006003 
0.00006016 
0.00006006 
0.00005980 
0.00005950 
0.00005902 
0.00005891 
0.00005910 
0.00005873 
0.00005854 
0.00005850 
0.00005850 
0.00005873 
0.00005944 
0.00005972 
0.00005937 
0.00005936 
0.00005922 
0.00005946 
0.00005975 
0.00005999 
0.00006042 
0.00005982 
0.00005974 
0.00005986 
0.00005989 
0.00006041 
0.00006042 
0.00006027 
0.00005986 
0.00005976 
0.00005968 
0.00005956 
0.00006008 
0.00005983 
0.00006053 
0.00006053 
0.00006094 
0.00006076 
0.00006076 
0.00006133 
0.00006116 
0.00006073 
0.00006100 
0.00006083 
0.00006132 
0.00006029 
0.00006047 
0.00005931 
0.00006037 
0.00006108 
0.00006101 
0.00006189 
0.00006176 
0.00006170 
0.00006208 
0.00006190 
0.00006162 
0.00006106 
0.00006099 
0.00006021 
0.00006006 
0.00006002 
0.00006040 
0.00006084 
0.00006061 
0.00006025 
0.00006016 
0.00006013 
0.00005950 
0.00005948 
0.00005956 
0.00006031 
0.00005888 
0.00005905 
0.00005910 
0.00006031 
0.00006051 
0.00006061 
0.00006065 
0.00006062 
0.00006047 
0.00006134 
0.00005965 
0.00005947 
0.00005915 
0.00005904 
0.00005896 
0.00005869 
0.00005870 
0.00005920 
0.00005923 
0.00005899 
0.00005908 
0.00005906 
0.00005895 
0.00005807 
0.00005832 
0.00005900 
0.00005928 
0.00005938 
0.00005960 
0.00005954 
0.00005958 
0.00005927 
0.00005880 
0.00005908 
0.00005906 
0.00005903 
0.00005883 
0.00005857 
0.00005833 
0.00005848 
0.00005817 
0.00005800 
0.00005763 
0.00005784 
0.00005788 
0.00005803 
0.00005774 
0.00005755 
0.00005769 
0.00005750 
0.00005787 
0.00005777 
0.00005755 
0.00005735 
0.00005723 
0.00005718 
0.00005729 
0.00005709 
0.00005726 
0.00005726 
0.00005800 
0.00005778 
0.00005736 
0.00005710 
0.00005753 
0.00005754 
0.00005732 
0.00005801 
0.00005821 
0.00005847 
0.00005877 
0.00005906 
0.00005721 
0.00005721 
0.00005740 
0.00005815 
0.00005819 
0.00005824 
0.00005806 
0.00005888 
0.00005950 
0.00005901 
0.00005951 
0.00005995 
0.00005981 
0.00005955 
0.00005927 
0.00005938 
0.00005974 
0.00005948 
0.00006000 
0.00005923 
0.00005979 
0.00005994 
0.00006086 
0.00006120 
0.00006121 
0.00006080 
0.00006094 
0.00006023 
0.00006070 
0.00006010 
0.00005982 
0.00005953 
0.00005909 
0.00005860 
0.00005897 
0.00005964 
0.00005930 
0.00006000 
0.00005817 
0.00005802 
0.00005800 
0.00005748 
0.00005741 
0.00005746 
0.00005748 
0.00005750 
0.00005732 
0.00005748 
0.00005741 
0.00005735 
0.00005726 
0.00005717 
0.00005717 
0.00005720 
0.00005764 
0.00005720 
0.00005739 
0.00005750 
0.00005795 
0.00005685 
0.00005694 
0.00005700 
0.00005722 
0.00005730 
0.00005705 
0.00005700 
0.00005734 
0.00005700 
0.00005717 
0.00005703 
0.00005702 
0.00005720 
0.00005723 
0.00005740 
0.00005782 
0.00005790 
0.00005796 
0.00005749 
0.00005723 
0.00005726 
0.00005710 
0.00005700 
0.00005706 
0.00005710 
0.00005701 
0.00005716 
0.00005744 
0.00005745 
0.00005743 
0.00005727 
0.00005703 
0.00005738 
0.00005785 
0.00005830 
0.00005801 
0.00005792 
0.00005801 
0.00005798 
0.00005800 
0.00005830 
0.00005898 
0.00005896 
0.00005896 
0.00005860 
0.00005857 
0.00005884 
0.00005877 
0.00005810 
0.00005763 
0.00005733 
0.00005720 
0.00005740 
0.00005715 
0.00005706 
0.00005714 
0.00005740 
0.00005681 
0.00005720 
0.00005764 
0.00005755 
0.00005754 
0.00005769 
0.00005756 
0.00005775 
0.00005761 
0.00005757 
0.00005766 
0.00005780 
0.00005784 
0.00005782 
0.00005782 
0.00005788 
0.00005787 
0.00005792 
0.00005811 
0.00005854 
0.00005816 
0.00005816 
0.00005804 
0.00005861 
0.00005832 
0.00005830 
0.00005835 
0.00005831 
0.00005842 
0.00005779 
0.00005800 
0.00005953 
0.00005960 
0.00005970 
0.00005966 
0.00005965 
0.00006021 
0.00005976 
0.00005913 
0.00005926 
0.00005989 
0.00006015 
0.00006000 
0.00006020 
0.00006084 
0.00006082 
0.00006146 
0.00006180 
0.00006200 
0.00006160 
0.00006177 
0.00006169 
0.00006116 
0.00006036 
0.00005908 
0.00005913 
0.00005968 
0.00006003 
0.00006015 
0.00006083 
0.00006091 
0.00006156 
0.00006189 
0.00006132 
0.00006101 
0.00006165 
0.00006151 
0.00006211 
0.00006214 
0.00006200 
0.00006342 
0.00006379 
0.00006378 
0.00006321 
0.00006304 
0.00006313 
0.00006259 
0.00006366 
0.00006360 
0.00006402 
0.00006402 
0.00006433 
0.00006464 
0.00006464 
0.00006448 
0.00006446 
0.00006423 
0.00006407 
0.00006450 
0.00006430 
0.00006449 
0.00006430 
0.00006430 
0.00006431 
0.00006429 
0.00006401 
0.00006436 
0.00006434 
0.00006443 
0.00006435 
0.00006532 
0.00006545 
0.00006504 
0.00006461 
0.00006461 
0.00006447 
0.00006463 
0.00006463 
0.00006475 
0.00006479 
0.00006481 
0.00006477 
0.00006449 
0.00006412 
0.00006370 
0.00006418 
0.00006466 
0.00006496 
0.00006518 
0.00006565 
0.00006542 
0.00006545 
0.00006408 
0.00006492 
0.00006552 
0.00006573 
0.00006649 
0.00006733 
0.00006714 
0.00006790 
0.00006843 
0.00006871 
0.00006887 
0.00006843 
0.00006950 
0.00006983 
0.00006911 
0.00006880 
0.00006820 
0.00006763 
0.00006729 
0.00006849 
0.00006818 
0.00006799 
0.00006727 
0.00006805 
0.00006788 
0.00006781 
0.00006742 
0.00006232 
0.00006259 
0.00006261 
0.00006271 
0.00006264 
0.00006264 
0.00006231 
0.00006239 
0.00006294 
0.00006280 
0.00006324 
0.00006320 
0.00006293 
0.00006210 
0.00006124 
0.00006214 
0.00006221 
0.00006250 
0.00006277 
0.00006242 
0.00006252 
0.00006325 
0.00006277 
0.00006357 
0.00006390 
0.00006328 
0.00006299 
0.00006365 
0.00006403 
0.00006415 
0.00006399 
0.00006391 
0.00006390 
0.00006367 
0.00006383 
0.00006378 
0.00006451 
0.00006400 
0.00006393 
0.00006396 
0.00006350 
0.00006368 
0.00006320 
0.00006227 
0.00006164 
0.00006160 
0.00006150 
0.00006142 
0.00006171 
0.00006067 
0.00006059 
0.00006111 
0.00006034 
0.00006052 
0.00006019 
0.00006010 
0.00006014 
0.00006013 
0.00006016 
0.00006003 
0.00006047 
0.00005995 
0.00005999 
0.00005999 
0.00005991 
0.00005972 
0.00006000 
0.00006000 
0.00006034 
0.00006043 
0.00006003 
0.00006016 
0.00006006 
0.00005980 
0.00005950 
0.00005902 
0.00005891 
0.00005910 
0.00005873 
0.00005854 
0.00005850 
0.00005850 
0.00005873 
0.00005944 
0.00005972 
0.00005937 
0.00005936 
0.00005922 
0.00005946 
0.00005975 
0.00005999 
0.00006042 
0.00005982 
0.00005974 
0.00005986 
0.00005989 
0.00006041 
0.00006042 
0.00006027 
0.00005986 
0.00005976 
0.00005968 
0.00005956 
0.00006008 
0.00005983 
0.00006053 
0.00006053 
0.00006094 
0.00006076 
0.00006076 
0.00006133 
0.00006116 
0.00006073 
0.00006100 
0.00006083 
0.00006132 
0.00006029 
0.00006047 
0.00005931 
0.00006037 
0.00006108 
0.00006101 
0.00006189 
0.00006176 
0.00006170 
0.00006208 
0.00006190 
0.00006162 
0.00006106 
0.00006099 
0.00006021 
0.00006006 
0.00006002 
0.00006040 
0.00006084 
0.00006061 
0.00006025 
0.00006016 
0.00006013 
0.00005950 
0.00005948 
0.00005956 
0.00006031 
0.00005888 
0.00005905 
0.00005910 
0.00006031 
0.00006051 
0.00006061 
0.00006065 
0.00006062 
0.00006047 
0.00006134 
0.00005965 
0.00005947 
0.00005915 
0.00005904 
0.00005896 
0.00005869 
0.00005870 
0.00005920 
0.00005923 
0.00005899 
0.00005908 
0.00005906 
0.00005895 
0.00005807 
0.00005832 
0.00005900 
0.00005928 
0.00005938 
0.00005960 
0.00005954 
0.00005958 
0.00005927 
0.00005880 
0.00005908 
0.00005906 
0.00005903 
0.00005883 
0.00005857 
0.00005833 
0.00005848 
0.00005817 
0.00005800 
0.00005763 
0.00005784 
0.00005788 
0.00005803 
0.00005774 
0.00005755 
0.00005769 
0.00005750 
0.00005787 
0.00005777 
0.00005755 
0.00005735 
0.00005723 
0.00005718 
0.00005729 
0.00005709 
0.00005726 
0.00005726 
0.00005800 
0.00005778 
0.00005736 
0.00005710 
0.00005753 
0.00005754 
0.00005732 
0.00005801 
0.00005821 
0.00005847 
0.00005877 
0.00005906 
0.00005721 
0.00005721 
0.00005740 
0.00005815 
0.00005819 
0.00005824 
0.00005806 
0.00005888 
0.00005950 
0.00005901 
0.00005951 
0.00005995 
0.00005981 
0.00005955 
0.00005927 
0.00005938 
0.00005974 
0.00005948 
0.00006000 
0.00005923 
0.00005979 
0.00005994 
0.00006086 
0.00006120 
0.00006121 
0.00006080 
0.00006094 
0.00006023 
0.00006070 
0.00006010 
0.00005982 
0.00005953 
0.00005909 
0.00005860 
0.00005897 
0.00005964 
0.00005930 
0.00006000 
0.00005817 
0.00005802 
0.00005800 
0.00005748 
0.00005741 
0.00005746 
0.00005748 
0.00005750 
0.00005732 
0.00005748 
0.00005741 
0.00005735 
0.00005726 
0.00005717 
0.00005717 
0.00005720 
0.00005764 
0.00005720 
0.00005739 
0.00005750 
0.00005795 
0.00005685 
0.00005694 
0.00005700 
0.00005722 
0.00005730 
0.00005705 
0.00005700 
0.00005734 
0.00005700 
0.00005717 
0.00005703 
0.00005702 
0.00005720 
0.00005723 
0.00005740 
0.00005782 
0.00005790 
0.00005796 
0.00005749 
0.00005723 
0.00005726 
0.00005710 
0.00005700 
0.00005706 
0.00005710 
0.00005701 
0.00005716 
0.00005744 
0.00005745 
0.00005743 
0.00005727 
0.00005703 
0.00005738 
0.00005785 
0.00005830 
0.00005801 
0.00005792 
0.00005801 
0.00005798 
0.00005800 
0.00005830 
0.00005898 
0.00005896 
0.00005896 
0.00005860 
0.00005857 
0.00005884 
0.00005877 
0.00005810 
0.00005763 
0.00005733 
0.00005720 
0.00005740 
0.00005715 
0.00005706 
0.00005714 
0.00005740 
0.00005681 
0.00005720 
0.00005764 
0.00005755 
0.00005754 
0.00005769 
0.00005756 
0.00005775 
0.00005761 
0.00005757 
0.00005766 
0.00005780 
0.00005784 
0.00005782 
0.00005782 
0.00005788 
0.00005787 
0.00005792 
0.00005811 
0.00005854 
0.00005816 
0.00005816 
0.00005804 
0.00005861 
0.00005832 
0.00005830 
0.00005835 
0.00005831 
0.00005842 
0.00005779 
0.00005800 
0.00005953 
0.00005960 
0.00005970 
0.00005966 
0.00005965 
0.00006021 
0.00005976 
0.00005913 
0.00005926 
0.00005989 
0.00006015 
0.00006000 
0.00006020 
0.00006084 
0.00006082 
0.00006146 
0.00006180 
0.00006200 
0.00006160 
0.00006177 
0.00006169 
0.00006116 
0.00006036 
0.00005908 
0.00005913 
0.00005968 
0.00006003 
0.00006015 
0.00006083 
0.00006091 
0.00006156 
0.00006189 
0.00006132 
0.00006101 
0.00006165 
0.00006151 
0.00006211 
0.00006214 
0.00006200 
0.00006342 
0.00006379 
0.00006378 
0.00006321 
0.00006304 
0.00006313 
0.00006259 
0.00006366 
0.00006360 
0.00006402 
0.00006402 
0.00006433 
0.00006464 
0.00006464 
0.00006448 
0.00006446 
0.00006423 
0.00006407 
0.00006450 
0.00006430 
0.00006449 
0.00006430 
0.00006430 
0.00006431 
0.00006429 
0.00006401 
0.00006436 
0.00006434 
0.00006443 
0.00006435 
0.00006532 
0.00006545 
0.00006504 
0.00006461 
0.00006461 
0.00006447 
0.00006463 
0.00006463 
0.00006475 
0.00006479 
0.00006481 
0.00006477 
0.00006449 
0.00006412 
0.00006370 
0.00006418 
0.00006466 
0.00006496 
0.00006518 
0.00006565 
0.00006542 
0.00006545 
0.00006408 
0.00006492 
0.00006552 
0.00006573 
0.00006649 
0.00006733 
0.00006714 
0.00006790 
0.00006843 
0.00006871 
0.00006887 
0.00006843 
0.00006950 
0.00006983 
0.00006911 
0.00006880 
0.00006820 
0.00006763 
0.00006729 
0.00006849 
0.00006818 
0.00006799 
0.00006727 
0.00006805 
0.00006788 
0.00006781 
0.00006742 
0.00006232 
0.00006259 
0.00006261 
0.00006271 
0.00006264 
0.00006264 
0.00006231 
0.00006239 
0.00006294 
0.00006280 
0.00006324 
0.00006320 
0.00006293 
0.00006210 
0.00006124 
0.00006214 
0.00006221 
0.00006250 
0.00006277 
0.00006242 
0.00006252 
0.00006325 
0.00006277 
0.00006357 
0.00006390 
0.00006328 
0.00006299 
0.00006365 
0.00006403 
0.00006415 
0.00006399 
0.00006391 
0.00006390 
0.00006367 
0.00006383 
0.00006378 
0.00006451 
0.00006400 
0.00006393 
0.00006396 
0.00006350 
0.00006368 
0.00006320 
0.00006227 
0.00006164 
0.00006160 
0.00006150 
0.00006142 
0.00006171 
0.00006067 
0.00006059 
0.00006111 
0.00006034 
0.00006052 
0.00006019 
0.00006010 
0.00006014 
0.00006013 
0.00006016 
0.00006003 
0.00006047 
0.00005995 
0.00005999 
0.00005999 
0.00005991 
0.00005972 
0.00006000 
0.00006000 
0.00006034 
0.00006043 
0.00006003 
0.00006016 
0.00006006 
0.00005980 
0.00005950 
0.00005902 
0.00005891 
0.00005910 
0.00005873 
0.00005854 
0.00005850 
0.00005850 
0.00005873 
0.00005944 
0.00005972 
0.00005937 
0.00005936 
0.00005922 
0.00005946 
0.00005975 
0.00005999 
0.00006042 
0.00005982 
0.00005974 
0.00005986 
0.00005989 
0.00006041 
0.00006042 
0.00006027 
0.00005986 
0.00005976 
0.00005968 
0.00005956 
0.00006008 
0.00005983 
0.00006053 
0.00006053 
0.00006094 
0.00006076 
0.00006076 
0.00006133 
0.00006116 
0.00006073 
0.00006100 
0.00006083 
0.00006132 
0.00006029 
0.00006047 
0.00005931 
0.00006037 
0.00006108 
0.00006101 
0.00006189 
0.00006176 
0.00006170 
0.00006208 
0.00006190 
0.00006162 
0.00006106 
0.00006099 
0.00006021 
0.00006006 
0.00006002 
0.00006040 
0.00006084 
0.00006061 
0.00006025 
0.00006016 
0.00006013 
0.00005950 
0.00005948 
0.00005956 
0.00006031 
0.00005888 
0.00005905 
0.00005910 
0.00006031 
0.00006051 
0.00006061 
0.00006065 
0.00006062 
0.00006047 
0.00006134 
0.00005965 
0.00005947 
0.00005915 
0.00005904 
0.00005896 
0.00005869 
0.00005870 
0.00005920 
0.00005923 
0.00005899 
0.00005908 
0.00005906 
0.00005895 
0.00005807 
0.00005832 
0.00005900 
0.00005928 
0.00005938 
0.00005960 
0.00005954 
0.00005958 
0.00005927 
0.00005880 
0.00005908 
0.00005906 
0.00005903 
0.00005883 
0.00005857 
0.00005833 
0.00005848 
0.00005817 
0.00005800 
0.00005763 
0.00005784 
0.00005788 
0.00005803 
0.00005774 
0.00005755 
0.00005769 
0.00005750 
0.00005787 
0.00005777 
0.00005755 
0.00005735 
0.00005723 
0.00005718 
0.00005729 
0.00005709 
0.00005726 
0.00005726 
0.00005800 
0.00005778 
0.00005736 
0.00005710 
0.00005753 
0.00005754 
0.00005732 
0.00005801 
0.00005821 
0.00005847 
0.00005877 
0.00005906 
0.00005721 
0.00005721 
0.00005740 
0.00005815 
0.00005819 
0.00005824 
0.00005806 
0.00005888 
0.00005950 
0.00005901 
0.00005951 
0.00005995 
0.00005981 
0.00005955 
0.00005927 
0.00005938 
0.00005974 
0.00005948 
0.00006000 
0.00005923 
0.00005979 
0.00005994 
0.00006086 
0.00006120 
0.00006121 
0.00006080 
0.00006094 
0.00006023 
0.00006070 
0.00006010 
0.00005982 
0.00005953 
0.00005909 
0.00005860 
0.00005897 
0.00005964 
0.00005930 
0.00006000 
0.00005817 
0.00005802 
0.00005800 
0.00005748 
0.00005741 
0.00005746 
0.00005748 
0.00005750 
0.00005732 
0.00005748 
0.00005741 
0.00005735 
0.00005726 
0.00005717 
0.00005717 
0.00005720 
0.00005764 
0.00005720 
0.00005739 
0.00005750 
0.00005795 
0.00005685 
0.00005694 
0.00005700 
0.00005722 
0.00005730 
0.00005705 
0.00005700 
0.00005734 
0.00005700 
0.00005717 
0.00005703 
0.00005702 
0.00005720 
0.00005723 
0.00005740 
0.00005782 
0.00005790 
0.00005796 
0.00005749 
0.00005723 
0.00005726 
0.00005710 
0.00005700 
0.00005706 
0.00005710 
0.00005701 
0.00005716 
0.00005744 
0.00005745 
0.00005743 
0.00005727 
0.00005703 
0.00005738 
0.00005785 
0.00005830 
0.00005801 
0.00005792 
0.00005801 
0.00005798 
0.00005800 
0.00005830 
0.00005898 
0.00005896 
0.00005896 
0.00005860 
0.00005857 
0.00005884 
0.00005877 
0.00005810 
0.00005763 
0.00005733 
0.00005720 
0.00005740 
0.00005715 
0.00005706 
0.00005714 
0.00005740 
0.00005681 
0.00005720 
0.00005764 
0.00005755 
0.00005754 
0.00005769 
0.00005756 
0.00005775 
0.00005761 
0.00005757 
0.00005766 
0.00005780 
0.00005784 
0.00005782 
0.00005782 
0.00005788 
0.00005787 
0.00005792 
0.00005811 
0.00005854 
0.00005816 
0.00005816 
0.00005804 
0.00005861 
0.00005832 
0.00005830 
0.00005835 
0.00005831 
0.00005842 
0.00005779 
0.00005800 
0.00005953 
0.00005960 
0.00005970 
0.00005966 
0.00005965 
0.00006021 
0.00005976 
0.00005913 
0.00005926 
0.00005989 
0.00006015 
0.00006000 
0.00006020 
0.00006084 
0.00006082 
0.00006146 
0.00006180 
0.00006200 
0.00006160 
0.00006177 
0.00006169 
0.00006116 
0.00006036 
0.00005908 
0.00005913 
0.00005968 
0.00006003 
0.00006015 
0.00006083 
0.00006091 
0.00006156 
0.00006189 
0.00006132 
0.00006101 
0.00006165 
0.00006151 
0.00006211 
0.00006214 
0.00006200 
0.00006342 
0.00006379 
0.00006378 
0.00006321 
0.00006304 
0.00006313 
0.00006259 
0.00006366 
0.00006360 
0.00006402 
0.00006402 
0.00006433 
0.00006464 
0.00006464 
0.00006448 
0.00006446 
0.00006423 
0.00006407 
0.00006450 
0.00006430 
0.00006449 
0.00006430 
0.00006430 
0.00006431 
0.00006429 
0.00006401 
0.00006436 
0.00006434 
0.00006443 
0.00006435 
0.00006532 
0.00006545 
0.00006504 
0.00006461 
0.00006461 
0.00006447 
0.00006463 
0.00006463 
0.00006475 
0.00006479 
0.00006481 
0.00006477 
0.00006449 
0.00006412 
0.00006370 
0.00006418 
0.00006466 
0.00006496 
0.00006518 
0.00006565 
0.00006542 
0.00006545 
0.00006408 
0.00006492 
0.00006552 
0.00006573 
0.00006649 
0.00006733 
0.00006714 
0.00006790 
0.00006843 
0.00006871 
0.00006887 
0.00006843 
0.00006950 
0.00006983 
0.00006911 
0.00006880 
0.00006820 
0.00006763 
0.00006729 
0.00006849 
0.00006818 
0.00006799 
0.00006727 
0.00006805 
0.00006788 
0.00006781 
0.00006742 
