15372.00000000 
38198.00000000 
14836.00000000 
35627.00000000 
25496.00000000 
26961.00000000 
11927.00000000 
56369.00000000 
25679.00000000 
81393.00000000 
83284.00000000 
31385.00000000 
50563.00000000 
61093.00000000 
91272.00000000 
47757.00000000 
20792.00000000 
26398.00000000 
25433.00000000 
40258.00000000 
73812.00000000 
21085.00000000 
51773.00000000 
30909.00000000 
31983.00000000 
40967.00000000 
50452.00000000 
74136.00000000 
35365.00000000 
51899.00000000 
16609.00000000 
43236.00000000 
29191.00000000 
64056.00000000 
46556.00000000 
170863.00000000 
80686.00000000 
62016.00000000 
50043.00000000 
47055.00000000 
131644.00000000 
123619.00000000 
105755.00000000 
47893.00000000 
26866.00000000 
24961.00000000 
17705.00000000 
45287.00000000 
39671.00000000 
9962.00000000 
36282.00000000 
53342.00000000 
5982.00000000 
11523.00000000 
2408.00000000 
6036.00000000 
17133.00000000 
28307.00000000 
17617.00000000 
29679.00000000 
28397.00000000 
3973.00000000 
3893.00000000 
13804.00000000 
11076.00000000 
16256.00000000 
3596.00000000 
38606.00000000 
10877.00000000 
21642.00000000 
42329.00000000 
25845.00000000 
16736.00000000 
31271.00000000 
31732.00000000 
12485.00000000 
12022.00000000 
14770.00000000 
15077.00000000 
33610.00000000 
21032.00000000 
88095.00000000 
30007.00000000 
42758.00000000 
23622.00000000 
12357.00000000 
13418.00000000 
15166.00000000 
34142.00000000 
9649.00000000 
33632.00000000 
17477.00000000 
9657.00000000 
17281.00000000 
3680.00000000 
46967.00000000 
56223.00000000 
23049.00000000 
13321.00000000 
43915.00000000 
9576.00000000 
44120.00000000 
28032.00000000 
13461.00000000 
31232.00000000 
17313.00000000 
11223.00000000 
18562.00000000 
19387.00000000 
87288.00000000 
44206.00000000 
42611.00000000 
36010.00000000 
21080.00000000 
37079.00000000 
65199.00000000 
53547.00000000 
50850.00000000 
60298.00000000 
39453.00000000 
29258.00000000 
74220.00000000 
36964.00000000 
38114.00000000 
49603.00000000 
131282.00000000 
58865.00000000 
24855.00000000 
28216.00000000 
32525.00000000 
20127.00000000 
4127.00000000 
25587.00000000 
47536.00000000 
35244.00000000 
20532.00000000 
11972.00000000 
4549.00000000 
44038.00000000 
13350.00000000 
12830.00000000 
48409.00000000 
41123.00000000 
51908.00000000 
52001.00000000 
32703.00000000 
11588.00000000 
59908.00000000 
23078.00000000 
31775.00000000 
20635.00000000 
142353.00000000 
86189.00000000 
49366.00000000 
48028.00000000 
24203.00000000 
39538.00000000 
63847.00000000 
43576.00000000 
45372.00000000 
25636.00000000 
21718.00000000 
26980.00000000 
18868.00000000 
26933.00000000 
13838.00000000 
48775.00000000 
42714.00000000 
23941.00000000 
123358.00000000 
78982.00000000 
16120.00000000 
48897.00000000 
37221.00000000 
11509.00000000 
26417.00000000 
17539.00000000 
22766.00000000 
20511.00000000 
23158.00000000 
12042.00000000 
35754.00000000 
20828.00000000 
35941.00000000 
22257.00000000 
2505.00000000 
2420.00000000 
16741.00000000 
9978.00000000 
1508.00000000 
22948.00000000 
6651.00000000 
10856.00000000 
5725.00000000 
27585.00000000 
4928.00000000 
13791.00000000 
7902.00000000 
18205.00000000 
2258.00000000 
9260.00000000 
4322.00000000 
19915.00000000 
13539.00000000 
12020.00000000 
1212.00000000 
38972.00000000 
4043.00000000 
17253.00000000 
36754.00000000 
31643.00000000 
12207.00000000 
8197.00000000 
12137.00000000 
24713.00000000 
30732.00000000 
18444.00000000 
82620.00000000 
3249.00000000 
14261.00000000 
17935.00000000 
94587.00000000 
36187.00000000 
25605.00000000 
42917.00000000 
77951.00000000 
7912.00000000 
18485.00000000 
21944.00000000 
13434.00000000 
9034.00000000 
26280.00000000 
37370.00000000 
23055.00000000 
20277.00000000 
18685.00000000 
69369.00000000 
33259.00000000 
45371.00000000 
53409.00000000 
7058.00000000 
32821.00000000 
74940.00000000 
46023.00000000 
35839.00000000 
12653.00000000 
29018.00000000 
29337.00000000 
13991.00000000 
10396.00000000 
10299.00000000 
33537.00000000 
74545.00000000 
14659.00000000 
8018.00000000 
19687.00000000 
572.00000000 
6855.00000000 
3561.00000000 
6140.00000000 
12089.00000000 
7384.00000000 
626.00000000 
4562.00000000 
14768.00000000 
6359.00000000 
5849.00000000 
2256.00000000 
639.00000000 
4952.00000000 
1799.00000000 
19975.00000000 
7176.00000000 
49146.00000000 
7640.00000000 
16405.00000000 
4197.00000000 
8538.00000000 
22612.00000000 
3585.00000000 
14244.00000000 
16079.00000000 
22941.00000000 
20148.00000000 
7159.00000000 
2971.00000000 
22861.00000000 
3044.00000000 
8132.00000000 
7436.00000000 
18110.00000000 
1342.00000000 
3571.00000000 
1364.00000000 
18769.00000000 
33143.00000000 
13137.00000000 
2837.00000000 
38741.00000000 
10597.00000000 
2185.00000000 
3086.00000000 
8532.00000000 
7631.00000000 
11738.00000000 
16521.00000000 
34437.00000000 
35209.00000000 
12715.00000000 
1350.00000000 
21527.00000000 
7447.00000000 
3502.00000000 
22005.00000000 
31100.00000000 
16013.00000000 
6019.00000000 
14433.00000000 
27173.00000000 
4022.00000000 
23141.00000000 
20904.00000000 
7935.00000000 
8867.00000000 
42215.00000000 
4301.00000000 
10094.00000000 
48492.00000000 
7804.00000000 
62322.00000000 
78507.00000000 
17618.00000000 
70609.00000000 
22599.00000000 
52957.00000000 
38446.00000000 
13056.00000000 
6159.00000000 
7168.00000000 
19845.00000000 
34195.00000000 
23032.00000000 
24684.00000000 
2853.00000000 
2864.00000000 
10120.00000000 
7908.00000000 
3009.00000000 
22494.00000000 
6237.00000000 
22160.00000000 
66338.00000000 
24943.00000000 
10824.00000000 
7974.00000000 
25531.00000000 
7570.00000000 
13198.00000000 
13744.00000000 
71486.00000000 
43625.00000000 
196840.00000000 
18510.00000000 
10034.00000000 
7439.00000000 
3885.00000000 
43374.00000000 
25001.00000000 
40777.00000000 
65312.00000000 
55301.00000000 
9097.00000000 
28820.00000000 
32406.00000000 
20620.00000000 
11896.00000000 
29676.00000000 
67131.00000000 
18519.00000000 
6564.00000000 
17683.00000000 
11915.00000000 
48550.00000000 
48861.00000000 
74348.00000000 
60972.00000000 
54391.00000000 
85327.00000000 
22139.00000000 
90778.00000000 
82351.00000000 
34176.00000000 
23822.00000000 
20054.00000000 
29372.00000000 
103095.00000000 
91362.00000000 
36708.00000000 
13110.00000000 
58175.00000000 
50832.00000000 
16974.00000000 
15210.00000000 
69468.00000000 
32808.00000000 
18561.00000000 
17344.00000000 
76246.00000000 
32539.00000000 
49462.00000000 
2162.00000000 
39093.00000000 
11538.00000000 
6534.00000000 
1867.00000000 
4612.00000000 
9547.00000000 
41936.00000000 
12391.00000000 
29026.00000000 
18028.00000000 
14166.00000000 
14194.00000000 
3363.00000000 
32614.00000000 
4664.00000000 
18726.00000000 
7146.00000000 
13948.00000000 
11742.00000000 
37063.00000000 
37869.00000000 
9351.00000000 
21070.00000000 
11048.00000000 
7016.00000000 
23994.00000000 
12682.00000000 
6060.00000000 
25285.00000000 
13370.00000000 
15281.00000000 
21260.00000000 
33410.00000000 
19540.00000000 
70154.00000000 
38553.00000000 
26383.00000000 
20675.00000000 
19227.00000000 
62461.00000000 
60914.00000000 
35859.00000000 
93441.00000000 
141181.00000000 
30811.00000000 
75363.00000000 
30483.00000000 
63155.00000000 
50880.00000000 
93850.00000000 
34142.00000000 
33387.00000000 
33996.00000000 
28778.00000000 
45059.00000000 
98953.00000000 
159001.00000000 
86124.00000000 
49040.00000000 
56539.00000000 
133114.00000000 
44764.00000000 
27405.00000000 
96306.00000000 
39651.00000000 
106572.00000000 
25430.00000000 
51805.00000000 
27352.00000000 
15372.00000000 
38198.00000000 
14836.00000000 
35627.00000000 
25496.00000000 
26961.00000000 
11927.00000000 
56369.00000000 
25679.00000000 
81393.00000000 
83284.00000000 
31385.00000000 
50563.00000000 
61093.00000000 
91272.00000000 
47757.00000000 
20792.00000000 
26398.00000000 
25433.00000000 
40258.00000000 
73812.00000000 
21085.00000000 
51773.00000000 
30909.00000000 
31983.00000000 
40967.00000000 
50452.00000000 
74136.00000000 
35365.00000000 
51899.00000000 
16609.00000000 
43236.00000000 
29191.00000000 
64056.00000000 
46556.00000000 
170863.00000000 
80686.00000000 
62016.00000000 
50043.00000000 
47055.00000000 
131644.00000000 
123619.00000000 
105755.00000000 
47893.00000000 
26866.00000000 
24961.00000000 
17705.00000000 
45287.00000000 
39671.00000000 
9962.00000000 
36282.00000000 
53342.00000000 
5982.00000000 
11523.00000000 
2408.00000000 
6036.00000000 
17133.00000000 
28307.00000000 
17617.00000000 
29679.00000000 
28397.00000000 
3973.00000000 
3893.00000000 
13804.00000000 
11076.00000000 
16256.00000000 
3596.00000000 
38606.00000000 
10877.00000000 
21642.00000000 
42329.00000000 
25845.00000000 
16736.00000000 
31271.00000000 
31732.00000000 
12485.00000000 
12022.00000000 
14770.00000000 
15077.00000000 
33610.00000000 
21032.00000000 
88095.00000000 
30007.00000000 
42758.00000000 
23622.00000000 
12357.00000000 
13418.00000000 
15166.00000000 
34142.00000000 
9649.00000000 
33632.00000000 
17477.00000000 
9657.00000000 
17281.00000000 
3680.00000000 
46967.00000000 
56223.00000000 
23049.00000000 
13321.00000000 
43915.00000000 
9576.00000000 
44120.00000000 
28032.00000000 
13461.00000000 
31232.00000000 
17313.00000000 
11223.00000000 
18562.00000000 
19387.00000000 
87288.00000000 
44206.00000000 
42611.00000000 
36010.00000000 
21080.00000000 
37079.00000000 
65199.00000000 
53547.00000000 
50850.00000000 
60298.00000000 
39453.00000000 
29258.00000000 
74220.00000000 
36964.00000000 
38114.00000000 
49603.00000000 
131282.00000000 
58865.00000000 
24855.00000000 
28216.00000000 
32525.00000000 
20127.00000000 
4127.00000000 
25587.00000000 
47536.00000000 
35244.00000000 
20532.00000000 
11972.00000000 
4549.00000000 
44038.00000000 
13350.00000000 
12830.00000000 
48409.00000000 
41123.00000000 
51908.00000000 
52001.00000000 
32703.00000000 
11588.00000000 
59908.00000000 
23078.00000000 
31775.00000000 
20635.00000000 
142353.00000000 
86189.00000000 
49366.00000000 
48028.00000000 
24203.00000000 
39538.00000000 
63847.00000000 
43576.00000000 
45372.00000000 
25636.00000000 
21718.00000000 
26980.00000000 
18868.00000000 
26933.00000000 
13838.00000000 
48775.00000000 
42714.00000000 
23941.00000000 
123358.00000000 
78982.00000000 
16120.00000000 
48897.00000000 
37221.00000000 
11509.00000000 
26417.00000000 
17539.00000000 
22766.00000000 
20511.00000000 
23158.00000000 
12042.00000000 
35754.00000000 
20828.00000000 
35941.00000000 
22257.00000000 
2505.00000000 
2420.00000000 
16741.00000000 
9978.00000000 
1508.00000000 
22948.00000000 
6651.00000000 
10856.00000000 
5725.00000000 
27585.00000000 
4928.00000000 
13791.00000000 
7902.00000000 
18205.00000000 
2258.00000000 
9260.00000000 
4322.00000000 
19915.00000000 
13539.00000000 
12020.00000000 
1212.00000000 
38972.00000000 
4043.00000000 
17253.00000000 
36754.00000000 
31643.00000000 
12207.00000000 
8197.00000000 
12137.00000000 
24713.00000000 
30732.00000000 
18444.00000000 
82620.00000000 
3249.00000000 
14261.00000000 
17935.00000000 
94587.00000000 
36187.00000000 
25605.00000000 
42917.00000000 
77951.00000000 
7912.00000000 
18485.00000000 
21944.00000000 
13434.00000000 
9034.00000000 
26280.00000000 
37370.00000000 
23055.00000000 
20277.00000000 
18685.00000000 
69369.00000000 
33259.00000000 
45371.00000000 
53409.00000000 
7058.00000000 
32821.00000000 
74940.00000000 
46023.00000000 
35839.00000000 
12653.00000000 
29018.00000000 
29337.00000000 
13991.00000000 
10396.00000000 
10299.00000000 
33537.00000000 
74545.00000000 
14659.00000000 
8018.00000000 
19687.00000000 
572.00000000 
6855.00000000 
3561.00000000 
6140.00000000 
12089.00000000 
7384.00000000 
626.00000000 
4562.00000000 
14768.00000000 
6359.00000000 
5849.00000000 
2256.00000000 
639.00000000 
4952.00000000 
1799.00000000 
19975.00000000 
7176.00000000 
49146.00000000 
7640.00000000 
16405.00000000 
4197.00000000 
8538.00000000 
22612.00000000 
3585.00000000 
14244.00000000 
16079.00000000 
22941.00000000 
20148.00000000 
7159.00000000 
2971.00000000 
22861.00000000 
3044.00000000 
8132.00000000 
7436.00000000 
18110.00000000 
1342.00000000 
3571.00000000 
1364.00000000 
18769.00000000 
33143.00000000 
13137.00000000 
2837.00000000 
38741.00000000 
10597.00000000 
2185.00000000 
3086.00000000 
8532.00000000 
7631.00000000 
11738.00000000 
16521.00000000 
34437.00000000 
35209.00000000 
12715.00000000 
1350.00000000 
21527.00000000 
7447.00000000 
3502.00000000 
22005.00000000 
31100.00000000 
16013.00000000 
6019.00000000 
14433.00000000 
27173.00000000 
4022.00000000 
23141.00000000 
20904.00000000 
7935.00000000 
8867.00000000 
42215.00000000 
4301.00000000 
10094.00000000 
48492.00000000 
7804.00000000 
62322.00000000 
78507.00000000 
17618.00000000 
70609.00000000 
22599.00000000 
52957.00000000 
38446.00000000 
13056.00000000 
6159.00000000 
7168.00000000 
19845.00000000 
34195.00000000 
23032.00000000 
24684.00000000 
2853.00000000 
2864.00000000 
10120.00000000 
7908.00000000 
3009.00000000 
22494.00000000 
6237.00000000 
22160.00000000 
66338.00000000 
24943.00000000 
10824.00000000 
7974.00000000 
25531.00000000 
7570.00000000 
13198.00000000 
13744.00000000 
71486.00000000 
43625.00000000 
196840.00000000 
18510.00000000 
10034.00000000 
7439.00000000 
3885.00000000 
43374.00000000 
25001.00000000 
40777.00000000 
65312.00000000 
55301.00000000 
9097.00000000 
28820.00000000 
32406.00000000 
20620.00000000 
11896.00000000 
29676.00000000 
67131.00000000 
18519.00000000 
6564.00000000 
17683.00000000 
11915.00000000 
48550.00000000 
48861.00000000 
74348.00000000 
60972.00000000 
54391.00000000 
85327.00000000 
22139.00000000 
90778.00000000 
82351.00000000 
34176.00000000 
23822.00000000 
20054.00000000 
29372.00000000 
103095.00000000 
91362.00000000 
36708.00000000 
13110.00000000 
58175.00000000 
50832.00000000 
16974.00000000 
15210.00000000 
69468.00000000 
32808.00000000 
18561.00000000 
17344.00000000 
76246.00000000 
32539.00000000 
49462.00000000 
2162.00000000 
39093.00000000 
11538.00000000 
6534.00000000 
1867.00000000 
4612.00000000 
9547.00000000 
41936.00000000 
12391.00000000 
29026.00000000 
18028.00000000 
14166.00000000 
14194.00000000 
3363.00000000 
32614.00000000 
4664.00000000 
18726.00000000 
7146.00000000 
13948.00000000 
11742.00000000 
37063.00000000 
37869.00000000 
9351.00000000 
21070.00000000 
11048.00000000 
7016.00000000 
23994.00000000 
12682.00000000 
6060.00000000 
25285.00000000 
13370.00000000 
15281.00000000 
21260.00000000 
33410.00000000 
19540.00000000 
70154.00000000 
38553.00000000 
26383.00000000 
20675.00000000 
19227.00000000 
62461.00000000 
60914.00000000 
35859.00000000 
93441.00000000 
141181.00000000 
30811.00000000 
75363.00000000 
30483.00000000 
63155.00000000 
50880.00000000 
93850.00000000 
34142.00000000 
33387.00000000 
33996.00000000 
28778.00000000 
45059.00000000 
98953.00000000 
159001.00000000 
86124.00000000 
49040.00000000 
56539.00000000 
133114.00000000 
44764.00000000 
27405.00000000 
96306.00000000 
39651.00000000 
106572.00000000 
25430.00000000 
51805.00000000 
27352.00000000 
15372.00000000 
38198.00000000 
14836.00000000 
35627.00000000 
25496.00000000 
26961.00000000 
11927.00000000 
56369.00000000 
25679.00000000 
81393.00000000 
83284.00000000 
31385.00000000 
50563.00000000 
61093.00000000 
91272.00000000 
47757.00000000 
20792.00000000 
26398.00000000 
25433.00000000 
40258.00000000 
73812.00000000 
21085.00000000 
51773.00000000 
30909.00000000 
31983.00000000 
40967.00000000 
50452.00000000 
74136.00000000 
35365.00000000 
51899.00000000 
16609.00000000 
43236.00000000 
29191.00000000 
64056.00000000 
46556.00000000 
170863.00000000 
80686.00000000 
62016.00000000 
50043.00000000 
47055.00000000 
131644.00000000 
123619.00000000 
105755.00000000 
47893.00000000 
26866.00000000 
24961.00000000 
17705.00000000 
45287.00000000 
39671.00000000 
9962.00000000 
36282.00000000 
53342.00000000 
5982.00000000 
11523.00000000 
2408.00000000 
6036.00000000 
17133.00000000 
28307.00000000 
17617.00000000 
29679.00000000 
28397.00000000 
3973.00000000 
3893.00000000 
13804.00000000 
11076.00000000 
16256.00000000 
3596.00000000 
38606.00000000 
10877.00000000 
21642.00000000 
42329.00000000 
25845.00000000 
16736.00000000 
31271.00000000 
31732.00000000 
12485.00000000 
12022.00000000 
14770.00000000 
15077.00000000 
33610.00000000 
21032.00000000 
88095.00000000 
30007.00000000 
42758.00000000 
23622.00000000 
12357.00000000 
13418.00000000 
15166.00000000 
34142.00000000 
9649.00000000 
33632.00000000 
17477.00000000 
9657.00000000 
17281.00000000 
3680.00000000 
46967.00000000 
56223.00000000 
23049.00000000 
13321.00000000 
43915.00000000 
9576.00000000 
44120.00000000 
28032.00000000 
13461.00000000 
31232.00000000 
17313.00000000 
11223.00000000 
18562.00000000 
19387.00000000 
87288.00000000 
44206.00000000 
42611.00000000 
36010.00000000 
21080.00000000 
37079.00000000 
65199.00000000 
53547.00000000 
50850.00000000 
60298.00000000 
39453.00000000 
29258.00000000 
74220.00000000 
36964.00000000 
38114.00000000 
49603.00000000 
131282.00000000 
58865.00000000 
24855.00000000 
28216.00000000 
32525.00000000 
20127.00000000 
4127.00000000 
25587.00000000 
47536.00000000 
35244.00000000 
20532.00000000 
11972.00000000 
4549.00000000 
44038.00000000 
13350.00000000 
12830.00000000 
48409.00000000 
41123.00000000 
51908.00000000 
52001.00000000 
32703.00000000 
11588.00000000 
59908.00000000 
23078.00000000 
31775.00000000 
20635.00000000 
142353.00000000 
86189.00000000 
49366.00000000 
48028.00000000 
24203.00000000 
39538.00000000 
63847.00000000 
43576.00000000 
45372.00000000 
25636.00000000 
21718.00000000 
26980.00000000 
18868.00000000 
26933.00000000 
13838.00000000 
48775.00000000 
42714.00000000 
23941.00000000 
123358.00000000 
78982.00000000 
16120.00000000 
48897.00000000 
37221.00000000 
11509.00000000 
26417.00000000 
17539.00000000 
22766.00000000 
20511.00000000 
23158.00000000 
12042.00000000 
35754.00000000 
20828.00000000 
35941.00000000 
22257.00000000 
2505.00000000 
2420.00000000 
16741.00000000 
9978.00000000 
1508.00000000 
22948.00000000 
6651.00000000 
10856.00000000 
5725.00000000 
27585.00000000 
4928.00000000 
13791.00000000 
7902.00000000 
18205.00000000 
2258.00000000 
9260.00000000 
4322.00000000 
19915.00000000 
13539.00000000 
12020.00000000 
1212.00000000 
38972.00000000 
4043.00000000 
17253.00000000 
36754.00000000 
31643.00000000 
12207.00000000 
8197.00000000 
12137.00000000 
24713.00000000 
30732.00000000 
18444.00000000 
82620.00000000 
3249.00000000 
14261.00000000 
17935.00000000 
94587.00000000 
36187.00000000 
25605.00000000 
42917.00000000 
77951.00000000 
7912.00000000 
18485.00000000 
21944.00000000 
13434.00000000 
9034.00000000 
26280.00000000 
37370.00000000 
23055.00000000 
20277.00000000 
18685.00000000 
69369.00000000 
33259.00000000 
45371.00000000 
53409.00000000 
7058.00000000 
32821.00000000 
74940.00000000 
46023.00000000 
35839.00000000 
12653.00000000 
29018.00000000 
29337.00000000 
13991.00000000 
10396.00000000 
10299.00000000 
33537.00000000 
74545.00000000 
14659.00000000 
8018.00000000 
19687.00000000 
572.00000000 
6855.00000000 
3561.00000000 
6140.00000000 
12089.00000000 
7384.00000000 
626.00000000 
4562.00000000 
14768.00000000 
6359.00000000 
5849.00000000 
2256.00000000 
639.00000000 
4952.00000000 
1799.00000000 
19975.00000000 
7176.00000000 
49146.00000000 
7640.00000000 
16405.00000000 
4197.00000000 
8538.00000000 
22612.00000000 
3585.00000000 
14244.00000000 
16079.00000000 
22941.00000000 
20148.00000000 
7159.00000000 
2971.00000000 
22861.00000000 
3044.00000000 
8132.00000000 
7436.00000000 
18110.00000000 
1342.00000000 
3571.00000000 
1364.00000000 
18769.00000000 
33143.00000000 
13137.00000000 
2837.00000000 
38741.00000000 
10597.00000000 
2185.00000000 
3086.00000000 
8532.00000000 
7631.00000000 
11738.00000000 
16521.00000000 
34437.00000000 
35209.00000000 
12715.00000000 
1350.00000000 
21527.00000000 
7447.00000000 
3502.00000000 
22005.00000000 
31100.00000000 
16013.00000000 
6019.00000000 
14433.00000000 
27173.00000000 
4022.00000000 
23141.00000000 
20904.00000000 
7935.00000000 
8867.00000000 
42215.00000000 
4301.00000000 
10094.00000000 
48492.00000000 
7804.00000000 
62322.00000000 
78507.00000000 
17618.00000000 
70609.00000000 
22599.00000000 
52957.00000000 
38446.00000000 
13056.00000000 
6159.00000000 
7168.00000000 
19845.00000000 
34195.00000000 
23032.00000000 
24684.00000000 
2853.00000000 
2864.00000000 
10120.00000000 
7908.00000000 
3009.00000000 
22494.00000000 
6237.00000000 
22160.00000000 
66338.00000000 
24943.00000000 
10824.00000000 
7974.00000000 
25531.00000000 
7570.00000000 
13198.00000000 
13744.00000000 
71486.00000000 
43625.00000000 
196840.00000000 
18510.00000000 
10034.00000000 
7439.00000000 
3885.00000000 
43374.00000000 
25001.00000000 
40777.00000000 
65312.00000000 
55301.00000000 
9097.00000000 
28820.00000000 
32406.00000000 
20620.00000000 
11896.00000000 
29676.00000000 
67131.00000000 
18519.00000000 
6564.00000000 
17683.00000000 
11915.00000000 
48550.00000000 
48861.00000000 
74348.00000000 
60972.00000000 
54391.00000000 
85327.00000000 
22139.00000000 
90778.00000000 
82351.00000000 
34176.00000000 
23822.00000000 
20054.00000000 
29372.00000000 
103095.00000000 
91362.00000000 
36708.00000000 
13110.00000000 
58175.00000000 
50832.00000000 
16974.00000000 
15210.00000000 
69468.00000000 
32808.00000000 
18561.00000000 
17344.00000000 
76246.00000000 
32539.00000000 
49462.00000000 
2162.00000000 
39093.00000000 
11538.00000000 
6534.00000000 
1867.00000000 
4612.00000000 
9547.00000000 
41936.00000000 
12391.00000000 
29026.00000000 
18028.00000000 
14166.00000000 
14194.00000000 
3363.00000000 
32614.00000000 
4664.00000000 
18726.00000000 
7146.00000000 
13948.00000000 
11742.00000000 
37063.00000000 
37869.00000000 
9351.00000000 
21070.00000000 
11048.00000000 
7016.00000000 
23994.00000000 
12682.00000000 
6060.00000000 
25285.00000000 
13370.00000000 
15281.00000000 
21260.00000000 
33410.00000000 
19540.00000000 
70154.00000000 
38553.00000000 
26383.00000000 
20675.00000000 
19227.00000000 
62461.00000000 
60914.00000000 
35859.00000000 
93441.00000000 
141181.00000000 
30811.00000000 
75363.00000000 
30483.00000000 
63155.00000000 
50880.00000000 
93850.00000000 
34142.00000000 
33387.00000000 
33996.00000000 
28778.00000000 
45059.00000000 
98953.00000000 
159001.00000000 
86124.00000000 
49040.00000000 
56539.00000000 
133114.00000000 
44764.00000000 
27405.00000000 
96306.00000000 
39651.00000000 
106572.00000000 
25430.00000000 
51805.00000000 
27352.00000000 
