6346.00000000 
1776.00000000 
8505.00000000 
13515.00000000 
5846.00000000 
11932.00000000 
11694.00000000 
6052.00000000 
1772.00000000 
2340.00000000 
3067.00000000 
4618.00000000 
10241.00000000 
1652.00000000 
5401.00000000 
8747.00000000 
5281.00000000 
5766.00000000 
14507.00000000 
2256.00000000 
8193.00000000 
6339.00000000 
2356.00000000 
17306.00000000 
11710.00000000 
2971.00000000 
5746.00000000 
3045.00000000 
3428.00000000 
5843.00000000 
8370.00000000 
7101.00000000 
4634.00000000 
7691.00000000 
401.00000000 
6383.00000000 
1584.00000000 
1262.00000000 
6062.00000000 
7220.00000000 
6300.00000000 
10154.00000000 
354.00000000 
4496.00000000 
5388.00000000 
722.00000000 
1175.00000000 
3077.00000000 
786.00000000 
1708.00000000 
372.00000000 
471.00000000 
1065.00000000 
1079.00000000 
1584.00000000 
2275.00000000 
915.00000000 
1168.00000000 
1415.00000000 
1117.00000000 
282.00000000 
403.00000000 
733.00000000 
5816.00000000 
3582.00000000 
1060.00000000 
2126.00000000 
809.00000000 
2383.00000000 
862.00000000 
859.00000000 
5786.00000000 
369.00000000 
304.00000000 
2888.00000000 
1409.00000000 
5889.00000000 
2098.00000000 
4037.00000000 
289.00000000 
1491.00000000 
2303.00000000 
11060.00000000 
5683.00000000 
1250.00000000 
655.00000000 
714.00000000 
2758.00000000 
1660.00000000 
5886.00000000 
1219.00000000 
9728.00000000 
2712.00000000 
572.00000000 
1756.00000000 
1020.00000000 
4460.00000000 
17893.00000000 
2398.00000000 
7470.00000000 
848.00000000 
3193.00000000 
13340.00000000 
8277.00000000 
2694.00000000 
1473.00000000 
774.00000000 
1812.00000000 
9780.00000000 
11061.00000000 
9341.00000000 
3413.00000000 
8492.00000000 
23597.00000000 
9559.00000000 
1104.00000000 
2083.00000000 
2568.00000000 
2657.00000000 
6466.00000000 
2713.00000000 
2742.00000000 
7939.00000000 
7151.00000000 
7364.00000000 
12566.00000000 
17317.00000000 
3693.00000000 
4290.00000000 
1972.00000000 
801.00000000 
1657.00000000 
2219.00000000 
17175.00000000 
7127.00000000 
1364.00000000 
1747.00000000 
543.00000000 
3215.00000000 
2732.00000000 
1040.00000000 
1056.00000000 
6627.00000000 
450.00000000 
3109.00000000 
3182.00000000 
2708.00000000 
4416.00000000 
4514.00000000 
1273.00000000 
10184.00000000 
9082.00000000 
835.00000000 
4569.00000000 
3369.00000000 
658.00000000 
13018.00000000 
6698.00000000 
8235.00000000 
1146.00000000 
2454.00000000 
1089.00000000 
2071.00000000 
1051.00000000 
3989.00000000 
5067.00000000 
3262.00000000 
3459.00000000 
6271.00000000 
4797.00000000 
5794.00000000 
1792.00000000 
2781.00000000 
3843.00000000 
1818.00000000 
4735.00000000 
1793.00000000 
10339.00000000 
1745.00000000 
3137.00000000 
1177.00000000 
638.00000000 
5970.00000000 
357.00000000 
1122.00000000 
139.00000000 
504.00000000 
16748.00000000 
984.00000000 
115.00000000 
268.00000000 
1680.00000000 
4207.00000000 
2727.00000000 
13137.00000000 
3899.00000000 
7.00000000 
842.00000000 
2097.00000000 
2501.00000000 
1410.00000000 
8201.00000000 
1507.00000000 
157.00000000 
0.00000000 
329.00000000 
831.00000000 
222.00000000 
204.00000000 
215.00000000 
18.00000000 
112.00000000 
2036.00000000 
341.00000000 
13277.00000000 
1166.00000000 
1020.00000000 
6341.00000000 
10907.00000000 
1339.00000000 
1256.00000000 
79.00000000 
4796.00000000 
1197.00000000 
1080.00000000 
1327.00000000 
374.00000000 
1354.00000000 
2049.00000000 
674.00000000 
6563.00000000 
639.00000000 
180.00000000 
2337.00000000 
1865.00000000 
2631.00000000 
8750.00000000 
2950.00000000 
7174.00000000 
2939.00000000 
3003.00000000 
6809.00000000 
23660.00000000 
6597.00000000 
4591.00000000 
8525.00000000 
6530.00000000 
1996.00000000 
13604.00000000 
8999.00000000 
182.00000000 
522.00000000 
1351.00000000 
1030.00000000 
2516.00000000 
331.00000000 
5525.00000000 
8547.00000000 
2855.00000000 
1525.00000000 
948.00000000 
4927.00000000 
5108.00000000 
1383.00000000 
3685.00000000 
17567.00000000 
140.00000000 
1266.00000000 
2017.00000000 
224.00000000 
1009.00000000 
3969.00000000 
702.00000000 
9583.00000000 
37.00000000 
5156.00000000 
2189.00000000 
1384.00000000 
2315.00000000 
39762.00000000 
396.00000000 
110.00000000 
159.00000000 
5673.00000000 
1266.00000000 
127.00000000 
282.00000000 
131.00000000 
988.00000000 
735.00000000 
466.00000000 
1171.00000000 
767.00000000 
393.00000000 
2443.00000000 
547.00000000 
386.00000000 
2611.00000000 
10158.00000000 
362.00000000 
1122.00000000 
935.00000000 
1747.00000000 
5179.00000000 
329.00000000 
1610.00000000 
1397.00000000 
1372.00000000 
1040.00000000 
652.00000000 
3449.00000000 
524.00000000 
1100.00000000 
5005.00000000 
705.00000000 
0.00000000 
344.00000000 
1254.00000000 
4299.00000000 
1773.00000000 
2786.00000000 
8268.00000000 
8625.00000000 
2449.00000000 
385.00000000 
121.00000000 
1096.00000000 
960.00000000 
1745.00000000 
7937.00000000 
2451.00000000 
9493.00000000 
3301.00000000 
4548.00000000 
1340.00000000 
4114.00000000 
9707.00000000 
4534.00000000 
627.00000000 
3253.00000000 
311.00000000 
3551.00000000 
300.00000000 
2935.00000000 
2962.00000000 
1513.00000000 
11156.00000000 
2416.00000000 
2485.00000000 
2979.00000000 
1296.00000000 
2343.00000000 
155.00000000 
414.00000000 
3326.00000000 
2089.00000000 
251.00000000 
2891.00000000 
6679.00000000 
630.00000000 
1310.00000000 
9990.00000000 
3187.00000000 
1906.00000000 
1139.00000000 
2221.00000000 
1075.00000000 
2195.00000000 
1629.00000000 
625.00000000 
180.00000000 
4464.00000000 
3754.00000000 
1906.00000000 
2341.00000000 
3047.00000000 
216.00000000 
924.00000000 
688.00000000 
1609.00000000 
330.00000000 
2562.00000000 
1072.00000000 
1486.00000000 
5157.00000000 
1027.00000000 
3169.00000000 
819.00000000 
695.00000000 
414.00000000 
135.00000000 
48.00000000 
203.00000000 
3241.00000000 
7057.00000000 
2399.00000000 
6205.00000000 
3609.00000000 
7737.00000000 
450.00000000 
12632.00000000 
1563.00000000 
5576.00000000 
5509.00000000 
9949.00000000 
10175.00000000 
4367.00000000 
4167.00000000 
458.00000000 
892.00000000 
1511.00000000 
1136.00000000 
1459.00000000 
1035.00000000 
988.00000000 
6569.00000000 
2483.00000000 
1000.00000000 
92.00000000 
747.00000000 
965.00000000 
1060.00000000 
588.00000000 
2498.00000000 
34.00000000 
813.00000000 
1207.00000000 
2393.00000000 
1312.00000000 
8748.00000000 
1709.00000000 
631.00000000 
137.00000000 
1441.00000000 
830.00000000 
499.00000000 
348.00000000 
1601.00000000 
892.00000000 
284.00000000 
317.00000000 
910.00000000 
78.00000000 
1845.00000000 
434.00000000 
568.00000000 
361.00000000 
3184.00000000 
14.00000000 
230.00000000 
5618.00000000 
3631.00000000 
1233.00000000 
150.00000000 
1686.00000000 
3123.00000000 
1841.00000000 
6901.00000000 
5336.00000000 
14243.00000000 
1210.00000000 
1823.00000000 
10553.00000000 
427.00000000 
371.00000000 
400.00000000 
155.00000000 
670.00000000 
1804.00000000 
2146.00000000 
1064.00000000 
213.00000000 
2496.00000000 
1727.00000000 
64.00000000 
2885.00000000 
410.00000000 
10069.00000000 
3668.00000000 
1900.00000000 
6346.00000000 
1776.00000000 
8505.00000000 
13515.00000000 
5846.00000000 
11932.00000000 
11694.00000000 
6052.00000000 
1772.00000000 
2340.00000000 
3067.00000000 
4618.00000000 
10241.00000000 
1652.00000000 
5401.00000000 
8747.00000000 
5281.00000000 
5766.00000000 
14507.00000000 
2256.00000000 
8193.00000000 
6339.00000000 
2356.00000000 
17306.00000000 
11710.00000000 
2971.00000000 
5746.00000000 
3045.00000000 
3428.00000000 
5843.00000000 
8370.00000000 
7101.00000000 
4634.00000000 
7691.00000000 
401.00000000 
6383.00000000 
1584.00000000 
1262.00000000 
6062.00000000 
7220.00000000 
6300.00000000 
10154.00000000 
354.00000000 
4496.00000000 
5388.00000000 
722.00000000 
1175.00000000 
3077.00000000 
786.00000000 
1708.00000000 
372.00000000 
471.00000000 
1065.00000000 
1079.00000000 
1584.00000000 
2275.00000000 
915.00000000 
1168.00000000 
1415.00000000 
1117.00000000 
282.00000000 
403.00000000 
733.00000000 
5816.00000000 
3582.00000000 
1060.00000000 
2126.00000000 
809.00000000 
2383.00000000 
862.00000000 
859.00000000 
5786.00000000 
369.00000000 
304.00000000 
2888.00000000 
1409.00000000 
5889.00000000 
2098.00000000 
4037.00000000 
289.00000000 
1491.00000000 
2303.00000000 
11060.00000000 
5683.00000000 
1250.00000000 
655.00000000 
714.00000000 
2758.00000000 
1660.00000000 
5886.00000000 
1219.00000000 
9728.00000000 
2712.00000000 
572.00000000 
1756.00000000 
1020.00000000 
4460.00000000 
17893.00000000 
2398.00000000 
7470.00000000 
848.00000000 
3193.00000000 
13340.00000000 
8277.00000000 
2694.00000000 
1473.00000000 
774.00000000 
1812.00000000 
9780.00000000 
11061.00000000 
9341.00000000 
3413.00000000 
8492.00000000 
23597.00000000 
9559.00000000 
1104.00000000 
2083.00000000 
2568.00000000 
2657.00000000 
6466.00000000 
2713.00000000 
2742.00000000 
7939.00000000 
7151.00000000 
7364.00000000 
12566.00000000 
17317.00000000 
3693.00000000 
4290.00000000 
1972.00000000 
801.00000000 
1657.00000000 
2219.00000000 
17175.00000000 
7127.00000000 
1364.00000000 
1747.00000000 
543.00000000 
3215.00000000 
2732.00000000 
1040.00000000 
1056.00000000 
6627.00000000 
450.00000000 
3109.00000000 
3182.00000000 
2708.00000000 
4416.00000000 
4514.00000000 
1273.00000000 
10184.00000000 
9082.00000000 
835.00000000 
4569.00000000 
3369.00000000 
658.00000000 
13018.00000000 
6698.00000000 
8235.00000000 
1146.00000000 
2454.00000000 
1089.00000000 
2071.00000000 
1051.00000000 
3989.00000000 
5067.00000000 
3262.00000000 
3459.00000000 
6271.00000000 
4797.00000000 
5794.00000000 
1792.00000000 
2781.00000000 
3843.00000000 
1818.00000000 
4735.00000000 
1793.00000000 
10339.00000000 
1745.00000000 
3137.00000000 
1177.00000000 
638.00000000 
5970.00000000 
357.00000000 
1122.00000000 
139.00000000 
504.00000000 
16748.00000000 
984.00000000 
115.00000000 
268.00000000 
1680.00000000 
4207.00000000 
2727.00000000 
13137.00000000 
3899.00000000 
7.00000000 
842.00000000 
2097.00000000 
2501.00000000 
1410.00000000 
8201.00000000 
1507.00000000 
157.00000000 
0.00000000 
329.00000000 
831.00000000 
222.00000000 
204.00000000 
215.00000000 
18.00000000 
112.00000000 
2036.00000000 
341.00000000 
13277.00000000 
1166.00000000 
1020.00000000 
6341.00000000 
10907.00000000 
1339.00000000 
1256.00000000 
79.00000000 
4796.00000000 
1197.00000000 
1080.00000000 
1327.00000000 
374.00000000 
1354.00000000 
2049.00000000 
674.00000000 
6563.00000000 
639.00000000 
180.00000000 
2337.00000000 
1865.00000000 
2631.00000000 
8750.00000000 
2950.00000000 
7174.00000000 
2939.00000000 
3003.00000000 
6809.00000000 
23660.00000000 
6597.00000000 
4591.00000000 
8525.00000000 
6530.00000000 
1996.00000000 
13604.00000000 
8999.00000000 
182.00000000 
522.00000000 
1351.00000000 
1030.00000000 
2516.00000000 
331.00000000 
5525.00000000 
8547.00000000 
2855.00000000 
1525.00000000 
948.00000000 
4927.00000000 
5108.00000000 
1383.00000000 
3685.00000000 
17567.00000000 
140.00000000 
1266.00000000 
2017.00000000 
224.00000000 
1009.00000000 
3969.00000000 
702.00000000 
9583.00000000 
37.00000000 
5156.00000000 
2189.00000000 
1384.00000000 
2315.00000000 
39762.00000000 
396.00000000 
110.00000000 
159.00000000 
5673.00000000 
1266.00000000 
127.00000000 
282.00000000 
131.00000000 
988.00000000 
735.00000000 
466.00000000 
1171.00000000 
767.00000000 
393.00000000 
2443.00000000 
547.00000000 
386.00000000 
2611.00000000 
10158.00000000 
362.00000000 
1122.00000000 
935.00000000 
1747.00000000 
5179.00000000 
329.00000000 
1610.00000000 
1397.00000000 
1372.00000000 
1040.00000000 
652.00000000 
3449.00000000 
524.00000000 
1100.00000000 
5005.00000000 
705.00000000 
0.00000000 
344.00000000 
1254.00000000 
4299.00000000 
1773.00000000 
2786.00000000 
8268.00000000 
8625.00000000 
2449.00000000 
385.00000000 
121.00000000 
1096.00000000 
960.00000000 
1745.00000000 
7937.00000000 
2451.00000000 
9493.00000000 
3301.00000000 
4548.00000000 
1340.00000000 
4114.00000000 
9707.00000000 
4534.00000000 
627.00000000 
3253.00000000 
311.00000000 
3551.00000000 
300.00000000 
2935.00000000 
2962.00000000 
1513.00000000 
11156.00000000 
2416.00000000 
2485.00000000 
2979.00000000 
1296.00000000 
2343.00000000 
155.00000000 
414.00000000 
3326.00000000 
2089.00000000 
251.00000000 
2891.00000000 
6679.00000000 
630.00000000 
1310.00000000 
9990.00000000 
3187.00000000 
1906.00000000 
1139.00000000 
2221.00000000 
1075.00000000 
2195.00000000 
1629.00000000 
625.00000000 
180.00000000 
4464.00000000 
3754.00000000 
1906.00000000 
2341.00000000 
3047.00000000 
216.00000000 
924.00000000 
688.00000000 
1609.00000000 
330.00000000 
2562.00000000 
1072.00000000 
1486.00000000 
5157.00000000 
1027.00000000 
3169.00000000 
819.00000000 
695.00000000 
414.00000000 
135.00000000 
48.00000000 
203.00000000 
3241.00000000 
7057.00000000 
2399.00000000 
6205.00000000 
3609.00000000 
7737.00000000 
450.00000000 
12632.00000000 
1563.00000000 
5576.00000000 
5509.00000000 
9949.00000000 
10175.00000000 
4367.00000000 
4167.00000000 
458.00000000 
892.00000000 
1511.00000000 
1136.00000000 
1459.00000000 
1035.00000000 
988.00000000 
6569.00000000 
2483.00000000 
1000.00000000 
92.00000000 
747.00000000 
965.00000000 
1060.00000000 
588.00000000 
2498.00000000 
34.00000000 
813.00000000 
1207.00000000 
2393.00000000 
1312.00000000 
8748.00000000 
1709.00000000 
631.00000000 
137.00000000 
1441.00000000 
830.00000000 
499.00000000 
348.00000000 
1601.00000000 
892.00000000 
284.00000000 
317.00000000 
910.00000000 
78.00000000 
1845.00000000 
434.00000000 
568.00000000 
361.00000000 
3184.00000000 
14.00000000 
230.00000000 
5618.00000000 
3631.00000000 
1233.00000000 
150.00000000 
1686.00000000 
3123.00000000 
1841.00000000 
6901.00000000 
5336.00000000 
14243.00000000 
1210.00000000 
1823.00000000 
10553.00000000 
427.00000000 
371.00000000 
400.00000000 
155.00000000 
670.00000000 
1804.00000000 
2146.00000000 
1064.00000000 
213.00000000 
2496.00000000 
1727.00000000 
64.00000000 
2885.00000000 
410.00000000 
10069.00000000 
3668.00000000 
1900.00000000 
6346.00000000 
1776.00000000 
8505.00000000 
13515.00000000 
5846.00000000 
11932.00000000 
11694.00000000 
6052.00000000 
1772.00000000 
2340.00000000 
3067.00000000 
4618.00000000 
10241.00000000 
1652.00000000 
5401.00000000 
8747.00000000 
5281.00000000 
5766.00000000 
14507.00000000 
2256.00000000 
8193.00000000 
6339.00000000 
2356.00000000 
17306.00000000 
11710.00000000 
2971.00000000 
5746.00000000 
3045.00000000 
3428.00000000 
5843.00000000 
8370.00000000 
7101.00000000 
4634.00000000 
7691.00000000 
401.00000000 
6383.00000000 
1584.00000000 
1262.00000000 
6062.00000000 
7220.00000000 
6300.00000000 
10154.00000000 
354.00000000 
4496.00000000 
5388.00000000 
722.00000000 
1175.00000000 
3077.00000000 
786.00000000 
1708.00000000 
372.00000000 
471.00000000 
1065.00000000 
1079.00000000 
1584.00000000 
2275.00000000 
915.00000000 
1168.00000000 
1415.00000000 
1117.00000000 
282.00000000 
403.00000000 
733.00000000 
5816.00000000 
3582.00000000 
1060.00000000 
2126.00000000 
809.00000000 
2383.00000000 
862.00000000 
859.00000000 
5786.00000000 
369.00000000 
304.00000000 
2888.00000000 
1409.00000000 
5889.00000000 
2098.00000000 
4037.00000000 
289.00000000 
1491.00000000 
2303.00000000 
11060.00000000 
5683.00000000 
1250.00000000 
655.00000000 
714.00000000 
2758.00000000 
1660.00000000 
5886.00000000 
1219.00000000 
9728.00000000 
2712.00000000 
572.00000000 
1756.00000000 
1020.00000000 
4460.00000000 
17893.00000000 
2398.00000000 
7470.00000000 
848.00000000 
3193.00000000 
13340.00000000 
8277.00000000 
2694.00000000 
1473.00000000 
774.00000000 
1812.00000000 
9780.00000000 
11061.00000000 
9341.00000000 
3413.00000000 
8492.00000000 
23597.00000000 
9559.00000000 
1104.00000000 
2083.00000000 
2568.00000000 
2657.00000000 
6466.00000000 
2713.00000000 
2742.00000000 
7939.00000000 
7151.00000000 
7364.00000000 
12566.00000000 
17317.00000000 
3693.00000000 
4290.00000000 
1972.00000000 
801.00000000 
1657.00000000 
2219.00000000 
17175.00000000 
7127.00000000 
1364.00000000 
1747.00000000 
543.00000000 
3215.00000000 
2732.00000000 
1040.00000000 
1056.00000000 
6627.00000000 
450.00000000 
3109.00000000 
3182.00000000 
2708.00000000 
4416.00000000 
4514.00000000 
1273.00000000 
10184.00000000 
9082.00000000 
835.00000000 
4569.00000000 
3369.00000000 
658.00000000 
13018.00000000 
6698.00000000 
8235.00000000 
1146.00000000 
2454.00000000 
1089.00000000 
2071.00000000 
1051.00000000 
3989.00000000 
5067.00000000 
3262.00000000 
3459.00000000 
6271.00000000 
4797.00000000 
5794.00000000 
1792.00000000 
2781.00000000 
3843.00000000 
1818.00000000 
4735.00000000 
1793.00000000 
10339.00000000 
1745.00000000 
3137.00000000 
1177.00000000 
638.00000000 
5970.00000000 
357.00000000 
1122.00000000 
139.00000000 
504.00000000 
16748.00000000 
984.00000000 
115.00000000 
268.00000000 
1680.00000000 
4207.00000000 
2727.00000000 
13137.00000000 
3899.00000000 
7.00000000 
842.00000000 
2097.00000000 
2501.00000000 
1410.00000000 
8201.00000000 
1507.00000000 
157.00000000 
0.00000000 
329.00000000 
831.00000000 
222.00000000 
204.00000000 
215.00000000 
18.00000000 
112.00000000 
2036.00000000 
341.00000000 
13277.00000000 
1166.00000000 
1020.00000000 
6341.00000000 
10907.00000000 
1339.00000000 
1256.00000000 
79.00000000 
4796.00000000 
1197.00000000 
1080.00000000 
1327.00000000 
374.00000000 
1354.00000000 
2049.00000000 
674.00000000 
6563.00000000 
639.00000000 
180.00000000 
2337.00000000 
1865.00000000 
2631.00000000 
8750.00000000 
2950.00000000 
7174.00000000 
2939.00000000 
3003.00000000 
6809.00000000 
23660.00000000 
6597.00000000 
4591.00000000 
8525.00000000 
6530.00000000 
1996.00000000 
13604.00000000 
8999.00000000 
182.00000000 
522.00000000 
1351.00000000 
1030.00000000 
2516.00000000 
331.00000000 
5525.00000000 
8547.00000000 
2855.00000000 
1525.00000000 
948.00000000 
4927.00000000 
5108.00000000 
1383.00000000 
3685.00000000 
17567.00000000 
140.00000000 
1266.00000000 
2017.00000000 
224.00000000 
1009.00000000 
3969.00000000 
702.00000000 
9583.00000000 
37.00000000 
5156.00000000 
2189.00000000 
1384.00000000 
2315.00000000 
39762.00000000 
396.00000000 
110.00000000 
159.00000000 
5673.00000000 
1266.00000000 
127.00000000 
282.00000000 
131.00000000 
988.00000000 
735.00000000 
466.00000000 
1171.00000000 
767.00000000 
393.00000000 
2443.00000000 
547.00000000 
386.00000000 
2611.00000000 
10158.00000000 
362.00000000 
1122.00000000 
935.00000000 
1747.00000000 
5179.00000000 
329.00000000 
1610.00000000 
1397.00000000 
1372.00000000 
1040.00000000 
652.00000000 
3449.00000000 
524.00000000 
1100.00000000 
5005.00000000 
705.00000000 
0.00000000 
344.00000000 
1254.00000000 
4299.00000000 
1773.00000000 
2786.00000000 
8268.00000000 
8625.00000000 
2449.00000000 
385.00000000 
121.00000000 
1096.00000000 
960.00000000 
1745.00000000 
7937.00000000 
2451.00000000 
9493.00000000 
3301.00000000 
4548.00000000 
1340.00000000 
4114.00000000 
9707.00000000 
4534.00000000 
627.00000000 
3253.00000000 
311.00000000 
3551.00000000 
300.00000000 
2935.00000000 
2962.00000000 
1513.00000000 
11156.00000000 
2416.00000000 
2485.00000000 
2979.00000000 
1296.00000000 
2343.00000000 
155.00000000 
414.00000000 
3326.00000000 
2089.00000000 
251.00000000 
2891.00000000 
6679.00000000 
630.00000000 
1310.00000000 
9990.00000000 
3187.00000000 
1906.00000000 
1139.00000000 
2221.00000000 
1075.00000000 
2195.00000000 
1629.00000000 
625.00000000 
180.00000000 
4464.00000000 
3754.00000000 
1906.00000000 
2341.00000000 
3047.00000000 
216.00000000 
924.00000000 
688.00000000 
1609.00000000 
330.00000000 
2562.00000000 
1072.00000000 
1486.00000000 
5157.00000000 
1027.00000000 
3169.00000000 
819.00000000 
695.00000000 
414.00000000 
135.00000000 
48.00000000 
203.00000000 
3241.00000000 
7057.00000000 
2399.00000000 
6205.00000000 
3609.00000000 
7737.00000000 
450.00000000 
12632.00000000 
1563.00000000 
5576.00000000 
5509.00000000 
9949.00000000 
10175.00000000 
4367.00000000 
4167.00000000 
458.00000000 
892.00000000 
1511.00000000 
1136.00000000 
1459.00000000 
1035.00000000 
988.00000000 
6569.00000000 
2483.00000000 
1000.00000000 
92.00000000 
747.00000000 
965.00000000 
1060.00000000 
588.00000000 
2498.00000000 
34.00000000 
813.00000000 
1207.00000000 
2393.00000000 
1312.00000000 
8748.00000000 
1709.00000000 
631.00000000 
137.00000000 
1441.00000000 
830.00000000 
499.00000000 
348.00000000 
1601.00000000 
892.00000000 
284.00000000 
317.00000000 
910.00000000 
78.00000000 
1845.00000000 
434.00000000 
568.00000000 
361.00000000 
3184.00000000 
14.00000000 
230.00000000 
5618.00000000 
3631.00000000 
1233.00000000 
150.00000000 
1686.00000000 
3123.00000000 
1841.00000000 
6901.00000000 
5336.00000000 
14243.00000000 
1210.00000000 
1823.00000000 
10553.00000000 
427.00000000 
371.00000000 
400.00000000 
155.00000000 
670.00000000 
1804.00000000 
2146.00000000 
1064.00000000 
213.00000000 
2496.00000000 
1727.00000000 
64.00000000 
2885.00000000 
410.00000000 
10069.00000000 
3668.00000000 
1900.00000000 
