0.00020069 
0.00020258 
0.00020229 
0.00019930 
0.00020106 
0.00020300 
0.00019905 
0.00019824 
0.00019994 
0.00019957 
0.00020000 
0.00019760 
0.00019495 
0.00019458 
0.00019452 
0.00019576 
0.00019700 
0.00019439 
0.00019496 
0.00019882 
0.00019800 
0.00019800 
0.00019700 
0.00019750 
0.00019656 
0.00019979 
0.00019690 
0.00019660 
0.00019501 
0.00019296 
0.00019483 
0.00019548 
0.00019589 
0.00019450 
0.00019740 
0.00019740 
0.00019789 
0.00019790 
0.00019737 
0.00019736 
0.00019988 
0.00019850 
0.00019648 
0.00019575 
0.00019384 
0.00019700 
0.00019610 
0.00019600 
0.00019592 
0.00019533 
0.00019550 
0.00019597 
0.00019546 
0.00019500 
0.00019462 
0.00019426 
0.00019449 
0.00019383 
0.00019334 
0.00019334 
0.00019200 
0.00019200 
0.00019200 
0.00019218 
0.00019099 
0.00019136 
0.00019145 
0.00019200 
0.00019058 
0.00019015 
0.00019169 
0.00018991 
0.00018991 
0.00018866 
0.00018785 
0.00018682 
0.00018641 
0.00018771 
0.00018432 
0.00018533 
0.00018400 
0.00018525 
0.00018641 
0.00018689 
0.00018904 
0.00019034 
0.00019044 
0.00018890 
0.00018869 
0.00019141 
0.00019161 
0.00019257 
0.00018900 
0.00018839 
0.00018850 
0.00018896 
0.00019004 
0.00019040 
0.00018801 
0.00018900 
0.00019377 
0.00019415 
0.00019448 
0.00019532 
0.00019679 
0.00019679 
0.00019531 
0.00019575 
0.00019531 
0.00019525 
0.00019731 
0.00019591 
0.00019600 
0.00019697 
0.00019606 
0.00019500 
0.00019600 
0.00019427 
0.00019040 
0.00019039 
0.00019390 
0.00019327 
0.00019500 
0.00019674 
0.00019839 
0.00020000 
0.00019600 
0.00019194 
0.00019265 
0.00019265 
0.00019197 
0.00019083 
0.00019097 
0.00019199 
0.00019340 
0.00018809 
0.00018800 
0.00018690 
0.00018647 
0.00018451 
0.00018325 
0.00018396 
0.00018323 
0.00018322 
0.00018441 
0.00018291 
0.00018563 
0.00018800 
0.00018949 
0.00018508 
0.00018371 
0.00018639 
0.00018898 
0.00018984 
0.00018860 
0.00018860 
0.00018757 
0.00018628 
0.00018090 
0.00018019 
0.00018099 
0.00018036 
0.00018001 
0.00018002 
0.00017855 
0.00017858 
0.00017890 
0.00017809 
0.00018286 
0.00018062 
0.00018220 
0.00017980 
0.00017908 
0.00018000 
0.00017764 
0.00017763 
0.00017797 
0.00017707 
0.00017784 
0.00017694 
0.00017625 
0.00017700 
0.00017701 
0.00017571 
0.00017513 
0.00017513 
0.00017422 
0.00017356 
0.00017347 
0.00017231 
0.00017131 
0.00017231 
0.00017121 
0.00017125 
0.00017008 
0.00016991 
0.00017074 
0.00017019 
0.00017028 
0.00017107 
0.00017158 
0.00017311 
0.00017315 
0.00017442 
0.00017324 
0.00017324 
0.00017333 
0.00017443 
0.00017336 
0.00017364 
0.00017360 
0.00017347 
0.00017358 
0.00017468 
0.00017275 
0.00017239 
0.00017267 
0.00017279 
0.00017300 
0.00017362 
0.00017500 
0.00017604 
0.00017604 
0.00017692 
0.00017694 
0.00017823 
0.00017839 
0.00017850 
0.00017941 
0.00017909 
0.00017945 
0.00017950 
0.00017656 
0.00017656 
0.00017732 
0.00017632 
0.00017832 
0.00017951 
0.00018004 
0.00018119 
0.00018037 
0.00018209 
0.00017223 
0.00017199 
0.00017221 
0.00017200 
0.00017029 
0.00017185 
0.00017210 
0.00017421 
0.00017687 
0.00017595 
0.00017545 
0.00017500 
0.00017487 
0.00017300 
0.00017247 
0.00017007 
0.00017328 
0.00017539 
0.00017639 
0.00017672 
0.00017918 
0.00017286 
0.00017325 
0.00017291 
0.00017092 
0.00017088 
0.00017055 
0.00017026 
0.00017004 
0.00016973 
0.00017007 
0.00017189 
0.00016966 
0.00016964 
0.00016962 
0.00016964 
0.00017123 
0.00017077 
0.00016652 
0.00016612 
0.00016612 
0.00016756 
0.00016761 
0.00016835 
0.00016842 
0.00016713 
0.00016761 
0.00016614 
0.00016755 
0.00016758 
0.00016738 
0.00016717 
0.00016838 
0.00016882 
0.00016881 
0.00016882 
0.00016882 
0.00016666 
0.00016818 
0.00016857 
0.00016725 
0.00016740 
0.00016838 
0.00016700 
0.00016875 
0.00016740 
0.00016944 
0.00017001 
0.00016945 
0.00016945 
0.00016945 
0.00016945 
0.00017008 
0.00017047 
0.00017047 
0.00017140 
0.00017052 
0.00017008 
0.00017048 
0.00016954 
0.00016860 
0.00016662 
0.00016564 
0.00016540 
0.00016540 
0.00016561 
0.00016623 
0.00016800 
0.00016598 
0.00016510 
0.00016510 
0.00016510 
0.00016545 
0.00016510 
0.00016510 
0.00016525 
0.00016528 
0.00016562 
0.00016717 
0.00016721 
0.00016700 
0.00016800 
0.00016961 
0.00016890 
0.00016950 
0.00017072 
0.00017072 
0.00017191 
0.00017072 
0.00017072 
0.00017071 
0.00017082 
0.00017072 
0.00017077 
0.00017034 
0.00016997 
0.00017216 
0.00016993 
0.00017050 
0.00017120 
0.00017111 
0.00017091 
0.00017040 
0.00017121 
0.00017000 
0.00017000 
0.00017000 
0.00017081 
0.00017231 
0.00017065 
0.00017066 
0.00017230 
0.00017314 
0.00017243 
0.00017372 
0.00017498 
0.00017628 
0.00017508 
0.00017227 
0.00017227 
0.00017236 
0.00017123 
0.00017076 
0.00017123 
0.00017067 
0.00017551 
0.00017577 
0.00017618 
0.00017577 
0.00017572 
0.00017714 
0.00017722 
0.00017562 
0.00017700 
0.00017987 
0.00017942 
0.00018041 
0.00018308 
0.00018241 
0.00018500 
0.00018349 
0.00018500 
0.00018981 
0.00019056 
0.00018613 
0.00018371 
0.00018727 
0.00018727 
0.00018500 
0.00018529 
0.00018647 
0.00018649 
0.00018648 
0.00018526 
0.00018752 
0.00018615 
0.00018606 
0.00018604 
0.00018667 
0.00018547 
0.00018546 
0.00018543 
0.00018598 
0.00018606 
0.00018560 
0.00018382 
0.00018342 
0.00018202 
0.00018059 
0.00018145 
0.00018100 
0.00018146 
0.00018147 
0.00018024 
0.00018024 
0.00018125 
0.00018149 
0.00018103 
0.00018103 
0.00018081 
0.00017878 
0.00017860 
0.00018098 
0.00017943 
0.00018019 
0.00017943 
0.00017949 
0.00017943 
0.00017949 
0.00017826 
0.00017942 
0.00017942 
0.00017944 
0.00017948 
0.00017975 
0.00018049 
0.00018044 
0.00018000 
0.00018270 
0.00018300 
0.00018385 
0.00018775 
0.00018775 
0.00018792 
0.00018987 
0.00018897 
0.00018898 
0.00018893 
0.00018644 
0.00018728 
0.00018736 
0.00018698 
0.00018837 
0.00018850 
0.00018698 
0.00018731 
0.00018983 
0.00018668 
0.00020069 
0.00020258 
0.00020229 
0.00019930 
0.00020106 
0.00020300 
0.00019905 
0.00019824 
0.00019994 
0.00019957 
0.00020000 
0.00019760 
0.00019495 
0.00019458 
0.00019452 
0.00019576 
0.00019700 
0.00019439 
0.00019496 
0.00019882 
0.00019800 
0.00019800 
0.00019700 
0.00019750 
0.00019656 
0.00019979 
0.00019690 
0.00019660 
0.00019501 
0.00019296 
0.00019483 
0.00019548 
0.00019589 
0.00019450 
0.00019740 
0.00019740 
0.00019789 
0.00019790 
0.00019737 
0.00019736 
0.00019988 
0.00019850 
0.00019648 
0.00019575 
0.00019384 
0.00019700 
0.00019610 
0.00019600 
0.00019592 
0.00019533 
0.00019550 
0.00019597 
0.00019546 
0.00019500 
0.00019462 
0.00019426 
0.00019449 
0.00019383 
0.00019334 
0.00019334 
0.00019200 
0.00019200 
0.00019200 
0.00019218 
0.00019099 
0.00019136 
0.00019145 
0.00019200 
0.00019058 
0.00019015 
0.00019169 
0.00018991 
0.00018991 
0.00018866 
0.00018785 
0.00018682 
0.00018641 
0.00018771 
0.00018432 
0.00018533 
0.00018400 
0.00018525 
0.00018641 
0.00018689 
0.00018904 
0.00019034 
0.00019044 
0.00018890 
0.00018869 
0.00019141 
0.00019161 
0.00019257 
0.00018900 
0.00018839 
0.00018850 
0.00018896 
0.00019004 
0.00019040 
0.00018801 
0.00018900 
0.00019377 
0.00019415 
0.00019448 
0.00019532 
0.00019679 
0.00019679 
0.00019531 
0.00019575 
0.00019531 
0.00019525 
0.00019731 
0.00019591 
0.00019600 
0.00019697 
0.00019606 
0.00019500 
0.00019600 
0.00019427 
0.00019040 
0.00019039 
0.00019390 
0.00019327 
0.00019500 
0.00019674 
0.00019839 
0.00020000 
0.00019600 
0.00019194 
0.00019265 
0.00019265 
0.00019197 
0.00019083 
0.00019097 
0.00019199 
0.00019340 
0.00018809 
0.00018800 
0.00018690 
0.00018647 
0.00018451 
0.00018325 
0.00018396 
0.00018323 
0.00018322 
0.00018441 
0.00018291 
0.00018563 
0.00018800 
0.00018949 
0.00018508 
0.00018371 
0.00018639 
0.00018898 
0.00018984 
0.00018860 
0.00018860 
0.00018757 
0.00018628 
0.00018090 
0.00018019 
0.00018099 
0.00018036 
0.00018001 
0.00018002 
0.00017855 
0.00017858 
0.00017890 
0.00017809 
0.00018286 
0.00018062 
0.00018220 
0.00017980 
0.00017908 
0.00018000 
0.00017764 
0.00017763 
0.00017797 
0.00017707 
0.00017784 
0.00017694 
0.00017625 
0.00017700 
0.00017701 
0.00017571 
0.00017513 
0.00017513 
0.00017422 
0.00017356 
0.00017347 
0.00017231 
0.00017131 
0.00017231 
0.00017121 
0.00017125 
0.00017008 
0.00016991 
0.00017074 
0.00017019 
0.00017028 
0.00017107 
0.00017158 
0.00017311 
0.00017315 
0.00017442 
0.00017324 
0.00017324 
0.00017333 
0.00017443 
0.00017336 
0.00017364 
0.00017360 
0.00017347 
0.00017358 
0.00017468 
0.00017275 
0.00017239 
0.00017267 
0.00017279 
0.00017300 
0.00017362 
0.00017500 
0.00017604 
0.00017604 
0.00017692 
0.00017694 
0.00017823 
0.00017839 
0.00017850 
0.00017941 
0.00017909 
0.00017945 
0.00017950 
0.00017656 
0.00017656 
0.00017732 
0.00017632 
0.00017832 
0.00017951 
0.00018004 
0.00018119 
0.00018037 
0.00018209 
0.00017223 
0.00017199 
0.00017221 
0.00017200 
0.00017029 
0.00017185 
0.00017210 
0.00017421 
0.00017687 
0.00017595 
0.00017545 
0.00017500 
0.00017487 
0.00017300 
0.00017247 
0.00017007 
0.00017328 
0.00017539 
0.00017639 
0.00017672 
0.00017918 
0.00017286 
0.00017325 
0.00017291 
0.00017092 
0.00017088 
0.00017055 
0.00017026 
0.00017004 
0.00016973 
0.00017007 
0.00017189 
0.00016966 
0.00016964 
0.00016962 
0.00016964 
0.00017123 
0.00017077 
0.00016652 
0.00016612 
0.00016612 
0.00016756 
0.00016761 
0.00016835 
0.00016842 
0.00016713 
0.00016761 
0.00016614 
0.00016755 
0.00016758 
0.00016738 
0.00016717 
0.00016838 
0.00016882 
0.00016881 
0.00016882 
0.00016882 
0.00016666 
0.00016818 
0.00016857 
0.00016725 
0.00016740 
0.00016838 
0.00016700 
0.00016875 
0.00016740 
0.00016944 
0.00017001 
0.00016945 
0.00016945 
0.00016945 
0.00016945 
0.00017008 
0.00017047 
0.00017047 
0.00017140 
0.00017052 
0.00017008 
0.00017048 
0.00016954 
0.00016860 
0.00016662 
0.00016564 
0.00016540 
0.00016540 
0.00016561 
0.00016623 
0.00016800 
0.00016598 
0.00016510 
0.00016510 
0.00016510 
0.00016545 
0.00016510 
0.00016510 
0.00016525 
0.00016528 
0.00016562 
0.00016717 
0.00016721 
0.00016700 
0.00016800 
0.00016961 
0.00016890 
0.00016950 
0.00017072 
0.00017072 
0.00017191 
0.00017072 
0.00017072 
0.00017071 
0.00017082 
0.00017072 
0.00017077 
0.00017034 
0.00016997 
0.00017216 
0.00016993 
0.00017050 
0.00017120 
0.00017111 
0.00017091 
0.00017040 
0.00017121 
0.00017000 
0.00017000 
0.00017000 
0.00017081 
0.00017231 
0.00017065 
0.00017066 
0.00017230 
0.00017314 
0.00017243 
0.00017372 
0.00017498 
0.00017628 
0.00017508 
0.00017227 
0.00017227 
0.00017236 
0.00017123 
0.00017076 
0.00017123 
0.00017067 
0.00017551 
0.00017577 
0.00017618 
0.00017577 
0.00017572 
0.00017714 
0.00017722 
0.00017562 
0.00017700 
0.00017987 
0.00017942 
0.00018041 
0.00018308 
0.00018241 
0.00018500 
0.00018349 
0.00018500 
0.00018981 
0.00019056 
0.00018613 
0.00018371 
0.00018727 
0.00018727 
0.00018500 
0.00018529 
0.00018647 
0.00018649 
0.00018648 
0.00018526 
0.00018752 
0.00018615 
0.00018606 
0.00018604 
0.00018667 
0.00018547 
0.00018546 
0.00018543 
0.00018598 
0.00018606 
0.00018560 
0.00018382 
0.00018342 
0.00018202 
0.00018059 
0.00018145 
0.00018100 
0.00018146 
0.00018147 
0.00018024 
0.00018024 
0.00018125 
0.00018149 
0.00018103 
0.00018103 
0.00018081 
0.00017878 
0.00017860 
0.00018098 
0.00017943 
0.00018019 
0.00017943 
0.00017949 
0.00017943 
0.00017949 
0.00017826 
0.00017942 
0.00017942 
0.00017944 
0.00017948 
0.00017975 
0.00018049 
0.00018044 
0.00018000 
0.00018270 
0.00018300 
0.00018385 
0.00018775 
0.00018775 
0.00018792 
0.00018987 
0.00018897 
0.00018898 
0.00018893 
0.00018644 
0.00018728 
0.00018736 
0.00018698 
0.00018837 
0.00018850 
0.00018698 
0.00018731 
0.00018983 
0.00018668 
0.00020069 
0.00020258 
0.00020229 
0.00019930 
0.00020106 
0.00020300 
0.00019905 
0.00019824 
0.00019994 
0.00019957 
0.00020000 
0.00019760 
0.00019495 
0.00019458 
0.00019452 
0.00019576 
0.00019700 
0.00019439 
0.00019496 
0.00019882 
0.00019800 
0.00019800 
0.00019700 
0.00019750 
0.00019656 
0.00019979 
0.00019690 
0.00019660 
0.00019501 
0.00019296 
0.00019483 
0.00019548 
0.00019589 
0.00019450 
0.00019740 
0.00019740 
0.00019789 
0.00019790 
0.00019737 
0.00019736 
0.00019988 
0.00019850 
0.00019648 
0.00019575 
0.00019384 
0.00019700 
0.00019610 
0.00019600 
0.00019592 
0.00019533 
0.00019550 
0.00019597 
0.00019546 
0.00019500 
0.00019462 
0.00019426 
0.00019449 
0.00019383 
0.00019334 
0.00019334 
0.00019200 
0.00019200 
0.00019200 
0.00019218 
0.00019099 
0.00019136 
0.00019145 
0.00019200 
0.00019058 
0.00019015 
0.00019169 
0.00018991 
0.00018991 
0.00018866 
0.00018785 
0.00018682 
0.00018641 
0.00018771 
0.00018432 
0.00018533 
0.00018400 
0.00018525 
0.00018641 
0.00018689 
0.00018904 
0.00019034 
0.00019044 
0.00018890 
0.00018869 
0.00019141 
0.00019161 
0.00019257 
0.00018900 
0.00018839 
0.00018850 
0.00018896 
0.00019004 
0.00019040 
0.00018801 
0.00018900 
0.00019377 
0.00019415 
0.00019448 
0.00019532 
0.00019679 
0.00019679 
0.00019531 
0.00019575 
0.00019531 
0.00019525 
0.00019731 
0.00019591 
0.00019600 
0.00019697 
0.00019606 
0.00019500 
0.00019600 
0.00019427 
0.00019040 
0.00019039 
0.00019390 
0.00019327 
0.00019500 
0.00019674 
0.00019839 
0.00020000 
0.00019600 
0.00019194 
0.00019265 
0.00019265 
0.00019197 
0.00019083 
0.00019097 
0.00019199 
0.00019340 
0.00018809 
0.00018800 
0.00018690 
0.00018647 
0.00018451 
0.00018325 
0.00018396 
0.00018323 
0.00018322 
0.00018441 
0.00018291 
0.00018563 
0.00018800 
0.00018949 
0.00018508 
0.00018371 
0.00018639 
0.00018898 
0.00018984 
0.00018860 
0.00018860 
0.00018757 
0.00018628 
0.00018090 
0.00018019 
0.00018099 
0.00018036 
0.00018001 
0.00018002 
0.00017855 
0.00017858 
0.00017890 
0.00017809 
0.00018286 
0.00018062 
0.00018220 
0.00017980 
0.00017908 
0.00018000 
0.00017764 
0.00017763 
0.00017797 
0.00017707 
0.00017784 
0.00017694 
0.00017625 
0.00017700 
0.00017701 
0.00017571 
0.00017513 
0.00017513 
0.00017422 
0.00017356 
0.00017347 
0.00017231 
0.00017131 
0.00017231 
0.00017121 
0.00017125 
0.00017008 
0.00016991 
0.00017074 
0.00017019 
0.00017028 
0.00017107 
0.00017158 
0.00017311 
0.00017315 
0.00017442 
0.00017324 
0.00017324 
0.00017333 
0.00017443 
0.00017336 
0.00017364 
0.00017360 
0.00017347 
0.00017358 
0.00017468 
0.00017275 
0.00017239 
0.00017267 
0.00017279 
0.00017300 
0.00017362 
0.00017500 
0.00017604 
0.00017604 
0.00017692 
0.00017694 
0.00017823 
0.00017839 
0.00017850 
0.00017941 
0.00017909 
0.00017945 
0.00017950 
0.00017656 
0.00017656 
0.00017732 
0.00017632 
0.00017832 
0.00017951 
0.00018004 
0.00018119 
0.00018037 
0.00018209 
0.00017223 
0.00017199 
0.00017221 
0.00017200 
0.00017029 
0.00017185 
0.00017210 
0.00017421 
0.00017687 
0.00017595 
0.00017545 
0.00017500 
0.00017487 
0.00017300 
0.00017247 
0.00017007 
0.00017328 
0.00017539 
0.00017639 
0.00017672 
0.00017918 
0.00017286 
0.00017325 
0.00017291 
0.00017092 
0.00017088 
0.00017055 
0.00017026 
0.00017004 
0.00016973 
0.00017007 
0.00017189 
0.00016966 
0.00016964 
0.00016962 
0.00016964 
0.00017123 
0.00017077 
0.00016652 
0.00016612 
0.00016612 
0.00016756 
0.00016761 
0.00016835 
0.00016842 
0.00016713 
0.00016761 
0.00016614 
0.00016755 
0.00016758 
0.00016738 
0.00016717 
0.00016838 
0.00016882 
0.00016881 
0.00016882 
0.00016882 
0.00016666 
0.00016818 
0.00016857 
0.00016725 
0.00016740 
0.00016838 
0.00016700 
0.00016875 
0.00016740 
0.00016944 
0.00017001 
0.00016945 
0.00016945 
0.00016945 
0.00016945 
0.00017008 
0.00017047 
0.00017047 
0.00017140 
0.00017052 
0.00017008 
0.00017048 
0.00016954 
0.00016860 
0.00016662 
0.00016564 
0.00016540 
0.00016540 
0.00016561 
0.00016623 
0.00016800 
0.00016598 
0.00016510 
0.00016510 
0.00016510 
0.00016545 
0.00016510 
0.00016510 
0.00016525 
0.00016528 
0.00016562 
0.00016717 
0.00016721 
0.00016700 
0.00016800 
0.00016961 
0.00016890 
0.00016950 
0.00017072 
0.00017072 
0.00017191 
0.00017072 
0.00017072 
0.00017071 
0.00017082 
0.00017072 
0.00017077 
0.00017034 
0.00016997 
0.00017216 
0.00016993 
0.00017050 
0.00017120 
0.00017111 
0.00017091 
0.00017040 
0.00017121 
0.00017000 
0.00017000 
0.00017000 
0.00017081 
0.00017231 
0.00017065 
0.00017066 
0.00017230 
0.00017314 
0.00017243 
0.00017372 
0.00017498 
0.00017628 
0.00017508 
0.00017227 
0.00017227 
0.00017236 
0.00017123 
0.00017076 
0.00017123 
0.00017067 
0.00017551 
0.00017577 
0.00017618 
0.00017577 
0.00017572 
0.00017714 
0.00017722 
0.00017562 
0.00017700 
0.00017987 
0.00017942 
0.00018041 
0.00018308 
0.00018241 
0.00018500 
0.00018349 
0.00018500 
0.00018981 
0.00019056 
0.00018613 
0.00018371 
0.00018727 
0.00018727 
0.00018500 
0.00018529 
0.00018647 
0.00018649 
0.00018648 
0.00018526 
0.00018752 
0.00018615 
0.00018606 
0.00018604 
0.00018667 
0.00018547 
0.00018546 
0.00018543 
0.00018598 
0.00018606 
0.00018560 
0.00018382 
0.00018342 
0.00018202 
0.00018059 
0.00018145 
0.00018100 
0.00018146 
0.00018147 
0.00018024 
0.00018024 
0.00018125 
0.00018149 
0.00018103 
0.00018103 
0.00018081 
0.00017878 
0.00017860 
0.00018098 
0.00017943 
0.00018019 
0.00017943 
0.00017949 
0.00017943 
0.00017949 
0.00017826 
0.00017942 
0.00017942 
0.00017944 
0.00017948 
0.00017975 
0.00018049 
0.00018044 
0.00018000 
0.00018270 
0.00018300 
0.00018385 
0.00018775 
0.00018775 
0.00018792 
0.00018987 
0.00018897 
0.00018898 
0.00018893 
0.00018644 
0.00018728 
0.00018736 
0.00018698 
0.00018837 
0.00018850 
0.00018698 
0.00018731 
0.00018983 
0.00018668 
