0.00065200 
0.00065110 
0.00064690 
0.00064960 
0.00064500 
0.00064760 
0.00064960 
0.00064980 
0.00064960 
0.00064980 
0.00064990 
0.00065000 
0.00064920 
0.00064790 
0.00064720 
0.00064700 
0.00064940 
0.00064550 
0.00064660 
0.00064660 
0.00065000 
0.00065210 
0.00064790 
0.00064530 
0.00065080 
0.00064420 
0.00064970 
0.00064910 
0.00065020 
0.00064860 
0.00065200 
0.00065200 
0.00065260 
0.00064890 
0.00065380 
0.00065400 
0.00065420 
0.00065270 
0.00065100 
0.00064700 
0.00064510 
0.00064500 
0.00064380 
0.00064330 
0.00064460 
0.00064400 
0.00064400 
0.00064560 
0.00064560 
0.00064900 
0.00064630 
0.00065210 
0.00065300 
0.00065260 
0.00065300 
0.00065300 
0.00065520 
0.00065600 
0.00065460 
0.00065020 
0.00065120 
0.00065010 
0.00064740 
0.00064920 
0.00064880 
0.00064650 
0.00064670 
0.00064960 
0.00064790 
0.00064440 
0.00064360 
0.00064800 
0.00064800 
0.00064900 
0.00064630 
0.00064630 
0.00064460 
0.00064500 
0.00064250 
0.00063390 
0.00063160 
0.00063420 
0.00063330 
0.00063400 
0.00063450 
0.00063790 
0.00063700 
0.00063400 
0.00063900 
0.00063850 
0.00063650 
0.00063820 
0.00063700 
0.00063600 
0.00063410 
0.00063410 
0.00063410 
0.00063330 
0.00063200 
0.00063300 
0.00063320 
0.00063430 
0.00063120 
0.00063200 
0.00063400 
0.00063300 
0.00063100 
0.00063370 
0.00063610 
0.00063270 
0.00063410 
0.00063200 
0.00063300 
0.00063400 
0.00063900 
0.00063960 
0.00063800 
0.00063720 
0.00063380 
0.00063760 
0.00063700 
0.00063630 
0.00063930 
0.00063670 
0.00063670 
0.00063940 
0.00063980 
0.00063980 
0.00063840 
0.00063870 
0.00063870 
0.00063900 
0.00063700 
0.00063400 
0.00063170 
0.00063170 
0.00063200 
0.00063210 
0.00063400 
0.00063160 
0.00063450 
0.00063110 
0.00062450 
0.00062630 
0.00062690 
0.00062870 
0.00062940 
0.00062900 
0.00062750 
0.00062850 
0.00062640 
0.00063260 
0.00062300 
0.00062370 
0.00062770 
0.00062200 
0.00062920 
0.00062530 
0.00062240 
0.00062280 
0.00062070 
0.00061900 
0.00061780 
0.00061790 
0.00062250 
0.00062000 
0.00062000 
0.00061640 
0.00061620 
0.00062160 
0.00061880 
0.00061800 
0.00061300 
0.00061170 
0.00060580 
0.00060550 
0.00060700 
0.00059910 
0.00060080 
0.00060710 
0.00060510 
0.00060500 
0.00060150 
0.00059990 
0.00060110 
0.00060200 
0.00059990 
0.00060020 
0.00060010 
0.00059850 
0.00060020 
0.00060020 
0.00059980 
0.00059990 
0.00059810 
0.00059800 
0.00059800 
0.00060000 
0.00059690 
0.00059650 
0.00059640 
0.00059700 
0.00059890 
0.00059980 
0.00060000 
0.00060010 
0.00060000 
0.00060010 
0.00060000 
0.00060000 
0.00060000 
0.00060000 
0.00060000 
0.00060020 
0.00059970 
0.00059930 
0.00060170 
0.00060120 
0.00060020 
0.00060030 
0.00060020 
0.00060030 
0.00060260 
0.00060550 
0.00060290 
0.00059880 
0.00060170 
0.00060080 
0.00059860 
0.00059900 
0.00060120 
0.00059900 
0.00059870 
0.00059870 
0.00060250 
0.00060250 
0.00060130 
0.00060540 
0.00061070 
0.00060980 
0.00060720 
0.00060840 
0.00060670 
0.00060640 
0.00060420 
0.00060910 
0.00060810 
0.00060830 
0.00060440 
0.00060140 
0.00060030 
0.00060040 
0.00059790 
0.00059830 
0.00059810 
0.00059900 
0.00059780 
0.00059310 
0.00059300 
0.00059250 
0.00059740 
0.00059900 
0.00059570 
0.00059360 
0.00059650 
0.00059500 
0.00059310 
0.00059130 
0.00058950 
0.00058960 
0.00059040 
0.00059090 
0.00059000 
0.00059100 
0.00059090 
0.00059100 
0.00058990 
0.00058750 
0.00059010 
0.00058880 
0.00058940 
0.00058920 
0.00059300 
0.00059150 
0.00059280 
0.00059130 
0.00059430 
0.00059480 
0.00059530 
0.00059230 
0.00059200 
0.00059200 
0.00059090 
0.00058980 
0.00058760 
0.00059020 
0.00059280 
0.00058950 
0.00058750 
0.00058870 
0.00058940 
0.00058900 
0.00058990 
0.00058870 
0.00058750 
0.00058750 
0.00058640 
0.00058790 
0.00059030 
0.00059110 
0.00059250 
0.00059200 
0.00059270 
0.00059820 
0.00060090 
0.00060000 
0.00060080 
0.00059900 
0.00059860 
0.00060090 
0.00059330 
0.00058880 
0.00058740 
0.00058610 
0.00058900 
0.00058990 
0.00058980 
0.00058670 
0.00059160 
0.00059160 
0.00058780 
0.00059120 
0.00060100 
0.00059560 
0.00060090 
0.00060030 
0.00059860 
0.00060000 
0.00060350 
0.00060000 
0.00060080 
0.00060450 
0.00060480 
0.00060400 
0.00060350 
0.00060440 
0.00060740 
0.00060500 
0.00060200 
0.00060200 
0.00060460 
0.00060460 
0.00060500 
0.00060690 
0.00061080 
0.00060920 
0.00060720 
0.00060820 
0.00061020 
0.00060690 
0.00060690 
0.00060690 
0.00060690 
0.00060690 
0.00060700 
0.00061030 
0.00060970 
0.00061040 
0.00060750 
0.00060760 
0.00061090 
0.00060790 
0.00060770 
0.00060890 
0.00060890 
0.00060850 
0.00061050 
0.00061090 
0.00061060 
0.00061100 
0.00060700 
0.00061400 
0.00061540 
0.00061230 
0.00061090 
0.00061230 
0.00061230 
0.00061490 
0.00061540 
0.00061890 
0.00061890 
0.00061890 
0.00061890 
0.00061890 
0.00062050 
0.00062240 
0.00062000 
0.00062300 
0.00062170 
0.00062440 
0.00063000 
0.00063300 
0.00062620 
0.00063070 
0.00062870 
0.00062880 
0.00062550 
0.00062550 
0.00062860 
0.00062900 
0.00063280 
0.00062510 
0.00062340 
0.00063300 
0.00063300 
0.00063310 
0.00063690 
0.00062790 
0.00063000 
0.00062590 
0.00063180 
0.00063200 
0.00063160 
0.00063010 
0.00063570 
0.00063690 
0.00063840 
0.00063550 
0.00063500 
0.00063710 
0.00064040 
0.00063920 
0.00064360 
0.00063560 
0.00063970 
0.00063680 
0.00064060 
0.00064200 
0.00064290 
0.00063840 
0.00063890 
0.00064000 
0.00064000 
0.00064000 
0.00063960 
0.00064000 
0.00064050 
0.00064120 
0.00064040 
0.00064350 
0.00064360 
0.00064170 
0.00063870 
0.00063890 
0.00063910 
0.00064360 
0.00064330 
0.00063550 
0.00063800 
0.00064330 
0.00063700 
0.00063470 
0.00064620 
0.00064510 
0.00065020 
0.00065010 
0.00065000 
0.00064940 
0.00064840 
0.00064940 
0.00064890 
0.00064950 
0.00065010 
0.00065000 
0.00064710 
0.00064380 
0.00064280 
0.00063820 
0.00064930 
0.00064650 
0.00065200 
0.00065110 
0.00064690 
0.00064960 
0.00064500 
0.00064760 
0.00064960 
0.00064980 
0.00064960 
0.00064980 
0.00064990 
0.00065000 
0.00064920 
0.00064790 
0.00064720 
0.00064700 
0.00064940 
0.00064550 
0.00064660 
0.00064660 
0.00065000 
0.00065210 
0.00064790 
0.00064530 
0.00065080 
0.00064420 
0.00064970 
0.00064910 
0.00065020 
0.00064860 
0.00065200 
0.00065200 
0.00065260 
0.00064890 
0.00065380 
0.00065400 
0.00065420 
0.00065270 
0.00065100 
0.00064700 
0.00064510 
0.00064500 
0.00064380 
0.00064330 
0.00064460 
0.00064400 
0.00064400 
0.00064560 
0.00064560 
0.00064900 
0.00064630 
0.00065210 
0.00065300 
0.00065260 
0.00065300 
0.00065300 
0.00065520 
0.00065600 
0.00065460 
0.00065020 
0.00065120 
0.00065010 
0.00064740 
0.00064920 
0.00064880 
0.00064650 
0.00064670 
0.00064960 
0.00064790 
0.00064440 
0.00064360 
0.00064800 
0.00064800 
0.00064900 
0.00064630 
0.00064630 
0.00064460 
0.00064500 
0.00064250 
0.00063390 
0.00063160 
0.00063420 
0.00063330 
0.00063400 
0.00063450 
0.00063790 
0.00063700 
0.00063400 
0.00063900 
0.00063850 
0.00063650 
0.00063820 
0.00063700 
0.00063600 
0.00063410 
0.00063410 
0.00063410 
0.00063330 
0.00063200 
0.00063300 
0.00063320 
0.00063430 
0.00063120 
0.00063200 
0.00063400 
0.00063300 
0.00063100 
0.00063370 
0.00063610 
0.00063270 
0.00063410 
0.00063200 
0.00063300 
0.00063400 
0.00063900 
0.00063960 
0.00063800 
0.00063720 
0.00063380 
0.00063760 
0.00063700 
0.00063630 
0.00063930 
0.00063670 
0.00063670 
0.00063940 
0.00063980 
0.00063980 
0.00063840 
0.00063870 
0.00063870 
0.00063900 
0.00063700 
0.00063400 
0.00063170 
0.00063170 
0.00063200 
0.00063210 
0.00063400 
0.00063160 
0.00063450 
0.00063110 
0.00062450 
0.00062630 
0.00062690 
0.00062870 
0.00062940 
0.00062900 
0.00062750 
0.00062850 
0.00062640 
0.00063260 
0.00062300 
0.00062370 
0.00062770 
0.00062200 
0.00062920 
0.00062530 
0.00062240 
0.00062280 
0.00062070 
0.00061900 
0.00061780 
0.00061790 
0.00062250 
0.00062000 
0.00062000 
0.00061640 
0.00061620 
0.00062160 
0.00061880 
0.00061800 
0.00061300 
0.00061170 
0.00060580 
0.00060550 
0.00060700 
0.00059910 
0.00060080 
0.00060710 
0.00060510 
0.00060500 
0.00060150 
0.00059990 
0.00060110 
0.00060200 
0.00059990 
0.00060020 
0.00060010 
0.00059850 
0.00060020 
0.00060020 
0.00059980 
0.00059990 
0.00059810 
0.00059800 
0.00059800 
0.00060000 
0.00059690 
0.00059650 
0.00059640 
0.00059700 
0.00059890 
0.00059980 
0.00060000 
0.00060010 
0.00060000 
0.00060010 
0.00060000 
0.00060000 
0.00060000 
0.00060000 
0.00060000 
0.00060020 
0.00059970 
0.00059930 
0.00060170 
0.00060120 
0.00060020 
0.00060030 
0.00060020 
0.00060030 
0.00060260 
0.00060550 
0.00060290 
0.00059880 
0.00060170 
0.00060080 
0.00059860 
0.00059900 
0.00060120 
0.00059900 
0.00059870 
0.00059870 
0.00060250 
0.00060250 
0.00060130 
0.00060540 
0.00061070 
0.00060980 
0.00060720 
0.00060840 
0.00060670 
0.00060640 
0.00060420 
0.00060910 
0.00060810 
0.00060830 
0.00060440 
0.00060140 
0.00060030 
0.00060040 
0.00059790 
0.00059830 
0.00059810 
0.00059900 
0.00059780 
0.00059310 
0.00059300 
0.00059250 
0.00059740 
0.00059900 
0.00059570 
0.00059360 
0.00059650 
0.00059500 
0.00059310 
0.00059130 
0.00058950 
0.00058960 
0.00059040 
0.00059090 
0.00059000 
0.00059100 
0.00059090 
0.00059100 
0.00058990 
0.00058750 
0.00059010 
0.00058880 
0.00058940 
0.00058920 
0.00059300 
0.00059150 
0.00059280 
0.00059130 
0.00059430 
0.00059480 
0.00059530 
0.00059230 
0.00059200 
0.00059200 
0.00059090 
0.00058980 
0.00058760 
0.00059020 
0.00059280 
0.00058950 
0.00058750 
0.00058870 
0.00058940 
0.00058900 
0.00058990 
0.00058870 
0.00058750 
0.00058750 
0.00058640 
0.00058790 
0.00059030 
0.00059110 
0.00059250 
0.00059200 
0.00059270 
0.00059820 
0.00060090 
0.00060000 
0.00060080 
0.00059900 
0.00059860 
0.00060090 
0.00059330 
0.00058880 
0.00058740 
0.00058610 
0.00058900 
0.00058990 
0.00058980 
0.00058670 
0.00059160 
0.00059160 
0.00058780 
0.00059120 
0.00060100 
0.00059560 
0.00060090 
0.00060030 
0.00059860 
0.00060000 
0.00060350 
0.00060000 
0.00060080 
0.00060450 
0.00060480 
0.00060400 
0.00060350 
0.00060440 
0.00060740 
0.00060500 
0.00060200 
0.00060200 
0.00060460 
0.00060460 
0.00060500 
0.00060690 
0.00061080 
0.00060920 
0.00060720 
0.00060820 
0.00061020 
0.00060690 
0.00060690 
0.00060690 
0.00060690 
0.00060690 
0.00060700 
0.00061030 
0.00060970 
0.00061040 
0.00060750 
0.00060760 
0.00061090 
0.00060790 
0.00060770 
0.00060890 
0.00060890 
0.00060850 
0.00061050 
0.00061090 
0.00061060 
0.00061100 
0.00060700 
0.00061400 
0.00061540 
0.00061230 
0.00061090 
0.00061230 
0.00061230 
0.00061490 
0.00061540 
0.00061890 
0.00061890 
0.00061890 
0.00061890 
0.00061890 
0.00062050 
0.00062240 
0.00062000 
0.00062300 
0.00062170 
0.00062440 
0.00063000 
0.00063300 
0.00062620 
0.00063070 
0.00062870 
0.00062880 
0.00062550 
0.00062550 
0.00062860 
0.00062900 
0.00063280 
0.00062510 
0.00062340 
0.00063300 
0.00063300 
0.00063310 
0.00063690 
0.00062790 
0.00063000 
0.00062590 
0.00063180 
0.00063200 
0.00063160 
0.00063010 
0.00063570 
0.00063690 
0.00063840 
0.00063550 
0.00063500 
0.00063710 
0.00064040 
0.00063920 
0.00064360 
0.00063560 
0.00063970 
0.00063680 
0.00064060 
0.00064200 
0.00064290 
0.00063840 
0.00063890 
0.00064000 
0.00064000 
0.00064000 
0.00063960 
0.00064000 
0.00064050 
0.00064120 
0.00064040 
0.00064350 
0.00064360 
0.00064170 
0.00063870 
0.00063890 
0.00063910 
0.00064360 
0.00064330 
0.00063550 
0.00063800 
0.00064330 
0.00063700 
0.00063470 
0.00064620 
0.00064510 
0.00065020 
0.00065010 
0.00065000 
0.00064940 
0.00064840 
0.00064940 
0.00064890 
0.00064950 
0.00065010 
0.00065000 
0.00064710 
0.00064380 
0.00064280 
0.00063820 
0.00064930 
0.00064650 
0.00065200 
0.00065110 
0.00064690 
0.00064960 
0.00064500 
0.00064760 
0.00064960 
0.00064980 
0.00064960 
0.00064980 
0.00064990 
0.00065000 
0.00064920 
0.00064790 
0.00064720 
0.00064700 
0.00064940 
0.00064550 
0.00064660 
0.00064660 
0.00065000 
0.00065210 
0.00064790 
0.00064530 
0.00065080 
0.00064420 
0.00064970 
0.00064910 
0.00065020 
0.00064860 
0.00065200 
0.00065200 
0.00065260 
0.00064890 
0.00065380 
0.00065400 
0.00065420 
0.00065270 
0.00065100 
0.00064700 
0.00064510 
0.00064500 
0.00064380 
0.00064330 
0.00064460 
0.00064400 
0.00064400 
0.00064560 
0.00064560 
0.00064900 
0.00064630 
0.00065210 
0.00065300 
0.00065260 
0.00065300 
0.00065300 
0.00065520 
0.00065600 
0.00065460 
0.00065020 
0.00065120 
0.00065010 
0.00064740 
0.00064920 
0.00064880 
0.00064650 
0.00064670 
0.00064960 
0.00064790 
0.00064440 
0.00064360 
0.00064800 
0.00064800 
0.00064900 
0.00064630 
0.00064630 
0.00064460 
0.00064500 
0.00064250 
0.00063390 
0.00063160 
0.00063420 
0.00063330 
0.00063400 
0.00063450 
0.00063790 
0.00063700 
0.00063400 
0.00063900 
0.00063850 
0.00063650 
0.00063820 
0.00063700 
0.00063600 
0.00063410 
0.00063410 
0.00063410 
0.00063330 
0.00063200 
0.00063300 
0.00063320 
0.00063430 
0.00063120 
0.00063200 
0.00063400 
0.00063300 
0.00063100 
0.00063370 
0.00063610 
0.00063270 
0.00063410 
0.00063200 
0.00063300 
0.00063400 
0.00063900 
0.00063960 
0.00063800 
0.00063720 
0.00063380 
0.00063760 
0.00063700 
0.00063630 
0.00063930 
0.00063670 
0.00063670 
0.00063940 
0.00063980 
0.00063980 
0.00063840 
0.00063870 
0.00063870 
0.00063900 
0.00063700 
0.00063400 
0.00063170 
0.00063170 
0.00063200 
0.00063210 
0.00063400 
0.00063160 
0.00063450 
0.00063110 
0.00062450 
0.00062630 
0.00062690 
0.00062870 
0.00062940 
0.00062900 
0.00062750 
0.00062850 
0.00062640 
0.00063260 
0.00062300 
0.00062370 
0.00062770 
0.00062200 
0.00062920 
0.00062530 
0.00062240 
0.00062280 
0.00062070 
0.00061900 
0.00061780 
0.00061790 
0.00062250 
0.00062000 
0.00062000 
0.00061640 
0.00061620 
0.00062160 
0.00061880 
0.00061800 
0.00061300 
0.00061170 
0.00060580 
0.00060550 
0.00060700 
0.00059910 
0.00060080 
0.00060710 
0.00060510 
0.00060500 
0.00060150 
0.00059990 
0.00060110 
0.00060200 
0.00059990 
0.00060020 
0.00060010 
0.00059850 
0.00060020 
0.00060020 
0.00059980 
0.00059990 
0.00059810 
0.00059800 
0.00059800 
0.00060000 
0.00059690 
0.00059650 
0.00059640 
0.00059700 
0.00059890 
0.00059980 
0.00060000 
0.00060010 
0.00060000 
0.00060010 
0.00060000 
0.00060000 
0.00060000 
0.00060000 
0.00060000 
0.00060020 
0.00059970 
0.00059930 
0.00060170 
0.00060120 
0.00060020 
0.00060030 
0.00060020 
0.00060030 
0.00060260 
0.00060550 
0.00060290 
0.00059880 
0.00060170 
0.00060080 
0.00059860 
0.00059900 
0.00060120 
0.00059900 
0.00059870 
0.00059870 
0.00060250 
0.00060250 
0.00060130 
0.00060540 
0.00061070 
0.00060980 
0.00060720 
0.00060840 
0.00060670 
0.00060640 
0.00060420 
0.00060910 
0.00060810 
0.00060830 
0.00060440 
0.00060140 
0.00060030 
0.00060040 
0.00059790 
0.00059830 
0.00059810 
0.00059900 
0.00059780 
0.00059310 
0.00059300 
0.00059250 
0.00059740 
0.00059900 
0.00059570 
0.00059360 
0.00059650 
0.00059500 
0.00059310 
0.00059130 
0.00058950 
0.00058960 
0.00059040 
0.00059090 
0.00059000 
0.00059100 
0.00059090 
0.00059100 
0.00058990 
0.00058750 
0.00059010 
0.00058880 
0.00058940 
0.00058920 
0.00059300 
0.00059150 
0.00059280 
0.00059130 
0.00059430 
0.00059480 
0.00059530 
0.00059230 
0.00059200 
0.00059200 
0.00059090 
0.00058980 
0.00058760 
0.00059020 
0.00059280 
0.00058950 
0.00058750 
0.00058870 
0.00058940 
0.00058900 
0.00058990 
0.00058870 
0.00058750 
0.00058750 
0.00058640 
0.00058790 
0.00059030 
0.00059110 
0.00059250 
0.00059200 
0.00059270 
0.00059820 
0.00060090 
0.00060000 
0.00060080 
0.00059900 
0.00059860 
0.00060090 
0.00059330 
0.00058880 
0.00058740 
0.00058610 
0.00058900 
0.00058990 
0.00058980 
0.00058670 
0.00059160 
0.00059160 
0.00058780 
0.00059120 
0.00060100 
0.00059560 
0.00060090 
0.00060030 
0.00059860 
0.00060000 
0.00060350 
0.00060000 
0.00060080 
0.00060450 
0.00060480 
0.00060400 
0.00060350 
0.00060440 
0.00060740 
0.00060500 
0.00060200 
0.00060200 
0.00060460 
0.00060460 
0.00060500 
0.00060690 
0.00061080 
0.00060920 
0.00060720 
0.00060820 
0.00061020 
0.00060690 
0.00060690 
0.00060690 
0.00060690 
0.00060690 
0.00060700 
0.00061030 
0.00060970 
0.00061040 
0.00060750 
0.00060760 
0.00061090 
0.00060790 
0.00060770 
0.00060890 
0.00060890 
0.00060850 
0.00061050 
0.00061090 
0.00061060 
0.00061100 
0.00060700 
0.00061400 
0.00061540 
0.00061230 
0.00061090 
0.00061230 
0.00061230 
0.00061490 
0.00061540 
0.00061890 
0.00061890 
0.00061890 
0.00061890 
0.00061890 
0.00062050 
0.00062240 
0.00062000 
0.00062300 
0.00062170 
0.00062440 
0.00063000 
0.00063300 
0.00062620 
0.00063070 
0.00062870 
0.00062880 
0.00062550 
0.00062550 
0.00062860 
0.00062900 
0.00063280 
0.00062510 
0.00062340 
0.00063300 
0.00063300 
0.00063310 
0.00063690 
0.00062790 
0.00063000 
0.00062590 
0.00063180 
0.00063200 
0.00063160 
0.00063010 
0.00063570 
0.00063690 
0.00063840 
0.00063550 
0.00063500 
0.00063710 
0.00064040 
0.00063920 
0.00064360 
0.00063560 
0.00063970 
0.00063680 
0.00064060 
0.00064200 
0.00064290 
0.00063840 
0.00063890 
0.00064000 
0.00064000 
0.00064000 
0.00063960 
0.00064000 
0.00064050 
0.00064120 
0.00064040 
0.00064350 
0.00064360 
0.00064170 
0.00063870 
0.00063890 
0.00063910 
0.00064360 
0.00064330 
0.00063550 
0.00063800 
0.00064330 
0.00063700 
0.00063470 
0.00064620 
0.00064510 
0.00065020 
0.00065010 
0.00065000 
0.00064940 
0.00064840 
0.00064940 
0.00064890 
0.00064950 
0.00065010 
0.00065000 
0.00064710 
0.00064380 
0.00064280 
0.00063820 
0.00064930 
0.00064650 
