0.00065120 
0.00064690 
0.00064950 
0.00064740 
0.00064530 
0.00064650 
0.00064960 
0.00064960 
0.00064560 
0.00064790 
0.00065000 
0.00065130 
0.00064790 
0.00064720 
0.00064600 
0.00064550 
0.00064520 
0.00064650 
0.00064660 
0.00065200 
0.00065200 
0.00064590 
0.00064750 
0.00064770 
0.00064410 
0.00064960 
0.00064850 
0.00065020 
0.00064910 
0.00065200 
0.00065200 
0.00065020 
0.00064900 
0.00065290 
0.00065400 
0.00065390 
0.00065140 
0.00065100 
0.00064700 
0.00064740 
0.00064500 
0.00064380 
0.00064330 
0.00064460 
0.00064500 
0.00064450 
0.00064560 
0.00064560 
0.00064880 
0.00064640 
0.00065210 
0.00065300 
0.00065340 
0.00065320 
0.00065300 
0.00065220 
0.00065510 
0.00065460 
0.00065210 
0.00065020 
0.00065020 
0.00064790 
0.00064600 
0.00064870 
0.00064860 
0.00064920 
0.00064970 
0.00064480 
0.00064450 
0.00064360 
0.00064800 
0.00064700 
0.00064920 
0.00064800 
0.00064630 
0.00064500 
0.00064500 
0.00064300 
0.00063390 
0.00063160 
0.00063200 
0.00063330 
0.00063340 
0.00063450 
0.00063600 
0.00063590 
0.00063590 
0.00063880 
0.00063850 
0.00063650 
0.00063570 
0.00063530 
0.00063600 
0.00063410 
0.00063410 
0.00063440 
0.00063300 
0.00063200 
0.00063650 
0.00063370 
0.00063500 
0.00063200 
0.00063120 
0.00063400 
0.00063300 
0.00063440 
0.00063400 
0.00063680 
0.00063270 
0.00063060 
0.00063430 
0.00063210 
0.00063400 
0.00063880 
0.00063700 
0.00063990 
0.00063690 
0.00063080 
0.00063760 
0.00063700 
0.00063600 
0.00063700 
0.00063680 
0.00063700 
0.00063690 
0.00063930 
0.00063990 
0.00063840 
0.00063890 
0.00063880 
0.00063900 
0.00063700 
0.00063690 
0.00063170 
0.00063260 
0.00063390 
0.00063300 
0.00063400 
0.00063190 
0.00063420 
0.00063110 
0.00062710 
0.00062670 
0.00062590 
0.00062850 
0.00062940 
0.00062900 
0.00062750 
0.00062560 
0.00062600 
0.00063200 
0.00062790 
0.00062700 
0.00062770 
0.00062200 
0.00062520 
0.00062580 
0.00062210 
0.00062100 
0.00062070 
0.00062000 
0.00061970 
0.00061780 
0.00062240 
0.00061990 
0.00062000 
0.00061680 
0.00061330 
0.00062000 
0.00061880 
0.00061800 
0.00061300 
0.00061280 
0.00060800 
0.00060800 
0.00060520 
0.00060140 
0.00060080 
0.00060520 
0.00060710 
0.00060390 
0.00060150 
0.00059850 
0.00060060 
0.00059920 
0.00059890 
0.00059990 
0.00060020 
0.00060020 
0.00059900 
0.00060020 
0.00059980 
0.00059990 
0.00060000 
0.00059810 
0.00059800 
0.00060000 
0.00059690 
0.00059650 
0.00059600 
0.00059700 
0.00060000 
0.00059890 
0.00060000 
0.00060000 
0.00060010 
0.00060010 
0.00060010 
0.00060000 
0.00060000 
0.00060000 
0.00059990 
0.00060020 
0.00060020 
0.00060000 
0.00059930 
0.00060120 
0.00060020 
0.00060030 
0.00060020 
0.00060030 
0.00060260 
0.00060610 
0.00060290 
0.00059880 
0.00060170 
0.00060080 
0.00059860 
0.00059760 
0.00059900 
0.00060160 
0.00059890 
0.00059900 
0.00060230 
0.00060220 
0.00060300 
0.00060520 
0.00061070 
0.00060970 
0.00060920 
0.00060670 
0.00060710 
0.00060800 
0.00060620 
0.00060900 
0.00060600 
0.00060510 
0.00060440 
0.00060140 
0.00059900 
0.00059810 
0.00060040 
0.00059990 
0.00059810 
0.00059760 
0.00059780 
0.00059770 
0.00059590 
0.00059580 
0.00059740 
0.00059580 
0.00059800 
0.00059790 
0.00059620 
0.00059550 
0.00059380 
0.00059130 
0.00059210 
0.00058930 
0.00059020 
0.00058960 
0.00059070 
0.00059100 
0.00059060 
0.00059100 
0.00058990 
0.00058750 
0.00059000 
0.00059050 
0.00058940 
0.00059100 
0.00059300 
0.00059280 
0.00059280 
0.00059130 
0.00059100 
0.00059400 
0.00059470 
0.00059290 
0.00059290 
0.00059120 
0.00059090 
0.00059100 
0.00058910 
0.00058990 
0.00058760 
0.00058750 
0.00058940 
0.00058750 
0.00059400 
0.00058900 
0.00059290 
0.00058880 
0.00058750 
0.00058750 
0.00058600 
0.00059000 
0.00059030 
0.00059110 
0.00059280 
0.00059200 
0.00059310 
0.00059820 
0.00060090 
0.00060000 
0.00060080 
0.00059900 
0.00059900 
0.00059990 
0.00059500 
0.00058840 
0.00058900 
0.00058750 
0.00058600 
0.00058990 
0.00058980 
0.00059120 
0.00059390 
0.00059380 
0.00059140 
0.00058900 
0.00059590 
0.00059990 
0.00060000 
0.00059480 
0.00059800 
0.00060000 
0.00060000 
0.00060000 
0.00060080 
0.00060210 
0.00060480 
0.00060400 
0.00060360 
0.00060410 
0.00060360 
0.00060500 
0.00060210 
0.00060120 
0.00060500 
0.00060460 
0.00060460 
0.00060700 
0.00061210 
0.00060920 
0.00060730 
0.00060720 
0.00061140 
0.00060690 
0.00060690 
0.00060690 
0.00060690 
0.00060690 
0.00060700 
0.00060970 
0.00061030 
0.00060970 
0.00060750 
0.00060760 
0.00060810 
0.00061020 
0.00060770 
0.00060890 
0.00060890 
0.00061130 
0.00061050 
0.00061090 
0.00061060 
0.00061090 
0.00061120 
0.00061400 
0.00061400 
0.00061330 
0.00061100 
0.00061230 
0.00061230 
0.00061260 
0.00061550 
0.00061890 
0.00061930 
0.00061890 
0.00061890 
0.00061900 
0.00062460 
0.00062020 
0.00062010 
0.00062300 
0.00062170 
0.00062440 
0.00062900 
0.00063300 
0.00063070 
0.00062810 
0.00062870 
0.00062880 
0.00062720 
0.00062790 
0.00062550 
0.00062900 
0.00062860 
0.00062510 
0.00062390 
0.00062830 
0.00063220 
0.00063330 
0.00063670 
0.00062790 
0.00062740 
0.00062590 
0.00063400 
0.00063200 
0.00063480 
0.00063510 
0.00063590 
0.00063690 
0.00063860 
0.00063840 
0.00063550 
0.00063710 
0.00063730 
0.00064040 
0.00063960 
0.00064190 
0.00064150 
0.00063680 
0.00064080 
0.00064200 
0.00064230 
0.00064290 
0.00063890 
0.00064000 
0.00064000 
0.00064000 
0.00063960 
0.00063960 
0.00064200 
0.00064120 
0.00064350 
0.00064040 
0.00064350 
0.00064160 
0.00063910 
0.00063880 
0.00063910 
0.00063830 
0.00064300 
0.00063640 
0.00064070 
0.00064180 
0.00064060 
0.00064200 
0.00064620 
0.00064850 
0.00064620 
0.00065030 
0.00065000 
0.00064930 
0.00064940 
0.00064560 
0.00064510 
0.00064870 
0.00065000 
0.00065190 
0.00064290 
0.00064320 
0.00063810 
0.00064650 
0.00064780 
0.00064760 
0.00064580 
0.00065120 
0.00064690 
0.00064950 
0.00064740 
0.00064530 
0.00064650 
0.00064960 
0.00064960 
0.00064560 
0.00064790 
0.00065000 
0.00065130 
0.00064790 
0.00064720 
0.00064600 
0.00064550 
0.00064520 
0.00064650 
0.00064660 
0.00065200 
0.00065200 
0.00064590 
0.00064750 
0.00064770 
0.00064410 
0.00064960 
0.00064850 
0.00065020 
0.00064910 
0.00065200 
0.00065200 
0.00065020 
0.00064900 
0.00065290 
0.00065400 
0.00065390 
0.00065140 
0.00065100 
0.00064700 
0.00064740 
0.00064500 
0.00064380 
0.00064330 
0.00064460 
0.00064500 
0.00064450 
0.00064560 
0.00064560 
0.00064880 
0.00064640 
0.00065210 
0.00065300 
0.00065340 
0.00065320 
0.00065300 
0.00065220 
0.00065510 
0.00065460 
0.00065210 
0.00065020 
0.00065020 
0.00064790 
0.00064600 
0.00064870 
0.00064860 
0.00064920 
0.00064970 
0.00064480 
0.00064450 
0.00064360 
0.00064800 
0.00064700 
0.00064920 
0.00064800 
0.00064630 
0.00064500 
0.00064500 
0.00064300 
0.00063390 
0.00063160 
0.00063200 
0.00063330 
0.00063340 
0.00063450 
0.00063600 
0.00063590 
0.00063590 
0.00063880 
0.00063850 
0.00063650 
0.00063570 
0.00063530 
0.00063600 
0.00063410 
0.00063410 
0.00063440 
0.00063300 
0.00063200 
0.00063650 
0.00063370 
0.00063500 
0.00063200 
0.00063120 
0.00063400 
0.00063300 
0.00063440 
0.00063400 
0.00063680 
0.00063270 
0.00063060 
0.00063430 
0.00063210 
0.00063400 
0.00063880 
0.00063700 
0.00063990 
0.00063690 
0.00063080 
0.00063760 
0.00063700 
0.00063600 
0.00063700 
0.00063680 
0.00063700 
0.00063690 
0.00063930 
0.00063990 
0.00063840 
0.00063890 
0.00063880 
0.00063900 
0.00063700 
0.00063690 
0.00063170 
0.00063260 
0.00063390 
0.00063300 
0.00063400 
0.00063190 
0.00063420 
0.00063110 
0.00062710 
0.00062670 
0.00062590 
0.00062850 
0.00062940 
0.00062900 
0.00062750 
0.00062560 
0.00062600 
0.00063200 
0.00062790 
0.00062700 
0.00062770 
0.00062200 
0.00062520 
0.00062580 
0.00062210 
0.00062100 
0.00062070 
0.00062000 
0.00061970 
0.00061780 
0.00062240 
0.00061990 
0.00062000 
0.00061680 
0.00061330 
0.00062000 
0.00061880 
0.00061800 
0.00061300 
0.00061280 
0.00060800 
0.00060800 
0.00060520 
0.00060140 
0.00060080 
0.00060520 
0.00060710 
0.00060390 
0.00060150 
0.00059850 
0.00060060 
0.00059920 
0.00059890 
0.00059990 
0.00060020 
0.00060020 
0.00059900 
0.00060020 
0.00059980 
0.00059990 
0.00060000 
0.00059810 
0.00059800 
0.00060000 
0.00059690 
0.00059650 
0.00059600 
0.00059700 
0.00060000 
0.00059890 
0.00060000 
0.00060000 
0.00060010 
0.00060010 
0.00060010 
0.00060000 
0.00060000 
0.00060000 
0.00059990 
0.00060020 
0.00060020 
0.00060000 
0.00059930 
0.00060120 
0.00060020 
0.00060030 
0.00060020 
0.00060030 
0.00060260 
0.00060610 
0.00060290 
0.00059880 
0.00060170 
0.00060080 
0.00059860 
0.00059760 
0.00059900 
0.00060160 
0.00059890 
0.00059900 
0.00060230 
0.00060220 
0.00060300 
0.00060520 
0.00061070 
0.00060970 
0.00060920 
0.00060670 
0.00060710 
0.00060800 
0.00060620 
0.00060900 
0.00060600 
0.00060510 
0.00060440 
0.00060140 
0.00059900 
0.00059810 
0.00060040 
0.00059990 
0.00059810 
0.00059760 
0.00059780 
0.00059770 
0.00059590 
0.00059580 
0.00059740 
0.00059580 
0.00059800 
0.00059790 
0.00059620 
0.00059550 
0.00059380 
0.00059130 
0.00059210 
0.00058930 
0.00059020 
0.00058960 
0.00059070 
0.00059100 
0.00059060 
0.00059100 
0.00058990 
0.00058750 
0.00059000 
0.00059050 
0.00058940 
0.00059100 
0.00059300 
0.00059280 
0.00059280 
0.00059130 
0.00059100 
0.00059400 
0.00059470 
0.00059290 
0.00059290 
0.00059120 
0.00059090 
0.00059100 
0.00058910 
0.00058990 
0.00058760 
0.00058750 
0.00058940 
0.00058750 
0.00059400 
0.00058900 
0.00059290 
0.00058880 
0.00058750 
0.00058750 
0.00058600 
0.00059000 
0.00059030 
0.00059110 
0.00059280 
0.00059200 
0.00059310 
0.00059820 
0.00060090 
0.00060000 
0.00060080 
0.00059900 
0.00059900 
0.00059990 
0.00059500 
0.00058840 
0.00058900 
0.00058750 
0.00058600 
0.00058990 
0.00058980 
0.00059120 
0.00059390 
0.00059380 
0.00059140 
0.00058900 
0.00059590 
0.00059990 
0.00060000 
0.00059480 
0.00059800 
0.00060000 
0.00060000 
0.00060000 
0.00060080 
0.00060210 
0.00060480 
0.00060400 
0.00060360 
0.00060410 
0.00060360 
0.00060500 
0.00060210 
0.00060120 
0.00060500 
0.00060460 
0.00060460 
0.00060700 
0.00061210 
0.00060920 
0.00060730 
0.00060720 
0.00061140 
0.00060690 
0.00060690 
0.00060690 
0.00060690 
0.00060690 
0.00060700 
0.00060970 
0.00061030 
0.00060970 
0.00060750 
0.00060760 
0.00060810 
0.00061020 
0.00060770 
0.00060890 
0.00060890 
0.00061130 
0.00061050 
0.00061090 
0.00061060 
0.00061090 
0.00061120 
0.00061400 
0.00061400 
0.00061330 
0.00061100 
0.00061230 
0.00061230 
0.00061260 
0.00061550 
0.00061890 
0.00061930 
0.00061890 
0.00061890 
0.00061900 
0.00062460 
0.00062020 
0.00062010 
0.00062300 
0.00062170 
0.00062440 
0.00062900 
0.00063300 
0.00063070 
0.00062810 
0.00062870 
0.00062880 
0.00062720 
0.00062790 
0.00062550 
0.00062900 
0.00062860 
0.00062510 
0.00062390 
0.00062830 
0.00063220 
0.00063330 
0.00063670 
0.00062790 
0.00062740 
0.00062590 
0.00063400 
0.00063200 
0.00063480 
0.00063510 
0.00063590 
0.00063690 
0.00063860 
0.00063840 
0.00063550 
0.00063710 
0.00063730 
0.00064040 
0.00063960 
0.00064190 
0.00064150 
0.00063680 
0.00064080 
0.00064200 
0.00064230 
0.00064290 
0.00063890 
0.00064000 
0.00064000 
0.00064000 
0.00063960 
0.00063960 
0.00064200 
0.00064120 
0.00064350 
0.00064040 
0.00064350 
0.00064160 
0.00063910 
0.00063880 
0.00063910 
0.00063830 
0.00064300 
0.00063640 
0.00064070 
0.00064180 
0.00064060 
0.00064200 
0.00064620 
0.00064850 
0.00064620 
0.00065030 
0.00065000 
0.00064930 
0.00064940 
0.00064560 
0.00064510 
0.00064870 
0.00065000 
0.00065190 
0.00064290 
0.00064320 
0.00063810 
0.00064650 
0.00064780 
0.00064760 
0.00064580 
0.00065120 
0.00064690 
0.00064950 
0.00064740 
0.00064530 
0.00064650 
0.00064960 
0.00064960 
0.00064560 
0.00064790 
0.00065000 
0.00065130 
0.00064790 
0.00064720 
0.00064600 
0.00064550 
0.00064520 
0.00064650 
0.00064660 
0.00065200 
0.00065200 
0.00064590 
0.00064750 
0.00064770 
0.00064410 
0.00064960 
0.00064850 
0.00065020 
0.00064910 
0.00065200 
0.00065200 
0.00065020 
0.00064900 
0.00065290 
0.00065400 
0.00065390 
0.00065140 
0.00065100 
0.00064700 
0.00064740 
0.00064500 
0.00064380 
0.00064330 
0.00064460 
0.00064500 
0.00064450 
0.00064560 
0.00064560 
0.00064880 
0.00064640 
0.00065210 
0.00065300 
0.00065340 
0.00065320 
0.00065300 
0.00065220 
0.00065510 
0.00065460 
0.00065210 
0.00065020 
0.00065020 
0.00064790 
0.00064600 
0.00064870 
0.00064860 
0.00064920 
0.00064970 
0.00064480 
0.00064450 
0.00064360 
0.00064800 
0.00064700 
0.00064920 
0.00064800 
0.00064630 
0.00064500 
0.00064500 
0.00064300 
0.00063390 
0.00063160 
0.00063200 
0.00063330 
0.00063340 
0.00063450 
0.00063600 
0.00063590 
0.00063590 
0.00063880 
0.00063850 
0.00063650 
0.00063570 
0.00063530 
0.00063600 
0.00063410 
0.00063410 
0.00063440 
0.00063300 
0.00063200 
0.00063650 
0.00063370 
0.00063500 
0.00063200 
0.00063120 
0.00063400 
0.00063300 
0.00063440 
0.00063400 
0.00063680 
0.00063270 
0.00063060 
0.00063430 
0.00063210 
0.00063400 
0.00063880 
0.00063700 
0.00063990 
0.00063690 
0.00063080 
0.00063760 
0.00063700 
0.00063600 
0.00063700 
0.00063680 
0.00063700 
0.00063690 
0.00063930 
0.00063990 
0.00063840 
0.00063890 
0.00063880 
0.00063900 
0.00063700 
0.00063690 
0.00063170 
0.00063260 
0.00063390 
0.00063300 
0.00063400 
0.00063190 
0.00063420 
0.00063110 
0.00062710 
0.00062670 
0.00062590 
0.00062850 
0.00062940 
0.00062900 
0.00062750 
0.00062560 
0.00062600 
0.00063200 
0.00062790 
0.00062700 
0.00062770 
0.00062200 
0.00062520 
0.00062580 
0.00062210 
0.00062100 
0.00062070 
0.00062000 
0.00061970 
0.00061780 
0.00062240 
0.00061990 
0.00062000 
0.00061680 
0.00061330 
0.00062000 
0.00061880 
0.00061800 
0.00061300 
0.00061280 
0.00060800 
0.00060800 
0.00060520 
0.00060140 
0.00060080 
0.00060520 
0.00060710 
0.00060390 
0.00060150 
0.00059850 
0.00060060 
0.00059920 
0.00059890 
0.00059990 
0.00060020 
0.00060020 
0.00059900 
0.00060020 
0.00059980 
0.00059990 
0.00060000 
0.00059810 
0.00059800 
0.00060000 
0.00059690 
0.00059650 
0.00059600 
0.00059700 
0.00060000 
0.00059890 
0.00060000 
0.00060000 
0.00060010 
0.00060010 
0.00060010 
0.00060000 
0.00060000 
0.00060000 
0.00059990 
0.00060020 
0.00060020 
0.00060000 
0.00059930 
0.00060120 
0.00060020 
0.00060030 
0.00060020 
0.00060030 
0.00060260 
0.00060610 
0.00060290 
0.00059880 
0.00060170 
0.00060080 
0.00059860 
0.00059760 
0.00059900 
0.00060160 
0.00059890 
0.00059900 
0.00060230 
0.00060220 
0.00060300 
0.00060520 
0.00061070 
0.00060970 
0.00060920 
0.00060670 
0.00060710 
0.00060800 
0.00060620 
0.00060900 
0.00060600 
0.00060510 
0.00060440 
0.00060140 
0.00059900 
0.00059810 
0.00060040 
0.00059990 
0.00059810 
0.00059760 
0.00059780 
0.00059770 
0.00059590 
0.00059580 
0.00059740 
0.00059580 
0.00059800 
0.00059790 
0.00059620 
0.00059550 
0.00059380 
0.00059130 
0.00059210 
0.00058930 
0.00059020 
0.00058960 
0.00059070 
0.00059100 
0.00059060 
0.00059100 
0.00058990 
0.00058750 
0.00059000 
0.00059050 
0.00058940 
0.00059100 
0.00059300 
0.00059280 
0.00059280 
0.00059130 
0.00059100 
0.00059400 
0.00059470 
0.00059290 
0.00059290 
0.00059120 
0.00059090 
0.00059100 
0.00058910 
0.00058990 
0.00058760 
0.00058750 
0.00058940 
0.00058750 
0.00059400 
0.00058900 
0.00059290 
0.00058880 
0.00058750 
0.00058750 
0.00058600 
0.00059000 
0.00059030 
0.00059110 
0.00059280 
0.00059200 
0.00059310 
0.00059820 
0.00060090 
0.00060000 
0.00060080 
0.00059900 
0.00059900 
0.00059990 
0.00059500 
0.00058840 
0.00058900 
0.00058750 
0.00058600 
0.00058990 
0.00058980 
0.00059120 
0.00059390 
0.00059380 
0.00059140 
0.00058900 
0.00059590 
0.00059990 
0.00060000 
0.00059480 
0.00059800 
0.00060000 
0.00060000 
0.00060000 
0.00060080 
0.00060210 
0.00060480 
0.00060400 
0.00060360 
0.00060410 
0.00060360 
0.00060500 
0.00060210 
0.00060120 
0.00060500 
0.00060460 
0.00060460 
0.00060700 
0.00061210 
0.00060920 
0.00060730 
0.00060720 
0.00061140 
0.00060690 
0.00060690 
0.00060690 
0.00060690 
0.00060690 
0.00060700 
0.00060970 
0.00061030 
0.00060970 
0.00060750 
0.00060760 
0.00060810 
0.00061020 
0.00060770 
0.00060890 
0.00060890 
0.00061130 
0.00061050 
0.00061090 
0.00061060 
0.00061090 
0.00061120 
0.00061400 
0.00061400 
0.00061330 
0.00061100 
0.00061230 
0.00061230 
0.00061260 
0.00061550 
0.00061890 
0.00061930 
0.00061890 
0.00061890 
0.00061900 
0.00062460 
0.00062020 
0.00062010 
0.00062300 
0.00062170 
0.00062440 
0.00062900 
0.00063300 
0.00063070 
0.00062810 
0.00062870 
0.00062880 
0.00062720 
0.00062790 
0.00062550 
0.00062900 
0.00062860 
0.00062510 
0.00062390 
0.00062830 
0.00063220 
0.00063330 
0.00063670 
0.00062790 
0.00062740 
0.00062590 
0.00063400 
0.00063200 
0.00063480 
0.00063510 
0.00063590 
0.00063690 
0.00063860 
0.00063840 
0.00063550 
0.00063710 
0.00063730 
0.00064040 
0.00063960 
0.00064190 
0.00064150 
0.00063680 
0.00064080 
0.00064200 
0.00064230 
0.00064290 
0.00063890 
0.00064000 
0.00064000 
0.00064000 
0.00063960 
0.00063960 
0.00064200 
0.00064120 
0.00064350 
0.00064040 
0.00064350 
0.00064160 
0.00063910 
0.00063880 
0.00063910 
0.00063830 
0.00064300 
0.00063640 
0.00064070 
0.00064180 
0.00064060 
0.00064200 
0.00064620 
0.00064850 
0.00064620 
0.00065030 
0.00065000 
0.00064930 
0.00064940 
0.00064560 
0.00064510 
0.00064870 
0.00065000 
0.00065190 
0.00064290 
0.00064320 
0.00063810 
0.00064650 
0.00064780 
0.00064760 
0.00064580 
