114.15000000 
307.67000000 
124.67000000 
767.62000000 
134.17000000 
571.65000000 
256.75000000 
291.19000000 
60.19000000 
913.60000000 
407.43000000 
420.06000000 
135.90000000 
77.04000000 
640.81000000 
117.64000000 
592.45000000 
594.30000000 
223.00000000 
213.96000000 
333.81000000 
242.83000000 
142.16000000 
706.07000000 
2149.05000000 
2688.26000000 
789.45000000 
484.80000000 
939.09000000 
5322.06000000 
459.07000000 
472.03000000 
416.65000000 
591.01000000 
520.01000000 
92.95000000 
958.97000000 
381.09000000 
1886.35000000 
570.66000000 
131.80000000 
94.55000000 
680.00000000 
959.90000000 
1331.95000000 
682.95000000 
550.13000000 
327.50000000 
409.14000000 
23.90000000 
597.43000000 
87.38000000 
85.19000000 
294.77000000 
0.00000000 
216.57000000 
871.98000000 
374.96000000 
355.09000000 
706.05000000 
17.19000000 
1769.35000000 
593.55000000 
38.73000000 
71.48000000 
609.27000000 
423.01000000 
689.82000000 
96.32000000 
408.37000000 
316.51000000 
330.76000000 
102.13000000 
378.27000000 
610.05000000 
634.72000000 
912.42000000 
1843.25000000 
2635.40000000 
770.08000000 
934.21000000 
730.21000000 
1053.80000000 
365.30000000 
171.30000000 
53.34000000 
61.15000000 
312.67000000 
726.05000000 
42.40000000 
484.63000000 
278.35000000 
228.81000000 
279.94000000 
45.08000000 
185.95000000 
350.62000000 
291.52000000 
84.68000000 
236.02000000 
466.75000000 
999.80000000 
391.18000000 
471.21000000 
173.07000000 
254.73000000 
814.63000000 
1569.07000000 
1608.31000000 
564.72000000 
990.27000000 
371.99000000 
241.20000000 
2669.60000000 
151.01000000 
336.22000000 
276.47000000 
539.83000000 
1103.07000000 
492.11000000 
403.42000000 
1537.43000000 
2433.77000000 
1865.72000000 
343.34000000 
116.33000000 
785.06000000 
1354.42000000 
619.61000000 
1162.60000000 
179.65000000 
332.83000000 
428.23000000 
392.38000000 
303.64000000 
186.81000000 
738.06000000 
420.25000000 
1004.17000000 
746.35000000 
766.72000000 
1788.92000000 
460.94000000 
591.39000000 
673.59000000 
999.39000000 
542.24000000 
1059.21000000 
1592.19000000 
1050.77000000 
653.32000000 
495.52000000 
363.95000000 
162.20000000 
2139.52000000 
291.16000000 
678.58000000 
1143.51000000 
249.73000000 
557.23000000 
459.24000000 
767.49000000 
1247.98000000 
473.91000000 
221.25000000 
184.50000000 
375.50000000 
410.26000000 
193.39000000 
2646.14000000 
1360.37000000 
938.57000000 
379.55000000 
306.92000000 
341.74000000 
405.08000000 
171.40000000 
684.00000000 
1825.94000000 
131.28000000 
275.81000000 
925.08000000 
464.90000000 
684.88000000 
453.36000000 
1567.74000000 
140.96000000 
2012.36000000 
177.66000000 
56.93000000 
391.70000000 
6465.00000000 
82.42000000 
219.36000000 
3.28000000 
0.00000000 
11.57000000 
366.24000000 
703.84000000 
310.15000000 
887.82000000 
223.25000000 
404.09000000 
1299.78000000 
1523.26000000 
108.91000000 
262.02000000 
387.76000000 
395.17000000 
48.81000000 
899.51000000 
341.81000000 
533.14000000 
1965.50000000 
501.18000000 
45.42000000 
260.08000000 
383.31000000 
623.64000000 
492.13000000 
151.96000000 
93.02000000 
230.42000000 
1665.62000000 
165.26000000 
417.57000000 
265.50000000 
387.99000000 
116.38000000 
337.20000000 
88.41000000 
302.47000000 
85.69000000 
348.53000000 
567.86000000 
114.97000000 
2649.50000000 
2133.57000000 
993.12000000 
858.61000000 
366.85000000 
600.10000000 
1703.78000000 
144.74000000 
741.58000000 
398.66000000 
164.91000000 
380.98000000 
259.43000000 
112.87000000 
115.54000000 
112.31000000 
170.42000000 
98.23000000 
95.88000000 
414.16000000 
32.19000000 
41.86000000 
391.63000000 
225.58000000 
38.78000000 
289.71000000 
298.60000000 
198.65000000 
1316.11000000 
390.60000000 
366.85000000 
434.89000000 
87.11000000 
263.02000000 
2576.98000000 
5.81000000 
97.27000000 
82.02000000 
115.55000000 
198.47000000 
320.82000000 
238.19000000 
801.46000000 
694.80000000 
111.61000000 
131.92000000 
528.02000000 
425.37000000 
301.46000000 
390.77000000 
368.20000000 
501.91000000 
271.46000000 
234.37000000 
47.08000000 
635.45000000 
91.28000000 
702.34000000 
327.50000000 
74.20000000 
368.81000000 
410.49000000 
1085.79000000 
548.08000000 
303.71000000 
131.41000000 
358.42000000 
309.04000000 
547.43000000 
149.62000000 
167.83000000 
903.48000000 
170.39000000 
236.17000000 
1170.98000000 
202.91000000 
1577.73000000 
744.10000000 
475.81000000 
329.26000000 
49.39000000 
46.70000000 
766.51000000 
258.66000000 
1110.53000000 
1337.19000000 
933.54000000 
244.06000000 
72.64000000 
126.33000000 
1832.97000000 
842.15000000 
1161.34000000 
2101.36000000 
588.88000000 
2282.78000000 
171.30000000 
114.94000000 
6.73000000 
173.45000000 
956.88000000 
1222.26000000 
693.74000000 
911.09000000 
213.71000000 
88.83000000 
573.60000000 
646.66000000 
293.45000000 
131.32000000 
284.94000000 
411.31000000 
12.01000000 
197.47000000 
0.00000000 
49.50000000 
790.48000000 
842.36000000 
199.47000000 
721.71000000 
564.25000000 
616.26000000 
149.80000000 
201.71000000 
293.73000000 
210.07000000 
13.32000000 
1371.27000000 
203.09000000 
0.07000000 
39.86000000 
1.14000000 
28.82000000 
309.75000000 
821.89000000 
171.04000000 
104.82000000 
19.26000000 
127.19000000 
198.94000000 
78.35000000 
155.33000000 
222.20000000 
159.13000000 
1698.79000000 
1328.18000000 
293.39000000 
127.18000000 
224.91000000 
548.61000000 
172.08000000 
535.80000000 
238.13000000 
592.97000000 
0.00000000 
70.05000000 
91.02000000 
1551.74000000 
67.46000000 
176.38000000 
405.58000000 
582.72000000 
543.03000000 
1247.44000000 
184.47000000 
313.87000000 
1552.23000000 
199.90000000 
236.78000000 
1874.52000000 
350.33000000 
446.88000000 
156.46000000 
225.00000000 
434.23000000 
222.08000000 
133.91000000 
471.60000000 
1034.81000000 
390.35000000 
621.19000000 
202.18000000 
261.04000000 
738.47000000 
182.49000000 
468.23000000 
2618.00000000 
770.70000000 
321.63000000 
551.21000000 
32.03000000 
30.00000000 
607.39000000 
195.27000000 
44.25000000 
65.96000000 
438.43000000 
121.31000000 
45.59000000 
277.23000000 
340.51000000 
11.75000000 
7.60000000 
598.70000000 
310.88000000 
134.08000000 
3.72000000 
198.29000000 
321.08000000 
636.76000000 
96.85000000 
291.34000000 
204.58000000 
3.44000000 
1309.57000000 
236.21000000 
47.49000000 
260.67000000 
239.17000000 
101.27000000 
167.65000000 
532.88000000 
256.32000000 
693.14000000 
656.94000000 
1030.11000000 
223.60000000 
314.23000000 
2151.34000000 
103.75000000 
129.56000000 
4.58000000 
51.73000000 
79.35000000 
83.90000000 
228.37000000 
36.69000000 
2047.34000000 
658.75000000 
248.02000000 
293.31000000 
7013.98000000 
350.67000000 
174.14000000 
114.15000000 
307.67000000 
124.67000000 
767.62000000 
134.17000000 
571.65000000 
256.75000000 
291.19000000 
60.19000000 
913.60000000 
407.43000000 
420.06000000 
135.90000000 
77.04000000 
640.81000000 
117.64000000 
592.45000000 
594.30000000 
223.00000000 
213.96000000 
333.81000000 
242.83000000 
142.16000000 
706.07000000 
2149.05000000 
2688.26000000 
789.45000000 
484.80000000 
939.09000000 
5322.06000000 
459.07000000 
472.03000000 
416.65000000 
591.01000000 
520.01000000 
92.95000000 
958.97000000 
381.09000000 
1886.35000000 
570.66000000 
131.80000000 
94.55000000 
680.00000000 
959.90000000 
1331.95000000 
682.95000000 
550.13000000 
327.50000000 
409.14000000 
23.90000000 
597.43000000 
87.38000000 
85.19000000 
294.77000000 
0.00000000 
216.57000000 
871.98000000 
374.96000000 
355.09000000 
706.05000000 
17.19000000 
1769.35000000 
593.55000000 
38.73000000 
71.48000000 
609.27000000 
423.01000000 
689.82000000 
96.32000000 
408.37000000 
316.51000000 
330.76000000 
102.13000000 
378.27000000 
610.05000000 
634.72000000 
912.42000000 
1843.25000000 
2635.40000000 
770.08000000 
934.21000000 
730.21000000 
1053.80000000 
365.30000000 
171.30000000 
53.34000000 
61.15000000 
312.67000000 
726.05000000 
42.40000000 
484.63000000 
278.35000000 
228.81000000 
279.94000000 
45.08000000 
185.95000000 
350.62000000 
291.52000000 
84.68000000 
236.02000000 
466.75000000 
999.80000000 
391.18000000 
471.21000000 
173.07000000 
254.73000000 
814.63000000 
1569.07000000 
1608.31000000 
564.72000000 
990.27000000 
371.99000000 
241.20000000 
2669.60000000 
151.01000000 
336.22000000 
276.47000000 
539.83000000 
1103.07000000 
492.11000000 
403.42000000 
1537.43000000 
2433.77000000 
1865.72000000 
343.34000000 
116.33000000 
785.06000000 
1354.42000000 
619.61000000 
1162.60000000 
179.65000000 
332.83000000 
428.23000000 
392.38000000 
303.64000000 
186.81000000 
738.06000000 
420.25000000 
1004.17000000 
746.35000000 
766.72000000 
1788.92000000 
460.94000000 
591.39000000 
673.59000000 
999.39000000 
542.24000000 
1059.21000000 
1592.19000000 
1050.77000000 
653.32000000 
495.52000000 
363.95000000 
162.20000000 
2139.52000000 
291.16000000 
678.58000000 
1143.51000000 
249.73000000 
557.23000000 
459.24000000 
767.49000000 
1247.98000000 
473.91000000 
221.25000000 
184.50000000 
375.50000000 
410.26000000 
193.39000000 
2646.14000000 
1360.37000000 
938.57000000 
379.55000000 
306.92000000 
341.74000000 
405.08000000 
171.40000000 
684.00000000 
1825.94000000 
131.28000000 
275.81000000 
925.08000000 
464.90000000 
684.88000000 
453.36000000 
1567.74000000 
140.96000000 
2012.36000000 
177.66000000 
56.93000000 
391.70000000 
6465.00000000 
82.42000000 
219.36000000 
3.28000000 
0.00000000 
11.57000000 
366.24000000 
703.84000000 
310.15000000 
887.82000000 
223.25000000 
404.09000000 
1299.78000000 
1523.26000000 
108.91000000 
262.02000000 
387.76000000 
395.17000000 
48.81000000 
899.51000000 
341.81000000 
533.14000000 
1965.50000000 
501.18000000 
45.42000000 
260.08000000 
383.31000000 
623.64000000 
492.13000000 
151.96000000 
93.02000000 
230.42000000 
1665.62000000 
165.26000000 
417.57000000 
265.50000000 
387.99000000 
116.38000000 
337.20000000 
88.41000000 
302.47000000 
85.69000000 
348.53000000 
567.86000000 
114.97000000 
2649.50000000 
2133.57000000 
993.12000000 
858.61000000 
366.85000000 
600.10000000 
1703.78000000 
144.74000000 
741.58000000 
398.66000000 
164.91000000 
380.98000000 
259.43000000 
112.87000000 
115.54000000 
112.31000000 
170.42000000 
98.23000000 
95.88000000 
414.16000000 
32.19000000 
41.86000000 
391.63000000 
225.58000000 
38.78000000 
289.71000000 
298.60000000 
198.65000000 
1316.11000000 
390.60000000 
366.85000000 
434.89000000 
87.11000000 
263.02000000 
2576.98000000 
5.81000000 
97.27000000 
82.02000000 
115.55000000 
198.47000000 
320.82000000 
238.19000000 
801.46000000 
694.80000000 
111.61000000 
131.92000000 
528.02000000 
425.37000000 
301.46000000 
390.77000000 
368.20000000 
501.91000000 
271.46000000 
234.37000000 
47.08000000 
635.45000000 
91.28000000 
702.34000000 
327.50000000 
74.20000000 
368.81000000 
410.49000000 
1085.79000000 
548.08000000 
303.71000000 
131.41000000 
358.42000000 
309.04000000 
547.43000000 
149.62000000 
167.83000000 
903.48000000 
170.39000000 
236.17000000 
1170.98000000 
202.91000000 
1577.73000000 
744.10000000 
475.81000000 
329.26000000 
49.39000000 
46.70000000 
766.51000000 
258.66000000 
1110.53000000 
1337.19000000 
933.54000000 
244.06000000 
72.64000000 
126.33000000 
1832.97000000 
842.15000000 
1161.34000000 
2101.36000000 
588.88000000 
2282.78000000 
171.30000000 
114.94000000 
6.73000000 
173.45000000 
956.88000000 
1222.26000000 
693.74000000 
911.09000000 
213.71000000 
88.83000000 
573.60000000 
646.66000000 
293.45000000 
131.32000000 
284.94000000 
411.31000000 
12.01000000 
197.47000000 
0.00000000 
49.50000000 
790.48000000 
842.36000000 
199.47000000 
721.71000000 
564.25000000 
616.26000000 
149.80000000 
201.71000000 
293.73000000 
210.07000000 
13.32000000 
1371.27000000 
203.09000000 
0.07000000 
39.86000000 
1.14000000 
28.82000000 
309.75000000 
821.89000000 
171.04000000 
104.82000000 
19.26000000 
127.19000000 
198.94000000 
78.35000000 
155.33000000 
222.20000000 
159.13000000 
1698.79000000 
1328.18000000 
293.39000000 
127.18000000 
224.91000000 
548.61000000 
172.08000000 
535.80000000 
238.13000000 
592.97000000 
0.00000000 
70.05000000 
91.02000000 
1551.74000000 
67.46000000 
176.38000000 
405.58000000 
582.72000000 
543.03000000 
1247.44000000 
184.47000000 
313.87000000 
1552.23000000 
199.90000000 
236.78000000 
1874.52000000 
350.33000000 
446.88000000 
156.46000000 
225.00000000 
434.23000000 
222.08000000 
133.91000000 
471.60000000 
1034.81000000 
390.35000000 
621.19000000 
202.18000000 
261.04000000 
738.47000000 
182.49000000 
468.23000000 
2618.00000000 
770.70000000 
321.63000000 
551.21000000 
32.03000000 
30.00000000 
607.39000000 
195.27000000 
44.25000000 
65.96000000 
438.43000000 
121.31000000 
45.59000000 
277.23000000 
340.51000000 
11.75000000 
7.60000000 
598.70000000 
310.88000000 
134.08000000 
3.72000000 
198.29000000 
321.08000000 
636.76000000 
96.85000000 
291.34000000 
204.58000000 
3.44000000 
1309.57000000 
236.21000000 
47.49000000 
260.67000000 
239.17000000 
101.27000000 
167.65000000 
532.88000000 
256.32000000 
693.14000000 
656.94000000 
1030.11000000 
223.60000000 
314.23000000 
2151.34000000 
103.75000000 
129.56000000 
4.58000000 
51.73000000 
79.35000000 
83.90000000 
228.37000000 
36.69000000 
2047.34000000 
658.75000000 
248.02000000 
293.31000000 
7013.98000000 
350.67000000 
174.14000000 
114.15000000 
307.67000000 
124.67000000 
767.62000000 
134.17000000 
571.65000000 
256.75000000 
291.19000000 
60.19000000 
913.60000000 
407.43000000 
420.06000000 
135.90000000 
77.04000000 
640.81000000 
117.64000000 
592.45000000 
594.30000000 
223.00000000 
213.96000000 
333.81000000 
242.83000000 
142.16000000 
706.07000000 
2149.05000000 
2688.26000000 
789.45000000 
484.80000000 
939.09000000 
5322.06000000 
459.07000000 
472.03000000 
416.65000000 
591.01000000 
520.01000000 
92.95000000 
958.97000000 
381.09000000 
1886.35000000 
570.66000000 
131.80000000 
94.55000000 
680.00000000 
959.90000000 
1331.95000000 
682.95000000 
550.13000000 
327.50000000 
409.14000000 
23.90000000 
597.43000000 
87.38000000 
85.19000000 
294.77000000 
0.00000000 
216.57000000 
871.98000000 
374.96000000 
355.09000000 
706.05000000 
17.19000000 
1769.35000000 
593.55000000 
38.73000000 
71.48000000 
609.27000000 
423.01000000 
689.82000000 
96.32000000 
408.37000000 
316.51000000 
330.76000000 
102.13000000 
378.27000000 
610.05000000 
634.72000000 
912.42000000 
1843.25000000 
2635.40000000 
770.08000000 
934.21000000 
730.21000000 
1053.80000000 
365.30000000 
171.30000000 
53.34000000 
61.15000000 
312.67000000 
726.05000000 
42.40000000 
484.63000000 
278.35000000 
228.81000000 
279.94000000 
45.08000000 
185.95000000 
350.62000000 
291.52000000 
84.68000000 
236.02000000 
466.75000000 
999.80000000 
391.18000000 
471.21000000 
173.07000000 
254.73000000 
814.63000000 
1569.07000000 
1608.31000000 
564.72000000 
990.27000000 
371.99000000 
241.20000000 
2669.60000000 
151.01000000 
336.22000000 
276.47000000 
539.83000000 
1103.07000000 
492.11000000 
403.42000000 
1537.43000000 
2433.77000000 
1865.72000000 
343.34000000 
116.33000000 
785.06000000 
1354.42000000 
619.61000000 
1162.60000000 
179.65000000 
332.83000000 
428.23000000 
392.38000000 
303.64000000 
186.81000000 
738.06000000 
420.25000000 
1004.17000000 
746.35000000 
766.72000000 
1788.92000000 
460.94000000 
591.39000000 
673.59000000 
999.39000000 
542.24000000 
1059.21000000 
1592.19000000 
1050.77000000 
653.32000000 
495.52000000 
363.95000000 
162.20000000 
2139.52000000 
291.16000000 
678.58000000 
1143.51000000 
249.73000000 
557.23000000 
459.24000000 
767.49000000 
1247.98000000 
473.91000000 
221.25000000 
184.50000000 
375.50000000 
410.26000000 
193.39000000 
2646.14000000 
1360.37000000 
938.57000000 
379.55000000 
306.92000000 
341.74000000 
405.08000000 
171.40000000 
684.00000000 
1825.94000000 
131.28000000 
275.81000000 
925.08000000 
464.90000000 
684.88000000 
453.36000000 
1567.74000000 
140.96000000 
2012.36000000 
177.66000000 
56.93000000 
391.70000000 
6465.00000000 
82.42000000 
219.36000000 
3.28000000 
0.00000000 
11.57000000 
366.24000000 
703.84000000 
310.15000000 
887.82000000 
223.25000000 
404.09000000 
1299.78000000 
1523.26000000 
108.91000000 
262.02000000 
387.76000000 
395.17000000 
48.81000000 
899.51000000 
341.81000000 
533.14000000 
1965.50000000 
501.18000000 
45.42000000 
260.08000000 
383.31000000 
623.64000000 
492.13000000 
151.96000000 
93.02000000 
230.42000000 
1665.62000000 
165.26000000 
417.57000000 
265.50000000 
387.99000000 
116.38000000 
337.20000000 
88.41000000 
302.47000000 
85.69000000 
348.53000000 
567.86000000 
114.97000000 
2649.50000000 
2133.57000000 
993.12000000 
858.61000000 
366.85000000 
600.10000000 
1703.78000000 
144.74000000 
741.58000000 
398.66000000 
164.91000000 
380.98000000 
259.43000000 
112.87000000 
115.54000000 
112.31000000 
170.42000000 
98.23000000 
95.88000000 
414.16000000 
32.19000000 
41.86000000 
391.63000000 
225.58000000 
38.78000000 
289.71000000 
298.60000000 
198.65000000 
1316.11000000 
390.60000000 
366.85000000 
434.89000000 
87.11000000 
263.02000000 
2576.98000000 
5.81000000 
97.27000000 
82.02000000 
115.55000000 
198.47000000 
320.82000000 
238.19000000 
801.46000000 
694.80000000 
111.61000000 
131.92000000 
528.02000000 
425.37000000 
301.46000000 
390.77000000 
368.20000000 
501.91000000 
271.46000000 
234.37000000 
47.08000000 
635.45000000 
91.28000000 
702.34000000 
327.50000000 
74.20000000 
368.81000000 
410.49000000 
1085.79000000 
548.08000000 
303.71000000 
131.41000000 
358.42000000 
309.04000000 
547.43000000 
149.62000000 
167.83000000 
903.48000000 
170.39000000 
236.17000000 
1170.98000000 
202.91000000 
1577.73000000 
744.10000000 
475.81000000 
329.26000000 
49.39000000 
46.70000000 
766.51000000 
258.66000000 
1110.53000000 
1337.19000000 
933.54000000 
244.06000000 
72.64000000 
126.33000000 
1832.97000000 
842.15000000 
1161.34000000 
2101.36000000 
588.88000000 
2282.78000000 
171.30000000 
114.94000000 
6.73000000 
173.45000000 
956.88000000 
1222.26000000 
693.74000000 
911.09000000 
213.71000000 
88.83000000 
573.60000000 
646.66000000 
293.45000000 
131.32000000 
284.94000000 
411.31000000 
12.01000000 
197.47000000 
0.00000000 
49.50000000 
790.48000000 
842.36000000 
199.47000000 
721.71000000 
564.25000000 
616.26000000 
149.80000000 
201.71000000 
293.73000000 
210.07000000 
13.32000000 
1371.27000000 
203.09000000 
0.07000000 
39.86000000 
1.14000000 
28.82000000 
309.75000000 
821.89000000 
171.04000000 
104.82000000 
19.26000000 
127.19000000 
198.94000000 
78.35000000 
155.33000000 
222.20000000 
159.13000000 
1698.79000000 
1328.18000000 
293.39000000 
127.18000000 
224.91000000 
548.61000000 
172.08000000 
535.80000000 
238.13000000 
592.97000000 
0.00000000 
70.05000000 
91.02000000 
1551.74000000 
67.46000000 
176.38000000 
405.58000000 
582.72000000 
543.03000000 
1247.44000000 
184.47000000 
313.87000000 
1552.23000000 
199.90000000 
236.78000000 
1874.52000000 
350.33000000 
446.88000000 
156.46000000 
225.00000000 
434.23000000 
222.08000000 
133.91000000 
471.60000000 
1034.81000000 
390.35000000 
621.19000000 
202.18000000 
261.04000000 
738.47000000 
182.49000000 
468.23000000 
2618.00000000 
770.70000000 
321.63000000 
551.21000000 
32.03000000 
30.00000000 
607.39000000 
195.27000000 
44.25000000 
65.96000000 
438.43000000 
121.31000000 
45.59000000 
277.23000000 
340.51000000 
11.75000000 
7.60000000 
598.70000000 
310.88000000 
134.08000000 
3.72000000 
198.29000000 
321.08000000 
636.76000000 
96.85000000 
291.34000000 
204.58000000 
3.44000000 
1309.57000000 
236.21000000 
47.49000000 
260.67000000 
239.17000000 
101.27000000 
167.65000000 
532.88000000 
256.32000000 
693.14000000 
656.94000000 
1030.11000000 
223.60000000 
314.23000000 
2151.34000000 
103.75000000 
129.56000000 
4.58000000 
51.73000000 
79.35000000 
83.90000000 
228.37000000 
36.69000000 
2047.34000000 
658.75000000 
248.02000000 
293.31000000 
7013.98000000 
350.67000000 
174.14000000 
