0.00007165 
0.00007172 
0.00007171 
0.00007183 
0.00007180 
0.00007190 
0.00007223 
0.00007199 
0.00007208 
0.00007242 
0.00007214 
0.00007339 
0.00007348 
0.00007354 
0.00007310 
0.00007373 
0.00007387 
0.00007412 
0.00007342 
0.00007330 
0.00007300 
0.00007300 
0.00007299 
0.00007260 
0.00007255 
0.00007226 
0.00007201 
0.00007282 
0.00007214 
0.00007204 
0.00007198 
0.00007120 
0.00007130 
0.00007131 
0.00007124 
0.00007152 
0.00007168 
0.00007144 
0.00007126 
0.00007163 
0.00007170 
0.00007143 
0.00007128 
0.00007096 
0.00007108 
0.00007100 
0.00007086 
0.00007108 
0.00007068 
0.00007068 
0.00007065 
0.00007059 
0.00007041 
0.00007041 
0.00007109 
0.00007100 
0.00007084 
0.00007065 
0.00007062 
0.00007064 
0.00007062 
0.00007060 
0.00007047 
0.00007064 
0.00007050 
0.00007029 
0.00007019 
0.00007043 
0.00007027 
0.00007013 
0.00007031 
0.00007057 
0.00007061 
0.00007050 
0.00007051 
0.00007043 
0.00007044 
0.00007067 
0.00007035 
0.00007048 
0.00007032 
0.00007017 
0.00007038 
0.00007042 
0.00007044 
0.00007043 
0.00007042 
0.00007041 
0.00007058 
0.00007055 
0.00007084 
0.00007069 
0.00007093 
0.00007076 
0.00007087 
0.00007190 
0.00007226 
0.00007242 
0.00007238 
0.00007243 
0.00007286 
0.00007324 
0.00007431 
0.00007422 
0.00007422 
0.00007422 
0.00007419 
0.00007410 
0.00007424 
0.00007400 
0.00007379 
0.00007374 
0.00007318 
0.00007298 
0.00007279 
0.00007279 
0.00007273 
0.00007335 
0.00007361 
0.00007356 
0.00007377 
0.00007309 
0.00007254 
0.00007235 
0.00007178 
0.00007200 
0.00007246 
0.00007240 
0.00007217 
0.00007232 
0.00007257 
0.00007378 
0.00007408 
0.00007408 
0.00007393 
0.00007349 
0.00007323 
0.00007220 
0.00007262 
0.00007184 
0.00007222 
0.00007162 
0.00007150 
0.00007179 
0.00007085 
0.00007082 
0.00007078 
0.00007089 
0.00007032 
0.00006988 
0.00006991 
0.00007031 
0.00006968 
0.00006913 
0.00006906 
0.00006924 
0.00006872 
0.00006848 
0.00006831 
0.00006797 
0.00006807 
0.00006807 
0.00006799 
0.00006834 
0.00006814 
0.00006800 
0.00006832 
0.00006833 
0.00006818 
0.00006812 
0.00006789 
0.00006785 
0.00006758 
0.00006804 
0.00006803 
0.00006794 
0.00006847 
0.00006841 
0.00006794 
0.00006788 
0.00006813 
0.00006786 
0.00006768 
0.00006754 
0.00006736 
0.00006754 
0.00006752 
0.00006753 
0.00006788 
0.00006793 
0.00006811 
0.00006849 
0.00006847 
0.00006785 
0.00006799 
0.00006783 
0.00006766 
0.00006737 
0.00006712 
0.00006755 
0.00006790 
0.00006790 
0.00006789 
0.00006791 
0.00006778 
0.00006780 
0.00006778 
0.00006784 
0.00006785 
0.00006790 
0.00006791 
0.00006798 
0.00006777 
0.00006788 
0.00006800 
0.00006778 
0.00006769 
0.00006744 
0.00006783 
0.00006840 
0.00006847 
0.00006848 
0.00006832 
0.00006849 
0.00006846 
0.00006850 
0.00006703 
0.00006704 
0.00006731 
0.00006733 
0.00006730 
0.00006739 
0.00006762 
0.00006739 
0.00006689 
0.00006727 
0.00006760 
0.00006762 
0.00006797 
0.00006798 
0.00006670 
0.00006636 
0.00006611 
0.00006618 
0.00006600 
0.00006598 
0.00006555 
0.00006599 
0.00006591 
0.00006536 
0.00006562 
0.00006588 
0.00006562 
0.00006572 
0.00006534 
0.00006530 
0.00006529 
0.00006531 
0.00006521 
0.00006521 
0.00006522 
0.00006540 
0.00006544 
0.00006551 
0.00006539 
0.00006480 
0.00006477 
0.00006493 
0.00006480 
0.00006534 
0.00006534 
0.00006536 
0.00006552 
0.00006535 
0.00006556 
0.00006556 
0.00006569 
0.00006594 
0.00006619 
0.00006613 
0.00006618 
0.00006621 
0.00006622 
0.00006619 
0.00006609 
0.00006631 
0.00006630 
0.00006627 
0.00006646 
0.00006631 
0.00006672 
0.00006647 
0.00006590 
0.00006642 
0.00006700 
0.00006711 
0.00006722 
0.00006699 
0.00006743 
0.00006719 
0.00006750 
0.00006750 
0.00006754 
0.00006757 
0.00006747 
0.00006771 
0.00006769 
0.00006773 
0.00006766 
0.00006783 
0.00006783 
0.00006753 
0.00006762 
0.00006745 
0.00006808 
0.00006839 
0.00006867 
0.00006814 
0.00006768 
0.00006763 
0.00006755 
0.00006754 
0.00006757 
0.00006752 
0.00006753 
0.00006752 
0.00006737 
0.00006705 
0.00006750 
0.00006751 
0.00006801 
0.00006830 
0.00006832 
0.00006847 
0.00006851 
0.00006824 
0.00006873 
0.00006892 
0.00006830 
0.00006822 
0.00006885 
0.00006909 
0.00006932 
0.00006938 
0.00006948 
0.00006987 
0.00007041 
0.00007050 
0.00007012 
0.00007027 
0.00007038 
0.00007033 
0.00007043 
0.00007043 
0.00007043 
0.00007044 
0.00007036 
0.00007002 
0.00007048 
0.00007042 
0.00007049 
0.00007054 
0.00007075 
0.00007190 
0.00007227 
0.00007273 
0.00007277 
0.00007247 
0.00007284 
0.00007338 
0.00007327 
0.00007345 
0.00007336 
0.00007328 
0.00007308 
0.00007331 
0.00007316 
0.00007375 
0.00007378 
0.00007450 
0.00007407 
0.00007376 
0.00007283 
0.00007261 
0.00007270 
0.00007249 
0.00007239 
0.00007181 
0.00007278 
0.00007398 
0.00007492 
0.00007442 
0.00007452 
0.00007493 
0.00007532 
0.00007591 
0.00007444 
0.00007428 
0.00007444 
0.00007374 
0.00007400 
0.00007397 
0.00007393 
0.00007355 
0.00007381 
0.00007306 
0.00007298 
0.00007325 
0.00007223 
0.00007244 
0.00007141 
0.00007155 
0.00007097 
0.00007015 
0.00006961 
0.00006921 
0.00006922 
0.00006934 
0.00006933 
0.00006934 
0.00006934 
0.00006886 
0.00006887 
0.00006903 
0.00006903 
0.00006897 
0.00006892 
0.00006898 
0.00006925 
0.00006924 
0.00006932 
0.00006936 
0.00006936 
0.00006930 
0.00006930 
0.00006932 
0.00006980 
0.00006986 
0.00006980 
0.00006999 
0.00006992 
0.00006920 
0.00006890 
0.00006881 
0.00006871 
0.00006920 
0.00006920 
0.00006920 
0.00006920 
0.00006924 
0.00006908 
0.00006947 
0.00006967 
0.00006938 
0.00006998 
0.00007014 
0.00007042 
0.00007042 
0.00007055 
0.00007066 
0.00007129 
0.00007093 
0.00007116 
0.00007145 
0.00007123 
0.00007105 
0.00007105 
0.00007080 
0.00007080 
0.00007059 
0.00007078 
0.00007055 
0.00007051 
0.00007051 
0.00007043 
0.00007012 
0.00007007 
0.00006990 
0.00006989 
0.00006994 
0.00007165 
0.00007172 
0.00007171 
0.00007183 
0.00007180 
0.00007190 
0.00007223 
0.00007199 
0.00007208 
0.00007242 
0.00007214 
0.00007339 
0.00007348 
0.00007354 
0.00007310 
0.00007373 
0.00007387 
0.00007412 
0.00007342 
0.00007330 
0.00007300 
0.00007300 
0.00007299 
0.00007260 
0.00007255 
0.00007226 
0.00007201 
0.00007282 
0.00007214 
0.00007204 
0.00007198 
0.00007120 
0.00007130 
0.00007131 
0.00007124 
0.00007152 
0.00007168 
0.00007144 
0.00007126 
0.00007163 
0.00007170 
0.00007143 
0.00007128 
0.00007096 
0.00007108 
0.00007100 
0.00007086 
0.00007108 
0.00007068 
0.00007068 
0.00007065 
0.00007059 
0.00007041 
0.00007041 
0.00007109 
0.00007100 
0.00007084 
0.00007065 
0.00007062 
0.00007064 
0.00007062 
0.00007060 
0.00007047 
0.00007064 
0.00007050 
0.00007029 
0.00007019 
0.00007043 
0.00007027 
0.00007013 
0.00007031 
0.00007057 
0.00007061 
0.00007050 
0.00007051 
0.00007043 
0.00007044 
0.00007067 
0.00007035 
0.00007048 
0.00007032 
0.00007017 
0.00007038 
0.00007042 
0.00007044 
0.00007043 
0.00007042 
0.00007041 
0.00007058 
0.00007055 
0.00007084 
0.00007069 
0.00007093 
0.00007076 
0.00007087 
0.00007190 
0.00007226 
0.00007242 
0.00007238 
0.00007243 
0.00007286 
0.00007324 
0.00007431 
0.00007422 
0.00007422 
0.00007422 
0.00007419 
0.00007410 
0.00007424 
0.00007400 
0.00007379 
0.00007374 
0.00007318 
0.00007298 
0.00007279 
0.00007279 
0.00007273 
0.00007335 
0.00007361 
0.00007356 
0.00007377 
0.00007309 
0.00007254 
0.00007235 
0.00007178 
0.00007200 
0.00007246 
0.00007240 
0.00007217 
0.00007232 
0.00007257 
0.00007378 
0.00007408 
0.00007408 
0.00007393 
0.00007349 
0.00007323 
0.00007220 
0.00007262 
0.00007184 
0.00007222 
0.00007162 
0.00007150 
0.00007179 
0.00007085 
0.00007082 
0.00007078 
0.00007089 
0.00007032 
0.00006988 
0.00006991 
0.00007031 
0.00006968 
0.00006913 
0.00006906 
0.00006924 
0.00006872 
0.00006848 
0.00006831 
0.00006797 
0.00006807 
0.00006807 
0.00006799 
0.00006834 
0.00006814 
0.00006800 
0.00006832 
0.00006833 
0.00006818 
0.00006812 
0.00006789 
0.00006785 
0.00006758 
0.00006804 
0.00006803 
0.00006794 
0.00006847 
0.00006841 
0.00006794 
0.00006788 
0.00006813 
0.00006786 
0.00006768 
0.00006754 
0.00006736 
0.00006754 
0.00006752 
0.00006753 
0.00006788 
0.00006793 
0.00006811 
0.00006849 
0.00006847 
0.00006785 
0.00006799 
0.00006783 
0.00006766 
0.00006737 
0.00006712 
0.00006755 
0.00006790 
0.00006790 
0.00006789 
0.00006791 
0.00006778 
0.00006780 
0.00006778 
0.00006784 
0.00006785 
0.00006790 
0.00006791 
0.00006798 
0.00006777 
0.00006788 
0.00006800 
0.00006778 
0.00006769 
0.00006744 
0.00006783 
0.00006840 
0.00006847 
0.00006848 
0.00006832 
0.00006849 
0.00006846 
0.00006850 
0.00006703 
0.00006704 
0.00006731 
0.00006733 
0.00006730 
0.00006739 
0.00006762 
0.00006739 
0.00006689 
0.00006727 
0.00006760 
0.00006762 
0.00006797 
0.00006798 
0.00006670 
0.00006636 
0.00006611 
0.00006618 
0.00006600 
0.00006598 
0.00006555 
0.00006599 
0.00006591 
0.00006536 
0.00006562 
0.00006588 
0.00006562 
0.00006572 
0.00006534 
0.00006530 
0.00006529 
0.00006531 
0.00006521 
0.00006521 
0.00006522 
0.00006540 
0.00006544 
0.00006551 
0.00006539 
0.00006480 
0.00006477 
0.00006493 
0.00006480 
0.00006534 
0.00006534 
0.00006536 
0.00006552 
0.00006535 
0.00006556 
0.00006556 
0.00006569 
0.00006594 
0.00006619 
0.00006613 
0.00006618 
0.00006621 
0.00006622 
0.00006619 
0.00006609 
0.00006631 
0.00006630 
0.00006627 
0.00006646 
0.00006631 
0.00006672 
0.00006647 
0.00006590 
0.00006642 
0.00006700 
0.00006711 
0.00006722 
0.00006699 
0.00006743 
0.00006719 
0.00006750 
0.00006750 
0.00006754 
0.00006757 
0.00006747 
0.00006771 
0.00006769 
0.00006773 
0.00006766 
0.00006783 
0.00006783 
0.00006753 
0.00006762 
0.00006745 
0.00006808 
0.00006839 
0.00006867 
0.00006814 
0.00006768 
0.00006763 
0.00006755 
0.00006754 
0.00006757 
0.00006752 
0.00006753 
0.00006752 
0.00006737 
0.00006705 
0.00006750 
0.00006751 
0.00006801 
0.00006830 
0.00006832 
0.00006847 
0.00006851 
0.00006824 
0.00006873 
0.00006892 
0.00006830 
0.00006822 
0.00006885 
0.00006909 
0.00006932 
0.00006938 
0.00006948 
0.00006987 
0.00007041 
0.00007050 
0.00007012 
0.00007027 
0.00007038 
0.00007033 
0.00007043 
0.00007043 
0.00007043 
0.00007044 
0.00007036 
0.00007002 
0.00007048 
0.00007042 
0.00007049 
0.00007054 
0.00007075 
0.00007190 
0.00007227 
0.00007273 
0.00007277 
0.00007247 
0.00007284 
0.00007338 
0.00007327 
0.00007345 
0.00007336 
0.00007328 
0.00007308 
0.00007331 
0.00007316 
0.00007375 
0.00007378 
0.00007450 
0.00007407 
0.00007376 
0.00007283 
0.00007261 
0.00007270 
0.00007249 
0.00007239 
0.00007181 
0.00007278 
0.00007398 
0.00007492 
0.00007442 
0.00007452 
0.00007493 
0.00007532 
0.00007591 
0.00007444 
0.00007428 
0.00007444 
0.00007374 
0.00007400 
0.00007397 
0.00007393 
0.00007355 
0.00007381 
0.00007306 
0.00007298 
0.00007325 
0.00007223 
0.00007244 
0.00007141 
0.00007155 
0.00007097 
0.00007015 
0.00006961 
0.00006921 
0.00006922 
0.00006934 
0.00006933 
0.00006934 
0.00006934 
0.00006886 
0.00006887 
0.00006903 
0.00006903 
0.00006897 
0.00006892 
0.00006898 
0.00006925 
0.00006924 
0.00006932 
0.00006936 
0.00006936 
0.00006930 
0.00006930 
0.00006932 
0.00006980 
0.00006986 
0.00006980 
0.00006999 
0.00006992 
0.00006920 
0.00006890 
0.00006881 
0.00006871 
0.00006920 
0.00006920 
0.00006920 
0.00006920 
0.00006924 
0.00006908 
0.00006947 
0.00006967 
0.00006938 
0.00006998 
0.00007014 
0.00007042 
0.00007042 
0.00007055 
0.00007066 
0.00007129 
0.00007093 
0.00007116 
0.00007145 
0.00007123 
0.00007105 
0.00007105 
0.00007080 
0.00007080 
0.00007059 
0.00007078 
0.00007055 
0.00007051 
0.00007051 
0.00007043 
0.00007012 
0.00007007 
0.00006990 
0.00006989 
0.00006994 
0.00007165 
0.00007172 
0.00007171 
0.00007183 
0.00007180 
0.00007190 
0.00007223 
0.00007199 
0.00007208 
0.00007242 
0.00007214 
0.00007339 
0.00007348 
0.00007354 
0.00007310 
0.00007373 
0.00007387 
0.00007412 
0.00007342 
0.00007330 
0.00007300 
0.00007300 
0.00007299 
0.00007260 
0.00007255 
0.00007226 
0.00007201 
0.00007282 
0.00007214 
0.00007204 
0.00007198 
0.00007120 
0.00007130 
0.00007131 
0.00007124 
0.00007152 
0.00007168 
0.00007144 
0.00007126 
0.00007163 
0.00007170 
0.00007143 
0.00007128 
0.00007096 
0.00007108 
0.00007100 
0.00007086 
0.00007108 
0.00007068 
0.00007068 
0.00007065 
0.00007059 
0.00007041 
0.00007041 
0.00007109 
0.00007100 
0.00007084 
0.00007065 
0.00007062 
0.00007064 
0.00007062 
0.00007060 
0.00007047 
0.00007064 
0.00007050 
0.00007029 
0.00007019 
0.00007043 
0.00007027 
0.00007013 
0.00007031 
0.00007057 
0.00007061 
0.00007050 
0.00007051 
0.00007043 
0.00007044 
0.00007067 
0.00007035 
0.00007048 
0.00007032 
0.00007017 
0.00007038 
0.00007042 
0.00007044 
0.00007043 
0.00007042 
0.00007041 
0.00007058 
0.00007055 
0.00007084 
0.00007069 
0.00007093 
0.00007076 
0.00007087 
0.00007190 
0.00007226 
0.00007242 
0.00007238 
0.00007243 
0.00007286 
0.00007324 
0.00007431 
0.00007422 
0.00007422 
0.00007422 
0.00007419 
0.00007410 
0.00007424 
0.00007400 
0.00007379 
0.00007374 
0.00007318 
0.00007298 
0.00007279 
0.00007279 
0.00007273 
0.00007335 
0.00007361 
0.00007356 
0.00007377 
0.00007309 
0.00007254 
0.00007235 
0.00007178 
0.00007200 
0.00007246 
0.00007240 
0.00007217 
0.00007232 
0.00007257 
0.00007378 
0.00007408 
0.00007408 
0.00007393 
0.00007349 
0.00007323 
0.00007220 
0.00007262 
0.00007184 
0.00007222 
0.00007162 
0.00007150 
0.00007179 
0.00007085 
0.00007082 
0.00007078 
0.00007089 
0.00007032 
0.00006988 
0.00006991 
0.00007031 
0.00006968 
0.00006913 
0.00006906 
0.00006924 
0.00006872 
0.00006848 
0.00006831 
0.00006797 
0.00006807 
0.00006807 
0.00006799 
0.00006834 
0.00006814 
0.00006800 
0.00006832 
0.00006833 
0.00006818 
0.00006812 
0.00006789 
0.00006785 
0.00006758 
0.00006804 
0.00006803 
0.00006794 
0.00006847 
0.00006841 
0.00006794 
0.00006788 
0.00006813 
0.00006786 
0.00006768 
0.00006754 
0.00006736 
0.00006754 
0.00006752 
0.00006753 
0.00006788 
0.00006793 
0.00006811 
0.00006849 
0.00006847 
0.00006785 
0.00006799 
0.00006783 
0.00006766 
0.00006737 
0.00006712 
0.00006755 
0.00006790 
0.00006790 
0.00006789 
0.00006791 
0.00006778 
0.00006780 
0.00006778 
0.00006784 
0.00006785 
0.00006790 
0.00006791 
0.00006798 
0.00006777 
0.00006788 
0.00006800 
0.00006778 
0.00006769 
0.00006744 
0.00006783 
0.00006840 
0.00006847 
0.00006848 
0.00006832 
0.00006849 
0.00006846 
0.00006850 
0.00006703 
0.00006704 
0.00006731 
0.00006733 
0.00006730 
0.00006739 
0.00006762 
0.00006739 
0.00006689 
0.00006727 
0.00006760 
0.00006762 
0.00006797 
0.00006798 
0.00006670 
0.00006636 
0.00006611 
0.00006618 
0.00006600 
0.00006598 
0.00006555 
0.00006599 
0.00006591 
0.00006536 
0.00006562 
0.00006588 
0.00006562 
0.00006572 
0.00006534 
0.00006530 
0.00006529 
0.00006531 
0.00006521 
0.00006521 
0.00006522 
0.00006540 
0.00006544 
0.00006551 
0.00006539 
0.00006480 
0.00006477 
0.00006493 
0.00006480 
0.00006534 
0.00006534 
0.00006536 
0.00006552 
0.00006535 
0.00006556 
0.00006556 
0.00006569 
0.00006594 
0.00006619 
0.00006613 
0.00006618 
0.00006621 
0.00006622 
0.00006619 
0.00006609 
0.00006631 
0.00006630 
0.00006627 
0.00006646 
0.00006631 
0.00006672 
0.00006647 
0.00006590 
0.00006642 
0.00006700 
0.00006711 
0.00006722 
0.00006699 
0.00006743 
0.00006719 
0.00006750 
0.00006750 
0.00006754 
0.00006757 
0.00006747 
0.00006771 
0.00006769 
0.00006773 
0.00006766 
0.00006783 
0.00006783 
0.00006753 
0.00006762 
0.00006745 
0.00006808 
0.00006839 
0.00006867 
0.00006814 
0.00006768 
0.00006763 
0.00006755 
0.00006754 
0.00006757 
0.00006752 
0.00006753 
0.00006752 
0.00006737 
0.00006705 
0.00006750 
0.00006751 
0.00006801 
0.00006830 
0.00006832 
0.00006847 
0.00006851 
0.00006824 
0.00006873 
0.00006892 
0.00006830 
0.00006822 
0.00006885 
0.00006909 
0.00006932 
0.00006938 
0.00006948 
0.00006987 
0.00007041 
0.00007050 
0.00007012 
0.00007027 
0.00007038 
0.00007033 
0.00007043 
0.00007043 
0.00007043 
0.00007044 
0.00007036 
0.00007002 
0.00007048 
0.00007042 
0.00007049 
0.00007054 
0.00007075 
0.00007190 
0.00007227 
0.00007273 
0.00007277 
0.00007247 
0.00007284 
0.00007338 
0.00007327 
0.00007345 
0.00007336 
0.00007328 
0.00007308 
0.00007331 
0.00007316 
0.00007375 
0.00007378 
0.00007450 
0.00007407 
0.00007376 
0.00007283 
0.00007261 
0.00007270 
0.00007249 
0.00007239 
0.00007181 
0.00007278 
0.00007398 
0.00007492 
0.00007442 
0.00007452 
0.00007493 
0.00007532 
0.00007591 
0.00007444 
0.00007428 
0.00007444 
0.00007374 
0.00007400 
0.00007397 
0.00007393 
0.00007355 
0.00007381 
0.00007306 
0.00007298 
0.00007325 
0.00007223 
0.00007244 
0.00007141 
0.00007155 
0.00007097 
0.00007015 
0.00006961 
0.00006921 
0.00006922 
0.00006934 
0.00006933 
0.00006934 
0.00006934 
0.00006886 
0.00006887 
0.00006903 
0.00006903 
0.00006897 
0.00006892 
0.00006898 
0.00006925 
0.00006924 
0.00006932 
0.00006936 
0.00006936 
0.00006930 
0.00006930 
0.00006932 
0.00006980 
0.00006986 
0.00006980 
0.00006999 
0.00006992 
0.00006920 
0.00006890 
0.00006881 
0.00006871 
0.00006920 
0.00006920 
0.00006920 
0.00006920 
0.00006924 
0.00006908 
0.00006947 
0.00006967 
0.00006938 
0.00006998 
0.00007014 
0.00007042 
0.00007042 
0.00007055 
0.00007066 
0.00007129 
0.00007093 
0.00007116 
0.00007145 
0.00007123 
0.00007105 
0.00007105 
0.00007080 
0.00007080 
0.00007059 
0.00007078 
0.00007055 
0.00007051 
0.00007051 
0.00007043 
0.00007012 
0.00007007 
0.00006990 
0.00006989 
0.00006994 
