0.00293690 
0.00294410 
0.00294580 
0.00293180 
0.00293900 
0.00292000 
0.00292170 
0.00293500 
0.00291500 
0.00290200 
0.00289710 
0.00288210 
0.00288800 
0.00288470 
0.00285920 
0.00284040 
0.00284580 
0.00285850 
0.00290000 
0.00296890 
0.00295750 
0.00294620 
0.00295120 
0.00294500 
0.00294100 
0.00295060 
0.00294600 
0.00294590 
0.00295900 
0.00295500 
0.00294020 
0.00296010 
0.00296100 
0.00294890 
0.00288060 
0.00289090 
0.00288990 
0.00289410 
0.00284970 
0.00284990 
0.00284010 
0.00281460 
0.00280710 
0.00281860 
0.00278480 
0.00277980 
0.00277570 
0.00277300 
0.00276200 
0.00277440 
0.00273010 
0.00281240 
0.00281480 
0.00279600 
0.00277880 
0.00276270 
0.00277910 
0.00278540 
0.00276310 
0.00274600 
0.00274090 
0.00273470 
0.00273250 
0.00271900 
0.00268460 
0.00268530 
0.00267970 
0.00268540 
0.00268000 
0.00268000 
0.00267410 
0.00268450 
0.00269220 
0.00268480 
0.00267030 
0.00264870 
0.00264860 
0.00262890 
0.00261060 
0.00261070 
0.00258020 
0.00257310 
0.00261910 
0.00264100 
0.00263970 
0.00264910 
0.00263490 
0.00263580 
0.00267460 
0.00269310 
0.00268390 
0.00267000 
0.00267700 
0.00268940 
0.00266230 
0.00266000 
0.00271730 
0.00265290 
0.00264380 
0.00269000 
0.00265560 
0.00263000 
0.00265710 
0.00269050 
0.00270910 
0.00270330 
0.00271190 
0.00272010 
0.00270020 
0.00270690 
0.00269390 
0.00269430 
0.00266770 
0.00270500 
0.00275800 
0.00275010 
0.00276440 
0.00273470 
0.00277190 
0.00279490 
0.00277500 
0.00277060 
0.00278000 
0.00278070 
0.00280990 
0.00278800 
0.00278230 
0.00272250 
0.00271300 
0.00263990 
0.00264040 
0.00263580 
0.00263690 
0.00265040 
0.00265440 
0.00269390 
0.00267440 
0.00269990 
0.00272510 
0.00272500 
0.00272510 
0.00272520 
0.00265050 
0.00265940 
0.00268080 
0.00274890 
0.00279890 
0.00272040 
0.00268060 
0.00274050 
0.00278250 
0.00286560 
0.00279410 
0.00279170 
0.00276250 
0.00273950 
0.00282090 
0.00273470 
0.00267110 
0.00266050 
0.00261260 
0.00258740 
0.00258550 
0.00257000 
0.00259060 
0.00249590 
0.00250130 
0.00251920 
0.00251620 
0.00253380 
0.00251420 
0.00249850 
0.00247000 
0.00246860 
0.00243850 
0.00245990 
0.00244490 
0.00243850 
0.00242650 
0.00244980 
0.00245660 
0.00246990 
0.00246000 
0.00244590 
0.00243960 
0.00242030 
0.00243330 
0.00243890 
0.00244160 
0.00243900 
0.00242350 
0.00242140 
0.00242540 
0.00242830 
0.00242140 
0.00240590 
0.00238430 
0.00238770 
0.00238080 
0.00238990 
0.00238850 
0.00239860 
0.00240990 
0.00241860 
0.00240700 
0.00240490 
0.00238270 
0.00238280 
0.00239220 
0.00241370 
0.00242110 
0.00243490 
0.00244110 
0.00243150 
0.00241480 
0.00240200 
0.00240960 
0.00241110 
0.00241670 
0.00239220 
0.00241080 
0.00244140 
0.00242130 
0.00243790 
0.00246000 
0.00246830 
0.00247470 
0.00247320 
0.00247230 
0.00247290 
0.00248620 
0.00248490 
0.00245670 
0.00245460 
0.00247150 
0.00247230 
0.00247410 
0.00249580 
0.00251980 
0.00249490 
0.00243740 
0.00249190 
0.00249000 
0.00245550 
0.00245470 
0.00243740 
0.00241990 
0.00239970 
0.00239360 
0.00235550 
0.00236030 
0.00234400 
0.00232980 
0.00232420 
0.00232250 
0.00231720 
0.00231270 
0.00229810 
0.00230330 
0.00229980 
0.00229840 
0.00229460 
0.00231800 
0.00228730 
0.00228730 
0.00229100 
0.00229020 
0.00229790 
0.00228930 
0.00228030 
0.00229010 
0.00231040 
0.00231580 
0.00234600 
0.00230990 
0.00231480 
0.00231110 
0.00233840 
0.00235000 
0.00234100 
0.00232900 
0.00231690 
0.00232250 
0.00232590 
0.00233100 
0.00233050 
0.00233640 
0.00233400 
0.00232550 
0.00233760 
0.00233170 
0.00232050 
0.00231020 
0.00230430 
0.00232100 
0.00230300 
0.00230490 
0.00231870 
0.00231550 
0.00231360 
0.00232360 
0.00231720 
0.00230050 
0.00230120 
0.00230410 
0.00232350 
0.00233000 
0.00235080 
0.00232990 
0.00233790 
0.00232470 
0.00233400 
0.00236680 
0.00242010 
0.00241540 
0.00242540 
0.00241780 
0.00239070 
0.00237330 
0.00239950 
0.00236970 
0.00232990 
0.00230990 
0.00230080 
0.00229530 
0.00228090 
0.00228510 
0.00229090 
0.00230450 
0.00230520 
0.00225890 
0.00227240 
0.00229090 
0.00229590 
0.00229190 
0.00229750 
0.00230620 
0.00230950 
0.00232200 
0.00232370 
0.00232360 
0.00233750 
0.00232230 
0.00233540 
0.00234460 
0.00234790 
0.00236430 
0.00237010 
0.00237370 
0.00236580 
0.00235960 
0.00234290 
0.00232700 
0.00235860 
0.00234980 
0.00234980 
0.00233380 
0.00233480 
0.00234050 
0.00233290 
0.00235600 
0.00236270 
0.00236090 
0.00236500 
0.00235820 
0.00236580 
0.00236630 
0.00236970 
0.00238840 
0.00240000 
0.00239650 
0.00239500 
0.00239190 
0.00239100 
0.00239070 
0.00244300 
0.00247070 
0.00245980 
0.00246780 
0.00245980 
0.00240000 
0.00240140 
0.00241660 
0.00240600 
0.00239460 
0.00240290 
0.00240740 
0.00243350 
0.00245370 
0.00246700 
0.00246690 
0.00247190 
0.00246380 
0.00243760 
0.00240470 
0.00239660 
0.00241050 
0.00242720 
0.00241990 
0.00240830 
0.00241650 
0.00243240 
0.00241590 
0.00242400 
0.00244200 
0.00244970 
0.00245920 
0.00249250 
0.00249900 
0.00250010 
0.00249980 
0.00250200 
0.00251440 
0.00251810 
0.00252720 
0.00252960 
0.00251860 
0.00252660 
0.00253160 
0.00251740 
0.00251520 
0.00250090 
0.00250630 
0.00250770 
0.00252070 
0.00255000 
0.00259190 
0.00257550 
0.00255050 
0.00254930 
0.00255920 
0.00254690 
0.00253830 
0.00255300 
0.00252700 
0.00252700 
0.00253890 
0.00251880 
0.00250150 
0.00250260 
0.00252360 
0.00252100 
0.00247490 
0.00249640 
0.00250020 
0.00247910 
0.00250400 
0.00253990 
0.00253680 
0.00249450 
0.00249600 
0.00247430 
0.00246860 
0.00246400 
0.00248000 
0.00246830 
0.00245430 
0.00248010 
0.00251920 
0.00255000 
0.00256140 
0.00255990 
0.00257070 
0.00258130 
0.00259290 
0.00256340 
0.00256380 
0.00255190 
0.00255120 
0.00253690 
0.00253830 
0.00253830 
0.00253240 
0.00254820 
0.00255950 
0.00253300 
0.00251980 
0.00250500 
0.00249650 
0.00247900 
0.00293690 
0.00294410 
0.00294580 
0.00293180 
0.00293900 
0.00292000 
0.00292170 
0.00293500 
0.00291500 
0.00290200 
0.00289710 
0.00288210 
0.00288800 
0.00288470 
0.00285920 
0.00284040 
0.00284580 
0.00285850 
0.00290000 
0.00296890 
0.00295750 
0.00294620 
0.00295120 
0.00294500 
0.00294100 
0.00295060 
0.00294600 
0.00294590 
0.00295900 
0.00295500 
0.00294020 
0.00296010 
0.00296100 
0.00294890 
0.00288060 
0.00289090 
0.00288990 
0.00289410 
0.00284970 
0.00284990 
0.00284010 
0.00281460 
0.00280710 
0.00281860 
0.00278480 
0.00277980 
0.00277570 
0.00277300 
0.00276200 
0.00277440 
0.00273010 
0.00281240 
0.00281480 
0.00279600 
0.00277880 
0.00276270 
0.00277910 
0.00278540 
0.00276310 
0.00274600 
0.00274090 
0.00273470 
0.00273250 
0.00271900 
0.00268460 
0.00268530 
0.00267970 
0.00268540 
0.00268000 
0.00268000 
0.00267410 
0.00268450 
0.00269220 
0.00268480 
0.00267030 
0.00264870 
0.00264860 
0.00262890 
0.00261060 
0.00261070 
0.00258020 
0.00257310 
0.00261910 
0.00264100 
0.00263970 
0.00264910 
0.00263490 
0.00263580 
0.00267460 
0.00269310 
0.00268390 
0.00267000 
0.00267700 
0.00268940 
0.00266230 
0.00266000 
0.00271730 
0.00265290 
0.00264380 
0.00269000 
0.00265560 
0.00263000 
0.00265710 
0.00269050 
0.00270910 
0.00270330 
0.00271190 
0.00272010 
0.00270020 
0.00270690 
0.00269390 
0.00269430 
0.00266770 
0.00270500 
0.00275800 
0.00275010 
0.00276440 
0.00273470 
0.00277190 
0.00279490 
0.00277500 
0.00277060 
0.00278000 
0.00278070 
0.00280990 
0.00278800 
0.00278230 
0.00272250 
0.00271300 
0.00263990 
0.00264040 
0.00263580 
0.00263690 
0.00265040 
0.00265440 
0.00269390 
0.00267440 
0.00269990 
0.00272510 
0.00272500 
0.00272510 
0.00272520 
0.00265050 
0.00265940 
0.00268080 
0.00274890 
0.00279890 
0.00272040 
0.00268060 
0.00274050 
0.00278250 
0.00286560 
0.00279410 
0.00279170 
0.00276250 
0.00273950 
0.00282090 
0.00273470 
0.00267110 
0.00266050 
0.00261260 
0.00258740 
0.00258550 
0.00257000 
0.00259060 
0.00249590 
0.00250130 
0.00251920 
0.00251620 
0.00253380 
0.00251420 
0.00249850 
0.00247000 
0.00246860 
0.00243850 
0.00245990 
0.00244490 
0.00243850 
0.00242650 
0.00244980 
0.00245660 
0.00246990 
0.00246000 
0.00244590 
0.00243960 
0.00242030 
0.00243330 
0.00243890 
0.00244160 
0.00243900 
0.00242350 
0.00242140 
0.00242540 
0.00242830 
0.00242140 
0.00240590 
0.00238430 
0.00238770 
0.00238080 
0.00238990 
0.00238850 
0.00239860 
0.00240990 
0.00241860 
0.00240700 
0.00240490 
0.00238270 
0.00238280 
0.00239220 
0.00241370 
0.00242110 
0.00243490 
0.00244110 
0.00243150 
0.00241480 
0.00240200 
0.00240960 
0.00241110 
0.00241670 
0.00239220 
0.00241080 
0.00244140 
0.00242130 
0.00243790 
0.00246000 
0.00246830 
0.00247470 
0.00247320 
0.00247230 
0.00247290 
0.00248620 
0.00248490 
0.00245670 
0.00245460 
0.00247150 
0.00247230 
0.00247410 
0.00249580 
0.00251980 
0.00249490 
0.00243740 
0.00249190 
0.00249000 
0.00245550 
0.00245470 
0.00243740 
0.00241990 
0.00239970 
0.00239360 
0.00235550 
0.00236030 
0.00234400 
0.00232980 
0.00232420 
0.00232250 
0.00231720 
0.00231270 
0.00229810 
0.00230330 
0.00229980 
0.00229840 
0.00229460 
0.00231800 
0.00228730 
0.00228730 
0.00229100 
0.00229020 
0.00229790 
0.00228930 
0.00228030 
0.00229010 
0.00231040 
0.00231580 
0.00234600 
0.00230990 
0.00231480 
0.00231110 
0.00233840 
0.00235000 
0.00234100 
0.00232900 
0.00231690 
0.00232250 
0.00232590 
0.00233100 
0.00233050 
0.00233640 
0.00233400 
0.00232550 
0.00233760 
0.00233170 
0.00232050 
0.00231020 
0.00230430 
0.00232100 
0.00230300 
0.00230490 
0.00231870 
0.00231550 
0.00231360 
0.00232360 
0.00231720 
0.00230050 
0.00230120 
0.00230410 
0.00232350 
0.00233000 
0.00235080 
0.00232990 
0.00233790 
0.00232470 
0.00233400 
0.00236680 
0.00242010 
0.00241540 
0.00242540 
0.00241780 
0.00239070 
0.00237330 
0.00239950 
0.00236970 
0.00232990 
0.00230990 
0.00230080 
0.00229530 
0.00228090 
0.00228510 
0.00229090 
0.00230450 
0.00230520 
0.00225890 
0.00227240 
0.00229090 
0.00229590 
0.00229190 
0.00229750 
0.00230620 
0.00230950 
0.00232200 
0.00232370 
0.00232360 
0.00233750 
0.00232230 
0.00233540 
0.00234460 
0.00234790 
0.00236430 
0.00237010 
0.00237370 
0.00236580 
0.00235960 
0.00234290 
0.00232700 
0.00235860 
0.00234980 
0.00234980 
0.00233380 
0.00233480 
0.00234050 
0.00233290 
0.00235600 
0.00236270 
0.00236090 
0.00236500 
0.00235820 
0.00236580 
0.00236630 
0.00236970 
0.00238840 
0.00240000 
0.00239650 
0.00239500 
0.00239190 
0.00239100 
0.00239070 
0.00244300 
0.00247070 
0.00245980 
0.00246780 
0.00245980 
0.00240000 
0.00240140 
0.00241660 
0.00240600 
0.00239460 
0.00240290 
0.00240740 
0.00243350 
0.00245370 
0.00246700 
0.00246690 
0.00247190 
0.00246380 
0.00243760 
0.00240470 
0.00239660 
0.00241050 
0.00242720 
0.00241990 
0.00240830 
0.00241650 
0.00243240 
0.00241590 
0.00242400 
0.00244200 
0.00244970 
0.00245920 
0.00249250 
0.00249900 
0.00250010 
0.00249980 
0.00250200 
0.00251440 
0.00251810 
0.00252720 
0.00252960 
0.00251860 
0.00252660 
0.00253160 
0.00251740 
0.00251520 
0.00250090 
0.00250630 
0.00250770 
0.00252070 
0.00255000 
0.00259190 
0.00257550 
0.00255050 
0.00254930 
0.00255920 
0.00254690 
0.00253830 
0.00255300 
0.00252700 
0.00252700 
0.00253890 
0.00251880 
0.00250150 
0.00250260 
0.00252360 
0.00252100 
0.00247490 
0.00249640 
0.00250020 
0.00247910 
0.00250400 
0.00253990 
0.00253680 
0.00249450 
0.00249600 
0.00247430 
0.00246860 
0.00246400 
0.00248000 
0.00246830 
0.00245430 
0.00248010 
0.00251920 
0.00255000 
0.00256140 
0.00255990 
0.00257070 
0.00258130 
0.00259290 
0.00256340 
0.00256380 
0.00255190 
0.00255120 
0.00253690 
0.00253830 
0.00253830 
0.00253240 
0.00254820 
0.00255950 
0.00253300 
0.00251980 
0.00250500 
0.00249650 
0.00247900 
0.00293690 
0.00294410 
0.00294580 
0.00293180 
0.00293900 
0.00292000 
0.00292170 
0.00293500 
0.00291500 
0.00290200 
0.00289710 
0.00288210 
0.00288800 
0.00288470 
0.00285920 
0.00284040 
0.00284580 
0.00285850 
0.00290000 
0.00296890 
0.00295750 
0.00294620 
0.00295120 
0.00294500 
0.00294100 
0.00295060 
0.00294600 
0.00294590 
0.00295900 
0.00295500 
0.00294020 
0.00296010 
0.00296100 
0.00294890 
0.00288060 
0.00289090 
0.00288990 
0.00289410 
0.00284970 
0.00284990 
0.00284010 
0.00281460 
0.00280710 
0.00281860 
0.00278480 
0.00277980 
0.00277570 
0.00277300 
0.00276200 
0.00277440 
0.00273010 
0.00281240 
0.00281480 
0.00279600 
0.00277880 
0.00276270 
0.00277910 
0.00278540 
0.00276310 
0.00274600 
0.00274090 
0.00273470 
0.00273250 
0.00271900 
0.00268460 
0.00268530 
0.00267970 
0.00268540 
0.00268000 
0.00268000 
0.00267410 
0.00268450 
0.00269220 
0.00268480 
0.00267030 
0.00264870 
0.00264860 
0.00262890 
0.00261060 
0.00261070 
0.00258020 
0.00257310 
0.00261910 
0.00264100 
0.00263970 
0.00264910 
0.00263490 
0.00263580 
0.00267460 
0.00269310 
0.00268390 
0.00267000 
0.00267700 
0.00268940 
0.00266230 
0.00266000 
0.00271730 
0.00265290 
0.00264380 
0.00269000 
0.00265560 
0.00263000 
0.00265710 
0.00269050 
0.00270910 
0.00270330 
0.00271190 
0.00272010 
0.00270020 
0.00270690 
0.00269390 
0.00269430 
0.00266770 
0.00270500 
0.00275800 
0.00275010 
0.00276440 
0.00273470 
0.00277190 
0.00279490 
0.00277500 
0.00277060 
0.00278000 
0.00278070 
0.00280990 
0.00278800 
0.00278230 
0.00272250 
0.00271300 
0.00263990 
0.00264040 
0.00263580 
0.00263690 
0.00265040 
0.00265440 
0.00269390 
0.00267440 
0.00269990 
0.00272510 
0.00272500 
0.00272510 
0.00272520 
0.00265050 
0.00265940 
0.00268080 
0.00274890 
0.00279890 
0.00272040 
0.00268060 
0.00274050 
0.00278250 
0.00286560 
0.00279410 
0.00279170 
0.00276250 
0.00273950 
0.00282090 
0.00273470 
0.00267110 
0.00266050 
0.00261260 
0.00258740 
0.00258550 
0.00257000 
0.00259060 
0.00249590 
0.00250130 
0.00251920 
0.00251620 
0.00253380 
0.00251420 
0.00249850 
0.00247000 
0.00246860 
0.00243850 
0.00245990 
0.00244490 
0.00243850 
0.00242650 
0.00244980 
0.00245660 
0.00246990 
0.00246000 
0.00244590 
0.00243960 
0.00242030 
0.00243330 
0.00243890 
0.00244160 
0.00243900 
0.00242350 
0.00242140 
0.00242540 
0.00242830 
0.00242140 
0.00240590 
0.00238430 
0.00238770 
0.00238080 
0.00238990 
0.00238850 
0.00239860 
0.00240990 
0.00241860 
0.00240700 
0.00240490 
0.00238270 
0.00238280 
0.00239220 
0.00241370 
0.00242110 
0.00243490 
0.00244110 
0.00243150 
0.00241480 
0.00240200 
0.00240960 
0.00241110 
0.00241670 
0.00239220 
0.00241080 
0.00244140 
0.00242130 
0.00243790 
0.00246000 
0.00246830 
0.00247470 
0.00247320 
0.00247230 
0.00247290 
0.00248620 
0.00248490 
0.00245670 
0.00245460 
0.00247150 
0.00247230 
0.00247410 
0.00249580 
0.00251980 
0.00249490 
0.00243740 
0.00249190 
0.00249000 
0.00245550 
0.00245470 
0.00243740 
0.00241990 
0.00239970 
0.00239360 
0.00235550 
0.00236030 
0.00234400 
0.00232980 
0.00232420 
0.00232250 
0.00231720 
0.00231270 
0.00229810 
0.00230330 
0.00229980 
0.00229840 
0.00229460 
0.00231800 
0.00228730 
0.00228730 
0.00229100 
0.00229020 
0.00229790 
0.00228930 
0.00228030 
0.00229010 
0.00231040 
0.00231580 
0.00234600 
0.00230990 
0.00231480 
0.00231110 
0.00233840 
0.00235000 
0.00234100 
0.00232900 
0.00231690 
0.00232250 
0.00232590 
0.00233100 
0.00233050 
0.00233640 
0.00233400 
0.00232550 
0.00233760 
0.00233170 
0.00232050 
0.00231020 
0.00230430 
0.00232100 
0.00230300 
0.00230490 
0.00231870 
0.00231550 
0.00231360 
0.00232360 
0.00231720 
0.00230050 
0.00230120 
0.00230410 
0.00232350 
0.00233000 
0.00235080 
0.00232990 
0.00233790 
0.00232470 
0.00233400 
0.00236680 
0.00242010 
0.00241540 
0.00242540 
0.00241780 
0.00239070 
0.00237330 
0.00239950 
0.00236970 
0.00232990 
0.00230990 
0.00230080 
0.00229530 
0.00228090 
0.00228510 
0.00229090 
0.00230450 
0.00230520 
0.00225890 
0.00227240 
0.00229090 
0.00229590 
0.00229190 
0.00229750 
0.00230620 
0.00230950 
0.00232200 
0.00232370 
0.00232360 
0.00233750 
0.00232230 
0.00233540 
0.00234460 
0.00234790 
0.00236430 
0.00237010 
0.00237370 
0.00236580 
0.00235960 
0.00234290 
0.00232700 
0.00235860 
0.00234980 
0.00234980 
0.00233380 
0.00233480 
0.00234050 
0.00233290 
0.00235600 
0.00236270 
0.00236090 
0.00236500 
0.00235820 
0.00236580 
0.00236630 
0.00236970 
0.00238840 
0.00240000 
0.00239650 
0.00239500 
0.00239190 
0.00239100 
0.00239070 
0.00244300 
0.00247070 
0.00245980 
0.00246780 
0.00245980 
0.00240000 
0.00240140 
0.00241660 
0.00240600 
0.00239460 
0.00240290 
0.00240740 
0.00243350 
0.00245370 
0.00246700 
0.00246690 
0.00247190 
0.00246380 
0.00243760 
0.00240470 
0.00239660 
0.00241050 
0.00242720 
0.00241990 
0.00240830 
0.00241650 
0.00243240 
0.00241590 
0.00242400 
0.00244200 
0.00244970 
0.00245920 
0.00249250 
0.00249900 
0.00250010 
0.00249980 
0.00250200 
0.00251440 
0.00251810 
0.00252720 
0.00252960 
0.00251860 
0.00252660 
0.00253160 
0.00251740 
0.00251520 
0.00250090 
0.00250630 
0.00250770 
0.00252070 
0.00255000 
0.00259190 
0.00257550 
0.00255050 
0.00254930 
0.00255920 
0.00254690 
0.00253830 
0.00255300 
0.00252700 
0.00252700 
0.00253890 
0.00251880 
0.00250150 
0.00250260 
0.00252360 
0.00252100 
0.00247490 
0.00249640 
0.00250020 
0.00247910 
0.00250400 
0.00253990 
0.00253680 
0.00249450 
0.00249600 
0.00247430 
0.00246860 
0.00246400 
0.00248000 
0.00246830 
0.00245430 
0.00248010 
0.00251920 
0.00255000 
0.00256140 
0.00255990 
0.00257070 
0.00258130 
0.00259290 
0.00256340 
0.00256380 
0.00255190 
0.00255120 
0.00253690 
0.00253830 
0.00253830 
0.00253240 
0.00254820 
0.00255950 
0.00253300 
0.00251980 
0.00250500 
0.00249650 
0.00247900 
