0.00296000 
0.00293680 
0.00294410 
0.00294580 
0.00294180 
0.00293670 
0.00292070 
0.00292170 
0.00293500 
0.00291580 
0.00290200 
0.00289750 
0.00288210 
0.00288800 
0.00287910 
0.00287640 
0.00284040 
0.00283910 
0.00285850 
0.00290190 
0.00296970 
0.00295840 
0.00295000 
0.00295120 
0.00294500 
0.00294190 
0.00295010 
0.00294600 
0.00295000 
0.00295190 
0.00295500 
0.00294020 
0.00296060 
0.00296100 
0.00293620 
0.00288820 
0.00289050 
0.00288990 
0.00289410 
0.00284780 
0.00284990 
0.00284200 
0.00281530 
0.00280890 
0.00281860 
0.00278270 
0.00277970 
0.00277710 
0.00277200 
0.00276020 
0.00277440 
0.00272440 
0.00281990 
0.00281490 
0.00279580 
0.00277910 
0.00276270 
0.00277900 
0.00278540 
0.00276260 
0.00274730 
0.00274030 
0.00273480 
0.00273450 
0.00271900 
0.00268450 
0.00268570 
0.00268600 
0.00268550 
0.00268980 
0.00268380 
0.00267990 
0.00269350 
0.00269270 
0.00268470 
0.00266920 
0.00264870 
0.00263720 
0.00262800 
0.00260820 
0.00260960 
0.00258020 
0.00258000 
0.00261910 
0.00264190 
0.00265000 
0.00264140 
0.00263530 
0.00263660 
0.00268300 
0.00268150 
0.00268440 
0.00267000 
0.00268000 
0.00267820 
0.00266060 
0.00266010 
0.00271730 
0.00265020 
0.00263400 
0.00268370 
0.00265560 
0.00262850 
0.00265710 
0.00269460 
0.00270910 
0.00270340 
0.00270910 
0.00272740 
0.00270090 
0.00270850 
0.00269390 
0.00269430 
0.00266770 
0.00270500 
0.00275410 
0.00275000 
0.00275450 
0.00273580 
0.00275630 
0.00279500 
0.00277510 
0.00277050 
0.00278000 
0.00278240 
0.00281000 
0.00278820 
0.00278380 
0.00272250 
0.00272270 
0.00263990 
0.00264400 
0.00263580 
0.00263690 
0.00265280 
0.00265480 
0.00269540 
0.00267440 
0.00269990 
0.00272510 
0.00272500 
0.00272510 
0.00272490 
0.00265050 
0.00267340 
0.00268080 
0.00274140 
0.00279890 
0.00272040 
0.00268060 
0.00274020 
0.00279150 
0.00286560 
0.00278710 
0.00278150 
0.00277020 
0.00273610 
0.00282070 
0.00275940 
0.00267000 
0.00267070 
0.00260090 
0.00258740 
0.00259350 
0.00257110 
0.00258580 
0.00250040 
0.00251170 
0.00251920 
0.00253110 
0.00253340 
0.00251150 
0.00249890 
0.00247500 
0.00246830 
0.00243860 
0.00246000 
0.00244500 
0.00243850 
0.00242650 
0.00244420 
0.00245840 
0.00247950 
0.00246000 
0.00244590 
0.00244000 
0.00242880 
0.00243310 
0.00243890 
0.00244890 
0.00244900 
0.00240870 
0.00240940 
0.00243390 
0.00242850 
0.00242010 
0.00240660 
0.00238630 
0.00238190 
0.00238880 
0.00238330 
0.00239000 
0.00240000 
0.00240990 
0.00241900 
0.00240700 
0.00238570 
0.00238270 
0.00238280 
0.00239930 
0.00241370 
0.00243070 
0.00243500 
0.00244110 
0.00243460 
0.00241650 
0.00240130 
0.00240090 
0.00241730 
0.00242040 
0.00239210 
0.00241000 
0.00244130 
0.00241490 
0.00243620 
0.00245180 
0.00246450 
0.00247470 
0.00246280 
0.00247230 
0.00247500 
0.00248600 
0.00248460 
0.00245670 
0.00245670 
0.00247150 
0.00248140 
0.00247340 
0.00249580 
0.00251990 
0.00248020 
0.00243750 
0.00249230 
0.00248740 
0.00245310 
0.00245020 
0.00247460 
0.00242000 
0.00239980 
0.00236440 
0.00235440 
0.00236800 
0.00236770 
0.00232980 
0.00232420 
0.00232290 
0.00232420 
0.00231900 
0.00230490 
0.00230340 
0.00229980 
0.00230890 
0.00229570 
0.00230800 
0.00228320 
0.00228730 
0.00229800 
0.00228950 
0.00229170 
0.00228930 
0.00228880 
0.00230300 
0.00230770 
0.00231580 
0.00234640 
0.00230910 
0.00231480 
0.00231480 
0.00234000 
0.00235550 
0.00234710 
0.00234320 
0.00231040 
0.00232240 
0.00232580 
0.00233550 
0.00233080 
0.00233630 
0.00233400 
0.00233550 
0.00233640 
0.00235300 
0.00232190 
0.00231020 
0.00232150 
0.00231680 
0.00230420 
0.00230600 
0.00231500 
0.00232290 
0.00231280 
0.00232470 
0.00231830 
0.00232080 
0.00230240 
0.00230410 
0.00232550 
0.00232550 
0.00235080 
0.00232550 
0.00232740 
0.00232710 
0.00233550 
0.00236680 
0.00242690 
0.00241430 
0.00242510 
0.00241780 
0.00239160 
0.00237810 
0.00236800 
0.00236980 
0.00232940 
0.00230990 
0.00230080 
0.00229480 
0.00227440 
0.00228830 
0.00229090 
0.00230000 
0.00230790 
0.00226730 
0.00227990 
0.00229530 
0.00229710 
0.00229190 
0.00229230 
0.00230630 
0.00231000 
0.00232200 
0.00232510 
0.00232360 
0.00233750 
0.00232230 
0.00233140 
0.00233750 
0.00234230 
0.00236440 
0.00237010 
0.00237370 
0.00236580 
0.00235950 
0.00234280 
0.00232700 
0.00236110 
0.00234520 
0.00232440 
0.00232200 
0.00233350 
0.00233260 
0.00232700 
0.00235600 
0.00235630 
0.00235600 
0.00236470 
0.00236450 
0.00236580 
0.00237320 
0.00235760 
0.00238020 
0.00240000 
0.00240560 
0.00239700 
0.00238600 
0.00239650 
0.00239070 
0.00244650 
0.00246960 
0.00245030 
0.00245070 
0.00245960 
0.00240190 
0.00239520 
0.00241610 
0.00240620 
0.00239550 
0.00239260 
0.00240300 
0.00244200 
0.00245070 
0.00247180 
0.00247690 
0.00246500 
0.00246380 
0.00243920 
0.00240520 
0.00241690 
0.00241050 
0.00242840 
0.00241240 
0.00240800 
0.00242200 
0.00243750 
0.00241570 
0.00241300 
0.00244210 
0.00244200 
0.00243810 
0.00249750 
0.00249910 
0.00250100 
0.00249980 
0.00250550 
0.00251710 
0.00252910 
0.00252710 
0.00252980 
0.00252690 
0.00253280 
0.00252640 
0.00251210 
0.00251530 
0.00250080 
0.00250630 
0.00250800 
0.00251730 
0.00254600 
0.00257350 
0.00257550 
0.00254610 
0.00254930 
0.00256140 
0.00254910 
0.00254480 
0.00255400 
0.00252330 
0.00253150 
0.00253540 
0.00252880 
0.00250200 
0.00250260 
0.00252870 
0.00251620 
0.00248960 
0.00249840 
0.00250030 
0.00249160 
0.00252290 
0.00253990 
0.00253680 
0.00249560 
0.00249780 
0.00246530 
0.00246870 
0.00246500 
0.00248290 
0.00246830 
0.00245410 
0.00248000 
0.00250330 
0.00255460 
0.00256210 
0.00255990 
0.00257070 
0.00257630 
0.00258460 
0.00257280 
0.00257210 
0.00255140 
0.00255140 
0.00253690 
0.00253060 
0.00253840 
0.00253830 
0.00254860 
0.00255390 
0.00253250 
0.00251510 
0.00250400 
0.00249650 
0.00296000 
0.00293680 
0.00294410 
0.00294580 
0.00294180 
0.00293670 
0.00292070 
0.00292170 
0.00293500 
0.00291580 
0.00290200 
0.00289750 
0.00288210 
0.00288800 
0.00287910 
0.00287640 
0.00284040 
0.00283910 
0.00285850 
0.00290190 
0.00296970 
0.00295840 
0.00295000 
0.00295120 
0.00294500 
0.00294190 
0.00295010 
0.00294600 
0.00295000 
0.00295190 
0.00295500 
0.00294020 
0.00296060 
0.00296100 
0.00293620 
0.00288820 
0.00289050 
0.00288990 
0.00289410 
0.00284780 
0.00284990 
0.00284200 
0.00281530 
0.00280890 
0.00281860 
0.00278270 
0.00277970 
0.00277710 
0.00277200 
0.00276020 
0.00277440 
0.00272440 
0.00281990 
0.00281490 
0.00279580 
0.00277910 
0.00276270 
0.00277900 
0.00278540 
0.00276260 
0.00274730 
0.00274030 
0.00273480 
0.00273450 
0.00271900 
0.00268450 
0.00268570 
0.00268600 
0.00268550 
0.00268980 
0.00268380 
0.00267990 
0.00269350 
0.00269270 
0.00268470 
0.00266920 
0.00264870 
0.00263720 
0.00262800 
0.00260820 
0.00260960 
0.00258020 
0.00258000 
0.00261910 
0.00264190 
0.00265000 
0.00264140 
0.00263530 
0.00263660 
0.00268300 
0.00268150 
0.00268440 
0.00267000 
0.00268000 
0.00267820 
0.00266060 
0.00266010 
0.00271730 
0.00265020 
0.00263400 
0.00268370 
0.00265560 
0.00262850 
0.00265710 
0.00269460 
0.00270910 
0.00270340 
0.00270910 
0.00272740 
0.00270090 
0.00270850 
0.00269390 
0.00269430 
0.00266770 
0.00270500 
0.00275410 
0.00275000 
0.00275450 
0.00273580 
0.00275630 
0.00279500 
0.00277510 
0.00277050 
0.00278000 
0.00278240 
0.00281000 
0.00278820 
0.00278380 
0.00272250 
0.00272270 
0.00263990 
0.00264400 
0.00263580 
0.00263690 
0.00265280 
0.00265480 
0.00269540 
0.00267440 
0.00269990 
0.00272510 
0.00272500 
0.00272510 
0.00272490 
0.00265050 
0.00267340 
0.00268080 
0.00274140 
0.00279890 
0.00272040 
0.00268060 
0.00274020 
0.00279150 
0.00286560 
0.00278710 
0.00278150 
0.00277020 
0.00273610 
0.00282070 
0.00275940 
0.00267000 
0.00267070 
0.00260090 
0.00258740 
0.00259350 
0.00257110 
0.00258580 
0.00250040 
0.00251170 
0.00251920 
0.00253110 
0.00253340 
0.00251150 
0.00249890 
0.00247500 
0.00246830 
0.00243860 
0.00246000 
0.00244500 
0.00243850 
0.00242650 
0.00244420 
0.00245840 
0.00247950 
0.00246000 
0.00244590 
0.00244000 
0.00242880 
0.00243310 
0.00243890 
0.00244890 
0.00244900 
0.00240870 
0.00240940 
0.00243390 
0.00242850 
0.00242010 
0.00240660 
0.00238630 
0.00238190 
0.00238880 
0.00238330 
0.00239000 
0.00240000 
0.00240990 
0.00241900 
0.00240700 
0.00238570 
0.00238270 
0.00238280 
0.00239930 
0.00241370 
0.00243070 
0.00243500 
0.00244110 
0.00243460 
0.00241650 
0.00240130 
0.00240090 
0.00241730 
0.00242040 
0.00239210 
0.00241000 
0.00244130 
0.00241490 
0.00243620 
0.00245180 
0.00246450 
0.00247470 
0.00246280 
0.00247230 
0.00247500 
0.00248600 
0.00248460 
0.00245670 
0.00245670 
0.00247150 
0.00248140 
0.00247340 
0.00249580 
0.00251990 
0.00248020 
0.00243750 
0.00249230 
0.00248740 
0.00245310 
0.00245020 
0.00247460 
0.00242000 
0.00239980 
0.00236440 
0.00235440 
0.00236800 
0.00236770 
0.00232980 
0.00232420 
0.00232290 
0.00232420 
0.00231900 
0.00230490 
0.00230340 
0.00229980 
0.00230890 
0.00229570 
0.00230800 
0.00228320 
0.00228730 
0.00229800 
0.00228950 
0.00229170 
0.00228930 
0.00228880 
0.00230300 
0.00230770 
0.00231580 
0.00234640 
0.00230910 
0.00231480 
0.00231480 
0.00234000 
0.00235550 
0.00234710 
0.00234320 
0.00231040 
0.00232240 
0.00232580 
0.00233550 
0.00233080 
0.00233630 
0.00233400 
0.00233550 
0.00233640 
0.00235300 
0.00232190 
0.00231020 
0.00232150 
0.00231680 
0.00230420 
0.00230600 
0.00231500 
0.00232290 
0.00231280 
0.00232470 
0.00231830 
0.00232080 
0.00230240 
0.00230410 
0.00232550 
0.00232550 
0.00235080 
0.00232550 
0.00232740 
0.00232710 
0.00233550 
0.00236680 
0.00242690 
0.00241430 
0.00242510 
0.00241780 
0.00239160 
0.00237810 
0.00236800 
0.00236980 
0.00232940 
0.00230990 
0.00230080 
0.00229480 
0.00227440 
0.00228830 
0.00229090 
0.00230000 
0.00230790 
0.00226730 
0.00227990 
0.00229530 
0.00229710 
0.00229190 
0.00229230 
0.00230630 
0.00231000 
0.00232200 
0.00232510 
0.00232360 
0.00233750 
0.00232230 
0.00233140 
0.00233750 
0.00234230 
0.00236440 
0.00237010 
0.00237370 
0.00236580 
0.00235950 
0.00234280 
0.00232700 
0.00236110 
0.00234520 
0.00232440 
0.00232200 
0.00233350 
0.00233260 
0.00232700 
0.00235600 
0.00235630 
0.00235600 
0.00236470 
0.00236450 
0.00236580 
0.00237320 
0.00235760 
0.00238020 
0.00240000 
0.00240560 
0.00239700 
0.00238600 
0.00239650 
0.00239070 
0.00244650 
0.00246960 
0.00245030 
0.00245070 
0.00245960 
0.00240190 
0.00239520 
0.00241610 
0.00240620 
0.00239550 
0.00239260 
0.00240300 
0.00244200 
0.00245070 
0.00247180 
0.00247690 
0.00246500 
0.00246380 
0.00243920 
0.00240520 
0.00241690 
0.00241050 
0.00242840 
0.00241240 
0.00240800 
0.00242200 
0.00243750 
0.00241570 
0.00241300 
0.00244210 
0.00244200 
0.00243810 
0.00249750 
0.00249910 
0.00250100 
0.00249980 
0.00250550 
0.00251710 
0.00252910 
0.00252710 
0.00252980 
0.00252690 
0.00253280 
0.00252640 
0.00251210 
0.00251530 
0.00250080 
0.00250630 
0.00250800 
0.00251730 
0.00254600 
0.00257350 
0.00257550 
0.00254610 
0.00254930 
0.00256140 
0.00254910 
0.00254480 
0.00255400 
0.00252330 
0.00253150 
0.00253540 
0.00252880 
0.00250200 
0.00250260 
0.00252870 
0.00251620 
0.00248960 
0.00249840 
0.00250030 
0.00249160 
0.00252290 
0.00253990 
0.00253680 
0.00249560 
0.00249780 
0.00246530 
0.00246870 
0.00246500 
0.00248290 
0.00246830 
0.00245410 
0.00248000 
0.00250330 
0.00255460 
0.00256210 
0.00255990 
0.00257070 
0.00257630 
0.00258460 
0.00257280 
0.00257210 
0.00255140 
0.00255140 
0.00253690 
0.00253060 
0.00253840 
0.00253830 
0.00254860 
0.00255390 
0.00253250 
0.00251510 
0.00250400 
0.00249650 
0.00296000 
0.00293680 
0.00294410 
0.00294580 
0.00294180 
0.00293670 
0.00292070 
0.00292170 
0.00293500 
0.00291580 
0.00290200 
0.00289750 
0.00288210 
0.00288800 
0.00287910 
0.00287640 
0.00284040 
0.00283910 
0.00285850 
0.00290190 
0.00296970 
0.00295840 
0.00295000 
0.00295120 
0.00294500 
0.00294190 
0.00295010 
0.00294600 
0.00295000 
0.00295190 
0.00295500 
0.00294020 
0.00296060 
0.00296100 
0.00293620 
0.00288820 
0.00289050 
0.00288990 
0.00289410 
0.00284780 
0.00284990 
0.00284200 
0.00281530 
0.00280890 
0.00281860 
0.00278270 
0.00277970 
0.00277710 
0.00277200 
0.00276020 
0.00277440 
0.00272440 
0.00281990 
0.00281490 
0.00279580 
0.00277910 
0.00276270 
0.00277900 
0.00278540 
0.00276260 
0.00274730 
0.00274030 
0.00273480 
0.00273450 
0.00271900 
0.00268450 
0.00268570 
0.00268600 
0.00268550 
0.00268980 
0.00268380 
0.00267990 
0.00269350 
0.00269270 
0.00268470 
0.00266920 
0.00264870 
0.00263720 
0.00262800 
0.00260820 
0.00260960 
0.00258020 
0.00258000 
0.00261910 
0.00264190 
0.00265000 
0.00264140 
0.00263530 
0.00263660 
0.00268300 
0.00268150 
0.00268440 
0.00267000 
0.00268000 
0.00267820 
0.00266060 
0.00266010 
0.00271730 
0.00265020 
0.00263400 
0.00268370 
0.00265560 
0.00262850 
0.00265710 
0.00269460 
0.00270910 
0.00270340 
0.00270910 
0.00272740 
0.00270090 
0.00270850 
0.00269390 
0.00269430 
0.00266770 
0.00270500 
0.00275410 
0.00275000 
0.00275450 
0.00273580 
0.00275630 
0.00279500 
0.00277510 
0.00277050 
0.00278000 
0.00278240 
0.00281000 
0.00278820 
0.00278380 
0.00272250 
0.00272270 
0.00263990 
0.00264400 
0.00263580 
0.00263690 
0.00265280 
0.00265480 
0.00269540 
0.00267440 
0.00269990 
0.00272510 
0.00272500 
0.00272510 
0.00272490 
0.00265050 
0.00267340 
0.00268080 
0.00274140 
0.00279890 
0.00272040 
0.00268060 
0.00274020 
0.00279150 
0.00286560 
0.00278710 
0.00278150 
0.00277020 
0.00273610 
0.00282070 
0.00275940 
0.00267000 
0.00267070 
0.00260090 
0.00258740 
0.00259350 
0.00257110 
0.00258580 
0.00250040 
0.00251170 
0.00251920 
0.00253110 
0.00253340 
0.00251150 
0.00249890 
0.00247500 
0.00246830 
0.00243860 
0.00246000 
0.00244500 
0.00243850 
0.00242650 
0.00244420 
0.00245840 
0.00247950 
0.00246000 
0.00244590 
0.00244000 
0.00242880 
0.00243310 
0.00243890 
0.00244890 
0.00244900 
0.00240870 
0.00240940 
0.00243390 
0.00242850 
0.00242010 
0.00240660 
0.00238630 
0.00238190 
0.00238880 
0.00238330 
0.00239000 
0.00240000 
0.00240990 
0.00241900 
0.00240700 
0.00238570 
0.00238270 
0.00238280 
0.00239930 
0.00241370 
0.00243070 
0.00243500 
0.00244110 
0.00243460 
0.00241650 
0.00240130 
0.00240090 
0.00241730 
0.00242040 
0.00239210 
0.00241000 
0.00244130 
0.00241490 
0.00243620 
0.00245180 
0.00246450 
0.00247470 
0.00246280 
0.00247230 
0.00247500 
0.00248600 
0.00248460 
0.00245670 
0.00245670 
0.00247150 
0.00248140 
0.00247340 
0.00249580 
0.00251990 
0.00248020 
0.00243750 
0.00249230 
0.00248740 
0.00245310 
0.00245020 
0.00247460 
0.00242000 
0.00239980 
0.00236440 
0.00235440 
0.00236800 
0.00236770 
0.00232980 
0.00232420 
0.00232290 
0.00232420 
0.00231900 
0.00230490 
0.00230340 
0.00229980 
0.00230890 
0.00229570 
0.00230800 
0.00228320 
0.00228730 
0.00229800 
0.00228950 
0.00229170 
0.00228930 
0.00228880 
0.00230300 
0.00230770 
0.00231580 
0.00234640 
0.00230910 
0.00231480 
0.00231480 
0.00234000 
0.00235550 
0.00234710 
0.00234320 
0.00231040 
0.00232240 
0.00232580 
0.00233550 
0.00233080 
0.00233630 
0.00233400 
0.00233550 
0.00233640 
0.00235300 
0.00232190 
0.00231020 
0.00232150 
0.00231680 
0.00230420 
0.00230600 
0.00231500 
0.00232290 
0.00231280 
0.00232470 
0.00231830 
0.00232080 
0.00230240 
0.00230410 
0.00232550 
0.00232550 
0.00235080 
0.00232550 
0.00232740 
0.00232710 
0.00233550 
0.00236680 
0.00242690 
0.00241430 
0.00242510 
0.00241780 
0.00239160 
0.00237810 
0.00236800 
0.00236980 
0.00232940 
0.00230990 
0.00230080 
0.00229480 
0.00227440 
0.00228830 
0.00229090 
0.00230000 
0.00230790 
0.00226730 
0.00227990 
0.00229530 
0.00229710 
0.00229190 
0.00229230 
0.00230630 
0.00231000 
0.00232200 
0.00232510 
0.00232360 
0.00233750 
0.00232230 
0.00233140 
0.00233750 
0.00234230 
0.00236440 
0.00237010 
0.00237370 
0.00236580 
0.00235950 
0.00234280 
0.00232700 
0.00236110 
0.00234520 
0.00232440 
0.00232200 
0.00233350 
0.00233260 
0.00232700 
0.00235600 
0.00235630 
0.00235600 
0.00236470 
0.00236450 
0.00236580 
0.00237320 
0.00235760 
0.00238020 
0.00240000 
0.00240560 
0.00239700 
0.00238600 
0.00239650 
0.00239070 
0.00244650 
0.00246960 
0.00245030 
0.00245070 
0.00245960 
0.00240190 
0.00239520 
0.00241610 
0.00240620 
0.00239550 
0.00239260 
0.00240300 
0.00244200 
0.00245070 
0.00247180 
0.00247690 
0.00246500 
0.00246380 
0.00243920 
0.00240520 
0.00241690 
0.00241050 
0.00242840 
0.00241240 
0.00240800 
0.00242200 
0.00243750 
0.00241570 
0.00241300 
0.00244210 
0.00244200 
0.00243810 
0.00249750 
0.00249910 
0.00250100 
0.00249980 
0.00250550 
0.00251710 
0.00252910 
0.00252710 
0.00252980 
0.00252690 
0.00253280 
0.00252640 
0.00251210 
0.00251530 
0.00250080 
0.00250630 
0.00250800 
0.00251730 
0.00254600 
0.00257350 
0.00257550 
0.00254610 
0.00254930 
0.00256140 
0.00254910 
0.00254480 
0.00255400 
0.00252330 
0.00253150 
0.00253540 
0.00252880 
0.00250200 
0.00250260 
0.00252870 
0.00251620 
0.00248960 
0.00249840 
0.00250030 
0.00249160 
0.00252290 
0.00253990 
0.00253680 
0.00249560 
0.00249780 
0.00246530 
0.00246870 
0.00246500 
0.00248290 
0.00246830 
0.00245410 
0.00248000 
0.00250330 
0.00255460 
0.00256210 
0.00255990 
0.00257070 
0.00257630 
0.00258460 
0.00257280 
0.00257210 
0.00255140 
0.00255140 
0.00253690 
0.00253060 
0.00253840 
0.00253830 
0.00254860 
0.00255390 
0.00253250 
0.00251510 
0.00250400 
0.00249650 
