0.02703200 
0.02703200 
0.02703200 
0.02702900 
0.02703100 
0.02702300 
0.02700500 
0.02710500 
0.02706300 
0.02710900 
0.02703800 
0.02710800 
0.02700500 
0.02700300 
0.02697200 
0.02693400 
0.02693400 
0.02693300 
0.02693500 
0.02693600 
0.02693600 
0.02690100 
0.02676600 
0.02687200 
0.02687200 
0.02684900 
0.02684200 
0.02672500 
0.02684700 
0.02684400 
0.02673900 
0.02673400 
0.02684700 
0.02684900 
0.02684900 
0.02684900 
0.02667700 
0.02690100 
0.02690000 
0.02699400 
0.02698900 
0.02689400 
0.02699900 
0.02698400 
0.02698300 
0.02698300 
0.02698400 
0.02698600 
0.02689200 
0.02700000 
0.02699300 
0.02699400 
0.02698600 
0.02696100 
0.02693900 
0.02694000 
0.02693900 
0.02699200 
0.02694400 
0.02687600 
0.02688500 
0.02697100 
0.02697500 
0.02697500 
0.02698000 
0.02697500 
0.02697500 
0.02697500 
0.02697400 
0.02698000 
0.02685200 
0.02684900 
0.02676200 
0.02674900 
0.02672700 
0.02672400 
0.02672400 
0.02677700 
0.02677700 
0.02685400 
0.02683700 
0.02682600 
0.02683400 
0.02682500 
0.02699500 
0.02699500 
0.02699500 
0.02699300 
0.02699200 
0.02695000 
0.02695000 
0.02699500 
0.02699500 
0.02698000 
0.02690000 
0.02688700 
0.02688700 
0.02682100 
0.02682000 
0.02682000 
0.02682000 
0.02682000 
0.02682000 
0.02682000 
0.02681900 
0.02681900 
0.02681900 
0.02681600 
0.02681900 
0.02681900 
0.02681900 
0.02673200 
0.02681800 
0.02681800 
0.02681800 
0.02681700 
0.02680100 
0.02672400 
0.02680000 
0.02681100 
0.02681800 
0.02672600 
0.02681800 
0.02681400 
0.02681400 
0.02681900 
0.02681800 
0.02681900 
0.02681400 
0.02681800 
0.02672400 
0.02680100 
0.02672400 
0.02672500 
0.02672400 
0.02672100 
0.02671100 
0.02671100 
0.02671100 
0.02670000 
0.02670000 
0.02670000 
0.02669800 
0.02667900 
0.02667900 
0.02660300 
0.02660000 
0.02656500 
0.02654900 
0.02655100 
0.02651700 
0.02651800 
0.02649900 
0.02650000 
0.02649300 
0.02631900 
0.02625000 
0.02624600 
0.02627200 
0.02647100 
0.02646800 
0.02645700 
0.02645600 
0.02643600 
0.02639400 
0.02638400 
0.02639300 
0.02639400 
0.02627400 
0.02626800 
0.02626700 
0.02621800 
0.02620000 
0.02611600 
0.02617200 
0.02600300 
0.02610100 
0.02598600 
0.02610000 
0.02604400 
0.02604400 
0.02600000 
0.02599100 
0.02605100 
0.02594400 
0.02593800 
0.02600300 
0.02600300 
0.02600500 
0.02590400 
0.02599300 
0.02599200 
0.02598000 
0.02593100 
0.02596900 
0.02589000 
0.02586500 
0.02585900 
0.02591200 
0.02589900 
0.02598200 
0.02599600 
0.02588800 
0.02575700 
0.02572100 
0.02571500 
0.02575300 
0.02576600 
0.02569500 
0.02577600 
0.02568900 
0.02570000 
0.02568900 
0.02575500 
0.02571500 
0.02568900 
0.02569000 
0.02568900 
0.02569400 
0.02551300 
0.02549700 
0.02549700 
0.02548500 
0.02541400 
0.02541600 
0.02530700 
0.02542300 
0.02533900 
0.02533900 
0.02534100 
0.02530000 
0.02538100 
0.02538900 
0.02540000 
0.02531200 
0.02530900 
0.02544600 
0.02540600 
0.02540000 
0.02542600 
0.02542100 
0.02542200 
0.02547200 
0.02541600 
0.02552900 
0.02554300 
0.02554300 
0.02557800 
0.02551700 
0.02556000 
0.02563400 
0.02556000 
0.02565300 
0.02562600 
0.02559900 
0.02559900 
0.02555600 
0.02557900 
0.02557300 
0.02555500 
0.02551800 
0.02550200 
0.02553600 
0.02546500 
0.02546500 
0.02544800 
0.02545200 
0.02539800 
0.02539900 
0.02539900 
0.02539400 
0.02529100 
0.02544600 
0.02529200 
0.02539700 
0.02538100 
0.02548900 
0.02533400 
0.02531900 
0.02531600 
0.02529200 
0.02530100 
0.02531600 
0.02530000 
0.02529200 
0.02529900 
0.02531500 
0.02531600 
0.02531600 
0.02531800 
0.02532200 
0.02512700 
0.02534800 
0.02529900 
0.02536200 
0.02530000 
0.02536400 
0.02536600 
0.02538000 
0.02537800 
0.02539400 
0.02540300 
0.02540900 
0.02541300 
0.02541800 
0.02540300 
0.02548500 
0.02540000 
0.02554500 
0.02561600 
0.02564900 
0.02566200 
0.02571400 
0.02562400 
0.02563100 
0.02586300 
0.02586600 
0.02581700 
0.02581300 
0.02584200 
0.02595500 
0.02595600 
0.02591800 
0.02596000 
0.02597000 
0.02602600 
0.02606200 
0.02606300 
0.02606600 
0.02606700 
0.02603700 
0.02606800 
0.02615500 
0.02610100 
0.02621400 
0.02619300 
0.02613800 
0.02619300 
0.02618000 
0.02618300 
0.02611100 
0.02620800 
0.02622400 
0.02623500 
0.02625200 
0.02616400 
0.02623400 
0.02627600 
0.02614500 
0.02614600 
0.02617300 
0.02603900 
0.02607100 
0.02620900 
0.02603900 
0.02617900 
0.02605200 
0.02617800 
0.02631700 
0.02639900 
0.02577500 
0.02572800 
0.02573300 
0.02586300 
0.02588300 
0.02572000 
0.02597100 
0.02587600 
0.02593300 
0.02590200 
0.02590200 
0.02582500 
0.02581200 
0.02599300 
0.02586400 
0.02577800 
0.02583200 
0.02583200 
0.02577400 
0.02577000 
0.02571800 
0.02569100 
0.02565100 
0.02561800 
0.02552600 
0.02560300 
0.02555800 
0.02555700 
0.02567500 
0.02567400 
0.02571900 
0.02572900 
0.02552500 
0.02560500 
0.02577300 
0.02557400 
0.02570800 
0.02571000 
0.02571000 
0.02571000 
0.02570900 
0.02570900 
0.02570800 
0.02567700 
0.02557600 
0.02564000 
0.02556100 
0.02555900 
0.02555600 
0.02555500 
0.02555500 
0.02555500 
0.02555500 
0.02560100 
0.02560600 
0.02552400 
0.02543000 
0.02549100 
0.02556800 
0.02531000 
0.02538500 
0.02546600 
0.02560800 
0.02559900 
0.02557700 
0.02559300 
0.02548800 
0.02558100 
0.02558300 
0.02557000 
0.02557600 
0.02542100 
0.02550800 
0.02558400 
0.02551500 
0.02550500 
0.02552100 
0.02550300 
0.02550000 
0.02544000 
0.02552000 
0.02547900 
0.02540300 
0.02516200 
0.02517600 
0.02514200 
0.02515400 
0.02517500 
0.02527500 
0.02530700 
0.02530700 
0.02522500 
0.02518300 
0.02530900 
0.02523600 
0.02539700 
0.02541300 
0.02540000 
0.02551100 
0.02551000 
0.02557600 
0.02554300 
0.02555300 
0.02557100 
0.02555600 
0.02557000 
0.02552700 
0.02541200 
0.02551400 
0.02536100 
0.02536000 
0.02537800 
0.02535000 
0.02530300 
0.02532400 
0.02533300 
0.02529600 
0.02529600 
0.02530800 
0.02528000 
0.02520700 
0.02530100 
0.02527000 
0.02527000 
0.02517100 
0.02527000 
0.02527000 
0.02527000 
0.02519500 
0.02527000 
0.02524200 
0.02518000 
0.02518000 
0.02517500 
0.02517400 
0.02517500 
0.02517600 
0.02508600 
0.02518200 
0.02508500 
0.02509600 
0.02522000 
0.02524800 
0.02527000 
0.02527100 
0.02526700 
0.02526600 
0.02521000 
0.02517800 
0.02521000 
0.02519400 
0.02510200 
0.02515400 
0.02515400 
0.02515500 
0.02515500 
0.02515500 
0.02515500 
0.02519600 
0.02520100 
0.02515100 
0.02520100 
0.02522100 
0.02508600 
0.02515600 
0.02535000 
0.02535200 
0.02535200 
0.02531400 
0.02535200 
0.02535200 
0.02527700 
0.02535100 
0.02530700 
0.02524200 
0.02535200 
0.02532300 
0.02522900 
0.02522900 
0.02523400 
0.02523400 
0.02515300 
0.02531400 
0.02531900 
0.02532000 
0.02532300 
0.02521000 
0.02513100 
0.02512700 
0.02512300 
0.02521700 
0.02511900 
0.02493200 
0.02500000 
0.02497400 
0.02489800 
0.02489700 
0.02486300 
0.02489800 
0.02489800 
0.02487500 
0.02487500 
0.02485400 
0.02485400 
0.02485400 
0.02485400 
0.02485400 
0.02474900 
0.02474500 
0.02474500 
0.02474600 
0.02474600 
0.02495900 
0.02495900 
0.02466700 
0.02463100 
0.02476500 
0.02474200 
0.02474800 
0.02474800 
0.02475600 
0.02475800 
0.02464700 
0.02454800 
0.02463400 
0.02454500 
0.02460000 
0.02459900 
0.02462400 
0.02464300 
0.02465100 
0.02466900 
0.02470200 
0.02470100 
0.02480700 
0.02478100 
0.02474700 
0.02474700 
0.02482200 
0.02482200 
0.02476300 
0.02476300 
0.02487300 
0.02483100 
0.02489100 
0.02493200 
0.02498200 
0.02498200 
0.02498900 
0.02493000 
0.02483100 
0.02493000 
0.02493000 
0.02493000 
0.02487100 
0.02493000 
0.02493100 
0.02493100 
0.02487100 
0.02487100 
0.02487100 
0.02481800 
0.02481800 
0.02498200 
0.02498000 
0.02498000 
0.02491800 
0.02498900 
0.02499000 
0.02499400 
0.02487100 
0.02487100 
0.02487000 
0.02487000 
0.02485000 
0.02485000 
0.02476000 
0.02479100 
0.02479100 
0.02479100 
0.02479100 
0.02478800 
0.02469200 
0.02469200 
0.02462200 
0.02461000 
0.02461000 
0.02464800 
0.02461900 
0.02462900 
0.02456900 
0.02460500 
0.02453300 
0.02453300 
0.02443100 
0.02443100 
0.02446500 
0.02454800 
0.02454900 
0.02455800 
0.02456100 
0.02456700 
0.02456900 
0.02458600 
0.02459900 
0.02463300 
0.02456900 
0.02466200 
0.02472200 
0.02455500 
0.02467800 
0.02462100 
0.02469200 
0.02470900 
0.02474400 
0.02470000 
0.02469100 
0.02466800 
0.02492100 
0.02480700 
0.02490600 
0.02487600 
0.02493300 
0.02495700 
0.02497100 
0.02500100 
0.02502500 
0.02506300 
0.02500100 
0.02500400 
0.02507300 
0.02517400 
0.02521100 
0.02513600 
0.02532300 
0.02534100 
0.02524500 
0.02524600 
0.02512800 
0.02529200 
0.02531400 
0.02533200 
0.02535200 
0.02542000 
0.02545100 
0.02548100 
0.02543300 
0.02559300 
0.02555300 
0.02561900 
0.02559200 
0.02550500 
0.02581300 
0.02583700 
0.02586000 
0.02582400 
0.02563900 
0.02582500 
0.02560700 
0.02578100 
0.02575100 
0.02569400 
0.02547500 
0.02560000 
0.02573000 
0.02562200 
0.02581500 
0.02562900 
0.02559300 
0.02559300 
0.02539100 
0.02544100 
0.02533600 
0.02530900 
0.02529900 
0.02526000 
0.02537600 
0.02543100 
0.02534500 
0.02527600 
0.02527600 
0.02540000 
0.02536700 
0.02535700 
0.02528100 
0.02517500 
0.02531200 
0.02541800 
0.02519200 
0.02525700 
0.02523300 
0.02517300 
0.02491100 
0.02500000 
0.02485300 
0.02482600 
0.02480900 
0.02475400 
0.02466800 
0.02458500 
0.02469500 
0.02470800 
0.02461100 
0.02477400 
0.02471100 
0.02471800 
0.02471200 
0.02471100 
0.02480000 
0.02475700 
0.02503900 
0.02486400 
0.02462000 
0.02468000 
0.02468700 
0.02469900 
0.02479500 
0.02481300 
0.02469100 
0.02486100 
0.02492300 
0.02492000 
0.02468700 
0.02498600 
0.02498600 
0.02493000 
0.02492800 
0.02492700 
0.02493300 
0.02495200 
0.02485500 
0.02481600 
0.02481600 
0.02481600 
0.02468700 
0.02468700 
0.02479400 
0.02469300 
0.02485200 
0.02475800 
0.02475800 
0.02483700 
0.02469300 
0.02469300 
0.02475500 
0.02475600 
0.02469700 
0.02480900 
0.02481400 
0.02481400 
0.02475800 
0.02487600 
0.02489700 
0.02491000 
0.02488600 
0.02487900 
0.02487100 
0.02489400 
0.02483400 
0.02494600 
0.02493500 
0.02490000 
0.02482000 
0.02485600 
0.02469300 
0.02477500 
0.02484800 
0.02514400 
0.02514000 
0.02506300 
0.02520000 
0.02522300 
0.02515900 
0.02525000 
0.02525000 
0.02518900 
0.02518800 
0.02529100 
0.02521800 
0.02521800 
0.02521800 
0.02529500 
0.02525800 
0.02520600 
0.02525800 
0.02537600 
0.02523600 
0.02546700 
0.02546800 
0.02548300 
0.02551500 
0.02566700 
0.02553300 
0.02555200 
0.02559100 
0.02560200 
0.02560200 
0.02572200 
0.02560500 
0.02557800 
0.02557800 
0.02560400 
0.02541800 
0.02566400 
0.02559600 
0.02559600 
0.02558300 
0.02572300 
0.02564700 
0.02564700 
0.02574500 
0.02552400 
0.02569300 
0.02563100 
0.02549000 
0.02544900 
0.02538400 
0.02528300 
0.02515900 
0.02515900 
0.02524100 
0.02523800 
0.02519900 
0.02515900 
0.02511700 
0.02503000 
0.02501400 
0.02499900 
0.02500000 
0.02497100 
0.02497000 
0.02492900 
0.02495400 
0.02496500 
0.02500000 
0.02500000 
0.02500100 
0.02487200 
0.02502100 
0.02502900 
0.02495100 
0.02508300 
0.02491400 
0.02513800 
0.02514200 
0.02522700 
0.02529600 
0.02530700 
0.02520700 
0.02531500 
0.02520700 
0.02532500 
0.02520700 
0.02532600 
0.02537500 
0.02539800 
0.02542000 
0.02555400 
0.02554100 
0.02551100 
0.02555500 
0.02547300 
0.02568400 
0.02569500 
0.02570000 
0.02570000 
0.02569800 
0.02545000 
0.02547600 
0.02558800 
0.02539300 
0.02527900 
0.02482000 
0.02477300 
0.02466900 
0.02476000 
0.02478000 
0.02490800 
0.02488300 
0.02493100 
0.02493300 
0.02507400 
0.02496200 
0.02493400 
0.02512200 
0.02513400 
0.02537100 
0.02529700 
0.02519800 
0.02528500 
0.02517400 
0.02535700 
0.02526400 
0.02542300 
0.02542300 
0.02542800 
0.02527200 
0.02527200 
0.02514000 
0.02533800 
0.02543100 
0.02531000 
0.02524600 
0.02524600 
0.02512800 
0.02496700 
0.02476100 
0.02470700 
0.02467000 
0.02461400 
0.02471500 
0.02471500 
0.02471500 
0.02468000 
0.02461000 
0.02461800 
0.02461500 
0.02471700 
0.02462200 
0.02469000 
0.02462100 
0.02464300 
0.02469600 
0.02469600 
0.02469300 
0.02468700 
0.02461300 
0.02459100 
0.02451600 
0.02446500 
0.02444000 
0.02450300 
0.02451400 
0.02440800 
0.02449000 
0.02451600 
0.02451600 
0.02472000 
0.02472500 
0.02463900 
0.02464600 
0.02453400 
0.02452500 
0.02455000 
0.02451600 
0.02450000 
0.02445400 
0.02447500 
0.02447400 
0.02447200 
0.02447500 
0.02449000 
0.02462400 
0.02451000 
0.02451000 
0.02451000 
0.02451000 
0.02449500 
0.02447000 
0.02446600 
0.02448000 
0.02450000 
0.02450000 
0.02450000 
0.02454900 
0.02462400 
0.02462100 
0.02462400 
0.02462400 
0.02462400 
0.02462500 
0.02462500 
0.02462400 
0.02462600 
0.02462400 
0.02453100 
0.02462400 
0.02456800 
0.02462900 
0.02462900 
0.02463000 
0.02463900 
0.02465000 
0.02470400 
0.02469900 
0.02473100 
0.02473800 
0.02475100 
0.02476200 
0.02477400 
0.02483500 
0.02475400 
0.02475400 
0.02482200 
0.02482200 
0.02486500 
0.02482200 
0.02474300 
0.02482200 
0.02472100 
0.02486800 
0.02476800 
0.02478700 
0.02478700 
0.02479200 
0.02485900 
0.02467100 
0.02476900 
0.02460000 
0.02468200 
0.02466200 
0.02468200 
0.02470000 
0.02479200 
0.02479600 
0.02480000 
0.02482300 
0.02482900 
0.02484000 
0.02476100 
0.02477100 
0.02479100 
0.02479100 
0.02480000 
0.02484000 
0.02484000 
0.02495700 
0.02496800 
0.02493900 
0.02493300 
0.02514300 
0.02500200 
0.02489000 
0.02500200 
0.02491200 
0.02500700 
0.02500700 
0.02500800 
0.02500000 
0.02510400 
0.02501900 
0.02501900 
0.02501100 
0.02504700 
0.02510100 
0.02517400 
0.02510000 
0.02523200 
0.02520400 
0.02520400 
0.02520400 
0.02520400 
0.02529800 
0.02530300 
0.02520400 
0.02520400 
0.02522800 
0.02522300 
0.02521400 
0.02541500 
0.02527500 
0.02527800 
0.02533700 
0.02528000 
0.02535200 
0.02530100 
0.02537600 
0.02537600 
0.02539500 
0.02539800 
0.02539900 
0.02540000 
0.02537600 
0.02537600 
0.02538000 
0.02539500 
0.02540100 
0.02540500 
0.02541100 
0.02541100 
0.02541400 
0.02532300 
0.02538300 
0.02539900 
0.02538300 
0.02539900 
0.02534400 
0.02536000 
0.02537900 
0.02537900 
0.02524200 
0.02541200 
0.02541300 
0.02541400 
0.02534500 
0.02531000 
0.02529800 
0.02529800 
0.02529800 
0.02525400 
0.02517300 
0.02529000 
0.02529200 
0.02529300 
0.02531300 
0.02509000 
0.02530400 
0.02540700 
0.02535300 
0.02541400 
0.02541400 
0.02550200 
0.02540900 
0.02545200 
0.02551400 
0.02551400 
0.02546800 
0.02546800 
0.02551400 
0.02550000 
0.02556400 
0.02551400 
0.02551400 
0.02551400 
0.02551500 
0.02551400 
0.02555000 
0.02551500 
0.02551400 
0.02560400 
0.02551400 
0.02562400 
0.02579700 
0.02584300 
0.02579700 
0.02579600 
0.02579700 
0.02579700 
0.02579700 
0.02579400 
0.02579400 
0.02591000 
0.02591000 
0.02575700 
0.02588800 
0.02593700 
0.02596900 
0.02591100 
0.02595900 
0.02595900 
0.02595900 
0.02595900 
0.02595900 
0.02595900 
0.02583900 
0.02592600 
0.02596200 
0.02589200 
0.02589800 
0.02598800 
0.02598600 
0.02594200 
0.02590000 
0.02590000 
0.02604500 
0.02608600 
0.02605000 
0.02606500 
0.02620600 
0.02621200 
0.02621600 
0.02623700 
0.02615100 
0.02627800 
0.02605600 
0.02617000 
0.02624000 
0.02614500 
0.02614400 
0.02611800 
0.02614400 
0.02614400 
0.02603500 
0.02614400 
0.02612500 
0.02607500 
0.02607400 
0.02607500 
0.02607500 
0.02607500 
0.02607500 
0.02607300 
0.02605100 
0.02617900 
0.02613500 
0.02614200 
0.02619300 
0.02619300 
0.02602900 
0.02580000 
0.02600500 
0.02595700 
0.02595700 
0.02595100 
0.02602900 
0.02602900 
0.02605700 
0.02602900 
0.02602900 
0.02584500 
0.02597700 
0.02601100 
0.02590200 
0.02593600 
0.02595100 
0.02606900 
0.02606900 
0.02596300 
0.02606200 
0.02604100 
0.02604100 
0.02595600 
0.02593700 
0.02607100 
0.02602900 
0.02612200 
0.02602400 
0.02618200 
0.02601600 
0.02615400 
0.02625600 
0.02618600 
0.02619000 
0.02623600 
0.02623800 
0.02613000 
0.02613000 
0.02613400 
0.02607800 
0.02607800 
0.02623800 
0.02623800 
0.02609800 
0.02609800 
0.02607500 
0.02597400 
0.02590400 
0.02589700 
0.02582600 
0.02590900 
0.02590900 
0.02580000 
0.02591700 
0.02582100 
0.02580000 
0.02582900 
0.02582900 
0.02595900 
0.02600500 
0.02607800 
0.02607800 
0.02607800 
0.02596400 
0.02590900 
0.02595300 
0.02593100 
0.02590900 
0.02595300 
0.02595600 
0.02590900 
0.02598000 
0.02585200 
0.02590000 
0.02595300 
0.02595400 
0.02599300 
0.02599700 
0.02608100 
0.02608100 
0.02611100 
0.02613000 
0.02612300 
0.02613400 
0.02599900 
0.02621900 
0.02625500 
0.02615400 
0.02613300 
0.02609600 
0.02609600 
0.02597800 
0.02596600 
0.02585800 
0.02592100 
0.02585400 
0.02576200 
0.02583100 
0.02575300 
0.02583200 
0.02596600 
0.02595400 
0.02603200 
0.02597100 
0.02607900 
0.02608800 
0.02609600 
0.02608500 
0.02595100 
0.02608100 
0.02600200 
0.02600200 
0.02594800 
0.02594800 
0.02600100 
0.02600100 
0.02590900 
0.02592900 
0.02592900 
0.02600000 
0.02599800 
0.02600900 
0.02591800 
0.02595700 
0.02602800 
0.02611900 
0.02611900 
0.02632500 
0.02625500 
0.02638900 
0.02639200 
0.02639300 
0.02632800 
0.02639400 
0.02639400 
0.02639400 
0.02629700 
0.02633100 
0.02631500 
0.02628000 
0.02631000 
0.02625000 
0.02627700 
0.02622400 
0.02613800 
0.02584300 
0.02585100 
0.02596500 
0.02596700 
0.02574000 
0.02579700 
0.02573800 
0.02579900 
0.02592700 
0.02595200 
0.02596700 
0.02587900 
0.02598100 
0.02601000 
0.02600900 
0.02605400 
0.02619900 
0.02629300 
0.02623100 
0.02634000 
0.02633500 
0.02644800 
0.02640200 
0.02652600 
0.02654700 
0.02652700 
0.02651400 
0.02649000 
0.02649200 
0.02649500 
0.02648700 
0.02649200 
0.02641700 
0.02641800 
0.02641800 
0.02641800 
0.02642300 
0.02623300 
0.02616200 
0.02620500 
0.02646600 
0.02647100 
0.02644600 
0.02641100 
0.02638800 
0.02640400 
0.02630000 
0.02627500 
0.02627500 
0.02625600 
0.02610200 
0.02629000 
0.02606700 
0.02605400 
0.02587800 
0.02587800 
0.02587900 
0.02587900 
0.02587700 
0.02587800 
0.02587600 
0.02584900 
0.02584500 
0.02585400 
0.02578000 
0.02578000 
0.02565300 
0.02565300 
0.02577500 
0.02580600 
0.02571500 
0.02591200 
0.02592300 
0.02580200 
0.02578500 
0.02578900 
0.02586400 
0.02594600 
0.02585400 
0.02577900 
0.02577900 
0.02590800 
0.02594400 
0.02582800 
0.02577000 
0.02577400 
0.02609200 
0.02610000 
0.02610000 
0.02612000 
0.02613600 
0.02610000 
0.02618600 
0.02619300 
0.02619800 
0.02619700 
0.02619400 
0.02610900 
0.02612800 
0.02612300 
0.02610000 
0.02601600 
0.02600100 
0.02603800 
0.02602200 
0.02580400 
0.02578800 
0.02578800 
0.02578800 
0.02574400 
0.02575600 
0.02574800 
0.02562900 
0.02563300 
0.02563500 
0.02562400 
0.02560900 
0.02551200 
0.02560000 
0.02553000 
0.02550400 
0.02550100 
0.02550000 
0.02553800 
0.02553000 
0.02550000 
0.02550000 
0.02535300 
0.02540900 
0.02533300 
0.02532700 
0.02530900 
0.02529900 
0.02519700 
0.02503200 
0.02514800 
0.02514800 
0.02496700 
0.02482000 
0.02482100 
0.02488800 
0.02480000 
0.02490800 
0.02490000 
0.02490000 
0.02494000 
0.02490000 
0.02491100 
0.02494100 
0.02504300 
0.02496300 
0.02506400 
0.02510800 
0.02510800 
0.02500600 
0.02490000 
0.02491100 
0.02500400 
0.02490000 
0.02491300 
0.02500000 
0.02494800 
0.02494800 
0.02500700 
0.02501800 
0.02501800 
0.02503200 
0.02509600 
0.02500500 
0.02500000 
0.02500200 
0.02520600 
0.02510700 
0.02510700 
0.02500100 
0.02500100 
0.02512700 
0.02508000 
0.02521600 
0.02522900 
0.02509500 
0.02521000 
0.02523800 
0.02510100 
0.02510100 
0.02515000 
0.02515000 
0.02519000 
0.02515000 
0.02515000 
0.02518400 
0.02516200 
0.02501200 
0.02507200 
0.02507600 
0.02507300 
0.02519200 
0.02520000 
0.02518500 
0.02510500 
0.02520800 
0.02516400 
0.02523800 
0.02528200 
0.02519200 
0.02528100 
0.02528700 
0.02529900 
0.02519200 
0.02516800 
0.02533000 
0.02533000 
0.02530200 
0.02527700 
0.02516000 
0.02515100 
0.02514600 
0.02514900 
0.02515100 
0.02516000 
0.02496800 
0.02496800 
0.02509900 
0.02509400 
0.02518300 
0.02518400 
0.02519500 
0.02519600 
0.02499700 
0.02511200 
0.02497900 
0.02498300 
0.02500700 
0.02490000 
0.02498300 
0.02490700 
0.02498500 
0.02498300 
0.02506600 
0.02500900 
0.02490000 
0.02490000 
0.02494100 
0.02505000 
0.02490000 
0.02499900 
0.02499900 
0.02505000 
0.02514000 
0.02514400 
0.02507300 
0.02517000 
0.02517000 
0.02506900 
0.02510100 
0.02506800 
0.02506800 
0.02506800 
0.02506800 
0.02506800 
0.02513700 
0.02505000 
0.02529200 
0.02530400 
0.02530900 
0.02526000 
0.02529800 
0.02525900 
0.02519500 
0.02521200 
0.02521100 
0.02526500 
0.02517900 
0.02514500 
0.02517900 
0.02517800 
0.02517900 
0.02514300 
0.02517900 
0.02518400 
0.02518500 
0.02529500 
0.02530000 
0.02518500 
0.02530000 
0.02530000 
0.02535700 
0.02535800 
0.02535300 
0.02534500 
0.02535400 
0.02535200 
0.02521300 
0.02514200 
0.02510000 
0.02514200 
0.02514800 
0.02515100 
0.02522600 
0.02522600 
0.02523400 
0.02514200 
0.02520600 
0.02524500 
0.02531000 
0.02542200 
0.02529000 
0.02547000 
0.02537600 
0.02537200 
0.02537300 
0.02537200 
0.02531700 
0.02538100 
0.02537200 
0.02545400 
0.02545400 
0.02545400 
0.02541800 
0.02541800 
0.02541900 
0.02541800 
0.02541800 
0.02541800 
0.02541800 
0.02549800 
0.02543900 
0.02543900 
0.02545800 
0.02545800 
0.02556200 
0.02548900 
0.02548800 
0.02548800 
0.02541900 
0.02541800 
0.02541900 
0.02541900 
0.02552000 
0.02552000 
0.02541800 
0.02541800 
0.02553000 
0.02553000 
0.02540000 
0.02540500 
0.02540500 
0.02540500 
0.02541200 
0.02550000 
0.02552300 
0.02550200 
0.02554200 
0.02556700 
0.02556900 
0.02544300 
0.02550000 
0.02550000 
0.02540200 
0.02540000 
0.02540000 
0.02539700 
0.02529800 
0.02529700 
0.02523300 
0.02528000 
0.02528200 
0.02532600 
0.02548900 
0.02540300 
0.02540300 
0.02540300 
0.02549200 
0.02549900 
0.02549200 
0.02549200 
0.02540300 
0.02540300 
0.02539800 
0.02540300 
0.02540300 
0.02540300 
0.02548900 
0.02540300 
0.02543400 
0.02550000 
0.02549900 
0.02537400 
0.02537400 
0.02539400 
0.02531400 
0.02539400 
0.02528300 
0.02536300 
0.02536300 
0.02527800 
0.02525100 
0.02518400 
0.02521500 
0.02519600 
0.02510300 
0.02510800 
0.02507100 
0.02496500 
0.02506800 
0.02493100 
0.02503100 
0.02502700 
0.02500000 
0.02500000 
0.02500000 
0.02500000 
0.02500000 
0.02508000 
0.02504700 
0.02504700 
0.02504700 
0.02504800 
0.02508400 
0.02507900 
0.02507900 
0.02522500 
0.02522500 
0.02515000 
0.02515300 
0.02510000 
0.02517900 
0.02519000 
0.02520000 
0.02520200 
0.02522200 
0.02513300 
0.02520000 
0.02520800 
0.02511200 
0.02512000 
0.02523300 
0.02513800 
0.02527600 
0.02527600 
0.02531000 
0.02531900 
0.02522600 
0.02512200 
0.02522600 
0.02522600 
0.02518400 
0.02517700 
0.02517700 
0.02511100 
0.02511100 
0.02516500 
0.02519100 
0.02519100 
0.02504700 
0.02511000 
0.02511600 
0.02519400 
0.02526600 
0.02529100 
0.02531200 
0.02531200 
0.02520000 
0.02531900 
0.02531900 
0.02531800 
0.02519900 
0.02531900 
0.02531000 
0.02535200 
0.02534900 
0.02528800 
0.02534900 
0.02549700 
0.02550200 
0.02552800 
0.02522800 
0.02530000 
0.02530000 
0.02530000 
0.02530000 
0.02529900 
0.02541900 
0.02541500 
0.02536800 
0.02527500 
0.02542000 
0.02542000 
0.02531100 
0.02543200 
0.02532900 
0.02532900 
0.02535000 
0.02540700 
0.02538800 
0.02532700 
0.02537300 
0.02535900 
0.02528200 
0.02526000 
0.02553200 
0.02552200 
0.02548600 
0.02548600 
0.02547000 
0.02547000 
0.02529600 
0.02533900 
0.02533900 
0.02540200 
0.02542400 
0.02532700 
0.02532700 
0.02545400 
0.02531900 
0.02545600 
0.02545000 
0.02545000 
0.02549100 
0.02549100 
0.02536900 
0.02536900 
0.02544100 
0.02534100 
0.02544100 
0.02536900 
0.02546800 
0.02546800 
0.02546800 
0.02534400 
0.02549100 
0.02549400 
0.02543200 
0.02541700 
0.02541900 
0.02542000 
0.02540800 
0.02530000 
0.02541800 
0.02535200 
0.02542000 
0.02535000 
0.02539600 
0.02541400 
0.02541700 
0.02542100 
0.02542100 
0.02542100 
0.02541900 
0.02562000 
0.02555600 
0.02573700 
0.02570900 
0.02562000 
0.02571200 
0.02562000 
0.02567700 
0.02566400 
0.02582200 
0.02582000 
0.02581800 
0.02588700 
0.02581700 
0.02581600 
0.02580700 
0.02575800 
0.02572900 
0.02555600 
0.02549600 
0.02574500 
0.02513900 
0.02519100 
0.02521700 
0.02511100 
0.02510200 
0.02529200 
0.02529300 
0.02529400 
0.02529400 
0.02529400 
0.02529400 
0.02529400 
0.02529300 
0.02529400 
0.02524400 
0.02529400 
0.02529500 
0.02529500 
0.02536200 
0.02537300 
0.02537400 
0.02530600 
0.02535900 
0.02535900 
0.02530100 
0.02530500 
0.02530200 
0.02530200 
0.02530200 
0.02530200 
0.02530300 
0.02530300 
0.02530400 
0.02531500 
0.02523400 
0.02533700 
0.02525900 
0.02533300 
0.02533400 
0.02533400 
0.02523500 
0.02530000 
0.02530000 
0.02530000 
0.02530400 
0.02530400 
0.02530400 
0.02524000 
0.02522800 
0.02522800 
0.02531600 
0.02518600 
0.02518600 
0.02515600 
0.02536000 
0.02537100 
0.02529300 
0.02539900 
0.02539200 
0.02539500 
0.02539500 
0.02539200 
0.02529700 
0.02532400 
0.02532200 
0.02524900 
0.02524800 
0.02534900 
0.02520900 
0.02530100 
0.02530000 
0.02530000 
0.02529700 
0.02530000 
0.02530000 
0.02530000 
0.02533600 
0.02530000 
0.02530000 
0.02534700 
0.02533800 
0.02530200 
0.02535200 
0.02533800 
0.02524700 
0.02524300 
0.02524300 
0.02524200 
0.02524500 
0.02531900 
0.02526400 
0.02533300 
0.02537000 
0.02522800 
0.02520100 
0.02526700 
0.02527100 
0.02529700 
0.02523800 
0.02523800 
0.02531700 
0.02531700 
0.02523400 
0.02533000 
0.02528000 
0.02527000 
0.02528000 
0.02528000 
0.02520800 
0.02530600 
0.02523200 
0.02528400 
0.02550000 
0.02576100 
0.02596200 
0.02594400 
0.02598900 
0.02605900 
0.02598900 
0.02598900 
0.02600700 
0.02611900 
0.02612000 
0.02610400 
0.02600100 
0.02604600 
0.02604600 
0.02604600 
0.02600000 
0.02594400 
0.02594400 
0.02599900 
0.02594400 
0.02592300 
0.02583200 
0.02593900 
0.02590300 
0.02587900 
0.02588000 
0.02590000 
0.02581200 
0.02583800 
0.02574400 
0.02569700 
0.02569400 
0.02567800 
0.02555000 
0.02561800 
0.02583400 
0.02575600 
0.02569000 
0.02578900 
0.02565500 
0.02582000 
0.02573300 
0.02582400 
0.02579600 
0.02579800 
0.02572500 
0.02580300 
0.02578600 
0.02578600 
0.02576600 
0.02576600 
0.02575700 
0.02575600 
0.02576200 
0.02576500 
0.02576500 
0.02575900 
0.02575400 
0.02575300 
0.02565200 
0.02575400 
0.02575500 
0.02563900 
0.02575600 
0.02573900 
0.02562100 
0.02573300 
0.02573600 
0.02553500 
0.02581600 
0.02585900 
0.02593100 
0.02595100 
0.02587000 
0.02598700 
0.02590600 
0.02590600 
0.02590300 
0.02599900 
0.02600000 
0.02599900 
0.02599900 
0.02598600 
0.02600000 
0.02601100 
0.02590100 
0.02585500 
0.02599900 
0.02600100 
0.02586700 
0.02600700 
0.02601000 
0.02590900 
0.02606000 
0.02605300 
0.02605700 
0.02605700 
0.02605700 
0.02596200 
0.02595900 
0.02611000 
0.02610100 
0.02610100 
0.02610100 
0.02612700 
0.02612700 
0.02612700 
0.02602700 
0.02612900 
0.02612900 
0.02612900 
0.02612900 
0.02612900 
0.02612900 
0.02612900 
0.02611800 
0.02611800 
0.02612200 
0.02612300 
0.02612300 
0.02612900 
0.02620700 
0.02620800 
0.02613600 
0.02624300 
0.02625300 
0.02628200 
0.02621000 
0.02609000 
0.02637900 
0.02636800 
0.02630500 
0.02630500 
0.02646000 
0.02639700 
0.02647200 
0.02629900 
0.02628900 
0.02629000 
0.02629000 
0.02629000 
0.02629000 
0.02620000 
0.02620000 
0.02620000 
0.02620000 
0.02619200 
0.02619200 
0.02619200 
0.02619200 
0.02627200 
0.02619100 
0.02619100 
0.02619100 
0.02619100 
0.02619100 
0.02619300 
0.02619300 
0.02619300 
0.02628900 
0.02619100 
0.02629500 
0.02629800 
0.02629800 
0.02629800 
0.02621300 
0.02629900 
0.02629900 
0.02621400 
0.02620300 
0.02620300 
0.02629800 
0.02624200 
0.02624800 
0.02619000 
0.02619200 
0.02624600 
0.02619200 
0.02619200 
0.02624900 
0.02619100 
0.02619000 
0.02619000 
0.02618800 
0.02628100 
0.02628100 
0.02618700 
0.02619300 
0.02619300 
0.02621700 
0.02629200 
0.02630100 
0.02630100 
0.02618800 
0.02628700 
0.02624800 
0.02624800 
0.02624800 
0.02618900 
0.02631700 
0.02631700 
0.02625400 
0.02631700 
0.02631700 
0.02630100 
0.02629600 
0.02629600 
0.02631900 
0.02631900 
0.02631900 
0.02631900 
0.02631900 
0.02631700 
0.02625200 
0.02624600 
0.02624600 
0.02624400 
0.02619200 
0.02619200 
0.02622900 
0.02622900 
0.02622900 
0.02623700 
0.02623700 
0.02624100 
0.02626800 
0.02626800 
0.02629100 
0.02626900 
0.02629200 
0.02629200 
0.02639600 
0.02631600 
0.02631600 
0.02630700 
0.02635100 
0.02635100 
0.02635000 
0.02635000 
0.02635000 
0.02632700 
0.02632700 
0.02636700 
0.02647300 
0.02647300 
0.02635700 
0.02642600 
0.02630600 
0.02641600 
0.02641600 
0.02639500 
0.02639600 
0.02639800 
0.02629300 
0.02639900 
0.02633200 
0.02639900 
0.02633100 
0.02632900 
0.02632900 
0.02632900 
0.02632900 
0.02632900 
0.02632900 
0.02632900 
0.02642500 
0.02642000 
0.02642200 
0.02642200 
0.02642400 
0.02642500 
0.02634500 
0.02642400 
0.02642400 
0.02642400 
0.02642400 
0.02642500 
0.02642400 
0.02642400 
0.02642400 
0.02642500 
0.02642500 
0.02642500 
0.02642500 
0.02642500 
0.02633100 
0.02642500 
0.02640100 
0.02640200 
0.02637900 
0.02638000 
0.02632900 
0.02638000 
0.02632600 
0.02638100 
0.02632500 
0.02639000 
0.02639000 
0.02639000 
0.02632600 
0.02639100 
0.02632600 
0.02632600 
0.02632600 
0.02632600 
0.02632600 
0.02632600 
0.02632600 
0.02639800 
0.02639800 
0.02639800 
0.02640000 
0.02640100 
0.02640200 
0.02640200 
0.02639300 
0.02639300 
0.02639300 
0.02639600 
0.02639600 
0.02639800 
0.02639800 
0.02639800 
0.02640200 
0.02640200 
0.02640200 
0.02640200 
0.02640200 
0.02640200 
0.02640200 
0.02642400 
0.02640200 
0.02642600 
0.02642600 
0.02642600 
0.02642600 
0.02642600 
0.02639800 
0.02639800 
0.02639800 
0.02641900 
0.02639900 
0.02639900 
0.02641900 
0.02641900 
0.02641900 
0.02640200 
0.02641900 
0.02640200 
0.02639900 
0.02639900 
0.02639900 
0.02639900 
0.02639900 
0.02640000 
0.02639800 
0.02639800 
0.02639800 
0.02639800 
0.02630200 
0.02639900 
0.02634700 
0.02634700 
0.02635400 
0.02636700 
0.02630100 
0.02630000 
0.02630800 
0.02629800 
0.02628700 
0.02628700 
0.02640000 
0.02626800 
0.02626800 
0.02626300 
0.02626200 
0.02626100 
0.02625900 
0.02625900 
0.02636100 
0.02638500 
0.02638300 
0.02638300 
0.02630500 
0.02632200 
0.02642600 
0.02642600 
0.02628300 
0.02628600 
0.02642600 
0.02644000 
0.02633600 
0.02639100 
0.02639100 
0.02639100 
0.02642100 
0.02642500 
0.02622000 
0.02622000 
0.02636700 
0.02636800 
0.02623700 
0.02637500 
0.02637300 
0.02638100 
0.02615000 
0.02620000 
0.02615600 
0.02626500 
0.02626600 
0.02626500 
0.02626600 
0.02626700 
0.02627900 
0.02626600 
0.02627900 
0.02626900 
0.02628000 
0.02633000 
0.02626500 
0.02657500 
0.02636500 
0.02624900 
0.02630700 
0.02630700 
0.02630700 
0.02630700 
0.02642100 
0.02632300 
0.02632300 
0.02644900 
0.02644900 
0.02645200 
0.02632200 
0.02651000 
0.02651000 
0.02645800 
0.02645800 
0.02650900 
0.02645800 
0.02645800 
0.02645800 
0.02645900 
0.02645900 
0.02645900 
0.02645800 
0.02640000 
0.02647300 
0.02647300 
0.02647300 
0.02647400 
0.02647400 
0.02640300 
0.02640400 
0.02640400 
0.02640300 
0.02649400 
0.02640700 
0.02650600 
0.02643000 
0.02643000 
0.02648900 
0.02648900 
0.02640400 
0.02640400 
0.02646600 
0.02640300 
0.02640600 
0.02640600 
0.02641100 
0.02652300 
0.02645800 
0.02645800 
0.02640000 
0.02650700 
0.02653200 
0.02644800 
0.02644800 
0.02644800 
0.02642800 
0.02631200 
0.02642900 
0.02640200 
0.02630900 
0.02630900 
0.02630700 
0.02630800 
0.02630700 
0.02630700 
0.02644800 
0.02644800 
0.02644800 
0.02635500 
0.02635500 
0.02635500 
0.02635500 
0.02644800 
0.02645200 
0.02630800 
0.02630800 
0.02630800 
0.02643900 
0.02643900 
0.02643900 
0.02643900 
0.02643900 
0.02644000 
0.02652400 
0.02654100 
0.02654300 
0.02641900 
0.02641900 
0.02654000 
0.02654000 
0.02654000 
0.02641500 
0.02641500 
0.02653100 
0.02653100 
0.02633500 
0.02649900 
0.02651200 
0.02651200 
0.02651100 
0.02661000 
0.02651100 
0.02651100 
0.02661700 
0.02661900 
0.02666100 
0.02663000 
0.02658200 
0.02662100 
0.02645800 
0.02660700 
0.02660900 
0.02660900 
0.02661900 
0.02662100 
0.02653900 
0.02653900 
0.02653900 
0.02649900 
0.02649800 
0.02645400 
0.02645100 
0.02633500 
0.02630700 
0.02632700 
0.02634000 
0.02633200 
0.02633200 
0.02633200 
0.02644700 
0.02644700 
0.02643600 
0.02643700 
0.02645400 
0.02630600 
0.02641000 
0.02641000 
0.02649200 
0.02649200 
0.02649200 
0.02649300 
0.02649300 
0.02649400 
0.02640700 
0.02640700 
0.02641600 
0.02641600 
0.02641600 
0.02638400 
0.02653200 
0.02653300 
0.02644900 
0.02653500 
0.02653800 
0.02653800 
0.02653800 
0.02653800 
0.02653700 
0.02653800 
0.02653800 
0.02653700 
0.02653700 
0.02653700 
0.02653600 
0.02647200 
0.02647200 
0.02653800 
0.02653900 
0.02650700 
0.02654000 
0.02654300 
0.02653700 
0.02630700 
0.02654700 
0.02663400 
0.02664500 
0.02664500 
0.02664500 
0.02664500 
0.02664500 
0.02664500 
0.02650000 
0.02658000 
0.02657200 
0.02657200 
0.02667900 
0.02667900 
0.02657200 
0.02657200 
0.02657200 
0.02657400 
0.02657200 
0.02656900 
0.02668600 
0.02667200 
0.02667200 
0.02669500 
0.02669500 
0.02667300 
0.02667200 
0.02667200 
0.02667200 
0.02667200 
0.02663400 
0.02663400 
0.02654800 
0.02665600 
0.02653500 
0.02653400 
0.02666100 
0.02653400 
0.02666700 
0.02667000 
0.02660200 
0.02660200 
0.02669000 
0.02669300 
0.02669300 
0.02661100 
0.02661100 
0.02659000 
0.02658900 
0.02658700 
0.02650800 
0.02651300 
0.02651300 
0.02651300 
0.02651300 
0.02660700 
0.02650700 
0.02650700 
0.02661600 
0.02650600 
0.02661400 
0.02661400 
0.02661300 
0.02670000 
0.02670100 
0.02670100 
0.02670100 
0.02674000 
0.02680100 
0.02674800 
0.02674800 
0.02674800 
0.02674800 
0.02674800 
0.02674800 
0.02677900 
0.02677800 
0.02672100 
0.02672100 
0.02672100 
0.02672100 
0.02672100 
0.02672100 
0.02678700 
0.02679800 
0.02680300 
0.02680300 
0.02680100 
0.02672500 
0.02680100 
0.02674900 
0.02672100 
0.02672100 
0.02672100 
0.02672100 
0.02672100 
0.02671400 
0.02680400 
0.02687700 
0.02687700 
0.02680500 
0.02686900 
0.02688000 
0.02688000 
0.02688800 
0.02689500 
0.02680800 
0.02689500 
0.02690000 
0.02689500 
0.02689400 
0.02686800 
0.02684400 
0.02684400 
0.02684400 
0.02684400 
0.02684500 
0.02684400 
0.02684400 
0.02684700 
0.02684700 
0.02677100 
0.02677100 
0.02685000 
0.02685000 
0.02685000 
0.02665700 
0.02665700 
0.02677900 
0.02678900 
0.02669200 
0.02669300 
0.02686800 
0.02686800 
0.02686800 
0.02686800 
0.02686800 
0.02686800 
0.02686900 
0.02686900 
0.02684600 
0.02680000 
0.02674600 
0.02686100 
0.02674700 
0.02683300 
0.02674000 
0.02673000 
0.02675800 
0.02675800 
0.02675800 
0.02676000 
0.02675800 
0.02689300 
0.02674900 
0.02675100 
0.02672800 
0.02660900 
0.02671500 
0.02671500 
0.02671500 
0.02671500 
0.02671500 
0.02671400 
0.02668200 
0.02659600 
0.02663400 
0.02663300 
0.02659600 
0.02659600 
0.02658700 
0.02659600 
0.02659500 
0.02659600 
0.02659700 
0.02663400 
0.02663300 
0.02661900 
0.02666400 
0.02666400 
0.02666500 
0.02666400 
0.02666500 
0.02666500 
0.02666500 
0.02666800 
0.02667300 
0.02652200 
0.02656400 
0.02670700 
0.02650600 
0.02672200 
0.02672200 
0.02660400 
0.02664200 
0.02674700 
0.02673300 
0.02660200 
0.02677300 
0.02660200 
0.02668500 
0.02681500 
0.02684000 
0.02660000 
0.02670000 
0.02682500 
0.02683600 
0.02680100 
0.02680600 
0.02686500 
0.02684800 
0.02684800 
0.02680000 
0.02680000 
0.02680000 
0.02679900 
0.02680000 
0.02680000 
0.02680000 
0.02680000 
0.02671300 
0.02680000 
0.02676600 
0.02679100 
0.02676600 
0.02680000 
0.02680000 
0.02680200 
0.02680200 
0.02680200 
0.02680100 
0.02684600 
0.02684600 
0.02676600 
0.02676500 
0.02691500 
0.02698700 
0.02692900 
0.02699800 
0.02698100 
0.02697800 
0.02697800 
0.02709600 
0.02709800 
0.02709800 
0.02709800 
0.02708800 
0.02698400 
0.02698400 
0.02710000 
0.02710000 
0.02702400 
0.02718900 
0.02703800 
0.02711100 
0.02711100 
0.02724800 
0.02724800 
0.02717500 
0.02709100 
0.02720800 
0.02720900 
0.02706900 
0.02702800 
0.02703500 
0.02701600 
0.02691100 
0.02691400 
0.02694400 
0.02707800 
0.02690200 
0.02710000 
0.02713600 
0.02714200 
0.02720600 
0.02714900 
0.02714700 
0.02720800 
0.02720800 
0.02715700 
0.02715400 
0.02723800 
0.02722000 
0.02712300 
0.02712300 
0.02722000 
0.02712300 
0.02725100 
0.02712200 
0.02722800 
0.02726200 
0.02726200 
0.02726100 
0.02735200 
0.02734900 
0.02735300 
0.02734700 
0.02734700 
0.02747300 
0.02748200 
0.02743000 
0.02729200 
0.02753200 
0.02753100 
0.02729000 
0.02729000 
0.02730000 
0.02730000 
0.02730000 
0.02728600 
0.02728600 
0.02739900 
0.02740000 
0.02745000 
0.02735300 
0.02735400 
0.02735400 
0.02735300 
0.02735400 
0.02735400 
0.02735300 
0.02730000 
0.02730100 
0.02730100 
0.02735300 
0.02730000 
0.02743800 
0.02743800 
0.02730000 
0.02725400 
0.02723400 
0.02735000 
0.02735000 
0.02741400 
0.02747400 
0.02753800 
0.02753800 
0.02753300 
0.02751900 
0.02761000 
0.02761000 
0.02761000 
0.02759500 
0.02753800 
0.02755500 
0.02755100 
0.02765000 
0.02765000 
0.02754200 
0.02754200 
0.02770600 
0.02779900 
0.02776500 
0.02766000 
0.02765800 
0.02759700 
0.02760000 
0.02758500 
0.02759700 
0.02759600 
0.02756400 
0.02758700 
0.02752700 
0.02748900 
0.02740200 
0.02740200 
0.02745500 
0.02739000 
0.02739000 
0.02731000 
0.02731000 
0.02730100 
0.02732900 
0.02736000 
0.02730600 
0.02707100 
0.02728900 
0.02722900 
0.02718400 
0.02717000 
0.02717200 
0.02719500 
0.02720600 
0.02711200 
0.02712300 
0.02718900 
0.02719000 
0.02719000 
0.02718900 
0.02718900 
0.02718900 
0.02717500 
0.02701900 
0.02718800 
0.02719000 
0.02719000 
0.02715800 
0.02719000 
0.02719000 
0.02719100 
0.02719000 
0.02719100 
0.02719100 
0.02719100 
0.02719000 
0.02719000 
0.02719000 
0.02719100 
0.02719100 
0.02719100 
0.02719000 
0.02719100 
0.02720000 
0.02727000 
0.02719100 
0.02719100 
0.02719100 
0.02719200 
0.02725000 
0.02724900 
0.02724900 
0.02726600 
0.02720100 
0.02726700 
0.02719300 
0.02727200 
0.02727400 
0.02727400 
0.02719200 
0.02728000 
0.02729000 
0.02719100 
0.02723700 
0.02723700 
0.02732200 
0.02720600 
0.02720000 
0.02719800 
0.02720000 
0.02720000 
0.02720000 
0.02720000 
0.02720000 
0.02741200 
0.02734700 
0.02736900 
0.02734700 
0.02733900 
0.02725300 
0.02725300 
0.02725300 
0.02725300 
0.02725600 
0.02725600 
0.02725600 
0.02725600 
0.02725600 
0.02725600 
0.02725600 
0.02725600 
0.02734700 
0.02734700 
0.02725700 
0.02734800 
0.02734900 
0.02725600 
0.02725700 
0.02725700 
0.02736800 
0.02736800 
0.02725300 
0.02725300 
0.02725300 
0.02725200 
0.02720200 
0.02726500 
0.02719100 
0.02719000 
0.02714800 
0.02727400 
0.02727500 
0.02718200 
0.02728700 
0.02731700 
0.02729000 
0.02728200 
0.02717400 
0.02728700 
0.02720000 
0.02720000 
0.02710100 
0.02710000 
0.02729000 
0.02729000 
0.02734400 
0.02745000 
0.02734600 
0.02740300 
0.02732200 
0.02731800 
0.02746500 
0.02738900 
0.02746400 
0.02733900 
0.02730400 
0.02740000 
0.02710500 
0.02717600 
0.02710000 
0.02711000 
0.02699100 
0.02699100 
0.02692200 
0.02692000 
0.02677200 
0.02690100 
0.02684400 
0.02664700 
0.02682300 
0.02682300 
0.02682200 
0.02682000 
0.02682000 
0.02676500 
0.02673700 
0.02665900 
0.02656700 
0.02666400 
0.02654100 
0.02654100 
0.02653800 
0.02659000 
0.02652900 
0.02659400 
0.02659400 
0.02657800 
0.02649900 
0.02657600 
0.02649900 
0.02657400 
0.02657400 
0.02649900 
0.02649900 
0.02649900 
0.02650100 
0.02649900 
0.02649900 
0.02657900 
0.02649900 
0.02649900 
0.02649900 
0.02649900 
0.02644400 
0.02645100 
0.02644800 
0.02643000 
0.02630000 
0.02630000 
0.02634000 
0.02634100 
0.02634100 
0.02649300 
0.02646200 
0.02646200 
0.02644000 
0.02646200 
0.02646200 
0.02644000 
0.02647500 
0.02647500 
0.02647600 
0.02647600 
0.02647600 
0.02647600 
0.02637900 
0.02637900 
0.02641000 
0.02650000 
0.02651100 
0.02651100 
0.02650900 
0.02650900 
0.02643700 
0.02643700 
0.02643700 
0.02648300 
0.02648300 
0.02643700 
0.02640700 
0.02643600 
0.02643600 
0.02642800 
0.02652400 
0.02652400 
0.02644100 
0.02649100 
0.02651100 
0.02648800 
0.02649800 
0.02652100 
0.02642800 
0.02642800 
0.02648000 
0.02648900 
0.02643300 
0.02644300 
0.02643200 
0.02655300 
0.02643800 
0.02643300 
0.02652800 
0.02652400 
0.02651900 
0.02653200 
0.02654500 
0.02650600 
0.02650500 
0.02648700 
0.02651500 
0.02651500 
0.02648900 
0.02650700 
0.02649200 
0.02642700 
0.02651900 
0.02651000 
0.02651800 
0.02651800 
0.02650000 
0.02655000 
0.02652500 
0.02654900 
0.02652500 
0.02652500 
0.02652500 
0.02653900 
0.02653900 
0.02653900 
0.02652500 
0.02652500 
0.02652500 
0.02652500 
0.02652500 
0.02652500 
0.02654000 
0.02652500 
0.02655500 
0.02652600 
0.02652500 
0.02652500 
0.02655300 
0.02655500 
0.02652700 
0.02652600 
0.02652700 
0.02652700 
0.02652500 
0.02654700 
0.02652700 
0.02652700 
0.02652500 
0.02655500 
0.02659500 
0.02652600 
0.02659900 
0.02659900 
0.02659900 
0.02659900 
0.02660000 
0.02652500 
0.02660000 
0.02660000 
0.02656600 
0.02656600 
0.02664800 
0.02660000 
0.02652800 
0.02660000 
0.02660200 
0.02668600 
0.02668600 
0.02668600 
0.02668600 
0.02664900 
0.02665000 
0.02670700 
0.02670900 
0.02670900 
0.02670900 
0.02670900 
0.02665000 
0.02665000 
0.02666600 
0.02666600 
0.02666600 
0.02667900 
0.02668000 
0.02668000 
0.02668000 
0.02668000 
0.02666600 
0.02666600 
0.02666600 
0.02668200 
0.02670700 
0.02667500 
0.02665000 
0.02665000 
0.02665100 
0.02670600 
0.02671000 
0.02671200 
0.02668900 
0.02671800 
0.02656900 
0.02680500 
0.02677200 
0.02677500 
0.02659300 
0.02666400 
0.02666300 
0.02668300 
0.02650600 
0.02666200 
0.02666200 
0.02666000 
0.02666000 
0.02671700 
0.02671800 
0.02671800 
0.02671800 
0.02671700 
0.02671800 
0.02661500 
0.02671700 
0.02661600 
0.02661600 
0.02671700 
0.02671800 
0.02661500 
0.02672700 
0.02672700 
0.02672700 
0.02671200 
0.02661400 
0.02672000 
0.02671200 
0.02671100 
0.02661400 
0.02672600 
0.02661300 
0.02661300 
0.02661300 
0.02681400 
0.02677800 
0.02677800 
0.02674100 
0.02674100 
0.02668000 
0.02668000 
0.02673200 
0.02668300 
0.02668300 
0.02668200 
0.02675400 
0.02675200 
0.02676500 
0.02677700 
0.02678000 
0.02678700 
0.02681700 
0.02681900 
0.02668100 
0.02688600 
0.02680300 
0.02690300 
0.02680200 
0.02681600 
0.02692500 
0.02692800 
0.02684000 
0.02692700 
0.02692800 
0.02692800 
0.02692900 
0.02699900 
0.02704100 
0.02688800 
0.02684300 
0.02704000 
0.02702700 
0.02702700 
0.02702800 
0.02702700 
0.02683900 
0.02682300 
0.02693500 
0.02705200 
0.02705600 
0.02705600 
0.02706600 
0.02708100 
0.02710800 
0.02710800 
0.02710800 
0.02711300 
0.02711900 
0.02711900 
0.02705400 
0.02713700 
0.02714800 
0.02715200 
0.02719900 
0.02715300 
0.02724400 
0.02721500 
0.02726500 
0.02726700 
0.02724200 
0.02726700 
0.02719200 
0.02726700 
0.02719300 
0.02726700 
0.02726700 
0.02726700 
0.02726600 
0.02729100 
0.02719500 
0.02728800 
0.02720900 
0.02719100 
0.02720100 
0.02719100 
0.02718900 
0.02719000 
0.02719200 
0.02711000 
0.02720200 
0.02720200 
0.02720200 
0.02720200 
0.02720200 
0.02730900 
0.02721600 
0.02736300 
0.02735900 
0.02725800 
0.02733200 
0.02745800 
0.02744100 
0.02742300 
0.02732700 
0.02746200 
0.02746400 
0.02738100 
0.02738100 
0.02746400 
0.02746300 
0.02746400 
0.02746400 
0.02739300 
0.02739300 
0.02732700 
0.02735100 
0.02735100 
0.02735100 
0.02735100 
0.02735400 
0.02735400 
0.02735400 
0.02722600 
0.02708200 
0.02701400 
0.02703600 
0.02701800 
0.02697200 
0.02702400 
0.02690800 
0.02690600 
0.02688200 
0.02693200 
0.02697900 
0.02697900 
0.02698000 
0.02691000 
0.02691100 
0.02691100 
0.02699000 
0.02700800 
0.02691900 
0.02702400 
0.02702400 
0.02703400 
0.02695100 
0.02695000 
0.02708600 
0.02708900 
0.02699700 
0.02708400 
0.02708500 
0.02700800 
0.02699800 
0.02709500 
0.02709400 
0.02700900 
0.02709500 
0.02709600 
0.02709600 
0.02704800 
0.02698900 
0.02704800 
0.02704800 
0.02714900 
0.02715800 
0.02716100 
0.02697700 
0.02713100 
0.02718500 
0.02719200 
0.02708900 
0.02708900 
0.02707100 
0.02708900 
0.02708900 
0.02708800 
0.02708900 
0.02709100 
0.02712400 
0.02724400 
0.02723800 
0.02724400 
0.02725400 
0.02728000 
0.02726300 
0.02725900 
0.02716700 
0.02716500 
0.02733300 
0.02733400 
0.02735100 
0.02735400 
0.02734800 
0.02734800 
0.02735000 
0.02735000 
0.02735000 
0.02735000 
0.02735000 
0.02735400 
0.02735100 
0.02732500 
0.02731900 
0.02731900 
0.02731000 
0.02731200 
0.02735400 
0.02729300 
0.02736400 
0.02736400 
0.02731400 
0.02730600 
0.02730500 
0.02736400 
0.02736400 
0.02735600 
0.02746100 
0.02746500 
0.02746500 
0.02747200 
0.02744100 
0.02736700 
0.02743500 
0.02743800 
0.02735600 
0.02736900 
0.02736900 
0.02743900 
0.02743900 
0.02743900 
0.02743500 
0.02743500 
0.02743300 
0.02743300 
0.02743300 
0.02739000 
0.02743300 
0.02739000 
0.02742800 
0.02743100 
0.02743100 
0.02743000 
0.02743100 
0.02743100 
0.02743300 
0.02743300 
0.02743200 
0.02743300 
0.02743300 
0.02743400 
0.02743500 
0.02743500 
0.02737100 
0.02743500 
0.02737800 
0.02743500 
0.02743500 
0.02743500 
0.02743500 
0.02743500 
0.02743500 
0.02743500 
0.02743500 
0.02743500 
0.02743400 
0.02743300 
0.02743400 
0.02738000 
0.02743500 
0.02743500 
0.02740100 
0.02743500 
0.02743500 
0.02743900 
0.02743900 
0.02743900 
0.02743900 
0.02740000 
0.02743900 
0.02744100 
0.02745700 
0.02745700 
0.02754300 
0.02745800 
0.02745700 
0.02757500 
0.02757500 
0.02757400 
0.02757400 
0.02757500 
0.02746300 
0.02757900 
0.02756300 
0.02746500 
0.02756900 
0.02757300 
0.02757200 
0.02746400 
0.02746400 
0.02749000 
0.02746500 
0.02759600 
0.02759500 
0.02752000 
0.02759700 
0.02752100 
0.02759700 
0.02759700 
0.02759600 
0.02759500 
0.02759600 
0.02759600 
0.02759600 
0.02759600 
0.02759400 
0.02759400 
0.02759400 
0.02749200 
0.02759400 
0.02759300 
0.02759600 
0.02759700 
0.02759600 
0.02759600 
0.02759500 
0.02759700 
0.02759700 
0.02759700 
0.02759700 
0.02760000 
0.02760000 
0.02759600 
0.02759900 
0.02759900 
0.02774600 
0.02775000 
0.02774900 
0.02774900 
0.02774900 
0.02774900 
0.02774900 
0.02772900 
0.02772900 
0.02760300 
0.02760000 
0.02774500 
0.02762600 
0.02762600 
0.02769600 
0.02758800 
0.02766400 
0.02766400 
0.02766400 
0.02766200 
0.02752800 
0.02752300 
0.02756200 
0.02774900 
0.02764600 
0.02775900 
0.02761900 
0.02775400 
0.02759600 
0.02757500 
0.02758000 
0.02762000 
0.02762900 
0.02751400 
0.02750900 
0.02769400 
0.02757500 
0.02769900 
0.02769900 
0.02769100 
0.02770000 
0.02770000 
0.02769900 
0.02769900 
0.02769900 
0.02770000 
0.02755000 
0.02769800 
0.02769500 
0.02769900 
0.02768500 
0.02768800 
0.02768700 
0.02768600 
0.02764500 
0.02762000 
0.02762000 
0.02757300 
0.02757700 
0.02747500 
0.02747300 
0.02753900 
0.02751200 
0.02760000 
0.02760100 
0.02760100 
0.02760100 
0.02760200 
0.02759000 
0.02760600 
0.02760500 
0.02760700 
0.02748100 
0.02747000 
0.02746400 
0.02746400 
0.02756100 
0.02775500 
0.02775600 
0.02775800 
0.02775700 
0.02775700 
0.02775700 
0.02776000 
0.02762800 
0.02775400 
0.02775600 
0.02776300 
0.02764400 
0.02776400 
0.02768200 
0.02766400 
0.02763900 
0.02750200 
0.02752600 
0.02764200 
0.02766200 
0.02755000 
0.02768100 
0.02768100 
0.02764800 
0.02764600 
0.02764600 
0.02764600 
0.02755000 
0.02765800 
0.02765800 
0.02760300 
0.02767300 
0.02767100 
0.02767700 
0.02767700 
0.02744600 
0.02746800 
0.02750000 
0.02770500 
0.02773700 
0.02774800 
0.02774900 
0.02769900 
0.02774700 
0.02774700 
0.02765900 
0.02762400 
0.02772500 
0.02772800 
0.02762500 
0.02777300 
0.02770900 
0.02770400 
0.02771400 
0.02771900 
0.02761100 
0.02771900 
0.02766500 
0.02771600 
0.02769500 
0.02769200 
0.02768500 
0.02768300 
0.02768400 
0.02768400 
0.02768300 
0.02768000 
0.02768000 
0.02768000 
0.02765700 
0.02765700 
0.02765800 
0.02767200 
0.02766100 
0.02766000 
0.02766000 
0.02766100 
0.02766100 
0.02756500 
0.02766600 
0.02766900 
0.02766900 
0.02756400 
0.02766900 
0.02766200 
0.02766600 
0.02766600 
0.02765100 
0.02766100 
0.02766100 
0.02755600 
0.02765900 
0.02754300 
0.02765600 
0.02766600 
0.02766400 
0.02766500 
0.02755400 
0.02755700 
0.02765900 
0.02765900 
0.02765900 
0.02765900 
0.02765900 
0.02765900 
0.02752900 
0.02764000 
0.02760700 
0.02760700 
0.02760700 
0.02752500 
0.02760700 
0.02764000 
0.02766200 
0.02766200 
0.02766200 
0.02766100 
0.02766100 
0.02766100 
0.02750000 
0.02759000 
0.02765900 
0.02765000 
0.02765000 
0.02765000 
0.02764900 
0.02765000 
0.02753700 
0.02762700 
0.02763100 
0.02762900 
0.02750600 
0.02761100 
0.02761900 
0.02760700 
0.02762500 
0.02750800 
0.02758300 
0.02750600 
0.02752400 
0.02754000 
0.02765600 
0.02753600 
0.02766000 
0.02766000 
0.02766100 
0.02757300 
0.02757400 
0.02757000 
0.02755300 
0.02752300 
0.02759000 
0.02753900 
0.02772300 
0.02749700 
0.02753100 
0.02764600 
0.02764700 
0.02760700 
0.02763100 
0.02755800 
0.02750400 
0.02760100 
0.02749300 
0.02755900 
0.02766200 
0.02767700 
0.02770900 
0.02774100 
0.02756000 
0.02754600 
0.02773700 
0.02762900 
0.02765000 
0.02767200 
0.02767200 
0.02763900 
0.02756700 
0.02763000 
0.02776400 
0.02776600 
0.02767700 
0.02767900 
0.02767400 
0.02767700 
0.02751900 
0.02762700 
0.02754900 
0.02766500 
0.02767900 
0.02756200 
0.02760000 
0.02753800 
0.02759900 
0.02759900 
0.02750300 
0.02749900 
0.02759900 
0.02759900 
0.02760000 
0.02760000 
0.02760000 
0.02760000 
0.02760000 
0.02758400 
0.02751400 
0.02759100 
0.02760000 
0.02767700 
0.02764200 
0.02760800 
0.02745700 
0.02750000 
0.02757700 
0.02759600 
0.02749900 
0.02760900 
0.02760900 
0.02760900 
0.02760900 
0.02760900 
0.02748300 
0.02757700 
0.02763600 
0.02765600 
0.02766400 
0.02767100 
0.02767100 
0.02767200 
0.02767400 
0.02768900 
0.02769200 
0.02758200 
0.02769300 
0.02757500 
0.02757700 
0.02755600 
0.02760000 
0.02760000 
0.02769000 
0.02768900 
0.02769200 
0.02758600 
0.02769300 
0.02769300 
0.02769400 
0.02769500 
0.02762000 
0.02760800 
0.02749100 
0.02751600 
0.02758800 
0.02758800 
0.02758700 
0.02758800 
0.02758700 
0.02758800 
0.02759800 
0.02760000 
0.02760000 
0.02759900 
0.02759800 
0.02749300 
0.02749300 
0.02759400 
0.02759400 
0.02747100 
0.02758600 
0.02759000 
0.02759900 
0.02759900 
0.02759900 
0.02760000 
0.02746200 
0.02750200 
0.02760000 
0.02760000 
0.02751500 
0.02740000 
0.02740100 
0.02750000 
0.02757300 
0.02750000 
0.02756000 
0.02757700 
0.02750000 
0.02758400 
0.02752600 
0.02764400 
0.02759900 
0.02758900 
0.02759100 
0.02759100 
0.02759100 
0.02762300 
0.02764900 
0.02750000 
0.02750900 
0.02750100 
0.02750100 
0.02760000 
0.02760000 
0.02759900 
0.02766700 
0.02759800 
0.02759900 
0.02759900 
0.02759900 
0.02759800 
0.02759900 
0.02759800 
0.02759900 
0.02757500 
0.02757500 
0.02757600 
0.02750600 
0.02750800 
0.02757500 
0.02750500 
0.02757500 
0.02754400 
0.02757700 
0.02757600 
0.02743200 
0.02750200 
0.02753600 
0.02754000 
0.02757000 
0.02758100 
0.02758200 
0.02757400 
0.02755000 
0.02755900 
0.02745200 
0.02750200 
0.02756500 
0.02750200 
0.02750100 
0.02745400 
0.02756400 
0.02756700 
0.02758200 
0.02749700 
0.02746000 
0.02757500 
0.02745500 
0.02757800 
0.02755000 
0.02742400 
0.02753100 
0.02749900 
0.02748500 
0.02742500 
0.02742500 
0.02751100 
0.02742500 
0.02750600 
0.02750600 
0.02742500 
0.02741900 
0.02750000 
0.02749900 
0.02749900 
0.02749900 
0.02749900 
0.02749900 
0.02749900 
0.02750000 
0.02750000 
0.02750000 
0.02749700 
0.02749600 
0.02749700 
0.02749700 
0.02740100 
0.02749700 
0.02749700 
0.02749800 
0.02749800 
0.02749800 
0.02749700 
0.02749700 
0.02749700 
0.02749700 
0.02749000 
0.02749500 
0.02749400 
0.02736200 
0.02749400 
0.02740000 
0.02749700 
0.02749700 
0.02749600 
0.02749600 
0.02740100 
0.02749800 
0.02749800 
0.02740700 
0.02749800 
0.02749800 
0.02749800 
0.02739300 
0.02749700 
0.02748800 
0.02748800 
0.02746500 
0.02746500 
0.02746500 
0.02744900 
0.02745000 
0.02744700 
0.02744700 
0.02744900 
0.02744900 
0.02744900 
0.02744600 
0.02748800 
0.02748800 
0.02748800 
0.02748800 
0.02748800 
0.02748800 
0.02743900 
0.02743200 
0.02743100 
0.02743200 
0.02743200 
0.02743100 
0.02735100 
0.02743200 
0.02743200 
0.02743200 
0.02743200 
0.02742800 
0.02742800 
0.02742900 
0.02739400 
0.02743200 
0.02743200 
0.02743200 
0.02743200 
0.02728600 
0.02739400 
0.02735000 
0.02743300 
0.02743400 
0.02743500 
0.02743200 
0.02743100 
0.02739100 
0.02742800 
0.02742800 
0.02742800 
0.02742700 
0.02735900 
0.02742700 
0.02728700 
0.02728700 
0.02728600 
0.02738600 
0.02730700 
0.02730700 
0.02730700 
0.02730700 
0.02730700 
0.02739600 
0.02739900 
0.02739900 
0.02740100 
0.02740200 
0.02742500 
0.02742900 
0.02742900 
0.02742900 
