0.00009800 
0.00009805 
0.00009797 
0.00009787 
0.00009787 
0.00009782 
0.00009782 
0.00009778 
0.00009779 
0.00009779 
0.00009779 
0.00009794 
0.00009795 
0.00009798 
0.00009798 
0.00009786 
0.00009821 
0.00009805 
0.00009800 
0.00009822 
0.00009823 
0.00009820 
0.00009812 
0.00009821 
0.00009820 
0.00009820 
0.00009820 
0.00009818 
0.00009819 
0.00009819 
0.00009830 
0.00009819 
0.00009819 
0.00009826 
0.00009835 
0.00009840 
0.00009835 
0.00009838 
0.00009835 
0.00009833 
0.00009834 
0.00009835 
0.00009829 
0.00009830 
0.00009848 
0.00009860 
0.00009868 
0.00009845 
0.00009816 
0.00009804 
0.00009802 
0.00009817 
0.00009815 
0.00009866 
0.00009877 
0.00009886 
0.00009900 
0.00009908 
0.00009914 
0.00009915 
0.00009930 
0.00009965 
0.00009973 
0.00009931 
0.00009931 
0.00009934 
0.00009948 
0.00009956 
0.00009960 
0.00009959 
0.00009940 
0.00009940 
0.00009926 
0.00009937 
0.00009927 
0.00009926 
0.00009940 
0.00009958 
0.00009933 
0.00009931 
0.00009940 
0.00009933 
0.00009934 
0.00009920 
0.00009919 
0.00009940 
0.00009934 
0.00009916 
0.00009927 
0.00009941 
0.00009940 
0.00009941 
0.00009936 
0.00009910 
0.00009895 
0.00009880 
0.00009877 
0.00009878 
0.00009876 
0.00009879 
0.00009876 
0.00009875 
0.00009870 
0.00009874 
0.00009877 
0.00009889 
0.00009882 
0.00009877 
0.00009891 
0.00009896 
0.00009895 
0.00009895 
0.00009898 
0.00009899 
0.00009881 
0.00009900 
0.00009922 
0.00009921 
0.00009935 
0.00009948 
0.00009930 
0.00009938 
0.00009929 
0.00009931 
0.00009950 
0.00009949 
0.00009949 
0.00009950 
0.00009941 
0.00009944 
0.00009958 
0.00009982 
0.00009970 
0.00009959 
0.00009955 
0.00009954 
0.00009951 
0.00009960 
0.00009953 
0.00009950 
0.00009958 
0.00009951 
0.00009961 
0.00009963 
0.00009965 
0.00009959 
0.00009959 
0.00009959 
0.00009959 
0.00009949 
0.00009950 
0.00009941 
0.00009950 
0.00009948 
0.00009945 
0.00009940 
0.00009946 
0.00009930 
0.00009926 
0.00009937 
0.00009933 
0.00009923 
0.00009924 
0.00009906 
0.00009905 
0.00009900 
0.00009905 
0.00009905 
0.00009905 
0.00009903 
0.00009904 
0.00009899 
0.00009903 
0.00009900 
0.00009900 
0.00009897 
0.00009901 
0.00009906 
0.00009906 
0.00009906 
0.00009922 
0.00009906 
0.00009905 
0.00009900 
0.00009908 
0.00009908 
0.00009903 
0.00009910 
0.00009909 
0.00009904 
0.00009915 
0.00009914 
0.00009903 
0.00009914 
0.00009915 
0.00009903 
0.00009900 
0.00009901 
0.00009900 
0.00009900 
0.00009891 
0.00009895 
0.00009903 
0.00009900 
0.00009901 
0.00009892 
0.00009895 
0.00009892 
0.00009891 
0.00009885 
0.00009884 
0.00009890 
0.00009885 
0.00009874 
0.00009874 
0.00009880 
0.00009876 
0.00009875 
0.00009900 
0.00009882 
0.00009886 
0.00009906 
0.00009907 
0.00009898 
0.00009904 
0.00009900 
0.00009917 
0.00009910 
0.00009906 
0.00009906 
0.00009892 
0.00009892 
0.00009900 
0.00009884 
0.00009887 
0.00009890 
0.00009890 
0.00009885 
0.00009884 
0.00009865 
0.00009867 
0.00009867 
0.00009852 
0.00009851 
0.00009857 
0.00009858 
0.00009857 
0.00009858 
0.00009855 
0.00009855 
0.00009825 
0.00009855 
0.00009867 
0.00009872 
0.00009897 
0.00009904 
0.00009897 
0.00009897 
0.00009897 
0.00009900 
0.00009924 
0.00009924 
0.00009912 
0.00009930 
0.00009888 
0.00009880 
0.00009857 
0.00009846 
0.00009845 
0.00009854 
0.00009844 
0.00009849 
0.00009855 
0.00009844 
0.00009855 
0.00009843 
0.00009844 
0.00009858 
0.00009856 
0.00009857 
0.00009842 
0.00009849 
0.00009850 
0.00009860 
0.00009860 
0.00009857 
0.00009850 
0.00009852 
0.00009850 
0.00009873 
0.00009865 
0.00009850 
0.00009842 
0.00009842 
0.00009830 
0.00009825 
0.00009868 
0.00009860 
0.00009859 
0.00009859 
0.00009841 
0.00009858 
0.00009852 
0.00009858 
0.00009859 
0.00009860 
0.00009850 
0.00009869 
0.00009860 
0.00009859 
0.00009865 
0.00009865 
0.00009860 
0.00009885 
0.00009870 
0.00009857 
0.00009861 
0.00009872 
0.00009889 
0.00009886 
0.00009900 
0.00009906 
0.00009903 
0.00009900 
0.00009898 
0.00009900 
0.00009872 
0.00009901 
0.00009901 
0.00009900 
0.00009904 
0.00009900 
0.00009904 
0.00009896 
0.00009900 
0.00009904 
0.00009901 
0.00009904 
0.00009906 
0.00009906 
0.00009924 
0.00009924 
0.00009930 
0.00009925 
0.00009922 
0.00009920 
0.00009912 
0.00009930 
0.00009911 
0.00009911 
0.00009919 
0.00009912 
0.00009906 
0.00009917 
0.00009895 
0.00009895 
0.00009886 
0.00009879 
0.00009878 
0.00009861 
0.00009873 
0.00009860 
0.00009880 
0.00009895 
0.00009896 
0.00009910 
0.00009905 
0.00009910 
0.00009920 
0.00009926 
0.00009940 
0.00009937 
0.00009955 
0.00009939 
0.00009955 
0.00009935 
0.00009955 
0.00009955 
0.00009954 
0.00009958 
0.00009950 
0.00009939 
0.00009924 
0.00009915 
0.00009945 
0.00009940 
0.00009925 
0.00009909 
0.00009890 
0.00009890 
0.00009904 
0.00009880 
0.00009890 
0.00009878 
0.00009849 
0.00009838 
0.00009808 
0.00009796 
0.00009800 
0.00009800 
0.00009835 
0.00009858 
0.00009850 
0.00009848 
0.00009830 
0.00009848 
0.00009869 
0.00009860 
0.00009877 
0.00009873 
0.00009866 
0.00009862 
0.00009881 
0.00009879 
0.00009860 
0.00009881 
0.00009881 
0.00009888 
0.00009875 
0.00009879 
0.00009860 
0.00009865 
0.00009863 
0.00009865 
0.00009864 
0.00009860 
0.00009860 
0.00009859 
0.00009857 
0.00009810 
0.00009800 
0.00009812 
0.00009800 
0.00009791 
0.00009800 
0.00009820 
0.00009823 
0.00009851 
0.00009807 
0.00009809 
0.00009810 
0.00009803 
0.00009828 
0.00009852 
0.00009858 
0.00009870 
0.00009852 
0.00009858 
0.00009860 
0.00009871 
0.00009864 
0.00009867 
0.00009879 
0.00009881 
0.00009891 
0.00009920 
0.00009949 
0.00009964 
0.00009986 
0.00009998 
0.00009980 
0.00009961 
0.00009980 
0.00009988 
0.00009988 
0.00009966 
0.00009962 
0.00009950 
0.00009969 
0.00009969 
0.00009958 
0.00009947 
0.00009948 
0.00009939 
0.00009952 
0.00009938 
0.00009975 
0.00009972 
0.00009940 
0.00009937 
0.00009936 
0.00009929 
0.00009926 
0.00009925 
0.00009929 
0.00009900 
0.00009927 
0.00009921 
0.00009920 
0.00009900 
0.00009890 
0.00009894 
0.00009910 
0.00009931 
0.00009909 
0.00009936 
0.00009931 
0.00009932 
0.00009937 
0.00009926 
0.00009918 
0.00009926 
0.00009921 
0.00009918 
0.00009915 
0.00009900 
0.00009871 
0.00009940 
0.00009964 
0.00009958 
0.00009950 
0.00009877 
0.00009881 
0.00009953 
0.00009975 
0.00009970 
0.00009921 
0.00009899 
0.00009849 
0.00009830 
0.00009811 
0.00009820 
0.00009834 
0.00009869 
0.00009886 
0.00009820 
0.00009810 
0.00009810 
0.00009848 
0.00009823 
0.00009860 
0.00009882 
0.00009885 
0.00009881 
0.00009892 
0.00009900 
0.00009897 
0.00009923 
0.00009920 
0.00009901 
0.00009898 
0.00009889 
0.00009883 
0.00009882 
0.00009898 
0.00009873 
0.00009875 
0.00009858 
0.00009851 
0.00009858 
0.00009820 
0.00009820 
0.00009817 
0.00009816 
0.00009850 
0.00009851 
0.00009848 
0.00009839 
0.00009854 
0.00009829 
0.00009824 
0.00009846 
0.00009821 
0.00009820 
0.00009819 
0.00009814 
0.00009814 
0.00009814 
0.00009814 
0.00009813 
0.00009813 
0.00009818 
0.00009810 
0.00009814 
0.00009790 
0.00009789 
0.00009789 
0.00009778 
0.00009778 
0.00009764 
0.00009758 
0.00009755 
0.00009784 
0.00009785 
0.00009788 
0.00009801 
0.00009802 
0.00009813 
0.00009800 
0.00009798 
0.00009793 
0.00009788 
0.00009787 
0.00009800 
0.00009791 
0.00009791 
0.00009793 
0.00009800 
0.00009810 
0.00009803 
0.00009787 
0.00009802 
0.00009785 
0.00009804 
0.00009803 
0.00009784 
0.00009779 
0.00009760 
0.00009773 
0.00009772 
0.00009775 
0.00009754 
0.00009780 
0.00009785 
0.00009785 
0.00009835 
0.00009820 
0.00009833 
0.00009801 
0.00009812 
0.00009795 
0.00009796 
0.00009806 
0.00009794 
0.00009780 
0.00009800 
0.00009788 
0.00009798 
0.00009783 
0.00009783 
0.00009789 
0.00009791 
0.00009800 
0.00009756 
0.00009735 
0.00009722 
0.00009752 
0.00009798 
0.00009782 
0.00009803 
0.00009807 
0.00009800 
0.00009818 
0.00009821 
0.00009827 
0.00009831 
0.00009797 
0.00009820 
0.00009782 
0.00009756 
0.00009700 
0.00009700 
0.00009672 
0.00009668 
0.00009653 
0.00009639 
0.00009636 
0.00009644 
0.00009650 
0.00009652 
0.00009675 
0.00009679 
0.00009700 
0.00009670 
0.00009675 
0.00009683 
0.00009671 
0.00009687 
0.00009687 
0.00009697 
0.00009722 
0.00009730 
0.00009718 
0.00009705 
0.00009730 
0.00009713 
0.00009728 
0.00009713 
0.00009710 
0.00009720 
0.00009720 
0.00009724 
0.00009721 
0.00009725 
0.00009701 
0.00009712 
0.00009710 
0.00009720 
0.00009729 
0.00009733 
0.00009750 
0.00009731 
0.00009723 
0.00009719 
0.00009709 
0.00009714 
0.00009725 
0.00009699 
0.00009657 
0.00009723 
0.00009729 
0.00009710 
0.00009745 
0.00009744 
0.00009712 
0.00009696 
0.00009701 
0.00009741 
0.00009765 
0.00009770 
0.00009791 
0.00009757 
0.00009796 
0.00009834 
0.00009834 
0.00009859 
0.00009816 
0.00009800 
0.00009802 
0.00009826 
0.00009861 
0.00009894 
0.00009902 
0.00009888 
0.00009848 
0.00009808 
0.00009820 
0.00009822 
0.00009806 
0.00009832 
0.00009820 
0.00009800 
0.00009900 
0.00009882 
0.00009897 
0.00009899 
0.00009860 
0.00009863 
0.00009831 
0.00009850 
0.00009861 
0.00009855 
0.00009832 
0.00009812 
0.00009801 
0.00009801 
0.00009801 
0.00009801 
0.00009771 
0.00009761 
0.00009770 
0.00009770 
0.00009802 
0.00009814 
0.00009805 
0.00009808 
0.00009775 
0.00009773 
0.00009760 
0.00009750 
0.00009729 
0.00009727 
0.00009746 
0.00009731 
0.00009729 
0.00009716 
0.00009659 
0.00009665 
0.00009650 
0.00009678 
0.00009678 
0.00009678 
0.00009678 
0.00009700 
0.00009690 
0.00009674 
0.00009676 
0.00009684 
0.00009656 
0.00009660 
0.00009652 
0.00009656 
0.00009647 
0.00009659 
0.00009650 
0.00009661 
0.00009649 
0.00009643 
0.00009642 
0.00009635 
0.00009649 
0.00009647 
0.00009639 
0.00009636 
0.00009639 
0.00009640 
0.00009638 
0.00009636 
0.00009645 
0.00009631 
0.00009631 
0.00009621 
0.00009652 
0.00009651 
0.00009649 
0.00009647 
0.00009646 
0.00009643 
0.00009660 
0.00009659 
0.00009641 
0.00009658 
0.00009664 
0.00009631 
0.00009643 
0.00009659 
0.00009657 
0.00009681 
0.00009681 
0.00009678 
0.00009681 
0.00009691 
0.00009669 
0.00009664 
0.00009700 
0.00009625 
0.00009586 
0.00009600 
0.00009602 
0.00009589 
0.00009627 
0.00009621 
0.00009650 
0.00009665 
0.00009640 
0.00009645 
0.00009645 
0.00009619 
0.00009601 
0.00009613 
0.00009611 
0.00009600 
0.00009601 
0.00009601 
0.00009630 
0.00009643 
0.00009658 
0.00009654 
0.00009672 
0.00009699 
0.00009692 
0.00009718 
0.00009720 
0.00009724 
0.00009737 
0.00009742 
0.00009742 
0.00009740 
0.00009739 
0.00009743 
0.00009734 
0.00009727 
0.00009748 
0.00009750 
0.00009750 
0.00009740 
0.00009744 
0.00009740 
0.00009762 
0.00009763 
0.00009762 
0.00009762 
0.00009764 
0.00009762 
0.00009764 
0.00009771 
0.00009781 
0.00009767 
0.00009828 
0.00009824 
0.00009796 
0.00009776 
0.00009793 
0.00009774 
0.00009756 
0.00009784 
0.00009785 
0.00009785 
0.00009790 
0.00009815 
0.00009824 
0.00009755 
0.00009741 
0.00009755 
0.00009752 
0.00009755 
0.00009735 
0.00009733 
0.00009717 
0.00009718 
0.00009739 
0.00009705 
0.00009728 
0.00009733 
0.00009735 
0.00009754 
0.00009755 
0.00009730 
0.00009730 
0.00009733 
0.00009742 
0.00009770 
0.00009776 
0.00009759 
0.00009724 
0.00009729 
0.00009715 
0.00009708 
0.00009741 
0.00009757 
0.00009760 
0.00009774 
0.00009755 
0.00009773 
0.00009776 
0.00009771 
0.00009810 
0.00009801 
0.00009785 
0.00009840 
0.00009875 
0.00009821 
0.00009831 
0.00009804 
0.00009815 
0.00009816 
0.00009779 
0.00009767 
0.00009765 
0.00009782 
0.00009784 
0.00009801 
0.00009800 
0.00009815 
0.00009826 
0.00009814 
0.00009811 
0.00009815 
0.00009828 
0.00009815 
0.00009824 
0.00009951 
0.00009940 
0.00009924 
0.00009972 
0.00010004 
0.00010006 
0.00010006 
0.00010013 
0.00010009 
0.00009986 
0.00009964 
0.00010038 
0.00010036 
0.00010025 
0.00010008 
0.00010065 
0.00010079 
0.00010053 
0.00010019 
0.00009978 
0.00009980 
0.00009949 
0.00009940 
0.00009867 
0.00009867 
0.00009851 
0.00009836 
0.00009851 
0.00009833 
0.00009835 
0.00009852 
0.00009848 
0.00009808 
0.00009850 
0.00009830 
0.00009850 
0.00009850 
0.00009845 
0.00009880 
0.00009886 
0.00009954 
0.00009952 
0.00009893 
0.00009860 
0.00009742 
0.00009632 
0.00009643 
0.00009652 
0.00009660 
0.00009665 
0.00009697 
0.00009700 
0.00009699 
0.00009700 
0.00009697 
0.00009698 
0.00009654 
0.00009698 
0.00009708 
0.00009741 
0.00009722 
0.00009727 
0.00009750 
0.00009750 
0.00009734 
0.00009728 
0.00009719 
0.00009708 
0.00009706 
0.00009699 
0.00009670 
0.00009698 
0.00009699 
0.00009702 
0.00009723 
0.00009722 
0.00009700 
0.00009744 
0.00009748 
0.00009765 
0.00009764 
0.00009780 
0.00009773 
0.00009769 
0.00009791 
0.00009783 
0.00009801 
0.00009812 
0.00009801 
0.00009800 
0.00009814 
0.00009820 
0.00009825 
0.00009832 
0.00009832 
0.00009870 
0.00009843 
0.00009893 
0.00009905 
0.00009912 
0.00009919 
0.00009900 
0.00009883 
0.00009873 
0.00009899 
0.00009900 
0.00009898 
0.00009882 
0.00009882 
0.00009892 
0.00009877 
0.00009876 
0.00009875 
0.00009889 
0.00009890 
0.00009875 
0.00009880 
0.00009888 
0.00009887 
0.00009874 
0.00009873 
0.00009861 
0.00009869 
0.00009865 
0.00009890 
0.00009893 
0.00009899 
0.00009883 
0.00009889 
0.00009889 
0.00009857 
0.00009900 
0.00009864 
0.00009850 
0.00009874 
0.00009899 
0.00009885 
0.00009899 
0.00009899 
0.00009905 
0.00009911 
0.00009916 
0.00009917 
0.00009923 
0.00009901 
0.00009915 
0.00009935 
0.00009946 
0.00009949 
0.00009948 
0.00009944 
0.00009950 
0.00009964 
0.00009965 
0.00009974 
0.00009967 
0.00009953 
0.00009965 
0.00009967 
0.00009965 
0.00009965 
0.00009926 
0.00009920 
0.00009920 
0.00009936 
0.00009959 
0.00009968 
0.00009981 
0.00009970 
0.00009971 
0.00009978 
0.00009972 
0.00009978 
0.00009981 
0.00009982 
0.00009935 
0.00009979 
0.00009998 
0.00010000 
0.00010000 
0.00010000 
0.00009996 
0.00009996 
0.00010015 
0.00010028 
0.00010028 
0.00010007 
0.00010006 
0.00010008 
0.00009991 
0.00010004 
0.00010015 
0.00010010 
0.00010010 
0.00010010 
0.00010011 
0.00010004 
0.00010004 
0.00009990 
0.00009989 
0.00009970 
0.00009962 
0.00009986 
0.00009935 
0.00009925 
0.00009906 
0.00009940 
0.00009938 
0.00009939 
0.00009940 
0.00009923 
0.00009934 
0.00009958 
0.00009965 
0.00009976 
0.00009964 
0.00009996 
0.00009996 
0.00009996 
0.00010000 
0.00009977 
0.00009995 
0.00010000 
0.00009988 
0.00010027 
0.00010024 
0.00010026 
0.00010032 
0.00010030 
0.00009991 
0.00009996 
0.00009985 
0.00009995 
0.00009996 
0.00009980 
0.00009925 
0.00009939 
0.00009935 
0.00009922 
0.00009901 
0.00009926 
0.00009936 
0.00009946 
0.00009952 
0.00009954 
0.00009962 
0.00009967 
0.00009948 
0.00009919 
0.00009872 
0.00009869 
0.00009829 
0.00009816 
0.00009824 
0.00009825 
0.00009804 
0.00009834 
0.00009840 
0.00009860 
0.00009850 
0.00009861 
0.00009860 
0.00009880 
0.00009878 
0.00009875 
0.00009829 
0.00009837 
0.00009851 
0.00009848 
0.00009840 
0.00009831 
0.00009820 
0.00009835 
0.00009790 
0.00009766 
0.00009842 
0.00009850 
0.00009850 
0.00009883 
0.00009869 
0.00009877 
0.00009886 
0.00009869 
0.00009879 
0.00009871 
0.00009871 
0.00009888 
0.00009867 
0.00009852 
0.00009833 
0.00009850 
0.00009848 
0.00009843 
0.00009831 
0.00009846 
0.00009827 
0.00009827 
0.00009825 
0.00009805 
0.00009797 
0.00009805 
0.00009819 
0.00009809 
0.00009800 
0.00009811 
0.00009812 
0.00009805 
0.00009810 
0.00009812 
0.00009812 
0.00009812 
0.00009815 
0.00009814 
0.00009819 
0.00009819 
0.00009815 
0.00009824 
0.00009825 
0.00009815 
0.00009807 
0.00009807 
0.00009811 
0.00009821 
0.00009810 
0.00009810 
0.00009808 
0.00009843 
0.00009820 
0.00009844 
0.00009848 
0.00009870 
0.00009877 
0.00009899 
0.00009907 
0.00009907 
0.00009902 
0.00009902 
0.00009902 
0.00009902 
0.00009902 
0.00009902 
0.00009903 
0.00009900 
0.00009914 
0.00009903 
0.00009877 
0.00009877 
0.00009860 
0.00009865 
0.00009860 
0.00009860 
0.00009833 
0.00009847 
0.00009850 
0.00009855 
0.00009850 
0.00009832 
0.00009820 
0.00009799 
0.00009800 
0.00009800 
0.00009810 
0.00009810 
0.00009795 
0.00009793 
0.00009793 
0.00009799 
0.00009799 
0.00009792 
0.00009804 
0.00009818 
0.00009825 
0.00009826 
0.00009825 
0.00009826 
0.00009823 
0.00009820 
0.00009813 
0.00009818 
0.00009818 
0.00009818 
0.00009816 
0.00009801 
0.00009816 
0.00009810 
0.00009810 
0.00009828 
0.00009827 
0.00009808 
0.00009805 
0.00009812 
0.00009780 
0.00009806 
0.00009780 
0.00009780 
0.00009789 
0.00009800 
0.00009811 
0.00009828 
0.00009848 
0.00009811 
0.00009833 
0.00009839 
0.00009802 
0.00009843 
0.00009850 
0.00009828 
0.00009812 
0.00009801 
0.00009811 
0.00009799 
0.00009790 
0.00009808 
0.00009797 
0.00009775 
0.00009794 
0.00009802 
0.00009808 
0.00009750 
0.00009750 
0.00009796 
0.00009808 
0.00009793 
0.00009807 
0.00009800 
0.00009806 
0.00009838 
0.00009812 
0.00009802 
0.00009806 
0.00009800 
0.00009802 
0.00009810 
0.00009812 
0.00009815 
0.00009824 
0.00009864 
0.00009849 
0.00009849 
0.00009844 
0.00009830 
0.00009844 
0.00009848 
0.00009865 
0.00009866 
0.00009886 
0.00009884 
0.00009866 
0.00009866 
0.00009871 
0.00009889 
0.00009863 
0.00009901 
0.00009900 
0.00009894 
0.00009900 
0.00009894 
0.00009909 
0.00009900 
0.00009899 
0.00009888 
0.00009878 
0.00009878 
0.00009871 
0.00009880 
0.00009892 
0.00009863 
0.00009850 
0.00009845 
0.00009830 
0.00009845 
0.00009844 
0.00009829 
0.00009843 
0.00009853 
0.00009815 
0.00009825 
0.00009840 
0.00009863 
0.00009862 
0.00009845 
0.00009857 
0.00009871 
0.00009870 
0.00009857 
0.00009850 
0.00009842 
0.00009837 
0.00009821 
0.00009839 
0.00009829 
0.00009821 
0.00009810 
0.00009817 
0.00009830 
0.00009840 
0.00009850 
0.00009850 
0.00009867 
0.00009867 
0.00009850 
0.00009850 
0.00009832 
0.00009822 
0.00009835 
0.00009856 
0.00009900 
0.00009884 
0.00009879 
0.00009869 
0.00009844 
0.00009838 
0.00009836 
0.00009860 
0.00009862 
0.00009871 
0.00009899 
0.00009892 
0.00009881 
0.00009896 
0.00009832 
0.00009800 
0.00009787 
0.00009783 
0.00009798 
0.00009801 
0.00009800 
0.00009809 
0.00009826 
0.00009825 
0.00009863 
0.00009876 
0.00009861 
0.00009866 
0.00009888 
0.00009910 
0.00009901 
0.00009881 
0.00009922 
0.00009940 
0.00009952 
0.00010011 
0.00010066 
0.00010055 
0.00010134 
0.00010108 
0.00010050 
0.00010127 
0.00010150 
0.00010139 
0.00010118 
0.00010099 
0.00010080 
0.00010100 
0.00010099 
0.00010114 
0.00010086 
0.00010085 
0.00010074 
0.00010050 
0.00010048 
0.00010002 
0.00009976 
0.00010031 
0.00010070 
0.00010036 
0.00010049 
0.00010004 
0.00009990 
0.00009936 
0.00009921 
0.00009929 
0.00009918 
0.00009934 
0.00009871 
0.00009905 
0.00009914 
0.00009917 
0.00009929 
0.00009922 
0.00009903 
0.00009866 
0.00009794 
0.00009851 
0.00009875 
0.00009898 
0.00009868 
0.00009830 
0.00009855 
0.00009928 
0.00009929 
0.00009859 
0.00009834 
0.00009799 
0.00009700 
0.00009661 
0.00009619 
0.00009602 
0.00009600 
0.00009620 
0.00009609 
0.00009593 
0.00009593 
0.00009595 
0.00009583 
0.00009582 
0.00009580 
0.00009576 
0.00009578 
0.00009597 
0.00009591 
0.00009599 
0.00009582 
0.00009591 
0.00009610 
0.00009601 
0.00009602 
0.00009602 
0.00009612 
0.00009609 
0.00009597 
0.00009615 
0.00009610 
0.00009591 
0.00009581 
0.00009586 
0.00009588 
0.00009603 
0.00009602 
0.00009601 
0.00009606 
0.00009604 
0.00009608 
0.00009604 
0.00009604 
0.00009606 
0.00009622 
0.00009607 
0.00009623 
0.00009610 
0.00009625 
0.00009649 
0.00009641 
0.00009633 
0.00009645 
0.00009662 
0.00009662 
0.00009630 
0.00009620 
0.00009603 
0.00009614 
0.00009605 
0.00009612 
0.00009616 
0.00009630 
0.00009625 
0.00009632 
0.00009622 
0.00009617 
0.00009621 
0.00009621 
0.00009611 
0.00009610 
0.00009629 
0.00009657 
0.00009652 
0.00009650 
0.00009650 
0.00009663 
0.00009664 
0.00009666 
0.00009673 
0.00009691 
0.00009707 
0.00009700 
0.00009709 
0.00009715 
0.00009700 
0.00009699 
0.00009717 
0.00009750 
0.00009666 
0.00009652 
0.00009633 
0.00009601 
0.00009601 
0.00009605 
0.00009617 
0.00009630 
0.00009637 
0.00009658 
0.00009654 
0.00009625 
0.00009603 
0.00009604 
0.00009601 
0.00009605 
0.00009625 
0.00009624 
0.00009630 
0.00009630 
0.00009623 
0.00009638 
0.00009631 
0.00009641 
0.00009629 
0.00009657 
0.00009646 
0.00009662 
0.00009669 
0.00009655 
0.00009669 
0.00009650 
0.00009650 
0.00009680 
0.00009656 
0.00009638 
0.00009637 
0.00009638 
0.00009638 
0.00009660 
0.00009661 
0.00009665 
0.00009683 
0.00009695 
0.00009676 
0.00009698 
0.00009692 
0.00009695 
0.00009698 
0.00009679 
0.00009677 
0.00009678 
0.00009694 
0.00009698 
0.00009697 
0.00009697 
0.00009670 
0.00009677 
0.00009689 
0.00009660 
0.00009663 
0.00009641 
0.00009649 
0.00009635 
0.00009637 
0.00009632 
0.00009621 
0.00009635 
0.00009628 
0.00009624 
0.00009615 
0.00009611 
0.00009603 
0.00009604 
0.00009602 
0.00009611 
0.00009607 
0.00009612 
0.00009618 
0.00009613 
0.00009613 
0.00009632 
0.00009633 
0.00009634 
0.00009635 
0.00009640 
0.00009640 
0.00009640 
0.00009631 
0.00009630 
0.00009611 
0.00009620 
0.00009631 
0.00009639 
0.00009641 
0.00009644 
0.00009646 
0.00009649 
0.00009665 
0.00009671 
0.00009682 
0.00009691 
0.00009696 
0.00009707 
0.00009705 
0.00009704 
0.00009704 
0.00009703 
0.00009708 
0.00009708 
0.00009697 
0.00009696 
0.00009696 
0.00009693 
0.00009691 
0.00009688 
0.00009697 
0.00009696 
0.00009700 
0.00009700 
0.00009711 
0.00009730 
0.00009735 
0.00009735 
0.00009745 
0.00009745 
0.00009745 
0.00009767 
0.00009744 
0.00009745 
0.00009741 
0.00009745 
0.00009751 
0.00009750 
0.00009747 
0.00009750 
0.00009756 
0.00009755 
0.00009760 
0.00009756 
0.00009757 
0.00009744 
0.00009779 
0.00009739 
0.00009740 
0.00009739 
0.00009726 
0.00009747 
0.00009747 
0.00009757 
0.00009745 
0.00009743 
0.00009744 
0.00009740 
0.00009740 
0.00009747 
0.00009730 
0.00009740 
0.00009760 
0.00009781 
0.00009799 
0.00009822 
0.00009823 
0.00009826 
0.00009838 
0.00009850 
0.00009839 
0.00009805 
0.00009867 
0.00009859 
0.00009828 
0.00009801 
0.00009738 
0.00009724 
0.00009713 
0.00009707 
0.00009719 
0.00009738 
0.00009727 
0.00009670 
0.00009635 
0.00009619 
0.00009615 
0.00009598 
0.00009596 
0.00009583 
0.00009593 
0.00009593 
0.00009594 
0.00009594 
0.00009600 
0.00009608 
0.00009608 
0.00009615 
0.00009629 
0.00009610 
0.00009601 
0.00009619 
0.00009630 
0.00009633 
0.00009633 
0.00009624 
0.00009633 
0.00009609 
0.00009625 
0.00009631 
0.00009634 
0.00009649 
0.00009633 
0.00009631 
0.00009650 
0.00009650 
0.00009655 
0.00009650 
0.00009660 
0.00009660 
0.00009670 
0.00009670 
0.00009687 
0.00009690 
0.00009687 
0.00009680 
0.00009689 
0.00009707 
0.00009702 
0.00009689 
0.00009689 
0.00009688 
0.00009700 
0.00009700 
0.00009701 
0.00009704 
0.00009706 
0.00009725 
0.00009725 
0.00009734 
0.00009749 
0.00009740 
0.00009720 
0.00009725 
0.00009702 
0.00009704 
0.00009709 
0.00009710 
0.00009724 
0.00009707 
0.00009716 
0.00009708 
0.00009735 
0.00009724 
0.00009750 
0.00009747 
0.00009730 
0.00009738 
0.00009724 
0.00009738 
0.00009700 
0.00009699 
0.00009704 
0.00009709 
0.00009700 
0.00009704 
0.00009701 
0.00009713 
0.00009730 
0.00009740 
0.00009730 
0.00009738 
0.00009744 
0.00009745 
0.00009722 
0.00009722 
0.00009737 
0.00009750 
0.00009735 
0.00009752 
0.00009745 
0.00009735 
0.00009753 
0.00009750 
0.00009755 
0.00009765 
0.00009786 
0.00009768 
0.00009782 
0.00009767 
0.00009789 
0.00009783 
0.00009792 
0.00009800 
0.00009817 
0.00009811 
0.00009819 
0.00009814 
0.00009813 
0.00009811 
0.00009820 
0.00009820 
0.00009820 
0.00009851 
0.00009879 
0.00009842 
0.00009841 
0.00009842 
0.00009840 
0.00009808 
0.00009792 
0.00009793 
0.00009791 
0.00009800 
0.00009790 
0.00009803 
0.00009803 
0.00009800 
0.00009790 
0.00009800 
0.00009804 
0.00009804 
0.00009804 
0.00009804 
0.00009805 
0.00009800 
0.00009808 
0.00009804 
0.00009812 
0.00009825 
0.00009820 
0.00009830 
0.00009830 
0.00009821 
0.00009818 
0.00009783 
0.00009859 
0.00009862 
0.00009841 
0.00009847 
0.00009827 
0.00009800 
0.00009790 
0.00009828 
0.00009824 
0.00009823 
0.00009838 
0.00009798 
0.00009790 
0.00009770 
0.00009740 
0.00009753 
0.00009746 
0.00009733 
0.00009733 
0.00009730 
0.00009750 
0.00009748 
0.00009748 
0.00009758 
0.00009759 
0.00009759 
0.00009750 
0.00009750 
0.00009753 
0.00009766 
0.00009774 
0.00009777 
0.00009758 
0.00009772 
0.00009780 
0.00009809 
0.00009800 
0.00009811 
0.00009818 
0.00009808 
0.00009798 
0.00009798 
0.00009792 
0.00009800 
0.00009790 
0.00009790 
0.00009790 
0.00009774 
0.00009790 
0.00009791 
0.00009790 
0.00009781 
0.00009792 
0.00009790 
0.00009790 
0.00009784 
0.00009793 
0.00009796 
0.00009802 
0.00009818 
0.00009840 
0.00009825 
0.00009820 
0.00009820 
0.00009766 
0.00009750 
0.00009751 
0.00009741 
0.00009744 
0.00009742 
0.00009740 
0.00009759 
0.00009759 
0.00009760 
0.00009758 
0.00009769 
0.00009770 
0.00009780 
0.00009771 
0.00009798 
0.00009808 
0.00009800 
0.00009820 
0.00009822 
0.00009822 
0.00009824 
0.00009825 
0.00009812 
0.00009825 
0.00009830 
0.00009830 
0.00009845 
0.00009845 
0.00009850 
0.00009847 
0.00009850 
0.00009852 
0.00009852 
0.00009870 
0.00009870 
0.00009870 
0.00009891 
0.00009880 
0.00009892 
0.00009887 
0.00009870 
0.00009895 
0.00009892 
0.00009890 
0.00009902 
0.00009901 
0.00009891 
0.00009885 
0.00009886 
0.00009869 
0.00009864 
0.00009865 
0.00009868 
0.00009865 
0.00009866 
0.00009897 
0.00009885 
0.00009855 
0.00009860 
0.00009892 
0.00009860 
0.00009885 
0.00009867 
0.00009888 
0.00009893 
0.00009879 
0.00009896 
0.00009888 
0.00009862 
0.00009871 
0.00009870 
0.00009890 
0.00009895 
0.00009904 
0.00009908 
0.00009900 
0.00009902 
0.00009911 
0.00009907 
0.00009910 
0.00009902 
0.00009917 
0.00009901 
0.00009913 
0.00009913 
0.00009924 
0.00009925 
0.00009915 
0.00009930 
0.00009930 
0.00009930 
0.00009946 
0.00009950 
0.00009950 
0.00009960 
0.00009976 
0.00009962 
0.00009962 
0.00009965 
0.00009995 
0.00009975 
0.00009959 
0.00009964 
0.00009971 
0.00009938 
0.00009930 
0.00009964 
0.00009972 
0.00009967 
0.00009951 
0.00009965 
0.00009969 
0.00009973 
0.00009974 
0.00009978 
0.00009970 
0.00009967 
0.00009961 
0.00009960 
0.00009965 
0.00009963 
0.00009944 
0.00009970 
0.00009957 
0.00009968 
0.00009953 
0.00009950 
0.00009940 
0.00009946 
0.00009960 
0.00009959 
0.00009967 
0.00009970 
0.00009950 
0.00009970 
0.00009961 
0.00009974 
0.00009961 
0.00009958 
0.00009948 
0.00009933 
0.00009928 
0.00009947 
0.00009946 
0.00009928 
0.00009947 
0.00009950 
0.00009935 
0.00009958 
0.00009960 
0.00009958 
0.00009946 
0.00009950 
0.00009955 
0.00009947 
0.00009954 
0.00009935 
0.00009923 
0.00009942 
0.00009930 
0.00009913 
0.00009900 
0.00009889 
0.00009889 
0.00009889 
0.00009890 
0.00009889 
0.00009890 
0.00009876 
0.00009869 
0.00009855 
0.00009870 
0.00009861 
0.00009852 
0.00009841 
0.00009850 
0.00009801 
0.00009850 
0.00009850 
0.00009831 
0.00009842 
0.00009847 
0.00009842 
0.00009842 
0.00009862 
0.00009846 
0.00009865 
0.00009847 
0.00009864 
0.00009863 
0.00009862 
0.00009855 
0.00009864 
0.00009851 
0.00009860 
0.00009864 
0.00009851 
0.00009849 
0.00009848 
0.00009846 
0.00009833 
0.00009854 
0.00009851 
0.00009850 
0.00009855 
0.00009844 
0.00009855 
0.00009848 
0.00009860 
0.00009868 
0.00009860 
0.00009855 
0.00009860 
0.00009877 
0.00009868 
0.00009861 
0.00009866 
0.00009875 
0.00009909 
0.00009927 
0.00009928 
0.00009930 
0.00009930 
0.00009927 
0.00009927 
0.00009929 
0.00009913 
0.00009909 
0.00009910 
0.00009935 
0.00009910 
0.00009922 
0.00009924 
0.00009939 
0.00009930 
0.00009924 
0.00009930 
0.00009934 
0.00009924 
0.00009932 
0.00009924 
0.00009908 
0.00009906 
0.00009924 
0.00009916 
0.00009919 
0.00009925 
0.00009907 
0.00009919 
0.00009940 
0.00009946 
0.00009948 
0.00009932 
0.00009961 
0.00009957 
0.00009942 
0.00009940 
0.00009942 
0.00009942 
0.00009928 
0.00009955 
0.00009940 
0.00009925 
0.00009926 
0.00009931 
0.00009933 
0.00009922 
0.00009917 
0.00009923 
0.00009920 
0.00009924 
0.00009937 
0.00009920 
0.00009917 
0.00009939 
0.00009920 
0.00009914 
0.00009907 
0.00009908 
0.00009890 
0.00009900 
0.00009911 
0.00009908 
0.00009898 
0.00009902 
0.00009914 
0.00009909 
0.00009901 
0.00009899 
0.00009900 
0.00009910 
0.00009910 
0.00009908 
0.00009902 
0.00009900 
0.00009908 
0.00009909 
0.00009909 
0.00009909 
0.00009909 
0.00009904 
0.00009900 
0.00009902 
0.00009903 
0.00009904 
0.00009904 
0.00009907 
0.00009908 
0.00009902 
0.00009915 
0.00009901 
0.00009922 
0.00009922 
0.00009905 
0.00009940 
0.00009901 
0.00009900 
0.00009907 
0.00009916 
0.00009916 
0.00009906 
0.00009909 
0.00009909 
0.00009909 
0.00009909 
0.00009917 
0.00009924 
0.00009900 
0.00009900 
0.00009915 
0.00009910 
0.00009916 
0.00009923 
0.00009916 
0.00009912 
0.00009918 
0.00009926 
0.00009928 
0.00009928 
0.00009928 
0.00009935 
0.00009929 
0.00009929 
0.00009918 
0.00009914 
0.00009916 
0.00009910 
0.00009918 
0.00009924 
0.00009918 
0.00009916 
0.00009918 
0.00009920 
0.00009900 
0.00009902 
0.00009900 
0.00009901 
0.00009900 
0.00009916 
0.00009896 
0.00009908 
0.00009918 
0.00009918 
0.00009925 
0.00009918 
0.00009908 
0.00009901 
0.00009907 
0.00009907 
0.00009924 
0.00009909 
0.00009909 
0.00009912 
0.00009931 
0.00009903 
0.00009926 
0.00009915 
0.00009902 
0.00009912 
0.00009911 
0.00009920 
0.00009927 
0.00009927 
0.00009941 
0.00009933 
0.00009933 
0.00009949 
0.00009949 
0.00009950 
0.00009941 
0.00009950 
0.00009936 
0.00009920 
0.00009959 
0.00009970 
0.00009978 
0.00009963 
0.00009978 
0.00009998 
0.00009995 
0.00009996 
0.00009990 
0.00009989 
0.00010000 
0.00009973 
0.00009972 
0.00009971 
0.00009981 
0.00009956 
0.00009958 
0.00009935 
0.00009935 
0.00009936 
0.00009949 
0.00009950 
0.00009932 
0.00009935 
0.00009925 
0.00009935 
0.00009930 
0.00009917 
0.00009930 
0.00009912 
0.00009920 
0.00009922 
0.00009922 
0.00009922 
0.00009921 
0.00009920 
0.00009937 
0.00009918 
0.00009938 
0.00009924 
0.00009907 
0.00009907 
0.00009923 
0.00009910 
0.00009910 
0.00009902 
0.00009905 
0.00009903 
0.00009902 
0.00009906 
0.00009905 
0.00009911 
0.00009906 
0.00009910 
0.00009910 
0.00009910 
0.00009910 
0.00009904 
0.00009900 
0.00009889 
0.00009886 
0.00009895 
0.00009897 
0.00009901 
0.00009896 
0.00009901 
0.00009914 
0.00009897 
0.00009897 
0.00009895 
0.00009895 
0.00009896 
0.00009901 
0.00009917 
0.00009921 
0.00009910 
0.00009920 
0.00009920 
0.00009910 
0.00009909 
0.00009914 
0.00009906 
0.00009906 
0.00009918 
0.00009920 
0.00009920 
0.00009909 
0.00009921 
0.00009908 
0.00009902 
0.00009915 
0.00009902 
0.00009910 
0.00009900 
0.00009911 
0.00009926 
0.00009913 
0.00009913 
0.00009913 
0.00009901 
0.00009890 
0.00009901 
0.00009913 
0.00009913 
0.00009911 
0.00009901 
0.00009911 
0.00009910 
0.00009920 
0.00009920 
0.00009920 
0.00009918 
0.00009920 
0.00009926 
0.00009929 
0.00009938 
0.00009938 
0.00009939 
0.00009940 
0.00009945 
0.00009935 
0.00009935 
0.00009942 
0.00009943 
0.00009940 
0.00009937 
0.00009937 
0.00009925 
0.00009900 
0.00009919 
0.00009905 
0.00009925 
0.00009920 
0.00009933 
0.00009930 
0.00009963 
0.00009950 
0.00009950 
0.00009946 
0.00009917 
0.00009890 
0.00009905 
0.00009901 
0.00009900 
0.00009901 
0.00009919 
0.00009905 
0.00009870 
0.00009889 
0.00009889 
0.00009920 
0.00009900 
0.00009907 
0.00009885 
0.00009883 
0.00009903 
0.00009897 
0.00009900 
0.00009927 
0.00009926 
0.00009912 
0.00009910 
0.00009917 
0.00009899 
0.00009905 
0.00009915 
0.00009905 
0.00009882 
0.00009886 
0.00009885 
0.00009898 
0.00009917 
0.00009888 
0.00009888 
0.00009900 
0.00009899 
0.00009878 
0.00009901 
0.00009888 
0.00009874 
0.00009892 
0.00009883 
0.00009882 
0.00009891 
0.00009904 
0.00009907 
0.00009888 
0.00009897 
0.00009870 
0.00009920 
0.00009929 
0.00009901 
0.00009919 
0.00009917 
0.00009947 
0.00009968 
0.00009946 
0.00009935 
0.00009946 
0.00009946 
0.00009985 
0.00009993 
0.00009999 
0.00009975 
0.00009975 
0.00009975 
0.00009972 
0.00009972 
0.00009972 
0.00009942 
0.00009948 
0.00009942 
0.00009935 
0.00009935 
0.00009920 
0.00009907 
0.00009898 
0.00009918 
0.00009920 
0.00009890 
0.00009926 
0.00009926 
0.00009924 
0.00009923 
0.00009913 
0.00009945 
0.00009906 
0.00009940 
0.00009920 
0.00009894 
0.00009894 
0.00009871 
0.00009910 
0.00009886 
0.00009895 
0.00009914 
0.00009880 
0.00009870 
0.00009864 
0.00009860 
0.00009861 
0.00009860 
0.00009861 
0.00009857 
0.00009869 
0.00009865 
0.00009884 
0.00009875 
0.00009901 
0.00009888 
0.00009904 
0.00009925 
0.00009940 
0.00009940 
0.00009936 
0.00009949 
0.00009941 
0.00009925 
0.00009905 
0.00009928 
0.00009928 
0.00009940 
0.00009930 
0.00009940 
0.00009948 
0.00009948 
0.00009932 
0.00009932 
0.00009926 
0.00009947 
0.00009936 
0.00009942 
0.00009949 
0.00009951 
0.00009934 
0.00009933 
0.00009926 
0.00009939 
0.00009940 
0.00009928 
0.00009941 
0.00009935 
0.00009941 
0.00009939 
0.00009942 
0.00009940 
0.00009941 
0.00009958 
0.00009929 
0.00009918 
0.00009937 
0.00009935 
0.00009939 
0.00009959 
0.00009950 
0.00009950 
0.00009962 
0.00009959 
0.00009976 
0.00009975 
0.00009978 
0.00009985 
0.00009986 
0.00010002 
0.00009999 
0.00009992 
0.00009986 
0.00009984 
0.00009997 
0.00009995 
0.00009983 
0.00009963 
0.00009963 
0.00009956 
0.00009961 
0.00009950 
0.00009936 
0.00009943 
0.00009963 
0.00009952 
0.00009950 
0.00009969 
0.00009972 
0.00009969 
0.00009966 
0.00009958 
0.00009954 
0.00009931 
0.00009925 
0.00009921 
0.00009921 
0.00009939 
0.00009940 
0.00009955 
0.00009961 
0.00009977 
0.00009977 
0.00009971 
0.00009969 
0.00009978 
0.00009995 
0.00009997 
0.00010008 
0.00010000 
0.00009999 
0.00010001 
0.00010002 
0.00010014 
0.00010020 
0.00010020 
0.00010020 
0.00010020 
0.00010019 
0.00010020 
0.00009990 
0.00010011 
0.00010029 
0.00010031 
0.00010022 
0.00010030 
0.00010029 
0.00010029 
0.00010027 
0.00010011 
0.00010006 
0.00010029 
0.00010030 
0.00010038 
0.00010007 
0.00010022 
0.00010021 
0.00010021 
0.00010016 
0.00010034 
0.00010040 
0.00010038 
0.00010038 
0.00010030 
0.00010049 
0.00010032 
0.00010029 
0.00010044 
0.00010023 
0.00010021 
0.00010025 
0.00010008 
0.00010030 
0.00010040 
0.00010050 
0.00010050 
0.00010039 
0.00010040 
0.00010029 
0.00010029 
0.00010020 
0.00010022 
0.00010027 
0.00010012 
0.00010038 
0.00010019 
0.00010025 
0.00010040 
0.00010040 
0.00010040 
0.00010040 
0.00010038 
0.00010039 
0.00010024 
0.00010040 
0.00010038 
0.00010036 
0.00010040 
0.00010033 
0.00010070 
0.00010071 
0.00010072 
0.00010072 
0.00010058 
0.00010058 
0.00010050 
0.00010071 
0.00010059 
0.00010077 
0.00010058 
0.00010057 
0.00010050 
0.00010049 
0.00010020 
0.00010034 
0.00010023 
0.00010017 
0.00010004 
0.00009998 
0.00009999 
0.00009999 
0.00009976 
0.00009970 
0.00009949 
0.00009940 
0.00009939 
0.00009949 
0.00009945 
0.00009949 
0.00009938 
0.00009939 
0.00009938 
0.00009922 
0.00009929 
0.00009941 
0.00009953 
0.00009980 
0.00009970 
0.00009981 
0.00009999 
0.00010037 
0.00010051 
0.00010069 
0.00010050 
0.00010060 
0.00010060 
0.00010052 
0.00010058 
0.00010064 
0.00010065 
0.00010053 
0.00010075 
0.00010047 
0.00010081 
0.00010103 
0.00010100 
0.00010103 
0.00010112 
0.00010100 
0.00010113 
0.00010080 
0.00010077 
0.00010085 
0.00010075 
0.00010065 
0.00010060 
0.00010049 
0.00010040 
0.00010047 
0.00010040 
0.00010046 
0.00010047 
0.00010039 
0.00010045 
0.00010049 
0.00010036 
0.00010036 
0.00010010 
0.00009996 
0.00009994 
0.00009994 
0.00009995 
0.00009978 
0.00009965 
0.00009951 
0.00009973 
0.00009973 
0.00009977 
0.00010020 
0.00009970 
0.00009983 
0.00009997 
0.00010013 
0.00010017 
0.00009985 
0.00009979 
0.00009999 
0.00009985 
0.00009999 
0.00009977 
0.00009980 
0.00009995 
0.00009979 
0.00009989 
0.00009979 
0.00009963 
0.00009964 
0.00009982 
0.00009950 
0.00009949 
0.00009930 
0.00009945 
0.00009949 
0.00009924 
0.00009913 
0.00009910 
0.00009872 
0.00009873 
0.00009887 
0.00009879 
0.00009870 
0.00009858 
0.00009874 
0.00009890 
0.00009910 
0.00009899 
0.00009879 
0.00009899 
0.00009906 
0.00009920 
0.00009915 
0.00009902 
0.00009910 
0.00009942 
0.00009945 
0.00009933 
0.00009970 
0.00009988 
0.00010018 
0.00010012 
0.00009960 
0.00009959 
0.00009929 
0.00009957 
0.00009965 
0.00009958 
0.00009968 
0.00009967 
0.00009935 
0.00009932 
0.00009920 
0.00009924 
0.00009960 
0.00009960 
0.00009950 
0.00009942 
0.00009973 
0.00009961 
0.00009979 
0.00009980 
0.00009980 
0.00009988 
0.00009989 
0.00009981 
0.00009980 
0.00009965 
0.00009974 
0.00009977 
0.00009976 
0.00009975 
0.00009960 
0.00009930 
0.00009949 
0.00009942 
0.00009950 
0.00009916 
0.00009933 
0.00009932 
0.00009932 
0.00009935 
0.00009917 
0.00009923 
0.00009910 
0.00009900 
0.00009900 
0.00009916 
0.00009944 
0.00009958 
0.00009947 
0.00009950 
0.00009953 
0.00009962 
0.00009962 
0.00009962 
0.00009983 
0.00009954 
0.00009953 
0.00009952 
0.00009952 
0.00009953 
0.00009960 
0.00009968 
0.00009960 
0.00009982 
0.00009991 
0.00009970 
0.00009997 
0.00009998 
0.00009965 
0.00009980 
0.00009979 
0.00009972 
0.00009979 
0.00009974 
0.00009969 
0.00009967 
0.00009976 
0.00009993 
0.00009996 
0.00010000 
0.00009991 
0.00009993 
0.00010006 
0.00010007 
0.00009991 
0.00010000 
0.00009987 
0.00010020 
0.00010001 
0.00010005 
0.00010022 
0.00010031 
0.00010030 
0.00010031 
0.00010049 
0.00010009 
0.00010010 
0.00010033 
0.00010008 
0.00010004 
0.00010004 
0.00010008 
0.00010017 
0.00010030 
0.00010005 
0.00010004 
0.00010044 
0.00010018 
0.00010003 
0.00010044 
0.00010015 
0.00010007 
0.00010000 
0.00010006 
0.00010004 
0.00010001 
0.00010000 
0.00010003 
0.00009994 
0.00010004 
0.00009989 
0.00009976 
0.00009986 
0.00009975 
0.00009971 
0.00009960 
0.00009962 
0.00009956 
0.00009937 
0.00009943 
0.00009941 
0.00009960 
0.00009946 
0.00009952 
0.00009972 
0.00009959 
0.00009966 
0.00009970 
0.00009985 
0.00009962 
0.00009970 
0.00009983 
0.00009984 
0.00009983 
0.00009988 
0.00009997 
0.00009996 
0.00009998 
0.00009980 
0.00009996 
0.00009997 
0.00009999 
0.00010002 
0.00010002 
0.00010004 
0.00010001 
0.00010001 
0.00010011 
0.00010000 
0.00010001 
0.00010001 
0.00010000 
0.00010018 
0.00010018 
0.00010020 
0.00010015 
0.00010016 
0.00010015 
0.00010014 
0.00010014 
0.00010015 
0.00010011 
0.00010015 
0.00010025 
0.00010001 
0.00010010 
0.00010017 
0.00010000 
0.00010000 
0.00010000 
0.00010002 
0.00009999 
0.00010019 
0.00009999 
0.00009999 
0.00009996 
0.00009980 
0.00009997 
0.00009996 
0.00009980 
0.00009971 
0.00009977 
0.00009966 
0.00009971 
0.00009960 
0.00009961 
0.00009960 
0.00009960 
0.00009960 
0.00009941 
0.00009948 
0.00009959 
0.00009948 
0.00009942 
0.00009951 
0.00009936 
0.00009954 
0.00009943 
0.00009960 
0.00009957 
0.00009942 
0.00009960 
0.00009960 
0.00009963 
0.00009957 
0.00009926 
0.00009955 
0.00009968 
0.00009964 
0.00009964 
0.00009955 
0.00009968 
0.00009941 
0.00009951 
0.00009940 
0.00009943 
0.00009937 
0.00009934 
0.00009961 
0.00009959 
0.00009950 
0.00009949 
0.00009948 
0.00009953 
0.00009969 
0.00009955 
0.00009962 
0.00009960 
0.00009984 
0.00009984 
0.00009969 
0.00009977 
0.00009972 
0.00009970 
0.00009979 
0.00009979 
0.00009968 
0.00009983 
0.00009985 
0.00009942 
0.00009991 
0.00009978 
0.00009949 
0.00009927 
0.00009927 
0.00009923 
0.00009941 
0.00009954 
0.00009949 
0.00009917 
0.00009959 
0.00009960 
0.00009939 
0.00009930 
0.00009937 
0.00009925 
0.00009907 
0.00009920 
0.00009906 
0.00009907 
0.00009890 
0.00009913 
0.00009901 
0.00009910 
0.00009935 
0.00009923 
0.00009939 
0.00009939 
0.00009935 
0.00009939 
0.00009927 
0.00009910 
0.00009911 
0.00009930 
0.00009914 
0.00009925 
0.00009909 
0.00009902 
0.00009919 
0.00009900 
0.00009920 
0.00009916 
0.00009921 
0.00009915 
0.00009947 
0.00009924 
0.00009939 
0.00009930 
0.00009935 
0.00009947 
0.00009947 
0.00009947 
0.00009954 
0.00009953 
0.00009960 
0.00009960 
0.00009960 
0.00009954 
0.00009969 
0.00009930 
0.00009929 
0.00009939 
0.00009930 
0.00009940 
0.00009940 
0.00009930 
0.00009940 
0.00009941 
0.00009941 
0.00009942 
0.00009942 
0.00009940 
0.00009945 
0.00009968 
0.00009970 
0.00009976 
0.00009975 
0.00009990 
0.00009982 
0.00009982 
0.00010000 
0.00009992 
0.00010002 
0.00010002 
0.00009999 
0.00009990 
0.00010001 
0.00010000 
0.00010000 
0.00010000 
0.00010000 
0.00010011 
0.00010013 
0.00010000 
0.00010004 
0.00010001 
0.00010016 
0.00010031 
0.00010031 
0.00010061 
0.00010066 
0.00010048 
0.00010047 
0.00010030 
0.00010037 
0.00010043 
0.00010038 
0.00010053 
0.00010068 
0.00010017 
0.00010048 
0.00010037 
0.00010020 
0.00010016 
0.00009999 
0.00009988 
0.00010001 
0.00010000 
0.00009994 
0.00009967 
0.00009955 
0.00009961 
0.00009970 
0.00009968 
0.00009979 
0.00009982 
0.00010002 
0.00010001 
0.00010007 
0.00010006 
0.00010013 
0.00010021 
0.00010021 
0.00010029 
0.00010020 
0.00010042 
0.00010034 
0.00010028 
0.00010033 
0.00010070 
0.00010099 
0.00010099 
0.00010100 
0.00010102 
0.00010106 
0.00010106 
0.00010085 
0.00010101 
0.00010104 
0.00010118 
0.00010128 
0.00010111 
0.00010104 
0.00010120 
0.00010126 
0.00010110 
0.00010118 
0.00010135 
0.00010135 
0.00010137 
0.00010121 
0.00010121 
0.00010111 
0.00010140 
0.00010127 
0.00010113 
0.00010087 
0.00010114 
0.00010128 
0.00010129 
0.00010136 
0.00010135 
0.00010136 
0.00010136 
0.00010135 
0.00010140 
0.00010151 
0.00010149 
0.00010172 
0.00010171 
0.00010187 
0.00010178 
0.00010173 
0.00010192 
0.00010217 
0.00010205 
0.00010192 
0.00010193 
0.00010209 
0.00010186 
0.00010184 
0.00010194 
0.00010180 
0.00010155 
0.00010172 
0.00010170 
0.00010179 
0.00010152 
0.00010172 
0.00010152 
0.00010152 
0.00010150 
0.00010106 
0.00010106 
0.00010130 
0.00010130 
0.00010109 
0.00010114 
0.00010118 
0.00010099 
0.00010122 
0.00010121 
0.00010120 
0.00010093 
0.00010103 
0.00010123 
0.00010120 
0.00010112 
0.00010103 
0.00010107 
0.00010102 
0.00010102 
0.00010102 
0.00010100 
0.00010104 
0.00010107 
0.00010090 
0.00010119 
0.00010098 
0.00010118 
0.00010119 
0.00010105 
0.00010125 
0.00010128 
0.00010115 
0.00010116 
0.00010131 
0.00010110 
0.00010117 
0.00010130 
0.00010131 
0.00010135 
0.00010138 
0.00010161 
0.00010170 
0.00010158 
0.00010146 
0.00010160 
0.00010162 
0.00010179 
0.00010177 
0.00010175 
0.00010184 
0.00010205 
0.00010205 
0.00010214 
0.00010214 
0.00010209 
0.00010226 
0.00010222 
0.00010208 
0.00010211 
0.00010212 
0.00010211 
0.00010211 
0.00010215 
0.00010210 
0.00010197 
0.00010195 
0.00010197 
0.00010182 
0.00010201 
0.00010211 
0.00010193 
0.00010179 
0.00010210 
0.00010210 
0.00010210 
0.00010210 
0.00010197 
0.00010178 
0.00010178 
0.00010179 
0.00010181 
0.00010170 
0.00010180 
0.00010182 
0.00010181 
0.00010202 
0.00010188 
0.00010175 
0.00010179 
0.00010204 
0.00010190 
0.00010154 
0.00010173 
0.00010137 
0.00010156 
0.00010122 
0.00010168 
0.00010165 
0.00010155 
0.00010158 
0.00010166 
0.00010133 
0.00010161 
0.00010160 
0.00010173 
0.00010180 
0.00010180 
0.00010180 
0.00010175 
0.00010169 
0.00010143 
0.00010145 
0.00010129 
0.00010140 
0.00010177 
0.00010179 
0.00010180 
0.00010175 
0.00010170 
0.00010175 
0.00010176 
0.00010150 
0.00010140 
0.00010130 
0.00010147 
0.00010128 
0.00010121 
0.00010147 
0.00010123 
0.00010078 
0.00010075 
0.00010084 
0.00010068 
0.00010079 
0.00010091 
0.00010080 
0.00010080 
0.00010088 
0.00010100 
0.00010111 
0.00010089 
0.00010099 
0.00010104 
0.00010127 
0.00010120 
0.00010120 
0.00010119 
0.00010118 
0.00010121 
0.00010113 
0.00010113 
0.00010095 
0.00010109 
0.00010088 
0.00010100 
0.00010100 
0.00010097 
0.00010115 
0.00010117 
0.00010135 
0.00010158 
0.00010160 
0.00010158 
0.00010140 
0.00010127 
0.00010125 
0.00010150 
0.00010153 
0.00010156 
0.00010145 
0.00010130 
0.00010108 
0.00010125 
0.00010137 
0.00010161 
0.00010200 
0.00010200 
0.00010205 
0.00010175 
0.00010166 
0.00010122 
0.00010116 
0.00010101 
0.00010100 
0.00010101 
0.00010124 
0.00010150 
0.00010163 
0.00010157 
0.00010196 
0.00010200 
0.00010159 
0.00010184 
0.00010191 
0.00010215 
0.00010230 
0.00010247 
0.00010248 
0.00010251 
0.00010253 
0.00010234 
0.00010240 
0.00010240 
0.00010256 
0.00010256 
0.00010264 
0.00010250 
0.00010270 
0.00010255 
0.00010252 
0.00010260 
0.00010250 
0.00010251 
0.00010274 
0.00010250 
0.00010243 
0.00010250 
0.00010258 
0.00010271 
0.00010266 
0.00010283 
0.00010285 
0.00010271 
0.00010264 
0.00010263 
0.00010263 
0.00010263 
0.00010262 
0.00010264 
0.00010265 
0.00010251 
0.00010265 
0.00010271 
0.00010274 
0.00010261 
0.00010269 
0.00010269 
0.00010293 
0.00010288 
0.00010290 
0.00010291 
0.00010288 
0.00010287 
0.00010278 
0.00010285 
0.00010285 
0.00010289 
0.00010276 
0.00010274 
0.00010263 
0.00010275 
0.00010277 
0.00010277 
0.00010263 
0.00010262 
0.00010262 
0.00010260 
0.00010273 
0.00010279 
0.00010292 
0.00010279 
0.00010280 
0.00010279 
0.00010278 
0.00010288 
0.00010278 
0.00010289 
0.00010282 
0.00010281 
0.00010281 
0.00010275 
0.00010275 
0.00010272 
0.00010275 
0.00010281 
0.00010272 
0.00010270 
0.00010272 
0.00010272 
0.00010272 
0.00010272 
0.00010281 
0.00010270 
0.00010273 
0.00010272 
0.00010280 
0.00010272 
0.00010286 
0.00010270 
0.00010276 
0.00010276 
0.00010290 
0.00010275 
0.00010274 
0.00010274 
0.00010275 
0.00010276 
0.00010276 
0.00010279 
0.00010281 
0.00010290 
0.00010284 
0.00010275 
0.00010291 
0.00010290 
0.00010292 
0.00010294 
0.00010297 
0.00010297 
0.00010297 
0.00010289 
0.00010284 
0.00010286 
0.00010289 
0.00010298 
0.00010301 
0.00010283 
0.00010305 
0.00010305 
0.00010291 
0.00010294 
0.00010292 
0.00010292 
0.00010292 
0.00010303 
0.00010307 
0.00010296 
0.00010288 
0.00010294 
0.00010297 
0.00010294 
0.00010274 
0.00010272 
0.00010274 
0.00010275 
0.00010269 
0.00010272 
0.00010285 
0.00010285 
0.00010276 
0.00010285 
0.00010289 
0.00010294 
0.00010294 
0.00010290 
0.00010300 
0.00010299 
0.00010290 
0.00010300 
0.00010305 
0.00010285 
0.00010307 
0.00010306 
0.00010308 
0.00010300 
0.00010300 
0.00010303 
0.00010306 
0.00010302 
0.00010282 
0.00010305 
0.00010308 
0.00010321 
0.00010306 
0.00010314 
0.00010308 
0.00010316 
0.00010318 
0.00010329 
0.00010317 
0.00010316 
0.00010315 
0.00010315 
0.00010316 
0.00010332 
0.00010339 
0.00010341 
0.00010326 
0.00010320 
0.00010329 
0.00010330 
0.00010320 
0.00010317 
0.00010305 
0.00010300 
0.00010312 
0.00010308 
0.00010281 
0.00010296 
0.00010296 
0.00010290 
0.00010272 
0.00010274 
0.00010292 
0.00010292 
0.00010296 
0.00010289 
0.00010297 
0.00010326 
0.00010323 
0.00010313 
0.00010313 
0.00010327 
0.00010319 
0.00010319 
0.00010304 
0.00010309 
0.00010322 
0.00010315 
0.00010307 
0.00010308 
0.00010308 
0.00010319 
0.00010307 
0.00010328 
0.00010330 
0.00010319 
0.00010311 
0.00010306 
0.00010305 
0.00010293 
0.00010303 
0.00010328 
0.00010301 
0.00010347 
0.00010334 
0.00010336 
0.00010336 
0.00010350 
0.00010359 
0.00010370 
0.00010367 
0.00010379 
0.00010371 
0.00010368 
0.00010390 
0.00010385 
0.00010395 
0.00010397 
0.00010380 
0.00010403 
0.00010391 
0.00010375 
0.00010371 
0.00010340 
0.00010360 
0.00010350 
0.00010344 
0.00010359 
0.00010360 
0.00010372 
0.00010371 
0.00010372 
0.00010370 
0.00010370 
0.00010360 
0.00010374 
0.00010371 
0.00010374 
0.00010375 
0.00010371 
0.00010375 
0.00010370 
0.00010369 
0.00010370 
0.00010370 
0.00010375 
0.00010370 
0.00010374 
0.00010370 
0.00010373 
0.00010371 
0.00010363 
0.00010374 
0.00010375 
0.00010377 
0.00010386 
0.00010388 
0.00010374 
0.00010401 
0.00010395 
0.00010374 
0.00010369 
0.00010375 
0.00010375 
0.00010372 
0.00010375 
0.00010371 
0.00010371 
0.00010371 
0.00010371 
0.00010371 
0.00010381 
0.00010398 
0.00010400 
0.00010382 
0.00010400 
0.00010403 
0.00010407 
0.00010407 
0.00010407 
0.00010408 
0.00010408 
0.00010410 
0.00010390 
0.00010378 
0.00010394 
0.00010392 
0.00010385 
0.00010395 
0.00010393 
0.00010395 
0.00010394 
0.00010410 
0.00010395 
0.00010397 
0.00010397 
0.00010397 
0.00010420 
0.00010424 
0.00010402 
0.00010415 
0.00010427 
0.00010418 
0.00010424 
0.00010414 
0.00010433 
0.00010410 
0.00010431 
0.00010407 
0.00010401 
0.00010400 
0.00010398 
0.00010396 
0.00010399 
0.00010386 
0.00010385 
0.00010397 
0.00010378 
0.00010384 
0.00010384 
0.00010398 
0.00010409 
0.00010411 
0.00010408 
0.00010396 
0.00010428 
0.00010417 
0.00010402 
0.00010413 
0.00010417 
0.00010390 
0.00010385 
0.00010400 
0.00010358 
0.00010356 
0.00010356 
0.00010356 
0.00010360 
0.00010359 
0.00010350 
0.00010341 
0.00010339 
0.00010350 
0.00010348 
0.00010360 
0.00010356 
0.00010356 
0.00010357 
0.00010340 
0.00010336 
0.00010329 
0.00010326 
0.00010324 
0.00010322 
0.00010300 
0.00010324 
0.00010311 
0.00010291 
0.00010290 
0.00010295 
0.00010290 
0.00010290 
0.00010296 
0.00010291 
0.00010290 
0.00010285 
0.00010280 
0.00010280 
0.00010281 
0.00010281 
0.00010281 
0.00010278 
0.00010275 
0.00010281 
0.00010280 
0.00010281 
0.00010280 
0.00010280 
0.00010281 
0.00010278 
0.00010280 
0.00010276 
0.00010280 
0.00010260 
0.00010266 
0.00010262 
0.00010270 
0.00010281 
0.00010281 
0.00010280 
0.00010281 
0.00010282 
0.00010284 
0.00010284 
0.00010285 
0.00010286 
0.00010286 
0.00010286 
0.00010283 
0.00010283 
0.00010281 
0.00010285 
0.00010287 
0.00010280 
0.00010300 
0.00010281 
0.00010280 
0.00010277 
0.00010272 
0.00010252 
0.00010271 
0.00010273 
0.00010275 
0.00010276 
0.00010287 
0.00010295 
0.00010290 
0.00010276 
0.00010289 
0.00010291 
0.00010284 
0.00010297 
0.00010282 
0.00010300 
0.00010292 
0.00010300 
0.00010321 
0.00010319 
0.00010321 
0.00010328 
0.00010306 
0.00010303 
0.00010309 
0.00010326 
0.00010310 
0.00010317 
0.00010328 
0.00010328 
0.00010328 
0.00010330 
0.00010328 
0.00010329 
0.00010312 
0.00010329 
0.00010320 
0.00010341 
0.00010339 
0.00010339 
0.00010324 
0.00010326 
0.00010345 
0.00010349 
0.00010345 
0.00010339 
0.00010345 
0.00010349 
0.00010330 
0.00010348 
0.00010341 
0.00010341 
0.00010343 
0.00010349 
0.00010347 
0.00010349 
0.00010349 
0.00010332 
0.00010333 
0.00010349 
0.00010348 
0.00010333 
0.00010348 
0.00010349 
0.00010349 
0.00010346 
0.00010331 
0.00010330 
0.00010348 
0.00010336 
0.00010335 
0.00010337 
0.00010351 
0.00010337 
0.00010341 
0.00010349 
0.00010341 
0.00010349 
0.00010349 
0.00010348 
0.00010349 
0.00010349 
0.00010352 
0.00010354 
0.00010355 
0.00010358 
0.00010356 
0.00010346 
0.00010370 
0.00010368 
0.00010369 
0.00010379 
0.00010379 
0.00010370 
0.00010377 
0.00010391 
0.00010391 
0.00010394 
0.00010378 
0.00010368 
0.00010371 
0.00010371 
0.00010360 
0.00010357 
0.00010375 
0.00010350 
0.00010355 
0.00010379 
0.00010399 
0.00010400 
0.00010400 
0.00010391 
0.00010389 
0.00010384 
0.00010371 
0.00010360 
0.00010370 
0.00010356 
0.00010356 
0.00010360 
0.00010370 
0.00010371 
0.00010360 
0.00010359 
0.00010364 
0.00010336 
0.00010350 
0.00010349 
0.00010350 
0.00010352 
0.00010383 
0.00010384 
0.00010383 
0.00010392 
0.00010383 
0.00010383 
0.00010392 
0.00010370 
0.00010389 
0.00010386 
0.00010386 
0.00010364 
0.00010346 
0.00010330 
0.00010330 
0.00010311 
0.00010309 
0.00010303 
0.00010308 
0.00010314 
0.00010299 
0.00010299 
0.00010290 
0.00010314 
0.00010300 
0.00010315 
0.00010293 
0.00010293 
0.00010291 
0.00010299 
0.00010306 
0.00010300 
0.00010291 
0.00010300 
0.00010314 
0.00010320 
0.00010321 
0.00010310 
0.00010325 
0.00010337 
0.00010324 
0.00010348 
0.00010340 
0.00010300 
0.00010320 
0.00010330 
0.00010330 
0.00010330 
0.00010318 
0.00010320 
0.00010339 
0.00010338 
0.00010318 
0.00010301 
0.00010311 
0.00010335 
0.00010353 
0.00010342 
0.00010310 
0.00010355 
0.00010362 
0.00010360 
0.00010380 
0.00010380 
0.00010398 
0.00010394 
0.00010414 
0.00010395 
0.00010400 
0.00010399 
0.00010399 
0.00010374 
0.00010374 
0.00010412 
0.00010400 
0.00010421 
0.00010414 
0.00010425 
0.00010428 
0.00010429 
0.00010435 
0.00010429 
0.00010430 
0.00010429 
0.00010428 
0.00010426 
0.00010422 
0.00010405 
0.00010402 
0.00010365 
0.00010358 
0.00010364 
0.00010336 
0.00010336 
0.00010331 
0.00010334 
0.00010335 
0.00010340 
0.00010340 
0.00010335 
0.00010326 
0.00010335 
0.00010335 
0.00010337 
0.00010336 
0.00010328 
0.00010328 
0.00010357 
0.00010358 
0.00010373 
0.00010374 
0.00010379 
0.00010382 
0.00010349 
0.00010354 
0.00010357 
0.00010351 
0.00010367 
0.00010350 
0.00010374 
0.00010379 
0.00010378 
0.00010380 
0.00010380 
0.00010384 
0.00010393 
0.00010392 
0.00010397 
0.00010398 
0.00010409 
0.00010409 
0.00010395 
