12066.00000000 
25232.00000000 
21590.00000000 
23807.00000000 
12960.00000000 
45005.00000000 
23988.00000000 
28586.00000000 
44412.00000000 
41527.00000000 
71303.00000000 
42423.00000000 
47759.00000000 
37432.00000000 
57246.00000000 
41065.00000000 
38595.00000000 
63818.00000000 
113203.00000000 
21042.00000000 
32266.00000000 
19656.00000000 
91016.00000000 
16231.00000000 
37714.00000000 
33617.00000000 
39855.00000000 
29686.00000000 
31254.00000000 
64086.00000000 
18454.00000000 
9674.00000000 
34787.00000000 
17069.00000000 
16954.00000000 
10583.00000000 
48433.00000000 
35299.00000000 
34867.00000000 
11381.00000000 
19688.00000000 
16949.00000000 
31137.00000000 
31306.00000000 
22593.00000000 
27886.00000000 
34727.00000000 
32118.00000000 
37133.00000000 
96875.00000000 
56147.00000000 
73471.00000000 
95625.00000000 
76851.00000000 
44726.00000000 
35460.00000000 
41910.00000000 
24938.00000000 
49939.00000000 
37030.00000000 
42512.00000000 
53638.00000000 
76272.00000000 
34889.00000000 
116031.00000000 
53473.00000000 
31547.00000000 
20241.00000000 
43698.00000000 
61495.00000000 
53265.00000000 
31209.00000000 
24741.00000000 
20192.00000000 
29129.00000000 
42454.00000000 
37524.00000000 
29616.00000000 
18900.00000000 
29055.00000000 
36412.00000000 
22633.00000000 
21305.00000000 
98066.00000000 
24535.00000000 
31904.00000000 
44251.00000000 
115098.00000000 
32099.00000000 
34467.00000000 
39659.00000000 
383322.00000000 
32991.00000000 
64261.00000000 
116387.00000000 
55489.00000000 
26441.00000000 
42460.00000000 
27777.00000000 
19765.00000000 
29665.00000000 
39166.00000000 
51550.00000000 
34765.00000000 
26546.00000000 
16329.00000000 
32049.00000000 
34457.00000000 
83699.00000000 
41741.00000000 
53716.00000000 
46897.00000000 
24862.00000000 
45446.00000000 
36203.00000000 
72668.00000000 
21468.00000000 
57852.00000000 
35474.00000000 
104886.00000000 
37245.00000000 
28398.00000000 
21725.00000000 
36062.00000000 
12161.00000000 
5292.00000000 
22314.00000000 
5206.00000000 
14438.00000000 
37530.00000000 
57788.00000000 
27402.00000000 
52289.00000000 
5438.00000000 
4863.00000000 
12613.00000000 
23870.00000000 
19905.00000000 
22828.00000000 
12220.00000000 
6167.00000000 
15788.00000000 
6913.00000000 
18055.00000000 
23450.00000000 
16536.00000000 
14842.00000000 
8760.00000000 
34626.00000000 
46860.00000000 
2609.00000000 
4138.00000000 
31564.00000000 
18440.00000000 
8260.00000000 
7667.00000000 
16226.00000000 
11246.00000000 
31158.00000000 
27567.00000000 
11678.00000000 
44237.00000000 
14367.00000000 
127895.00000000 
62707.00000000 
101550.00000000 
20225.00000000 
11627.00000000 
16429.00000000 
6558.00000000 
7123.00000000 
7794.00000000 
25193.00000000 
6737.00000000 
4261.00000000 
10274.00000000 
27777.00000000 
12731.00000000 
10571.00000000 
19118.00000000 
5828.00000000 
16702.00000000 
8297.00000000 
12795.00000000 
16716.00000000 
14727.00000000 
33376.00000000 
29688.00000000 
32960.00000000 
9135.00000000 
14406.00000000 
28698.00000000 
3103.00000000 
17679.00000000 
20009.00000000 
18121.00000000 
29099.00000000 
23831.00000000 
12580.00000000 
7659.00000000 
10080.00000000 
18481.00000000 
6432.00000000 
7319.00000000 
18392.00000000 
34579.00000000 
8437.00000000 
4099.00000000 
5419.00000000 
19680.00000000 
3965.00000000 
8274.00000000 
14808.00000000 
6786.00000000 
7732.00000000 
2630.00000000 
26988.00000000 
22045.00000000 
16764.00000000 
15554.00000000 
8963.00000000 
16507.00000000 
19537.00000000 
25324.00000000 
17315.00000000 
41108.00000000 
14181.00000000 
4980.00000000 
10864.00000000 
51490.00000000 
13487.00000000 
36820.00000000 
9825.00000000 
28880.00000000 
9146.00000000 
50914.00000000 
21639.00000000 
8662.00000000 
10184.00000000 
14759.00000000 
18512.00000000 
7511.00000000 
22119.00000000 
13390.00000000 
16478.00000000 
22726.00000000 
32028.00000000 
27642.00000000 
26229.00000000 
17461.00000000 
29487.00000000 
12130.00000000 
10117.00000000 
12229.00000000 
13465.00000000 
17070.00000000 
17467.00000000 
4428.00000000 
13801.00000000 
6840.00000000 
25334.00000000 
18833.00000000 
12150.00000000 
61782.00000000 
48087.00000000 
55549.00000000 
15235.00000000 
28608.00000000 
18321.00000000 
15151.00000000 
10355.00000000 
4143.00000000 
10014.00000000 
7675.00000000 
10214.00000000 
26510.00000000 
9854.00000000 
17070.00000000 
9776.00000000 
55281.00000000 
20799.00000000 
20327.00000000 
41169.00000000 
3842.00000000 
7855.00000000 
42122.00000000 
15350.00000000 
7182.00000000 
16784.00000000 
28432.00000000 
20865.00000000 
15681.00000000 
5964.00000000 
11799.00000000 
8252.00000000 
23034.00000000 
28205.00000000 
35259.00000000 
25051.00000000 
22042.00000000 
22851.00000000 
11261.00000000 
12605.00000000 
6906.00000000 
6931.00000000 
17487.00000000 
8475.00000000 
11653.00000000 
17876.00000000 
29099.00000000 
24038.00000000 
20086.00000000 
10508.00000000 
11352.00000000 
26171.00000000 
32284.00000000 
27079.00000000 
4022.00000000 
19021.00000000 
27025.00000000 
25817.00000000 
38292.00000000 
45081.00000000 
45024.00000000 
7267.00000000 
15353.00000000 
46379.00000000 
29522.00000000 
26694.00000000 
26673.00000000 
36964.00000000 
16475.00000000 
12743.00000000 
26461.00000000 
7942.00000000 
29364.00000000 
14823.00000000 
17255.00000000 
23426.00000000 
23409.00000000 
15872.00000000 
19812.00000000 
12383.00000000 
12493.00000000 
26049.00000000 
23234.00000000 
14182.00000000 
20841.00000000 
15217.00000000 
12601.00000000 
22842.00000000 
21290.00000000 
20679.00000000 
52424.00000000 
37945.00000000 
33799.00000000 
22857.00000000 
10215.00000000 
28522.00000000 
25167.00000000 
30183.00000000 
29555.00000000 
48019.00000000 
17378.00000000 
37672.00000000 
16879.00000000 
23084.00000000 
49349.00000000 
26695.00000000 
38781.00000000 
93440.00000000 
46880.00000000 
28574.00000000 
20525.00000000 
23613.00000000 
67321.00000000 
39199.00000000 
27013.00000000 
42236.00000000 
22582.00000000 
38622.00000000 
71076.00000000 
72054.00000000 
38978.00000000 
73254.00000000 
111160.00000000 
75240.00000000 
50147.00000000 
20914.00000000 
9960.00000000 
33379.00000000 
20042.00000000 
107274.00000000 
38589.00000000 
25206.00000000 
72388.00000000 
56360.00000000 
19176.00000000 
40278.00000000 
75548.00000000 
10471.00000000 
29812.00000000 
43016.00000000 
29786.00000000 
30663.00000000 
122750.00000000 
30310.00000000 
34210.00000000 
18935.00000000 
19776.00000000 
33438.00000000 
18535.00000000 
28084.00000000 
10290.00000000 
9469.00000000 
17291.00000000 
39303.00000000 
29680.00000000 
45068.00000000 
14961.00000000 
32265.00000000 
23903.00000000 
20342.00000000 
35283.00000000 
63130.00000000 
33793.00000000 
19606.00000000 
25979.00000000 
71472.00000000 
29991.00000000 
54369.00000000 
36411.00000000 
45949.00000000 
20217.00000000 
33546.00000000 
34521.00000000 
80699.00000000 
22512.00000000 
52399.00000000 
35843.00000000 
50660.00000000 
39213.00000000 
41713.00000000 
49977.00000000 
18870.00000000 
15039.00000000 
21912.00000000 
14825.00000000 
18590.00000000 
20082.00000000 
57676.00000000 
95383.00000000 
14541.00000000 
29962.00000000 
39367.00000000 
42616.00000000 
54186.00000000 
57858.00000000 
41525.00000000 
40635.00000000 
60921.00000000 
47259.00000000 
33979.00000000 
35974.00000000 
70083.00000000 
42768.00000000 
76501.00000000 
60334.00000000 
26624.00000000 
30808.00000000 
24759.00000000 
55400.00000000 
48458.00000000 
36697.00000000 
71445.00000000 
33896.00000000 
46472.00000000 
47700.00000000 
60182.00000000 
53953.00000000 
40244.00000000 
28966.00000000 
28726.00000000 
30968.00000000 
31182.00000000 
23256.00000000 
33877.00000000 
12397.00000000 
36796.00000000 
21091.00000000 
8929.00000000 
372806.00000000 
11898.00000000 
9427.00000000 
15575.00000000 
40430.00000000 
19186.00000000 
33112.00000000 
25069.00000000 
15974.00000000 
17607.00000000 
45832.00000000 
23701.00000000 
13740.00000000 
14625.00000000 
23106.00000000 
34307.00000000 
31950.00000000 
24379.00000000 
32459.00000000 
66494.00000000 
34970.00000000 
72626.00000000 
78431.00000000 
40459.00000000 
49378.00000000 
43986.00000000 
48154.00000000 
11796.00000000 
51893.00000000 
14964.00000000 
38847.00000000 
15136.00000000 
96763.00000000 
80035.00000000 
69766.00000000 
34369.00000000 
43710.00000000 
37160.00000000 
56574.00000000 
48878.00000000 
62526.00000000 
31535.00000000 
25725.00000000 
43226.00000000 
37919.00000000 
85237.00000000 
47903.00000000 
30743.00000000 
33623.00000000 
35429.00000000 
13759.00000000 
49900.00000000 
42753.00000000 
52278.00000000 
57905.00000000 
159200.00000000 
13969.00000000 
12060.00000000 
27367.00000000 
11307.00000000 
9818.00000000 
16848.00000000 
17232.00000000 
19809.00000000 
28372.00000000 
31373.00000000 
11539.00000000 
3055.00000000 
20362.00000000 
39297.00000000 
34631.00000000 
17412.00000000 
19895.00000000 
6252.00000000 
10247.00000000 
7724.00000000 
11464.00000000 
34865.00000000 
58827.00000000 
29054.00000000 
21041.00000000 
16937.00000000 
16351.00000000 
14878.00000000 
20804.00000000 
10331.00000000 
9268.00000000 
19685.00000000 
10139.00000000 
23786.00000000 
12830.00000000 
52525.00000000 
18854.00000000 
44103.00000000 
49235.00000000 
22584.00000000 
19531.00000000 
52602.00000000 
17906.00000000 
12970.00000000 
12027.00000000 
3325.00000000 
36359.00000000 
21045.00000000 
9064.00000000 
4425.00000000 
3610.00000000 
6539.00000000 
3633.00000000 
9796.00000000 
3974.00000000 
6334.00000000 
31588.00000000 
8455.00000000 
10941.00000000 
6630.00000000 
42186.00000000 
9497.00000000 
2305.00000000 
17218.00000000 
34537.00000000 
7201.00000000 
9976.00000000 
6917.00000000 
72952.00000000 
14444.00000000 
33811.00000000 
59672.00000000 
31474.00000000 
35198.00000000 
8441.00000000 
12549.00000000 
30474.00000000 
23908.00000000 
28515.00000000 
52491.00000000 
17720.00000000 
22439.00000000 
7873.00000000 
86499.00000000 
13474.00000000 
14940.00000000 
47877.00000000 
15243.00000000 
32210.00000000 
21282.00000000 
19017.00000000 
48885.00000000 
35077.00000000 
5524.00000000 
39002.00000000 
16878.00000000 
11880.00000000 
3505.00000000 
6105.00000000 
44145.00000000 
49668.00000000 
23809.00000000 
32343.00000000 
20679.00000000 
23483.00000000 
14341.00000000 
12846.00000000 
23961.00000000 
19179.00000000 
39496.00000000 
46922.00000000 
23416.00000000 
15645.00000000 
13945.00000000 
9018.00000000 
36098.00000000 
17293.00000000 
34648.00000000 
40912.00000000 
72255.00000000 
22137.00000000 
17599.00000000 
58364.00000000 
14087.00000000 
22807.00000000 
8165.00000000 
55585.00000000 
20362.00000000 
28073.00000000 
7961.00000000 
6859.00000000 
17161.00000000 
21058.00000000 
26373.00000000 
44664.00000000 
3282.00000000 
14979.00000000 
7523.00000000 
14706.00000000 
19827.00000000 
5979.00000000 
15765.00000000 
37446.00000000 
39378.00000000 
128908.00000000 
38929.00000000 
32258.00000000 
21084.00000000 
24374.00000000 
49813.00000000 
15138.00000000 
99724.00000000 
44622.00000000 
16214.00000000 
16579.00000000 
16538.00000000 
37355.00000000 
19397.00000000 
57046.00000000 
54040.00000000 
22477.00000000 
13377.00000000 
31361.00000000 
37675.00000000 
43948.00000000 
32911.00000000 
13686.00000000 
29688.00000000 
30036.00000000 
29333.00000000 
40870.00000000 
33206.00000000 
59921.00000000 
163337.00000000 
211899.00000000 
87780.00000000 
47936.00000000 
29431.00000000 
13647.00000000 
40572.00000000 
33156.00000000 
31867.00000000 
29532.00000000 
66277.00000000 
136545.00000000 
95378.00000000 
61949.00000000 
69212.00000000 
42333.00000000 
55007.00000000 
40849.00000000 
38498.00000000 
32040.00000000 
91396.00000000 
33969.00000000 
33244.00000000 
56873.00000000 
33643.00000000 
30329.00000000 
25040.00000000 
47393.00000000 
23526.00000000 
14987.00000000 
22192.00000000 
29258.00000000 
161047.00000000 
33551.00000000 
122023.00000000 
30250.00000000 
58879.00000000 
24781.00000000 
49808.00000000 
30456.00000000 
12442.00000000 
29743.00000000 
13199.00000000 
20583.00000000 
89321.00000000 
48219.00000000 
65822.00000000 
29507.00000000 
167004.00000000 
20894.00000000 
16318.00000000 
23833.00000000 
9270.00000000 
16278.00000000 
13626.00000000 
22968.00000000 
11028.00000000 
25884.00000000 
12430.00000000 
30305.00000000 
19543.00000000 
6481.00000000 
36249.00000000 
26222.00000000 
18995.00000000 
41662.00000000 
17293.00000000 
9441.00000000 
13553.00000000 
25311.00000000 
14462.00000000 
10187.00000000 
7231.00000000 
2063.00000000 
14123.00000000 
12614.00000000 
15018.00000000 
8151.00000000 
9617.00000000 
14695.00000000 
33062.00000000 
15198.00000000 
25433.00000000 
23066.00000000 
11369.00000000 
10187.00000000 
20915.00000000 
29934.00000000 
9594.00000000 
13219.00000000 
42865.00000000 
18007.00000000 
31535.00000000 
33934.00000000 
32251.00000000 
42365.00000000 
11575.00000000 
19055.00000000 
19942.00000000 
16375.00000000 
10416.00000000 
44796.00000000 
84471.00000000 
41921.00000000 
41413.00000000 
105494.00000000 
55187.00000000 
16104.00000000 
73908.00000000 
41761.00000000 
112379.00000000 
44666.00000000 
10946.00000000 
13152.00000000 
53368.00000000 
14421.00000000 
10576.00000000 
6320.00000000 
23439.00000000 
20954.00000000 
85604.00000000 
51380.00000000 
48108.00000000 
31502.00000000 
100377.00000000 
15979.00000000 
50362.00000000 
20017.00000000 
30067.00000000 
30376.00000000 
26414.00000000 
94661.00000000 
66327.00000000 
44803.00000000 
17657.00000000 
42657.00000000 
37035.00000000 
52439.00000000 
33132.00000000 
11512.00000000 
7593.00000000 
31883.00000000 
35431.00000000 
3239.00000000 
16713.00000000 
16731.00000000 
25910.00000000 
80577.00000000 
22429.00000000 
22200.00000000 
12828.00000000 
45649.00000000 
38806.00000000 
23585.00000000 
41956.00000000 
55115.00000000 
12934.00000000 
125653.00000000 
13018.00000000 
8250.00000000 
6775.00000000 
2187.00000000 
15345.00000000 
24273.00000000 
35805.00000000 
42147.00000000 
27805.00000000 
23379.00000000 
18607.00000000 
38759.00000000 
44141.00000000 
24909.00000000 
25284.00000000 
122423.00000000 
139121.00000000 
42815.00000000 
17665.00000000 
69601.00000000 
22161.00000000 
10041.00000000 
17288.00000000 
22774.00000000 
14800.00000000 
43787.00000000 
7770.00000000 
45212.00000000 
33154.00000000 
21438.00000000 
47913.00000000 
21495.00000000 
17569.00000000 
35702.00000000 
29720.00000000 
81939.00000000 
50174.00000000 
43789.00000000 
17990.00000000 
56662.00000000 
51807.00000000 
45794.00000000 
13229.00000000 
22035.00000000 
38831.00000000 
69927.00000000 
21422.00000000 
17522.00000000 
27721.00000000 
37604.00000000 
58163.00000000 
24829.00000000 
24079.00000000 
14167.00000000 
21036.00000000 
19576.00000000 
23029.00000000 
30163.00000000 
52455.00000000 
24880.00000000 
42155.00000000 
28561.00000000 
16730.00000000 
57844.00000000 
76497.00000000 
6528.00000000 
26059.00000000 
69727.00000000 
34183.00000000 
37105.00000000 
65920.00000000 
33109.00000000 
157570.00000000 
18245.00000000 
35333.00000000 
54487.00000000 
66463.00000000 
75538.00000000 
78798.00000000 
24777.00000000 
10626.00000000 
59588.00000000 
71435.00000000 
83313.00000000 
84833.00000000 
57872.00000000 
59703.00000000 
71961.00000000 
116021.00000000 
75860.00000000 
109824.00000000 
82241.00000000 
147422.00000000 
46669.00000000 
23918.00000000 
59236.00000000 
49623.00000000 
23639.00000000 
28430.00000000 
29827.00000000 
22056.00000000 
11746.00000000 
34629.00000000 
24582.00000000 
20375.00000000 
29431.00000000 
19798.00000000 
40679.00000000 
13644.00000000 
43976.00000000 
28360.00000000 
27168.00000000 
61119.00000000 
102438.00000000 
122544.00000000 
60330.00000000 
80424.00000000 
64088.00000000 
34498.00000000 
67937.00000000 
81575.00000000 
51309.00000000 
34226.00000000 
41478.00000000 
48464.00000000 
47148.00000000 
33441.00000000 
46798.00000000 
25449.00000000 
63423.00000000 
21048.00000000 
10853.00000000 
13190.00000000 
16731.00000000 
33497.00000000 
30715.00000000 
10288.00000000 
30499.00000000 
102495.00000000 
39779.00000000 
21172.00000000 
19011.00000000 
63408.00000000 
57849.00000000 
32403.00000000 
32966.00000000 
21790.00000000 
14850.00000000 
57681.00000000 
127809.00000000 
29097.00000000 
15614.00000000 
29965.00000000 
27773.00000000 
17710.00000000 
31595.00000000 
23537.00000000 
32015.00000000 
56886.00000000 
10422.00000000 
16817.00000000 
35402.00000000 
37805.00000000 
50662.00000000 
35404.00000000 
12144.00000000 
14973.00000000 
40689.00000000 
25554.00000000 
16059.00000000 
53323.00000000 
37296.00000000 
62947.00000000 
3217.00000000 
16825.00000000 
18942.00000000 
84847.00000000 
11878.00000000 
15523.00000000 
12324.00000000 
38377.00000000 
16117.00000000 
24694.00000000 
28203.00000000 
39555.00000000 
20783.00000000 
21582.00000000 
19263.00000000 
50258.00000000 
21359.00000000 
23740.00000000 
40019.00000000 
15239.00000000 
12416.00000000 
15901.00000000 
23358.00000000 
27189.00000000 
12702.00000000 
9586.00000000 
48152.00000000 
50341.00000000 
24174.00000000 
41972.00000000 
29282.00000000 
67906.00000000 
72479.00000000 
53183.00000000 
55770.00000000 
14167.00000000 
24077.00000000 
40672.00000000 
42808.00000000 
60224.00000000 
43849.00000000 
146741.00000000 
41996.00000000 
88419.00000000 
21119.00000000 
26431.00000000 
26820.00000000 
33051.00000000 
37792.00000000 
42361.00000000 
27770.00000000 
34132.00000000 
19219.00000000 
17131.00000000 
80794.00000000 
57422.00000000 
84552.00000000 
21853.00000000 
97268.00000000 
54396.00000000 
78907.00000000 
27897.00000000 
39909.00000000 
34251.00000000 
12254.00000000 
19803.00000000 
57940.00000000 
74185.00000000 
26008.00000000 
31492.00000000 
11314.00000000 
34713.00000000 
39082.00000000 
85251.00000000 
27927.00000000 
30609.00000000 
34815.00000000 
35221.00000000 
31311.00000000 
31159.00000000 
5711.00000000 
7083.00000000 
120385.00000000 
30449.00000000 
67434.00000000 
60229.00000000 
21686.00000000 
26023.00000000 
22027.00000000 
16322.00000000 
24755.00000000 
28347.00000000 
56865.00000000 
59184.00000000 
79052.00000000 
154472.00000000 
24028.00000000 
70188.00000000 
17039.00000000 
15795.00000000 
27646.00000000 
40391.00000000 
135740.00000000 
7252.00000000 
40281.00000000 
49568.00000000 
35866.00000000 
55124.00000000 
32417.00000000 
23738.00000000 
21585.00000000 
24514.00000000 
31502.00000000 
23785.00000000 
65952.00000000 
29448.00000000 
53538.00000000 
29529.00000000 
40108.00000000 
38839.00000000 
25044.00000000 
47287.00000000 
45891.00000000 
35709.00000000 
21151.00000000 
20410.00000000 
16772.00000000 
11072.00000000 
23717.00000000 
44363.00000000 
15847.00000000 
20094.00000000 
48226.00000000 
50908.00000000 
46399.00000000 
24647.00000000 
33417.00000000 
31978.00000000 
44170.00000000 
18981.00000000 
14745.00000000 
98734.00000000 
21920.00000000 
44771.00000000 
42129.00000000 
82069.00000000 
43206.00000000 
54658.00000000 
130880.00000000 
34086.00000000 
47963.00000000 
47113.00000000 
15187.00000000 
36338.00000000 
17767.00000000 
57674.00000000 
31068.00000000 
28513.00000000 
8648.00000000 
37068.00000000 
22377.00000000 
61987.00000000 
34047.00000000 
122167.00000000 
25184.00000000 
28703.00000000 
49032.00000000 
39257.00000000 
59557.00000000 
16031.00000000 
21150.00000000 
7690.00000000 
27031.00000000 
25601.00000000 
36843.00000000 
55168.00000000 
14379.00000000 
20352.00000000 
18126.00000000 
32033.00000000 
6973.00000000 
12669.00000000 
16600.00000000 
4653.00000000 
25914.00000000 
21793.00000000 
20708.00000000 
17391.00000000 
19123.00000000 
32280.00000000 
16601.00000000 
10418.00000000 
18149.00000000 
9719.00000000 
25592.00000000 
17925.00000000 
9246.00000000 
46641.00000000 
56257.00000000 
27786.00000000 
24121.00000000 
56979.00000000 
30350.00000000 
4233.00000000 
38323.00000000 
27187.00000000 
21638.00000000 
27662.00000000 
13429.00000000 
17410.00000000 
19915.00000000 
15924.00000000 
10662.00000000 
11624.00000000 
10041.00000000 
40152.00000000 
5785.00000000 
10555.00000000 
7313.00000000 
37071.00000000 
26022.00000000 
2636.00000000 
2891.00000000 
11036.00000000 
34983.00000000 
5545.00000000 
32817.00000000 
20262.00000000 
62772.00000000 
33810.00000000 
26912.00000000 
41269.00000000 
58718.00000000 
73313.00000000 
17586.00000000 
65536.00000000 
33287.00000000 
30975.00000000 
39500.00000000 
26516.00000000 
122793.00000000 
20421.00000000 
85916.00000000 
10520.00000000 
11931.00000000 
19152.00000000 
36155.00000000 
10361.00000000 
9608.00000000 
8970.00000000 
52805.00000000 
19129.00000000 
7153.00000000 
7350.00000000 
16730.00000000 
5865.00000000 
35726.00000000 
10455.00000000 
7855.00000000 
6297.00000000 
15270.00000000 
14387.00000000 
45110.00000000 
20002.00000000 
58035.00000000 
8228.00000000 
6495.00000000 
6870.00000000 
9998.00000000 
3420.00000000 
9374.00000000 
9458.00000000 
18899.00000000 
10111.00000000 
34215.00000000 
18739.00000000 
33016.00000000 
8766.00000000 
8264.00000000 
5569.00000000 
10024.00000000 
15385.00000000 
23803.00000000 
15566.00000000 
16198.00000000 
18174.00000000 
9649.00000000 
21963.00000000 
12244.00000000 
63072.00000000 
9510.00000000 
4283.00000000 
19797.00000000 
20256.00000000 
16364.00000000 
12751.00000000 
11494.00000000 
18418.00000000 
4203.00000000 
42091.00000000 
6920.00000000 
8879.00000000 
28400.00000000 
20704.00000000 
7437.00000000 
17288.00000000 
57744.00000000 
10152.00000000 
7336.00000000 
6736.00000000 
12093.00000000 
31909.00000000 
19993.00000000 
42200.00000000 
30393.00000000 
30605.00000000 
69545.00000000 
16927.00000000 
86755.00000000 
356494.00000000 
8563.00000000 
13789.00000000 
11032.00000000 
19274.00000000 
42064.00000000 
19177.00000000 
34416.00000000 
16539.00000000 
14935.00000000 
53744.00000000 
15935.00000000 
19892.00000000 
5862.00000000 
2832.00000000 
40061.00000000 
21119.00000000 
21374.00000000 
15000.00000000 
23270.00000000 
18860.00000000 
4814.00000000 
8336.00000000 
6471.00000000 
21225.00000000 
5466.00000000 
3850.00000000 
10559.00000000 
14428.00000000 
5336.00000000 
13129.00000000 
8187.00000000 
16331.00000000 
13292.00000000 
23615.00000000 
5719.00000000 
4087.00000000 
7914.00000000 
14780.00000000 
6687.00000000 
10368.00000000 
17553.00000000 
19466.00000000 
41419.00000000 
13787.00000000 
16430.00000000 
15485.00000000 
17384.00000000 
9957.00000000 
13497.00000000 
8997.00000000 
5984.00000000 
6467.00000000 
6106.00000000 
9197.00000000 
6045.00000000 
9155.00000000 
41595.00000000 
23405.00000000 
12456.00000000 
6785.00000000 
12853.00000000 
28076.00000000 
14715.00000000 
14032.00000000 
18758.00000000 
22253.00000000 
9391.00000000 
26861.00000000 
11179.00000000 
19688.00000000 
17338.00000000 
19537.00000000 
22388.00000000 
4100.00000000 
17770.00000000 
7128.00000000 
36545.00000000 
25664.00000000 
27600.00000000 
10487.00000000 
7469.00000000 
21785.00000000 
25015.00000000 
26425.00000000 
34787.00000000 
89967.00000000 
14106.00000000 
58725.00000000 
11408.00000000 
45032.00000000 
27701.00000000 
30732.00000000 
24803.00000000 
34736.00000000 
39420.00000000 
21547.00000000 
40279.00000000 
41692.00000000 
60103.00000000 
83966.00000000 
65216.00000000 
29770.00000000 
24154.00000000 
52004.00000000 
41856.00000000 
50492.00000000 
50568.00000000 
59940.00000000 
21735.00000000 
124662.00000000 
31169.00000000 
47320.00000000 
22023.00000000 
51402.00000000 
31421.00000000 
93335.00000000 
43648.00000000 
71647.00000000 
95136.00000000 
77266.00000000 
95613.00000000 
64476.00000000 
97159.00000000 
99683.00000000 
39816.00000000 
48639.00000000 
321981.00000000 
117101.00000000 
111093.00000000 
59754.00000000 
46487.00000000 
72742.00000000 
47334.00000000 
60504.00000000 
82107.00000000 
86417.00000000 
100238.00000000 
104606.00000000 
77705.00000000 
92876.00000000 
45160.00000000 
99563.00000000 
56303.00000000 
374232.00000000 
102714.00000000 
135625.00000000 
146532.00000000 
98761.00000000 
65193.00000000 
35344.00000000 
63654.00000000 
48739.00000000 
28305.00000000 
76070.00000000 
28238.00000000 
55896.00000000 
31088.00000000 
44319.00000000 
66481.00000000 
38398.00000000 
68721.00000000 
93184.00000000 
69917.00000000 
64761.00000000 
38047.00000000 
161456.00000000 
35020.00000000 
126986.00000000 
78503.00000000 
92132.00000000 
123830.00000000 
72203.00000000 
185574.00000000 
84605.00000000 
94411.00000000 
144647.00000000 
34368.00000000 
36453.00000000 
21179.00000000 
35520.00000000 
43208.00000000 
35820.00000000 
46601.00000000 
48840.00000000 
39890.00000000 
48251.00000000 
74836.00000000 
51896.00000000 
48542.00000000 
31617.00000000 
10689.00000000 
28519.00000000 
43637.00000000 
27246.00000000 
37788.00000000 
49212.00000000 
8749.00000000 
50551.00000000 
19760.00000000 
88339.00000000 
30966.00000000 
48601.00000000 
23248.00000000 
64846.00000000 
60226.00000000 
72479.00000000 
77772.00000000 
23234.00000000 
27092.00000000 
78988.00000000 
50833.00000000 
26217.00000000 
39344.00000000 
91506.00000000 
82079.00000000 
55594.00000000 
13638.00000000 
9834.00000000 
89808.00000000 
34818.00000000 
35060.00000000 
15227.00000000 
17002.00000000 
6892.00000000 
24699.00000000 
28946.00000000 
34548.00000000 
42440.00000000 
37270.00000000 
50387.00000000 
34330.00000000 
26994.00000000 
9075.00000000 
39615.00000000 
16635.00000000 
12761.00000000 
16301.00000000 
15610.00000000 
29189.00000000 
16433.00000000 
8859.00000000 
48501.00000000 
24043.00000000 
23827.00000000 
48201.00000000 
37644.00000000 
29146.00000000 
25345.00000000 
13415.00000000 
15164.00000000 
9754.00000000 
28231.00000000 
35928.00000000 
125954.00000000 
268962.00000000 
25900.00000000 
24969.00000000 
39211.00000000 
28748.00000000 
30839.00000000 
83694.00000000 
42821.00000000 
57524.00000000 
62791.00000000 
11581.00000000 
13567.00000000 
6973.00000000 
115020.00000000 
13144.00000000 
41818.00000000 
33948.00000000 
92219.00000000 
61778.00000000 
65251.00000000 
63409.00000000 
44152.00000000 
15475.00000000 
56391.00000000 
20677.00000000 
42997.00000000 
34734.00000000 
206957.00000000 
24455.00000000 
56612.00000000 
60595.00000000 
31293.00000000 
23526.00000000 
35144.00000000 
38652.00000000 
23040.00000000 
14998.00000000 
27829.00000000 
45656.00000000 
34385.00000000 
94909.00000000 
30402.00000000 
18004.00000000 
13379.00000000 
33729.00000000 
25342.00000000 
14994.00000000 
28751.00000000 
26042.00000000 
37374.00000000 
49262.00000000 
35347.00000000 
37778.00000000 
64679.00000000 
29187.00000000 
15789.00000000 
20925.00000000 
29654.00000000 
20125.00000000 
17000.00000000 
15233.00000000 
61870.00000000 
100903.00000000 
92941.00000000 
35530.00000000 
16526.00000000 
32871.00000000 
7512.00000000 
5819.00000000 
50177.00000000 
15208.00000000 
33266.00000000 
14546.00000000 
19805.00000000 
66753.00000000 
27164.00000000 
7539.00000000 
5188.00000000 
16225.00000000 
32239.00000000 
7772.00000000 
15119.00000000 
20513.00000000 
41034.00000000 
24542.00000000 
24165.00000000 
14284.00000000 
27775.00000000 
29645.00000000 
20729.00000000 
9953.00000000 
21140.00000000 
15959.00000000 
14976.00000000 
32862.00000000 
15542.00000000 
24392.00000000 
17118.00000000 
20989.00000000 
22739.00000000 
31870.00000000 
19175.00000000 
26936.00000000 
12701.00000000 
31339.00000000 
17978.00000000 
30850.00000000 
23581.00000000 
36489.00000000 
9494.00000000 
30677.00000000 
22800.00000000 
67938.00000000 
7763.00000000 
5926.00000000 
12478.00000000 
21742.00000000 
21639.00000000 
19854.00000000 
13771.00000000 
11097.00000000 
17704.00000000 
7468.00000000 
25510.00000000 
10109.00000000 
40120.00000000 
37199.00000000 
43641.00000000 
91609.00000000 
24442.00000000 
11492.00000000 
21596.00000000 
26851.00000000 
26465.00000000 
77122.00000000 
19125.00000000 
6359.00000000 
13235.00000000 
23237.00000000 
17815.00000000 
15559.00000000 
10099.00000000 
28232.00000000 
19488.00000000 
10750.00000000 
15383.00000000 
12369.00000000 
27638.00000000 
45951.00000000 
193805.00000000 
15167.00000000 
8617.00000000 
8439.00000000 
5531.00000000 
24106.00000000 
17362.00000000 
24432.00000000 
45128.00000000 
18445.00000000 
18129.00000000 
48076.00000000 
11837.00000000 
43199.00000000 
15566.00000000 
22296.00000000 
55848.00000000 
17537.00000000 
23856.00000000 
65603.00000000 
14152.00000000 
50313.00000000 
23418.00000000 
59490.00000000 
27839.00000000 
32201.00000000 
69562.00000000 
111353.00000000 
90187.00000000 
45501.00000000 
45306.00000000 
17930.00000000 
28759.00000000 
39140.00000000 
48861.00000000 
42300.00000000 
48598.00000000 
55511.00000000 
40088.00000000 
34495.00000000 
59944.00000000 
75004.00000000 
12801.00000000 
19803.00000000 
49849.00000000 
20215.00000000 
47271.00000000 
28569.00000000 
60360.00000000 
28432.00000000 
27319.00000000 
23191.00000000 
101570.00000000 
76473.00000000 
35647.00000000 
35286.00000000 
24141.00000000 
26323.00000000 
9818.00000000 
42835.00000000 
21662.00000000 
18725.00000000 
17958.00000000 
31485.00000000 
96437.00000000 
27917.00000000 
20820.00000000 
39524.00000000 
37324.00000000 
28738.00000000 
63450.00000000 
44326.00000000 
26410.00000000 
6827.00000000 
22941.00000000 
24743.00000000 
20642.00000000 
12147.00000000 
39911.00000000 
14879.00000000 
18949.00000000 
24219.00000000 
9472.00000000 
22858.00000000 
15437.00000000 
32604.00000000 
39450.00000000 
35387.00000000 
61273.00000000 
19576.00000000 
13528.00000000 
25234.00000000 
36520.00000000 
41165.00000000 
28394.00000000 
45928.00000000 
39753.00000000 
36771.00000000 
23556.00000000 
26526.00000000 
12748.00000000 
48814.00000000 
79345.00000000 
43405.00000000 
30476.00000000 
16676.00000000 
69669.00000000 
47388.00000000 
43760.00000000 
26095.00000000 
95721.00000000 
105696.00000000 
85906.00000000 
73128.00000000 
40048.00000000 
15781.00000000 
27661.00000000 
38795.00000000 
98411.00000000 
41245.00000000 
37648.00000000 
12096.00000000 
13155.00000000 
15212.00000000 
53874.00000000 
53419.00000000 
40653.00000000 
18276.00000000 
69662.00000000 
13422.00000000 
48091.00000000 
244286.00000000 
22754.00000000 
21817.00000000 
263682.00000000 
39411.00000000 
20774.00000000 
43738.00000000 
22413.00000000 
45793.00000000 
14401.00000000 
19023.00000000 
10550.00000000 
25989.00000000 
7967.00000000 
9694.00000000 
32454.00000000 
19651.00000000 
29179.00000000 
14053.00000000 
16489.00000000 
15783.00000000 
10972.00000000 
11795.00000000 
21172.00000000 
18835.00000000 
20062.00000000 
20207.00000000 
49800.00000000 
10153.00000000 
10215.00000000 
17863.00000000 
18521.00000000 
53655.00000000 
1756.00000000 
17256.00000000 
25432.00000000 
20435.00000000 
58622.00000000 
8697.00000000 
4403.00000000 
26667.00000000 
24509.00000000 
11546.00000000 
9517.00000000 
18212.00000000 
7596.00000000 
4343.00000000 
8124.00000000 
9239.00000000 
16295.00000000 
15183.00000000 
7737.00000000 
18328.00000000 
4952.00000000 
7882.00000000 
3857.00000000 
18471.00000000 
8859.00000000 
60257.00000000 
16796.00000000 
21778.00000000 
15000.00000000 
35379.00000000 
17830.00000000 
33637.00000000 
16307.00000000 
16012.00000000 
70676.00000000 
57998.00000000 
20674.00000000 
22962.00000000 
33338.00000000 
25160.00000000 
9683.00000000 
17236.00000000 
6972.00000000 
13261.00000000 
16581.00000000 
4127.00000000 
11959.00000000 
22744.00000000 
43351.00000000 
6508.00000000 
17712.00000000 
5329.00000000 
22885.00000000 
43155.00000000 
20110.00000000 
28900.00000000 
4705.00000000 
66923.00000000 
38435.00000000 
23445.00000000 
50845.00000000 
25873.00000000 
10281.00000000 
15215.00000000 
16811.00000000 
16905.00000000 
14868.00000000 
15459.00000000 
5522.00000000 
24683.00000000 
21192.00000000 
19105.00000000 
13272.00000000 
21861.00000000 
19390.00000000 
25537.00000000 
24464.00000000 
20947.00000000 
13075.00000000 
29245.00000000 
26659.00000000 
20226.00000000 
14207.00000000 
39849.00000000 
32513.00000000 
98892.00000000 
71417.00000000 
163762.00000000 
27721.00000000 
16855.00000000 
61629.00000000 
49474.00000000 
19396.00000000 
55126.00000000 
32821.00000000 
36248.00000000 
19423.00000000 
15895.00000000 
25024.00000000 
40553.00000000 
17901.00000000 
15500.00000000 
69429.00000000 
27110.00000000 
24973.00000000 
69690.00000000 
37144.00000000 
32955.00000000 
26410.00000000 
24726.00000000 
28281.00000000 
15277.00000000 
10770.00000000 
10906.00000000 
22722.00000000 
3748.00000000 
7005.00000000 
15385.00000000 
13307.00000000 
15868.00000000 
41748.00000000 
32697.00000000 
59967.00000000 
9802.00000000 
35992.00000000 
30194.00000000 
69689.00000000 
5906.00000000 
41733.00000000 
10433.00000000 
14169.00000000 
15218.00000000 
27832.00000000 
7144.00000000 
72815.00000000 
11102.00000000 
22578.00000000 
75723.00000000 
28867.00000000 
4336.00000000 
3401.00000000 
21596.00000000 
11241.00000000 
6719.00000000 
18506.00000000 
25159.00000000 
29658.00000000 
25490.00000000 
72399.00000000 
37792.00000000 
40905.00000000 
25964.00000000 
14670.00000000 
4538.00000000 
16436.00000000 
13513.00000000 
17057.00000000 
28834.00000000 
9178.00000000 
16296.00000000 
37581.00000000 
22114.00000000 
14991.00000000 
6165.00000000 
2467.00000000 
4844.00000000 
11116.00000000 
18466.00000000 
11388.00000000 
5363.00000000 
35110.00000000 
5497.00000000 
44819.00000000 
28278.00000000 
6883.00000000 
32781.00000000 
18087.00000000 
7195.00000000 
40427.00000000 
13359.00000000 
1600.00000000 
6717.00000000 
1906.00000000 
3526.00000000 
11989.00000000 
20088.00000000 
2166.00000000 
9350.00000000 
8567.00000000 
13698.00000000 
17660.00000000 
15475.00000000 
14644.00000000 
12848.00000000 
3929.00000000 
13620.00000000 
29287.00000000 
28748.00000000 
9710.00000000 
13795.00000000 
5388.00000000 
10306.00000000 
5901.00000000 
36627.00000000 
6895.00000000 
29244.00000000 
16475.00000000 
7605.00000000 
18463.00000000 
7059.00000000 
6761.00000000 
7003.00000000 
41726.00000000 
4127.00000000 
9372.00000000 
25229.00000000 
8481.00000000 
8105.00000000 
8998.00000000 
5391.00000000 
9675.00000000 
7011.00000000 
27243.00000000 
8857.00000000 
15384.00000000 
17310.00000000 
1161.00000000 
13890.00000000 
24292.00000000 
25247.00000000 
25410.00000000 
4496.00000000 
48803.00000000 
13224.00000000 
12220.00000000 
8064.00000000 
8665.00000000 
15976.00000000 
20455.00000000 
7759.00000000 
13170.00000000 
36273.00000000 
19059.00000000 
4817.00000000 
7243.00000000 
25266.00000000 
4602.00000000 
25039.00000000 
6713.00000000 
24701.00000000 
34738.00000000 
20506.00000000 
30301.00000000 
17006.00000000 
68461.00000000 
19800.00000000 
20112.00000000 
21829.00000000 
31384.00000000 
4238.00000000 
4284.00000000 
12502.00000000 
25685.00000000 
55099.00000000 
17091.00000000 
19361.00000000 
18255.00000000 
75115.00000000 
38527.00000000 
62739.00000000 
13282.00000000 
9307.00000000 
5409.00000000 
15156.00000000 
10299.00000000 
5606.00000000 
15566.00000000 
28060.00000000 
12850.00000000 
12711.00000000 
29683.00000000 
20731.00000000 
13914.00000000 
22798.00000000 
40331.00000000 
13266.00000000 
6423.00000000 
20917.00000000 
5298.00000000 
23155.00000000 
7438.00000000 
28457.00000000 
26878.00000000 
16374.00000000 
17876.00000000 
10502.00000000 
15360.00000000 
2169.00000000 
24690.00000000 
24513.00000000 
12104.00000000 
22382.00000000 
33835.00000000 
26838.00000000 
30156.00000000 
68488.00000000 
68762.00000000 
74588.00000000 
202263.00000000 
92883.00000000 
12419.00000000 
12498.00000000 
5035.00000000 
23711.00000000 
38453.00000000 
20613.00000000 
16664.00000000 
12228.00000000 
4180.00000000 
18196.00000000 
10756.00000000 
10178.00000000 
10210.00000000 
31930.00000000 
16262.00000000 
8946.00000000 
5828.00000000 
17927.00000000 
6084.00000000 
9270.00000000 
19352.00000000 
30760.00000000 
17860.00000000 
12090.00000000 
16121.00000000 
13186.00000000 
17757.00000000 
13006.00000000 
11262.00000000 
32112.00000000 
6271.00000000 
12425.00000000 
3528.00000000 
20705.00000000 
57921.00000000 
11236.00000000 
11322.00000000 
2058.00000000 
8072.00000000 
23349.00000000 
15609.00000000 
20428.00000000 
12788.00000000 
9385.00000000 
7613.00000000 
4083.00000000 
2424.00000000 
66542.00000000 
3258.00000000 
7652.00000000 
21452.00000000 
19691.00000000 
18597.00000000 
5462.00000000 
3518.00000000 
31535.00000000 
18954.00000000 
12415.00000000 
22907.00000000 
7157.00000000 
60015.00000000 
15156.00000000 
6852.00000000 
4907.00000000 
22039.00000000 
20737.00000000 
16637.00000000 
13525.00000000 
5707.00000000 
19150.00000000 
13456.00000000 
20236.00000000 
7855.00000000 
22176.00000000 
5793.00000000 
28662.00000000 
1743.00000000 
2720.00000000 
3506.00000000 
1567.00000000 
9809.00000000 
12036.00000000 
5957.00000000 
3755.00000000 
3628.00000000 
9163.00000000 
16327.00000000 
18642.00000000 
14105.00000000 
1716.00000000 
12734.00000000 
31150.00000000 
7427.00000000 
15966.00000000 
4116.00000000 
39993.00000000 
9620.00000000 
20567.00000000 
3639.00000000 
3013.00000000 
18462.00000000 
5180.00000000 
8073.00000000 
13383.00000000 
5896.00000000 
6898.00000000 
745.00000000 
5015.00000000 
40856.00000000 
9796.00000000 
6948.00000000 
17679.00000000 
3551.00000000 
6386.00000000 
12101.00000000 
1587.00000000 
3904.00000000 
13205.00000000 
15233.00000000 
3778.00000000 
2508.00000000 
8670.00000000 
6757.00000000 
14533.00000000 
6316.00000000 
8285.00000000 
11152.00000000 
24575.00000000 
14315.00000000 
5467.00000000 
4605.00000000 
5484.00000000 
6889.00000000 
4702.00000000 
2278.00000000 
1505.00000000 
15779.00000000 
5094.00000000 
7389.00000000 
30505.00000000 
16441.00000000 
12596.00000000 
13195.00000000 
3063.00000000 
23104.00000000 
17854.00000000 
9750.00000000 
47044.00000000 
6797.00000000 
17615.00000000 
11793.00000000 
5306.00000000 
12350.00000000 
2554.00000000 
19085.00000000 
21508.00000000 
3616.00000000 
13595.00000000 
8305.00000000 
6329.00000000 
8459.00000000 
28643.00000000 
10363.00000000 
3435.00000000 
7862.00000000 
3185.00000000 
5054.00000000 
16690.00000000 
15146.00000000 
24455.00000000 
3744.00000000 
5217.00000000 
6874.00000000 
34185.00000000 
8755.00000000 
17613.00000000 
72067.00000000 
41616.00000000 
19481.00000000 
9783.00000000 
12503.00000000 
14610.00000000 
11749.00000000 
11417.00000000 
59985.00000000 
11793.00000000 
28144.00000000 
8129.00000000 
30402.00000000 
7940.00000000 
14723.00000000 
7802.00000000 
40436.00000000 
2946.00000000 
6892.00000000 
2542.00000000 
10759.00000000 
4209.00000000 
23027.00000000 
9846.00000000 
23384.00000000 
12266.00000000 
25229.00000000 
79015.00000000 
18403.00000000 
67485.00000000 
17883.00000000 
12056.00000000 
7282.00000000 
6621.00000000 
3554.00000000 
41113.00000000 
35731.00000000 
20734.00000000 
13324.00000000 
9144.00000000 
12448.00000000 
14411.00000000 
14240.00000000 
16162.00000000 
6351.00000000 
13388.00000000 
6165.00000000 
10807.00000000 
25706.00000000 
10715.00000000 
9140.00000000 
6907.00000000 
4073.00000000 
5913.00000000 
2344.00000000 
5784.00000000 
10520.00000000 
6203.00000000 
36121.00000000 
9391.00000000 
35045.00000000 
3302.00000000 
25935.00000000 
25260.00000000 
14293.00000000 
3000.00000000 
6470.00000000 
2992.00000000 
17399.00000000 
7533.00000000 
30023.00000000 
7768.00000000 
20020.00000000 
11482.00000000 
17020.00000000 
9029.00000000 
21318.00000000 
7606.00000000 
2777.00000000 
6976.00000000 
3143.00000000 
4059.00000000 
4369.00000000 
10294.00000000 
1954.00000000 
2330.00000000 
5477.00000000 
31068.00000000 
17396.00000000 
15935.00000000 
24141.00000000 
16256.00000000 
9901.00000000 
7300.00000000 
4582.00000000 
27542.00000000 
17495.00000000 
5453.00000000 
34183.00000000 
24745.00000000 
6639.00000000 
7024.00000000 
8716.00000000 
6518.00000000 
8111.00000000 
16544.00000000 
480.00000000 
4245.00000000 
16008.00000000 
7517.00000000 
28485.00000000 
11063.00000000 
26870.00000000 
10443.00000000 
7496.00000000 
5118.00000000 
5397.00000000 
6302.00000000 
6437.00000000 
21721.00000000 
15769.00000000 
28026.00000000 
1577.00000000 
6965.00000000 
4499.00000000 
10720.00000000 
8485.00000000 
3576.00000000 
22315.00000000 
4267.00000000 
5587.00000000 
29968.00000000 
31853.00000000 
5798.00000000 
11869.00000000 
9637.00000000 
6663.00000000 
32671.00000000 
23128.00000000 
7056.00000000 
10718.00000000 
2567.00000000 
6680.00000000 
22902.00000000 
6980.00000000 
19465.00000000 
24579.00000000 
104847.00000000 
12110.00000000 
23372.00000000 
29138.00000000 
19184.00000000 
15586.00000000 
26082.00000000 
20974.00000000 
14943.00000000 
38174.00000000 
19862.00000000 
9691.00000000 
17619.00000000 
65254.00000000 
4247.00000000 
6904.00000000 
20755.00000000 
15298.00000000 
16606.00000000 
6623.00000000 
7413.00000000 
17393.00000000 
38222.00000000 
9622.00000000 
11760.00000000 
8257.00000000 
18282.00000000 
22160.00000000 
12423.00000000 
12509.00000000 
21352.00000000 
1905.00000000 
10130.00000000 
9174.00000000 
9238.00000000 
4900.00000000 
10553.00000000 
19381.00000000 
55857.00000000 
142784.00000000 
5485.00000000 
20198.00000000 
8528.00000000 
14764.00000000 
16122.00000000 
22404.00000000 
32011.00000000 
11364.00000000 
7739.00000000 
16481.00000000 
30885.00000000 
23912.00000000 
24758.00000000 
9086.00000000 
7859.00000000 
10200.00000000 
39225.00000000 
7334.00000000 
8495.00000000 
13538.00000000 
16807.00000000 
5113.00000000 
21122.00000000 
2648.00000000 
20592.00000000 
36232.00000000 
14067.00000000 
5130.00000000 
9381.00000000 
10144.00000000 
19352.00000000 
12313.00000000 
9612.00000000 
22693.00000000 
53942.00000000 
15825.00000000 
5401.00000000 
27877.00000000 
1397.00000000 
13056.00000000 
30718.00000000 
25870.00000000 
23566.00000000 
6756.00000000 
17316.00000000 
31399.00000000 
7802.00000000 
18191.00000000 
17195.00000000 
22187.00000000 
23589.00000000 
11246.00000000 
20707.00000000 
9187.00000000 
17088.00000000 
50711.00000000 
21890.00000000 
15349.00000000 
20427.00000000 
23478.00000000 
161071.00000000 
5776.00000000 
23258.00000000 
13821.00000000 
9532.00000000 
24750.00000000 
21871.00000000 
8841.00000000 
14149.00000000 
13760.00000000 
42431.00000000 
33923.00000000 
21077.00000000 
14479.00000000 
14068.00000000 
18697.00000000 
9354.00000000 
2706.00000000 
2741.00000000 
10530.00000000 
6491.00000000 
3524.00000000 
11210.00000000 
9860.00000000 
23181.00000000 
651.00000000 
4005.00000000 
11108.00000000 
7435.00000000 
2616.00000000 
24441.00000000 
14791.00000000 
1211.00000000 
421.00000000 
6628.00000000 
20281.00000000 
28465.00000000 
11488.00000000 
8699.00000000 
15204.00000000 
18730.00000000 
8811.00000000 
4737.00000000 
5141.00000000 
6147.00000000 
17481.00000000 
4727.00000000 
4935.00000000 
21847.00000000 
7445.00000000 
3328.00000000 
27279.00000000 
6501.00000000 
9559.00000000 
6204.00000000 
12567.00000000 
3941.00000000 
14039.00000000 
12017.00000000 
8932.00000000 
10156.00000000 
4878.00000000 
6177.00000000 
8314.00000000 
6189.00000000 
16372.00000000 
10731.00000000 
13881.00000000 
10131.00000000 
1436.00000000 
2918.00000000 
13395.00000000 
4330.00000000 
3207.00000000 
8758.00000000 
10403.00000000 
7805.00000000 
5570.00000000 
28258.00000000 
23990.00000000 
8410.00000000 
15201.00000000 
24158.00000000 
13960.00000000 
11456.00000000 
7112.00000000 
5357.00000000 
9367.00000000 
21105.00000000 
18930.00000000 
17335.00000000 
7652.00000000 
3286.00000000 
31796.00000000 
11330.00000000 
3948.00000000 
14653.00000000 
5970.00000000 
10600.00000000 
1456.00000000 
4779.00000000 
12147.00000000 
1884.00000000 
7111.00000000 
3400.00000000 
21992.00000000 
15249.00000000 
7363.00000000 
4581.00000000 
14119.00000000 
6011.00000000 
2952.00000000 
1561.00000000 
24181.00000000 
3678.00000000 
20567.00000000 
7781.00000000 
13820.00000000 
19307.00000000 
8460.00000000 
1756.00000000 
17448.00000000 
7964.00000000 
8811.00000000 
18301.00000000 
10999.00000000 
795.00000000 
6436.00000000 
4738.00000000 
2633.00000000 
14513.00000000 
17881.00000000 
10205.00000000 
45541.00000000 
22873.00000000 
37590.00000000 
23329.00000000 
25592.00000000 
6646.00000000 
11408.00000000 
16811.00000000 
4440.00000000 
6105.00000000 
7796.00000000 
17412.00000000 
16363.00000000 
6731.00000000 
19669.00000000 
16365.00000000 
21577.00000000 
9440.00000000 
64499.00000000 
8100.00000000 
3800.00000000 
8444.00000000 
4309.00000000 
3726.00000000 
5364.00000000 
5880.00000000 
14792.00000000 
14584.00000000 
21532.00000000 
13923.00000000 
50786.00000000 
40888.00000000 
27639.00000000 
70988.00000000 
24114.00000000 
13096.00000000 
9616.00000000 
24983.00000000 
43353.00000000 
15519.00000000 
40248.00000000 
16817.00000000 
27548.00000000 
4719.00000000 
32118.00000000 
6505.00000000 
8492.00000000 
4471.00000000 
6312.00000000 
9793.00000000 
25744.00000000 
9468.00000000 
10232.00000000 
11607.00000000 
5660.00000000 
23524.00000000 
4380.00000000 
6163.00000000 
13571.00000000 
7967.00000000 
37850.00000000 
44121.00000000 
17390.00000000 
6476.00000000 
17308.00000000 
35739.00000000 
11855.00000000 
12628.00000000 
12520.00000000 
42590.00000000 
18258.00000000 
51252.00000000 
22840.00000000 
5948.00000000 
9008.00000000 
6856.00000000 
24291.00000000 
11154.00000000 
16276.00000000 
12864.00000000 
21859.00000000 
9908.00000000 
15814.00000000 
20537.00000000 
22943.00000000 
14489.00000000 
25837.00000000 
30174.00000000 
13690.00000000 
18443.00000000 
51534.00000000 
83243.00000000 
8350.00000000 
29200.00000000 
14541.00000000 
24013.00000000 
18914.00000000 
18991.00000000 
20195.00000000 
7622.00000000 
12716.00000000 
27497.00000000 
7068.00000000 
21020.00000000 
2293.00000000 
11841.00000000 
13287.00000000 
36765.00000000 
31272.00000000 
31964.00000000 
46171.00000000 
23896.00000000 
16090.00000000 
2751.00000000 
43180.00000000 
18559.00000000 
38303.00000000 
13999.00000000 
7935.00000000 
22709.00000000 
35385.00000000 
12368.00000000 
21236.00000000 
5205.00000000 
40932.00000000 
31156.00000000 
32375.00000000 
45278.00000000 
9935.00000000 
8113.00000000 
29696.00000000 
5341.00000000 
10158.00000000 
29671.00000000 
15976.00000000 
26340.00000000 
6824.00000000 
52734.00000000 
30425.00000000 
39243.00000000 
89534.00000000 
61274.00000000 
69678.00000000 
42135.00000000 
91233.00000000 
23197.00000000 
41732.00000000 
34668.00000000 
47080.00000000 
21637.00000000 
35868.00000000 
50431.00000000 
27083.00000000 
48730.00000000 
26454.00000000 
34543.00000000 
24726.00000000 
26730.00000000 
11964.00000000 
10835.00000000 
43182.00000000 
15774.00000000 
29034.00000000 
18227.00000000 
17411.00000000 
35187.00000000 
25450.00000000 
15905.00000000 
31924.00000000 
19830.00000000 
19976.00000000 
44625.00000000 
63736.00000000 
48554.00000000 
16398.00000000 
28403.00000000 
46720.00000000 
41392.00000000 
48275.00000000 
42092.00000000 
40849.00000000 
14006.00000000 
25982.00000000 
5367.00000000 
30485.00000000 
12696.00000000 
16209.00000000 
23713.00000000 
2900.00000000 
2260.00000000 
7715.00000000 
2898.00000000 
17649.00000000 
969.00000000 
3274.00000000 
8056.00000000 
6863.00000000 
9329.00000000 
18796.00000000 
31701.00000000 
12198.00000000 
2918.00000000 
37875.00000000 
47013.00000000 
9152.00000000 
4060.00000000 
7438.00000000 
8252.00000000 
36558.00000000 
20326.00000000 
16578.00000000 
14813.00000000 
41097.00000000 
87292.00000000 
81128.00000000 
26242.00000000 
14246.00000000 
138048.00000000 
18359.00000000 
6271.00000000 
18753.00000000 
60318.00000000 
62522.00000000 
18537.00000000 
5250.00000000 
50318.00000000 
107432.00000000 
7141.00000000 
24034.00000000 
13574.00000000 
22290.00000000 
15898.00000000 
12754.00000000 
19952.00000000 
4935.00000000 
7097.00000000 
9917.00000000 
22419.00000000 
5591.00000000 
33910.00000000 
41786.00000000 
16938.00000000 
13788.00000000 
5460.00000000 
9487.00000000 
5322.00000000 
14210.00000000 
13572.00000000 
15390.00000000 
10322.00000000 
3419.00000000 
10076.00000000 
12157.00000000 
24092.00000000 
7951.00000000 
10328.00000000 
14083.00000000 
8135.00000000 
6100.00000000 
33093.00000000 
48373.00000000 
32519.00000000 
74285.00000000 
10999.00000000 
9360.00000000 
5764.00000000 
22424.00000000 
16410.00000000 
28725.00000000 
51048.00000000 
15036.00000000 
23334.00000000 
11685.00000000 
9492.00000000 
8172.00000000 
32406.00000000 
4884.00000000 
11182.00000000 
13181.00000000 
2389.00000000 
25291.00000000 
23450.00000000 
28377.00000000 
4958.00000000 
4762.00000000 
25517.00000000 
18870.00000000 
37305.00000000 
26134.00000000 
3898.00000000 
13676.00000000 
38991.00000000 
10844.00000000 
10677.00000000 
4378.00000000 
31656.00000000 
14511.00000000 
12412.00000000 
51720.00000000 
43569.00000000 
26382.00000000 
15239.00000000 
19816.00000000 
20518.00000000 
26616.00000000 
70933.00000000 
5546.00000000 
7706.00000000 
22851.00000000 
23979.00000000 
30646.00000000 
13362.00000000 
9106.00000000 
15942.00000000 
7979.00000000 
1772.00000000 
10947.00000000 
6356.00000000 
2645.00000000 
10548.00000000 
31993.00000000 
9642.00000000 
11600.00000000 
21023.00000000 
19161.00000000 
9304.00000000 
9131.00000000 
2310.00000000 
1171.00000000 
5383.00000000 
10832.00000000 
10032.00000000 
5898.00000000 
4797.00000000 
8962.00000000 
15077.00000000 
15428.00000000 
2498.00000000 
9330.00000000 
20318.00000000 
3601.00000000 
4989.00000000 
12955.00000000 
15214.00000000 
4390.00000000 
8210.00000000 
6204.00000000 
14529.00000000 
5935.00000000 
11412.00000000 
18838.00000000 
18368.00000000 
28326.00000000 
38649.00000000 
67161.00000000 
13739.00000000 
31723.00000000 
13768.00000000 
29153.00000000 
34242.00000000 
27377.00000000 
15934.00000000 
23006.00000000 
37703.00000000 
15844.00000000 
26116.00000000 
16612.00000000 
2525.00000000 
24215.00000000 
3390.00000000 
13354.00000000 
10631.00000000 
7554.00000000 
8404.00000000 
10529.00000000 
17037.00000000 
13860.00000000 
26235.00000000 
15047.00000000 
20832.00000000 
7658.00000000 
10910.00000000 
31899.00000000 
18159.00000000 
7692.00000000 
42557.00000000 
4441.00000000 
30001.00000000 
36416.00000000 
28316.00000000 
5380.00000000 
66484.00000000 
17120.00000000 
24984.00000000 
18747.00000000 
22537.00000000 
18483.00000000 
20122.00000000 
21321.00000000 
7640.00000000 
9253.00000000 
25088.00000000 
8796.00000000 
21109.00000000 
23847.00000000 
4078.00000000 
3786.00000000 
16772.00000000 
7089.00000000 
32895.00000000 
64708.00000000 
10165.00000000 
41386.00000000 
31696.00000000 
14484.00000000 
24431.00000000 
28318.00000000 
11631.00000000 
20908.00000000 
9924.00000000 
10531.00000000 
60767.00000000 
19290.00000000 
24232.00000000 
31161.00000000 
7629.00000000 
11985.00000000 
14896.00000000 
24327.00000000 
9481.00000000 
14845.00000000 
40605.00000000 
25157.00000000 
37676.00000000 
25392.00000000 
26507.00000000 
27084.00000000 
32644.00000000 
17983.00000000 
205430.00000000 
14162.00000000 
29592.00000000 
22761.00000000 
37614.00000000 
14499.00000000 
48725.00000000 
37347.00000000 
7831.00000000 
3857.00000000 
9442.00000000 
51749.00000000 
26395.00000000 
6798.00000000 
26477.00000000 
33981.00000000 
53088.00000000 
12538.00000000 
11441.00000000 
29956.00000000 
10652.00000000 
110035.00000000 
112856.00000000 
20569.00000000 
22582.00000000 
28730.00000000 
68028.00000000 
14227.00000000 
16989.00000000 
12932.00000000 
12565.00000000 
3169.00000000 
8529.00000000 
9512.00000000 
9576.00000000 
17797.00000000 
49593.00000000 
27331.00000000 
39184.00000000 
13805.00000000 
15358.00000000 
44940.00000000 
67776.00000000 
30373.00000000 
15829.00000000 
23679.00000000 
24053.00000000 
22848.00000000 
15633.00000000 
18840.00000000 
29342.00000000 
25743.00000000 
20641.00000000 
16256.00000000 
25422.00000000 
31721.00000000 
24428.00000000 
17982.00000000 
28587.00000000 
31273.00000000 
12195.00000000 
20354.00000000 
21882.00000000 
21898.00000000 
9913.00000000 
18857.00000000 
5485.00000000 
6625.00000000 
16932.00000000 
18648.00000000 
12743.00000000 
1532.00000000 
14300.00000000 
35941.00000000 
2017.00000000 
15669.00000000 
22743.00000000 
10387.00000000 
20448.00000000 
22665.00000000 
21849.00000000 
14214.00000000 
12592.00000000 
7473.00000000 
8568.00000000 
941.00000000 
17830.00000000 
22716.00000000 
3230.00000000 
8394.00000000 
26274.00000000 
13268.00000000 
19111.00000000 
29769.00000000 
10353.00000000 
4601.00000000 
12838.00000000 
20234.00000000 
46404.00000000 
52523.00000000 
49106.00000000 
41399.00000000 
37861.00000000 
30945.00000000 
9781.00000000 
19064.00000000 
38083.00000000 
27845.00000000 
108600.00000000 
34702.00000000 
18676.00000000 
7197.00000000 
40373.00000000 
37567.00000000 
15780.00000000 
31681.00000000 
14552.00000000 
13232.00000000 
35579.00000000 
42638.00000000 
60188.00000000 
61446.00000000 
45006.00000000 
18277.00000000 
47773.00000000 
24555.00000000 
3303.00000000 
12221.00000000 
10849.00000000 
17650.00000000 
17914.00000000 
16882.00000000 
18444.00000000 
38509.00000000 
4774.00000000 
22034.00000000 
5752.00000000 
5066.00000000 
2513.00000000 
17888.00000000 
4451.00000000 
13211.00000000 
9186.00000000 
4404.00000000 
27788.00000000 
17234.00000000 
7532.00000000 
34535.00000000 
19531.00000000 
31482.00000000 
18981.00000000 
7277.00000000 
19008.00000000 
9612.00000000 
18950.00000000 
13897.00000000 
8694.00000000 
7127.00000000 
35301.00000000 
8507.00000000 
18243.00000000 
7809.00000000 
7654.00000000 
7590.00000000 
10771.00000000 
18973.00000000 
33296.00000000 
38440.00000000 
19165.00000000 
17150.00000000 
13414.00000000 
11216.00000000 
15466.00000000 
9984.00000000 
8691.00000000 
11884.00000000 
10994.00000000 
26886.00000000 
4847.00000000 
5603.00000000 
30095.00000000 
13969.00000000 
2695.00000000 
11085.00000000 
19983.00000000 
12518.00000000 
18832.00000000 
118618.00000000 
35056.00000000 
9925.00000000 
23992.00000000 
18840.00000000 
62194.00000000 
84695.00000000 
15796.00000000 
61522.00000000 
24920.00000000 
62704.00000000 
20084.00000000 
7843.00000000 
7048.00000000 
14180.00000000 
9147.00000000 
25426.00000000 
21939.00000000 
13321.00000000 
29534.00000000 
62401.00000000 
21490.00000000 
31093.00000000 
32572.00000000 
31752.00000000 
66447.00000000 
25846.00000000 
32558.00000000 
29373.00000000 
18993.00000000 
11994.00000000 
24651.00000000 
71775.00000000 
55133.00000000 
54165.00000000 
31991.00000000 
55978.00000000 
69559.00000000 
33163.00000000 
17893.00000000 
11834.00000000 
28295.00000000 
83437.00000000 
20200.00000000 
29194.00000000 
2455.00000000 
6196.00000000 
24186.00000000 
7987.00000000 
20186.00000000 
8858.00000000 
13637.00000000 
10559.00000000 
3592.00000000 
3859.00000000 
13510.00000000 
7297.00000000 
1587.00000000 
13592.00000000 
7510.00000000 
6336.00000000 
3366.00000000 
34274.00000000 
15600.00000000 
14660.00000000 
5387.00000000 
10520.00000000 
3635.00000000 
21791.00000000 
36666.00000000 
217379.00000000 
7065.00000000 
14324.00000000 
14054.00000000 
18784.00000000 
2867.00000000 
47567.00000000 
11230.00000000 
11831.00000000 
11394.00000000 
15760.00000000 
27374.00000000 
11056.00000000 
29982.00000000 
19850.00000000 
39946.00000000 
38667.00000000 
31419.00000000 
17757.00000000 
31420.00000000 
37350.00000000 
46557.00000000 
22823.00000000 
4018.00000000 
89915.00000000 
7353.00000000 
19132.00000000 
14186.00000000 
26480.00000000 
31150.00000000 
49636.00000000 
4172.00000000 
8375.00000000 
13520.00000000 
11307.00000000 
14920.00000000 
11156.00000000 
9201.00000000 
52711.00000000 
10843.00000000 
15040.00000000 
15184.00000000 
25039.00000000 
17593.00000000 
27582.00000000 
19527.00000000 
20171.00000000 
10812.00000000 
36260.00000000 
47471.00000000 
21972.00000000 
12347.00000000 
6229.00000000 
26083.00000000 
13322.00000000 
6008.00000000 
27629.00000000 
42177.00000000 
12390.00000000 
10778.00000000 
4857.00000000 
14984.00000000 
13893.00000000 
5872.00000000 
54622.00000000 
55936.00000000 
14334.00000000 
9966.00000000 
41314.00000000 
19744.00000000 
20289.00000000 
26798.00000000 
20702.00000000 
10513.00000000 
15294.00000000 
12116.00000000 
16968.00000000 
24368.00000000 
2850.00000000 
29270.00000000 
31483.00000000 
26576.00000000 
40405.00000000 
35375.00000000 
67534.00000000 
44468.00000000 
23823.00000000 
148583.00000000 
18552.00000000 
9726.00000000 
33587.00000000 
20522.00000000 
24993.00000000 
4057.00000000 
21738.00000000 
35973.00000000 
15155.00000000 
21823.00000000 
15983.00000000 
70866.00000000 
44113.00000000 
30772.00000000 
16214.00000000 
117490.00000000 
94631.00000000 
79867.00000000 
54529.00000000 
38085.00000000 
35646.00000000 
51732.00000000 
20414.00000000 
77846.00000000 
92391.00000000 
41179.00000000 
42285.00000000 
17755.00000000 
37404.00000000 
25207.00000000 
28334.00000000 
48933.00000000 
24112.00000000 
24682.00000000 
72162.00000000 
76498.00000000 
44891.00000000 
6805.00000000 
4936.00000000 
7012.00000000 
27108.00000000 
15479.00000000 
31649.00000000 
20360.00000000 
16076.00000000 
30751.00000000 
13775.00000000 
20874.00000000 
56474.00000000 
10008.00000000 
40472.00000000 
13395.00000000 
6310.00000000 
5704.00000000 
30409.00000000 
19027.00000000 
86645.00000000 
32958.00000000 
4850.00000000 
3575.00000000 
7415.00000000 
8846.00000000 
7544.00000000 
23566.00000000 
25680.00000000 
11810.00000000 
11313.00000000 
11710.00000000 
4099.00000000 
4706.00000000 
6764.00000000 
14565.00000000 
5776.00000000 
15667.00000000 
19090.00000000 
9265.00000000 
12845.00000000 
4768.00000000 
15673.00000000 
6140.00000000 
8259.00000000 
19340.00000000 
5739.00000000 
29710.00000000 
5876.00000000 
6108.00000000 
8761.00000000 
22288.00000000 
7883.00000000 
7380.00000000 
11205.00000000 
18935.00000000 
5720.00000000 
2409.00000000 
14807.00000000 
17517.00000000 
7160.00000000 
24923.00000000 
21006.00000000 
45182.00000000 
47505.00000000 
17413.00000000 
24049.00000000 
8229.00000000 
8001.00000000 
2244.00000000 
7048.00000000 
8049.00000000 
3833.00000000 
19823.00000000 
2218.00000000 
7035.00000000 
5221.00000000 
11841.00000000 
4462.00000000 
6345.00000000 
9723.00000000 
11440.00000000 
6413.00000000 
3189.00000000 
7880.00000000 
6159.00000000 
3429.00000000 
20505.00000000 
5330.00000000 
1733.00000000 
14411.00000000 
12324.00000000 
3113.00000000 
12746.00000000 
11004.00000000 
8920.00000000 
16189.00000000 
5442.00000000 
2662.00000000 
6253.00000000 
5974.00000000 
18399.00000000 
12579.00000000 
22400.00000000 
4824.00000000 
13164.00000000 
10684.00000000 
25114.00000000 
3214.00000000 
10347.00000000 
7098.00000000 
941.00000000 
6437.00000000 
2404.00000000 
3017.00000000 
11749.00000000 
3416.00000000 
22275.00000000 
7704.00000000 
7404.00000000 
8136.00000000 
9353.00000000 
7753.00000000 
6401.00000000 
5425.00000000 
3372.00000000 
6866.00000000 
10633.00000000 
17952.00000000 
12134.00000000 
7568.00000000 
30426.00000000 
7214.00000000 
20612.00000000 
3620.00000000 
18833.00000000 
3865.00000000 
9771.00000000 
3305.00000000 
18293.00000000 
8973.00000000 
43681.00000000 
18786.00000000 
3473.00000000 
11729.00000000 
6153.00000000 
10228.00000000 
6702.00000000 
5154.00000000 
11301.00000000 
23405.00000000 
11066.00000000 
3541.00000000 
5749.00000000 
1991.00000000 
7976.00000000 
7000.00000000 
4056.00000000 
12928.00000000 
8167.00000000 
4318.00000000 
15822.00000000 
24275.00000000 
13368.00000000 
18209.00000000 
3670.00000000 
21105.00000000 
14699.00000000 
17755.00000000 
30870.00000000 
4727.00000000 
9220.00000000 
3246.00000000 
6466.00000000 
6940.00000000 
18673.00000000 
14816.00000000 
19215.00000000 
9864.00000000 
2905.00000000 
2220.00000000 
22127.00000000 
13756.00000000 
41977.00000000 
9627.00000000 
7005.00000000 
11742.00000000 
16175.00000000 
10044.00000000 
5425.00000000 
20214.00000000 
23860.00000000 
8792.00000000 
14959.00000000 
72879.00000000 
7932.00000000 
37082.00000000 
27044.00000000 
18936.00000000 
32083.00000000 
29991.00000000 
43129.00000000 
24880.00000000 
10027.00000000 
10441.00000000 
11365.00000000 
12435.00000000 
5952.00000000 
14527.00000000 
4944.00000000 
5569.00000000 
7305.00000000 
33270.00000000 
2041.00000000 
5354.00000000 
15899.00000000 
27921.00000000 
2739.00000000 
28998.00000000 
4150.00000000 
35538.00000000 
21906.00000000 
4978.00000000 
15973.00000000 
11618.00000000 
22179.00000000 
111642.00000000 
9268.00000000 
14115.00000000 
12855.00000000 
13813.00000000 
13197.00000000 
14965.00000000 
18320.00000000 
17289.00000000 
14890.00000000 
7001.00000000 
11975.00000000 
14578.00000000 
39743.00000000 
9928.00000000 
5789.00000000 
16072.00000000 
5813.00000000 
11776.00000000 
4594.00000000 
31744.00000000 
53468.00000000 
25661.00000000 
5750.00000000 
1759.00000000 
11671.00000000 
20828.00000000 
16681.00000000 
15741.00000000 
6941.00000000 
2537.00000000 
4310.00000000 
12233.00000000 
8628.00000000 
4292.00000000 
11258.00000000 
8960.00000000 
6315.00000000 
8024.00000000 
1334.00000000 
2192.00000000 
16295.00000000 
5501.00000000 
5222.00000000 
4744.00000000 
4077.00000000 
7899.00000000 
23060.00000000 
2188.00000000 
4093.00000000 
7557.00000000 
19454.00000000 
22335.00000000 
19148.00000000 
3337.00000000 
3489.00000000 
8935.00000000 
52188.00000000 
24100.00000000 
12089.00000000 
14808.00000000 
21135.00000000 
4885.00000000 
5134.00000000 
6261.00000000 
3831.00000000 
11000.00000000 
12899.00000000 
9000.00000000 
6640.00000000 
30507.00000000 
25042.00000000 
20791.00000000 
2023.00000000 
8019.00000000 
1915.00000000 
2094.00000000 
2293.00000000 
1308.00000000 
1989.00000000 
7378.00000000 
2289.00000000 
34674.00000000 
9829.00000000 
21033.00000000 
13949.00000000 
9027.00000000 
11581.00000000 
9347.00000000 
10591.00000000 
5099.00000000 
3113.00000000 
21227.00000000 
6815.00000000 
12399.00000000 
6746.00000000 
11094.00000000 
5693.00000000 
14700.00000000 
20150.00000000 
51120.00000000 
133046.00000000 
21997.00000000 
27207.00000000 
10368.00000000 
3529.00000000 
23479.00000000 
42127.00000000 
57529.00000000 
17189.00000000 
8823.00000000 
16827.00000000 
11729.00000000 
12158.00000000 
8358.00000000 
11204.00000000 
8495.00000000 
7785.00000000 
20684.00000000 
6453.00000000 
4873.00000000 
5749.00000000 
11963.00000000 
28950.00000000 
30721.00000000 
11329.00000000 
26140.00000000 
11144.00000000 
14849.00000000 
7800.00000000 
22860.00000000 
12639.00000000 
55055.00000000 
7465.00000000 
6597.00000000 
3980.00000000 
13080.00000000 
12772.00000000 
45226.00000000 
16396.00000000 
13855.00000000 
4770.00000000 
10216.00000000 
31703.00000000 
23020.00000000 
10549.00000000 
5438.00000000 
10833.00000000 
12009.00000000 
5667.00000000 
20413.00000000 
5443.00000000 
6308.00000000 
8376.00000000 
15607.00000000 
21928.00000000 
13388.00000000 
60171.00000000 
3003.00000000 
5622.00000000 
1985.00000000 
5870.00000000 
9228.00000000 
12793.00000000 
14575.00000000 
127140.00000000 
14796.00000000 
5517.00000000 
1365.00000000 
99154.00000000 
7612.00000000 
8820.00000000 
17037.00000000 
18813.00000000 
3252.00000000 
7493.00000000 
19662.00000000 
9495.00000000 
8244.00000000 
4156.00000000 
2322.00000000 
13435.00000000 
633.00000000 
4970.00000000 
3860.00000000 
6263.00000000 
12150.00000000 
8167.00000000 
2563.00000000 
25536.00000000 
8580.00000000 
3499.00000000 
4911.00000000 
10773.00000000 
24898.00000000 
72121.00000000 
50319.00000000 
28041.00000000 
9153.00000000 
9974.00000000 
18097.00000000 
15056.00000000 
18550.00000000 
2999.00000000 
3988.00000000 
3434.00000000 
7988.00000000 
90528.00000000 
8389.00000000 
5388.00000000 
51465.00000000 
9364.00000000 
14551.00000000 
35014.00000000 
14235.00000000 
28591.00000000 
22681.00000000 
40422.00000000 
28054.00000000 
11431.00000000 
17981.00000000 
8343.00000000 
6597.00000000 
5722.00000000 
9970.00000000 
43248.00000000 
16283.00000000 
28403.00000000 
20554.00000000 
14130.00000000 
22211.00000000 
70614.00000000 
23645.00000000 
19957.00000000 
15217.00000000 
10177.00000000 
13695.00000000 
3069.00000000 
18794.00000000 
9065.00000000 
9091.00000000 
8537.00000000 
15063.00000000 
6995.00000000 
10172.00000000 
13357.00000000 
1219.00000000 
71332.00000000 
13905.00000000 
12328.00000000 
8707.00000000 
25956.00000000 
3317.00000000 
6888.00000000 
10128.00000000 
9750.00000000 
2938.00000000 
3581.00000000 
7506.00000000 
18831.00000000 
4553.00000000 
4638.00000000 
10007.00000000 
23575.00000000 
8656.00000000 
8938.00000000 
26330.00000000 
10690.00000000 
14450.00000000 
5734.00000000 
5419.00000000 
3377.00000000 
2133.00000000 
6023.00000000 
2189.00000000 
4226.00000000 
25745.00000000 
4474.00000000 
9391.00000000 
8050.00000000 
2700.00000000 
7855.00000000 
3391.00000000 
3243.00000000 
5867.00000000 
44540.00000000 
18871.00000000 
7251.00000000 
9050.00000000 
23296.00000000 
5469.00000000 
4905.00000000 
13462.00000000 
10076.00000000 
6204.00000000 
38674.00000000 
18314.00000000 
10490.00000000 
10465.00000000 
1878.00000000 
3623.00000000 
7474.00000000 
30800.00000000 
19679.00000000 
39564.00000000 
5676.00000000 
6861.00000000 
8323.00000000 
26128.00000000 
14069.00000000 
2532.00000000 
2513.00000000 
7102.00000000 
13582.00000000 
17651.00000000 
36359.00000000 
9549.00000000 
13626.00000000 
3318.00000000 
8598.00000000 
21567.00000000 
711.00000000 
3095.00000000 
10990.00000000 
5213.00000000 
4747.00000000 
6870.00000000 
8927.00000000 
3793.00000000 
1889.00000000 
12749.00000000 
6324.00000000 
7715.00000000 
5103.00000000 
10332.00000000 
4061.00000000 
5418.00000000 
44390.00000000 
36657.00000000 
7001.00000000 
12009.00000000 
9625.00000000 
7970.00000000 
38866.00000000 
15324.00000000 
19231.00000000 
17786.00000000 
2445.00000000 
17525.00000000 
22846.00000000 
19251.00000000 
4799.00000000 
5352.00000000 
8841.00000000 
21112.00000000 
8842.00000000 
2825.00000000 
9105.00000000 
5372.00000000 
16905.00000000 
22034.00000000 
12770.00000000 
24573.00000000 
7486.00000000 
9908.00000000 
10716.00000000 
22713.00000000 
12779.00000000 
4930.00000000 
9054.00000000 
40510.00000000 
31125.00000000 
15243.00000000 
13726.00000000 
2974.00000000 
4341.00000000 
42339.00000000 
42545.00000000 
4958.00000000 
14492.00000000 
47720.00000000 
25687.00000000 
21492.00000000 
18702.00000000 
5525.00000000 
4868.00000000 
6709.00000000 
9254.00000000 
8211.00000000 
15710.00000000 
36312.00000000 
31093.00000000 
13755.00000000 
21105.00000000 
13307.00000000 
11220.00000000 
29107.00000000 
9972.00000000 
12823.00000000 
12028.00000000 
23128.00000000 
16746.00000000 
5841.00000000 
3352.00000000 
5228.00000000 
5221.00000000 
29608.00000000 
6485.00000000 
3780.00000000 
10225.00000000 
10932.00000000 
13497.00000000 
16128.00000000 
11410.00000000 
28914.00000000 
27086.00000000 
10187.00000000 
14827.00000000 
6938.00000000 
6301.00000000 
19697.00000000 
12939.00000000 
1624.00000000 
10566.00000000 
17905.00000000 
15608.00000000 
88268.00000000 
5465.00000000 
18854.00000000 
3259.00000000 
34502.00000000 
20414.00000000 
8114.00000000 
5384.00000000 
20427.00000000 
15258.00000000 
11019.00000000 
1896.00000000 
35455.00000000 
14546.00000000 
4850.00000000 
10441.00000000 
15064.00000000 
13710.00000000 
19676.00000000 
19073.00000000 
32663.00000000 
21222.00000000 
6895.00000000 
2450.00000000 
35587.00000000 
14076.00000000 
37749.00000000 
23198.00000000 
31211.00000000 
17552.00000000 
29079.00000000 
84176.00000000 
22925.00000000 
14732.00000000 
12009.00000000 
51983.00000000 
9971.00000000 
6341.00000000 
10882.00000000 
4747.00000000 
15686.00000000 
3531.00000000 
2929.00000000 
3876.00000000 
