55801.00000000 
1794515.00000000 
968869.00000000 
110404.00000000 
258116.00000000 
250414.00000000 
275557.00000000 
255003.00000000 
456785.00000000 
480014.00000000 
148948.00000000 
299440.00000000 
411952.00000000 
461004.00000000 
543627.00000000 
416416.00000000 
402332.00000000 
137543.00000000 
556203.00000000 
1031746.00000000 
348029.00000000 
651121.00000000 
160445.00000000 
573931.00000000 
484128.00000000 
154417.00000000 
404153.00000000 
436969.00000000 
497476.00000000 
982828.00000000 
271013.00000000 
239013.00000000 
218848.00000000 
317726.00000000 
226304.00000000 
635584.00000000 
513009.00000000 
716256.00000000 
321399.00000000 
627332.00000000 
390696.00000000 
510584.00000000 
191491.00000000 
102018.00000000 
178035.00000000 
890776.00000000 
472853.00000000 
560059.00000000 
353214.00000000 
209187.00000000 
444922.00000000 
179917.00000000 
143479.00000000 
103695.00000000 
246115.00000000 
1493745.00000000 
88545.00000000 
94429.00000000 
564773.00000000 
494268.00000000 
348460.00000000 
519195.00000000 
260667.00000000 
141918.00000000 
185913.00000000 
108144.00000000 
345585.00000000 
402133.00000000 
175516.00000000 
193252.00000000 
79001.00000000 
367055.00000000 
268704.00000000 
251365.00000000 
845687.00000000 
149010.00000000 
128129.00000000 
437473.00000000 
385842.00000000 
111356.00000000 
279006.00000000 
471106.00000000 
436847.00000000 
339852.00000000 
204586.00000000 
127575.00000000 
317094.00000000 
188517.00000000 
319501.00000000 
613719.00000000 
436218.00000000 
519108.00000000 
262356.00000000 
138577.00000000 
298165.00000000 
105781.00000000 
150229.00000000 
332572.00000000 
678714.00000000 
742834.00000000 
282278.00000000 
482513.00000000 
666374.00000000 
496781.00000000 
249284.00000000 
115558.00000000 
196487.00000000 
336098.00000000 
530636.00000000 
162239.00000000 
233850.00000000 
245738.00000000 
442940.00000000 
300464.00000000 
929157.00000000 
378296.00000000 
214355.00000000 
327922.00000000 
629579.00000000 
420762.00000000 
360809.00000000 
635740.00000000 
819434.00000000 
635564.00000000 
1357080.00000000 
1515000.00000000 
1677572.00000000 
945371.00000000 
148022.00000000 
270549.00000000 
406541.00000000 
183851.00000000 
219270.00000000 
448520.00000000 
765010.00000000 
387932.00000000 
469290.00000000 
404624.00000000 
285730.00000000 
154741.00000000 
197306.00000000 
975885.00000000 
739882.00000000 
297378.00000000 
768365.00000000 
666035.00000000 
564457.00000000 
362249.00000000 
716729.00000000 
437657.00000000 
566311.00000000 
1223981.00000000 
749502.00000000 
362185.00000000 
497474.00000000 
846476.00000000 
823907.00000000 
922918.00000000 
591962.00000000 
503126.00000000 
225318.00000000 
449976.00000000 
319007.00000000 
291593.00000000 
435215.00000000 
538157.00000000 
616380.00000000 
399736.00000000 
415905.00000000 
654436.00000000 
407461.00000000 
375340.00000000 
491093.00000000 
1220003.00000000 
458361.00000000 
800727.00000000 
691266.00000000 
483742.00000000 
1158404.00000000 
1223788.00000000 
2099497.00000000 
456637.00000000 
363484.00000000 
790649.00000000 
773889.00000000 
523173.00000000 
451089.00000000 
501018.00000000 
355357.00000000 
410282.00000000 
424655.00000000 
198353.00000000 
502409.00000000 
234647.00000000 
322926.00000000 
482901.00000000 
730804.00000000 
198190.00000000 
264371.00000000 
210832.00000000 
217600.00000000 
431856.00000000 
953686.00000000 
1231662.00000000 
686310.00000000 
1065479.00000000 
219833.00000000 
628009.00000000 
674513.00000000 
512192.00000000 
451087.00000000 
523906.00000000 
297278.00000000 
670115.00000000 
452174.00000000 
1600136.00000000 
1459595.00000000 
725628.00000000 
1493673.00000000 
1710550.00000000 
524660.00000000 
1203385.00000000 
1655903.00000000 
1799723.00000000 
2718547.00000000 
842238.00000000 
1533497.00000000 
217800.00000000 
126156.00000000 
325594.00000000 
583110.00000000 
767636.00000000 
369482.00000000 
465478.00000000 
227002.00000000 
480774.00000000 
203929.00000000 
555729.00000000 
552049.00000000 
545084.00000000 
656013.00000000 
427398.00000000 
843540.00000000 
582510.00000000 
736599.00000000 
619551.00000000 
457783.00000000 
236720.00000000 
1064892.00000000 
1473494.00000000 
5371803.00000000 
2774065.00000000 
1028184.00000000 
527887.00000000 
184990.00000000 
94962.00000000 
82998.00000000 
267665.00000000 
251422.00000000 
93608.00000000 
276457.00000000 
71630.00000000 
47471.00000000 
80133.00000000 
327882.00000000 
93652.00000000 
309140.00000000 
74027.00000000 
100866.00000000 
138970.00000000 
112151.00000000 
160935.00000000 
325380.00000000 
145708.00000000 
112602.00000000 
106745.00000000 
300038.00000000 
55553.00000000 
123607.00000000 
138415.00000000 
388961.00000000 
291866.00000000 
190220.00000000 
1228050.00000000 
195513.00000000 
164158.00000000 
88958.00000000 
78527.00000000 
183243.00000000 
122511.00000000 
275680.00000000 
111149.00000000 
36463.00000000 
52057.00000000 
444611.00000000 
292155.00000000 
228783.00000000 
157769.00000000 
334007.00000000 
456142.00000000 
178551.00000000 
189050.00000000 
81702.00000000 
352749.00000000 
124864.00000000 
192314.00000000 
341912.00000000 
113582.00000000 
341268.00000000 
217577.00000000 
93289.00000000 
233808.00000000 
612205.00000000 
848471.00000000 
1018726.00000000 
328994.00000000 
568385.00000000 
994659.00000000 
75111.00000000 
237935.00000000 
482941.00000000 
535510.00000000 
473444.00000000 
148303.00000000 
269338.00000000 
350835.00000000 
228694.00000000 
497092.00000000 
1022982.00000000 
1652592.00000000 
1842877.00000000 
346138.00000000 
641945.00000000 
288452.00000000 
237186.00000000 
566423.00000000 
325232.00000000 
62615.00000000 
258892.00000000 
263026.00000000 
222554.00000000 
170509.00000000 
205118.00000000 
116751.00000000 
251790.00000000 
701527.00000000 
458702.00000000 
247294.00000000 
828480.00000000 
219036.00000000 
73275.00000000 
72481.00000000 
104435.00000000 
315855.00000000 
236944.00000000 
803511.00000000 
297945.00000000 
619408.00000000 
283163.00000000 
169419.00000000 
133689.00000000 
499594.00000000 
779235.00000000 
396770.00000000 
323357.00000000 
337945.00000000 
232847.00000000 
151175.00000000 
145999.00000000 
314002.00000000 
180154.00000000 
322578.00000000 
679572.00000000 
1111001.00000000 
321300.00000000 
78845.00000000 
366087.00000000 
556510.00000000 
439606.00000000 
340694.00000000 
68958.00000000 
111696.00000000 
262423.00000000 
209401.00000000 
83107.00000000 
226060.00000000 
208075.00000000 
420643.00000000 
228632.00000000 
223894.00000000 
291366.00000000 
433130.00000000 
240816.00000000 
530267.00000000 
527176.00000000 
305354.00000000 
286996.00000000 
252302.00000000 
115711.00000000 
182467.00000000 
241368.00000000 
585602.00000000 
156765.00000000 
282216.00000000 
485673.00000000 
678656.00000000 
329556.00000000 
98967.00000000 
375603.00000000 
188142.00000000 
81783.00000000 
76134.00000000 
361062.00000000 
86614.00000000 
36826.00000000 
395753.00000000 
55016.00000000 
198658.00000000 
116317.00000000 
32968.00000000 
156294.00000000 
134940.00000000 
71817.00000000 
212214.00000000 
512441.00000000 
163064.00000000 
344692.00000000 
310277.00000000 
71919.00000000 
150030.00000000 
202252.00000000 
194307.00000000 
184537.00000000 
156637.00000000 
335219.00000000 
86835.00000000 
300395.00000000 
458784.00000000 
232197.00000000 
280250.00000000 
200325.00000000 
265663.00000000 
199731.00000000 
224891.00000000 
62448.00000000 
407763.00000000 
391338.00000000 
247672.00000000 
437205.00000000 
475628.00000000 
252978.00000000 
405699.00000000 
397388.00000000 
654841.00000000 
613276.00000000 
401356.00000000 
513752.00000000 
775640.00000000 
463613.00000000 
288328.00000000 
861335.00000000 
234979.00000000 
246198.00000000 
151471.00000000 
106832.00000000 
198260.00000000 
46937.00000000 
120318.00000000 
96487.00000000 
181465.00000000 
99782.00000000 
208085.00000000 
604103.00000000 
366329.00000000 
315832.00000000 
271930.00000000 
186634.00000000 
417644.00000000 
265177.00000000 
220902.00000000 
98827.00000000 
1794515.00000000 
968869.00000000 
110404.00000000 
258116.00000000 
250414.00000000 
275557.00000000 
255003.00000000 
456785.00000000 
480014.00000000 
148948.00000000 
299440.00000000 
411952.00000000 
461004.00000000 
543627.00000000 
416416.00000000 
402332.00000000 
137543.00000000 
556203.00000000 
1031746.00000000 
348029.00000000 
651121.00000000 
160445.00000000 
573931.00000000 
484128.00000000 
154417.00000000 
404153.00000000 
436969.00000000 
497476.00000000 
982828.00000000 
271013.00000000 
239013.00000000 
218848.00000000 
317726.00000000 
226304.00000000 
635584.00000000 
513009.00000000 
716256.00000000 
321399.00000000 
627332.00000000 
390696.00000000 
510584.00000000 
191491.00000000 
102018.00000000 
178035.00000000 
890776.00000000 
472853.00000000 
560059.00000000 
353214.00000000 
209187.00000000 
444922.00000000 
179917.00000000 
143479.00000000 
103695.00000000 
246115.00000000 
1493745.00000000 
88545.00000000 
94429.00000000 
564773.00000000 
494268.00000000 
348460.00000000 
519195.00000000 
260667.00000000 
141918.00000000 
185913.00000000 
108144.00000000 
345585.00000000 
402133.00000000 
175516.00000000 
193252.00000000 
79001.00000000 
367055.00000000 
268704.00000000 
251365.00000000 
845687.00000000 
149010.00000000 
128129.00000000 
437473.00000000 
385842.00000000 
111356.00000000 
279006.00000000 
471106.00000000 
436847.00000000 
339852.00000000 
204586.00000000 
127575.00000000 
317094.00000000 
188517.00000000 
319501.00000000 
613719.00000000 
436218.00000000 
519108.00000000 
262356.00000000 
138577.00000000 
298165.00000000 
105781.00000000 
150229.00000000 
332572.00000000 
678714.00000000 
742834.00000000 
282278.00000000 
482513.00000000 
666374.00000000 
496781.00000000 
249284.00000000 
115558.00000000 
196487.00000000 
336098.00000000 
530636.00000000 
162239.00000000 
233850.00000000 
245738.00000000 
442940.00000000 
300464.00000000 
929157.00000000 
378296.00000000 
214355.00000000 
327922.00000000 
629579.00000000 
420762.00000000 
360809.00000000 
635740.00000000 
819434.00000000 
635564.00000000 
1357080.00000000 
1515000.00000000 
1677572.00000000 
945371.00000000 
148022.00000000 
270549.00000000 
406541.00000000 
183851.00000000 
219270.00000000 
448520.00000000 
765010.00000000 
387932.00000000 
469290.00000000 
404624.00000000 
285730.00000000 
154741.00000000 
197306.00000000 
975885.00000000 
739882.00000000 
297378.00000000 
768365.00000000 
666035.00000000 
564457.00000000 
362249.00000000 
716729.00000000 
437657.00000000 
566311.00000000 
1223981.00000000 
749502.00000000 
362185.00000000 
497474.00000000 
846476.00000000 
823907.00000000 
922918.00000000 
591962.00000000 
503126.00000000 
225318.00000000 
449976.00000000 
319007.00000000 
291593.00000000 
435215.00000000 
538157.00000000 
616380.00000000 
399736.00000000 
415905.00000000 
654436.00000000 
407461.00000000 
375340.00000000 
491093.00000000 
1220003.00000000 
458361.00000000 
800727.00000000 
691266.00000000 
483742.00000000 
1158404.00000000 
1223788.00000000 
2099497.00000000 
456637.00000000 
363484.00000000 
790649.00000000 
773889.00000000 
523173.00000000 
451089.00000000 
501018.00000000 
355357.00000000 
410282.00000000 
424655.00000000 
198353.00000000 
502409.00000000 
234647.00000000 
322926.00000000 
482901.00000000 
730804.00000000 
198190.00000000 
264371.00000000 
210832.00000000 
217600.00000000 
431856.00000000 
953686.00000000 
1231662.00000000 
686310.00000000 
1065479.00000000 
219833.00000000 
628009.00000000 
674513.00000000 
512192.00000000 
451087.00000000 
523906.00000000 
297278.00000000 
670115.00000000 
452174.00000000 
1600136.00000000 
1459595.00000000 
725628.00000000 
1493673.00000000 
1710550.00000000 
524660.00000000 
1203385.00000000 
1655903.00000000 
1799723.00000000 
2718547.00000000 
842238.00000000 
1533497.00000000 
217800.00000000 
126156.00000000 
325594.00000000 
583110.00000000 
767636.00000000 
369482.00000000 
465478.00000000 
227002.00000000 
480774.00000000 
203929.00000000 
555729.00000000 
552049.00000000 
545084.00000000 
656013.00000000 
427398.00000000 
843540.00000000 
582510.00000000 
736599.00000000 
619551.00000000 
457783.00000000 
236720.00000000 
1064892.00000000 
1473494.00000000 
5371803.00000000 
2774065.00000000 
1028184.00000000 
527887.00000000 
184990.00000000 
94962.00000000 
82998.00000000 
267665.00000000 
251422.00000000 
93608.00000000 
276457.00000000 
71630.00000000 
47471.00000000 
80133.00000000 
327882.00000000 
93652.00000000 
309140.00000000 
74027.00000000 
100866.00000000 
138970.00000000 
112151.00000000 
160935.00000000 
325380.00000000 
145708.00000000 
112602.00000000 
106745.00000000 
300038.00000000 
55553.00000000 
123607.00000000 
138415.00000000 
388961.00000000 
291866.00000000 
190220.00000000 
1228050.00000000 
195513.00000000 
164158.00000000 
88958.00000000 
78527.00000000 
183243.00000000 
122511.00000000 
275680.00000000 
111149.00000000 
36463.00000000 
52057.00000000 
444611.00000000 
292155.00000000 
228783.00000000 
157769.00000000 
334007.00000000 
456142.00000000 
178551.00000000 
189050.00000000 
81702.00000000 
352749.00000000 
124864.00000000 
192314.00000000 
341912.00000000 
113582.00000000 
341268.00000000 
217577.00000000 
93289.00000000 
233808.00000000 
612205.00000000 
848471.00000000 
1018726.00000000 
328994.00000000 
568385.00000000 
994659.00000000 
75111.00000000 
237935.00000000 
482941.00000000 
535510.00000000 
473444.00000000 
148303.00000000 
269338.00000000 
350835.00000000 
228694.00000000 
497092.00000000 
1022982.00000000 
1652592.00000000 
1842877.00000000 
346138.00000000 
641945.00000000 
288452.00000000 
237186.00000000 
566423.00000000 
325232.00000000 
62615.00000000 
258892.00000000 
263026.00000000 
222554.00000000 
170509.00000000 
205118.00000000 
116751.00000000 
251790.00000000 
701527.00000000 
458702.00000000 
247294.00000000 
828480.00000000 
219036.00000000 
73275.00000000 
72481.00000000 
104435.00000000 
315855.00000000 
236944.00000000 
803511.00000000 
297945.00000000 
619408.00000000 
283163.00000000 
169419.00000000 
133689.00000000 
499594.00000000 
779235.00000000 
396770.00000000 
323357.00000000 
337945.00000000 
232847.00000000 
151175.00000000 
145999.00000000 
314002.00000000 
180154.00000000 
322578.00000000 
679572.00000000 
1111001.00000000 
321300.00000000 
78845.00000000 
366087.00000000 
556510.00000000 
439606.00000000 
340694.00000000 
68958.00000000 
111696.00000000 
262423.00000000 
209401.00000000 
83107.00000000 
226060.00000000 
208075.00000000 
420643.00000000 
228632.00000000 
223894.00000000 
291366.00000000 
433130.00000000 
240816.00000000 
530267.00000000 
527176.00000000 
305354.00000000 
286996.00000000 
252302.00000000 
115711.00000000 
182467.00000000 
241368.00000000 
585602.00000000 
156765.00000000 
282216.00000000 
485673.00000000 
678656.00000000 
329556.00000000 
98967.00000000 
375603.00000000 
188142.00000000 
81783.00000000 
76134.00000000 
361062.00000000 
86614.00000000 
36826.00000000 
395753.00000000 
55016.00000000 
198658.00000000 
116317.00000000 
32968.00000000 
156294.00000000 
134940.00000000 
71817.00000000 
212214.00000000 
512441.00000000 
163064.00000000 
344692.00000000 
310277.00000000 
71919.00000000 
150030.00000000 
202252.00000000 
194307.00000000 
184537.00000000 
156637.00000000 
335219.00000000 
86835.00000000 
300395.00000000 
458784.00000000 
232197.00000000 
280250.00000000 
200325.00000000 
265663.00000000 
199731.00000000 
224891.00000000 
62448.00000000 
407763.00000000 
391338.00000000 
247672.00000000 
437205.00000000 
475628.00000000 
252978.00000000 
405699.00000000 
397388.00000000 
654841.00000000 
613276.00000000 
401356.00000000 
513752.00000000 
775640.00000000 
463613.00000000 
288328.00000000 
861335.00000000 
234979.00000000 
246198.00000000 
151471.00000000 
106832.00000000 
198260.00000000 
46937.00000000 
120318.00000000 
96487.00000000 
181465.00000000 
99782.00000000 
208085.00000000 
604103.00000000 
366329.00000000 
315832.00000000 
271930.00000000 
186634.00000000 
417644.00000000 
265177.00000000 
220902.00000000 
98827.00000000 
1794515.00000000 
968869.00000000 
110404.00000000 
258116.00000000 
250414.00000000 
275557.00000000 
255003.00000000 
456785.00000000 
480014.00000000 
148948.00000000 
299440.00000000 
411952.00000000 
461004.00000000 
543627.00000000 
416416.00000000 
402332.00000000 
137543.00000000 
556203.00000000 
1031746.00000000 
348029.00000000 
651121.00000000 
160445.00000000 
573931.00000000 
484128.00000000 
154417.00000000 
404153.00000000 
436969.00000000 
497476.00000000 
982828.00000000 
271013.00000000 
239013.00000000 
218848.00000000 
317726.00000000 
226304.00000000 
635584.00000000 
513009.00000000 
716256.00000000 
321399.00000000 
627332.00000000 
390696.00000000 
510584.00000000 
191491.00000000 
102018.00000000 
178035.00000000 
890776.00000000 
472853.00000000 
560059.00000000 
353214.00000000 
209187.00000000 
444922.00000000 
179917.00000000 
143479.00000000 
103695.00000000 
246115.00000000 
1493745.00000000 
88545.00000000 
94429.00000000 
564773.00000000 
494268.00000000 
348460.00000000 
519195.00000000 
260667.00000000 
141918.00000000 
185913.00000000 
108144.00000000 
345585.00000000 
402133.00000000 
175516.00000000 
193252.00000000 
79001.00000000 
367055.00000000 
268704.00000000 
251365.00000000 
845687.00000000 
149010.00000000 
128129.00000000 
437473.00000000 
385842.00000000 
111356.00000000 
279006.00000000 
471106.00000000 
436847.00000000 
339852.00000000 
204586.00000000 
127575.00000000 
317094.00000000 
188517.00000000 
319501.00000000 
613719.00000000 
436218.00000000 
519108.00000000 
262356.00000000 
138577.00000000 
298165.00000000 
105781.00000000 
150229.00000000 
332572.00000000 
678714.00000000 
742834.00000000 
282278.00000000 
482513.00000000 
666374.00000000 
496781.00000000 
249284.00000000 
115558.00000000 
196487.00000000 
336098.00000000 
530636.00000000 
162239.00000000 
233850.00000000 
245738.00000000 
442940.00000000 
300464.00000000 
929157.00000000 
378296.00000000 
214355.00000000 
327922.00000000 
629579.00000000 
420762.00000000 
360809.00000000 
635740.00000000 
819434.00000000 
635564.00000000 
1357080.00000000 
1515000.00000000 
1677572.00000000 
945371.00000000 
148022.00000000 
270549.00000000 
406541.00000000 
183851.00000000 
219270.00000000 
448520.00000000 
765010.00000000 
387932.00000000 
469290.00000000 
404624.00000000 
285730.00000000 
154741.00000000 
197306.00000000 
975885.00000000 
739882.00000000 
297378.00000000 
768365.00000000 
666035.00000000 
564457.00000000 
362249.00000000 
716729.00000000 
437657.00000000 
566311.00000000 
1223981.00000000 
749502.00000000 
362185.00000000 
497474.00000000 
846476.00000000 
823907.00000000 
922918.00000000 
591962.00000000 
503126.00000000 
225318.00000000 
449976.00000000 
319007.00000000 
291593.00000000 
435215.00000000 
538157.00000000 
616380.00000000 
399736.00000000 
415905.00000000 
654436.00000000 
407461.00000000 
375340.00000000 
491093.00000000 
1220003.00000000 
458361.00000000 
800727.00000000 
691266.00000000 
483742.00000000 
1158404.00000000 
1223788.00000000 
2099497.00000000 
456637.00000000 
363484.00000000 
790649.00000000 
773889.00000000 
523173.00000000 
451089.00000000 
501018.00000000 
355357.00000000 
410282.00000000 
424655.00000000 
198353.00000000 
502409.00000000 
234647.00000000 
322926.00000000 
482901.00000000 
730804.00000000 
198190.00000000 
264371.00000000 
210832.00000000 
217600.00000000 
431856.00000000 
953686.00000000 
1231662.00000000 
686310.00000000 
1065479.00000000 
219833.00000000 
628009.00000000 
674513.00000000 
512192.00000000 
451087.00000000 
523906.00000000 
297278.00000000 
670115.00000000 
452174.00000000 
1600136.00000000 
1459595.00000000 
725628.00000000 
1493673.00000000 
1710550.00000000 
524660.00000000 
1203385.00000000 
1655903.00000000 
1799723.00000000 
2718547.00000000 
842238.00000000 
1533497.00000000 
217800.00000000 
126156.00000000 
325594.00000000 
583110.00000000 
767636.00000000 
369482.00000000 
465478.00000000 
227002.00000000 
480774.00000000 
203929.00000000 
555729.00000000 
552049.00000000 
545084.00000000 
656013.00000000 
427398.00000000 
843540.00000000 
582510.00000000 
736599.00000000 
619551.00000000 
457783.00000000 
236720.00000000 
1064892.00000000 
1473494.00000000 
5371803.00000000 
2774065.00000000 
1028184.00000000 
527887.00000000 
184990.00000000 
94962.00000000 
82998.00000000 
267665.00000000 
251422.00000000 
93608.00000000 
276457.00000000 
71630.00000000 
47471.00000000 
80133.00000000 
327882.00000000 
93652.00000000 
309140.00000000 
74027.00000000 
100866.00000000 
138970.00000000 
112151.00000000 
160935.00000000 
325380.00000000 
145708.00000000 
112602.00000000 
106745.00000000 
300038.00000000 
55553.00000000 
123607.00000000 
138415.00000000 
388961.00000000 
291866.00000000 
190220.00000000 
1228050.00000000 
195513.00000000 
164158.00000000 
88958.00000000 
78527.00000000 
183243.00000000 
122511.00000000 
275680.00000000 
111149.00000000 
36463.00000000 
52057.00000000 
444611.00000000 
292155.00000000 
228783.00000000 
157769.00000000 
334007.00000000 
456142.00000000 
178551.00000000 
189050.00000000 
81702.00000000 
352749.00000000 
124864.00000000 
192314.00000000 
341912.00000000 
113582.00000000 
341268.00000000 
217577.00000000 
93289.00000000 
233808.00000000 
612205.00000000 
848471.00000000 
1018726.00000000 
328994.00000000 
568385.00000000 
994659.00000000 
75111.00000000 
237935.00000000 
482941.00000000 
535510.00000000 
473444.00000000 
148303.00000000 
269338.00000000 
350835.00000000 
228694.00000000 
497092.00000000 
1022982.00000000 
1652592.00000000 
1842877.00000000 
346138.00000000 
641945.00000000 
288452.00000000 
237186.00000000 
566423.00000000 
325232.00000000 
62615.00000000 
258892.00000000 
263026.00000000 
222554.00000000 
170509.00000000 
205118.00000000 
116751.00000000 
251790.00000000 
701527.00000000 
458702.00000000 
247294.00000000 
828480.00000000 
219036.00000000 
73275.00000000 
72481.00000000 
104435.00000000 
315855.00000000 
236944.00000000 
803511.00000000 
297945.00000000 
619408.00000000 
283163.00000000 
169419.00000000 
133689.00000000 
499594.00000000 
779235.00000000 
396770.00000000 
323357.00000000 
337945.00000000 
232847.00000000 
151175.00000000 
145999.00000000 
314002.00000000 
180154.00000000 
322578.00000000 
679572.00000000 
1111001.00000000 
321300.00000000 
78845.00000000 
366087.00000000 
556510.00000000 
439606.00000000 
340694.00000000 
68958.00000000 
111696.00000000 
262423.00000000 
209401.00000000 
83107.00000000 
226060.00000000 
208075.00000000 
420643.00000000 
228632.00000000 
223894.00000000 
291366.00000000 
433130.00000000 
240816.00000000 
530267.00000000 
527176.00000000 
305354.00000000 
286996.00000000 
252302.00000000 
115711.00000000 
182467.00000000 
241368.00000000 
585602.00000000 
156765.00000000 
282216.00000000 
485673.00000000 
678656.00000000 
329556.00000000 
98967.00000000 
375603.00000000 
188142.00000000 
81783.00000000 
76134.00000000 
361062.00000000 
86614.00000000 
36826.00000000 
395753.00000000 
55016.00000000 
198658.00000000 
116317.00000000 
32968.00000000 
156294.00000000 
134940.00000000 
71817.00000000 
212214.00000000 
512441.00000000 
163064.00000000 
344692.00000000 
310277.00000000 
71919.00000000 
150030.00000000 
202252.00000000 
194307.00000000 
184537.00000000 
156637.00000000 
335219.00000000 
86835.00000000 
300395.00000000 
458784.00000000 
232197.00000000 
280250.00000000 
200325.00000000 
265663.00000000 
199731.00000000 
224891.00000000 
62448.00000000 
407763.00000000 
391338.00000000 
247672.00000000 
437205.00000000 
475628.00000000 
252978.00000000 
405699.00000000 
397388.00000000 
654841.00000000 
613276.00000000 
401356.00000000 
513752.00000000 
775640.00000000 
463613.00000000 
288328.00000000 
861335.00000000 
234979.00000000 
246198.00000000 
151471.00000000 
106832.00000000 
198260.00000000 
46937.00000000 
120318.00000000 
96487.00000000 
181465.00000000 
99782.00000000 
208085.00000000 
604103.00000000 
366329.00000000 
315832.00000000 
271930.00000000 
186634.00000000 
417644.00000000 
265177.00000000 
220902.00000000 
