0.00000652 
0.00000651 
0.00000651 
0.00000653 
0.00000654 
0.00000654 
0.00000651 
0.00000651 
0.00000651 
0.00000650 
0.00000651 
0.00000648 
0.00000650 
0.00000649 
0.00000647 
0.00000645 
0.00000641 
0.00000642 
0.00000641 
0.00000644 
0.00000651 
0.00000651 
0.00000649 
0.00000649 
0.00000649 
0.00000651 
0.00000650 
0.00000649 
0.00000648 
0.00000652 
0.00000646 
0.00000649 
0.00000647 
0.00000646 
0.00000646 
0.00000647 
0.00000648 
0.00000646 
0.00000644 
0.00000642 
0.00000643 
0.00000642 
0.00000642 
0.00000640 
0.00000640 
0.00000640 
0.00000639 
0.00000639 
0.00000644 
0.00000644 
0.00000645 
0.00000642 
0.00000645 
0.00000645 
0.00000644 
0.00000645 
0.00000646 
0.00000646 
0.00000645 
0.00000645 
0.00000645 
0.00000643 
0.00000641 
0.00000640 
0.00000637 
0.00000639 
0.00000639 
0.00000640 
0.00000639 
0.00000638 
0.00000636 
0.00000638 
0.00000639 
0.00000641 
0.00000639 
0.00000633 
0.00000634 
0.00000635 
0.00000628 
0.00000626 
0.00000625 
0.00000627 
0.00000628 
0.00000628 
0.00000632 
0.00000632 
0.00000633 
0.00000633 
0.00000635 
0.00000637 
0.00000641 
0.00000643 
0.00000643 
0.00000644 
0.00000645 
0.00000645 
0.00000645 
0.00000649 
0.00000646 
0.00000642 
0.00000645 
0.00000645 
0.00000644 
0.00000648 
0.00000648 
0.00000651 
0.00000650 
0.00000649 
0.00000650 
0.00000656 
0.00000655 
0.00000659 
0.00000659 
0.00000661 
0.00000661 
0.00000661 
0.00000660 
0.00000658 
0.00000654 
0.00000652 
0.00000647 
0.00000650 
0.00000656 
0.00000657 
0.00000659 
0.00000666 
0.00000650 
0.00000651 
0.00000647 
0.00000644 
0.00000645 
0.00000641 
0.00000641 
0.00000643 
0.00000644 
0.00000645 
0.00000643 
0.00000637 
0.00000635 
0.00000633 
0.00000632 
0.00000635 
0.00000638 
0.00000636 
0.00000645 
0.00000633 
0.00000650 
0.00000651 
0.00000650 
0.00000650 
0.00000650 
0.00000651 
0.00000649 
0.00000653 
0.00000652 
0.00000649 
0.00000644 
0.00000642 
0.00000640 
0.00000636 
0.00000635 
0.00000635 
0.00000638 
0.00000634 
0.00000635 
0.00000630 
0.00000628 
0.00000632 
0.00000636 
0.00000634 
0.00000640 
0.00000643 
0.00000639 
0.00000643 
0.00000643 
0.00000647 
0.00000650 
0.00000647 
0.00000643 
0.00000651 
0.00000652 
0.00000641 
0.00000642 
0.00000641 
0.00000635 
0.00000633 
0.00000631 
0.00000630 
0.00000630 
0.00000628 
0.00000628 
0.00000628 
0.00000627 
0.00000626 
0.00000625 
0.00000626 
0.00000623 
0.00000619 
0.00000615 
0.00000617 
0.00000618 
0.00000621 
0.00000626 
0.00000622 
0.00000623 
0.00000620 
0.00000614 
0.00000613 
0.00000613 
0.00000611 
0.00000615 
0.00000617 
0.00000620 
0.00000621 
0.00000619 
0.00000620 
0.00000621 
0.00000622 
0.00000626 
0.00000625 
0.00000625 
0.00000625 
0.00000621 
0.00000618 
0.00000621 
0.00000616 
0.00000612 
0.00000606 
0.00000606 
0.00000605 
0.00000606 
0.00000609 
0.00000601 
0.00000592 
0.00000602 
0.00000605 
0.00000611 
0.00000613 
0.00000611 
0.00000615 
0.00000612 
0.00000611 
0.00000609 
0.00000611 
0.00000609 
0.00000611 
0.00000600 
0.00000595 
0.00000588 
0.00000600 
0.00000612 
0.00000588 
0.00000577 
0.00000575 
0.00000571 
0.00000569 
0.00000571 
0.00000570 
0.00000573 
0.00000571 
0.00000570 
0.00000570 
0.00000571 
0.00000569 
0.00000571 
0.00000570 
0.00000571 
0.00000569 
0.00000567 
0.00000567 
0.00000571 
0.00000569 
0.00000569 
0.00000568 
0.00000567 
0.00000565 
0.00000565 
0.00000566 
0.00000566 
0.00000567 
0.00000567 
0.00000569 
0.00000569 
0.00000568 
0.00000571 
0.00000570 
0.00000572 
0.00000572 
0.00000570 
0.00000572 
0.00000570 
0.00000572 
0.00000570 
0.00000567 
0.00000571 
0.00000569 
0.00000567 
0.00000570 
0.00000568 
0.00000568 
0.00000573 
0.00000575 
0.00000575 
0.00000574 
0.00000574 
0.00000574 
0.00000576 
0.00000580 
0.00000581 
0.00000581 
0.00000583 
0.00000583 
0.00000585 
0.00000582 
0.00000584 
0.00000585 
0.00000585 
0.00000587 
0.00000581 
0.00000577 
0.00000579 
0.00000582 
0.00000579 
0.00000574 
0.00000575 
0.00000574 
0.00000578 
0.00000574 
0.00000572 
0.00000571 
0.00000570 
0.00000565 
0.00000570 
0.00000567 
0.00000567 
0.00000568 
0.00000570 
0.00000570 
0.00000571 
0.00000570 
0.00000572 
0.00000574 
0.00000573 
0.00000573 
0.00000575 
0.00000578 
0.00000577 
0.00000575 
0.00000578 
0.00000583 
0.00000582 
0.00000579 
0.00000578 
0.00000580 
0.00000578 
0.00000580 
0.00000578 
0.00000579 
0.00000579 
0.00000578 
0.00000577 
0.00000579 
0.00000580 
0.00000581 
0.00000582 
0.00000583 
0.00000586 
0.00000588 
0.00000584 
0.00000586 
0.00000588 
0.00000587 
0.00000588 
0.00000589 
0.00000593 
0.00000598 
0.00000600 
0.00000600 
0.00000598 
0.00000593 
0.00000590 
0.00000588 
0.00000589 
0.00000590 
0.00000587 
0.00000589 
0.00000590 
0.00000591 
0.00000592 
0.00000592 
0.00000592 
0.00000593 
0.00000596 
0.00000600 
0.00000595 
0.00000592 
0.00000596 
0.00000597 
0.00000598 
0.00000597 
0.00000599 
0.00000602 
0.00000598 
0.00000599 
0.00000599 
0.00000600 
0.00000601 
0.00000604 
0.00000602 
0.00000608 
0.00000609 
0.00000608 
0.00000608 
0.00000612 
0.00000613 
0.00000614 
0.00000615 
0.00000617 
0.00000618 
0.00000617 
0.00000614 
0.00000616 
0.00000618 
0.00000612 
0.00000617 
0.00000618 
0.00000621 
0.00000624 
0.00000623 
0.00000623 
0.00000623 
0.00000623 
0.00000623 
0.00000621 
0.00000623 
0.00000619 
0.00000618 
0.00000618 
0.00000619 
0.00000621 
0.00000619 
0.00000620 
0.00000618 
0.00000614 
0.00000609 
0.00000611 
0.00000608 
0.00000614 
0.00000616 
0.00000617 
0.00000612 
0.00000609 
0.00000609 
0.00000607 
0.00000605 
0.00000609 
0.00000611 
0.00000608 
0.00000612 
0.00000616 
0.00000618 
0.00000618 
0.00000623 
0.00000624 
0.00000624 
0.00000625 
0.00000624 
0.00000624 
0.00000624 
0.00000624 
0.00000622 
0.00000624 
0.00000622 
0.00000623 
0.00000628 
0.00000626 
0.00000629 
0.00000627 
0.00000628 
0.00000625 
0.00000650 
0.00000651 
0.00000651 
0.00000653 
0.00000654 
0.00000654 
0.00000651 
0.00000651 
0.00000651 
0.00000650 
0.00000651 
0.00000648 
0.00000650 
0.00000649 
0.00000647 
0.00000645 
0.00000641 
0.00000642 
0.00000641 
0.00000644 
0.00000651 
0.00000651 
0.00000649 
0.00000649 
0.00000649 
0.00000651 
0.00000650 
0.00000649 
0.00000648 
0.00000652 
0.00000646 
0.00000649 
0.00000647 
0.00000646 
0.00000646 
0.00000647 
0.00000648 
0.00000646 
0.00000644 
0.00000642 
0.00000643 
0.00000642 
0.00000642 
0.00000640 
0.00000640 
0.00000640 
0.00000639 
0.00000639 
0.00000644 
0.00000644 
0.00000645 
0.00000642 
0.00000645 
0.00000645 
0.00000644 
0.00000645 
0.00000646 
0.00000646 
0.00000645 
0.00000645 
0.00000645 
0.00000643 
0.00000641 
0.00000640 
0.00000637 
0.00000639 
0.00000639 
0.00000640 
0.00000639 
0.00000638 
0.00000636 
0.00000638 
0.00000639 
0.00000641 
0.00000639 
0.00000633 
0.00000634 
0.00000635 
0.00000628 
0.00000626 
0.00000625 
0.00000627 
0.00000628 
0.00000628 
0.00000632 
0.00000632 
0.00000633 
0.00000633 
0.00000635 
0.00000637 
0.00000641 
0.00000643 
0.00000643 
0.00000644 
0.00000645 
0.00000645 
0.00000645 
0.00000649 
0.00000646 
0.00000642 
0.00000645 
0.00000645 
0.00000644 
0.00000648 
0.00000648 
0.00000651 
0.00000650 
0.00000649 
0.00000650 
0.00000656 
0.00000655 
0.00000659 
0.00000659 
0.00000661 
0.00000661 
0.00000661 
0.00000660 
0.00000658 
0.00000654 
0.00000652 
0.00000647 
0.00000650 
0.00000656 
0.00000657 
0.00000659 
0.00000666 
0.00000650 
0.00000651 
0.00000647 
0.00000644 
0.00000645 
0.00000641 
0.00000641 
0.00000643 
0.00000644 
0.00000645 
0.00000643 
0.00000637 
0.00000635 
0.00000633 
0.00000632 
0.00000635 
0.00000638 
0.00000636 
0.00000645 
0.00000633 
0.00000650 
0.00000651 
0.00000650 
0.00000650 
0.00000650 
0.00000651 
0.00000649 
0.00000653 
0.00000652 
0.00000649 
0.00000644 
0.00000642 
0.00000640 
0.00000636 
0.00000635 
0.00000635 
0.00000638 
0.00000634 
0.00000635 
0.00000630 
0.00000628 
0.00000632 
0.00000636 
0.00000634 
0.00000640 
0.00000643 
0.00000639 
0.00000643 
0.00000643 
0.00000647 
0.00000650 
0.00000647 
0.00000643 
0.00000651 
0.00000652 
0.00000641 
0.00000642 
0.00000641 
0.00000635 
0.00000633 
0.00000631 
0.00000630 
0.00000630 
0.00000628 
0.00000628 
0.00000628 
0.00000627 
0.00000626 
0.00000625 
0.00000626 
0.00000623 
0.00000619 
0.00000615 
0.00000617 
0.00000618 
0.00000621 
0.00000626 
0.00000622 
0.00000623 
0.00000620 
0.00000614 
0.00000613 
0.00000613 
0.00000611 
0.00000615 
0.00000617 
0.00000620 
0.00000621 
0.00000619 
0.00000620 
0.00000621 
0.00000622 
0.00000626 
0.00000625 
0.00000625 
0.00000625 
0.00000621 
0.00000618 
0.00000621 
0.00000616 
0.00000612 
0.00000606 
0.00000606 
0.00000605 
0.00000606 
0.00000609 
0.00000601 
0.00000592 
0.00000602 
0.00000605 
0.00000611 
0.00000613 
0.00000611 
0.00000615 
0.00000612 
0.00000611 
0.00000609 
0.00000611 
0.00000609 
0.00000611 
0.00000600 
0.00000595 
0.00000588 
0.00000600 
0.00000612 
0.00000588 
0.00000577 
0.00000575 
0.00000571 
0.00000569 
0.00000571 
0.00000570 
0.00000573 
0.00000571 
0.00000570 
0.00000570 
0.00000571 
0.00000569 
0.00000571 
0.00000570 
0.00000571 
0.00000569 
0.00000567 
0.00000567 
0.00000571 
0.00000569 
0.00000569 
0.00000568 
0.00000567 
0.00000565 
0.00000565 
0.00000566 
0.00000566 
0.00000567 
0.00000567 
0.00000569 
0.00000569 
0.00000568 
0.00000571 
0.00000570 
0.00000572 
0.00000572 
0.00000570 
0.00000572 
0.00000570 
0.00000572 
0.00000570 
0.00000567 
0.00000571 
0.00000569 
0.00000567 
0.00000570 
0.00000568 
0.00000568 
0.00000573 
0.00000575 
0.00000575 
0.00000574 
0.00000574 
0.00000574 
0.00000576 
0.00000580 
0.00000581 
0.00000581 
0.00000583 
0.00000583 
0.00000585 
0.00000582 
0.00000584 
0.00000585 
0.00000585 
0.00000587 
0.00000581 
0.00000577 
0.00000579 
0.00000582 
0.00000579 
0.00000574 
0.00000575 
0.00000574 
0.00000578 
0.00000574 
0.00000572 
0.00000571 
0.00000570 
0.00000565 
0.00000570 
0.00000567 
0.00000567 
0.00000568 
0.00000570 
0.00000570 
0.00000571 
0.00000570 
0.00000572 
0.00000574 
0.00000573 
0.00000573 
0.00000575 
0.00000578 
0.00000577 
0.00000575 
0.00000578 
0.00000583 
0.00000582 
0.00000579 
0.00000578 
0.00000580 
0.00000578 
0.00000580 
0.00000578 
0.00000579 
0.00000579 
0.00000578 
0.00000577 
0.00000579 
0.00000580 
0.00000581 
0.00000582 
0.00000583 
0.00000586 
0.00000588 
0.00000584 
0.00000586 
0.00000588 
0.00000587 
0.00000588 
0.00000589 
0.00000593 
0.00000598 
0.00000600 
0.00000600 
0.00000598 
0.00000593 
0.00000590 
0.00000588 
0.00000589 
0.00000590 
0.00000587 
0.00000589 
0.00000590 
0.00000591 
0.00000592 
0.00000592 
0.00000592 
0.00000593 
0.00000596 
0.00000600 
0.00000595 
0.00000592 
0.00000596 
0.00000597 
0.00000598 
0.00000597 
0.00000599 
0.00000602 
0.00000598 
0.00000599 
0.00000599 
0.00000600 
0.00000601 
0.00000604 
0.00000602 
0.00000608 
0.00000609 
0.00000608 
0.00000608 
0.00000612 
0.00000613 
0.00000614 
0.00000615 
0.00000617 
0.00000618 
0.00000617 
0.00000614 
0.00000616 
0.00000618 
0.00000612 
0.00000617 
0.00000618 
0.00000621 
0.00000624 
0.00000623 
0.00000623 
0.00000623 
0.00000623 
0.00000623 
0.00000621 
0.00000623 
0.00000619 
0.00000618 
0.00000618 
0.00000619 
0.00000621 
0.00000619 
0.00000620 
0.00000618 
0.00000614 
0.00000609 
0.00000611 
0.00000608 
0.00000614 
0.00000616 
0.00000617 
0.00000612 
0.00000609 
0.00000609 
0.00000607 
0.00000605 
0.00000609 
0.00000611 
0.00000608 
0.00000612 
0.00000616 
0.00000618 
0.00000618 
0.00000623 
0.00000624 
0.00000624 
0.00000625 
0.00000624 
0.00000624 
0.00000624 
0.00000624 
0.00000622 
0.00000624 
0.00000622 
0.00000623 
0.00000628 
0.00000626 
0.00000629 
0.00000627 
0.00000628 
0.00000625 
0.00000650 
0.00000651 
0.00000651 
0.00000653 
0.00000654 
0.00000654 
0.00000651 
0.00000651 
0.00000651 
0.00000650 
0.00000651 
0.00000648 
0.00000650 
0.00000649 
0.00000647 
0.00000645 
0.00000641 
0.00000642 
0.00000641 
0.00000644 
0.00000651 
0.00000651 
0.00000649 
0.00000649 
0.00000649 
0.00000651 
0.00000650 
0.00000649 
0.00000648 
0.00000652 
0.00000646 
0.00000649 
0.00000647 
0.00000646 
0.00000646 
0.00000647 
0.00000648 
0.00000646 
0.00000644 
0.00000642 
0.00000643 
0.00000642 
0.00000642 
0.00000640 
0.00000640 
0.00000640 
0.00000639 
0.00000639 
0.00000644 
0.00000644 
0.00000645 
0.00000642 
0.00000645 
0.00000645 
0.00000644 
0.00000645 
0.00000646 
0.00000646 
0.00000645 
0.00000645 
0.00000645 
0.00000643 
0.00000641 
0.00000640 
0.00000637 
0.00000639 
0.00000639 
0.00000640 
0.00000639 
0.00000638 
0.00000636 
0.00000638 
0.00000639 
0.00000641 
0.00000639 
0.00000633 
0.00000634 
0.00000635 
0.00000628 
0.00000626 
0.00000625 
0.00000627 
0.00000628 
0.00000628 
0.00000632 
0.00000632 
0.00000633 
0.00000633 
0.00000635 
0.00000637 
0.00000641 
0.00000643 
0.00000643 
0.00000644 
0.00000645 
0.00000645 
0.00000645 
0.00000649 
0.00000646 
0.00000642 
0.00000645 
0.00000645 
0.00000644 
0.00000648 
0.00000648 
0.00000651 
0.00000650 
0.00000649 
0.00000650 
0.00000656 
0.00000655 
0.00000659 
0.00000659 
0.00000661 
0.00000661 
0.00000661 
0.00000660 
0.00000658 
0.00000654 
0.00000652 
0.00000647 
0.00000650 
0.00000656 
0.00000657 
0.00000659 
0.00000666 
0.00000650 
0.00000651 
0.00000647 
0.00000644 
0.00000645 
0.00000641 
0.00000641 
0.00000643 
0.00000644 
0.00000645 
0.00000643 
0.00000637 
0.00000635 
0.00000633 
0.00000632 
0.00000635 
0.00000638 
0.00000636 
0.00000645 
0.00000633 
0.00000650 
0.00000651 
0.00000650 
0.00000650 
0.00000650 
0.00000651 
0.00000649 
0.00000653 
0.00000652 
0.00000649 
0.00000644 
0.00000642 
0.00000640 
0.00000636 
0.00000635 
0.00000635 
0.00000638 
0.00000634 
0.00000635 
0.00000630 
0.00000628 
0.00000632 
0.00000636 
0.00000634 
0.00000640 
0.00000643 
0.00000639 
0.00000643 
0.00000643 
0.00000647 
0.00000650 
0.00000647 
0.00000643 
0.00000651 
0.00000652 
0.00000641 
0.00000642 
0.00000641 
0.00000635 
0.00000633 
0.00000631 
0.00000630 
0.00000630 
0.00000628 
0.00000628 
0.00000628 
0.00000627 
0.00000626 
0.00000625 
0.00000626 
0.00000623 
0.00000619 
0.00000615 
0.00000617 
0.00000618 
0.00000621 
0.00000626 
0.00000622 
0.00000623 
0.00000620 
0.00000614 
0.00000613 
0.00000613 
0.00000611 
0.00000615 
0.00000617 
0.00000620 
0.00000621 
0.00000619 
0.00000620 
0.00000621 
0.00000622 
0.00000626 
0.00000625 
0.00000625 
0.00000625 
0.00000621 
0.00000618 
0.00000621 
0.00000616 
0.00000612 
0.00000606 
0.00000606 
0.00000605 
0.00000606 
0.00000609 
0.00000601 
0.00000592 
0.00000602 
0.00000605 
0.00000611 
0.00000613 
0.00000611 
0.00000615 
0.00000612 
0.00000611 
0.00000609 
0.00000611 
0.00000609 
0.00000611 
0.00000600 
0.00000595 
0.00000588 
0.00000600 
0.00000612 
0.00000588 
0.00000577 
0.00000575 
0.00000571 
0.00000569 
0.00000571 
0.00000570 
0.00000573 
0.00000571 
0.00000570 
0.00000570 
0.00000571 
0.00000569 
0.00000571 
0.00000570 
0.00000571 
0.00000569 
0.00000567 
0.00000567 
0.00000571 
0.00000569 
0.00000569 
0.00000568 
0.00000567 
0.00000565 
0.00000565 
0.00000566 
0.00000566 
0.00000567 
0.00000567 
0.00000569 
0.00000569 
0.00000568 
0.00000571 
0.00000570 
0.00000572 
0.00000572 
0.00000570 
0.00000572 
0.00000570 
0.00000572 
0.00000570 
0.00000567 
0.00000571 
0.00000569 
0.00000567 
0.00000570 
0.00000568 
0.00000568 
0.00000573 
0.00000575 
0.00000575 
0.00000574 
0.00000574 
0.00000574 
0.00000576 
0.00000580 
0.00000581 
0.00000581 
0.00000583 
0.00000583 
0.00000585 
0.00000582 
0.00000584 
0.00000585 
0.00000585 
0.00000587 
0.00000581 
0.00000577 
0.00000579 
0.00000582 
0.00000579 
0.00000574 
0.00000575 
0.00000574 
0.00000578 
0.00000574 
0.00000572 
0.00000571 
0.00000570 
0.00000565 
0.00000570 
0.00000567 
0.00000567 
0.00000568 
0.00000570 
0.00000570 
0.00000571 
0.00000570 
0.00000572 
0.00000574 
0.00000573 
0.00000573 
0.00000575 
0.00000578 
0.00000577 
0.00000575 
0.00000578 
0.00000583 
0.00000582 
0.00000579 
0.00000578 
0.00000580 
0.00000578 
0.00000580 
0.00000578 
0.00000579 
0.00000579 
0.00000578 
0.00000577 
0.00000579 
0.00000580 
0.00000581 
0.00000582 
0.00000583 
0.00000586 
0.00000588 
0.00000584 
0.00000586 
0.00000588 
0.00000587 
0.00000588 
0.00000589 
0.00000593 
0.00000598 
0.00000600 
0.00000600 
0.00000598 
0.00000593 
0.00000590 
0.00000588 
0.00000589 
0.00000590 
0.00000587 
0.00000589 
0.00000590 
0.00000591 
0.00000592 
0.00000592 
0.00000592 
0.00000593 
0.00000596 
0.00000600 
0.00000595 
0.00000592 
0.00000596 
0.00000597 
0.00000598 
0.00000597 
0.00000599 
0.00000602 
0.00000598 
0.00000599 
0.00000599 
0.00000600 
0.00000601 
0.00000604 
0.00000602 
0.00000608 
0.00000609 
0.00000608 
0.00000608 
0.00000612 
0.00000613 
0.00000614 
0.00000615 
0.00000617 
0.00000618 
0.00000617 
0.00000614 
0.00000616 
0.00000618 
0.00000612 
0.00000617 
0.00000618 
0.00000621 
0.00000624 
0.00000623 
0.00000623 
0.00000623 
0.00000623 
0.00000623 
0.00000621 
0.00000623 
0.00000619 
0.00000618 
0.00000618 
0.00000619 
0.00000621 
0.00000619 
0.00000620 
0.00000618 
0.00000614 
0.00000609 
0.00000611 
0.00000608 
0.00000614 
0.00000616 
0.00000617 
0.00000612 
0.00000609 
0.00000609 
0.00000607 
0.00000605 
0.00000609 
0.00000611 
0.00000608 
0.00000612 
0.00000616 
0.00000618 
0.00000618 
0.00000623 
0.00000624 
0.00000624 
0.00000625 
0.00000624 
0.00000624 
0.00000624 
0.00000624 
0.00000622 
0.00000624 
0.00000622 
0.00000623 
0.00000628 
0.00000626 
0.00000629 
0.00000627 
0.00000628 
0.00000625 
