0.00632000 
0.00632900 
0.00628000 
0.00628600 
0.00628500 
0.00633000 
0.00633000 
0.00628500 
0.00627000 
0.00627000 
0.00628000 
0.00627000 
0.00626700 
0.00626700 
0.00624200 
0.00624200 
0.00625900 
0.00627000 
0.00621000 
0.00622300 
0.00621800 
0.00621400 
0.00626700 
0.00621000 
0.00620800 
0.00620700 
0.00620700 
0.00620700 
0.00615800 
0.00615300 
0.00615400 
0.00620200 
0.00613900 
0.00613900 
0.00621800 
0.00614000 
0.00617400 
0.00615100 
0.00613700 
0.00614800 
0.00613000 
0.00608300 
0.00618500 
0.00606000 
0.00608800 
0.00609400 
0.00609200 
0.00602100 
0.00605100 
0.00601200 
0.00606700 
0.00604300 
0.00600900 
0.00604700 
0.00604900 
0.00602100 
0.00602000 
0.00604700 
0.00597300 
0.00597300 
0.00598500 
0.00598500 
0.00600900 
0.00600900 
0.00600900 
0.00600900 
0.00600800 
0.00598400 
0.00599000 
0.00598500 
0.00596100 
0.00599100 
0.00597500 
0.00596400 
0.00596100 
0.00593600 
0.00598100 
0.00593800 
0.00587800 
0.00585500 
0.00587800 
0.00597200 
0.00602900 
0.00601000 
0.00603100 
0.00600900 
0.00600100 
0.00605100 
0.00605100 
0.00601300 
0.00605100 
0.00605100 
0.00603700 
0.00603700 
0.00603700 
0.00605500 
0.00607500 
0.00607500 
0.00607000 
0.00606800 
0.00607500 
0.00607500 
0.00607500 
0.00607500 
0.00606800 
0.00611200 
0.00612900 
0.00606500 
0.00616300 
0.00616300 
0.00612900 
0.00606800 
0.00618400 
0.00618500 
0.00620000 
0.00619000 
0.00619000 
0.00619700 
0.00622000 
0.00620000 
0.00619700 
0.00618600 
0.00622500 
0.00620700 
0.00621900 
0.00632500 
0.00626000 
0.00620700 
0.00618100 
0.00612000 
0.00614100 
0.00612100 
0.00617000 
0.00615100 
0.00611900 
0.00607800 
0.00606300 
0.00606300 
0.00599800 
0.00602500 
0.00602500 
0.00600000 
0.00598400 
0.00597700 
0.00595200 
0.00602600 
0.00598800 
0.00598800 
0.00599400 
0.00602400 
0.00602200 
0.00600500 
0.00602700 
0.00603000 
0.00598500 
0.00604400 
0.00600400 
0.00597000 
0.00595000 
0.00597100 
0.00595100 
0.00595200 
0.00594900 
0.00593100 
0.00606900 
0.00594400 
0.00596000 
0.00597800 
0.00600000 
0.00597100 
0.00602600 
0.00595300 
0.00597000 
0.00594500 
0.00590500 
0.00590900 
0.00592500 
0.00590900 
0.00588100 
0.00585600 
0.00590500 
0.00584200 
0.00590000 
0.00588300 
0.00589800 
0.00583300 
0.00581800 
0.00587000 
0.00583500 
0.00583600 
0.00578200 
0.00578200 
0.00578500 
0.00578000 
0.00577900 
0.00575600 
0.00575600 
0.00575600 
0.00575600 
0.00575000 
0.00574700 
0.00577000 
0.00577300 
0.00579300 
0.00579300 
0.00579100 
0.00580300 
0.00581900 
0.00578600 
0.00580300 
0.00585900 
0.00582600 
0.00583600 
0.00579800 
0.00584800 
0.00580400 
0.00576400 
0.00582300 
0.00580600 
0.00582100 
0.00582400 
0.00581000 
0.00580200 
0.00579800 
0.00579300 
0.00568300 
0.00571300 
0.00571300 
0.00570800 
0.00574100 
0.00566400 
0.00570000 
0.00570900 
0.00569000 
0.00574000 
0.00571800 
0.00570600 
0.00574100 
0.00570300 
0.00573500 
0.00572500 
0.00571100 
0.00572600 
0.00572200 
0.00569600 
0.00569000 
0.00569300 
0.00569600 
0.00569700 
0.00569800 
0.00569200 
0.00569800 
0.00569000 
0.00569000 
0.00570000 
0.00570200 
0.00568800 
0.00566800 
0.00572700 
0.00572000 
0.00571800 
0.00571300 
0.00568600 
0.00568600 
0.00564100 
0.00564100 
0.00564100 
0.00568100 
0.00563200 
0.00567000 
0.00562200 
0.00562200 
0.00563000 
0.00563000 
0.00566800 
0.00562300 
0.00563100 
0.00563000 
0.00567900 
0.00564400 
0.00564000 
0.00567500 
0.00575900 
0.00572500 
0.00568800 
0.00571100 
0.00575900 
0.00575900 
0.00579300 
0.00574300 
0.00573700 
0.00570000 
0.00563900 
0.00564500 
0.00566900 
0.00566000 
0.00566800 
0.00575500 
0.00567200 
0.00569500 
0.00565000 
0.00569400 
0.00569700 
0.00570100 
0.00571400 
0.00574600 
0.00571400 
0.00568400 
0.00568400 
0.00574400 
0.00572100 
0.00572200 
0.00579900 
0.00599600 
0.00610000 
0.00610200 
0.00610500 
0.00610400 
0.00600100 
0.00591500 
0.00590200 
0.00590200 
0.00579200 
0.00574500 
0.00577600 
0.00576000 
0.00576000 
0.00579600 
0.00574800 
0.00575100 
0.00576700 
0.00576700 
0.00578400 
0.00575600 
0.00574500 
0.00577100 
0.00575100 
0.00575100 
0.00577500 
0.00575100 
0.00577500 
0.00574400 
0.00574600 
0.00574600 
0.00574300 
0.00579500 
0.00579000 
0.00579100 
0.00578400 
0.00575300 
0.00575300 
0.00575300 
0.00572600 
0.00574500 
0.00572200 
0.00574500 
0.00576500 
0.00582300 
0.00573000 
0.00573800 
0.00584200 
0.00583900 
0.00579400 
0.00585500 
0.00582300 
0.00581000 
0.00585500 
0.00585500 
0.00580400 
0.00583700 
0.00584000 
0.00582200 
0.00582400 
0.00579000 
0.00575500 
0.00579900 
0.00583000 
0.00584000 
0.00582400 
0.00582600 
0.00582000 
0.00588500 
0.00585900 
0.00588100 
0.00588400 
0.00578400 
0.00591400 
0.00588300 
0.00589400 
0.00589400 
0.00590300 
0.00587700 
0.00589500 
0.00593100 
0.00592900 
0.00588000 
0.00593000 
0.00594000 
0.00596300 
0.00593600 
0.00593900 
0.00593800 
0.00591000 
0.00593500 
0.00588700 
0.00588100 
0.00589100 
0.00593600 
0.00593700 
0.00592200 
0.00592100 
0.00592000 
0.00591600 
0.00591400 
0.00588100 
0.00591800 
0.00591800 
0.00591600 
0.00589000 
0.00588700 
0.00593000 
0.00596100 
0.00590700 
0.00593800 
0.00593800 
0.00594000 
0.00596900 
0.00593800 
0.00593900 
0.00593800 
0.00599300 
0.00598700 
0.00598700 
0.00597900 
0.00598600 
0.00595500 
0.00595500 
0.00595500 
0.00597600 
0.00597600 
0.00598300 
0.00598200 
0.00593300 
0.00601700 
0.00598700 
0.00598600 
0.00603600 
0.00603600 
0.00597800 
0.00597800 
0.00597800 
0.00597700 
0.00597700 
0.00601100 
0.00599900 
0.00596500 
0.00596500 
0.00596500 
0.00597500 
0.00600700 
0.00603900 
0.00601100 
0.00604000 
0.00600500 
0.00600500 
0.00600500 
0.00600300 
0.00600300 
0.00600600 
0.00603600 
0.00599500 
0.00599500 
0.00603300 
0.00603300 
0.00603700 
0.00604100 
0.00600600 
0.00606200 
0.00599000 
0.00595800 
0.00632000 
0.00632900 
0.00628000 
0.00628600 
0.00628500 
0.00633000 
0.00633000 
0.00628500 
0.00627000 
0.00627000 
0.00628000 
0.00627000 
0.00626700 
0.00626700 
0.00624200 
0.00624200 
0.00625900 
0.00627000 
0.00621000 
0.00622300 
0.00621800 
0.00621400 
0.00626700 
0.00621000 
0.00620800 
0.00620700 
0.00620700 
0.00620700 
0.00615800 
0.00615300 
0.00615400 
0.00620200 
0.00613900 
0.00613900 
0.00621800 
0.00614000 
0.00617400 
0.00615100 
0.00613700 
0.00614800 
0.00613000 
0.00608300 
0.00618500 
0.00606000 
0.00608800 
0.00609400 
0.00609200 
0.00602100 
0.00605100 
0.00601200 
0.00606700 
0.00604300 
0.00600900 
0.00604700 
0.00604900 
0.00602100 
0.00602000 
0.00604700 
0.00597300 
0.00597300 
0.00598500 
0.00598500 
0.00600900 
0.00600900 
0.00600900 
0.00600900 
0.00600800 
0.00598400 
0.00599000 
0.00598500 
0.00596100 
0.00599100 
0.00597500 
0.00596400 
0.00596100 
0.00593600 
0.00598100 
0.00593800 
0.00587800 
0.00585500 
0.00587800 
0.00597200 
0.00602900 
0.00601000 
0.00603100 
0.00600900 
0.00600100 
0.00605100 
0.00605100 
0.00601300 
0.00605100 
0.00605100 
0.00603700 
0.00603700 
0.00603700 
0.00605500 
0.00607500 
0.00607500 
0.00607000 
0.00606800 
0.00607500 
0.00607500 
0.00607500 
0.00607500 
0.00606800 
0.00611200 
0.00612900 
0.00606500 
0.00616300 
0.00616300 
0.00612900 
0.00606800 
0.00618400 
0.00618500 
0.00620000 
0.00619000 
0.00619000 
0.00619700 
0.00622000 
0.00620000 
0.00619700 
0.00618600 
0.00622500 
0.00620700 
0.00621900 
0.00632500 
0.00626000 
0.00620700 
0.00618100 
0.00612000 
0.00614100 
0.00612100 
0.00617000 
0.00615100 
0.00611900 
0.00607800 
0.00606300 
0.00606300 
0.00599800 
0.00602500 
0.00602500 
0.00600000 
0.00598400 
0.00597700 
0.00595200 
0.00602600 
0.00598800 
0.00598800 
0.00599400 
0.00602400 
0.00602200 
0.00600500 
0.00602700 
0.00603000 
0.00598500 
0.00604400 
0.00600400 
0.00597000 
0.00595000 
0.00597100 
0.00595100 
0.00595200 
0.00594900 
0.00593100 
0.00606900 
0.00594400 
0.00596000 
0.00597800 
0.00600000 
0.00597100 
0.00602600 
0.00595300 
0.00597000 
0.00594500 
0.00590500 
0.00590900 
0.00592500 
0.00590900 
0.00588100 
0.00585600 
0.00590500 
0.00584200 
0.00590000 
0.00588300 
0.00589800 
0.00583300 
0.00581800 
0.00587000 
0.00583500 
0.00583600 
0.00578200 
0.00578200 
0.00578500 
0.00578000 
0.00577900 
0.00575600 
0.00575600 
0.00575600 
0.00575600 
0.00575000 
0.00574700 
0.00577000 
0.00577300 
0.00579300 
0.00579300 
0.00579100 
0.00580300 
0.00581900 
0.00578600 
0.00580300 
0.00585900 
0.00582600 
0.00583600 
0.00579800 
0.00584800 
0.00580400 
0.00576400 
0.00582300 
0.00580600 
0.00582100 
0.00582400 
0.00581000 
0.00580200 
0.00579800 
0.00579300 
0.00568300 
0.00571300 
0.00571300 
0.00570800 
0.00574100 
0.00566400 
0.00570000 
0.00570900 
0.00569000 
0.00574000 
0.00571800 
0.00570600 
0.00574100 
0.00570300 
0.00573500 
0.00572500 
0.00571100 
0.00572600 
0.00572200 
0.00569600 
0.00569000 
0.00569300 
0.00569600 
0.00569700 
0.00569800 
0.00569200 
0.00569800 
0.00569000 
0.00569000 
0.00570000 
0.00570200 
0.00568800 
0.00566800 
0.00572700 
0.00572000 
0.00571800 
0.00571300 
0.00568600 
0.00568600 
0.00564100 
0.00564100 
0.00564100 
0.00568100 
0.00563200 
0.00567000 
0.00562200 
0.00562200 
0.00563000 
0.00563000 
0.00566800 
0.00562300 
0.00563100 
0.00563000 
0.00567900 
0.00564400 
0.00564000 
0.00567500 
0.00575900 
0.00572500 
0.00568800 
0.00571100 
0.00575900 
0.00575900 
0.00579300 
0.00574300 
0.00573700 
0.00570000 
0.00563900 
0.00564500 
0.00566900 
0.00566000 
0.00566800 
0.00575500 
0.00567200 
0.00569500 
0.00565000 
0.00569400 
0.00569700 
0.00570100 
0.00571400 
0.00574600 
0.00571400 
0.00568400 
0.00568400 
0.00574400 
0.00572100 
0.00572200 
0.00579900 
0.00599600 
0.00610000 
0.00610200 
0.00610500 
0.00610400 
0.00600100 
0.00591500 
0.00590200 
0.00590200 
0.00579200 
0.00574500 
0.00577600 
0.00576000 
0.00576000 
0.00579600 
0.00574800 
0.00575100 
0.00576700 
0.00576700 
0.00578400 
0.00575600 
0.00574500 
0.00577100 
0.00575100 
0.00575100 
0.00577500 
0.00575100 
0.00577500 
0.00574400 
0.00574600 
0.00574600 
0.00574300 
0.00579500 
0.00579000 
0.00579100 
0.00578400 
0.00575300 
0.00575300 
0.00575300 
0.00572600 
0.00574500 
0.00572200 
0.00574500 
0.00576500 
0.00582300 
0.00573000 
0.00573800 
0.00584200 
0.00583900 
0.00579400 
0.00585500 
0.00582300 
0.00581000 
0.00585500 
0.00585500 
0.00580400 
0.00583700 
0.00584000 
0.00582200 
0.00582400 
0.00579000 
0.00575500 
0.00579900 
0.00583000 
0.00584000 
0.00582400 
0.00582600 
0.00582000 
0.00588500 
0.00585900 
0.00588100 
0.00588400 
0.00578400 
0.00591400 
0.00588300 
0.00589400 
0.00589400 
0.00590300 
0.00587700 
0.00589500 
0.00593100 
0.00592900 
0.00588000 
0.00593000 
0.00594000 
0.00596300 
0.00593600 
0.00593900 
0.00593800 
0.00591000 
0.00593500 
0.00588700 
0.00588100 
0.00589100 
0.00593600 
0.00593700 
0.00592200 
0.00592100 
0.00592000 
0.00591600 
0.00591400 
0.00588100 
0.00591800 
0.00591800 
0.00591600 
0.00589000 
0.00588700 
0.00593000 
0.00596100 
0.00590700 
0.00593800 
0.00593800 
0.00594000 
0.00596900 
0.00593800 
0.00593900 
0.00593800 
0.00599300 
0.00598700 
0.00598700 
0.00597900 
0.00598600 
0.00595500 
0.00595500 
0.00595500 
0.00597600 
0.00597600 
0.00598300 
0.00598200 
0.00593300 
0.00601700 
0.00598700 
0.00598600 
0.00603600 
0.00603600 
0.00597800 
0.00597800 
0.00597800 
0.00597700 
0.00597700 
0.00601100 
0.00599900 
0.00596500 
0.00596500 
0.00596500 
0.00597500 
0.00600700 
0.00603900 
0.00601100 
0.00604000 
0.00600500 
0.00600500 
0.00600500 
0.00600300 
0.00600300 
0.00600600 
0.00603600 
0.00599500 
0.00599500 
0.00603300 
0.00603300 
0.00603700 
0.00604100 
0.00600600 
0.00606200 
0.00599000 
0.00595800 
0.00632000 
0.00632900 
0.00628000 
0.00628600 
0.00628500 
0.00633000 
0.00633000 
0.00628500 
0.00627000 
0.00627000 
0.00628000 
0.00627000 
0.00626700 
0.00626700 
0.00624200 
0.00624200 
0.00625900 
0.00627000 
0.00621000 
0.00622300 
0.00621800 
0.00621400 
0.00626700 
0.00621000 
0.00620800 
0.00620700 
0.00620700 
0.00620700 
0.00615800 
0.00615300 
0.00615400 
0.00620200 
0.00613900 
0.00613900 
0.00621800 
0.00614000 
0.00617400 
0.00615100 
0.00613700 
0.00614800 
0.00613000 
0.00608300 
0.00618500 
0.00606000 
0.00608800 
0.00609400 
0.00609200 
0.00602100 
0.00605100 
0.00601200 
0.00606700 
0.00604300 
0.00600900 
0.00604700 
0.00604900 
0.00602100 
0.00602000 
0.00604700 
0.00597300 
0.00597300 
0.00598500 
0.00598500 
0.00600900 
0.00600900 
0.00600900 
0.00600900 
0.00600800 
0.00598400 
0.00599000 
0.00598500 
0.00596100 
0.00599100 
0.00597500 
0.00596400 
0.00596100 
0.00593600 
0.00598100 
0.00593800 
0.00587800 
0.00585500 
0.00587800 
0.00597200 
0.00602900 
0.00601000 
0.00603100 
0.00600900 
0.00600100 
0.00605100 
0.00605100 
0.00601300 
0.00605100 
0.00605100 
0.00603700 
0.00603700 
0.00603700 
0.00605500 
0.00607500 
0.00607500 
0.00607000 
0.00606800 
0.00607500 
0.00607500 
0.00607500 
0.00607500 
0.00606800 
0.00611200 
0.00612900 
0.00606500 
0.00616300 
0.00616300 
0.00612900 
0.00606800 
0.00618400 
0.00618500 
0.00620000 
0.00619000 
0.00619000 
0.00619700 
0.00622000 
0.00620000 
0.00619700 
0.00618600 
0.00622500 
0.00620700 
0.00621900 
0.00632500 
0.00626000 
0.00620700 
0.00618100 
0.00612000 
0.00614100 
0.00612100 
0.00617000 
0.00615100 
0.00611900 
0.00607800 
0.00606300 
0.00606300 
0.00599800 
0.00602500 
0.00602500 
0.00600000 
0.00598400 
0.00597700 
0.00595200 
0.00602600 
0.00598800 
0.00598800 
0.00599400 
0.00602400 
0.00602200 
0.00600500 
0.00602700 
0.00603000 
0.00598500 
0.00604400 
0.00600400 
0.00597000 
0.00595000 
0.00597100 
0.00595100 
0.00595200 
0.00594900 
0.00593100 
0.00606900 
0.00594400 
0.00596000 
0.00597800 
0.00600000 
0.00597100 
0.00602600 
0.00595300 
0.00597000 
0.00594500 
0.00590500 
0.00590900 
0.00592500 
0.00590900 
0.00588100 
0.00585600 
0.00590500 
0.00584200 
0.00590000 
0.00588300 
0.00589800 
0.00583300 
0.00581800 
0.00587000 
0.00583500 
0.00583600 
0.00578200 
0.00578200 
0.00578500 
0.00578000 
0.00577900 
0.00575600 
0.00575600 
0.00575600 
0.00575600 
0.00575000 
0.00574700 
0.00577000 
0.00577300 
0.00579300 
0.00579300 
0.00579100 
0.00580300 
0.00581900 
0.00578600 
0.00580300 
0.00585900 
0.00582600 
0.00583600 
0.00579800 
0.00584800 
0.00580400 
0.00576400 
0.00582300 
0.00580600 
0.00582100 
0.00582400 
0.00581000 
0.00580200 
0.00579800 
0.00579300 
0.00568300 
0.00571300 
0.00571300 
0.00570800 
0.00574100 
0.00566400 
0.00570000 
0.00570900 
0.00569000 
0.00574000 
0.00571800 
0.00570600 
0.00574100 
0.00570300 
0.00573500 
0.00572500 
0.00571100 
0.00572600 
0.00572200 
0.00569600 
0.00569000 
0.00569300 
0.00569600 
0.00569700 
0.00569800 
0.00569200 
0.00569800 
0.00569000 
0.00569000 
0.00570000 
0.00570200 
0.00568800 
0.00566800 
0.00572700 
0.00572000 
0.00571800 
0.00571300 
0.00568600 
0.00568600 
0.00564100 
0.00564100 
0.00564100 
0.00568100 
0.00563200 
0.00567000 
0.00562200 
0.00562200 
0.00563000 
0.00563000 
0.00566800 
0.00562300 
0.00563100 
0.00563000 
0.00567900 
0.00564400 
0.00564000 
0.00567500 
0.00575900 
0.00572500 
0.00568800 
0.00571100 
0.00575900 
0.00575900 
0.00579300 
0.00574300 
0.00573700 
0.00570000 
0.00563900 
0.00564500 
0.00566900 
0.00566000 
0.00566800 
0.00575500 
0.00567200 
0.00569500 
0.00565000 
0.00569400 
0.00569700 
0.00570100 
0.00571400 
0.00574600 
0.00571400 
0.00568400 
0.00568400 
0.00574400 
0.00572100 
0.00572200 
0.00579900 
0.00599600 
0.00610000 
0.00610200 
0.00610500 
0.00610400 
0.00600100 
0.00591500 
0.00590200 
0.00590200 
0.00579200 
0.00574500 
0.00577600 
0.00576000 
0.00576000 
0.00579600 
0.00574800 
0.00575100 
0.00576700 
0.00576700 
0.00578400 
0.00575600 
0.00574500 
0.00577100 
0.00575100 
0.00575100 
0.00577500 
0.00575100 
0.00577500 
0.00574400 
0.00574600 
0.00574600 
0.00574300 
0.00579500 
0.00579000 
0.00579100 
0.00578400 
0.00575300 
0.00575300 
0.00575300 
0.00572600 
0.00574500 
0.00572200 
0.00574500 
0.00576500 
0.00582300 
0.00573000 
0.00573800 
0.00584200 
0.00583900 
0.00579400 
0.00585500 
0.00582300 
0.00581000 
0.00585500 
0.00585500 
0.00580400 
0.00583700 
0.00584000 
0.00582200 
0.00582400 
0.00579000 
0.00575500 
0.00579900 
0.00583000 
0.00584000 
0.00582400 
0.00582600 
0.00582000 
0.00588500 
0.00585900 
0.00588100 
0.00588400 
0.00578400 
0.00591400 
0.00588300 
0.00589400 
0.00589400 
0.00590300 
0.00587700 
0.00589500 
0.00593100 
0.00592900 
0.00588000 
0.00593000 
0.00594000 
0.00596300 
0.00593600 
0.00593900 
0.00593800 
0.00591000 
0.00593500 
0.00588700 
0.00588100 
0.00589100 
0.00593600 
0.00593700 
0.00592200 
0.00592100 
0.00592000 
0.00591600 
0.00591400 
0.00588100 
0.00591800 
0.00591800 
0.00591600 
0.00589000 
0.00588700 
0.00593000 
0.00596100 
0.00590700 
0.00593800 
0.00593800 
0.00594000 
0.00596900 
0.00593800 
0.00593900 
0.00593800 
0.00599300 
0.00598700 
0.00598700 
0.00597900 
0.00598600 
0.00595500 
0.00595500 
0.00595500 
0.00597600 
0.00597600 
0.00598300 
0.00598200 
0.00593300 
0.00601700 
0.00598700 
0.00598600 
0.00603600 
0.00603600 
0.00597800 
0.00597800 
0.00597800 
0.00597700 
0.00597700 
0.00601100 
0.00599900 
0.00596500 
0.00596500 
0.00596500 
0.00597500 
0.00600700 
0.00603900 
0.00601100 
0.00604000 
0.00600500 
0.00600500 
0.00600500 
0.00600300 
0.00600300 
0.00600600 
0.00603600 
0.00599500 
0.00599500 
0.00603300 
0.00603300 
0.00603700 
0.00604100 
0.00600600 
0.00606200 
0.00599000 
0.00595800 
