2.11000000 
69.52000000 
2.03000000 
9.46000000 
32.17000000 
2.53000000 
49.56000000 
195.76000000 
0.00000000 
6.30000000 
96.98000000 
16.29000000 
7.88000000 
1.00000000 
12.49000000 
16.60000000 
7.37000000 
3.59000000 
17.25000000 
2.20000000 
44.82000000 
8.95000000 
0.50000000 
2.88000000 
26.30000000 
4.13000000 
8.57000000 
63.59000000 
17.35000000 
16.93000000 
69.63000000 
83.24000000 
0.00000000 
0.65000000 
21.99000000 
8.49000000 
187.01000000 
171.70000000 
86.53000000 
33.72000000 
2.95000000 
39.21000000 
197.34000000 
3.41000000 
33.90000000 
42.82000000 
74.79000000 
53.51000000 
9.55000000 
2.83000000 
15.69000000 
14.33000000 
37.39000000 
21.65000000 
16.01000000 
10.60000000 
10.05000000 
46.70000000 
2.68000000 
2.87000000 
0.00000000 
0.38000000 
7.90000000 
7.92000000 
4.83000000 
66.09000000 
13.86000000 
2.33000000 
21.36000000 
1.67000000 
3.47000000 
8.04000000 
10.50000000 
25.20000000 
125.02000000 
134.55000000 
166.66000000 
33.83000000 
12.92000000 
76.73000000 
534.76000000 
93.34000000 
18.45000000 
5.38000000 
16.67000000 
6.03000000 
11.64000000 
30.00000000 
2.50000000 
17.33000000 
1.48000000 
31.21000000 
0.00000000 
0.00000000 
35.39000000 
3.91000000 
0.00000000 
16.72000000 
5.30000000 
20.44000000 
0.43000000 
39.25000000 
49.48000000 
10.34000000 
8.58000000 
596.20000000 
9.16000000 
23.42000000 
0.00000000 
39.33000000 
81.68000000 
82.15000000 
27.74000000 
581.91000000 
66.84000000 
54.90000000 
13.64000000 
86.80000000 
35.90000000 
353.80000000 
48.87000000 
21.90000000 
7.40000000 
29.77000000 
125.19000000 
295.48000000 
29.64000000 
39.57000000 
402.95000000 
5.69000000 
0.54000000 
17.55000000 
17.45000000 
31.92000000 
105.12000000 
247.16000000 
398.44000000 
71.42000000 
153.08000000 
1.70000000 
7.24000000 
72.25000000 
42.17000000 
9.99000000 
58.36000000 
0.82000000 
44.45000000 
16.12000000 
57.01000000 
11.08000000 
13.42000000 
23.60000000 
9.77000000 
18.44000000 
29.87000000 
90.88000000 
92.12000000 
41.78000000 
35.56000000 
1.75000000 
5.01000000 
22.47000000 
107.45000000 
16.84000000 
951.87000000 
22.13000000 
70.98000000 
66.96000000 
15.20000000 
81.69000000 
16.02000000 
27.81000000 
339.31000000 
118.04000000 
28.64000000 
45.89000000 
19.59000000 
73.77000000 
14.67000000 
3.78000000 
160.54000000 
12.52000000 
4.53000000 
0.82000000 
14.11000000 
20.85000000 
2.43000000 
2.97000000 
68.54000000 
23.74000000 
0.00000000 
23.04000000 
0.69000000 
60.86000000 
4.60000000 
0.00000000 
0.00000000 
0.11000000 
18.30000000 
4.85000000 
3.60000000 
61.03000000 
2.62000000 
16.53000000 
7.03000000 
75.69000000 
7.50000000 
7.53000000 
5.37000000 
36.21000000 
8.74000000 
11.74000000 
0.91000000 
29.74000000 
29.35000000 
2.15000000 
36.37000000 
0.45000000 
59.45000000 
49.25000000 
4.80000000 
21.84000000 
56.49000000 
104.34000000 
451.08000000 
43.79000000 
6.61000000 
4.74000000 
3.64000000 
7.87000000 
15.65000000 
194.54000000 
17.59000000 
52.97000000 
9.16000000 
72.36000000 
28.98000000 
36.15000000 
57.81000000 
151.96000000 
11.26000000 
38.57000000 
85.98000000 
761.93000000 
40.65000000 
102.04000000 
73.27000000 
0.34000000 
2.74000000 
6.94000000 
11.53000000 
33.17000000 
6.96000000 
451.09000000 
1.73000000 
7.85000000 
39.10000000 
231.32000000 
32.59000000 
5.20000000 
5.50000000 
60.00000000 
0.00000000 
0.70000000 
0.00000000 
0.00000000 
5.15000000 
4.71000000 
10.17000000 
2.07000000 
10.48000000 
58.99000000 
11.57000000 
4.82000000 
0.88000000 
30.79000000 
30.20000000 
107.84000000 
1.77000000 
1.40000000 
11.50000000 
93.01000000 
2.99000000 
1.59000000 
22.31000000 
42.24000000 
0.00000000 
2.00000000 
97.63000000 
84.00000000 
3.62000000 
1.54000000 
73.91000000 
13.50000000 
66.82000000 
286.41000000 
25.57000000 
0.79000000 
20.03000000 
15.54000000 
44.81000000 
42.33000000 
78.34000000 
89.37000000 
34.00000000 
11.72000000 
32.00000000 
5.44000000 
9.51000000 
81.24000000 
23.95000000 
217.61000000 
438.54000000 
366.57000000 
63.41000000 
10.49000000 
38.54000000 
275.25000000 
241.05000000 
11.86000000 
77.41000000 
328.52000000 
10.96000000 
20.03000000 
32.01000000 
0.00000000 
9.91000000 
7.75000000 
23.96000000 
39.86000000 
135.03000000 
103.79000000 
59.96000000 
44.27000000 
9.69000000 
12.84000000 
3.84000000 
3.23000000 
8.71000000 
2.81000000 
3.41000000 
10.50000000 
0.00000000 
11.45000000 
23.92000000 
21.54000000 
19.88000000 
3.31000000 
4.97000000 
10.77000000 
0.35000000 
10.20000000 
28.43000000 
49.71000000 
149.25000000 
1.03000000 
5.26000000 
101.12000000 
11.46000000 
102.95000000 
264.92000000 
46.94000000 
51.75000000 
5.59000000 
33.18000000 
24.00000000 
11.70000000 
313.14000000 
7.09000000 
9.33000000 
325.09000000 
157.71000000 
11.59000000 
50.56000000 
546.76000000 
428.21000000 
235.32000000 
58.27000000 
98.39000000 
0.35000000 
212.61000000 
27.09000000 
1.92000000 
15.88000000 
112.36000000 
417.45000000 
95.93000000 
8.12000000 
0.00000000 
24.04000000 
39.79000000 
3.12000000 
1.94000000 
13.07000000 
26.89000000 
2.16000000 
156.86000000 
608.70000000 
76.42000000 
22.08000000 
34.46000000 
11.64000000 
70.11000000 
6.82000000 
11.63000000 
19.71000000 
4.62000000 
19.73000000 
97.60000000 
18.29000000 
9.11000000 
5.36000000 
6.83000000 
10.48000000 
1.26000000 
0.00000000 
2.04000000 
23.07000000 
15.21000000 
166.27000000 
7.44000000 
46.88000000 
593.72000000 
18.74000000 
18.68000000 
1.05000000 
21.14000000 
34.96000000 
3.72000000 
133.15000000 
4.48000000 
0.00000000 
1.67000000 
1.08000000 
0.84000000 
16.10000000 
0.00000000 
3.51000000 
186.72000000 
4.34000000 
116.12000000 
46.33000000 
71.65000000 
30.83000000 
1.32000000 
62.68000000 
0.00000000 
0.50000000 
0.00000000 
0.00000000 
1.00000000 
6.42000000 
11.24000000 
20.91000000 
24.66000000 
6.12000000 
0.00000000 
10.70000000 
165.11000000 
12.98000000 
21.98000000 
1.79000000 
97.54000000 
1.00000000 
0.00000000 
17.30000000 
0.00000000 
23.38000000 
21.10000000 
1.18000000 
0.00000000 
50.46000000 
0.00000000 
1.65000000 
3.07000000 
36.14000000 
35.03000000 
50.41000000 
36.96000000 
8.54000000 
2.11000000 
69.52000000 
2.03000000 
9.46000000 
32.17000000 
2.53000000 
49.56000000 
195.76000000 
0.00000000 
6.30000000 
96.98000000 
16.29000000 
7.88000000 
1.00000000 
12.49000000 
16.60000000 
7.37000000 
3.59000000 
17.25000000 
2.20000000 
44.82000000 
8.95000000 
0.50000000 
2.88000000 
26.30000000 
4.13000000 
8.57000000 
63.59000000 
17.35000000 
16.93000000 
69.63000000 
83.24000000 
0.00000000 
0.65000000 
21.99000000 
8.49000000 
187.01000000 
171.70000000 
86.53000000 
33.72000000 
2.95000000 
39.21000000 
197.34000000 
3.41000000 
33.90000000 
42.82000000 
74.79000000 
53.51000000 
9.55000000 
2.83000000 
15.69000000 
14.33000000 
37.39000000 
21.65000000 
16.01000000 
10.60000000 
10.05000000 
46.70000000 
2.68000000 
2.87000000 
0.00000000 
0.38000000 
7.90000000 
7.92000000 
4.83000000 
66.09000000 
13.86000000 
2.33000000 
21.36000000 
1.67000000 
3.47000000 
8.04000000 
10.50000000 
25.20000000 
125.02000000 
134.55000000 
166.66000000 
33.83000000 
12.92000000 
76.73000000 
534.76000000 
93.34000000 
18.45000000 
5.38000000 
16.67000000 
6.03000000 
11.64000000 
30.00000000 
2.50000000 
17.33000000 
1.48000000 
31.21000000 
0.00000000 
0.00000000 
35.39000000 
3.91000000 
0.00000000 
16.72000000 
5.30000000 
20.44000000 
0.43000000 
39.25000000 
49.48000000 
10.34000000 
8.58000000 
596.20000000 
9.16000000 
23.42000000 
0.00000000 
39.33000000 
81.68000000 
82.15000000 
27.74000000 
581.91000000 
66.84000000 
54.90000000 
13.64000000 
86.80000000 
35.90000000 
353.80000000 
48.87000000 
21.90000000 
7.40000000 
29.77000000 
125.19000000 
295.48000000 
29.64000000 
39.57000000 
402.95000000 
5.69000000 
0.54000000 
17.55000000 
17.45000000 
31.92000000 
105.12000000 
247.16000000 
398.44000000 
71.42000000 
153.08000000 
1.70000000 
7.24000000 
72.25000000 
42.17000000 
9.99000000 
58.36000000 
0.82000000 
44.45000000 
16.12000000 
57.01000000 
11.08000000 
13.42000000 
23.60000000 
9.77000000 
18.44000000 
29.87000000 
90.88000000 
92.12000000 
41.78000000 
35.56000000 
1.75000000 
5.01000000 
22.47000000 
107.45000000 
16.84000000 
951.87000000 
22.13000000 
70.98000000 
66.96000000 
15.20000000 
81.69000000 
16.02000000 
27.81000000 
339.31000000 
118.04000000 
28.64000000 
45.89000000 
19.59000000 
73.77000000 
14.67000000 
3.78000000 
160.54000000 
12.52000000 
4.53000000 
0.82000000 
14.11000000 
20.85000000 
2.43000000 
2.97000000 
68.54000000 
23.74000000 
0.00000000 
23.04000000 
0.69000000 
60.86000000 
4.60000000 
0.00000000 
0.00000000 
0.11000000 
18.30000000 
4.85000000 
3.60000000 
61.03000000 
2.62000000 
16.53000000 
7.03000000 
75.69000000 
7.50000000 
7.53000000 
5.37000000 
36.21000000 
8.74000000 
11.74000000 
0.91000000 
29.74000000 
29.35000000 
2.15000000 
36.37000000 
0.45000000 
59.45000000 
49.25000000 
4.80000000 
21.84000000 
56.49000000 
104.34000000 
451.08000000 
43.79000000 
6.61000000 
4.74000000 
3.64000000 
7.87000000 
15.65000000 
194.54000000 
17.59000000 
52.97000000 
9.16000000 
72.36000000 
28.98000000 
36.15000000 
57.81000000 
151.96000000 
11.26000000 
38.57000000 
85.98000000 
761.93000000 
40.65000000 
102.04000000 
73.27000000 
0.34000000 
2.74000000 
6.94000000 
11.53000000 
33.17000000 
6.96000000 
451.09000000 
1.73000000 
7.85000000 
39.10000000 
231.32000000 
32.59000000 
5.20000000 
5.50000000 
60.00000000 
0.00000000 
0.70000000 
0.00000000 
0.00000000 
5.15000000 
4.71000000 
10.17000000 
2.07000000 
10.48000000 
58.99000000 
11.57000000 
4.82000000 
0.88000000 
30.79000000 
30.20000000 
107.84000000 
1.77000000 
1.40000000 
11.50000000 
93.01000000 
2.99000000 
1.59000000 
22.31000000 
42.24000000 
0.00000000 
2.00000000 
97.63000000 
84.00000000 
3.62000000 
1.54000000 
73.91000000 
13.50000000 
66.82000000 
286.41000000 
25.57000000 
0.79000000 
20.03000000 
15.54000000 
44.81000000 
42.33000000 
78.34000000 
89.37000000 
34.00000000 
11.72000000 
32.00000000 
5.44000000 
9.51000000 
81.24000000 
23.95000000 
217.61000000 
438.54000000 
366.57000000 
63.41000000 
10.49000000 
38.54000000 
275.25000000 
241.05000000 
11.86000000 
77.41000000 
328.52000000 
10.96000000 
20.03000000 
32.01000000 
0.00000000 
9.91000000 
7.75000000 
23.96000000 
39.86000000 
135.03000000 
103.79000000 
59.96000000 
44.27000000 
9.69000000 
12.84000000 
3.84000000 
3.23000000 
8.71000000 
2.81000000 
3.41000000 
10.50000000 
0.00000000 
11.45000000 
23.92000000 
21.54000000 
19.88000000 
3.31000000 
4.97000000 
10.77000000 
0.35000000 
10.20000000 
28.43000000 
49.71000000 
149.25000000 
1.03000000 
5.26000000 
101.12000000 
11.46000000 
102.95000000 
264.92000000 
46.94000000 
51.75000000 
5.59000000 
33.18000000 
24.00000000 
11.70000000 
313.14000000 
7.09000000 
9.33000000 
325.09000000 
157.71000000 
11.59000000 
50.56000000 
546.76000000 
428.21000000 
235.32000000 
58.27000000 
98.39000000 
0.35000000 
212.61000000 
27.09000000 
1.92000000 
15.88000000 
112.36000000 
417.45000000 
95.93000000 
8.12000000 
0.00000000 
24.04000000 
39.79000000 
3.12000000 
1.94000000 
13.07000000 
26.89000000 
2.16000000 
156.86000000 
608.70000000 
76.42000000 
22.08000000 
34.46000000 
11.64000000 
70.11000000 
6.82000000 
11.63000000 
19.71000000 
4.62000000 
19.73000000 
97.60000000 
18.29000000 
9.11000000 
5.36000000 
6.83000000 
10.48000000 
1.26000000 
0.00000000 
2.04000000 
23.07000000 
15.21000000 
166.27000000 
7.44000000 
46.88000000 
593.72000000 
18.74000000 
18.68000000 
1.05000000 
21.14000000 
34.96000000 
3.72000000 
133.15000000 
4.48000000 
0.00000000 
1.67000000 
1.08000000 
0.84000000 
16.10000000 
0.00000000 
3.51000000 
186.72000000 
4.34000000 
116.12000000 
46.33000000 
71.65000000 
30.83000000 
1.32000000 
62.68000000 
0.00000000 
0.50000000 
0.00000000 
0.00000000 
1.00000000 
6.42000000 
11.24000000 
20.91000000 
24.66000000 
6.12000000 
0.00000000 
10.70000000 
165.11000000 
12.98000000 
21.98000000 
1.79000000 
97.54000000 
1.00000000 
0.00000000 
17.30000000 
0.00000000 
23.38000000 
21.10000000 
1.18000000 
0.00000000 
50.46000000 
0.00000000 
1.65000000 
3.07000000 
36.14000000 
35.03000000 
50.41000000 
36.96000000 
8.54000000 
2.11000000 
69.52000000 
2.03000000 
9.46000000 
32.17000000 
2.53000000 
49.56000000 
195.76000000 
0.00000000 
6.30000000 
96.98000000 
16.29000000 
7.88000000 
1.00000000 
12.49000000 
16.60000000 
7.37000000 
3.59000000 
17.25000000 
2.20000000 
44.82000000 
8.95000000 
0.50000000 
2.88000000 
26.30000000 
4.13000000 
8.57000000 
63.59000000 
17.35000000 
16.93000000 
69.63000000 
83.24000000 
0.00000000 
0.65000000 
21.99000000 
8.49000000 
187.01000000 
171.70000000 
86.53000000 
33.72000000 
2.95000000 
39.21000000 
197.34000000 
3.41000000 
33.90000000 
42.82000000 
74.79000000 
53.51000000 
9.55000000 
2.83000000 
15.69000000 
14.33000000 
37.39000000 
21.65000000 
16.01000000 
10.60000000 
10.05000000 
46.70000000 
2.68000000 
2.87000000 
0.00000000 
0.38000000 
7.90000000 
7.92000000 
4.83000000 
66.09000000 
13.86000000 
2.33000000 
21.36000000 
1.67000000 
3.47000000 
8.04000000 
10.50000000 
25.20000000 
125.02000000 
134.55000000 
166.66000000 
33.83000000 
12.92000000 
76.73000000 
534.76000000 
93.34000000 
18.45000000 
5.38000000 
16.67000000 
6.03000000 
11.64000000 
30.00000000 
2.50000000 
17.33000000 
1.48000000 
31.21000000 
0.00000000 
0.00000000 
35.39000000 
3.91000000 
0.00000000 
16.72000000 
5.30000000 
20.44000000 
0.43000000 
39.25000000 
49.48000000 
10.34000000 
8.58000000 
596.20000000 
9.16000000 
23.42000000 
0.00000000 
39.33000000 
81.68000000 
82.15000000 
27.74000000 
581.91000000 
66.84000000 
54.90000000 
13.64000000 
86.80000000 
35.90000000 
353.80000000 
48.87000000 
21.90000000 
7.40000000 
29.77000000 
125.19000000 
295.48000000 
29.64000000 
39.57000000 
402.95000000 
5.69000000 
0.54000000 
17.55000000 
17.45000000 
31.92000000 
105.12000000 
247.16000000 
398.44000000 
71.42000000 
153.08000000 
1.70000000 
7.24000000 
72.25000000 
42.17000000 
9.99000000 
58.36000000 
0.82000000 
44.45000000 
16.12000000 
57.01000000 
11.08000000 
13.42000000 
23.60000000 
9.77000000 
18.44000000 
29.87000000 
90.88000000 
92.12000000 
41.78000000 
35.56000000 
1.75000000 
5.01000000 
22.47000000 
107.45000000 
16.84000000 
951.87000000 
22.13000000 
70.98000000 
66.96000000 
15.20000000 
81.69000000 
16.02000000 
27.81000000 
339.31000000 
118.04000000 
28.64000000 
45.89000000 
19.59000000 
73.77000000 
14.67000000 
3.78000000 
160.54000000 
12.52000000 
4.53000000 
0.82000000 
14.11000000 
20.85000000 
2.43000000 
2.97000000 
68.54000000 
23.74000000 
0.00000000 
23.04000000 
0.69000000 
60.86000000 
4.60000000 
0.00000000 
0.00000000 
0.11000000 
18.30000000 
4.85000000 
3.60000000 
61.03000000 
2.62000000 
16.53000000 
7.03000000 
75.69000000 
7.50000000 
7.53000000 
5.37000000 
36.21000000 
8.74000000 
11.74000000 
0.91000000 
29.74000000 
29.35000000 
2.15000000 
36.37000000 
0.45000000 
59.45000000 
49.25000000 
4.80000000 
21.84000000 
56.49000000 
104.34000000 
451.08000000 
43.79000000 
6.61000000 
4.74000000 
3.64000000 
7.87000000 
15.65000000 
194.54000000 
17.59000000 
52.97000000 
9.16000000 
72.36000000 
28.98000000 
36.15000000 
57.81000000 
151.96000000 
11.26000000 
38.57000000 
85.98000000 
761.93000000 
40.65000000 
102.04000000 
73.27000000 
0.34000000 
2.74000000 
6.94000000 
11.53000000 
33.17000000 
6.96000000 
451.09000000 
1.73000000 
7.85000000 
39.10000000 
231.32000000 
32.59000000 
5.20000000 
5.50000000 
60.00000000 
0.00000000 
0.70000000 
0.00000000 
0.00000000 
5.15000000 
4.71000000 
10.17000000 
2.07000000 
10.48000000 
58.99000000 
11.57000000 
4.82000000 
0.88000000 
30.79000000 
30.20000000 
107.84000000 
1.77000000 
1.40000000 
11.50000000 
93.01000000 
2.99000000 
1.59000000 
22.31000000 
42.24000000 
0.00000000 
2.00000000 
97.63000000 
84.00000000 
3.62000000 
1.54000000 
73.91000000 
13.50000000 
66.82000000 
286.41000000 
25.57000000 
0.79000000 
20.03000000 
15.54000000 
44.81000000 
42.33000000 
78.34000000 
89.37000000 
34.00000000 
11.72000000 
32.00000000 
5.44000000 
9.51000000 
81.24000000 
23.95000000 
217.61000000 
438.54000000 
366.57000000 
63.41000000 
10.49000000 
38.54000000 
275.25000000 
241.05000000 
11.86000000 
77.41000000 
328.52000000 
10.96000000 
20.03000000 
32.01000000 
0.00000000 
9.91000000 
7.75000000 
23.96000000 
39.86000000 
135.03000000 
103.79000000 
59.96000000 
44.27000000 
9.69000000 
12.84000000 
3.84000000 
3.23000000 
8.71000000 
2.81000000 
3.41000000 
10.50000000 
0.00000000 
11.45000000 
23.92000000 
21.54000000 
19.88000000 
3.31000000 
4.97000000 
10.77000000 
0.35000000 
10.20000000 
28.43000000 
49.71000000 
149.25000000 
1.03000000 
5.26000000 
101.12000000 
11.46000000 
102.95000000 
264.92000000 
46.94000000 
51.75000000 
5.59000000 
33.18000000 
24.00000000 
11.70000000 
313.14000000 
7.09000000 
9.33000000 
325.09000000 
157.71000000 
11.59000000 
50.56000000 
546.76000000 
428.21000000 
235.32000000 
58.27000000 
98.39000000 
0.35000000 
212.61000000 
27.09000000 
1.92000000 
15.88000000 
112.36000000 
417.45000000 
95.93000000 
8.12000000 
0.00000000 
24.04000000 
39.79000000 
3.12000000 
1.94000000 
13.07000000 
26.89000000 
2.16000000 
156.86000000 
608.70000000 
76.42000000 
22.08000000 
34.46000000 
11.64000000 
70.11000000 
6.82000000 
11.63000000 
19.71000000 
4.62000000 
19.73000000 
97.60000000 
18.29000000 
9.11000000 
5.36000000 
6.83000000 
10.48000000 
1.26000000 
0.00000000 
2.04000000 
23.07000000 
15.21000000 
166.27000000 
7.44000000 
46.88000000 
593.72000000 
18.74000000 
18.68000000 
1.05000000 
21.14000000 
34.96000000 
3.72000000 
133.15000000 
4.48000000 
0.00000000 
1.67000000 
1.08000000 
0.84000000 
16.10000000 
0.00000000 
3.51000000 
186.72000000 
4.34000000 
116.12000000 
46.33000000 
71.65000000 
30.83000000 
1.32000000 
62.68000000 
0.00000000 
0.50000000 
0.00000000 
0.00000000 
1.00000000 
6.42000000 
11.24000000 
20.91000000 
24.66000000 
6.12000000 
0.00000000 
10.70000000 
165.11000000 
12.98000000 
21.98000000 
1.79000000 
97.54000000 
1.00000000 
0.00000000 
17.30000000 
0.00000000 
23.38000000 
21.10000000 
1.18000000 
0.00000000 
50.46000000 
0.00000000 
1.65000000 
3.07000000 
36.14000000 
35.03000000 
50.41000000 
36.96000000 
8.54000000 
