0.00001760 
0.00001763 
0.00001747 
0.00001734 
0.00001733 
0.00001739 
0.00001739 
0.00001754 
0.00001756 
0.00001768 
0.00001769 
0.00001754 
0.00001754 
0.00001754 
0.00001738 
0.00001738 
0.00001752 
0.00001760 
0.00001748 
0.00001754 
0.00001770 
0.00001775 
0.00001770 
0.00001770 
0.00001760 
0.00001737 
0.00001734 
0.00001739 
0.00001738 
0.00001717 
0.00001722 
0.00001740 
0.00001733 
0.00001733 
0.00001732 
0.00001732 
0.00001718 
0.00001725 
0.00001723 
0.00001723 
0.00001725 
0.00001725 
0.00001725 
0.00001725 
0.00001743 
0.00001739 
0.00001744 
0.00001735 
0.00001743 
0.00001743 
0.00001743 
0.00001744 
0.00001744 
0.00001744 
0.00001715 
0.00001696 
0.00001698 
0.00001682 
0.00001682 
0.00001691 
0.00001689 
0.00001689 
0.00001688 
0.00001682 
0.00001681 
0.00001681 
0.00001679 
0.00001681 
0.00001678 
0.00001678 
0.00001678 
0.00001682 
0.00001681 
0.00001681 
0.00001681 
0.00001673 
0.00001681 
0.00001681 
0.00001681 
0.00001673 
0.00001681 
0.00001681 
0.00001681 
0.00001673 
0.00001679 
0.00001679 
0.00001681 
0.00001677 
0.00001690 
0.00001690 
0.00001691 
0.00001691 
0.00001685 
0.00001685 
0.00001685 
0.00001685 
0.00001691 
0.00001691 
0.00001691 
0.00001693 
0.00001691 
0.00001691 
0.00001691 
0.00001694 
0.00001694 
0.00001694 
0.00001692 
0.00001692 
0.00001695 
0.00001694 
0.00001692 
0.00001692 
0.00001705 
0.00001698 
0.00001698 
0.00001708 
0.00001705 
0.00001704 
0.00001695 
0.00001701 
0.00001709 
0.00001695 
0.00001694 
0.00001704 
0.00001704 
0.00001704 
0.00001707 
0.00001674 
0.00001657 
0.00001656 
0.00001665 
0.00001666 
0.00001668 
0.00001675 
0.00001675 
0.00001667 
0.00001658 
0.00001680 
0.00001665 
0.00001673 
0.00001679 
0.00001687 
0.00001674 
0.00001676 
0.00001666 
0.00001684 
0.00001677 
0.00001700 
0.00001686 
0.00001699 
0.00001701 
0.00001701 
0.00001677 
0.00001675 
0.00001668 
0.00001668 
0.00001668 
0.00001672 
0.00001658 
0.00001653 
0.00001661 
0.00001656 
0.00001645 
0.00001656 
0.00001656 
0.00001635 
0.00001635 
0.00001645 
0.00001640 
0.00001651 
0.00001657 
0.00001638 
0.00001622 
0.00001622 
0.00001616 
0.00001611 
0.00001608 
0.00001600 
0.00001582 
0.00001581 
0.00001581 
0.00001580 
0.00001582 
0.00001582 
0.00001581 
0.00001597 
0.00001603 
0.00001595 
0.00001595 
0.00001595 
0.00001589 
0.00001589 
0.00001589 
0.00001590 
0.00001588 
0.00001588 
0.00001590 
0.00001595 
0.00001595 
0.00001595 
0.00001596 
0.00001596 
0.00001594 
0.00001594 
0.00001595 
0.00001604 
0.00001604 
0.00001594 
0.00001598 
0.00001610 
0.00001612 
0.00001612 
0.00001596 
0.00001596 
0.00001595 
0.00001607 
0.00001608 
0.00001607 
0.00001607 
0.00001607 
0.00001607 
0.00001600 
0.00001609 
0.00001609 
0.00001609 
0.00001638 
0.00001627 
0.00001627 
0.00001627 
0.00001630 
0.00001636 
0.00001621 
0.00001605 
0.00001605 
0.00001601 
0.00001601 
0.00001614 
0.00001608 
0.00001613 
0.00001616 
0.00001618 
0.00001618 
0.00001626 
0.00001623 
0.00001591 
0.00001587 
0.00001571 
0.00001565 
0.00001566 
0.00001575 
0.00001575 
0.00001570 
0.00001577 
0.00001576 
0.00001576 
0.00001579 
0.00001575 
0.00001575 
0.00001575 
0.00001593 
0.00001587 
0.00001602 
0.00001587 
0.00001578 
0.00001577 
0.00001577 
0.00001587 
0.00001587 
0.00001573 
0.00001587 
0.00001573 
0.00001573 
0.00001589 
0.00001575 
0.00001574 
0.00001603 
0.00001589 
0.00001589 
0.00001589 
0.00001588 
0.00001605 
0.00001605 
0.00001591 
0.00001594 
0.00001595 
0.00001594 
0.00001595 
0.00001590 
0.00001590 
0.00001600 
0.00001593 
0.00001597 
0.00001598 
0.00001608 
0.00001608 
0.00001615 
0.00001619 
0.00001620 
0.00001627 
0.00001627 
0.00001644 
0.00001626 
0.00001636 
0.00001634 
0.00001634 
0.00001620 
0.00001633 
0.00001628 
0.00001619 
0.00001619 
0.00001619 
0.00001619 
0.00001618 
0.00001618 
0.00001620 
0.00001620 
0.00001620 
0.00001613 
0.00001598 
0.00001594 
0.00001594 
0.00001604 
0.00001602 
0.00001590 
0.00001587 
0.00001597 
0.00001591 
0.00001588 
0.00001593 
0.00001619 
0.00001628 
0.00001643 
0.00001639 
0.00001639 
0.00001632 
0.00001621 
0.00001632 
0.00001634 
0.00001634 
0.00001632 
0.00001632 
0.00001635 
0.00001637 
0.00001637 
0.00001651 
0.00001637 
0.00001637 
0.00001646 
0.00001648 
0.00001646 
0.00001657 
0.00001665 
0.00001663 
0.00001671 
0.00001670 
0.00001671 
0.00001671 
0.00001681 
0.00001680 
0.00001680 
0.00001670 
0.00001682 
0.00001681 
0.00001670 
0.00001694 
0.00001683 
0.00001689 
0.00001678 
0.00001673 
0.00001671 
0.00001670 
0.00001680 
0.00001691 
0.00001698 
0.00001698 
0.00001707 
0.00001698 
0.00001701 
0.00001714 
0.00001705 
0.00001701 
0.00001702 
0.00001701 
0.00001701 
0.00001708 
0.00001708 
0.00001710 
0.00001710 
0.00001723 
0.00001723 
0.00001725 
0.00001709 
0.00001709 
0.00001728 
0.00001724 
0.00001725 
0.00001725 
0.00001725 
0.00001725 
0.00001725 
0.00001725 
0.00001730 
0.00001725 
0.00001725 
0.00001726 
0.00001725 
0.00001725 
0.00001725 
0.00001731 
0.00001725 
0.00001725 
0.00001726 
0.00001726 
0.00001726 
0.00001734 
0.00001725 
0.00001734 
0.00001734 
0.00001734 
0.00001726 
0.00001727 
0.00001727 
0.00001727 
0.00001736 
0.00001736 
0.00001736 
0.00001736 
0.00001736 
0.00001736 
0.00001736 
0.00001738 
0.00001725 
0.00001725 
0.00001736 
0.00001741 
0.00001728 
0.00001728 
0.00001728 
0.00001742 
0.00001742 
0.00001742 
0.00001743 
0.00001743 
0.00001741 
0.00001741 
0.00001743 
0.00001744 
0.00001735 
0.00001730 
0.00001730 
0.00001735 
0.00001734 
0.00001735 
0.00001735 
0.00001729 
0.00001729 
0.00001733 
0.00001734 
0.00001729 
0.00001725 
0.00001725 
0.00001725 
0.00001725 
0.00001729 
0.00001728 
0.00001728 
0.00001728 
0.00001728 
0.00001734 
0.00001734 
0.00001734 
0.00001728 
0.00001734 
0.00001726 
0.00001726 
0.00001726 
0.00001725 
0.00001726 
0.00001737 
0.00001726 
0.00001760 
0.00001763 
0.00001747 
0.00001734 
0.00001733 
0.00001739 
0.00001739 
0.00001754 
0.00001756 
0.00001768 
0.00001769 
0.00001754 
0.00001754 
0.00001754 
0.00001738 
0.00001738 
0.00001752 
0.00001760 
0.00001748 
0.00001754 
0.00001770 
0.00001775 
0.00001770 
0.00001770 
0.00001760 
0.00001737 
0.00001734 
0.00001739 
0.00001738 
0.00001717 
0.00001722 
0.00001740 
0.00001733 
0.00001733 
0.00001732 
0.00001732 
0.00001718 
0.00001725 
0.00001723 
0.00001723 
0.00001725 
0.00001725 
0.00001725 
0.00001725 
0.00001743 
0.00001739 
0.00001744 
0.00001735 
0.00001743 
0.00001743 
0.00001743 
0.00001744 
0.00001744 
0.00001744 
0.00001715 
0.00001696 
0.00001698 
0.00001682 
0.00001682 
0.00001691 
0.00001689 
0.00001689 
0.00001688 
0.00001682 
0.00001681 
0.00001681 
0.00001679 
0.00001681 
0.00001678 
0.00001678 
0.00001678 
0.00001682 
0.00001681 
0.00001681 
0.00001681 
0.00001673 
0.00001681 
0.00001681 
0.00001681 
0.00001673 
0.00001681 
0.00001681 
0.00001681 
0.00001673 
0.00001679 
0.00001679 
0.00001681 
0.00001677 
0.00001690 
0.00001690 
0.00001691 
0.00001691 
0.00001685 
0.00001685 
0.00001685 
0.00001685 
0.00001691 
0.00001691 
0.00001691 
0.00001693 
0.00001691 
0.00001691 
0.00001691 
0.00001694 
0.00001694 
0.00001694 
0.00001692 
0.00001692 
0.00001695 
0.00001694 
0.00001692 
0.00001692 
0.00001705 
0.00001698 
0.00001698 
0.00001708 
0.00001705 
0.00001704 
0.00001695 
0.00001701 
0.00001709 
0.00001695 
0.00001694 
0.00001704 
0.00001704 
0.00001704 
0.00001707 
0.00001674 
0.00001657 
0.00001656 
0.00001665 
0.00001666 
0.00001668 
0.00001675 
0.00001675 
0.00001667 
0.00001658 
0.00001680 
0.00001665 
0.00001673 
0.00001679 
0.00001687 
0.00001674 
0.00001676 
0.00001666 
0.00001684 
0.00001677 
0.00001700 
0.00001686 
0.00001699 
0.00001701 
0.00001701 
0.00001677 
0.00001675 
0.00001668 
0.00001668 
0.00001668 
0.00001672 
0.00001658 
0.00001653 
0.00001661 
0.00001656 
0.00001645 
0.00001656 
0.00001656 
0.00001635 
0.00001635 
0.00001645 
0.00001640 
0.00001651 
0.00001657 
0.00001638 
0.00001622 
0.00001622 
0.00001616 
0.00001611 
0.00001608 
0.00001600 
0.00001582 
0.00001581 
0.00001581 
0.00001580 
0.00001582 
0.00001582 
0.00001581 
0.00001597 
0.00001603 
0.00001595 
0.00001595 
0.00001595 
0.00001589 
0.00001589 
0.00001589 
0.00001590 
0.00001588 
0.00001588 
0.00001590 
0.00001595 
0.00001595 
0.00001595 
0.00001596 
0.00001596 
0.00001594 
0.00001594 
0.00001595 
0.00001604 
0.00001604 
0.00001594 
0.00001598 
0.00001610 
0.00001612 
0.00001612 
0.00001596 
0.00001596 
0.00001595 
0.00001607 
0.00001608 
0.00001607 
0.00001607 
0.00001607 
0.00001607 
0.00001600 
0.00001609 
0.00001609 
0.00001609 
0.00001638 
0.00001627 
0.00001627 
0.00001627 
0.00001630 
0.00001636 
0.00001621 
0.00001605 
0.00001605 
0.00001601 
0.00001601 
0.00001614 
0.00001608 
0.00001613 
0.00001616 
0.00001618 
0.00001618 
0.00001626 
0.00001623 
0.00001591 
0.00001587 
0.00001571 
0.00001565 
0.00001566 
0.00001575 
0.00001575 
0.00001570 
0.00001577 
0.00001576 
0.00001576 
0.00001579 
0.00001575 
0.00001575 
0.00001575 
0.00001593 
0.00001587 
0.00001602 
0.00001587 
0.00001578 
0.00001577 
0.00001577 
0.00001587 
0.00001587 
0.00001573 
0.00001587 
0.00001573 
0.00001573 
0.00001589 
0.00001575 
0.00001574 
0.00001603 
0.00001589 
0.00001589 
0.00001589 
0.00001588 
0.00001605 
0.00001605 
0.00001591 
0.00001594 
0.00001595 
0.00001594 
0.00001595 
0.00001590 
0.00001590 
0.00001600 
0.00001593 
0.00001597 
0.00001598 
0.00001608 
0.00001608 
0.00001615 
0.00001619 
0.00001620 
0.00001627 
0.00001627 
0.00001644 
0.00001626 
0.00001636 
0.00001634 
0.00001634 
0.00001620 
0.00001633 
0.00001628 
0.00001619 
0.00001619 
0.00001619 
0.00001619 
0.00001618 
0.00001618 
0.00001620 
0.00001620 
0.00001620 
0.00001613 
0.00001598 
0.00001594 
0.00001594 
0.00001604 
0.00001602 
0.00001590 
0.00001587 
0.00001597 
0.00001591 
0.00001588 
0.00001593 
0.00001619 
0.00001628 
0.00001643 
0.00001639 
0.00001639 
0.00001632 
0.00001621 
0.00001632 
0.00001634 
0.00001634 
0.00001632 
0.00001632 
0.00001635 
0.00001637 
0.00001637 
0.00001651 
0.00001637 
0.00001637 
0.00001646 
0.00001648 
0.00001646 
0.00001657 
0.00001665 
0.00001663 
0.00001671 
0.00001670 
0.00001671 
0.00001671 
0.00001681 
0.00001680 
0.00001680 
0.00001670 
0.00001682 
0.00001681 
0.00001670 
0.00001694 
0.00001683 
0.00001689 
0.00001678 
0.00001673 
0.00001671 
0.00001670 
0.00001680 
0.00001691 
0.00001698 
0.00001698 
0.00001707 
0.00001698 
0.00001701 
0.00001714 
0.00001705 
0.00001701 
0.00001702 
0.00001701 
0.00001701 
0.00001708 
0.00001708 
0.00001710 
0.00001710 
0.00001723 
0.00001723 
0.00001725 
0.00001709 
0.00001709 
0.00001728 
0.00001724 
0.00001725 
0.00001725 
0.00001725 
0.00001725 
0.00001725 
0.00001725 
0.00001730 
0.00001725 
0.00001725 
0.00001726 
0.00001725 
0.00001725 
0.00001725 
0.00001731 
0.00001725 
0.00001725 
0.00001726 
0.00001726 
0.00001726 
0.00001734 
0.00001725 
0.00001734 
0.00001734 
0.00001734 
0.00001726 
0.00001727 
0.00001727 
0.00001727 
0.00001736 
0.00001736 
0.00001736 
0.00001736 
0.00001736 
0.00001736 
0.00001736 
0.00001738 
0.00001725 
0.00001725 
0.00001736 
0.00001741 
0.00001728 
0.00001728 
0.00001728 
0.00001742 
0.00001742 
0.00001742 
0.00001743 
0.00001743 
0.00001741 
0.00001741 
0.00001743 
0.00001744 
0.00001735 
0.00001730 
0.00001730 
0.00001735 
0.00001734 
0.00001735 
0.00001735 
0.00001729 
0.00001729 
0.00001733 
0.00001734 
0.00001729 
0.00001725 
0.00001725 
0.00001725 
0.00001725 
0.00001729 
0.00001728 
0.00001728 
0.00001728 
0.00001728 
0.00001734 
0.00001734 
0.00001734 
0.00001728 
0.00001734 
0.00001726 
0.00001726 
0.00001726 
0.00001725 
0.00001726 
0.00001737 
0.00001726 
0.00001760 
0.00001763 
0.00001747 
0.00001734 
0.00001733 
0.00001739 
0.00001739 
0.00001754 
0.00001756 
0.00001768 
0.00001769 
0.00001754 
0.00001754 
0.00001754 
0.00001738 
0.00001738 
0.00001752 
0.00001760 
0.00001748 
0.00001754 
0.00001770 
0.00001775 
0.00001770 
0.00001770 
0.00001760 
0.00001737 
0.00001734 
0.00001739 
0.00001738 
0.00001717 
0.00001722 
0.00001740 
0.00001733 
0.00001733 
0.00001732 
0.00001732 
0.00001718 
0.00001725 
0.00001723 
0.00001723 
0.00001725 
0.00001725 
0.00001725 
0.00001725 
0.00001743 
0.00001739 
0.00001744 
0.00001735 
0.00001743 
0.00001743 
0.00001743 
0.00001744 
0.00001744 
0.00001744 
0.00001715 
0.00001696 
0.00001698 
0.00001682 
0.00001682 
0.00001691 
0.00001689 
0.00001689 
0.00001688 
0.00001682 
0.00001681 
0.00001681 
0.00001679 
0.00001681 
0.00001678 
0.00001678 
0.00001678 
0.00001682 
0.00001681 
0.00001681 
0.00001681 
0.00001673 
0.00001681 
0.00001681 
0.00001681 
0.00001673 
0.00001681 
0.00001681 
0.00001681 
0.00001673 
0.00001679 
0.00001679 
0.00001681 
0.00001677 
0.00001690 
0.00001690 
0.00001691 
0.00001691 
0.00001685 
0.00001685 
0.00001685 
0.00001685 
0.00001691 
0.00001691 
0.00001691 
0.00001693 
0.00001691 
0.00001691 
0.00001691 
0.00001694 
0.00001694 
0.00001694 
0.00001692 
0.00001692 
0.00001695 
0.00001694 
0.00001692 
0.00001692 
0.00001705 
0.00001698 
0.00001698 
0.00001708 
0.00001705 
0.00001704 
0.00001695 
0.00001701 
0.00001709 
0.00001695 
0.00001694 
0.00001704 
0.00001704 
0.00001704 
0.00001707 
0.00001674 
0.00001657 
0.00001656 
0.00001665 
0.00001666 
0.00001668 
0.00001675 
0.00001675 
0.00001667 
0.00001658 
0.00001680 
0.00001665 
0.00001673 
0.00001679 
0.00001687 
0.00001674 
0.00001676 
0.00001666 
0.00001684 
0.00001677 
0.00001700 
0.00001686 
0.00001699 
0.00001701 
0.00001701 
0.00001677 
0.00001675 
0.00001668 
0.00001668 
0.00001668 
0.00001672 
0.00001658 
0.00001653 
0.00001661 
0.00001656 
0.00001645 
0.00001656 
0.00001656 
0.00001635 
0.00001635 
0.00001645 
0.00001640 
0.00001651 
0.00001657 
0.00001638 
0.00001622 
0.00001622 
0.00001616 
0.00001611 
0.00001608 
0.00001600 
0.00001582 
0.00001581 
0.00001581 
0.00001580 
0.00001582 
0.00001582 
0.00001581 
0.00001597 
0.00001603 
0.00001595 
0.00001595 
0.00001595 
0.00001589 
0.00001589 
0.00001589 
0.00001590 
0.00001588 
0.00001588 
0.00001590 
0.00001595 
0.00001595 
0.00001595 
0.00001596 
0.00001596 
0.00001594 
0.00001594 
0.00001595 
0.00001604 
0.00001604 
0.00001594 
0.00001598 
0.00001610 
0.00001612 
0.00001612 
0.00001596 
0.00001596 
0.00001595 
0.00001607 
0.00001608 
0.00001607 
0.00001607 
0.00001607 
0.00001607 
0.00001600 
0.00001609 
0.00001609 
0.00001609 
0.00001638 
0.00001627 
0.00001627 
0.00001627 
0.00001630 
0.00001636 
0.00001621 
0.00001605 
0.00001605 
0.00001601 
0.00001601 
0.00001614 
0.00001608 
0.00001613 
0.00001616 
0.00001618 
0.00001618 
0.00001626 
0.00001623 
0.00001591 
0.00001587 
0.00001571 
0.00001565 
0.00001566 
0.00001575 
0.00001575 
0.00001570 
0.00001577 
0.00001576 
0.00001576 
0.00001579 
0.00001575 
0.00001575 
0.00001575 
0.00001593 
0.00001587 
0.00001602 
0.00001587 
0.00001578 
0.00001577 
0.00001577 
0.00001587 
0.00001587 
0.00001573 
0.00001587 
0.00001573 
0.00001573 
0.00001589 
0.00001575 
0.00001574 
0.00001603 
0.00001589 
0.00001589 
0.00001589 
0.00001588 
0.00001605 
0.00001605 
0.00001591 
0.00001594 
0.00001595 
0.00001594 
0.00001595 
0.00001590 
0.00001590 
0.00001600 
0.00001593 
0.00001597 
0.00001598 
0.00001608 
0.00001608 
0.00001615 
0.00001619 
0.00001620 
0.00001627 
0.00001627 
0.00001644 
0.00001626 
0.00001636 
0.00001634 
0.00001634 
0.00001620 
0.00001633 
0.00001628 
0.00001619 
0.00001619 
0.00001619 
0.00001619 
0.00001618 
0.00001618 
0.00001620 
0.00001620 
0.00001620 
0.00001613 
0.00001598 
0.00001594 
0.00001594 
0.00001604 
0.00001602 
0.00001590 
0.00001587 
0.00001597 
0.00001591 
0.00001588 
0.00001593 
0.00001619 
0.00001628 
0.00001643 
0.00001639 
0.00001639 
0.00001632 
0.00001621 
0.00001632 
0.00001634 
0.00001634 
0.00001632 
0.00001632 
0.00001635 
0.00001637 
0.00001637 
0.00001651 
0.00001637 
0.00001637 
0.00001646 
0.00001648 
0.00001646 
0.00001657 
0.00001665 
0.00001663 
0.00001671 
0.00001670 
0.00001671 
0.00001671 
0.00001681 
0.00001680 
0.00001680 
0.00001670 
0.00001682 
0.00001681 
0.00001670 
0.00001694 
0.00001683 
0.00001689 
0.00001678 
0.00001673 
0.00001671 
0.00001670 
0.00001680 
0.00001691 
0.00001698 
0.00001698 
0.00001707 
0.00001698 
0.00001701 
0.00001714 
0.00001705 
0.00001701 
0.00001702 
0.00001701 
0.00001701 
0.00001708 
0.00001708 
0.00001710 
0.00001710 
0.00001723 
0.00001723 
0.00001725 
0.00001709 
0.00001709 
0.00001728 
0.00001724 
0.00001725 
0.00001725 
0.00001725 
0.00001725 
0.00001725 
0.00001725 
0.00001730 
0.00001725 
0.00001725 
0.00001726 
0.00001725 
0.00001725 
0.00001725 
0.00001731 
0.00001725 
0.00001725 
0.00001726 
0.00001726 
0.00001726 
0.00001734 
0.00001725 
0.00001734 
0.00001734 
0.00001734 
0.00001726 
0.00001727 
0.00001727 
0.00001727 
0.00001736 
0.00001736 
0.00001736 
0.00001736 
0.00001736 
0.00001736 
0.00001736 
0.00001738 
0.00001725 
0.00001725 
0.00001736 
0.00001741 
0.00001728 
0.00001728 
0.00001728 
0.00001742 
0.00001742 
0.00001742 
0.00001743 
0.00001743 
0.00001741 
0.00001741 
0.00001743 
0.00001744 
0.00001735 
0.00001730 
0.00001730 
0.00001735 
0.00001734 
0.00001735 
0.00001735 
0.00001729 
0.00001729 
0.00001733 
0.00001734 
0.00001729 
0.00001725 
0.00001725 
0.00001725 
0.00001725 
0.00001729 
0.00001728 
0.00001728 
0.00001728 
0.00001728 
0.00001734 
0.00001734 
0.00001734 
0.00001728 
0.00001734 
0.00001726 
0.00001726 
0.00001726 
0.00001725 
0.00001726 
0.00001737 
0.00001726 
