0.04712000 
0.04718800 
0.04720000 
0.04714200 
0.04706300 
0.04769400 
0.04770400 
0.04770500 
0.04756600 
0.04721200 
0.04729900 
0.04767000 
0.04773600 
0.04799800 
0.04783000 
0.04818700 
0.04847700 
0.04836700 
0.04791600 
0.04812300 
0.04808400 
0.04787000 
0.04775000 
0.04775200 
0.04776100 
0.04751500 
0.04753800 
0.04776700 
0.04778800 
0.04772700 
0.04772600 
0.04749600 
0.04758600 
0.04760000 
0.04778700 
0.04799400 
0.04819100 
0.04824900 
0.04817600 
0.04836600 
0.04850000 
0.04860000 
0.04870000 
0.04840000 
0.04834400 
0.04875000 
0.04836600 
0.04855800 
0.04864900 
0.04880800 
0.04900700 
0.04919800 
0.04906700 
0.04917200 
0.04919600 
0.04929900 
0.04922900 
0.04931200 
0.04931000 
0.04930300 
0.04937300 
0.04905000 
0.04903700 
0.04900000 
0.04893800 
0.04879400 
0.04901600 
0.04906000 
0.04893800 
0.04899900 
0.04882000 
0.04893300 
0.04912100 
0.04911700 
0.04904800 
0.04896000 
0.04910000 
0.04910100 
0.04903500 
0.04938400 
0.04938600 
0.04925000 
0.04944400 
0.04940900 
0.04863000 
0.04882600 
0.04889300 
0.04910000 
0.04786800 
0.04773600 
0.04772700 
0.04743000 
0.04705600 
0.04703400 
0.04745500 
0.04746600 
0.04744900 
0.04745500 
0.04748000 
0.04727200 
0.04775000 
0.04786000 
0.04794900 
0.04790000 
0.04797800 
0.04789700 
0.04779900 
0.04777700 
0.04773400 
0.04757600 
0.04757100 
0.04749900 
0.04778500 
0.04830800 
0.04830500 
0.04834600 
0.04782600 
0.04799000 
0.04794700 
0.04766000 
0.04789600 
0.04765200 
0.04742900 
0.04732800 
0.04743700 
0.04734000 
0.04720000 
0.04699900 
0.04694900 
0.04674000 
0.04699600 
0.04653700 
0.04643200 
0.04635800 
0.04618700 
0.04633500 
0.04639800 
0.04654600 
0.04610000 
0.04628700 
0.04644400 
0.04654100 
0.04686000 
0.04689800 
0.04691700 
0.04697800 
0.04699900 
0.04749900 
0.04768000 
0.04747100 
0.04760500 
0.04795200 
0.04797800 
0.04824600 
0.04804200 
0.04777800 
0.04813100 
0.04813600 
0.04829900 
0.04824400 
0.04825800 
0.04771000 
0.04762700 
0.04748200 
0.04795200 
0.04796000 
0.04795000 
0.04796700 
0.04757100 
0.04747900 
0.04691000 
0.04698600 
0.04700100 
0.04679300 
0.04654700 
0.04633000 
0.04617200 
0.04630000 
0.04599600 
0.04599600 
0.04574100 
0.04569800 
0.04546900 
0.04543000 
0.04544700 
0.04540000 
0.04530100 
0.04545300 
0.04546800 
0.04526500 
0.04479000 
0.04494500 
0.04457000 
0.04488100 
0.04494400 
0.04507200 
0.04511200 
0.04548000 
0.04557100 
0.04564200 
0.04587000 
0.04590600 
0.04627600 
0.04620300 
0.04612700 
0.04631300 
0.04645800 
0.04648900 
0.04604000 
0.04614100 
0.04578600 
0.04549300 
0.04474600 
0.04479100 
0.04461900 
0.04492900 
0.04493800 
0.04460600 
0.04501100 
0.04520200 
0.04536900 
0.04561800 
0.04560000 
0.04575000 
0.04599400 
0.04625100 
0.04645200 
0.04600000 
0.04659700 
0.04626500 
0.04660000 
0.04730000 
0.04730600 
0.04727200 
0.04711900 
0.04698600 
0.04658500 
0.04700600 
0.04700000 
0.04639300 
0.04597500 
0.04590100 
0.04582800 
0.04554900 
0.04555000 
0.04554900 
0.04527400 
0.04528400 
0.04552100 
0.04589900 
0.04612000 
0.04600500 
0.04587000 
0.04559900 
0.04585300 
0.04572100 
0.04580000 
0.04558100 
0.04515200 
0.04549600 
0.04504400 
0.04499800 
0.04505600 
0.04461900 
0.04449900 
0.04460000 
0.04440300 
0.04432400 
0.04450000 
0.04425800 
0.04403000 
0.04412000 
0.04425200 
0.04388300 
0.04360000 
0.04350000 
0.04342200 
0.04341700 
0.04298100 
0.04311500 
0.04276100 
0.04295900 
0.04276000 
0.04318300 
0.04307700 
0.04352800 
0.04315600 
0.04306900 
0.04299700 
0.04301400 
0.04328000 
0.04307600 
0.04305700 
0.04303200 
0.04277000 
0.04303900 
0.04281300 
0.04290000 
0.04302000 
0.04320400 
0.04313000 
0.04352900 
0.04357200 
0.04365000 
0.04371400 
0.04359900 
0.04353900 
0.04359600 
0.04419700 
0.04431500 
0.04455800 
0.04457000 
0.04472700 
0.04478100 
0.04487800 
0.04509100 
0.04499900 
0.04499500 
0.04500000 
0.04479700 
0.04510000 
0.04530400 
0.04524800 
0.04574000 
0.04569900 
0.04548500 
0.04537900 
0.04548400 
0.04550600 
0.04580000 
0.04560000 
0.04564600 
0.04559000 
0.04571300 
0.04555800 
0.04553900 
0.04563800 
0.04575100 
0.04570000 
0.04572400 
0.04551900 
0.04525000 
0.04527400 
0.04577200 
0.04572200 
0.04559300 
0.04524300 
0.04510000 
0.04508400 
0.04499900 
0.04502200 
0.04482400 
0.04480100 
0.04513400 
0.04481400 
0.04478500 
0.04473000 
0.04499500 
0.04475900 
0.04472100 
0.04471900 
0.04489400 
0.04468300 
0.04452100 
0.04434600 
0.04477500 
0.04464600 
0.04495300 
0.04492700 
0.04491000 
0.04464600 
0.04446700 
0.04464800 
0.04426200 
0.04431800 
0.04425000 
0.04403200 
0.04406700 
0.04400000 
0.04410000 
0.04386100 
0.04404100 
0.04405500 
0.04409400 
0.04428700 
0.04441200 
0.04441300 
0.04473900 
0.04436500 
0.04438400 
0.04458800 
0.04454300 
0.04469500 
0.04446700 
0.04462500 
0.04453300 
0.04455400 
0.04473500 
0.04461700 
0.04453200 
0.04463300 
0.04453800 
0.04466700 
0.04472000 
0.04489900 
0.04499000 
0.04481200 
0.04485700 
0.04484800 
0.04480700 
0.04473100 
0.04481800 
0.04490200 
0.04504200 
0.04492000 
0.04550000 
0.04515200 
0.04513000 
0.04505600 
0.04500600 
0.04500000 
0.04494800 
0.04450000 
0.04379000 
0.04378200 
0.04414200 
0.04381100 
0.04376900 
0.04328500 
0.04400000 
0.04410000 
0.04400000 
0.04399700 
0.04394500 
0.04365900 
0.04350700 
0.04340000 
0.04329500 
0.04314600 
0.04320100 
0.04320000 
0.04323700 
0.04312700 
0.04325000 
0.04329800 
0.04329400 
0.04305000 
0.04305000 
0.04313200 
0.04330200 
0.04321200 
0.04335300 
0.04340100 
0.04332200 
0.04356800 
0.04369900 
0.04390000 
0.04405000 
0.04395400 
0.04407900 
0.04387900 
0.04393000 
0.04370800 
0.04370000 
0.04367400 
0.04400300 
0.04417500 
0.04393800 
0.04381500 
0.04356800 
0.04371000 
0.04347600 
0.04340800 
0.04335700 
0.04347400 
0.04332600 
0.04352100 
0.04330500 
0.04329900 
0.04309100 
0.04712000 
0.04718800 
0.04720000 
0.04714200 
0.04706300 
0.04769400 
0.04770400 
0.04770500 
0.04756600 
0.04721200 
0.04729900 
0.04767000 
0.04773600 
0.04799800 
0.04783000 
0.04818700 
0.04847700 
0.04836700 
0.04791600 
0.04812300 
0.04808400 
0.04787000 
0.04775000 
0.04775200 
0.04776100 
0.04751500 
0.04753800 
0.04776700 
0.04778800 
0.04772700 
0.04772600 
0.04749600 
0.04758600 
0.04760000 
0.04778700 
0.04799400 
0.04819100 
0.04824900 
0.04817600 
0.04836600 
0.04850000 
0.04860000 
0.04870000 
0.04840000 
0.04834400 
0.04875000 
0.04836600 
0.04855800 
0.04864900 
0.04880800 
0.04900700 
0.04919800 
0.04906700 
0.04917200 
0.04919600 
0.04929900 
0.04922900 
0.04931200 
0.04931000 
0.04930300 
0.04937300 
0.04905000 
0.04903700 
0.04900000 
0.04893800 
0.04879400 
0.04901600 
0.04906000 
0.04893800 
0.04899900 
0.04882000 
0.04893300 
0.04912100 
0.04911700 
0.04904800 
0.04896000 
0.04910000 
0.04910100 
0.04903500 
0.04938400 
0.04938600 
0.04925000 
0.04944400 
0.04940900 
0.04863000 
0.04882600 
0.04889300 
0.04910000 
0.04786800 
0.04773600 
0.04772700 
0.04743000 
0.04705600 
0.04703400 
0.04745500 
0.04746600 
0.04744900 
0.04745500 
0.04748000 
0.04727200 
0.04775000 
0.04786000 
0.04794900 
0.04790000 
0.04797800 
0.04789700 
0.04779900 
0.04777700 
0.04773400 
0.04757600 
0.04757100 
0.04749900 
0.04778500 
0.04830800 
0.04830500 
0.04834600 
0.04782600 
0.04799000 
0.04794700 
0.04766000 
0.04789600 
0.04765200 
0.04742900 
0.04732800 
0.04743700 
0.04734000 
0.04720000 
0.04699900 
0.04694900 
0.04674000 
0.04699600 
0.04653700 
0.04643200 
0.04635800 
0.04618700 
0.04633500 
0.04639800 
0.04654600 
0.04610000 
0.04628700 
0.04644400 
0.04654100 
0.04686000 
0.04689800 
0.04691700 
0.04697800 
0.04699900 
0.04749900 
0.04768000 
0.04747100 
0.04760500 
0.04795200 
0.04797800 
0.04824600 
0.04804200 
0.04777800 
0.04813100 
0.04813600 
0.04829900 
0.04824400 
0.04825800 
0.04771000 
0.04762700 
0.04748200 
0.04795200 
0.04796000 
0.04795000 
0.04796700 
0.04757100 
0.04747900 
0.04691000 
0.04698600 
0.04700100 
0.04679300 
0.04654700 
0.04633000 
0.04617200 
0.04630000 
0.04599600 
0.04599600 
0.04574100 
0.04569800 
0.04546900 
0.04543000 
0.04544700 
0.04540000 
0.04530100 
0.04545300 
0.04546800 
0.04526500 
0.04479000 
0.04494500 
0.04457000 
0.04488100 
0.04494400 
0.04507200 
0.04511200 
0.04548000 
0.04557100 
0.04564200 
0.04587000 
0.04590600 
0.04627600 
0.04620300 
0.04612700 
0.04631300 
0.04645800 
0.04648900 
0.04604000 
0.04614100 
0.04578600 
0.04549300 
0.04474600 
0.04479100 
0.04461900 
0.04492900 
0.04493800 
0.04460600 
0.04501100 
0.04520200 
0.04536900 
0.04561800 
0.04560000 
0.04575000 
0.04599400 
0.04625100 
0.04645200 
0.04600000 
0.04659700 
0.04626500 
0.04660000 
0.04730000 
0.04730600 
0.04727200 
0.04711900 
0.04698600 
0.04658500 
0.04700600 
0.04700000 
0.04639300 
0.04597500 
0.04590100 
0.04582800 
0.04554900 
0.04555000 
0.04554900 
0.04527400 
0.04528400 
0.04552100 
0.04589900 
0.04612000 
0.04600500 
0.04587000 
0.04559900 
0.04585300 
0.04572100 
0.04580000 
0.04558100 
0.04515200 
0.04549600 
0.04504400 
0.04499800 
0.04505600 
0.04461900 
0.04449900 
0.04460000 
0.04440300 
0.04432400 
0.04450000 
0.04425800 
0.04403000 
0.04412000 
0.04425200 
0.04388300 
0.04360000 
0.04350000 
0.04342200 
0.04341700 
0.04298100 
0.04311500 
0.04276100 
0.04295900 
0.04276000 
0.04318300 
0.04307700 
0.04352800 
0.04315600 
0.04306900 
0.04299700 
0.04301400 
0.04328000 
0.04307600 
0.04305700 
0.04303200 
0.04277000 
0.04303900 
0.04281300 
0.04290000 
0.04302000 
0.04320400 
0.04313000 
0.04352900 
0.04357200 
0.04365000 
0.04371400 
0.04359900 
0.04353900 
0.04359600 
0.04419700 
0.04431500 
0.04455800 
0.04457000 
0.04472700 
0.04478100 
0.04487800 
0.04509100 
0.04499900 
0.04499500 
0.04500000 
0.04479700 
0.04510000 
0.04530400 
0.04524800 
0.04574000 
0.04569900 
0.04548500 
0.04537900 
0.04548400 
0.04550600 
0.04580000 
0.04560000 
0.04564600 
0.04559000 
0.04571300 
0.04555800 
0.04553900 
0.04563800 
0.04575100 
0.04570000 
0.04572400 
0.04551900 
0.04525000 
0.04527400 
0.04577200 
0.04572200 
0.04559300 
0.04524300 
0.04510000 
0.04508400 
0.04499900 
0.04502200 
0.04482400 
0.04480100 
0.04513400 
0.04481400 
0.04478500 
0.04473000 
0.04499500 
0.04475900 
0.04472100 
0.04471900 
0.04489400 
0.04468300 
0.04452100 
0.04434600 
0.04477500 
0.04464600 
0.04495300 
0.04492700 
0.04491000 
0.04464600 
0.04446700 
0.04464800 
0.04426200 
0.04431800 
0.04425000 
0.04403200 
0.04406700 
0.04400000 
0.04410000 
0.04386100 
0.04404100 
0.04405500 
0.04409400 
0.04428700 
0.04441200 
0.04441300 
0.04473900 
0.04436500 
0.04438400 
0.04458800 
0.04454300 
0.04469500 
0.04446700 
0.04462500 
0.04453300 
0.04455400 
0.04473500 
0.04461700 
0.04453200 
0.04463300 
0.04453800 
0.04466700 
0.04472000 
0.04489900 
0.04499000 
0.04481200 
0.04485700 
0.04484800 
0.04480700 
0.04473100 
0.04481800 
0.04490200 
0.04504200 
0.04492000 
0.04550000 
0.04515200 
0.04513000 
0.04505600 
0.04500600 
0.04500000 
0.04494800 
0.04450000 
0.04379000 
0.04378200 
0.04414200 
0.04381100 
0.04376900 
0.04328500 
0.04400000 
0.04410000 
0.04400000 
0.04399700 
0.04394500 
0.04365900 
0.04350700 
0.04340000 
0.04329500 
0.04314600 
0.04320100 
0.04320000 
0.04323700 
0.04312700 
0.04325000 
0.04329800 
0.04329400 
0.04305000 
0.04305000 
0.04313200 
0.04330200 
0.04321200 
0.04335300 
0.04340100 
0.04332200 
0.04356800 
0.04369900 
0.04390000 
0.04405000 
0.04395400 
0.04407900 
0.04387900 
0.04393000 
0.04370800 
0.04370000 
0.04367400 
0.04400300 
0.04417500 
0.04393800 
0.04381500 
0.04356800 
0.04371000 
0.04347600 
0.04340800 
0.04335700 
0.04347400 
0.04332600 
0.04352100 
0.04330500 
0.04329900 
0.04309100 
0.04712500 
0.04718800 
0.04720000 
0.04714200 
0.04706300 
0.04769400 
0.04770400 
0.04770500 
0.04756600 
0.04721200 
0.04729900 
0.04767000 
0.04773600 
0.04799800 
0.04783000 
0.04818700 
0.04847700 
0.04836700 
0.04791600 
0.04812300 
0.04808400 
0.04787000 
0.04775000 
0.04775200 
0.04776100 
0.04751500 
0.04753800 
0.04776700 
0.04778800 
0.04772700 
0.04772600 
0.04749600 
0.04758600 
0.04760000 
0.04778700 
0.04799400 
0.04819100 
0.04824900 
0.04817600 
0.04836600 
0.04850000 
0.04860000 
0.04870000 
0.04840000 
0.04834400 
0.04875000 
0.04836600 
0.04855800 
0.04864900 
0.04880800 
0.04900700 
0.04919800 
0.04906700 
0.04917200 
0.04919600 
0.04929900 
0.04922900 
0.04931200 
0.04931000 
0.04930300 
0.04937300 
0.04905000 
0.04903700 
0.04900000 
0.04893800 
0.04879400 
0.04901600 
0.04906000 
0.04893800 
0.04899900 
0.04882000 
0.04893300 
0.04912100 
0.04911700 
0.04904800 
0.04896000 
0.04910000 
0.04910100 
0.04903500 
0.04938400 
0.04938600 
0.04925000 
0.04944400 
0.04940900 
0.04863000 
0.04882600 
0.04889300 
0.04910000 
0.04786800 
0.04773600 
0.04772700 
0.04743000 
0.04705600 
0.04703400 
0.04745500 
0.04746600 
0.04744900 
0.04745500 
0.04748000 
0.04727200 
0.04775000 
0.04786000 
0.04794900 
0.04790000 
0.04797800 
0.04789700 
0.04779900 
0.04777700 
0.04773400 
0.04757600 
0.04757100 
0.04749900 
0.04778500 
0.04830800 
0.04830500 
0.04834600 
0.04782600 
0.04799000 
0.04794700 
0.04766000 
0.04789600 
0.04765200 
0.04742900 
0.04732800 
0.04743700 
0.04734000 
0.04720000 
0.04699900 
0.04694900 
0.04674000 
0.04699600 
0.04653700 
0.04643200 
0.04635800 
0.04618700 
0.04633500 
0.04639800 
0.04654600 
0.04610000 
0.04628700 
0.04644400 
0.04654100 
0.04686000 
0.04689800 
0.04691700 
0.04697800 
0.04699900 
0.04749900 
0.04768000 
0.04747100 
0.04760500 
0.04795200 
0.04797800 
0.04824600 
0.04804200 
0.04777800 
0.04813100 
0.04813600 
0.04829900 
0.04824400 
0.04825800 
0.04771000 
0.04762700 
0.04748200 
0.04795200 
0.04796000 
0.04795000 
0.04796700 
0.04757100 
0.04747900 
0.04691000 
0.04698600 
0.04700100 
0.04679300 
0.04654700 
0.04633000 
0.04617200 
0.04630000 
0.04599600 
0.04599600 
0.04574100 
0.04569800 
0.04546900 
0.04543000 
0.04544700 
0.04540000 
0.04530100 
0.04545300 
0.04546800 
0.04526500 
0.04479000 
0.04494500 
0.04457000 
0.04488100 
0.04494400 
0.04507200 
0.04511200 
0.04548000 
0.04557100 
0.04564200 
0.04587000 
0.04590600 
0.04627600 
0.04620300 
0.04612700 
0.04631300 
0.04645800 
0.04648900 
0.04604000 
0.04614100 
0.04578600 
0.04549300 
0.04474600 
0.04479100 
0.04461900 
0.04492900 
0.04493800 
0.04460600 
0.04501100 
0.04520200 
0.04536900 
0.04561800 
0.04560000 
0.04575000 
0.04599400 
0.04625100 
0.04645200 
0.04600000 
0.04659700 
0.04626500 
0.04660000 
0.04730000 
0.04730600 
0.04727200 
0.04711900 
0.04698600 
0.04658500 
0.04700600 
0.04700000 
0.04639300 
0.04597500 
0.04590100 
0.04582800 
0.04554900 
0.04555000 
0.04554900 
0.04527400 
0.04528400 
0.04552100 
0.04589900 
0.04612000 
0.04600500 
0.04587000 
0.04559900 
0.04585300 
0.04572100 
0.04580000 
0.04558100 
0.04515200 
0.04549600 
0.04504400 
0.04499800 
0.04505600 
0.04461900 
0.04449900 
0.04460000 
0.04440300 
0.04432400 
0.04450000 
0.04425800 
0.04403000 
0.04412000 
0.04425200 
0.04388300 
0.04360000 
0.04350000 
0.04342200 
0.04341700 
0.04298100 
0.04311500 
0.04276100 
0.04295900 
0.04276000 
0.04318300 
0.04307700 
0.04352800 
0.04315600 
0.04306900 
0.04299700 
0.04301400 
0.04328000 
0.04307600 
0.04305700 
0.04303200 
0.04277000 
0.04303900 
0.04281300 
0.04290000 
0.04302000 
0.04320400 
0.04313000 
0.04352900 
0.04357200 
0.04365000 
0.04371400 
0.04359900 
0.04353900 
0.04359600 
0.04419700 
0.04431500 
0.04455800 
0.04457000 
0.04472700 
0.04478100 
0.04487800 
0.04509100 
0.04499900 
0.04499500 
0.04500000 
0.04479700 
0.04510000 
0.04530400 
0.04524800 
0.04574000 
0.04569900 
0.04548500 
0.04537900 
0.04548400 
0.04550600 
0.04580000 
0.04560000 
0.04564600 
0.04559000 
0.04571300 
0.04555800 
0.04553900 
0.04563800 
0.04575100 
0.04570000 
0.04572400 
0.04551900 
0.04525000 
0.04527400 
0.04577200 
0.04572200 
0.04559300 
0.04524300 
0.04510000 
0.04508400 
0.04499900 
0.04502200 
0.04482400 
0.04480100 
0.04513400 
0.04481400 
0.04478500 
0.04473000 
0.04499500 
0.04475900 
0.04472100 
0.04471900 
0.04489400 
0.04468300 
0.04452100 
0.04434600 
0.04477500 
0.04464600 
0.04495300 
0.04492700 
0.04491000 
0.04464600 
0.04446700 
0.04464800 
0.04426200 
0.04431800 
0.04425000 
0.04403200 
0.04406700 
0.04400000 
0.04410000 
0.04386100 
0.04404100 
0.04405500 
0.04409400 
0.04428700 
0.04441200 
0.04441300 
0.04473900 
0.04436500 
0.04438400 
0.04458800 
0.04454300 
0.04469500 
0.04446700 
0.04462500 
0.04453300 
0.04455400 
0.04473500 
0.04461700 
0.04453200 
0.04463300 
0.04453800 
0.04466700 
0.04472000 
0.04489900 
0.04499000 
0.04481200 
0.04485700 
0.04484800 
0.04480700 
0.04473100 
0.04481800 
0.04490200 
0.04504200 
0.04492000 
0.04550000 
0.04515200 
0.04513000 
0.04505600 
0.04500600 
0.04500000 
0.04494800 
0.04450000 
0.04379000 
0.04378200 
0.04414200 
0.04381100 
0.04376900 
0.04328500 
0.04400000 
0.04410000 
0.04400000 
0.04399700 
0.04394500 
0.04365900 
0.04350700 
0.04340000 
0.04329500 
0.04314600 
0.04320100 
0.04320000 
0.04323700 
0.04312700 
0.04325000 
0.04329800 
0.04329400 
0.04305000 
0.04305000 
0.04313200 
0.04330200 
0.04321200 
0.04335300 
0.04340100 
0.04332200 
0.04356800 
0.04369900 
0.04390000 
0.04405000 
0.04395400 
0.04407900 
0.04387900 
0.04393000 
0.04370800 
0.04370000 
0.04367400 
0.04400300 
0.04417500 
0.04393800 
0.04381500 
0.04356800 
0.04371000 
0.04347600 
0.04340800 
0.04335700 
0.04347400 
0.04332600 
0.04352100 
0.04330500 
0.04329900 
0.04309100 
