0.00012991 
0.00013063 
0.00013069 
0.00013149 
0.00013140 
0.00013104 
0.00013147 
0.00013148 
0.00013085 
0.00013146 
0.00013131 
0.00013060 
0.00013015 
0.00012959 
0.00013098 
0.00013201 
0.00013249 
0.00013194 
0.00013216 
0.00013289 
0.00013232 
0.00013231 
0.00013229 
0.00013220 
0.00013215 
0.00013141 
0.00013161 
0.00013202 
0.00013280 
0.00013240 
0.00013223 
0.00013218 
0.00013190 
0.00013159 
0.00013101 
0.00013083 
0.00013047 
0.00013100 
0.00013050 
0.00013049 
0.00013025 
0.00012954 
0.00012875 
0.00012957 
0.00012995 
0.00012808 
0.00012856 
0.00012781 
0.00012811 
0.00012712 
0.00012587 
0.00012587 
0.00012632 
0.00012650 
0.00012600 
0.00012590 
0.00012575 
0.00012615 
0.00012596 
0.00012529 
0.00012580 
0.00012490 
0.00012457 
0.00012456 
0.00012455 
0.00012426 
0.00012377 
0.00012386 
0.00012425 
0.00012398 
0.00012357 
0.00012347 
0.00012220 
0.00012247 
0.00012129 
0.00012190 
0.00012154 
0.00012168 
0.00012061 
0.00012200 
0.00012308 
0.00012321 
0.00012335 
0.00012302 
0.00012350 
0.00012335 
0.00012269 
0.00012241 
0.00012293 
0.00012330 
0.00012330 
0.00012349 
0.00012350 
0.00012344 
0.00012305 
0.00012211 
0.00012211 
0.00012169 
0.00012093 
0.00012122 
0.00012160 
0.00012304 
0.00012448 
0.00012493 
0.00012583 
0.00012462 
0.00012372 
0.00012435 
0.00012500 
0.00012415 
0.00012402 
0.00012427 
0.00012391 
0.00012288 
0.00012200 
0.00012215 
0.00012197 
0.00012233 
0.00012234 
0.00012154 
0.00012230 
0.00012220 
0.00012271 
0.00012112 
0.00012020 
0.00011932 
0.00011889 
0.00011855 
0.00011803 
0.00011789 
0.00011790 
0.00011783 
0.00011668 
0.00011683 
0.00011730 
0.00011684 
0.00011622 
0.00011602 
0.00011593 
0.00011533 
0.00011523 
0.00011559 
0.00011374 
0.00011397 
0.00011372 
0.00011659 
0.00011719 
0.00011756 
0.00011747 
0.00011800 
0.00011795 
0.00011783 
0.00011699 
0.00011511 
0.00011502 
0.00011500 
0.00011452 
0.00011445 
0.00011447 
0.00011479 
0.00011481 
0.00011452 
0.00011456 
0.00011452 
0.00011389 
0.00011348 
0.00011436 
0.00011461 
0.00011374 
0.00011438 
0.00011401 
0.00011374 
0.00011375 
0.00011411 
0.00011362 
0.00011406 
0.00011251 
0.00011200 
0.00011197 
0.00011149 
0.00011143 
0.00011157 
0.00011138 
0.00011149 
0.00011068 
0.00011078 
0.00011144 
0.00011137 
0.00011162 
0.00011162 
0.00011208 
0.00011140 
0.00011127 
0.00011096 
0.00011067 
0.00011083 
0.00011097 
0.00011081 
0.00011216 
0.00011230 
0.00011244 
0.00011288 
0.00011249 
0.00011255 
0.00011208 
0.00011286 
0.00011254 
0.00011269 
0.00011257 
0.00011285 
0.00011172 
0.00011129 
0.00011172 
0.00011123 
0.00011109 
0.00011183 
0.00011101 
0.00011123 
0.00011125 
0.00011161 
0.00011191 
0.00011156 
0.00011182 
0.00011150 
0.00011193 
0.00011200 
0.00011162 
0.00011125 
0.00011124 
0.00011124 
0.00011083 
0.00011103 
0.00011058 
0.00011063 
0.00011180 
0.00011200 
0.00011214 
0.00011238 
0.00011250 
0.00011150 
0.00011201 
0.00011092 
0.00011001 
0.00010958 
0.00010928 
0.00010900 
0.00010868 
0.00010868 
0.00010804 
0.00010744 
0.00010679 
0.00010620 
0.00010630 
0.00010668 
0.00010616 
0.00010652 
0.00010689 
0.00010690 
0.00010675 
0.00010690 
0.00010698 
0.00010634 
0.00010718 
0.00010722 
0.00010678 
0.00010648 
0.00010614 
0.00010616 
0.00010657 
0.00010680 
0.00010650 
0.00010705 
0.00010704 
0.00010668 
0.00010751 
0.00010889 
0.00010902 
0.00010954 
0.00011005 
0.00011017 
0.00011081 
0.00011144 
0.00011145 
0.00011159 
0.00011170 
0.00011164 
0.00011136 
0.00011073 
0.00011091 
0.00011087 
0.00011083 
0.00011050 
0.00011008 
0.00010966 
0.00011027 
0.00010966 
0.00010965 
0.00010964 
0.00010964 
0.00010979 
0.00010975 
0.00010999 
0.00010997 
0.00010966 
0.00010965 
0.00010994 
0.00010966 
0.00010967 
0.00010993 
0.00010990 
0.00010994 
0.00010964 
0.00010965 
0.00011009 
0.00011030 
0.00011053 
0.00011109 
0.00011010 
0.00011009 
0.00011131 
0.00011198 
0.00011119 
0.00011099 
0.00011084 
0.00011088 
0.00011008 
0.00011071 
0.00011071 
0.00011079 
0.00011047 
0.00011040 
0.00011004 
0.00011013 
0.00011021 
0.00010999 
0.00011009 
0.00011029 
0.00011009 
0.00011009 
0.00010981 
0.00010980 
0.00011009 
0.00011068 
0.00011010 
0.00011035 
0.00011075 
0.00011073 
0.00011084 
0.00011078 
0.00011085 
0.00011047 
0.00011000 
0.00011053 
0.00011067 
0.00011146 
0.00011068 
0.00011100 
0.00011023 
0.00011050 
0.00010994 
0.00011009 
0.00011055 
0.00011066 
0.00011116 
0.00011133 
0.00011141 
0.00011141 
0.00011141 
0.00011147 
0.00011276 
0.00011300 
0.00011339 
0.00011301 
0.00011376 
0.00011417 
0.00011386 
0.00011288 
0.00011288 
0.00011261 
0.00011268 
0.00011218 
0.00011212 
0.00011106 
0.00011027 
0.00011057 
0.00011031 
0.00011050 
0.00011030 
0.00011046 
0.00011153 
0.00011115 
0.00011234 
0.00011280 
0.00011366 
0.00011280 
0.00011280 
0.00011289 
0.00011277 
0.00011363 
0.00011450 
0.00011438 
0.00011556 
0.00011595 
0.00011525 
0.00011533 
0.00011432 
0.00011500 
0.00011462 
0.00011668 
0.00011694 
0.00011691 
0.00011602 
0.00011593 
0.00011643 
0.00011682 
0.00011673 
0.00011698 
0.00011588 
0.00011639 
0.00011655 
0.00011649 
0.00011607 
0.00011762 
0.00011753 
0.00011789 
0.00011811 
0.00011871 
0.00011937 
0.00012000 
0.00011959 
0.00011904 
0.00011838 
0.00011785 
0.00011821 
0.00011812 
0.00011813 
0.00011759 
0.00011820 
0.00011773 
0.00011819 
0.00011749 
0.00011779 
0.00011742 
0.00011820 
0.00011804 
0.00011775 
0.00011799 
0.00011810 
0.00011892 
0.00011789 
0.00011758 
0.00011821 
0.00011772 
0.00011781 
0.00011839 
0.00011756 
0.00011827 
0.00011873 
0.00012031 
0.00012090 
0.00012166 
0.00012193 
0.00012170 
0.00012212 
0.00012176 
0.00012075 
0.00012108 
0.00012075 
0.00012065 
0.00012079 
0.00012012 
0.00011994 
0.00011956 
0.00011934 
0.00011998 
0.00012020 
0.00012031 
0.00012022 
0.00011954 
0.00011969 
0.00012991 
0.00013063 
0.00013069 
0.00013149 
0.00013140 
0.00013104 
0.00013147 
0.00013148 
0.00013085 
0.00013146 
0.00013131 
0.00013060 
0.00013015 
0.00012959 
0.00013098 
0.00013201 
0.00013249 
0.00013194 
0.00013216 
0.00013289 
0.00013232 
0.00013231 
0.00013229 
0.00013220 
0.00013215 
0.00013141 
0.00013161 
0.00013202 
0.00013280 
0.00013240 
0.00013223 
0.00013218 
0.00013190 
0.00013159 
0.00013101 
0.00013083 
0.00013047 
0.00013100 
0.00013050 
0.00013049 
0.00013025 
0.00012954 
0.00012875 
0.00012957 
0.00012995 
0.00012808 
0.00012856 
0.00012781 
0.00012811 
0.00012712 
0.00012587 
0.00012587 
0.00012632 
0.00012650 
0.00012600 
0.00012590 
0.00012575 
0.00012615 
0.00012596 
0.00012529 
0.00012580 
0.00012490 
0.00012457 
0.00012456 
0.00012455 
0.00012426 
0.00012377 
0.00012386 
0.00012425 
0.00012398 
0.00012357 
0.00012347 
0.00012220 
0.00012247 
0.00012129 
0.00012190 
0.00012154 
0.00012168 
0.00012061 
0.00012200 
0.00012308 
0.00012321 
0.00012335 
0.00012302 
0.00012350 
0.00012335 
0.00012269 
0.00012241 
0.00012293 
0.00012330 
0.00012330 
0.00012349 
0.00012350 
0.00012344 
0.00012305 
0.00012211 
0.00012211 
0.00012169 
0.00012093 
0.00012122 
0.00012160 
0.00012304 
0.00012448 
0.00012493 
0.00012583 
0.00012462 
0.00012372 
0.00012435 
0.00012500 
0.00012415 
0.00012402 
0.00012427 
0.00012391 
0.00012288 
0.00012200 
0.00012215 
0.00012197 
0.00012233 
0.00012234 
0.00012154 
0.00012230 
0.00012220 
0.00012271 
0.00012112 
0.00012020 
0.00011932 
0.00011889 
0.00011855 
0.00011803 
0.00011789 
0.00011790 
0.00011783 
0.00011668 
0.00011683 
0.00011730 
0.00011684 
0.00011622 
0.00011602 
0.00011593 
0.00011533 
0.00011523 
0.00011559 
0.00011374 
0.00011397 
0.00011372 
0.00011659 
0.00011719 
0.00011756 
0.00011747 
0.00011800 
0.00011795 
0.00011783 
0.00011699 
0.00011511 
0.00011502 
0.00011500 
0.00011452 
0.00011445 
0.00011447 
0.00011479 
0.00011481 
0.00011452 
0.00011456 
0.00011452 
0.00011389 
0.00011348 
0.00011436 
0.00011461 
0.00011374 
0.00011438 
0.00011401 
0.00011374 
0.00011375 
0.00011411 
0.00011362 
0.00011406 
0.00011251 
0.00011200 
0.00011197 
0.00011149 
0.00011143 
0.00011157 
0.00011138 
0.00011149 
0.00011068 
0.00011078 
0.00011144 
0.00011137 
0.00011162 
0.00011162 
0.00011208 
0.00011140 
0.00011127 
0.00011096 
0.00011067 
0.00011083 
0.00011097 
0.00011081 
0.00011216 
0.00011230 
0.00011244 
0.00011288 
0.00011249 
0.00011255 
0.00011208 
0.00011286 
0.00011254 
0.00011269 
0.00011257 
0.00011285 
0.00011172 
0.00011129 
0.00011172 
0.00011123 
0.00011109 
0.00011183 
0.00011101 
0.00011123 
0.00011125 
0.00011161 
0.00011191 
0.00011156 
0.00011182 
0.00011150 
0.00011193 
0.00011200 
0.00011162 
0.00011125 
0.00011124 
0.00011124 
0.00011083 
0.00011103 
0.00011058 
0.00011063 
0.00011180 
0.00011200 
0.00011214 
0.00011238 
0.00011250 
0.00011150 
0.00011201 
0.00011092 
0.00011001 
0.00010958 
0.00010928 
0.00010900 
0.00010868 
0.00010868 
0.00010804 
0.00010744 
0.00010679 
0.00010620 
0.00010630 
0.00010668 
0.00010616 
0.00010652 
0.00010689 
0.00010690 
0.00010675 
0.00010690 
0.00010698 
0.00010634 
0.00010718 
0.00010722 
0.00010678 
0.00010648 
0.00010614 
0.00010616 
0.00010657 
0.00010680 
0.00010650 
0.00010705 
0.00010704 
0.00010668 
0.00010751 
0.00010889 
0.00010902 
0.00010954 
0.00011005 
0.00011017 
0.00011081 
0.00011144 
0.00011145 
0.00011159 
0.00011170 
0.00011164 
0.00011136 
0.00011073 
0.00011091 
0.00011087 
0.00011083 
0.00011050 
0.00011008 
0.00010966 
0.00011027 
0.00010966 
0.00010965 
0.00010964 
0.00010964 
0.00010979 
0.00010975 
0.00010999 
0.00010997 
0.00010966 
0.00010965 
0.00010994 
0.00010966 
0.00010967 
0.00010993 
0.00010990 
0.00010994 
0.00010964 
0.00010965 
0.00011009 
0.00011030 
0.00011053 
0.00011109 
0.00011010 
0.00011009 
0.00011131 
0.00011198 
0.00011119 
0.00011099 
0.00011084 
0.00011088 
0.00011008 
0.00011071 
0.00011071 
0.00011079 
0.00011047 
0.00011040 
0.00011004 
0.00011013 
0.00011021 
0.00010999 
0.00011009 
0.00011029 
0.00011009 
0.00011009 
0.00010981 
0.00010980 
0.00011009 
0.00011068 
0.00011010 
0.00011035 
0.00011075 
0.00011073 
0.00011084 
0.00011078 
0.00011085 
0.00011047 
0.00011000 
0.00011053 
0.00011067 
0.00011146 
0.00011068 
0.00011100 
0.00011023 
0.00011050 
0.00010994 
0.00011009 
0.00011055 
0.00011066 
0.00011116 
0.00011133 
0.00011141 
0.00011141 
0.00011141 
0.00011147 
0.00011276 
0.00011300 
0.00011339 
0.00011301 
0.00011376 
0.00011417 
0.00011386 
0.00011288 
0.00011288 
0.00011261 
0.00011268 
0.00011218 
0.00011212 
0.00011106 
0.00011027 
0.00011057 
0.00011031 
0.00011050 
0.00011030 
0.00011046 
0.00011153 
0.00011115 
0.00011234 
0.00011280 
0.00011366 
0.00011280 
0.00011280 
0.00011289 
0.00011277 
0.00011363 
0.00011450 
0.00011438 
0.00011556 
0.00011595 
0.00011525 
0.00011533 
0.00011432 
0.00011500 
0.00011462 
0.00011668 
0.00011694 
0.00011691 
0.00011602 
0.00011593 
0.00011643 
0.00011682 
0.00011673 
0.00011698 
0.00011588 
0.00011639 
0.00011655 
0.00011649 
0.00011607 
0.00011762 
0.00011753 
0.00011789 
0.00011811 
0.00011871 
0.00011937 
0.00012000 
0.00011959 
0.00011904 
0.00011838 
0.00011785 
0.00011821 
0.00011812 
0.00011813 
0.00011759 
0.00011820 
0.00011773 
0.00011819 
0.00011749 
0.00011779 
0.00011742 
0.00011820 
0.00011804 
0.00011775 
0.00011799 
0.00011810 
0.00011892 
0.00011789 
0.00011758 
0.00011821 
0.00011772 
0.00011781 
0.00011839 
0.00011756 
0.00011827 
0.00011873 
0.00012031 
0.00012090 
0.00012166 
0.00012193 
0.00012170 
0.00012212 
0.00012176 
0.00012075 
0.00012108 
0.00012075 
0.00012065 
0.00012079 
0.00012012 
0.00011994 
0.00011956 
0.00011934 
0.00011998 
0.00012020 
0.00012031 
0.00012022 
0.00011954 
0.00011969 
0.00012991 
0.00013063 
0.00013069 
0.00013149 
0.00013140 
0.00013104 
0.00013147 
0.00013148 
0.00013085 
0.00013146 
0.00013131 
0.00013060 
0.00013015 
0.00012959 
0.00013098 
0.00013201 
0.00013249 
0.00013194 
0.00013216 
0.00013289 
0.00013232 
0.00013231 
0.00013229 
0.00013220 
0.00013215 
0.00013141 
0.00013161 
0.00013202 
0.00013280 
0.00013240 
0.00013223 
0.00013218 
0.00013190 
0.00013159 
0.00013101 
0.00013083 
0.00013047 
0.00013100 
0.00013050 
0.00013049 
0.00013025 
0.00012954 
0.00012875 
0.00012957 
0.00012995 
0.00012808 
0.00012856 
0.00012781 
0.00012811 
0.00012712 
0.00012587 
0.00012587 
0.00012632 
0.00012650 
0.00012600 
0.00012590 
0.00012575 
0.00012615 
0.00012596 
0.00012529 
0.00012580 
0.00012490 
0.00012457 
0.00012456 
0.00012455 
0.00012426 
0.00012377 
0.00012386 
0.00012425 
0.00012398 
0.00012357 
0.00012347 
0.00012220 
0.00012247 
0.00012129 
0.00012190 
0.00012154 
0.00012168 
0.00012061 
0.00012200 
0.00012308 
0.00012321 
0.00012335 
0.00012302 
0.00012350 
0.00012335 
0.00012269 
0.00012241 
0.00012293 
0.00012330 
0.00012330 
0.00012349 
0.00012350 
0.00012344 
0.00012305 
0.00012211 
0.00012211 
0.00012169 
0.00012093 
0.00012122 
0.00012160 
0.00012304 
0.00012448 
0.00012493 
0.00012583 
0.00012462 
0.00012372 
0.00012435 
0.00012500 
0.00012415 
0.00012402 
0.00012427 
0.00012391 
0.00012288 
0.00012200 
0.00012215 
0.00012197 
0.00012233 
0.00012234 
0.00012154 
0.00012230 
0.00012220 
0.00012271 
0.00012112 
0.00012020 
0.00011932 
0.00011889 
0.00011855 
0.00011803 
0.00011789 
0.00011790 
0.00011783 
0.00011668 
0.00011683 
0.00011730 
0.00011684 
0.00011622 
0.00011602 
0.00011593 
0.00011533 
0.00011523 
0.00011559 
0.00011374 
0.00011397 
0.00011372 
0.00011659 
0.00011719 
0.00011756 
0.00011747 
0.00011800 
0.00011795 
0.00011783 
0.00011699 
0.00011511 
0.00011502 
0.00011500 
0.00011452 
0.00011445 
0.00011447 
0.00011479 
0.00011481 
0.00011452 
0.00011456 
0.00011452 
0.00011389 
0.00011348 
0.00011436 
0.00011461 
0.00011374 
0.00011438 
0.00011401 
0.00011374 
0.00011375 
0.00011411 
0.00011362 
0.00011406 
0.00011251 
0.00011200 
0.00011197 
0.00011149 
0.00011143 
0.00011157 
0.00011138 
0.00011149 
0.00011068 
0.00011078 
0.00011144 
0.00011137 
0.00011162 
0.00011162 
0.00011208 
0.00011140 
0.00011127 
0.00011096 
0.00011067 
0.00011083 
0.00011097 
0.00011081 
0.00011216 
0.00011230 
0.00011244 
0.00011288 
0.00011249 
0.00011255 
0.00011208 
0.00011286 
0.00011254 
0.00011269 
0.00011257 
0.00011285 
0.00011172 
0.00011129 
0.00011172 
0.00011123 
0.00011109 
0.00011183 
0.00011101 
0.00011123 
0.00011125 
0.00011161 
0.00011191 
0.00011156 
0.00011182 
0.00011150 
0.00011193 
0.00011200 
0.00011162 
0.00011125 
0.00011124 
0.00011124 
0.00011083 
0.00011103 
0.00011058 
0.00011063 
0.00011180 
0.00011200 
0.00011214 
0.00011238 
0.00011250 
0.00011150 
0.00011201 
0.00011092 
0.00011001 
0.00010958 
0.00010928 
0.00010900 
0.00010868 
0.00010868 
0.00010804 
0.00010744 
0.00010679 
0.00010620 
0.00010630 
0.00010668 
0.00010616 
0.00010652 
0.00010689 
0.00010690 
0.00010675 
0.00010690 
0.00010698 
0.00010634 
0.00010718 
0.00010722 
0.00010678 
0.00010648 
0.00010614 
0.00010616 
0.00010657 
0.00010680 
0.00010650 
0.00010705 
0.00010704 
0.00010668 
0.00010751 
0.00010889 
0.00010902 
0.00010954 
0.00011005 
0.00011017 
0.00011081 
0.00011144 
0.00011145 
0.00011159 
0.00011170 
0.00011164 
0.00011136 
0.00011073 
0.00011091 
0.00011087 
0.00011083 
0.00011050 
0.00011008 
0.00010966 
0.00011027 
0.00010966 
0.00010965 
0.00010964 
0.00010964 
0.00010979 
0.00010975 
0.00010999 
0.00010997 
0.00010966 
0.00010965 
0.00010994 
0.00010966 
0.00010967 
0.00010993 
0.00010990 
0.00010994 
0.00010964 
0.00010965 
0.00011009 
0.00011030 
0.00011053 
0.00011109 
0.00011010 
0.00011009 
0.00011131 
0.00011198 
0.00011119 
0.00011099 
0.00011084 
0.00011088 
0.00011008 
0.00011071 
0.00011071 
0.00011079 
0.00011047 
0.00011040 
0.00011004 
0.00011013 
0.00011021 
0.00010999 
0.00011009 
0.00011029 
0.00011009 
0.00011009 
0.00010981 
0.00010980 
0.00011009 
0.00011068 
0.00011010 
0.00011035 
0.00011075 
0.00011073 
0.00011084 
0.00011078 
0.00011085 
0.00011047 
0.00011000 
0.00011053 
0.00011067 
0.00011146 
0.00011068 
0.00011100 
0.00011023 
0.00011050 
0.00010994 
0.00011009 
0.00011055 
0.00011066 
0.00011116 
0.00011133 
0.00011141 
0.00011141 
0.00011141 
0.00011147 
0.00011276 
0.00011300 
0.00011339 
0.00011301 
0.00011376 
0.00011417 
0.00011386 
0.00011288 
0.00011288 
0.00011261 
0.00011268 
0.00011218 
0.00011212 
0.00011106 
0.00011027 
0.00011057 
0.00011031 
0.00011050 
0.00011030 
0.00011046 
0.00011153 
0.00011115 
0.00011234 
0.00011280 
0.00011366 
0.00011280 
0.00011280 
0.00011289 
0.00011277 
0.00011363 
0.00011450 
0.00011438 
0.00011556 
0.00011595 
0.00011525 
0.00011533 
0.00011432 
0.00011500 
0.00011462 
0.00011668 
0.00011694 
0.00011691 
0.00011602 
0.00011593 
0.00011643 
0.00011682 
0.00011673 
0.00011698 
0.00011588 
0.00011639 
0.00011655 
0.00011649 
0.00011607 
0.00011762 
0.00011753 
0.00011789 
0.00011811 
0.00011871 
0.00011937 
0.00012000 
0.00011959 
0.00011904 
0.00011838 
0.00011785 
0.00011821 
0.00011812 
0.00011813 
0.00011759 
0.00011820 
0.00011773 
0.00011819 
0.00011749 
0.00011779 
0.00011742 
0.00011820 
0.00011804 
0.00011775 
0.00011799 
0.00011810 
0.00011892 
0.00011789 
0.00011758 
0.00011821 
0.00011772 
0.00011781 
0.00011839 
0.00011756 
0.00011827 
0.00011873 
0.00012031 
0.00012090 
0.00012166 
0.00012193 
0.00012170 
0.00012212 
0.00012176 
0.00012075 
0.00012108 
0.00012075 
0.00012065 
0.00012079 
0.00012012 
0.00011994 
0.00011956 
0.00011934 
0.00011998 
0.00012020 
0.00012031 
0.00012022 
0.00011954 
0.00011969 
