0.00012979 
0.00012991 
0.00013051 
0.00013018 
0.00013120 
0.00013140 
0.00013149 
0.00013100 
0.00013149 
0.00013149 
0.00013150 
0.00013083 
0.00013060 
0.00013047 
0.00012925 
0.00013098 
0.00013239 
0.00013250 
0.00013247 
0.00013218 
0.00013236 
0.00013232 
0.00013232 
0.00013181 
0.00013173 
0.00013124 
0.00013100 
0.00013161 
0.00013222 
0.00013281 
0.00013238 
0.00013290 
0.00013219 
0.00013190 
0.00013159 
0.00013090 
0.00013080 
0.00012990 
0.00013100 
0.00013047 
0.00013031 
0.00013025 
0.00012954 
0.00012902 
0.00012954 
0.00012947 
0.00012808 
0.00012856 
0.00012729 
0.00012817 
0.00012711 
0.00012585 
0.00012586 
0.00012632 
0.00012650 
0.00012600 
0.00012590 
0.00012575 
0.00012556 
0.00012621 
0.00012559 
0.00012555 
0.00012488 
0.00012467 
0.00012456 
0.00012406 
0.00012450 
0.00012420 
0.00012386 
0.00012425 
0.00012349 
0.00012397 
0.00012349 
0.00012193 
0.00012195 
0.00012129 
0.00012119 
0.00012126 
0.00012169 
0.00012122 
0.00012213 
0.00012310 
0.00012320 
0.00012335 
0.00012370 
0.00012349 
0.00012270 
0.00012275 
0.00012244 
0.00012320 
0.00012370 
0.00012326 
0.00012357 
0.00012352 
0.00012308 
0.00012294 
0.00012211 
0.00012211 
0.00012240 
0.00012109 
0.00012148 
0.00012199 
0.00012294 
0.00012485 
0.00012493 
0.00012550 
0.00012411 
0.00012370 
0.00012431 
0.00012500 
0.00012415 
0.00012402 
0.00012427 
0.00012392 
0.00012288 
0.00012200 
0.00012215 
0.00012113 
0.00012236 
0.00012156 
0.00012154 
0.00012242 
0.00012220 
0.00012213 
0.00012114 
0.00012020 
0.00011932 
0.00011840 
0.00011796 
0.00011790 
0.00011783 
0.00011800 
0.00011739 
0.00011700 
0.00011700 
0.00011730 
0.00011649 
0.00011603 
0.00011600 
0.00011532 
0.00011520 
0.00011515 
0.00011559 
0.00011350 
0.00011398 
0.00011372 
0.00011679 
0.00011728 
0.00011758 
0.00011747 
0.00011800 
0.00011795 
0.00011784 
0.00011700 
0.00011480 
0.00011468 
0.00011500 
0.00011495 
0.00011444 
0.00011498 
0.00011479 
0.00011481 
0.00011452 
0.00011462 
0.00011464 
0.00011359 
0.00011347 
0.00011392 
0.00011461 
0.00011417 
0.00011375 
0.00011374 
0.00011374 
0.00011374 
0.00011349 
0.00011309 
0.00011270 
0.00011251 
0.00011200 
0.00011153 
0.00011149 
0.00011138 
0.00011157 
0.00011149 
0.00011097 
0.00011056 
0.00011136 
0.00011144 
0.00011090 
0.00011162 
0.00011164 
0.00011204 
0.00011122 
0.00011082 
0.00011083 
0.00011082 
0.00011052 
0.00011081 
0.00011054 
0.00011127 
0.00011230 
0.00011244 
0.00011288 
0.00011222 
0.00011260 
0.00011207 
0.00011215 
0.00011254 
0.00011160 
0.00011312 
0.00011212 
0.00011238 
0.00011172 
0.00011128 
0.00011113 
0.00011111 
0.00011183 
0.00011091 
0.00011116 
0.00011131 
0.00011161 
0.00011156 
0.00011206 
0.00011197 
0.00011168 
0.00011136 
0.00011208 
0.00011171 
0.00011115 
0.00011080 
0.00011080 
0.00011110 
0.00011091 
0.00011097 
0.00011062 
0.00011180 
0.00011200 
0.00011214 
0.00011242 
0.00011250 
0.00011189 
0.00011143 
0.00011093 
0.00011000 
0.00010956 
0.00010948 
0.00010878 
0.00010869 
0.00010858 
0.00010845 
0.00010744 
0.00010679 
0.00010631 
0.00010630 
0.00010669 
0.00010600 
0.00010690 
0.00010651 
0.00010689 
0.00010693 
0.00010691 
0.00010690 
0.00010699 
0.00010678 
0.00010722 
0.00010678 
0.00010648 
0.00010614 
0.00010657 
0.00010657 
0.00010717 
0.00010650 
0.00010748 
0.00010703 
0.00010730 
0.00010751 
0.00010826 
0.00010902 
0.00010951 
0.00011000 
0.00011082 
0.00011022 
0.00011143 
0.00011089 
0.00011160 
0.00011173 
0.00011138 
0.00011126 
0.00011070 
0.00011085 
0.00011053 
0.00011091 
0.00011045 
0.00011008 
0.00010965 
0.00011028 
0.00010965 
0.00010965 
0.00010964 
0.00010964 
0.00010979 
0.00010975 
0.00010999 
0.00010964 
0.00010965 
0.00010965 
0.00010994 
0.00010967 
0.00010996 
0.00010993 
0.00010990 
0.00010964 
0.00010964 
0.00010964 
0.00011009 
0.00011031 
0.00011063 
0.00011044 
0.00011009 
0.00011056 
0.00011127 
0.00011122 
0.00011119 
0.00011099 
0.00011085 
0.00011090 
0.00011058 
0.00011116 
0.00011070 
0.00011090 
0.00011080 
0.00011013 
0.00011004 
0.00011013 
0.00011022 
0.00010992 
0.00011009 
0.00011009 
0.00011009 
0.00011009 
0.00010981 
0.00010984 
0.00011004 
0.00011004 
0.00011025 
0.00011044 
0.00011076 
0.00011073 
0.00011103 
0.00011080 
0.00011085 
0.00011030 
0.00011078 
0.00011092 
0.00011121 
0.00011149 
0.00011068 
0.00011055 
0.00011068 
0.00011050 
0.00011020 
0.00011009 
0.00011055 
0.00011115 
0.00011110 
0.00011161 
0.00011141 
0.00011161 
0.00011161 
0.00011162 
0.00011231 
0.00011344 
0.00011345 
0.00011301 
0.00011373 
0.00011478 
0.00011380 
0.00011309 
0.00011288 
0.00011196 
0.00011268 
0.00011218 
0.00011172 
0.00011109 
0.00011027 
0.00011051 
0.00011039 
0.00011062 
0.00011030 
0.00011103 
0.00011153 
0.00011127 
0.00011200 
0.00011290 
0.00011429 
0.00011282 
0.00011334 
0.00011244 
0.00011276 
0.00011364 
0.00011457 
0.00011400 
0.00011599 
0.00011616 
0.00011525 
0.00011496 
0.00011517 
0.00011494 
0.00011505 
0.00011668 
0.00011694 
0.00011678 
0.00011665 
0.00011593 
0.00011638 
0.00011676 
0.00011683 
0.00011698 
0.00011588 
0.00011657 
0.00011661 
0.00011649 
0.00011600 
0.00011700 
0.00011808 
0.00011811 
0.00011812 
0.00011900 
0.00011988 
0.00011972 
0.00011904 
0.00011868 
0.00011904 
0.00011785 
0.00011844 
0.00011755 
0.00011768 
0.00011734 
0.00011820 
0.00011819 
0.00011820 
0.00011767 
0.00011781 
0.00011739 
0.00011812 
0.00011805 
0.00011811 
0.00011755 
0.00011720 
0.00011887 
0.00011786 
0.00011794 
0.00011755 
0.00011771 
0.00011818 
0.00011842 
0.00011753 
0.00011827 
0.00011879 
0.00012030 
0.00012121 
0.00012174 
0.00012196 
0.00012170 
0.00012212 
0.00012181 
0.00012075 
0.00012077 
0.00012078 
0.00012065 
0.00012037 
0.00012048 
0.00011994 
0.00011956 
0.00011934 
0.00011998 
0.00012020 
0.00012033 
0.00011967 
0.00011954 
0.00012976 
0.00012991 
0.00013051 
0.00013018 
0.00013120 
0.00013140 
0.00013149 
0.00013100 
0.00013149 
0.00013149 
0.00013150 
0.00013083 
0.00013060 
0.00013047 
0.00012925 
0.00013098 
0.00013239 
0.00013250 
0.00013247 
0.00013218 
0.00013236 
0.00013232 
0.00013232 
0.00013181 
0.00013173 
0.00013124 
0.00013100 
0.00013161 
0.00013222 
0.00013281 
0.00013238 
0.00013290 
0.00013219 
0.00013190 
0.00013159 
0.00013090 
0.00013080 
0.00012990 
0.00013100 
0.00013047 
0.00013031 
0.00013025 
0.00012954 
0.00012902 
0.00012954 
0.00012947 
0.00012808 
0.00012856 
0.00012729 
0.00012817 
0.00012711 
0.00012585 
0.00012586 
0.00012632 
0.00012650 
0.00012600 
0.00012590 
0.00012575 
0.00012556 
0.00012621 
0.00012559 
0.00012555 
0.00012488 
0.00012467 
0.00012456 
0.00012406 
0.00012450 
0.00012420 
0.00012386 
0.00012425 
0.00012349 
0.00012397 
0.00012349 
0.00012193 
0.00012195 
0.00012129 
0.00012119 
0.00012126 
0.00012169 
0.00012122 
0.00012213 
0.00012310 
0.00012320 
0.00012335 
0.00012370 
0.00012349 
0.00012270 
0.00012275 
0.00012244 
0.00012320 
0.00012370 
0.00012326 
0.00012357 
0.00012352 
0.00012308 
0.00012294 
0.00012211 
0.00012211 
0.00012240 
0.00012109 
0.00012148 
0.00012199 
0.00012294 
0.00012485 
0.00012493 
0.00012550 
0.00012411 
0.00012370 
0.00012431 
0.00012500 
0.00012415 
0.00012402 
0.00012427 
0.00012392 
0.00012288 
0.00012200 
0.00012215 
0.00012113 
0.00012236 
0.00012156 
0.00012154 
0.00012242 
0.00012220 
0.00012213 
0.00012114 
0.00012020 
0.00011932 
0.00011840 
0.00011796 
0.00011790 
0.00011783 
0.00011800 
0.00011739 
0.00011700 
0.00011700 
0.00011730 
0.00011649 
0.00011603 
0.00011600 
0.00011532 
0.00011520 
0.00011515 
0.00011559 
0.00011350 
0.00011398 
0.00011372 
0.00011679 
0.00011728 
0.00011758 
0.00011747 
0.00011800 
0.00011795 
0.00011784 
0.00011700 
0.00011480 
0.00011468 
0.00011500 
0.00011495 
0.00011444 
0.00011498 
0.00011479 
0.00011481 
0.00011452 
0.00011462 
0.00011464 
0.00011359 
0.00011347 
0.00011392 
0.00011461 
0.00011417 
0.00011375 
0.00011374 
0.00011374 
0.00011374 
0.00011349 
0.00011309 
0.00011270 
0.00011251 
0.00011200 
0.00011153 
0.00011149 
0.00011138 
0.00011157 
0.00011149 
0.00011097 
0.00011056 
0.00011136 
0.00011144 
0.00011090 
0.00011162 
0.00011164 
0.00011204 
0.00011122 
0.00011082 
0.00011083 
0.00011082 
0.00011052 
0.00011081 
0.00011054 
0.00011127 
0.00011230 
0.00011244 
0.00011288 
0.00011222 
0.00011260 
0.00011207 
0.00011215 
0.00011254 
0.00011160 
0.00011312 
0.00011212 
0.00011238 
0.00011172 
0.00011128 
0.00011113 
0.00011111 
0.00011183 
0.00011091 
0.00011116 
0.00011131 
0.00011161 
0.00011156 
0.00011206 
0.00011197 
0.00011168 
0.00011136 
0.00011208 
0.00011171 
0.00011115 
0.00011080 
0.00011080 
0.00011110 
0.00011091 
0.00011097 
0.00011062 
0.00011180 
0.00011200 
0.00011214 
0.00011242 
0.00011250 
0.00011189 
0.00011143 
0.00011093 
0.00011000 
0.00010956 
0.00010948 
0.00010878 
0.00010869 
0.00010858 
0.00010845 
0.00010744 
0.00010679 
0.00010631 
0.00010630 
0.00010669 
0.00010600 
0.00010690 
0.00010651 
0.00010689 
0.00010693 
0.00010691 
0.00010690 
0.00010699 
0.00010678 
0.00010722 
0.00010678 
0.00010648 
0.00010614 
0.00010657 
0.00010657 
0.00010717 
0.00010650 
0.00010748 
0.00010703 
0.00010730 
0.00010751 
0.00010826 
0.00010902 
0.00010951 
0.00011000 
0.00011082 
0.00011022 
0.00011143 
0.00011089 
0.00011160 
0.00011173 
0.00011138 
0.00011126 
0.00011070 
0.00011085 
0.00011053 
0.00011091 
0.00011045 
0.00011008 
0.00010965 
0.00011028 
0.00010965 
0.00010965 
0.00010964 
0.00010964 
0.00010979 
0.00010975 
0.00010999 
0.00010964 
0.00010965 
0.00010965 
0.00010994 
0.00010967 
0.00010996 
0.00010993 
0.00010990 
0.00010964 
0.00010964 
0.00010964 
0.00011009 
0.00011031 
0.00011063 
0.00011044 
0.00011009 
0.00011056 
0.00011127 
0.00011122 
0.00011119 
0.00011099 
0.00011085 
0.00011090 
0.00011058 
0.00011116 
0.00011070 
0.00011090 
0.00011080 
0.00011013 
0.00011004 
0.00011013 
0.00011022 
0.00010992 
0.00011009 
0.00011009 
0.00011009 
0.00011009 
0.00010981 
0.00010984 
0.00011004 
0.00011004 
0.00011025 
0.00011044 
0.00011076 
0.00011073 
0.00011103 
0.00011080 
0.00011085 
0.00011030 
0.00011078 
0.00011092 
0.00011121 
0.00011149 
0.00011068 
0.00011055 
0.00011068 
0.00011050 
0.00011020 
0.00011009 
0.00011055 
0.00011115 
0.00011110 
0.00011161 
0.00011141 
0.00011161 
0.00011161 
0.00011162 
0.00011231 
0.00011344 
0.00011345 
0.00011301 
0.00011373 
0.00011478 
0.00011380 
0.00011309 
0.00011288 
0.00011196 
0.00011268 
0.00011218 
0.00011172 
0.00011109 
0.00011027 
0.00011051 
0.00011039 
0.00011062 
0.00011030 
0.00011103 
0.00011153 
0.00011127 
0.00011200 
0.00011290 
0.00011429 
0.00011282 
0.00011334 
0.00011244 
0.00011276 
0.00011364 
0.00011457 
0.00011400 
0.00011599 
0.00011616 
0.00011525 
0.00011496 
0.00011517 
0.00011494 
0.00011505 
0.00011668 
0.00011694 
0.00011678 
0.00011665 
0.00011593 
0.00011638 
0.00011676 
0.00011683 
0.00011698 
0.00011588 
0.00011657 
0.00011661 
0.00011649 
0.00011600 
0.00011700 
0.00011808 
0.00011811 
0.00011812 
0.00011900 
0.00011988 
0.00011972 
0.00011904 
0.00011868 
0.00011904 
0.00011785 
0.00011844 
0.00011755 
0.00011768 
0.00011734 
0.00011820 
0.00011819 
0.00011820 
0.00011767 
0.00011781 
0.00011739 
0.00011812 
0.00011805 
0.00011811 
0.00011755 
0.00011720 
0.00011887 
0.00011786 
0.00011794 
0.00011755 
0.00011771 
0.00011818 
0.00011842 
0.00011753 
0.00011827 
0.00011879 
0.00012030 
0.00012121 
0.00012174 
0.00012196 
0.00012170 
0.00012212 
0.00012181 
0.00012075 
0.00012077 
0.00012078 
0.00012065 
0.00012037 
0.00012048 
0.00011994 
0.00011956 
0.00011934 
0.00011998 
0.00012020 
0.00012033 
0.00011967 
0.00011954 
0.00012976 
0.00012991 
0.00013051 
0.00013018 
0.00013120 
0.00013140 
0.00013149 
0.00013100 
0.00013149 
0.00013149 
0.00013150 
0.00013083 
0.00013060 
0.00013047 
0.00012925 
0.00013098 
0.00013239 
0.00013250 
0.00013247 
0.00013218 
0.00013236 
0.00013232 
0.00013232 
0.00013181 
0.00013173 
0.00013124 
0.00013100 
0.00013161 
0.00013222 
0.00013281 
0.00013238 
0.00013290 
0.00013219 
0.00013190 
0.00013159 
0.00013090 
0.00013080 
0.00012990 
0.00013100 
0.00013047 
0.00013031 
0.00013025 
0.00012954 
0.00012902 
0.00012954 
0.00012947 
0.00012808 
0.00012856 
0.00012729 
0.00012817 
0.00012711 
0.00012585 
0.00012586 
0.00012632 
0.00012650 
0.00012600 
0.00012590 
0.00012575 
0.00012556 
0.00012621 
0.00012559 
0.00012555 
0.00012488 
0.00012467 
0.00012456 
0.00012406 
0.00012450 
0.00012420 
0.00012386 
0.00012425 
0.00012349 
0.00012397 
0.00012349 
0.00012193 
0.00012195 
0.00012129 
0.00012119 
0.00012126 
0.00012169 
0.00012122 
0.00012213 
0.00012310 
0.00012320 
0.00012335 
0.00012370 
0.00012349 
0.00012270 
0.00012275 
0.00012244 
0.00012320 
0.00012370 
0.00012326 
0.00012357 
0.00012352 
0.00012308 
0.00012294 
0.00012211 
0.00012211 
0.00012240 
0.00012109 
0.00012148 
0.00012199 
0.00012294 
0.00012485 
0.00012493 
0.00012550 
0.00012411 
0.00012370 
0.00012431 
0.00012500 
0.00012415 
0.00012402 
0.00012427 
0.00012392 
0.00012288 
0.00012200 
0.00012215 
0.00012113 
0.00012236 
0.00012156 
0.00012154 
0.00012242 
0.00012220 
0.00012213 
0.00012114 
0.00012020 
0.00011932 
0.00011840 
0.00011796 
0.00011790 
0.00011783 
0.00011800 
0.00011739 
0.00011700 
0.00011700 
0.00011730 
0.00011649 
0.00011603 
0.00011600 
0.00011532 
0.00011520 
0.00011515 
0.00011559 
0.00011350 
0.00011398 
0.00011372 
0.00011679 
0.00011728 
0.00011758 
0.00011747 
0.00011800 
0.00011795 
0.00011784 
0.00011700 
0.00011480 
0.00011468 
0.00011500 
0.00011495 
0.00011444 
0.00011498 
0.00011479 
0.00011481 
0.00011452 
0.00011462 
0.00011464 
0.00011359 
0.00011347 
0.00011392 
0.00011461 
0.00011417 
0.00011375 
0.00011374 
0.00011374 
0.00011374 
0.00011349 
0.00011309 
0.00011270 
0.00011251 
0.00011200 
0.00011153 
0.00011149 
0.00011138 
0.00011157 
0.00011149 
0.00011097 
0.00011056 
0.00011136 
0.00011144 
0.00011090 
0.00011162 
0.00011164 
0.00011204 
0.00011122 
0.00011082 
0.00011083 
0.00011082 
0.00011052 
0.00011081 
0.00011054 
0.00011127 
0.00011230 
0.00011244 
0.00011288 
0.00011222 
0.00011260 
0.00011207 
0.00011215 
0.00011254 
0.00011160 
0.00011312 
0.00011212 
0.00011238 
0.00011172 
0.00011128 
0.00011113 
0.00011111 
0.00011183 
0.00011091 
0.00011116 
0.00011131 
0.00011161 
0.00011156 
0.00011206 
0.00011197 
0.00011168 
0.00011136 
0.00011208 
0.00011171 
0.00011115 
0.00011080 
0.00011080 
0.00011110 
0.00011091 
0.00011097 
0.00011062 
0.00011180 
0.00011200 
0.00011214 
0.00011242 
0.00011250 
0.00011189 
0.00011143 
0.00011093 
0.00011000 
0.00010956 
0.00010948 
0.00010878 
0.00010869 
0.00010858 
0.00010845 
0.00010744 
0.00010679 
0.00010631 
0.00010630 
0.00010669 
0.00010600 
0.00010690 
0.00010651 
0.00010689 
0.00010693 
0.00010691 
0.00010690 
0.00010699 
0.00010678 
0.00010722 
0.00010678 
0.00010648 
0.00010614 
0.00010657 
0.00010657 
0.00010717 
0.00010650 
0.00010748 
0.00010703 
0.00010730 
0.00010751 
0.00010826 
0.00010902 
0.00010951 
0.00011000 
0.00011082 
0.00011022 
0.00011143 
0.00011089 
0.00011160 
0.00011173 
0.00011138 
0.00011126 
0.00011070 
0.00011085 
0.00011053 
0.00011091 
0.00011045 
0.00011008 
0.00010965 
0.00011028 
0.00010965 
0.00010965 
0.00010964 
0.00010964 
0.00010979 
0.00010975 
0.00010999 
0.00010964 
0.00010965 
0.00010965 
0.00010994 
0.00010967 
0.00010996 
0.00010993 
0.00010990 
0.00010964 
0.00010964 
0.00010964 
0.00011009 
0.00011031 
0.00011063 
0.00011044 
0.00011009 
0.00011056 
0.00011127 
0.00011122 
0.00011119 
0.00011099 
0.00011085 
0.00011090 
0.00011058 
0.00011116 
0.00011070 
0.00011090 
0.00011080 
0.00011013 
0.00011004 
0.00011013 
0.00011022 
0.00010992 
0.00011009 
0.00011009 
0.00011009 
0.00011009 
0.00010981 
0.00010984 
0.00011004 
0.00011004 
0.00011025 
0.00011044 
0.00011076 
0.00011073 
0.00011103 
0.00011080 
0.00011085 
0.00011030 
0.00011078 
0.00011092 
0.00011121 
0.00011149 
0.00011068 
0.00011055 
0.00011068 
0.00011050 
0.00011020 
0.00011009 
0.00011055 
0.00011115 
0.00011110 
0.00011161 
0.00011141 
0.00011161 
0.00011161 
0.00011162 
0.00011231 
0.00011344 
0.00011345 
0.00011301 
0.00011373 
0.00011478 
0.00011380 
0.00011309 
0.00011288 
0.00011196 
0.00011268 
0.00011218 
0.00011172 
0.00011109 
0.00011027 
0.00011051 
0.00011039 
0.00011062 
0.00011030 
0.00011103 
0.00011153 
0.00011127 
0.00011200 
0.00011290 
0.00011429 
0.00011282 
0.00011334 
0.00011244 
0.00011276 
0.00011364 
0.00011457 
0.00011400 
0.00011599 
0.00011616 
0.00011525 
0.00011496 
0.00011517 
0.00011494 
0.00011505 
0.00011668 
0.00011694 
0.00011678 
0.00011665 
0.00011593 
0.00011638 
0.00011676 
0.00011683 
0.00011698 
0.00011588 
0.00011657 
0.00011661 
0.00011649 
0.00011600 
0.00011700 
0.00011808 
0.00011811 
0.00011812 
0.00011900 
0.00011988 
0.00011972 
0.00011904 
0.00011868 
0.00011904 
0.00011785 
0.00011844 
0.00011755 
0.00011768 
0.00011734 
0.00011820 
0.00011819 
0.00011820 
0.00011767 
0.00011781 
0.00011739 
0.00011812 
0.00011805 
0.00011811 
0.00011755 
0.00011720 
0.00011887 
0.00011786 
0.00011794 
0.00011755 
0.00011771 
0.00011818 
0.00011842 
0.00011753 
0.00011827 
0.00011879 
0.00012030 
0.00012121 
0.00012174 
0.00012196 
0.00012170 
0.00012212 
0.00012181 
0.00012075 
0.00012077 
0.00012078 
0.00012065 
0.00012037 
0.00012048 
0.00011994 
0.00011956 
0.00011934 
0.00011998 
0.00012020 
0.00012033 
0.00011967 
0.00011954 
