15286.00000000 
8445.00000000 
10814.00000000 
33910.00000000 
3722.00000000 
10595.00000000 
5585.00000000 
1770.00000000 
1942.00000000 
4365.00000000 
21909.00000000 
4582.00000000 
4577.00000000 
3602.00000000 
2378.00000000 
13282.00000000 
9691.00000000 
24801.00000000 
16848.00000000 
21720.00000000 
52393.00000000 
11881.00000000 
9630.00000000 
8020.00000000 
9495.00000000 
9931.00000000 
33628.00000000 
14877.00000000 
42640.00000000 
144646.00000000 
96607.00000000 
26691.00000000 
10103.00000000 
10225.00000000 
11781.00000000 
22856.00000000 
41739.00000000 
49036.00000000 
23135.00000000 
12729.00000000 
7310.00000000 
11274.00000000 
11622.00000000 
43383.00000000 
20080.00000000 
40496.00000000 
16600.00000000 
16211.00000000 
69293.00000000 
23705.00000000 
51937.00000000 
11716.00000000 
67718.00000000 
42351.00000000 
7897.00000000 
3966.00000000 
14349.00000000 
14392.00000000 
2945.00000000 
8216.00000000 
4831.00000000 
9060.00000000 
3239.00000000 
1384.00000000 
1432.00000000 
1923.00000000 
339.00000000 
1555.00000000 
2444.00000000 
8999.00000000 
4705.00000000 
14278.00000000 
3829.00000000 
1726.00000000 
14563.00000000 
27661.00000000 
16268.00000000 
8251.00000000 
3302.00000000 
8443.00000000 
5075.00000000 
2060.00000000 
3391.00000000 
15964.00000000 
3504.00000000 
1284.00000000 
16719.00000000 
6431.00000000 
23777.00000000 
17799.00000000 
2157.00000000 
5072.00000000 
3598.00000000 
15117.00000000 
10670.00000000 
1757.00000000 
2438.00000000 
4832.00000000 
15742.00000000 
16588.00000000 
9348.00000000 
15840.00000000 
9342.00000000 
7599.00000000 
5075.00000000 
14454.00000000 
21273.00000000 
10664.00000000 
25297.00000000 
42689.00000000 
7325.00000000 
34838.00000000 
28265.00000000 
12011.00000000 
3289.00000000 
2392.00000000 
3193.00000000 
20947.00000000 
80175.00000000 
2784.00000000 
13919.00000000 
11336.00000000 
13509.00000000 
27922.00000000 
35713.00000000 
28874.00000000 
8961.00000000 
18642.00000000 
11060.00000000 
4842.00000000 
8609.00000000 
4468.00000000 
15454.00000000 
13314.00000000 
10328.00000000 
6103.00000000 
8924.00000000 
1239.00000000 
7281.00000000 
1153.00000000 
4973.00000000 
2585.00000000 
13851.00000000 
36489.00000000 
24672.00000000 
92672.00000000 
7912.00000000 
36035.00000000 
4832.00000000 
22992.00000000 
11122.00000000 
12230.00000000 
21068.00000000 
29088.00000000 
51406.00000000 
11486.00000000 
15905.00000000 
10369.00000000 
10964.00000000 
13798.00000000 
22012.00000000 
5019.00000000 
4367.00000000 
5175.00000000 
11670.00000000 
1949.00000000 
36640.00000000 
17460.00000000 
21582.00000000 
12178.00000000 
2816.00000000 
4006.00000000 
11255.00000000 
12580.00000000 
15366.00000000 
11141.00000000 
13927.00000000 
39435.00000000 
39370.00000000 
3655.00000000 
10878.00000000 
9146.00000000 
10926.00000000 
6369.00000000 
719.00000000 
1529.00000000 
14366.00000000 
1129.00000000 
20135.00000000 
2757.00000000 
7464.00000000 
1298.00000000 
1496.00000000 
734.00000000 
10568.00000000 
22.00000000 
2796.00000000 
828.00000000 
12291.00000000 
22535.00000000 
1383.00000000 
2567.00000000 
1040.00000000 
2879.00000000 
645.00000000 
1991.00000000 
866.00000000 
3572.00000000 
5796.00000000 
7326.00000000 
9583.00000000 
3157.00000000 
89.00000000 
531.00000000 
10738.00000000 
3847.00000000 
4577.00000000 
1997.00000000 
14115.00000000 
9432.00000000 
4557.00000000 
1059.00000000 
832.00000000 
1139.00000000 
5021.00000000 
5801.00000000 
2986.00000000 
734.00000000 
2231.00000000 
3802.00000000 
2739.00000000 
2542.00000000 
8040.00000000 
1584.00000000 
11788.00000000 
24743.00000000 
2882.00000000 
14307.00000000 
25375.00000000 
11819.00000000 
1100.00000000 
10740.00000000 
31442.00000000 
14826.00000000 
16809.00000000 
9416.00000000 
27362.00000000 
16250.00000000 
3955.00000000 
2592.00000000 
13787.00000000 
14939.00000000 
4386.00000000 
15600.00000000 
537.00000000 
29485.00000000 
1161.00000000 
6299.00000000 
6458.00000000 
963.00000000 
11118.00000000 
6600.00000000 
988.00000000 
8035.00000000 
2559.00000000 
4059.00000000 
6186.00000000 
23192.00000000 
1555.00000000 
2785.00000000 
8717.00000000 
7073.00000000 
3312.00000000 
5710.00000000 
26040.00000000 
19893.00000000 
91715.00000000 
8725.00000000 
159875.00000000 
2351.00000000 
664.00000000 
7343.00000000 
3354.00000000 
1321.00000000 
981.00000000 
18283.00000000 
6694.00000000 
5339.00000000 
669.00000000 
282.00000000 
1630.00000000 
539.00000000 
1812.00000000 
1098.00000000 
3005.00000000 
2887.00000000 
5236.00000000 
13642.00000000 
17698.00000000 
25468.00000000 
31248.00000000 
22210.00000000 
4944.00000000 
5013.00000000 
2804.00000000 
2995.00000000 
41359.00000000 
13282.00000000 
1281.00000000 
2487.00000000 
1606.00000000 
27911.00000000 
18096.00000000 
10757.00000000 
4415.00000000 
3332.00000000 
899.00000000 
25362.00000000 
8216.00000000 
67140.00000000 
21829.00000000 
12636.00000000 
4304.00000000 
10270.00000000 
4320.00000000 
13734.00000000 
34109.00000000 
4961.00000000 
4004.00000000 
6002.00000000 
22696.00000000 
24586.00000000 
12798.00000000 
2044.00000000 
4010.00000000 
3594.00000000 
41556.00000000 
12766.00000000 
17119.00000000 
15741.00000000 
21903.00000000 
5035.00000000 
8815.00000000 
7421.00000000 
4866.00000000 
15137.00000000 
8504.00000000 
5220.00000000 
17383.00000000 
5121.00000000 
2964.00000000 
14550.00000000 
33877.00000000 
14444.00000000 
28664.00000000 
6596.00000000 
6110.00000000 
3467.00000000 
25154.00000000 
22463.00000000 
16078.00000000 
36005.00000000 
13562.00000000 
4774.00000000 
765.00000000 
12366.00000000 
3727.00000000 
8140.00000000 
7937.00000000 
8416.00000000 
19377.00000000 
1441.00000000 
8892.00000000 
13215.00000000 
23130.00000000 
4069.00000000 
7241.00000000 
5238.00000000 
2437.00000000 
912.00000000 
31779.00000000 
1887.00000000 
4737.00000000 
2967.00000000 
53579.00000000 
2558.00000000 
3446.00000000 
12026.00000000 
21341.00000000 
32597.00000000 
82012.00000000 
12253.00000000 
41029.00000000 
97676.00000000 
20621.00000000 
1016.00000000 
24822.00000000 
16039.00000000 
11062.00000000 
21830.00000000 
48779.00000000 
15637.00000000 
664.00000000 
2418.00000000 
5413.00000000 
6894.00000000 
24289.00000000 
3305.00000000 
64891.00000000 
2331.00000000 
1700.00000000 
1906.00000000 
3829.00000000 
6069.00000000 
2310.00000000 
11532.00000000 
2513.00000000 
5207.00000000 
6761.00000000 
5475.00000000 
2339.00000000 
3731.00000000 
48622.00000000 
4889.00000000 
7738.00000000 
2346.00000000 
4318.00000000 
595.00000000 
13946.00000000 
15768.00000000 
2069.00000000 
3138.00000000 
17010.00000000 
3827.00000000 
531.00000000 
18046.00000000 
7574.00000000 
6675.00000000 
4893.00000000 
241.00000000 
10512.00000000 
6818.00000000 
11316.00000000 
3440.00000000 
3274.00000000 
1729.00000000 
2360.00000000 
3161.00000000 
18387.00000000 
11077.00000000 
4133.00000000 
5098.00000000 
9112.00000000 
10458.00000000 
4987.00000000 
9378.00000000 
6015.00000000 
13338.00000000 
60144.00000000 
11208.00000000 
5307.00000000 
8714.00000000 
1717.00000000 
3948.00000000 
3912.00000000 
18852.00000000 
6037.00000000 
3316.00000000 
3294.00000000 
1975.00000000 
18232.00000000 
3252.00000000 
2450.00000000 
15019.00000000 
22141.00000000 
14208.00000000 
46568.00000000 
6174.00000000 
30479.00000000 
12394.00000000 
15351.00000000 
8445.00000000 
10814.00000000 
33910.00000000 
3722.00000000 
10595.00000000 
5585.00000000 
1770.00000000 
1942.00000000 
4365.00000000 
21909.00000000 
4582.00000000 
4577.00000000 
3602.00000000 
2378.00000000 
13282.00000000 
9691.00000000 
24801.00000000 
16848.00000000 
21720.00000000 
52393.00000000 
11881.00000000 
9630.00000000 
8020.00000000 
9495.00000000 
9931.00000000 
33628.00000000 
14877.00000000 
42640.00000000 
144646.00000000 
96607.00000000 
26691.00000000 
10103.00000000 
10225.00000000 
11781.00000000 
22856.00000000 
41739.00000000 
49036.00000000 
23135.00000000 
12729.00000000 
7310.00000000 
11274.00000000 
11622.00000000 
43383.00000000 
20080.00000000 
40496.00000000 
16600.00000000 
16211.00000000 
69293.00000000 
23705.00000000 
51937.00000000 
11716.00000000 
67718.00000000 
42351.00000000 
7897.00000000 
3966.00000000 
14349.00000000 
14392.00000000 
2945.00000000 
8216.00000000 
4831.00000000 
9060.00000000 
3239.00000000 
1384.00000000 
1432.00000000 
1923.00000000 
339.00000000 
1555.00000000 
2444.00000000 
8999.00000000 
4705.00000000 
14278.00000000 
3829.00000000 
1726.00000000 
14563.00000000 
27661.00000000 
16268.00000000 
8251.00000000 
3302.00000000 
8443.00000000 
5075.00000000 
2060.00000000 
3391.00000000 
15964.00000000 
3504.00000000 
1284.00000000 
16719.00000000 
6431.00000000 
23777.00000000 
17799.00000000 
2157.00000000 
5072.00000000 
3598.00000000 
15117.00000000 
10670.00000000 
1757.00000000 
2438.00000000 
4832.00000000 
15742.00000000 
16588.00000000 
9348.00000000 
15840.00000000 
9342.00000000 
7599.00000000 
5075.00000000 
14454.00000000 
21273.00000000 
10664.00000000 
25297.00000000 
42689.00000000 
7325.00000000 
34838.00000000 
28265.00000000 
12011.00000000 
3289.00000000 
2392.00000000 
3193.00000000 
20947.00000000 
80175.00000000 
2784.00000000 
13919.00000000 
11336.00000000 
13509.00000000 
27922.00000000 
35713.00000000 
28874.00000000 
8961.00000000 
18642.00000000 
11060.00000000 
4842.00000000 
8609.00000000 
4468.00000000 
15454.00000000 
13314.00000000 
10328.00000000 
6103.00000000 
8924.00000000 
1239.00000000 
7281.00000000 
1153.00000000 
4973.00000000 
2585.00000000 
13851.00000000 
36489.00000000 
24672.00000000 
92672.00000000 
7912.00000000 
36035.00000000 
4832.00000000 
22992.00000000 
11122.00000000 
12230.00000000 
21068.00000000 
29088.00000000 
51406.00000000 
11486.00000000 
15905.00000000 
10369.00000000 
10964.00000000 
13798.00000000 
22012.00000000 
5019.00000000 
4367.00000000 
5175.00000000 
11670.00000000 
1949.00000000 
36640.00000000 
17460.00000000 
21582.00000000 
12178.00000000 
2816.00000000 
4006.00000000 
11255.00000000 
12580.00000000 
15366.00000000 
11141.00000000 
13927.00000000 
39435.00000000 
39370.00000000 
3655.00000000 
10878.00000000 
9146.00000000 
10926.00000000 
6369.00000000 
719.00000000 
1529.00000000 
14366.00000000 
1129.00000000 
20135.00000000 
2757.00000000 
7464.00000000 
1298.00000000 
1496.00000000 
734.00000000 
10568.00000000 
22.00000000 
2796.00000000 
828.00000000 
12291.00000000 
22535.00000000 
1383.00000000 
2567.00000000 
1040.00000000 
2879.00000000 
645.00000000 
1991.00000000 
866.00000000 
3572.00000000 
5796.00000000 
7326.00000000 
9583.00000000 
3157.00000000 
89.00000000 
531.00000000 
10738.00000000 
3847.00000000 
4577.00000000 
1997.00000000 
14115.00000000 
9432.00000000 
4557.00000000 
1059.00000000 
832.00000000 
1139.00000000 
5021.00000000 
5801.00000000 
2986.00000000 
734.00000000 
2231.00000000 
3802.00000000 
2739.00000000 
2542.00000000 
8040.00000000 
1584.00000000 
11788.00000000 
24743.00000000 
2882.00000000 
14307.00000000 
25375.00000000 
11819.00000000 
1100.00000000 
10740.00000000 
31442.00000000 
14826.00000000 
16809.00000000 
9416.00000000 
27362.00000000 
16250.00000000 
3955.00000000 
2592.00000000 
13787.00000000 
14939.00000000 
4386.00000000 
15600.00000000 
537.00000000 
29485.00000000 
1161.00000000 
6299.00000000 
6458.00000000 
963.00000000 
11118.00000000 
6600.00000000 
988.00000000 
8035.00000000 
2559.00000000 
4059.00000000 
6186.00000000 
23192.00000000 
1555.00000000 
2785.00000000 
8717.00000000 
7073.00000000 
3312.00000000 
5710.00000000 
26040.00000000 
19893.00000000 
91715.00000000 
8725.00000000 
159875.00000000 
2351.00000000 
664.00000000 
7343.00000000 
3354.00000000 
1321.00000000 
981.00000000 
18283.00000000 
6694.00000000 
5339.00000000 
669.00000000 
282.00000000 
1630.00000000 
539.00000000 
1812.00000000 
1098.00000000 
3005.00000000 
2887.00000000 
5236.00000000 
13642.00000000 
17698.00000000 
25468.00000000 
31248.00000000 
22210.00000000 
4944.00000000 
5013.00000000 
2804.00000000 
2995.00000000 
41359.00000000 
13282.00000000 
1281.00000000 
2487.00000000 
1606.00000000 
27911.00000000 
18096.00000000 
10757.00000000 
4415.00000000 
3332.00000000 
899.00000000 
25362.00000000 
8216.00000000 
67140.00000000 
21829.00000000 
12636.00000000 
4304.00000000 
10270.00000000 
4320.00000000 
13734.00000000 
34109.00000000 
4961.00000000 
4004.00000000 
6002.00000000 
22696.00000000 
24586.00000000 
12798.00000000 
2044.00000000 
4010.00000000 
3594.00000000 
41556.00000000 
12766.00000000 
17119.00000000 
15741.00000000 
21903.00000000 
5035.00000000 
8815.00000000 
7421.00000000 
4866.00000000 
15137.00000000 
8504.00000000 
5220.00000000 
17383.00000000 
5121.00000000 
2964.00000000 
14550.00000000 
33877.00000000 
14444.00000000 
28664.00000000 
6596.00000000 
6110.00000000 
3467.00000000 
25154.00000000 
22463.00000000 
16078.00000000 
36005.00000000 
13562.00000000 
4774.00000000 
765.00000000 
12366.00000000 
3727.00000000 
8140.00000000 
7937.00000000 
8416.00000000 
19377.00000000 
1441.00000000 
8892.00000000 
13215.00000000 
23130.00000000 
4069.00000000 
7241.00000000 
5238.00000000 
2437.00000000 
912.00000000 
31779.00000000 
1887.00000000 
4737.00000000 
2967.00000000 
53579.00000000 
2558.00000000 
3446.00000000 
12026.00000000 
21341.00000000 
32597.00000000 
82012.00000000 
12253.00000000 
41029.00000000 
97676.00000000 
20621.00000000 
1016.00000000 
24822.00000000 
16039.00000000 
11062.00000000 
21830.00000000 
48779.00000000 
15637.00000000 
664.00000000 
2418.00000000 
5413.00000000 
6894.00000000 
24289.00000000 
3305.00000000 
64891.00000000 
2331.00000000 
1700.00000000 
1906.00000000 
3829.00000000 
6069.00000000 
2310.00000000 
11532.00000000 
2513.00000000 
5207.00000000 
6761.00000000 
5475.00000000 
2339.00000000 
3731.00000000 
48622.00000000 
4889.00000000 
7738.00000000 
2346.00000000 
4318.00000000 
595.00000000 
13946.00000000 
15768.00000000 
2069.00000000 
3138.00000000 
17010.00000000 
3827.00000000 
531.00000000 
18046.00000000 
7574.00000000 
6675.00000000 
4893.00000000 
241.00000000 
10512.00000000 
6818.00000000 
11316.00000000 
3440.00000000 
3274.00000000 
1729.00000000 
2360.00000000 
3161.00000000 
18387.00000000 
11077.00000000 
4133.00000000 
5098.00000000 
9112.00000000 
10458.00000000 
4987.00000000 
9378.00000000 
6015.00000000 
13338.00000000 
60144.00000000 
11208.00000000 
5307.00000000 
8714.00000000 
1717.00000000 
3948.00000000 
3912.00000000 
18852.00000000 
6037.00000000 
3316.00000000 
3294.00000000 
1975.00000000 
18232.00000000 
3252.00000000 
2450.00000000 
15019.00000000 
22141.00000000 
14208.00000000 
46568.00000000 
6174.00000000 
30479.00000000 
12394.00000000 
15496.00000000 
8445.00000000 
10814.00000000 
33910.00000000 
3722.00000000 
10595.00000000 
5585.00000000 
1770.00000000 
1942.00000000 
4365.00000000 
21909.00000000 
4582.00000000 
4577.00000000 
3602.00000000 
2378.00000000 
13282.00000000 
9691.00000000 
24801.00000000 
16848.00000000 
21720.00000000 
52393.00000000 
11881.00000000 
9630.00000000 
8020.00000000 
9495.00000000 
9931.00000000 
33628.00000000 
14877.00000000 
42640.00000000 
144646.00000000 
96607.00000000 
26691.00000000 
10103.00000000 
10225.00000000 
11781.00000000 
22856.00000000 
41739.00000000 
49036.00000000 
23135.00000000 
12729.00000000 
7310.00000000 
11274.00000000 
11622.00000000 
43383.00000000 
20080.00000000 
40496.00000000 
16600.00000000 
16211.00000000 
69293.00000000 
23705.00000000 
51937.00000000 
11716.00000000 
67718.00000000 
42351.00000000 
7897.00000000 
3966.00000000 
14349.00000000 
14392.00000000 
2945.00000000 
8216.00000000 
4831.00000000 
9060.00000000 
3239.00000000 
1384.00000000 
1432.00000000 
1923.00000000 
339.00000000 
1555.00000000 
2444.00000000 
8999.00000000 
4705.00000000 
14278.00000000 
3829.00000000 
1726.00000000 
14563.00000000 
27661.00000000 
16268.00000000 
8251.00000000 
3302.00000000 
8443.00000000 
5075.00000000 
2060.00000000 
3391.00000000 
15964.00000000 
3504.00000000 
1284.00000000 
16719.00000000 
6431.00000000 
23777.00000000 
17799.00000000 
2157.00000000 
5072.00000000 
3598.00000000 
15117.00000000 
10670.00000000 
1757.00000000 
2438.00000000 
4832.00000000 
15742.00000000 
16588.00000000 
9348.00000000 
15840.00000000 
9342.00000000 
7599.00000000 
5075.00000000 
14454.00000000 
21273.00000000 
10664.00000000 
25297.00000000 
42689.00000000 
7325.00000000 
34838.00000000 
28265.00000000 
12011.00000000 
3289.00000000 
2392.00000000 
3193.00000000 
20947.00000000 
80175.00000000 
2784.00000000 
13919.00000000 
11336.00000000 
13509.00000000 
27922.00000000 
35713.00000000 
28874.00000000 
8961.00000000 
18642.00000000 
11060.00000000 
4842.00000000 
8609.00000000 
4468.00000000 
15454.00000000 
13314.00000000 
10328.00000000 
6103.00000000 
8924.00000000 
1239.00000000 
7281.00000000 
1153.00000000 
4973.00000000 
2585.00000000 
13851.00000000 
36489.00000000 
24672.00000000 
92672.00000000 
7912.00000000 
36035.00000000 
4832.00000000 
22992.00000000 
11122.00000000 
12230.00000000 
21068.00000000 
29088.00000000 
51406.00000000 
11486.00000000 
15905.00000000 
10369.00000000 
10964.00000000 
13798.00000000 
22012.00000000 
5019.00000000 
4367.00000000 
5175.00000000 
11670.00000000 
1949.00000000 
36640.00000000 
17460.00000000 
21582.00000000 
12178.00000000 
2816.00000000 
4006.00000000 
11255.00000000 
12580.00000000 
15366.00000000 
11141.00000000 
13927.00000000 
39435.00000000 
39370.00000000 
3655.00000000 
10878.00000000 
9146.00000000 
10926.00000000 
6369.00000000 
719.00000000 
1529.00000000 
14366.00000000 
1129.00000000 
20135.00000000 
2757.00000000 
7464.00000000 
1298.00000000 
1496.00000000 
734.00000000 
10568.00000000 
22.00000000 
2796.00000000 
828.00000000 
12291.00000000 
22535.00000000 
1383.00000000 
2567.00000000 
1040.00000000 
2879.00000000 
645.00000000 
1991.00000000 
866.00000000 
3572.00000000 
5796.00000000 
7326.00000000 
9583.00000000 
3157.00000000 
89.00000000 
531.00000000 
10738.00000000 
3847.00000000 
4577.00000000 
1997.00000000 
14115.00000000 
9432.00000000 
4557.00000000 
1059.00000000 
832.00000000 
1139.00000000 
5021.00000000 
5801.00000000 
2986.00000000 
734.00000000 
2231.00000000 
3802.00000000 
2739.00000000 
2542.00000000 
8040.00000000 
1584.00000000 
11788.00000000 
24743.00000000 
2882.00000000 
14307.00000000 
25375.00000000 
11819.00000000 
1100.00000000 
10740.00000000 
31442.00000000 
14826.00000000 
16809.00000000 
9416.00000000 
27362.00000000 
16250.00000000 
3955.00000000 
2592.00000000 
13787.00000000 
14939.00000000 
4386.00000000 
15600.00000000 
537.00000000 
29485.00000000 
1161.00000000 
6299.00000000 
6458.00000000 
963.00000000 
11118.00000000 
6600.00000000 
988.00000000 
8035.00000000 
2559.00000000 
4059.00000000 
6186.00000000 
23192.00000000 
1555.00000000 
2785.00000000 
8717.00000000 
7073.00000000 
3312.00000000 
5710.00000000 
26040.00000000 
19893.00000000 
91715.00000000 
8725.00000000 
159875.00000000 
2351.00000000 
664.00000000 
7343.00000000 
3354.00000000 
1321.00000000 
981.00000000 
18283.00000000 
6694.00000000 
5339.00000000 
669.00000000 
282.00000000 
1630.00000000 
539.00000000 
1812.00000000 
1098.00000000 
3005.00000000 
2887.00000000 
5236.00000000 
13642.00000000 
17698.00000000 
25468.00000000 
31248.00000000 
22210.00000000 
4944.00000000 
5013.00000000 
2804.00000000 
2995.00000000 
41359.00000000 
13282.00000000 
1281.00000000 
2487.00000000 
1606.00000000 
27911.00000000 
18096.00000000 
10757.00000000 
4415.00000000 
3332.00000000 
899.00000000 
25362.00000000 
8216.00000000 
67140.00000000 
21829.00000000 
12636.00000000 
4304.00000000 
10270.00000000 
4320.00000000 
13734.00000000 
34109.00000000 
4961.00000000 
4004.00000000 
6002.00000000 
22696.00000000 
24586.00000000 
12798.00000000 
2044.00000000 
4010.00000000 
3594.00000000 
41556.00000000 
12766.00000000 
17119.00000000 
15741.00000000 
21903.00000000 
5035.00000000 
8815.00000000 
7421.00000000 
4866.00000000 
15137.00000000 
8504.00000000 
5220.00000000 
17383.00000000 
5121.00000000 
2964.00000000 
14550.00000000 
33877.00000000 
14444.00000000 
28664.00000000 
6596.00000000 
6110.00000000 
3467.00000000 
25154.00000000 
22463.00000000 
16078.00000000 
36005.00000000 
13562.00000000 
4774.00000000 
765.00000000 
12366.00000000 
3727.00000000 
8140.00000000 
7937.00000000 
8416.00000000 
19377.00000000 
1441.00000000 
8892.00000000 
13215.00000000 
23130.00000000 
4069.00000000 
7241.00000000 
5238.00000000 
2437.00000000 
912.00000000 
31779.00000000 
1887.00000000 
4737.00000000 
2967.00000000 
53579.00000000 
2558.00000000 
3446.00000000 
12026.00000000 
21341.00000000 
32597.00000000 
82012.00000000 
12253.00000000 
41029.00000000 
97676.00000000 
20621.00000000 
1016.00000000 
24822.00000000 
16039.00000000 
11062.00000000 
21830.00000000 
48779.00000000 
15637.00000000 
664.00000000 
2418.00000000 
5413.00000000 
6894.00000000 
24289.00000000 
3305.00000000 
64891.00000000 
2331.00000000 
1700.00000000 
1906.00000000 
3829.00000000 
6069.00000000 
2310.00000000 
11532.00000000 
2513.00000000 
5207.00000000 
6761.00000000 
5475.00000000 
2339.00000000 
3731.00000000 
48622.00000000 
4889.00000000 
7738.00000000 
2346.00000000 
4318.00000000 
595.00000000 
13946.00000000 
15768.00000000 
2069.00000000 
3138.00000000 
17010.00000000 
3827.00000000 
531.00000000 
18046.00000000 
7574.00000000 
6675.00000000 
4893.00000000 
241.00000000 
10512.00000000 
6818.00000000 
11316.00000000 
3440.00000000 
3274.00000000 
1729.00000000 
2360.00000000 
3161.00000000 
18387.00000000 
11077.00000000 
4133.00000000 
5098.00000000 
9112.00000000 
10458.00000000 
4987.00000000 
9378.00000000 
6015.00000000 
13338.00000000 
60144.00000000 
11208.00000000 
5307.00000000 
8714.00000000 
1717.00000000 
3948.00000000 
3912.00000000 
18852.00000000 
6037.00000000 
3316.00000000 
3294.00000000 
1975.00000000 
18232.00000000 
3252.00000000 
2450.00000000 
15019.00000000 
22141.00000000 
14208.00000000 
46568.00000000 
6174.00000000 
30479.00000000 
12394.00000000 
